-14.232 7.749 60.630
-14.700 3.916 60.494
-11.052 2.663 60.844
-8.873 4.113 63.673
-5.325 4.223 65.141
-4.802 2.532 68.623
-1.552 4.320 69.633
-1.682 6.726 72.572
-0.570 10.042 71.030
-2.475 9.776 67.737
-6.114 10.818 67.278
-6.499 9.818 63.608
-9.065 7.801 61.605
-9.208 6.446 57.976
-12.101 5.640 55.640
-10.190 2.852 53.823
-8.593 -0.037 55.769
-5.481 0.303 53.633
-4.873 3.954 54.663
-5.154 3.129 58.356
-2.579 0.371 58.055
-0.367 2.642 55.872
-0.435 5.302 58.550
0.371 2.735 61.236
3.779 2.351 59.516
4.681 5.826 60.812
4.578 4.299 64.308
6.204 0.927 63.526
8.782 2.607 61.258
