15.625 68.612 112.658
12.350 69.652 111.028
11.337 71.807 108.050
12.052 75.378 109.151
14.325 74.262 112.005
16.894 72.961 109.550
17.160 76.239 107.653
18.062 77.983 110.856
20.677 75.534 112.067
22.538 76.050 108.832
22.640 79.813 108.748
23.384 79.915 112.479
26.115 77.252 112.246
27.292 77.291 108.596
30.542 79.060 109.314
31.343 75.935 111.314
29.773 73.154 109.221
31.852 74.036 106.184
34.981 73.464 108.280
33.488 70.095 109.163
32.209 68.822 105.877
35.300 69.729 103.978
37.868 68.067 106.218
36.033 64.884 105.611
34.373 64.797 102.294
37.025 62.762 100.627
35.578 60.106 102.907
32.999 59.548 100.195
34.983 60.394 97.085
36.007 57.685 94.625
39.748 58.378 94.581
39.845 57.823 98.298
39.979 54.269 99.386
39.699 54.004 103.162
42.603 52.440 105.066
44.554 49.983 102.944
47.792 48.059 102.552
50.389 49.477 100.274
49.715 46.372 98.174
45.981 46.031 98.584
46.271 49.221 96.539
48.927 48.220 94.027
46.399 45.548 93.388
43.064 47.246 93.190
44.652 49.701 90.916
46.263 47.237 88.576
43.030 45.500 88.115
40.944 47.030 85.410
41.954 49.632 82.790
45.614 50.428 82.863
44.807 53.965 81.734
47.687 56.255 82.861
47.233 58.667 85.725
44.619 56.454 87.416
45.081 57.146 91.056
43.831 56.815 94.582
44.613 57.878 98.071
44.579 55.606 100.992
45.041 56.486 104.575
48.222 55.255 106.184
47.152 53.789 109.560
47.917 57.311 110.747
44.826 59.498 110.784
47.407 62.156 110.050
49.573 60.667 107.281
48.246 59.459 103.915
49.527 58.118 100.662
49.084 58.716 96.990
49.028 55.974 94.372
48.757 56.410 90.673
49.666 54.617 87.438
52.583 55.619 85.157
53.627 53.443 82.220
52.085 50.409 83.832
54.112 50.885 87.021
52.436 51.912 90.299
53.763 54.911 92.176
53.592 55.875 95.786
53.985 59.497 96.982
53.947 60.114 100.718
51.447 62.559 102.146
51.864 63.941 105.620
50.052 66.418 107.869
52.733 68.902 109.063
53.122 70.825 112.356
50.274 73.081 111.211
47.834 70.339 110.174
48.583 70.941 106.567
48.824 68.052 104.171
51.619 68.157 101.646
53.814 65.625 99.856
57.359 66.038 101.062
58.601 69.210 99.330
55.405 70.022 97.523
52.721 72.681 97.894
50.604 72.520 101.115
46.800 72.079 101.384
44.171 72.394 103.990
42.467 69.345 102.457
42.789 66.501 99.917
39.752 67.297 97.907
42.092 70.332 97.450
45.187 68.285 96.969
43.637 66.224 94.229
41.892 69.069 92.458
45.332 70.586 92.189
47.587 67.843 91.096
44.696 66.606 89.059
45.436 69.756 87.109
49.206 70.213 87.094
51.863 67.594 87.743
53.767 70.231 89.731
56.439 67.651 90.457
54.586 64.351 90.164
55.694 62.333 87.209
52.295 62.966 85.649
48.971 64.621 86.514
46.092 62.777 88.224
43.525 61.424 85.842
40.894 59.060 87.025
39.721 57.795 90.387
40.657 54.174 90.439
37.661 52.002 91.222
36.707 50.852 94.663
35.518 47.357 95.318
