16.491 12.228 5.819
14.439 10.179 8.388
10.626 10.851 8.567
8.472 7.777 7.852
5.754 5.707 9.774
7.584 2.361 10.499
4.268 0.735 11.806
1.257 -1.389 10.616
-1.038 0.190 13.168
0.805 3.663 13.392
-0.873 7.102 13.285
-0.863 8.375 9.646
-2.743 10.658 7.169
-4.263 10.669 3.650
-1.797 13.286 2.181
0.639 13.289 5.205
3.277 10.583 5.955
2.593 6.957 4.842
4.329 3.890 6.313
8.068 3.591 5.889
8.603 0.415 3.649
5.888 1.560 1.134
3.058 0.329 3.384
-0.645 1.614 2.922
-3.066 3.502 5.279
-6.841 3.167 5.967
-8.355 5.529 8.611
-9.723 5.101 12.192
-13.409 4.422 13.227
-14.634 8.127 12.840
-13.194 8.699 9.217
-10.394 11.337 9.745
-7.049 10.801 11.755
-5.909 7.667 9.802
-3.866 4.579 10.966
-1.361 2.285 9.089
-2.170 -1.170 7.596
0.351 -4.054 6.568
-1.188 -5.013 3.098
-4.619 -4.126 1.540
-5.864 -6.405 -1.354
-6.976 -4.347 -4.505
-5.095 -0.930 -4.099
-2.404 -0.647 -1.339
-0.334 -3.914 -0.779
3.095 -4.330 1.013
5.966 -2.342 -0.744
4.173 -0.212 -3.447
