25.831 57.195 8.192
26.552 54.209 10.372
25.554 50.731 9.324
22.558 49.590 11.304
21.384 46.072 10.507
17.640 45.508 10.648
17.056 41.907 11.877
13.538 40.712 11.114
11.893 38.193 13.435
8.303 38.516 12.099
5.686 40.441 14.144
2.752 42.657 12.993
4.886 45.392 11.242
7.147 43.082 9.203
3.890 41.271 8.592
0.290 42.516 8.388
-2.461 40.034 7.621
-5.960 41.605 7.527
-7.081 45.159 8.406
-6.755 48.323 6.335
-8.881 49.900 9.162
-7.660 49.121 12.790
-5.585 47.257 15.379
-7.310 44.072 16.376
-6.273 41.855 13.390
-2.759 41.172 14.651
-1.846 38.552 12.023
1.828 38.358 11.131
3.862 35.747 9.242
3.584 38.230 6.398
6.128 40.975 5.353
9.877 40.033 5.305
12.616 42.494 6.057
13.031 44.044 2.639
9.290 44.390 2.116
9.648 46.578 5.197
12.859 48.486 4.490
11.301 49.365 1.123
8.084 50.620 2.796
9.814 53.108 5.182
12.461 54.311 2.696
13.274 57.315 4.861
15.162 54.893 7.056
17.880 55.077 4.423
18.420 58.785 5.109
19.358 57.780 8.625
21.966 55.210 7.813
23.330 52.441 5.686
20.674 49.736 5.916
20.988 45.949 5.581
18.079 43.551 6.353
18.513 40.053 7.751
15.559 37.682 8.020
16.557 35.855 11.264
13.191 34.001 11.807
9.616 34.616 10.519
7.754 33.667 13.720
4.742 35.216 15.511
5.891 36.563 18.913
3.822 34.524 21.337
5.198 31.251 19.920
8.912 31.861 20.366
10.758 29.172 22.269
14.258 28.877 23.754
15.554 27.561 20.356
14.453 30.860 18.658
15.855 32.818 21.532
19.252 31.050 21.425
19.319 31.382 17.647
18.427 35.099 17.477
20.972 35.745 20.333
23.764 34.072 18.345
22.940 35.870 15.161
22.780 39.200 17.072
26.086 38.240 18.725
27.787 37.408 15.346
26.455 40.584 13.786
27.504 42.735 16.778
31.182 41.548 16.683
31.811 43.112 13.282
33.644 46.366 12.881
31.038 47.320 10.214
27.883 46.784 12.272
27.465 49.959 14.247
24.092 49.201 15.644
21.365 46.641 15.382
17.511 47.011 15.193
15.229 44.038 15.801
11.717 43.797 14.423
9.684 41.890 16.928
6.084 40.905 17.749
4.928 42.992 20.685
3.646 40.116 22.882
7.020 38.594 23.889
9.311 41.467 22.887
9.981 42.133 26.562
11.385 38.548 26.732
13.802 38.710 23.867
15.240 42.137 25.006
15.686 40.720 28.594
17.536 37.681 27.132
19.865 39.584 24.796
20.355 42.209 27.616
21.729 39.339 29.444
23.795 37.102 27.167
25.103 39.507 24.445
28.532 40.951 25.296
28.559 44.277 23.401
28.555 48.078 23.927
26.693 48.832 20.589
23.000 49.731 20.478
20.588 46.791 20.382
17.029 48.055 19.805
13.865 45.916 19.618
11.209 47.794 17.816
7.573 46.683 17.102
4.051 47.822 16.089
0.655 47.611 17.851
-1.334 47.893 14.534
-1.053 45.721 11.392
1.153 47.373 8.738
-2.233 48.093 7.044
-4.473 49.686 9.702
-5.202 53.418 9.432
-2.622 55.359 11.495
-0.144 52.431 11.688
2.591 52.884 14.279
5.298 50.716 12.692
6.896 53.221 10.280
7.558 56.091 12.698
8.857 53.374 15.082
11.180 51.576 12.499
12.572 54.945 11.381
12.996 56.221 14.931
14.360 52.846 16.026
16.915 53.327 13.322
17.995 56.887 14.383
19.171 55.451 17.739
20.827 52.286 16.488
22.783 54.645 14.229
23.206 57.071 17.082
26.806 57.670 18.161
25.590 58.098 21.782
23.478 54.941 22.091
26.353 52.778 23.522
26.267 51.035 26.953
22.577 51.671 27.614
22.141 47.939 27.593
19.464 46.643 25.257
16.642 49.028 24.550
13.014 48.944 23.367
11.744 51.773 21.248
7.941 52.116 21.158
5.847 55.383 20.930
8.970 57.531 20.684
10.116 56.151 24.078
13.592 54.561 24.579
13.055 51.746 27.177
15.649 49.740 29.118
15.171 45.991 28.398
15.250 44.996 32.072
11.896 46.454 33.050
9.930 47.225 29.867
6.687 45.259 29.536
3.406 45.181 27.807
1.052 46.980 30.205
-1.785 48.021 27.802
-3.643 46.050 25.039
-5.130 47.888 22.117
-3.287 51.179 22.254
-0.156 52.284 20.441
1.336 52.964 23.877
1.165 49.446 25.300
4.807 49.574 26.629
5.349 50.873 30.097
7.981 50.573 32.917
7.873 51.433 36.639
11.249 52.938 36.776
10.498 54.544 33.555
12.065 55.069 30.113
15.753 55.849 29.647
14.519 58.693 27.442
12.565 59.736 24.317
13.516 59.885 20.587
11.814 62.809 18.776
12.355 63.934 15.206
15.561 61.858 14.713
17.190 62.853 17.932
17.590 60.918 21.201
16.940 62.637 24.595
18.348 60.970 27.806
17.218 61.319 31.419
18.038 58.113 33.341
20.490 55.182 33.156
19.985 51.634 34.585
21.928 50.743 37.681
21.980 47.084 36.708
24.313 44.618 35.034
23.843 44.068 31.299
25.825 43.337 28.142
29.596 43.672 28.727
29.207 43.334 32.570
27.193 40.115 32.752
28.008 36.650 33.962
26.060 35.061 31.103
27.086 34.707 27.463
25.506 32.931 24.308
29.095 32.299 23.223
29.446 30.095 26.392
25.918 28.514 25.989
25.893 25.554 23.573
22.570 23.632 23.657
19.447 24.552 21.675
17.524 24.758 24.931
18.133 25.984 28.536
17.184 24.024 31.700
13.430 23.682 32.322
11.949 26.616 34.221
8.182 27.084 34.134
5.582 29.383 35.593
2.652 28.528 38.016
0.114 31.470 38.453
-1.304 32.518 41.848
-4.927 33.127 42.719
-7.286 32.049 45.491
-8.562 28.361 45.277
-5.339 26.850 43.777
-4.245 23.236 43.318
-0.798 21.624 43.410
-1.477 19.922 40.056
0.753 22.188 37.798
3.727 21.980 40.208
3.345 18.223 40.299
2.905 18.026 36.514
6.077 20.178 35.954
8.287 18.317 38.563
7.190 15.017 37.025
8.125 16.444 33.596
11.581 17.336 34.800
11.752 21.068 35.158
14.602 22.373 37.308
12.665 25.314 38.917
9.114 26.726 39.187
8.473 30.450 39.111
5.571 30.931 41.509
3.509 33.877 40.165
2.463 34.556 43.743
-0.513 36.776 44.636
0.648 40.084 46.308
4.197 40.005 47.603
5.198 36.488 46.339
2.545 34.759 48.386
2.110 31.029 48.754
-1.165 29.490 49.920
-0.681 27.531 53.164
-2.327 24.497 51.501
0.708 24.469 49.001
3.706 25.338 51.172
3.593 21.684 52.386
3.487 20.528 48.764
5.876 23.092 47.178
8.333 22.501 50.060
8.621 18.719 49.245
8.885 19.400 45.497
12.011 21.381 46.398
13.321 19.234 49.361
12.739 15.817 47.784
12.755 16.177 43.975
15.248 19.101 44.118
13.022 21.689 42.382
14.208 25.365 42.687
11.526 27.806 43.901
11.416 31.468 42.776
8.713 33.541 44.478
7.576 36.308 42.051
4.228 38.063 41.597
1.184 38.761 39.527
1.389 42.381 40.755
3.361 44.345 38.047
4.958 47.012 40.183
6.984 47.155 43.453
9.013 44.027 44.183
9.056 40.853 46.143
11.137 41.331 49.264
13.081 38.238 50.328
12.116 36.659 53.708
8.951 38.817 53.821
5.823 36.772 53.051
7.543 33.287 53.170
10.939 32.501 54.891
13.165 31.764 51.863
16.126 31.251 54.157
14.267 28.604 56.140
12.936 27.017 52.943
15.766 27.427 50.491
13.703 29.660 48.084
14.509 32.796 46.004
12.915 36.345 46.070
12.696 37.369 42.424
12.823 41.078 43.313
11.106 43.106 40.498
11.170 40.713 37.521
7.668 39.782 36.181
7.089 36.021 35.892
8.145 35.739 32.215
11.384 37.580 32.903
12.166 35.794 36.156
11.630 32.583 34.052
14.510 33.587 31.786
16.950 34.622 34.546
16.446 31.271 36.327
16.882 29.275 33.058
20.184 31.196 32.513
21.010 30.953 36.323
20.830 27.150 36.399
23.400 27.077 33.503
25.975 28.329 36.022
24.838 27.303 39.593
22.351 25.289 41.662
23.234 27.393 44.653
20.095 29.321 45.822
22.055 32.257 47.370
24.280 32.930 44.325
21.111 32.977 42.173
19.274 35.116 44.710
22.316 37.267 44.131
21.584 37.637 40.352
17.946 38.560 40.990
19.297 41.458 43.022
21.581 42.595 40.138
19.994 42.478 36.684
