59.664 62.697 9.193
57.536 63.854 12.031
57.051 60.971 14.350
53.799 61.049 16.209
53.825 59.483 19.647
50.557 58.704 21.407
50.005 58.199 25.062
48.604 56.219 26.786
49.027 53.078 24.754
45.722 51.828 26.145
43.419 52.667 28.985
40.275 51.529 30.720
38.025 54.456 31.435
34.721 54.046 33.192
31.375 55.027 31.632
30.505 58.645 32.287
34.123 59.367 33.140
36.531 61.217 30.949
39.393 59.910 28.879
42.318 62.115 27.857
44.384 60.672 25.007
47.328 62.768 23.842
49.486 62.945 20.708
52.873 64.608 20.443
54.937 65.404 17.316
58.708 65.501 17.025
58.466 68.676 15.027
55.840 71.316 14.553
52.972 70.297 12.400
52.042 74.003 11.906
51.674 76.120 8.776
49.291 78.794 7.390
48.585 79.480 11.040
46.915 76.141 11.822
47.967 72.683 13.037
47.568 70.108 10.396
46.952 67.067 12.479
43.669 65.151 12.758
42.202 62.397 14.964
40.599 59.203 13.642
38.679 56.470 15.415
38.553 52.852 14.339
35.952 50.475 15.605
36.911 46.869 14.843
36.460 45.783 11.206
35.760 49.306 10.125
37.911 51.833 8.305
38.905 54.737 10.550
36.546 57.696 10.490
37.617 61.295 11.032
36.628 62.663 14.407
38.533 65.919 14.551
40.544 67.751 11.958
43.112 70.510 11.903
43.571 70.097 15.609
40.321 71.424 17.033
37.581 71.275 14.447
34.916 68.617 14.825
33.680 66.641 11.866
29.948 66.761 11.460
28.146 63.899 13.078
30.780 63.527 15.743
29.199 64.122 19.202
30.114 67.204 21.255
31.839 65.186 23.967
34.813 64.873 21.708
37.188 67.754 21.620
40.789 68.087 20.818
43.042 71.059 21.327
46.736 71.766 21.279
49.213 73.353 18.890
52.681 73.041 17.370
53.745 69.839 19.061
51.261 69.059 21.831
47.796 67.790 21.045
45.081 66.207 23.218
41.843 64.377 22.413
39.400 64.385 25.298
36.249 62.324 25.501
33.902 63.412 28.280
31.798 61.593 29.008
32.981 58.279 27.695
30.074 56.191 26.359
29.733 52.512 25.524
30.156 53.459 21.848
33.652 54.871 22.321
35.253 51.467 22.861
37.688 51.628 19.926
41.266 52.612 18.881
42.143 56.236 18.200
44.889 57.513 15.903
46.406 60.892 15.356
48.027 61.920 12.092
50.080 64.804 10.803
49.658 65.885 7.229
51.682 69.074 7.414
54.746 67.664 5.647
55.666 64.561 3.715
55.426 61.705 4.292
52.212 61.920 6.233
52.641 59.805 9.361
50.164 58.246 11.812
50.474 57.463 15.517
50.366 53.891 16.837
46.876 54.237 18.247
45.362 54.291 21.731
42.966 51.473 22.468
40.168 52.663 24.751
38.225 49.953 26.462
35.706 51.192 28.927
34.490 49.917 32.259
31.011 48.818 33.081
