40.077 -2.174 26.755
41.694 -1.340 23.442
39.708 1.101 21.344
39.789 3.023 18.074
37.751 6.001 17.098
38.119 7.393 13.627
36.825 10.902 13.754
34.557 12.483 11.149
35.366 16.095 10.320
35.181 18.915 7.794
37.384 21.874 6.916
35.869 25.208 5.866
38.393 27.610 4.440
37.167 31.041 3.425
36.142 31.142 -0.220
37.015 27.475 -0.867
34.814 24.370 -1.024
34.342 22.183 2.084
37.157 19.740 2.531
36.463 16.262 3.919
38.753 15.270 6.845
37.076 12.036 7.831
39.325 9.373 9.339
42.474 11.479 9.506
42.389 11.745 13.268
42.135 8.658 15.378
41.642 8.413 19.135
42.252 5.425 21.316
40.281 6.393 24.378
36.581 6.391 25.153
37.016 9.344 27.397
39.271 12.063 26.095
40.405 15.539 27.088
39.839 18.551 24.838
43.561 19.097 25.210
44.280 15.861 23.380
41.653 16.592 20.740
42.843 20.148 20.296
46.480 19.142 19.945
45.967 16.452 17.335
43.856 18.682 15.133
46.182 21.677 15.421
49.136 19.504 14.551
47.353 18.128 11.553
46.600 21.719 10.431
50.125 22.895 11.115
51.571 19.993 9.212
49.180 20.146 6.264
48.147 23.768 6.052
51.007 25.526 7.867
48.460 27.667 9.662
51.058 29.266 11.895
53.745 30.021 9.328
54.538 33.714 8.946
53.435 33.530 5.318
50.211 31.651 5.913
47.160 33.684 4.865
44.970 32.747 7.814
43.941 35.521 10.057
41.489 33.758 12.341
39.678 30.484 12.774
38.371 27.909 15.243
37.548 24.250 15.846
33.994 23.254 16.669
33.395 19.995 18.443
29.880 18.768 17.681
28.030 16.439 20.009
25.155 14.149 19.334
22.610 16.479 20.956
23.309 19.079 18.279
25.503 21.331 20.446
28.936 22.722 19.628
31.993 23.533 21.709
34.353 26.137 20.179
38.149 26.303 20.479
39.866 29.440 19.169
42.836 28.640 16.938
44.457 32.014 17.063
44.559 33.080 20.672
47.791 33.986 22.454
46.980 35.476 25.830
49.125 37.536 28.122
52.742 37.163 27.249
52.004 34.328 24.859
54.298 31.803 26.576
53.436 28.089 26.736
52.354 28.620 30.289
49.894 31.267 29.049
48.650 29.369 26.057
48.273 25.989 27.753
46.672 27.401 30.900
43.279 26.911 29.285
43.718 23.168 29.632
43.631 23.432 33.398
39.876 22.724 33.499
40.601 19.155 32.389
37.518 19.268 30.211
36.745 15.825 28.827
34.377 14.439 26.331
32.883 10.995 26.033
33.320 9.613 22.589
29.829 8.189 22.650
28.553 11.730 22.573
30.988 12.872 19.945
29.583 13.556 16.523
32.195 15.198 14.318
34.374 18.323 14.249
34.291 21.386 11.983
37.296 23.575 11.398
36.986 27.172 10.181
39.929 29.110 8.808
39.526 32.700 7.671
41.733 34.219 4.922
