-14.522 15.790 0.007
-12.663 16.939 3.170
-10.869 13.603 2.610
-10.824 11.310 -0.475
-10.013 7.712 -1.469
-6.223 8.133 -1.372
-6.005 4.434 -2.369
-6.980 5.794 -5.808
-6.018 9.471 -5.433
-2.208 8.953 -5.186
-1.727 12.360 -6.865
-0.992 12.023 -10.615
-0.015 8.360 -9.968
2.965 9.605 -7.915
4.506 6.130 -7.345
7.982 7.753 -7.243
9.206 4.911 -5.002
10.450 1.505 -6.266
8.069 -0.596 -4.107
4.672 -2.212 -4.895
2.463 0.530 -3.383
-0.279 -1.483 -1.611
0.697 -4.913 -2.977
-2.527 -6.651 -1.829
-5.397 -4.348 -0.742
-6.170 -0.838 0.585
-8.432 0.609 3.288
-9.522 4.274 2.877
-10.200 6.359 6.022
-9.716 9.757 7.668
-6.159 10.916 7.044
-6.393 9.179 3.625
-5.716 5.455 3.377
-3.710 2.466 4.550
-3.342 -1.125 3.346
-3.545 -4.728 4.499
-2.990 -8.179 3.030
-4.519 -11.565 2.254
-4.196 -13.687 5.477
-0.928 -15.566 6.036
0.874 -12.601 4.423
1.846 -9.502 6.424
2.233 -5.825 5.546
5.929 -4.974 5.966
7.344 -1.895 7.770
7.181 0.044 4.460
3.374 -0.149 4.861
2.800 -0.986 1.228
4.519 -4.320 0.493
3.043 -7.610 1.779
5.289 -10.649 2.306
4.629 -14.207 3.519
6.115 -13.212 6.891
