2.871 -14.446 -14.867
2.062 -11.795 -17.330
-0.388 -9.443 -16.110
0.001 -7.335 -13.006
1.459 -8.689 -9.734
-1.312 -10.779 -8.178
0.114 -11.231 -4.648
-1.447 -13.308 -1.858
-2.326 -11.933 1.583
0.455 -13.907 3.321
3.057 -12.764 0.744
2.052 -9.115 1.165
2.013 -9.641 4.965
5.735 -10.545 4.752
6.279 -7.183 2.962
6.056 -4.901 6.030
9.520 -5.368 7.569
12.696 -3.193 7.746
12.611 -2.110 4.105
9.663 -3.334 2.000
6.659 -1.232 3.006
3.837 -2.591 0.882
0.180 -1.732 1.516
-3.127 -2.828 -0.033
-5.460 0.073 -0.846
-8.769 -1.023 -2.433
-7.745 -4.485 -3.776
-4.480 -3.031 -5.218
-0.955 -3.585 -3.874
1.338 -0.551 -3.753
5.062 -0.648 -2.926
5.756 2.595 -1.074
9.308 1.616 0.016
10.850 4.598 -1.819
7.786 6.798 -1.092
8.050 6.710 2.740
9.922 10.019 3.129
8.406 11.589 -0.030
4.818 11.006 1.198
3.449 14.492 2.113
2.200 12.981 5.373
5.297 10.974 6.358
6.966 7.617 6.634
5.674 6.571 10.073
1.932 6.736 9.260
2.738 4.513 6.241
5.011 2.177 8.211
2.493 1.790 11.092
0.315 -0.820 9.386
2.277 -1.932 6.316
1.922 -5.340 4.538
-1.869 -5.291 4.869
-5.151 -3.389 4.862
-4.044 0.222 5.032
-7.316 0.875 3.112
-9.075 1.609 6.467
-6.497 4.236 7.503
-6.204 5.651 3.954
-10.015 6.172 3.747
-10.262 7.455 7.355
-8.127 10.320 6.017
-9.959 9.910 2.646
-7.083 11.249 0.488
-7.282 13.682 -2.456
-7.704 12.822 -6.169
-3.960 13.558 -6.604
-3.095 10.818 -4.115
-5.409 8.403 -5.967
-3.573 8.929 -9.280
-0.208 8.941 -7.487
-1.181 5.532 -6.027
-1.206 4.225 -9.616
2.405 5.407 -10.118
3.284 3.096 -7.139
1.041 0.189 -8.192
2.942 -3.099 -8.205
-0.052 -5.447 -8.551
-3.357 -6.658 -7.027
-4.741 -8.994 -4.358
-4.640 -12.614 -5.614
-7.935 -13.482 -7.415
-8.436 -16.426 -5.007
-9.114 -14.185 -1.999
-10.449 -11.390 -4.266
-13.523 -13.444 -5.303
-14.172 -14.057 -1.591
-13.095 -11.021 0.419
-14.585 -12.689 3.405
-14.556 -9.869 5.656
-11.364 -8.561 7.339
-11.018 -8.892 11.022
-10.806 -5.247 11.171
-9.254 -2.444 12.585
-7.924 1.007 13.126
