2.193 -2.101 -8.534
2.799 -2.827 -4.818
6.599 -2.886 -5.001
9.291 -1.136 -2.962
8.471 2.285 -1.520
9.750 5.109 -3.760
11.608 8.173 -2.508
9.339 10.722 -0.826
6.918 7.980 0.224
6.495 6.659 3.804
8.537 3.552 4.645
8.169 1.286 7.722
11.754 0.006 7.690
14.959 0.513 5.717
14.298 -2.986 4.364
11.237 -1.729 2.486
12.784 1.263 0.715
13.385 1.301 -3.031
16.770 2.838 -2.307
17.110 0.679 0.814
17.635 3.942 2.706
14.889 4.907 5.169
14.898 8.149 7.166
12.796 10.008 9.747
11.077 13.279 8.818
8.726 15.507 10.808
5.114 16.013 9.732
2.703 18.899 10.258
0.848 17.035 13.001
3.939 17.660 15.122
5.045 14.026 14.973
7.869 12.183 13.216
7.513 9.301 10.760
9.833 7.442 8.401
10.077 8.053 4.653
12.244 6.889 1.755
15.445 8.534 0.531
