12.007 15.375 45.448
12.364 18.437 43.100
9.384 19.512 40.863
10.500 18.532 37.300
9.260 17.755 33.827
10.525 15.494 31.047
10.878 16.355 27.375
8.842 13.919 25.230
11.133 11.491 23.470
9.522 12.307 20.133
11.265 15.725 20.252
14.503 13.833 19.556
13.172 11.751 16.672
14.492 14.129 14.065
18.066 14.995 14.962
20.985 15.762 12.637
24.061 13.567 13.141
23.219 12.323 16.645
23.203 8.489 16.303
24.249 7.899 19.908
22.009 5.656 21.983
20.487 6.904 25.226
21.519 5.815 28.686
19.821 6.913 31.887
20.606 7.206 35.611
17.485 7.409 37.762
17.425 8.726 41.293
21.168 9.384 41.732
21.956 10.114 45.390
20.829 13.684 46.026
18.565 13.597 42.963
15.501 11.532 43.915
12.862 11.466 41.247
15.179 12.831 38.535
16.370 10.913 35.481
19.658 11.968 33.884
20.610 11.156 30.300
24.171 10.404 29.216
25.949 9.017 26.204
28.310 6.047 26.737
30.124 5.436 23.492
33.055 3.307 22.543
34.531 0.291 24.297
32.830 0.043 27.727
35.985 -1.694 29.066
38.390 0.939 27.737
41.030 2.140 30.144
40.592 5.807 29.074
37.307 7.644 29.498
36.609 11.046 27.896
34.104 12.820 30.130
32.594 15.508 27.896
30.728 18.278 29.750
28.462 20.744 27.916
27.473 24.267 28.938
24.808 26.865 28.351
22.289 26.464 26.597
23.391 23.171 25.027
23.497 19.419 25.703
25.584 16.392 24.667
24.558 17.146 21.043
27.335 19.778 21.147
29.889 16.932 21.381
28.606 15.012 18.332
31.697 15.774 16.193
34.166 14.874 18.959
32.613 11.661 20.271
33.316 9.526 17.172
36.958 10.647 17.142
37.516 9.733 20.758
35.690 6.410 20.374
37.698 5.473 17.269
40.913 5.894 19.229
39.762 3.036 21.461
38.532 5.149 24.356
35.176 5.247 26.125
33.214 8.494 25.959
30.736 9.681 28.578
28.683 12.788 27.713
25.991 13.646 30.259
23.189 16.173 29.937
22.816 18.411 32.964
19.433 18.466 34.620
17.543 21.187 32.776
19.111 20.242 29.422
19.074 17.698 26.615
17.288 14.443 27.448
17.681 14.906 31.219
14.741 15.807 33.461
14.167 19.512 33.960
13.337 21.117 37.317
10.711 23.786 36.687
11.911 26.327 39.321
15.034 28.419 38.738
15.723 28.293 42.516
16.514 24.579 42.342
19.419 25.224 39.986
22.614 26.181 41.817
26.339 25.716 41.307
26.431 22.825 43.796
23.231 21.252 42.428
25.057 20.787 39.141
28.473 19.992 40.668
27.170 17.299 42.974
25.303 15.710 40.037
28.595 15.283 38.243
30.294 13.837 41.322
27.386 11.432 41.816
27.523 10.396 38.137
31.258 9.715 38.315
30.835 7.607 41.433
27.776 5.737 40.104
29.563 4.832 36.885
32.924 4.375 38.723
34.763 6.377 36.068
38.555 6.234 36.259
41.412 7.265 33.972
39.340 10.290 33.018
40.203 12.832 30.332
38.034 15.732 31.386
36.667 17.681 28.370
35.145 21.070 29.145
33.788 24.347 27.739
31.635 27.128 29.269
29.658 25.862 32.287
31.019 22.373 31.604
34.335 23.927 32.632
33.064 26.269 35.362
31.740 23.116 37.039
34.011 20.431 35.604
37.253 22.180 36.517
36.162 21.904 40.168
35.797 18.091 40.092
39.403 16.657 40.116
40.236 18.096 43.506
37.343 16.078 44.964
38.639 12.764 43.628
42.059 13.366 42.146
43.075 9.750 41.487
40.211 9.431 38.955
41.529 12.154 36.630
44.374 11.649 34.143
44.057 14.420 31.524
42.318 17.686 30.614
41.023 19.103 27.337
40.019 22.717 28.012
38.098 24.822 25.521
36.798 28.368 26.221
36.194 28.156 29.974
37.436 29.544 33.307
36.672 29.445 37.054
33.875 31.336 38.799
36.054 32.933 41.473
35.606 36.453 42.831
36.812 39.524 40.878
39.719 40.303 43.209
41.233 36.844 42.969
41.019 36.692 39.155
39.728 39.870 37.503
39.849 38.276 34.035
37.114 35.803 35.142
34.739 38.662 36.007
35.618 41.491 33.550
33.950 39.675 30.648
30.596 39.920 32.417
30.343 43.660 31.736
32.454 44.274 28.638
32.155 44.135 25.745
28.457 45.006 25.520
28.066 42.496 22.680
29.676 39.670 24.711
28.309 38.110 27.875
26.025 41.112 28.390
24.321 40.389 25.035
24.362 36.604 25.657
22.626 36.990 29.007
20.108 39.514 27.610
19.265 37.036 24.838
18.684 34.205 27.325
16.907 35.811 30.274
14.742 38.475 28.643
12.475 36.891 25.978
9.153 35.517 27.114
9.399 33.220 24.144
13.043 32.129 24.063
13.878 30.269 20.808
17.128 28.348 21.274
17.419 27.523 17.575
17.589 31.282 16.860
19.939 31.841 19.808
22.315 29.145 18.605
22.278 30.402 14.962
23.367 33.785 16.335
26.081 32.553 18.698
27.277 29.678 16.464
26.796 31.199 13.020
28.188 28.180 11.159
25.292 25.914 12.260
22.930 24.600 9.688
19.206 25.070 10.254
18.876 21.422 11.239
21.732 21.685 13.756
20.190 24.780 15.298
16.870 22.913 15.575
18.609 20.197 17.638
19.349 22.851 20.291
15.630 23.745 20.438
14.567 20.064 20.600
14.885 19.758 24.416
12.494 22.666 25.067
8.868 22.387 23.896
7.998 25.642 25.714
9.283 28.090 28.362
8.334 25.778 31.260
11.217 23.495 30.245
13.738 26.368 30.260
14.303 27.184 33.964
17.816 25.717 33.919
18.562 27.682 30.739
17.441 30.914 32.414
19.389 30.328 35.609
22.860 29.642 34.172
23.710 33.227 33.061
22.282 34.545 36.327
24.843 32.335 38.119
27.712 33.850 36.106
26.634 37.350 37.124
25.760 36.405 40.753
28.162 33.853 42.249
27.198 32.435 45.627
29.763 31.931 48.373
29.941 28.152 47.820
30.699 28.735 44.136
33.375 31.322 44.930
35.027 29.159 47.563
34.998 25.966 45.487
36.265 27.846 42.453
39.096 29.490 44.410
40.084 26.052 45.847
40.132 24.688 42.286
42.669 27.382 41.278
44.990 25.986 43.916
44.408 22.447 42.670
45.304 23.318 39.098
48.370 25.335 40.072
49.781 23.025 42.801
48.279 19.555 42.649
47.604 18.759 38.976
50.261 16.781 37.152
48.268 15.342 34.274
48.433 15.750 30.528
46.710 18.908 29.276
45.519 20.276 25.951
43.925 23.739 25.392
41.998 24.980 22.370
40.687 28.519 21.987
37.786 29.632 19.793
39.291 32.946 18.730
36.012 34.609 17.699
34.412 34.138 21.121
33.269 37.426 22.669
32.862 35.774 26.094
35.717 33.396 26.991
38.405 34.015 24.385
42.099 34.875 24.842
41.312 37.394 27.621
40.271 34.510 29.842
42.115 31.555 28.274
45.671 32.938 28.517
45.149 33.549 32.273
43.757 29.997 32.558
46.747 28.548 30.725
49.055 30.028 33.332
47.005 28.669 36.240
46.970 25.071 34.966
50.277 23.421 35.786
51.762 21.940 32.624
49.233 23.490 30.234
50.912 23.935 26.836
50.492 26.724 24.359
46.882 26.735 23.107
45.670 25.573 19.768
44.067 28.722 18.355
41.086 28.006 16.091
40.664 31.219 14.157
37.118 30.600 12.904
35.661 29.026 16.025
33.512 31.046 18.390
32.291 30.279 21.884
31.014 26.822 20.825
34.445 25.469 20.047
33.072 21.902 19.708
31.390 22.937 16.444
35.040 22.853 15.207
35.492 19.860 17.439
36.824 17.218 15.030
40.057 19.239 14.893
40.146 19.687 18.682
39.658 15.986 19.292
42.191 14.845 16.710
44.849 17.337 17.813
44.261 16.534 21.485
44.813 12.839 20.831
48.011 13.610 18.931
49.197 15.777 21.804
48.530 13.073 24.356
50.287 10.412 22.195
53.473 12.514 22.032
53.535 13.098 25.823
52.639 9.550 26.946
