9.141 2.853 5.980
11.196 0.818 3.478
11.997 -2.751 2.356
12.718 -4.889 -0.740
10.587 -6.583 -3.466
10.388 -9.989 -5.169
8.402 -11.258 -8.162
6.030 -14.210 -8.476
2.727 -14.940 -6.691
3.450 -15.506 -2.936
1.153 -12.641 -1.962
-1.566 -13.269 -4.445
0.194 -10.839 -6.779
-0.235 -13.085 -9.784
0.977 -10.925 -12.708
2.182 -8.086 -10.421
4.730 -8.337 -7.532
4.942 -8.487 -3.681
6.956 -6.816 -0.906
7.821 -8.245 2.574
11.158 -8.212 4.400
10.037 -11.348 6.275
6.870 -12.437 4.525
5.047 -10.571 7.289
3.729 -7.705 5.116
3.006 -9.783 1.985
1.712 -6.620 0.264
1.538 -6.737 -3.536
0.637 -4.273 -6.286
0.489 -4.163 -10.090
3.255 -1.546 -10.486
6.278 -3.512 -9.163
7.195 0.060 -8.340
4.007 0.240 -6.288
5.645 -2.635 -4.499
8.730 -0.700 -3.357
6.842 2.653 -3.464
3.414 1.969 -2.016
4.778 -1.093 -0.287
6.641 1.362 1.973
