30.995 55.243 25.094
29.372 53.213 27.878
27.287 51.238 25.403
30.503 49.978 23.722
32.031 49.225 27.118
28.840 47.322 27.899
29.300 45.272 24.717
32.850 44.367 25.695
31.701 43.127 29.095
29.102 40.858 27.501
31.682 39.714 24.963
34.279 39.011 27.646
32.154 37.626 30.501
29.061 36.375 28.699
26.995 38.378 31.184
25.204 41.698 30.714
26.702 44.819 32.232
23.231 45.358 33.661
22.632 44.304 36.317
25.572 41.932 36.850
28.143 44.747 36.940
26.093 47.963 37.284
25.807 47.617 41.056
28.438 45.251 42.385
30.541 45.714 45.511
31.842 49.177 46.404
33.053 50.423 43.010
31.060 48.822 40.192
28.468 51.232 38.856
27.878 54.853 39.712
29.861 56.302 42.582
32.397 54.316 44.552
34.235 54.591 47.881
35.805 52.524 50.648
37.835 49.478 49.640
37.158 47.004 46.785
35.351 43.903 48.058
37.018 41.402 45.769
38.817 40.793 42.493
35.796 41.820 40.467
35.201 44.943 42.565
38.872 45.857 42.087
38.452 45.772 38.288
35.832 48.520 38.727
38.045 50.488 41.093
40.927 50.553 38.641
38.638 51.533 35.782
37.573 54.536 37.844
41.210 55.492 38.334
41.683 55.015 34.605
38.853 57.386 33.722
40.174 59.730 36.374
43.338 60.148 34.349
41.289 61.433 31.395
40.241 64.703 32.987
39.352 66.314 29.656
37.593 63.503 27.788
33.904 62.677 27.639
34.726 59.218 28.956
31.112 58.099 29.172
29.630 59.230 25.843
32.597 59.570 23.466
32.194 56.903 20.795
35.445 55.206 19.915
36.607 52.672 17.372
37.496 49.132 18.371
37.190 45.616 16.994
37.549 41.907 17.797
40.778 41.187 15.949
40.899 37.399 16.115
38.733 37.003 19.229
40.749 39.828 20.812
39.249 43.200 21.686
41.591 45.705 20.017
41.263 49.502 20.151
41.232 51.287 16.839
42.964 54.535 15.920
41.195 57.831 16.601
41.700 60.708 19.029
43.855 60.501 22.212
40.623 60.466 24.186
38.974 57.733 22.177
42.114 55.589 22.247
42.557 56.202 25.989
38.879 55.636 26.923
38.835 52.481 24.832
41.893 51.098 26.664
40.289 51.623 30.080
37.181 49.825 28.800
39.262 47.113 27.150
41.262 46.273 30.272
38.201 46.339 32.571
36.209 43.964 30.391
39.042 41.422 30.515
39.684 41.933 34.213
36.085 40.911 34.787
36.720 37.690 32.880
39.865 36.877 34.818
37.887 37.314 38.038
34.825 35.279 37.104
35.916 32.484 39.434
35.578 34.705 42.501
32.428 36.492 41.336
29.999 36.716 44.252
26.270 37.155 43.635
26.047 38.263 47.240
27.946 41.372 46.197
25.459 42.259 43.457
23.307 45.096 44.849
25.809 45.774 47.626
24.748 48.763 49.726
27.218 51.654 49.318
26.558 52.396 52.993
28.391 49.177 53.902
31.420 50.626 52.144
32.575 52.594 55.145
36.349 52.555 55.411
39.195 54.777 54.231
38.569 54.820 50.491
41.615 53.512 48.613
43.964 55.648 46.512
44.659 55.438 42.785
33.977 59.862 19.141
32.558 53.397 39.895
