110.436 30.660 31.072
113.508 31.336 28.943
116.735 32.457 30.611
119.294 33.935 28.213
123.013 34.160 28.959
126.479 34.196 27.404
128.958 31.320 27.436
132.421 30.668 25.993
133.128 27.536 23.964
135.770 25.349 25.639
135.720 22.442 23.163
133.697 21.017 20.292
133.246 17.344 19.410
130.905 15.871 16.836
128.352 15.243 19.587
128.894 17.746 22.389
129.780 21.401 22.870
131.584 22.059 26.178
130.870 25.590 27.465
131.982 27.904 30.270
129.006 29.830 31.697
130.333 33.412 31.817
128.065 34.204 34.767
129.544 31.755 37.283
132.285 30.135 35.175
130.841 26.625 35.550
131.149 24.064 32.761
127.988 23.035 30.916
127.678 20.418 28.177
125.251 20.963 25.299
124.362 18.242 22.754
125.166 19.138 19.128
121.491 18.558 18.303
120.616 21.558 20.496
122.621 24.018 18.411
120.751 26.260 15.961
121.704 25.099 12.460
122.954 28.554 11.512
125.368 28.615 14.458
126.911 25.180 13.906
129.136 26.579 11.174
130.956 29.004 13.463
131.365 26.777 16.514
134.998 27.063 17.578
136.912 26.997 20.869
137.158 30.500 22.308
134.046 31.875 20.620
131.240 33.298 22.745
127.678 32.132 22.205
124.171 33.150 23.219
122.627 30.323 25.229
119.012 29.745 26.239
118.027 27.643 29.216
114.538 26.200 29.585
114.153 24.029 32.671
117.058 21.551 32.616
117.952 21.918 28.938
120.128 24.357 27.016
120.153 25.537 23.432
122.957 27.373 21.662
121.298 30.133 19.637
124.175 31.872 17.866
127.877 32.680 17.955
128.895 35.931 19.718
126.242 36.878 22.264
