30.470 58.878 25.176
27.980 56.141 24.231
30.406 53.345 23.329
27.454 51.556 21.690
26.430 54.540 19.586
30.084 54.993 18.552
30.448 51.437 17.224
26.946 51.285 15.728
27.637 53.808 12.949
30.636 51.821 11.748
27.927 49.458 10.479
26.546 51.954 7.941
29.769 52.211 5.911
29.598 50.128 2.703
32.284 47.557 1.839
34.087 48.334 5.081
34.724 46.204 8.155
36.239 48.427 10.867
38.631 46.649 13.230
36.564 46.898 16.401
37.100 44.960 19.646
34.552 42.403 18.425
36.559 41.582 15.311
39.877 41.726 17.181
38.701 39.078 19.648
37.376 36.848 16.908
40.529 37.060 14.809
43.133 36.806 17.572
44.557 33.440 16.457
44.581 34.377 12.775
46.366 37.686 13.430
48.882 36.128 15.828
49.581 33.485 13.177
50.285 36.175 10.572
52.551 37.923 13.096
54.720 34.800 13.296
55.677 35.229 9.649
57.972 38.067 10.711
60.647 35.541 11.691
62.338 34.135 8.581
62.402 30.650 10.108
58.618 30.584 10.420
58.183 32.016 6.936
60.182 29.151 5.438
58.501 26.417 7.457
55.007 27.714 6.666
55.910 27.879 2.992
57.172 24.291 3.144
53.815 22.996 4.402
51.170 25.649 4.990
48.469 23.268 6.146
50.727 21.666 8.757
51.888 25.089 9.911
48.395 26.529 10.152
47.293 23.573 12.278
49.551 24.781 15.079
47.503 27.965 15.348
44.093 26.547 16.192
42.266 28.602 13.575
38.640 27.950 12.739
38.166 25.811 9.620
36.843 28.964 7.963
39.930 30.977 8.930
42.299 28.206 7.837
40.541 27.700 4.490
40.662 31.441 3.886
44.420 31.491 4.444
45.021 28.449 2.237
42.932 30.063 -0.488
44.559 33.474 0.028
41.065 34.962 0.247
41.641 38.262 2.019
38.016 39.307 2.183
37.229 35.992 3.859
40.194 36.415 6.187
38.936 39.827 7.267
35.510 38.282 7.861
37.174 35.869 10.296
38.635 38.789 12.239
41.852 39.309 10.323
43.295 42.818 10.238
44.911 44.175 7.087
48.189 45.206 8.820
48.678 41.833 10.507
47.764 40.042 7.274
50.367 42.086 5.356
52.893 39.680 6.853
51.201 36.920 4.848
51.096 38.569 1.437
54.592 39.966 2.063
55.641 36.339 2.652
54.177 35.576 -0.792
56.007 38.497 -2.353
52.888 40.549 -3.060
52.510 44.316 -2.645
49.827 46.129 -0.623
48.253 47.208 -3.920
47.915 43.598 -5.028
46.198 42.638 -1.784
43.832 45.622 -1.898
42.974 45.085 -5.552
42.321 41.394 -4.926
39.478 42.308 -2.545
37.608 44.501 -5.041
36.700 41.957 -7.681
38.475 43.896 -10.437
41.459 42.386 -12.254
44.815 43.524 -10.954
45.136 45.624 -14.113
41.740 47.295 -13.862
42.463 48.229 -10.254
45.824 49.718 -11.192
44.338 51.769 -14.026
41.577 52.973 -11.724
44.121 54.242 -9.198
46.037 56.030 -11.962
42.793 57.664 -13.071
42.264 58.930 -9.535
41.063 55.931 -7.546
37.577 54.907 -6.447
35.238 57.846 -5.981
33.422 58.185 -2.629
30.190 58.929 -4.518
27.559 56.378 -3.547
29.765 54.473 -1.100
29.596 56.522 2.101
26.265 55.349 3.506
24.334 52.105 3.109
21.038 53.520 4.388
21.634 56.843 2.656
22.734 55.328 -0.635
25.174 58.176 -1.164
