3.655 59.182 0.534
4.988 61.153 3.512
4.018 63.532 6.260
4.016 64.158 9.991
2.025 61.817 12.226
1.872 61.424 16.048
3.150 57.903 16.776
2.848 55.584 19.770
4.568 52.244 20.127
1.945 49.937 21.694
3.018 46.356 21.231
6.241 44.529 20.746
6.631 40.950 19.643
5.330 38.034 21.735
2.399 39.876 23.248
4.776 42.051 25.201
3.624 45.574 25.933
6.184 48.042 24.590
8.278 49.684 27.355
8.554 52.988 25.477
4.992 54.239 25.163
4.785 57.982 24.884
3.517 59.719 21.737
6.100 61.351 19.499
5.690 63.551 16.447
7.534 61.835 13.601
7.904 62.496 9.865
6.891 59.276 8.072
7.794 58.106 4.562
6.228 55.224 2.652
8.600 54.134 -0.139
9.555 50.733 -1.626
7.149 48.750 0.584
8.709 50.162 3.760
8.131 52.958 6.232
10.923 55.201 7.396
10.813 57.573 10.397
12.529 60.976 10.433
12.392 63.977 12.751
11.378 66.254 9.857
11.230 66.635 6.115
14.834 67.801 5.928
16.138 64.760 7.776
14.121 62.630 5.394
15.846 64.048 2.290
19.211 63.664 4.008
18.639 60.129 5.253
19.099 60.812 8.996
16.894 58.324 10.996
14.486 59.330 13.768
16.299 57.676 16.680
18.587 55.336 14.823
15.387 53.549 13.878
15.563 51.268 10.834
12.793 51.481 8.211
10.211 48.771 8.701
8.740 46.502 6.023
5.033 46.865 5.271
4.920 43.341 3.781
1.807 41.615 5.152
1.079 44.495 7.534
-2.344 44.993 9.088
-3.514 48.615 9.022
-6.943 49.838 10.168
-8.904 52.493 12.090
-8.263 52.186 15.822
-11.902 52.074 17.064
-10.758 50.514 20.308
-8.452 53.445 21.042
-10.573 56.203 22.500
-8.139 58.631 24.038
-8.038 60.550 20.771
-9.380 60.973 17.252
-8.171 60.160 13.741
-5.988 57.329 15.098
-5.065 54.307 12.995
-3.395 51.059 14.003
-0.483 49.383 12.205
0.597 45.845 13.078
3.790 44.798 11.309
4.423 41.124 10.461
7.066 40.798 13.207
4.572 41.644 15.939
5.272 45.322 16.534
2.204 47.474 16.774
1.974 51.243 16.464
-0.862 53.754 16.701
-0.641 56.780 14.399
-2.654 59.981 14.705
-3.478 62.133 11.695
-4.786 65.733 11.593
-8.236 64.600 10.446
-10.121 61.561 9.173
-9.549 62.134 5.440
-5.769 62.100 5.922
-6.134 59.120 8.239
-7.852 57.200 5.424
-5.334 58.508 2.919
-2.604 56.902 5.078
-4.564 53.673 5.597
-4.990 53.259 1.798
-1.362 54.149 1.088
-0.075 51.524 3.555
-2.635 48.898 2.605
-1.620 49.158 -1.033
2.145 49.214 -0.596
