6.145 68.387 85.806
3.961 71.488 85.560
0.388 70.682 86.648
-2.630 72.530 85.403
-5.333 73.618 87.835
-8.507 74.725 86.094
-11.644 76.102 87.607
-14.508 76.099 87.875
-15.490 72.514 87.090
-18.695 73.775 85.458
-20.728 76.944 85.237
-24.136 78.128 84.201
-25.226 81.390 82.714
-27.751 83.102 80.409
-26.980 83.934 76.799
-25.519 87.382 76.660
-23.455 86.969 79.786
-19.653 86.970 80.078
-18.232 83.853 81.606
-14.629 83.393 82.584
-12.668 80.239 83.042
-9.167 80.160 84.496
-6.072 78.003 84.464
-3.469 78.434 87.231
-0.161 76.797 86.383
1.943 74.880 88.948
4.920 76.649 87.455
5.574 79.391 84.982
4.561 78.262 81.538
5.642 81.504 79.848
2.498 82.269 77.828
2.643 78.958 76.129
-0.992 78.173 77.145
-3.696 76.870 74.773
-7.509 76.604 74.998
-9.706 74.024 73.256
-13.496 73.758 73.099
-15.234 70.359 73.069
-18.771 69.488 72.176
-20.256 66.152 73.250
-19.409 63.612 70.635
-16.316 65.133 69.029
-12.652 65.953 69.429
-11.416 69.112 71.019
-10.976 72.094 68.701
-8.386 74.844 68.958
-9.566 78.280 70.096
-6.554 80.104 71.415
-2.765 79.701 71.534
0.150 81.540 73.088
-2.353 82.841 75.595
-4.176 85.414 73.508
-3.822 84.491 69.931
-6.992 83.005 68.470
-7.358 80.359 65.816
-8.836 81.043 62.433
-12.565 81.329 62.194
-12.924 81.532 65.959
-15.472 84.228 66.856
-14.415 87.343 68.754
-16.590 86.490 71.737
-13.542 84.560 72.877
-10.418 85.958 74.382
-7.586 85.052 76.625
-5.190 87.023 78.818
-2.618 85.853 81.299
1.020 85.656 82.144
3.232 83.725 84.479
1.044 81.144 86.155
-2.214 82.967 86.018
-4.178 82.530 82.829
-7.800 83.299 82.041
-10.144 82.692 79.062
-13.257 84.838 78.406
-16.414 84.256 76.401
-17.633 87.840 76.200
-21.249 86.894 75.292
-22.406 83.400 76.107
-24.289 82.184 73.037
-26.138 78.833 72.512
-23.278 77.629 70.284
-20.757 77.981 73.116
-22.140 75.216 75.251
-19.291 72.725 75.445
-16.453 71.861 77.793
-13.271 73.955 77.712
-9.794 72.793 78.543
-6.343 74.327 78.739
-3.040 72.779 77.985
0.389 74.191 78.580
3.164 73.864 76.041
6.058 74.871 78.265
8.536 71.976 77.837
7.349 68.437 78.258
5.366 66.756 79.471
2.223 68.830 78.926
-0.842 68.644 81.085
-4.402 69.658 80.525
-6.550 71.466 82.962
-9.610 69.385 83.874
-11.840 71.506 81.671
-14.883 73.507 82.661
-18.356 72.553 81.418
-20.162 75.672 80.309
-23.921 75.547 80.150
-27.137 77.504 79.755
-28.917 78.693 82.853
-32.458 77.350 83.036
