24.893 48.752 1.110
26.358 45.451 2.386
29.754 43.976 3.171
31.988 43.278 6.231
32.817 46.271 8.401
36.420 45.355 9.260
39.437 45.007 6.970
43.113 44.213 7.653
45.770 46.590 6.207
47.115 45.625 2.738
43.985 43.645 1.894
40.905 44.811 -0.005
37.653 46.451 1.024
34.624 45.181 -0.882
31.019 46.468 -0.668
27.744 45.648 -2.428
24.935 48.093 -3.288
21.596 46.394 -3.871
19.240 48.496 -5.999
15.470 47.925 -5.936
12.801 49.899 -7.743
14.808 50.597 -10.889
17.197 48.782 -13.202
20.856 49.855 -13.125
21.027 49.146 -16.892
18.221 51.543 -17.883
19.850 54.926 -17.265
22.096 57.088 -14.971
25.688 54.625 -9.858
30.528 55.353 -4.626
31.503 58.096 -2.177
33.059 57.973 1.287
32.953 60.284 4.271
36.119 60.331 6.329
35.989 60.789 10.129
35.968 64.586 10.100
32.986 64.883 7.746
35.256 65.236 4.706
33.609 63.729 1.622
35.370 62.093 -1.304
35.475 57.500 -5.562
33.836 56.642 -8.892
29.471 52.775 -13.245
27.004 54.036 -15.862
24.026 52.163 -17.274
26.176 51.147 -20.258
28.830 49.408 -18.177
31.364 52.233 -18.320
33.311 53.255 -15.247
34.931 56.524 -14.189
37.211 56.504 -11.170
38.855 59.312 -9.259
42.465 59.699 -10.574
44.074 59.151 -7.175
42.217 55.842 -6.771
42.539 54.584 -10.365
45.148 51.932 -9.512
43.411 50.580 -6.410
39.751 50.863 -7.295
37.397 48.622 -9.168
33.696 49.245 -9.659
31.718 46.262 -10.963
28.097 45.178 -11.498
25.730 42.173 -11.593
22.839 43.208 -13.806
20.644 40.141 -13.211
20.656 40.714 -9.436
20.605 44.502 -9.945
23.522 45.379 -7.707
26.916 47.003 -8.173
30.011 46.615 -6.028
33.112 48.463 -4.886
36.568 47.034 -4.403
39.436 49.033 -2.991
42.755 47.212 -3.124
45.677 47.498 -0.732
43.763 49.489 1.897
45.640 51.357 4.657
44.276 52.828 7.914
43.441 56.050 6.008
40.723 54.158 4.114
38.760 53.845 7.344
35.524 55.634 6.438
31.777 55.444 5.965
30.940 54.286 2.452
27.908 55.391 0.445
26.548 54.191 -2.872
24.546 57.001 -4.470
22.924 57.711 -7.828
17.073 60.457 -11.625
13.842 61.521 -13.401
10.854 59.348 -12.517
8.650 61.842 -10.699
8.182 65.504 -11.712
11.510 67.033 -10.670
14.749 65.100 -10.641
15.764 63.253 -7.478
18.939 61.556 -6.298
19.050 58.368 -4.277
22.015 54.501 0.731
22.505 54.413 4.498
26.255 53.896 4.364
28.465 51.370 6.178
31.543 52.264 8.246
34.589 50.208 7.342
37.505 50.253 9.736
41.016 49.186 8.755
43.019 47.854 11.748
45.009 44.709 12.643
