-7.649 5.995 1.626
-6.044 3.797 -1.009
-7.603 1.553 -3.650
-7.043 -2.057 -4.680
-3.449 -2.540 -5.998
-2.731 0.849 -4.429
0.525 1.834 -2.699
-0.078 2.000 1.034
3.569 1.962 2.086
7.192 1.630 0.995
10.162 3.959 1.531
9.851 7.221 -0.370
6.067 6.978 0.042
4.425 9.987 1.720
0.761 9.010 1.333
-1.915 7.368 3.484
-1.445 3.706 4.325
-5.069 2.651 4.805
-6.176 0.279 2.041
-9.755 0.451 0.784
-12.210 -1.867 2.562
-11.908 -5.530 1.594
-8.149 -5.132 1.033
-5.062 -5.001 3.219
-1.558 -3.578 3.010
1.165 -5.949 1.824
4.816 -4.942 1.807
6.174 -5.713 -1.632
9.816 -4.586 -1.117
11.684 -2.059 1.120
10.548 0.563 -1.398
6.972 -0.406 -2.212
3.938 -1.816 -0.427
0.871 -2.750 -2.412
-2.732 -3.167 -1.157
-4.253 -6.590 -1.946
