45.457 1.192 -1.008
45.821 3.105 2.276
44.941 0.431 4.844
47.755 -0.302 7.289
49.608 2.781 6.134
49.991 6.341 7.412
47.993 8.735 5.211
49.262 12.072 3.924
46.359 14.408 3.143
45.057 17.983 3.304
43.662 19.506 6.513
42.941 23.082 7.660
45.277 23.606 10.632
45.047 26.388 13.215
48.602 26.871 14.516
47.509 29.342 17.182
44.525 31.292 18.430
43.179 34.329 16.605
45.092 33.444 13.389
43.652 32.514 9.955
43.703 28.777 9.180
46.291 27.228 6.828
45.666 24.358 4.397
48.453 21.916 5.261
49.517 18.422 4.287
49.343 16.331 7.453
50.014 12.672 8.275
47.085 10.685 9.661
48.243 7.688 11.685
46.636 4.250 11.432
43.586 3.677 13.716
44.476 2.249 17.129
42.326 -0.176 19.133
38.563 0.552 18.899
39.119 3.440 16.435
37.682 4.291 12.997
39.559 6.093 10.187
37.061 8.102 8.136
37.240 9.879 4.782
35.265 13.117 5.359
33.045 14.018 2.372
31.398 17.148 3.852
31.494 19.254 7.027
29.500 22.262 8.206
31.051 25.144 10.151
29.619 25.728 13.669
30.013 28.748 15.956
31.709 26.534 18.559
34.637 26.205 16.120
34.933 30.000 16.245
34.578 30.096 20.050
37.834 28.171 20.581
39.667 30.114 17.850
38.521 33.612 18.829
36.874 33.547 22.299
38.159 30.822 24.626
41.545 30.478 22.942
42.859 28.038 25.559
46.652 28.239 25.306
47.332 24.487 25.511
44.708 23.808 22.839
46.860 24.735 19.825
47.926 23.762 17.217
44.625 22.123 16.185
42.376 20.946 13.344
38.837 22.210 14.057
35.565 20.746 12.754
32.849 18.615 14.395
29.832 18.519 12.027
30.837 16.162 9.226
29.761 12.954 7.491
31.838 10.329 5.702
32.724 6.806 4.617
34.713 4.317 6.716
38.193 3.794 5.271
39.604 1.255 7.783
39.060 0.135 11.387
41.385 -0.611 14.282
41.520 -3.884 16.223
38.495 -4.817 18.313
36.070 -3.227 15.849
33.231 -5.314 14.424
30.379 -2.811 14.018
31.985 -0.826 11.199
33.539 -1.950 7.902
35.029 -0.015 4.909
32.586 1.786 2.643
29.828 2.312 5.231
28.352 5.782 5.780
28.962 7.361 9.203
28.794 10.569 11.260
31.436 11.256 13.948
30.243 12.703 17.292
31.651 15.244 19.771
30.230 13.285 22.763
30.630 9.597 23.677
28.259 6.673 24.336
30.241 3.723 25.757
26.950 1.991 26.512
28.219 0.408 29.749
28.438 3.199 32.367
25.664 4.441 34.698
24.928 7.481 32.526
24.619 5.587 29.223
22.264 3.157 30.934
19.836 5.839 32.141
17.034 7.177 29.918
17.392 10.507 31.769
20.656 11.652 30.176
23.102 11.560 27.248
26.143 11.806 29.520
28.979 9.286 29.621
32.198 8.721 31.552
34.385 8.705 28.398
35.548 11.434 26.026
37.760 14.507 25.807
35.359 16.342 28.126
36.095 13.886 30.963
39.872 14.301 30.628
40.752 17.548 28.843
37.610 19.748 28.968
39.358 23.152 29.054
41.621 22.197 26.158
38.594 21.191 24.001
40.601 18.247 22.587
41.627 14.739 23.786
45.178 14.303 25.075
45.934 11.845 22.265
46.021 12.676 18.596
46.534 10.894 15.294
47.597 14.060 13.423
51.193 15.165 12.704
52.466 18.076 10.603
56.041 19.332 10.078
57.176 16.877 12.750
54.783 18.703 15.117
51.832 16.943 16.809
48.460 18.561 16.041
45.357 18.152 18.257
41.921 16.912 17.057
39.116 19.293 18.067
36.512 17.495 20.223
37.962 14.169 19.087
36.229 14.658 15.716
38.421 17.120 13.719
36.323 17.217 10.540
38.310 19.960 8.696
40.509 17.172 7.276
40.154 14.806 4.348
40.683 11.970 6.819
40.062 11.768 10.577
40.263 9.078 13.260
37.557 8.787 15.916
36.887 6.193 18.644
33.933 3.942 17.771
31.789 4.958 20.778
31.785 8.449 19.236
30.643 7.360 15.757
27.154 6.665 14.433
26.480 4.400 11.425
23.736 5.648 9.087
21.428 4.682 6.191
23.362 3.533 3.040
21.375 5.863 0.776
12.400 16.738 9.027
14.118 19.441 6.913
17.885 19.732 6.371
18.576 21.240 2.943
17.009 24.569 3.980
19.798 25.013 6.533
22.515 25.086 3.824
22.902 28.553 2.329
26.531 28.301 1.124
28.781 25.510 -0.263
32.509 25.904 -0.983
35.829 23.978 -1.021
38.004 23.386 2.053
40.533 25.919 0.715
37.891 28.612 1.344
37.585 27.769 5.059
38.549 31.296 6.210
35.779 32.730 4.002
33.126 30.515 5.619
34.395 31.466 9.061
34.219 35.146 8.097
30.612 34.734 6.912
29.666 33.176 10.258
31.565 35.941 12.084
29.233 38.460 10.452
25.988 36.478 10.589
25.984 36.379 6.793
24.867 32.733 6.543
22.885 29.959 8.234
25.239 27.035 7.463
28.165 26.844 5.021
29.025 23.248 4.057
32.540 22.401 2.796
33.634 19.833 0.202
37.037 18.090 0.592
