-4.794 -12.337 -10.116
-1.036 -12.441 -10.845
0.901 -13.485 -7.772
4.538 -14.053 -6.951
5.466 -15.631 -3.555
9.083 -15.898 -2.558
10.773 -18.300 -0.121
14.342 -19.007 0.821
15.788 -15.992 2.535
17.950 -16.278 5.623
21.445 -16.108 7.025
24.401 -17.586 5.101
28.080 -17.119 5.778
30.410 -15.309 3.341
31.496 -17.698 0.580
28.299 -19.623 0.916
25.672 -20.294 -1.684
21.878 -20.017 -1.292
19.018 -20.377 -3.750
15.840 -18.249 -3.522
12.509 -19.255 -5.028
9.512 -17.409 -6.341
6.262 -19.324 -6.860
4.174 -17.767 -9.572
0.535 -18.118 -10.510
-2.103 -16.235 -12.471
-0.357 -15.953 -15.846
1.663 -18.187 -18.253
5.018 -18.245 -16.547
6.840 -19.125 -19.772
5.591 -16.182 -21.825
7.227 -13.532 -19.590
10.597 -12.128 -18.814
11.250 -12.860 -15.134
13.464 -10.714 -13.025
15.092 -10.404 -9.617
15.734 -6.970 -8.069
17.279 -6.453 -4.570
16.908 -3.562 -2.116
19.871 -3.300 0.234
19.491 -1.310 3.506
19.296 2.379 2.625
20.246 1.824 -0.988
18.379 2.109 -4.252
16.613 -0.784 -5.904
19.188 -2.852 -7.941
18.161 -5.135 -10.827
20.204 -8.336 -10.925
19.146 -10.227 -14.016
16.416 -11.999 -15.923
15.431 -15.118 -17.819
13.383 -14.696 -20.957
10.288 -16.296 -22.344
9.811 -19.256 -24.713
9.644 -17.313 -27.936
12.999 -15.725 -27.148
14.620 -19.051 -26.273
14.661 -18.541 -22.487
17.821 -16.380 -22.527
19.337 -14.907 -19.385
20.935 -11.552 -18.762
22.710 -10.445 -15.528
24.001 -7.154 -14.198
27.805 -6.634 -14.018
28.059 -7.092 -10.215
26.186 -10.404 -9.948
27.335 -11.585 -13.391
28.902 -14.993 -12.820
27.885 -15.340 -9.228
24.145 -15.442 -9.688
22.093 -17.716 -12.002
18.414 -17.507 -12.808
16.360 -20.487 -13.992
12.858 -21.890 -14.123
11.805 -25.112 -12.436
11.141 -28.117 -14.646
7.607 -28.822 -13.392
6.551 -26.268 -10.857
5.941 -22.641 -11.948
8.937 -21.660 -9.789
11.561 -19.062 -10.585
14.955 -19.432 -8.934
17.921 -17.218 -8.104
21.022 -19.300 -7.361
23.627 -17.225 -5.625
27.175 -18.307 -5.028
30.223 -16.922 -3.222
27.973 -14.545 -1.294
29.420 -11.602 0.584
28.228 -9.022 3.164
27.317 -6.425 0.469
24.744 -8.896 -0.898
22.573 -8.576 2.312
19.245 -7.235 1.164
15.583 -7.765 0.517
15.196 -9.711 -2.745
12.218 -9.410 -5.070
11.202 -11.517 -8.014
9.429 -9.353 -10.541
7.647 -9.792 -13.864
8.434 -7.475 -16.799
5.269 -6.720 -18.706
7.182 -7.055 -22.021
10.705 -7.009 -23.295
12.915 -4.512 -21.417
9.801 -2.539 -20.483
8.604 -2.297 -16.827
7.974 -4.435 -13.704
4.203 -4.770 -13.387
4.069 -7.327 -10.534
6.391 -7.858 -7.625
6.818 -10.552 -5.003
6.435 -9.745 -1.290
10.192 -9.917 -0.857
12.476 -12.292 1.094
15.576 -11.278 3.061
19.138 -12.508 2.833
21.740 -11.752 5.474
25.327 -12.647 4.711
27.315 -12.845 7.912
29.508 -15.071 10.030
