29.236 87.343 107.943
30.995 87.890 111.240
30.819 85.468 114.113
28.528 86.812 116.799
28.273 86.219 120.471
24.816 84.939 121.321
25.337 83.841 124.919
27.924 82.908 127.521
28.824 80.271 130.078
29.401 81.697 133.585
31.844 79.833 135.859
31.959 79.657 139.631
34.476 81.925 141.383
34.928 79.520 144.287
34.389 76.040 145.581
34.161 73.222 143.086
34.053 74.315 139.454
30.454 74.716 138.228
28.718 76.660 135.431
25.500 78.060 133.975
24.513 79.643 130.638
23.056 83.014 129.790
21.352 83.346 126.446
21.864 86.948 125.219
20.840 86.729 121.661
18.104 85.092 119.669
18.144 83.968 116.023
17.103 87.093 114.193
19.385 89.208 116.370
22.251 86.919 115.527
21.785 86.913 111.727
21.626 90.712 111.769
24.698 91.181 113.932
26.467 88.704 111.619
25.731 90.725 108.483
26.676 94.063 109.962
29.541 92.825 112.089
28.341 95.478 114.528
27.486 94.189 117.967
26.925 96.819 120.605
25.762 94.421 123.335
28.233 94.540 126.176
30.338 91.448 126.670
30.645 89.693 130.007
32.526 86.639 131.306
35.271 84.552 129.616
33.500 81.626 127.812
31.251 82.934 125.006
28.763 80.996 122.999
29.237 82.094 119.416
27.649 81.385 116.139
27.860 81.800 112.356
24.757 81.432 110.211
25.170 77.673 110.192
27.016 76.598 113.305
27.429 77.323 116.936
30.360 76.649 119.185
32.392 78.142 122.022
35.103 80.857 122.271
37.328 81.540 125.264
39.133 84.724 126.282
42.617 84.001 127.611
45.065 86.855 128.342
43.083 89.522 126.470
42.496 87.469 123.346
39.241 85.706 122.470
40.191 82.267 121.075
38.253 79.566 119.200
38.724 76.791 116.566
39.581 77.470 112.912
37.259 74.598 111.907
34.406 76.710 113.320
35.344 80.371 112.788
37.415 80.049 109.603
38.963 83.492 108.995
35.786 85.353 110.018
35.660 88.708 111.760
34.060 88.908 115.245
30.999 91.239 115.567
32.085 94.089 117.815
30.982 97.517 119.138
32.880 99.555 116.576
32.291 97.135 113.734
33.858 93.790 112.770
37.062 92.809 114.642
39.615 91.092 112.376
41.492 87.986 113.536
44.698 88.861 115.288
45.892 85.253 114.988
45.100 82.436 112.619
46.935 79.166 113.037
45.324 76.609 110.727
47.798 73.965 111.952
46.841 74.135 115.617
43.222 74.820 114.627
43.330 78.083 116.651
42.256 81.615 115.769
42.224 84.595 118.045
40.676 88.044 118.101
41.649 90.903 120.343
38.909 90.704 123.047
36.189 93.376 122.865
35.653 95.662 125.866
33.677 93.882 128.561
35.544 90.613 128.080
37.199 89.095 131.133
39.931 86.555 130.676
41.064 83.329 132.054
44.832 83.125 132.701
47.307 80.251 132.261
47.398 77.513 134.909
50.607 77.541 136.966
49.838 74.472 139.161
50.438 71.744 136.590
47.504 69.610 137.854
46.597 66.522 135.889
42.989 66.767 137.046
41.233 68.750 134.306
37.713 70.050 133.607
36.095 70.591 130.205
33.255 73.184 129.943
30.529 72.447 127.362
28.012 74.740 125.668
25.303 73.191 127.852
27.229 74.453 130.852
28.253 70.941 131.871
31.621 70.521 133.577
33.161 67.127 132.641
36.269 65.778 134.494
39.244 64.873 132.302
42.544 63.201 133.167
45.479 64.876 131.389
47.488 62.384 129.306
49.713 64.531 127.109
50.284 68.194 126.327
47.157 68.204 124.161
45.257 65.007 125.036
42.979 63.947 127.902
40.923 60.957 129.070
37.254 61.256 129.923
36.607 59.627 133.297
33.281 58.746 131.633
33.169 57.948 127.953
30.196 59.694 126.304
28.588 59.605 122.808
30.227 62.128 120.494
26.977 64.072 120.064
27.337 65.263 123.653
30.584 67.186 122.963
29.538 68.631 119.613
29.165 72.387 119.763
31.747 72.588 122.534
34.669 73.292 120.226
36.379 76.427 121.459
35.659 75.559 125.067
38.351 75.585 127.778
40.077 72.769 129.649
40.432 74.147 133.183
42.607 73.029 136.068
41.215 72.618 139.605
42.053 76.315 140.258
39.955 77.336 137.282
42.897 78.504 135.195
43.284 77.701 131.560
45.006 74.595 130.348
43.873 74.464 126.692
41.008 74.936 124.286
38.976 71.981 123.260
38.933 71.143 119.561
38.141 67.430 118.974
37.142 64.122 120.496
38.863 60.799 120.087
36.252 58.149 119.573
35.890 54.429 119.396
32.831 53.461 117.338
31.201 56.794 117.968
31.883 56.841 121.728
34.295 59.557 122.914
36.878 58.248 125.346
39.313 61.230 125.101
39.638 64.774 124.027
42.134 66.753 122.051
42.869 70.363 122.870
45.221 73.225 122.013
47.633 73.656 124.944
47.792 77.037 126.652
51.587 77.293 126.082
51.126 77.347 122.297
48.768 80.322 122.703
51.342 82.051 124.849
53.948 81.422 122.185
51.535 82.706 119.568
51.151 85.855 121.628
54.914 86.337 121.885
55.395 85.957 118.119
54.941 88.218 115.021
51.423 88.864 113.749
52.710 89.448 110.230
55.132 87.129 108.402
56.870 87.681 105.111
