-7.178 -5.177 -19.122
-8.678 -2.704 -16.493
-12.331 -3.465 -15.682
-12.743 -1.568 -12.383
-11.235 1.210 -10.327
-11.570 1.851 -6.566
-10.058 5.075 -5.273
-10.489 8.687 -4.195
-12.143 11.373 -6.429
-9.508 14.053 -6.778
-11.265 16.309 -9.338
-14.326 16.523 -11.389
-14.357 18.233 -14.867
-17.359 16.793 -16.683
-17.272 14.571 -18.388
-13.786 13.798 -16.997
-13.129 12.567 -13.443
-9.690 12.043 -11.923
-9.518 9.021 -9.526
-6.482 8.453 -7.277
-5.519 4.991 -6.825
-2.469 4.390 -4.704
-0.812 7.580 -5.984
-1.802 7.014 -9.613
-4.373 9.518 -10.842
-6.510 7.871 -13.548
-8.580 9.997 -15.927
-11.961 8.499 -16.551
-14.479 9.642 -19.197
-18.075 9.272 -18.032
-21.404 9.876 -19.582
-23.119 12.750 -17.813
-25.871 10.535 -16.540
-23.258 8.472 -14.671
-21.440 11.550 -13.739
-24.339 12.900 -11.779
-24.168 9.823 -9.457
-20.514 10.317 -8.526
-19.695 11.092 -4.913
-17.920 14.240 -3.860
-14.347 14.964 -4.391
-12.430 13.557 -1.416
-14.509 10.531 -1.151
-14.126 6.992 -2.320
-15.654 5.889 -5.576
-16.020 2.624 -7.454
-16.220 2.760 -11.267
-16.581 0.058 -13.957
-14.304 0.735 -16.857
-13.956 0.137 -20.512
-10.555 0.536 -22.054
-10.183 2.133 -25.405
-7.045 1.926 -27.367
-6.499 4.549 -29.872
-3.904 5.757 -32.333
-2.377 8.378 -30.098
-4.096 7.526 -26.853
-5.236 5.052 -24.320
-8.538 5.898 -22.682
-10.830 4.712 -19.983
-14.599 5.121 -20.167
-16.334 4.603 -16.734
-19.782 3.716 -15.508
-21.531 3.316 -12.198
