78.746 35.713 -13.696
79.584 33.209 -16.399
81.984 32.818 -19.324
79.701 32.032 -22.274
82.158 31.897 -25.154
85.244 32.914 -27.086
84.979 35.218 -30.088
87.869 34.672 -32.514
88.000 36.277 -35.948
84.345 35.657 -36.701
83.967 32.438 -34.767
82.633 31.670 -31.305
84.272 28.682 -29.674
83.234 26.842 -26.535
85.341 27.407 -23.395
86.128 23.754 -22.589
88.237 22.994 -25.664
91.689 24.175 -24.628
91.856 27.078 -27.048
94.324 28.331 -28.073
97.119 25.789 -28.615
98.896 28.161 -30.960
99.673 31.864 -30.575
101.635 34.533 -32.439
102.309 38.255 -32.126
99.052 40.274 -32.332
96.776 37.294 -32.089
93.580 38.332 -30.326
90.219 37.094 -29.087
87.335 38.414 -26.980
86.143 36.409 -23.994
82.379 36.775 -23.622
80.619 37.176 -20.293
76.975 36.220 -19.859
76.049 35.779 -23.545
76.909 39.361 -24.585
80.240 41.221 -24.701
78.314 44.366 -23.806
78.345 42.856 -20.297
82.163 42.820 -20.062
82.272 46.395 -18.760
80.723 45.003 -15.561
83.986 43.261 -14.702
87.552 44.218 -13.951
89.810 42.371 -16.399
93.346 41.192 -15.679
95.973 38.800 -17.073
98.384 36.732 -14.938
101.247 36.992 -17.438
101.814 40.500 -18.850
102.563 42.039 -21.293
102.918 38.747 -23.209
99.190 38.270 -22.679
97.199 41.499 -22.419
93.524 42.127 -21.707
91.680 45.451 -21.885
88.404 46.601 -20.324
86.422 44.844 -23.048
87.759 41.375 -22.346
89.835 41.685 -25.493
92.864 39.393 -25.042
95.841 40.039 -27.268
99.099 38.112 -27.442
102.277 40.105 -27.758
105.028 37.624 -26.821
105.315 33.882 -26.213
104.266 32.119 -22.985
106.046 29.318 -21.114
103.363 27.964 -18.803
99.626 28.097 -18.190
98.219 31.623 -18.265
94.985 33.040 -16.846
92.815 35.975 -17.912
90.393 36.861 -15.105
87.077 38.691 -15.005
86.220 40.027 -11.543
82.634 41.127 -10.864
82.442 44.839 -10.041
79.109 44.266 -8.282
80.235 41.275 -6.228
84.035 41.674 -5.904
84.299 38.384 -4.019
83.312 36.712 -7.312
85.468 36.268 -10.376
85.803 33.876 -13.319
89.018 32.948 -15.092
89.876 31.583 -18.525
92.939 29.351 -18.429
95.088 28.286 -21.363
98.539 26.914 -22.026
99.844 27.470 -25.583
