4.491 8.946 4.713
1.131 8.938 2.941
1.937 6.632 0.057
0.815 3.311 -1.348
3.897 1.313 -2.135
1.759 -1.190 -4.102
0.669 0.855 -7.120
3.332 3.472 -6.367
0.669 6.204 -6.140
0.145 8.290 -3.021
-2.842 7.767 -0.763
-5.712 10.150 -0.119
-6.536 10.476 3.601
-10.001 9.045 4.223
-9.936 5.965 2.007
-6.683 4.063 2.358
-6.479 1.369 4.998
-3.389 1.649 7.198
-1.358 -1.389 8.230
0.381 0.434 11.084
2.207 3.282 9.361
2.397 1.796 5.851
-0.791 3.036 4.025
-2.309 1.172 1.076
-5.376 1.751 -1.064
-8.550 -0.234 -0.405
-8.155 -1.892 -3.817
-4.369 -2.260 -3.545
