11.154 7.669 72.708
12.507 4.308 71.508
9.795 1.642 71.399
12.493 -0.977 72.016
13.549 0.904 75.161
9.901 1.176 76.207
9.469 -2.597 75.818
12.716 -3.396 77.642
14.119 -5.009 74.490
16.954 -2.449 74.260
19.865 -4.878 74.074
18.061 -8.152 73.387
18.521 -10.695 70.583
15.845 -9.383 68.219
16.318 -12.266 65.762
14.845 -14.746 68.296
11.412 -16.245 67.373
9.511 -14.869 70.374
10.832 -11.344 69.924
10.193 -11.496 66.151
6.535 -12.362 66.800
6.123 -9.673 69.449
7.531 -7.123 66.999
5.218 -8.217 64.172
2.345 -7.735 66.627
3.657 -4.277 67.497
3.941 -3.338 63.812
0.345 -4.451 63.283
-0.727 -2.362 66.281
1.146 0.677 64.966
-0.385 0.249 61.507
-3.839 0.216 63.082
-3.001 3.264 65.223
-1.855 5.207 62.143
-5.036 4.350 60.235
-7.204 5.445 63.196
-5.299 8.695 63.626
-5.525 9.304 59.869
-9.331 9.027 59.938
-9.645 11.150 63.095
-7.596 13.834 61.312
-9.803 13.749 58.223
-12.835 13.993 60.488
-11.228 16.848 62.422
-10.749 18.721 59.143
-14.467 18.281 58.465
-15.212 19.701 61.921
-12.810 22.610 61.344
-14.745 23.418 58.175
-18.088 22.950 59.961
-16.926 25.257 62.764
-15.860 27.814 60.144
-19.455 27.938 58.824
-20.909 28.181 62.341
-18.733 31.244 62.908
-16.944 29.891 65.982
-13.362 29.542 67.249
-11.093 27.152 65.331
-8.426 27.167 68.067
-9.553 23.946 69.822
-9.865 22.015 66.529
-6.534 23.321 65.211
-4.891 22.138 68.417
-6.415 18.672 68.053
-5.301 18.546 64.388
-1.731 19.367 65.441
-1.798 16.826 68.262
-3.033 14.287 65.752
-0.239 14.982 63.237
2.240 14.891 66.121
0.927 11.477 67.152
1.157 10.192 63.553
4.777 11.345 63.611
5.620 9.288 66.695
3.811 6.255 65.283
5.883 6.539 62.111
9.194 6.815 63.966
8.457 3.683 65.999
7.137 1.753 62.998
10.313 2.762 61.136
12.453 1.572 64.049
10.823 -1.872 63.897
11.095 -2.244 60.105
14.860 -2.320 60.596
14.552 -5.504 62.689
12.194 -7.727 60.660
