62.782 38.504 -28.962
63.847 42.058 -28.117
62.537 42.905 -24.644
60.724 46.221 -23.855
63.020 49.227 -23.956
62.277 52.750 -22.733
62.569 55.513 -25.335
65.311 57.701 -23.929
66.634 60.942 -25.437
69.825 62.969 -24.885
70.751 66.650 -24.904
73.262 69.113 -23.642
72.978 71.700 -20.924
75.964 73.926 -21.684
76.498 75.356 -25.198
79.813 74.264 -26.685
81.712 75.458 -29.730
83.487 72.465 -31.337
85.163 71.332 -34.551
84.886 68.363 -36.896
87.787 67.300 -39.075
88.417 64.556 -41.527
91.866 63.898 -43.081
92.671 60.763 -44.938
94.541 59.144 -47.813
91.927 56.416 -48.407
91.953 54.494 -51.697
89.376 57.136 -52.414
92.005 59.791 -53.193
92.582 62.301 -50.459
89.620 63.198 -48.331
89.414 66.496 -46.473
86.591 67.974 -44.458
86.630 70.668 -41.755
83.674 72.308 -39.961
83.474 74.494 -36.857
80.108 74.730 -35.097
78.368 76.051 -32.074
75.822 73.761 -30.444
73.567 75.123 -27.747
70.582 74.050 -25.670
67.042 74.891 -26.688
64.022 74.949 -24.377
62.748 71.416 -23.727
60.704 70.196 -26.660
61.926 72.899 -29.020
63.193 70.310 -31.428
66.060 71.213 -33.803
67.325 74.277 -35.561
70.272 74.452 -38.007
71.798 77.825 -38.861
74.370 78.366 -41.578
76.629 81.280 -40.636
79.432 80.694 -43.126
80.637 83.858 -44.883
82.913 84.294 -47.913
82.454 80.724 -49.081
84.787 79.349 -46.395
83.120 76.012 -46.983
82.188 75.502 -50.660
78.321 75.921 -50.961
78.067 72.430 -52.499
79.136 70.912 -49.178
76.705 72.497 -46.737
74.012 69.889 -47.539
76.559 67.293 -46.748
77.665 68.649 -43.366
73.954 68.729 -42.496
73.386 65.118 -43.584
76.384 64.329 -41.366
75.029 66.258 -38.423
71.616 64.663 -39.037
73.012 61.108 -38.808
75.155 61.654 -35.764
72.103 62.890 -33.911
70.331 59.530 -34.117
72.683 58.120 -31.500
73.946 60.305 -28.674
77.176 59.318 -26.943
75.637 58.684 -23.494
73.491 55.532 -23.947
73.047 55.908 -27.696
69.590 57.440 -28.087
68.324 60.290 -30.278
69.799 63.708 -29.585
67.178 66.449 -29.254
66.509 70.059 -28.278
69.667 71.622 -29.718
70.456 74.357 -32.142
73.517 74.029 -34.290
75.130 76.937 -36.069
77.757 76.258 -38.768
80.111 79.257 -38.555
83.546 78.288 -39.946
85.715 75.515 -41.356
88.079 74.971 -44.302
88.494 73.000 -47.499
91.030 71.681 -49.945
90.649 72.725 -53.613
90.967 69.161 -54.867
90.887 67.024 -51.709
87.538 68.193 -50.336
84.582 65.898 -50.969
80.980 65.347 -49.993
81.746 62.404 -47.766
84.762 64.084 -46.247
82.331 66.818 -45.118
79.589 64.431 -43.959
82.009 62.617 -41.670
83.329 65.919 -40.279
79.743 67.002 -39.606
79.074 63.795 -37.633
82.244 64.140 -35.591
81.786 67.766 -34.694
78.469 66.746 -33.223
79.567 63.603 -31.286
81.996 65.960 -29.568
79.555 68.808 -29.090
77.202 66.529 -27.176
79.951 64.844 -25.135
81.349 68.209 -24.121
78.168 70.131 -23.387
77.435 68.515 -19.967
74.937 66.055 -21.539
