15.844 5.391 -23.505
17.457 7.059 -20.494
16.358 5.560 -17.188
17.120 7.578 -14.064
16.599 6.219 -10.568
15.541 8.684 -7.917
13.995 8.966 -4.469
11.571 11.513 -3.046
13.318 14.064 -0.825
12.560 13.829 2.898
13.815 17.381 3.465
14.333 20.561 1.448
16.111 23.904 1.666
19.718 25.113 1.637
20.923 22.857 4.434
19.382 19.682 3.038
20.608 20.413 -0.493
24.185 20.969 0.664
24.044 17.673 2.592
23.070 15.806 -0.591
25.915 17.320 -2.591
28.456 16.549 0.142
27.244 12.952 -0.100
27.747 12.518 -3.859
24.118 13.271 -4.770
22.159 16.350 -5.799
18.579 17.682 -5.755
16.182 17.985 -8.693
12.522 18.851 -9.253
9.778 17.388 -11.429
6.957 19.752 -12.374
4.317 20.329 -15.026
0.772 19.123 -15.576
-1.894 18.662 -12.911
0.126 16.649 -10.397
1.985 18.596 -7.725
5.747 19.137 -8.115
7.892 16.247 -6.921
11.190 17.050 -5.195
13.740 14.276 -5.766
17.405 13.396 -5.212
19.760 11.851 -7.742
23.096 10.042 -7.878
25.529 12.683 -9.127
28.038 10.608 -11.087
25.476 8.383 -12.809
23.384 11.300 -14.076
26.501 13.312 -14.956
27.690 10.524 -17.267
24.212 10.224 -18.751
23.872 13.939 -19.484
27.267 13.911 -21.196
25.356 12.674 -24.263
23.504 15.440 -26.123
20.376 13.273 -26.424
19.920 13.664 -22.670
18.601 17.146 -23.386
16.353 16.353 -26.353
14.781 13.002 -25.489
11.901 12.132 -23.228
13.553 10.467 -20.217
12.202 8.013 -17.668
12.662 8.704 -13.968
12.018 5.768 -11.683
10.976 7.067 -8.276
8.784 5.284 -5.753
7.716 2.349 -7.919
6.513 3.933 -11.162
8.035 5.669 -14.189
7.272 9.334 -14.851
8.371 10.450 -18.375
9.995 13.870 -18.460
12.333 16.117 -20.425
15.299 18.067 -19.059
14.047 21.646 -18.683
16.984 23.291 -16.961
20.311 22.539 -15.339
22.407 24.388 -12.791
26.113 23.557 -12.932
28.738 24.315 -10.299
30.255 27.810 -10.698
33.797 26.440 -10.985
33.647 22.638 -10.685
32.648 19.887 -13.169
29.526 18.960 -11.205
25.743 19.161 -11.461
24.066 21.363 -8.823
20.372 20.945 -9.697
18.066 19.880 -12.538
14.497 20.849 -13.489
12.500 18.088 -15.196
9.212 18.857 -16.912
6.572 16.135 -17.243
6.045 14.908 -20.794
