38.145 7.039 -13.125
40.611 7.145 -10.172
42.754 9.877 -8.533
45.116 9.313 -5.595
45.955 12.309 -3.377
48.906 12.044 -0.939
47.505 13.804 2.179
49.736 15.243 4.949
48.092 13.491 7.942
44.929 11.833 9.238
41.655 13.632 9.798
40.515 14.101 13.404
36.854 13.290 12.522
34.208 13.677 9.769
32.023 16.415 11.328
33.775 19.708 10.461
31.778 21.575 13.103
34.029 20.094 15.810
37.481 20.815 14.307
39.589 23.690 12.915
42.322 21.819 10.963
42.688 22.053 7.154
43.843 18.379 7.200
40.491 17.434 8.698
38.493 19.800 6.487
40.013 18.301 3.269
38.692 14.892 4.327
35.263 16.045 5.556
33.544 19.344 4.662
35.286 19.656 1.269
34.355 16.235 -0.177
31.215 15.283 1.723
29.112 18.349 2.494
27.819 21.727 1.249
27.204 25.116 2.892
24.342 27.620 2.422
26.740 29.725 0.309
30.041 28.823 -1.275
33.304 30.406 -2.363
33.714 30.555 -6.149
36.728 28.273 -6.893
39.995 30.160 -7.196
38.643 33.274 -5.396
37.108 34.510 -2.060
33.889 35.687 -3.783
30.667 34.107 -2.469
27.983 32.416 -4.574
24.845 30.320 -4.103
25.230 26.913 -2.478
22.427 24.974 -0.712
20.626 28.335 -0.780
19.842 29.329 -4.419
19.361 32.967 -3.270
19.478 35.233 -0.181
17.955 38.568 0.816
19.048 41.102 3.426
16.614 43.464 5.153
16.918 47.257 5.024
18.436 47.465 8.463
20.969 44.774 7.575
19.876 42.536 10.467
17.570 39.902 8.904
18.919 37.379 6.382
16.443 35.325 4.302
17.747 32.101 2.614
15.583 30.404 -0.036
16.686 26.772 -0.173
17.388 24.700 -3.261
14.742 22.109 -4.130
15.594 18.466 -4.930
18.833 18.080 -2.973
19.745 14.525 -2.047
21.561 13.045 0.945
24.021 10.131 0.944
23.213 6.743 2.487
25.067 4.138 4.501
24.689 0.665 6.031
22.404 2.152 8.626
20.779 5.121 6.863
18.667 5.622 3.760
16.950 9.029 3.568
13.196 9.399 2.902
13.253 13.136 2.093
15.538 15.720 0.546
17.187 18.824 2.046
14.820 21.266 3.876
14.771 24.006 6.583
14.879 21.480 9.485
18.294 20.335 8.328
19.581 23.909 8.228
18.126 25.068 11.608
19.484 21.914 13.335
22.999 22.567 12.000
23.362 26.028 13.610
21.053 25.358 16.623
23.302 22.404 17.608
26.328 24.756 17.990
24.506 27.722 19.650
21.828 26.185 21.898
22.880 24.153 24.951
19.260 22.903 25.159
19.644 21.042 21.825
19.997 17.264 22.424
23.106 17.136 20.188
24.921 20.144 21.804
27.119 18.028 24.136
27.414 15.116 21.671
31.050 14.221 20.983
32.140 16.868 23.456
30.481 19.978 22.086
33.587 21.818 20.961
32.252 24.324 18.391
35.556 26.205 18.231
35.304 28.174 14.913
31.597 28.935 15.496
32.672 30.572 18.747
35.863 32.028 17.209
33.887 33.949 14.540
31.589 35.458 17.270
28.394 33.762 16.116
26.911 32.967 19.564
26.700 36.706 20.212
26.071 37.980 16.645
23.176 35.639 15.982
20.029 36.565 17.861
17.861 33.862 16.304
17.924 31.219 13.575
14.399 30.393 12.346
12.365 28.212 10.006
9.959 30.201 7.818
8.706 27.154 5.876
10.211 23.856 4.700
12.297 25.706 2.060
13.041 29.020 3.786
15.275 29.970 6.713
15.956 33.295 8.456
18.758 34.537 10.636
18.340 37.722 12.704
21.528 39.331 13.912
22.336 41.768 16.721
23.962 44.135 14.168
24.556 44.632 10.434
27.427 42.449 9.345
28.391 42.157 5.703
31.011 39.424 6.412
28.206 37.150 7.702
27.766 35.589 4.230
31.497 34.693 4.082
31.209 33.135 7.566
28.384 30.821 6.234
30.703 29.636 3.407
33.276 28.384 5.988
33.759 24.626 6.676
32.254 24.673 10.209
28.972 25.834 8.603
28.442 22.589 6.627
24.814 21.356 6.725
24.000 18.118 8.569
21.061 15.763 8.203
18.310 16.138 10.812
16.569 12.926 9.663
19.782 11.016 10.185
20.506 12.771 13.535
17.021 11.861 14.814
17.620 8.248 13.763
21.047 7.971 15.476
19.660 9.591 18.648
16.859 7.022 18.344
19.223 4.016 18.043
21.009 5.321 21.154
24.189 6.061 19.169
24.234 9.796 18.529
28.046 9.901 18.102
27.524 8.061 14.753
26.312 11.333 13.184
29.857 12.599 13.741
31.766 9.388 12.958
29.769 7.998 9.985
29.079 10.987 7.804
25.978 11.670 5.772
26.084 14.823 3.560
24.856 16.403 0.347
28.372 16.812 -1.156
29.909 15.555 -4.407
31.710 12.496 -2.903
30.512 9.815 -0.436
32.759 8.065 2.097
33.352 4.386 1.300
36.164 3.252 3.591
38.570 4.660 6.158
41.676 3.333 7.972
43.678 5.867 10.037
47.192 4.471 9.475
46.671 3.966 5.706
43.929 5.548 3.589
40.546 7.077 2.844
38.357 5.982 -0.038
35.548 7.971 -1.587
33.250 7.594 -4.590
31.430 10.125 -6.745
27.940 10.723 -5.348
25.487 9.722 -8.093
22.613 11.711 -6.572
24.597 14.966 -6.399
22.548 18.107 -6.925
25.439 19.745 -8.773
27.502 18.401 -11.636
28.816 14.945 -10.775
32.566 14.641 -10.225
34.478 13.340 -13.276
36.614 11.280 -10.859
34.777 8.116 -9.920
37.067 6.973 -7.108
38.997 9.374 -4.878
41.684 7.934 -2.615
43.626 9.696 0.124
46.998 8.133 0.940
47.987 9.456 4.401
51.627 10.453 4.160
53.017 12.781 6.832
56.606 12.863 5.476
56.943 15.392 2.592
59.913 13.621 0.980
57.901 10.435 0.729
55.020 12.461 -0.752
57.259 13.695 -3.592
58.742 10.203 -4.035
55.200 8.792 -4.431
54.333 11.582 -6.843
57.336 10.664 -9.008
56.250 7.019 -9.233
52.667 8.074 -10.124
51.490 6.458 -6.874
49.698 9.769 -6.201
48.939 12.626 -8.653
48.507 15.518 -6.192
50.308 16.512 -2.950
50.480 19.534 -0.565
53.304 21.297 1.342
56.416 20.154 -0.485
59.804 20.325 1.247
61.266 23.826 0.803
64.404 22.060 -0.385
62.474 20.280 -3.185
61.062 23.408 -4.883
63.979 23.908 -7.283
63.808 20.285 -8.556
59.957 20.342 -8.927
60.287 23.463 -11.056
62.342 21.454 -13.527
60.247 18.236 -13.288
58.507 17.834 -16.643
55.907 15.299 -15.358
54.236 18.007 -13.197
52.836 21.525 -13.077
54.230 23.254 -9.919
51.248 25.504 -9.233
51.748 28.725 -7.259
49.648 31.346 -5.416
49.902 34.017 -2.710
48.807 32.607 0.703
45.887 34.138 2.620
48.211 36.004 4.997
50.496 38.971 5.725
53.614 39.752 7.809
54.216 43.296 9.161
56.198 45.452 11.599
53.892 47.671 13.665
54.882 51.162 14.771
53.291 51.990 18.189
52.020 55.520 17.340
51.537 56.221 21.079
55.325 56.120 21.618
57.342 59.178 20.531
58.762 59.765 18.007
56.536 57.149 16.239
53.487 59.426 16.631
54.742 61.550 13.682
53.779 60.216 10.226
56.998 61.620 8.793
59.051 59.396 11.117
57.055 56.257 10.272
57.575 57.030 6.577
61.302 57.541 7.090
61.764 54.162 8.764
59.866 52.597 5.852
61.929 54.274 3.115
65.167 53.377 4.914
64.517 49.616 4.638
65.727 47.526 1.695
62.750 45.244 1.342
63.873 43.472 -1.829
66.954 42.270 0.092
64.722 40.986 2.909
62.360 39.062 0.581
65.337 37.361 -1.033
67.348 36.533 2.124
64.517 35.711 4.533
61.777 34.123 2.356
64.041 32.670 -0.340
61.285 32.047 -2.872
58.532 31.215 -0.374
57.171 34.770 -0.275
56.499 37.975 -2.197
56.774 41.655 -1.425
53.573 43.140 -0.036
52.268 46.684 -0.620
48.707 46.215 0.799
47.490 44.449 3.960
45.399 41.892 1.976
46.932 39.521 -0.633
45.983 39.899 -4.353
43.881 36.716 -4.181
41.183 38.580 -2.196
38.565 40.924 -3.739
38.871 44.667 -2.998
42.666 44.614 -3.659
44.040 47.990 -4.806
46.610 47.342 -7.511
46.970 51.113 -8.087
48.984 51.591 -4.870
52.701 52.160 -5.585
54.808 50.759 -2.716
57.455 52.705 -0.810
60.870 52.598 -2.524
64.224 51.892 -0.831
65.528 55.475 -0.387
67.841 56.358 2.483
68.256 59.920 1.258
64.529 60.519 1.395
64.460 58.928 4.873
67.150 61.431 6.112
65.237 64.340 4.620
62.060 63.135 6.412
63.899 62.771 9.716
65.233 66.351 9.386
61.756 67.802 8.712
60.476 65.876 11.773
63.223 67.653 13.748
65.240 64.418 14.229
68.115 65.138 11.873
70.225 63.263 14.378
68.223 60.116 14.751
67.255 58.464 17.980
67.116 55.072 19.666
64.275 52.509 19.476
63.410 48.876 20.236
62.520 46.194 17.640
60.678 43.064 18.778
61.463 39.984 16.677
59.020 37.035 16.425
60.125 33.988 18.449
58.237 31.497 16.258
58.368 30.727 12.505
55.330 31.480 10.296
54.559 31.345 6.544
54.231 35.135 6.535
57.657 35.512 8.320
59.943 32.476 8.291
63.080 33.991 9.825
62.336 36.958 12.121
65.822 37.016 13.636
67.526 37.458 10.279
64.923 40.073 9.268
65.468 42.129 12.442
69.251 42.109 11.874
68.613 43.414 8.356
66.248 46.165 9.493
68.701 47.098 12.312
71.468 47.535 9.671
69.183 49.656 7.415
68.009 51.975 10.225
71.584 52.476 11.574
72.448 54.142 8.232
69.903 56.897 8.805
70.980 57.405 12.423
68.473 55.112 14.168
69.955 52.754 16.752
67.654 49.761 17.224
67.709 47.315 20.144
66.412 43.855 19.085
64.186 42.161 21.724
62.327 38.894 22.004
60.409 36.797 24.491
58.941 33.292 24.550
55.753 33.199 22.387
53.097 33.363 25.128
54.942 36.206 26.897
55.726 37.966 23.601
52.002 37.944 22.838
50.922 39.018 26.308
53.265 42.044 26.523
52.694 43.218 22.902
48.919 43.089 23.605
49.441 45.659 26.405
51.486 47.908 24.062
54.808 47.434 25.908
56.756 47.586 22.616
57.959 50.490 20.522
57.993 48.350 17.263
56.941 44.654 16.844
56.848 41.985 14.116
53.442 40.322 13.826
51.109 38.961 11.031
47.706 37.448 10.260
46.161 34.457 8.478
42.666 35.043 7.047
39.620 33.160 8.404
36.871 33.898 5.852
38.486 35.547 2.783
36.643 38.873 3.553
38.626 42.181 3.679
36.960 43.088 7.018
38.771 40.107 8.640
42.126 41.832 7.938
41.434 45.633 8.132
39.070 45.697 11.131
40.573 42.863 13.186
44.110 44.295 12.910
43.872 48.103 12.385
40.529 49.426 13.821
39.951 51.614 16.912
38.203 48.644 18.571
41.211 46.382 17.908
43.466 49.062 19.492
41.366 49.047 22.702
41.598 45.258 22.599
45.387 45.274 22.003
45.515 43.253 18.737
46.019 46.519 16.770
49.772 46.612 17.672
50.175 50.068 16.054
47.587 51.483 18.526
46.367 53.404 15.475
42.843 54.836 15.790
42.311 57.088 12.757
38.967 58.668 11.740
39.564 58.684 7.934
40.216 54.891 8.249
37.206 54.269 10.530
35.096 56.285 8.096
35.795 53.590 5.459
35.833 50.236 7.345
32.703 50.761 9.482
30.369 51.641 6.573
32.043 48.841 4.554
31.229 46.230 7.191
27.608 47.451 7.527
26.622 47.687 3.869
25.163 45.022 1.616
26.148 46.682 -1.674
29.235 44.726 -2.818
30.225 47.401 -5.324
30.213 49.962 -2.527
32.274 47.533 -0.355
34.945 47.265 -3.061
35.209 51.088 -3.329
35.593 51.513 0.467
38.324 48.840 0.970
40.315 50.205 -1.989
40.353 53.643 -0.469
41.293 52.127 2.952
44.465 50.802 1.274
45.256 54.383 0.253
44.841 55.669 3.815
47.056 52.939 5.252
49.707 53.661 2.636
49.743 57.431 3.343
49.756 57.068 7.156
52.175 54.115 7.401
50.972 52.671 10.741
52.974 49.511 9.936
55.804 48.484 7.611
53.977 45.903 5.416
56.525 43.186 4.452
55.093 40.203 2.568
52.572 37.478 1.778
53.712 33.805 1.658
53.842 31.835 -1.623
51.957 28.479 -1.740
53.301 25.603 -3.930
51.093 22.688 -5.086
52.584 19.907 -7.244
50.083 18.342 -9.681
50.961 15.634 -12.274
50.181 16.749 -15.878
47.490 14.059 -16.503
45.265 15.856 -13.959
43.050 18.424 -15.660
41.054 21.285 -14.161
42.812 21.682 -10.758
42.613 25.215 -9.317
44.522 26.422 -6.250
42.195 27.684 -3.470
42.933 31.030 -1.808
41.448 29.653 1.432
43.912 26.756 1.524
41.798 23.606 0.974
42.495 21.006 -1.776
39.544 20.287 -4.036
38.935 17.354 -6.406
35.314 17.654 -7.462
36.044 19.659 -10.612
38.987 17.646 -11.999
39.384 14.890 -14.572
42.257 12.466 -15.138
43.882 11.783 -18.498
