4.212 -4.007 30.788
1.913 -2.573 28.095
0.004 -5.286 26.304
-2.885 -5.160 23.808
-4.980 -8.075 22.494
-7.574 -8.154 19.695
-10.320 -10.750 19.315
-13.613 -11.455 17.603
-12.374 -11.611 14.035
-13.548 -14.461 11.843
-15.409 -15.574 8.736
-18.519 -13.556 7.814
-20.815 -13.374 4.775
-20.977 -10.216 2.613
-23.475 -7.961 4.341
-23.385 -9.349 7.868
-22.183 -7.477 10.964
-19.274 -8.282 13.262
-17.831 -6.718 16.416
-14.124 -6.439 17.243
-12.653 -6.210 20.718
-9.255 -4.975 21.918
-8.359 -5.820 25.521
-5.795 -3.454 27.088
-3.591 -3.877 30.185
-0.303 -2.667 31.648
-1.059 1.060 31.574
-3.668 3.651 32.532
-6.115 2.889 29.698
-8.463 5.671 30.764
-5.864 8.349 29.923
-5.009 7.328 26.360
-6.516 7.654 22.904
-7.069 4.447 20.920
-6.906 3.645 17.191
-7.888 0.899 14.772
-5.818 0.194 11.667
-6.096 -2.550 9.029
-4.106 -4.220 6.306
-5.600 -5.941 3.257
-3.898 -9.124 1.998
-0.709 -8.106 0.232
-1.383 -4.408 0.725
-0.129 -1.757 3.119
-1.374 -0.166 6.340
-4.531 1.949 6.509
-5.835 3.915 9.449
-9.549 3.387 10.160
-10.687 5.006 13.421
-9.820 6.873 16.616
-11.614 7.554 19.910
-10.429 10.066 22.515
-9.842 9.011 26.150
-13.268 9.963 27.536
-15.003 8.644 24.433
-15.954 12.258 23.803
-14.523 12.396 20.267
-14.584 9.866 17.420
-13.215 10.121 13.853
-13.415 7.697 10.883
-12.018 7.486 7.321
-14.487 8.280 4.546
-14.587 4.608 3.523
-16.370 3.366 6.663
-18.458 6.368 7.769
-21.934 5.249 8.776
-20.958 1.570 8.779
-18.448 1.351 11.656
-18.855 2.618 15.217
-15.964 2.871 17.656
-16.484 2.827 21.413
-14.712 2.007 24.688
-15.380 0.910 28.279
-12.924 2.586 30.645
-14.133 0.178 33.292
-13.306 -3.128 31.612
-10.351 -1.505 29.835
-11.696 -2.518 26.464
-11.887 -0.889 23.031
-14.529 -1.948 20.480
-15.285 -1.666 16.769
-18.834 -2.413 15.582
-18.815 -3.160 11.850
-22.058 -3.303 9.846
-22.696 -3.948 6.141
-19.378 -5.742 5.565
-18.212 -5.549 1.951
-15.612 -7.872 0.402
-13.246 -4.893 0.315
-12.943 -4.940 4.102
-11.214 -8.318 4.280
-8.160 -7.502 6.419
-6.264 -7.956 9.698
-7.291 -5.300 12.224
-4.891 -3.871 14.824
-5.538 -1.638 17.828
-2.758 0.810 18.666
-2.156 3.056 21.638
-2.863 6.700 20.869
-1.692 9.833 22.610
-1.237 10.478 26.352
-2.727 13.496 28.123
-1.355 16.929 27.161
-0.005 16.150 23.690
-1.028 16.256 20.004
-4.259 14.327 19.485
-2.566 12.572 16.592
0.399 11.398 18.631
1.334 7.913 19.756
1.365 4.768 17.667
3.983 3.056 19.820
2.131 -0.102 20.913
0.067 -2.495 18.803
-1.838 -5.718 19.384
-1.194 -8.951 17.490
-4.379 -8.475 15.461
-7.452 -10.462 14.343
-8.350 -11.041 10.724
-11.829 -10.535 9.337
-12.336 -12.287 6.043
-15.674 -11.375 4.509
-16.609 -14.025 1.954
-19.268 -16.635 1.297
