52.193 31.921 123.736
54.542 34.985 123.854
56.532 33.754 126.902
56.869 30.201 125.549
58.022 31.846 122.292
60.793 33.927 123.768
61.529 31.054 126.119
61.964 28.589 123.190
64.019 31.243 121.364
66.232 31.747 124.293
66.950 28.100 124.872
67.390 27.580 121.176
70.103 30.201 120.989
71.667 28.395 123.896
71.549 25.007 122.142
73.145 26.873 119.223
76.400 27.599 121.140
76.603 23.980 122.085
76.236 23.243 118.403
78.731 25.664 116.658
82.494 25.832 117.365
82.043 29.322 118.868
80.850 27.377 121.888
80.246 30.227 124.364
78.200 28.021 126.619
78.280 26.373 130.049
76.135 24.073 132.120
75.838 21.909 135.221
76.136 23.491 138.700
79.891 23.343 139.188
81.016 25.021 135.967
78.136 27.461 135.880
78.826 28.735 139.360
82.495 28.580 138.378
81.885 30.524 135.159
79.472 32.768 137.021
81.978 33.402 139.817
84.737 34.313 137.390
84.057 36.758 134.593
80.824 37.883 132.999
78.562 35.151 131.448
75.726 36.999 129.607
72.588 35.124 130.589
72.106 32.633 133.367
69.546 30.052 132.495
67.779 28.129 135.197
64.792 25.766 135.380
61.866 26.977 137.620
62.181 23.839 139.747
65.639 22.565 140.480
65.978 19.955 143.111
69.152 21.660 144.410
69.768 23.081 147.874
72.540 25.461 148.926
73.735 25.456 152.537
76.593 27.104 154.486
75.265 27.755 158.014
79.102 26.404 150.780
77.698 23.183 149.306
75.284 22.587 146.433
73.535 19.283 146.795
70.423 17.657 145.334
68.121 15.785 147.645
71.077 13.365 147.776
71.461 15.533 150.905
70.528 12.468 153.044
74.170 11.434 153.554
77.398 11.995 155.522
77.060 15.755 155.922
79.771 15.787 158.652
78.026 18.499 160.781
78.085 22.325 160.932
81.092 24.650 160.382
71.046 29.628 155.161
69.867 26.288 153.700
68.355 28.279 150.803
67.242 26.551 147.582
69.748 27.364 144.841
67.433 29.261 142.520
66.180 31.172 145.501
69.791 32.299 145.950
70.419 33.130 142.296
67.476 35.578 142.285
68.374 37.718 145.306
71.901 38.360 144.091
72.418 37.881 140.344
72.088 41.601 139.647
75.781 41.573 140.685
77.489 39.118 138.309
76.828 40.525 134.856
72.972 40.601 134.934
70.064 38.725 133.251
68.467 35.733 134.945
66.086 33.592 132.909
63.922 31.087 134.781
62.501 28.703 132.188
60.150 25.760 132.246
60.005 22.339 130.773
56.805 23.174 128.925
58.655 22.754 125.640
61.059 20.434 123.890
63.680 23.090 124.448
63.120 23.420 128.238
62.446 19.752 128.699
65.803 18.942 127.034
67.510 21.770 128.870
66.472 19.959 132.024
66.408 16.294 131.219
69.624 16.772 129.296
71.813 19.332 131.014
70.453 19.552 134.536
68.450 22.709 133.847
71.196 25.141 134.834
73.654 26.547 132.336
74.606 29.821 130.779
75.370 31.736 127.597
78.932 32.933 128.145
80.588 35.966 126.508
83.927 34.339 125.622
85.016 30.713 125.607
86.124 29.238 128.894
87.898 25.981 129.482
86.435 23.487 131.928
88.604 20.476 132.722
87.773 17.187 134.441
84.915 16.715 136.926
