6.848 65.715 -33.425
3.169 66.713 -33.353
-0.039 64.755 -32.705
-3.703 65.698 -33.203
-5.289 62.420 -32.074
-5.707 60.295 -28.935
-2.234 58.853 -29.490
0.662 58.790 -31.965
3.954 56.827 -31.765
6.579 58.625 -29.655
9.624 60.217 -31.196
12.333 57.809 -29.979
16.066 58.103 -30.639
17.506 54.795 -31.910
21.042 55.814 -30.811
19.908 55.325 -27.223
17.495 52.669 -26.002
14.108 53.954 -24.790
14.808 57.693 -25.065
11.511 59.090 -26.334
9.880 62.495 -26.851
6.214 63.515 -26.928
4.656 66.835 -27.927
3.282 69.187 -25.258
-0.024 67.901 -23.857
0.949 64.270 -24.462
2.565 61.734 -22.157
4.476 58.516 -22.901
2.362 55.380 -22.583
2.709 51.639 -23.243
4.320 50.576 -26.495
6.280 53.843 -26.620
3.199 55.787 -27.646
2.348 59.375 -26.808
-1.193 59.642 -25.480
