-20.609 46.465 27.742
-17.093 45.145 27.307
-15.478 48.580 27.891
-11.702 48.476 27.330
-9.776 49.027 30.582
-6.100 49.385 29.674
-3.876 50.265 26.777
-0.191 49.957 26.717
1.784 51.566 23.929
4.854 49.319 23.885
5.465 45.641 23.283
8.604 44.950 25.298
9.372 43.962 28.934
7.513 46.841 30.395
4.695 46.303 27.998
4.028 42.652 27.467
4.315 42.026 31.156
2.242 44.990 32.161
-0.143 43.817 29.403
-0.198 40.264 30.772
-0.218 41.144 34.467
-3.052 43.399 33.590
-5.068 40.716 31.941
-4.456 38.475 34.892
-5.810 41.151 37.172
-9.060 41.226 35.219
-8.638 44.197 32.835
-9.530 44.273 29.154
-6.047 45.091 27.881
-4.514 46.102 24.570
-0.794 46.259 24.046
0.110 48.088 20.773
3.434 47.713 18.973
4.920 49.055 15.701
7.886 46.770 15.474
7.385 43.553 13.457
7.368 40.954 16.287
6.385 41.368 19.937
9.730 40.881 21.704
10.907 44.183 23.146
14.419 45.443 22.370
15.601 42.604 24.638
14.077 39.902 22.542
14.835 41.170 19.087
18.000 43.254 19.284
19.772 42.796 22.645
19.770 40.349 25.565
18.650 37.212 23.833
20.413 37.808 20.459
23.354 39.102 22.395
23.313 36.290 24.899
22.977 33.760 22.205
26.093 35.018 20.228
28.012 35.371 23.457
27.597 31.648 24.115
28.283 30.489 20.529
31.409 32.632 20.448
32.423 31.136 23.751
31.883 27.562 22.600
34.135 28.346 19.673
36.794 29.712 21.983
36.631 26.936 24.524
36.920 24.503 21.768
40.078 26.073 20.348
41.710 26.380 23.776
40.361 24.211 26.653
39.231 20.865 25.120
42.860 19.798 25.057
43.437 19.680 28.803
40.334 17.488 29.127
40.894 14.648 26.653
38.664 16.071 24.009
41.100 16.251 21.155
39.689 17.833 18.024
41.465 17.981 14.629
40.372 21.286 13.102
38.103 24.013 14.497
36.304 26.685 12.425
33.309 29.053 12.449
30.387 28.715 10.099
29.378 32.310 10.857
26.305 31.759 8.696
25.098 29.067 11.151
25.740 31.033 14.366
23.593 33.906 13.279
21.187 31.047 12.609
20.382 29.639 16.026
20.510 33.224 17.228
17.740 34.126 14.841
16.082 30.708 15.396
15.990 31.490 19.084
14.897 35.065 18.895
11.851 34.337 16.807
10.941 31.162 18.614
10.938 33.289 21.781
8.740 35.873 20.167
6.024 33.394 19.074
5.761 32.226 22.634
5.032 35.745 23.750
2.401 36.231 21.060
1.065 32.962 22.299
1.075 34.247 25.820
-1.066 37.160 24.812
-3.561 34.708 23.406
-3.630 32.719 26.640
-4.243 35.803 28.784
-6.506 37.559 26.306
-4.307 40.543 25.580
-5.528 42.142 22.380
-2.461 42.494 20.090
-2.718 45.523 17.841
0.119 45.853 15.294
0.737 49.534 14.630
2.230 52.874 15.700
0.395 54.688 18.456
0.017 58.414 18.663
-1.934 60.047 21.476
-5.136 61.649 20.292
-6.280 62.416 23.810
-5.497 61.528 27.423
-7.761 58.566 26.732
-7.764 57.641 23.047
-4.905 56.471 20.748
-4.858 56.576 16.945
-2.642 53.766 15.667
-0.464 54.717 12.676
0.091 51.899 10.109
-0.920 48.320 9.358
-1.087 49.181 5.629
-1.464 52.981 5.759
-4.755 53.075 7.737
-5.846 54.206 11.213
-7.290 52.092 14.076
-8.751 53.772 17.199
-7.846 52.215 20.565
-9.510 53.857 23.721
-9.064 53.144 27.478
-9.584 54.493 31.039
-5.829 54.086 31.781
-2.913 54.280 29.322
0.590 52.989 29.958
3.280 54.512 27.734
5.889 51.850 27.314
7.719 53.082 24.297
11.246 52.124 24.782
14.623 53.468 24.228
16.930 53.688 21.330
20.443 54.356 20.213
22.459 57.210 21.606
24.652 55.235 25.553
20.941 54.754 25.012
18.123 57.265 25.239
14.439 57.041 26.066
12.177 56.879 23.049
9.077 59.063 22.722
9.565 60.236 19.121
6.472 60.218 16.971
4.468 59.314 19.975
1.712 61.818 19.758
3.265 63.475 22.876
2.178 67.080 22.472
-1.622 67.007 22.184
-1.774 66.327 25.945
1.843 67.097 26.777
3.296 64.799 29.366
6.169 66.535 31.094
9.611 65.112 30.384
12.958 65.953 31.960
16.182 67.439 30.507
17.002 64.303 28.527
13.797 62.729 27.511
12.626 60.282 30.078
9.048 60.785 31.064
8.483 62.151 34.556
6.564 60.057 36.949
5.430 59.533 40.530
5.174 56.715 43.152
2.226 55.233 41.360
3.879 55.685 37.965
1.478 58.419 36.779
2.240 61.286 34.377
1.140 64.959 34.832
-1.835 63.811 32.791
-4.437 62.122 34.899
-4.982 58.841 33.090
-1.516 58.397 31.622
1.392 56.367 33.012
4.966 55.559 31.921
7.264 52.677 32.780
10.442 51.159 31.505
13.290 52.610 29.495
11.253 55.768 29.166
11.253 56.868 32.752
14.104 57.516 35.202
15.755 54.442 36.557
18.333 51.840 35.425
17.791 50.701 31.812
17.526 46.929 32.171
14.862 44.506 31.101
13.920 43.433 34.601
13.814 46.962 35.862
11.324 47.419 33.004
9.391 44.271 33.834
9.382 45.434 37.523
7.691 48.814 36.770
5.085 47.274 34.528
3.767 45.068 37.273
4.168 47.565 40.058
2.099 49.849 37.858
-0.689 47.403 37.189
-0.898 46.271 40.822
-1.515 49.905 41.751
-4.118 50.326 39.073
-5.830 47.286 40.374
-5.878 48.797 43.853
-3.231 46.567 45.399
0.144 47.956 46.471
2.928 48.012 43.864
6.600 47.604 44.863
9.669 48.802 42.981
13.196 49.455 44.213
