-9.966 14.057 59.651
-6.455 12.603 59.804
-4.642 13.793 56.677
-1.069 13.482 55.431
-0.099 15.872 52.637
3.225 15.081 50.974
5.382 17.352 48.801
5.351 17.145 44.996
7.383 15.178 42.453
11.140 15.661 42.657
13.876 15.516 40.034
17.415 15.303 41.418
20.869 14.714 39.980
22.950 11.663 40.891
25.103 12.396 43.933
22.790 15.163 45.100
20.438 15.177 48.066
16.719 15.861 48.374
14.284 16.526 51.208
10.631 15.513 50.989
7.918 16.555 53.411
4.746 15.178 54.941
2.397 17.684 56.535
0.030 16.184 59.088
-3.291 17.523 60.327
-6.395 16.261 62.101
-4.617 14.818 65.143
-1.965 15.616 67.758
1.244 15.407 65.716
3.582 14.698 68.642
1.422 11.814 69.901
2.214 9.469 67.000
5.293 8.307 65.134
5.617 8.976 61.403
6.999 6.210 59.199
8.275 6.341 55.628
7.991 3.693 52.913
9.706 3.240 49.552
8.252 1.675 46.420
10.443 1.316 43.348
8.862 1.494 39.879
7.096 -1.763 39.129
7.602 -3.564 42.422
7.283 -4.108 46.156
7.338 -1.902 49.215
10.183 -1.284 51.667
9.989 0.248 55.136
12.629 2.961 55.702
12.243 4.010 59.326
10.354 6.249 61.723
10.615 9.506 63.625
8.895 10.131 66.946
7.985 13.868 66.917
7.638 13.965 70.711
11.351 13.374 71.272
13.030 13.663 67.892
14.151 10.045 68.163
14.454 8.043 64.952
15.078 4.381 64.103
16.000 3.096 60.644
15.904 -0.048 58.580
19.592 -1.038 58.509
19.534 -0.714 54.711
18.663 2.993 54.879
20.973 4.164 57.673
23.080 7.070 56.389
20.876 7.125 53.288
17.705 8.563 54.766
17.580 11.153 57.543
14.230 11.602 59.292
13.308 14.788 61.145
10.150 16.514 62.361
9.004 20.071 63.024
6.475 20.290 65.869
5.465 23.874 65.071
4.457 23.020 61.493
3.345 19.454 62.245
5.537 18.261 59.381
7.762 15.210 59.037
10.781 15.354 56.728
12.929 12.796 54.978
16.277 13.677 53.468
17.974 11.267 51.061
21.683 11.750 50.344
24.208 10.528 47.756
21.382 9.804 45.327
21.692 6.994 42.777
19.265 5.562 40.229
18.288 2.949 42.837
16.748 5.831 44.796
14.205 6.602 42.085
10.850 5.552 43.508
7.649 6.659 45.173
8.000 7.525 48.863
5.105 7.523 51.327
4.722 8.691 54.893
2.329 6.874 57.202
1.183 7.611 60.746
0.464 4.399 62.650
-1.533 3.869 65.827
-0.277 1.377 68.394
-2.534 -1.523 69.330
-1.229 -5.086 69.510
1.416 -3.634 67.233
1.763 -0.682 64.872
-1.339 -0.308 62.698
-0.567 1.953 59.730
-4.047 3.381 59.314
-3.181 6.622 57.518
-0.989 7.244 54.489
0.130 10.242 52.481
-0.463 10.320 48.729
3.221 9.696 48.010
6.045 11.725 46.441
7.805 10.514 43.294
11.570 10.887 43.097
13.428 10.748 39.785
17.232 10.585 40.016
18.666 11.528 36.637
21.026 13.900 34.858
