58.246 -8.219 83.052
60.785 -7.058 85.647
63.343 -9.626 84.459
65.551 -7.207 82.491
65.175 -4.752 85.391
66.782 -7.099 87.936
70.339 -6.416 86.800
72.642 -4.556 89.205
74.090 -1.177 88.231
77.429 -2.677 89.291
76.868 -5.548 86.848
76.083 -2.897 84.218
79.254 -0.971 85.059
81.501 -4.040 85.371
80.507 -5.343 81.930
81.072 -1.959 80.270
84.450 -1.836 82.047
83.942 1.562 83.721
83.268 3.340 80.404
80.689 5.942 81.457
78.866 6.530 78.151
78.641 2.785 77.484
77.326 2.102 80.995
74.622 4.762 80.572
73.768 3.105 77.252
73.588 -0.465 78.585
71.456 0.635 81.545
69.135 2.698 79.328
68.516 0.027 76.675
67.864 -2.633 79.316
65.544 -0.250 81.181
63.644 0.952 78.115
63.309 -2.618 76.815
61.542 -3.529 80.063
59.444 -0.388 79.575
58.246 -1.912 76.296
57.808 -5.391 77.775
55.661 -4.099 80.643
53.351 -2.262 78.249
54.560 1.092 79.586
56.118 2.119 76.278
52.849 1.603 74.441
49.806 3.511 73.220
49.902 7.236 74.129
53.259 6.609 75.855
55.391 4.907 73.179
56.854 8.229 72.023
57.689 9.302 75.599
60.059 6.342 75.905
61.431 6.332 72.351
62.617 9.943 72.605
63.458 9.534 76.278
65.684 6.632 75.252
67.420 8.332 72.315
68.566 11.298 74.406
69.416 9.424 77.617
71.218 6.358 76.327
72.170 6.849 72.674
73.533 10.401 73.062
70.905 11.815 70.688
71.758 15.181 69.123
75.070 14.879 70.993
73.188 16.681 73.763
74.527 14.762 76.760
78.030 14.949 75.288
77.941 18.667 74.407
76.521 19.763 77.771
79.320 17.889 79.552
82.028 19.202 77.205
81.216 22.803 78.128
80.040 22.367 81.739
82.727 19.846 82.657
85.446 22.210 83.894
83.466 24.782 85.889
79.847 23.655 85.901
77.447 22.426 88.578
73.999 20.790 88.592
72.447 24.261 88.496
74.347 25.381 85.409
73.357 22.140 83.667
69.718 22.783 84.608
69.999 26.245 83.042
71.672 24.661 79.998
68.567 22.498 79.504
66.111 25.400 79.754
68.048 27.503 77.230
68.322 24.715 74.630
64.633 23.805 74.799
63.952 27.546 74.543
66.173 27.921 71.467
64.624 24.875 69.779
60.979 25.798 70.353
60.429 22.784 72.588
59.174 25.220 75.221
58.054 28.864 75.307
56.661 31.433 77.743
53.075 30.629 78.801
52.487 33.706 80.955
54.700 36.175 82.824
54.102 36.403 86.570
55.216 39.474 88.615
58.865 39.066 87.512
59.427 35.419 86.447
58.406 33.285 83.398
56.089 30.274 83.492
57.156 28.152 80.507
54.818 25.794 78.643
55.745 22.674 76.675
55.121 22.691 72.929
56.150 19.022 72.932
55.734 17.162 76.228
57.627 14.016 75.174
60.594 15.870 73.663
60.708 18.197 76.666
60.913 15.168 78.962
63.530 13.677 76.627
65.503 16.940 76.803
65.350 17.176 80.601
66.203 13.463 80.825
69.395 13.888 78.790
70.439 16.762 81.031
69.914 14.481 84.035
72.631 12.110 82.800
74.857 15.114 82.068
74.029 16.508 85.517
75.360 13.329 87.125
78.422 13.118 84.881
79.496 16.696 85.633
78.617 16.596 89.350
79.762 13.128 90.444
82.590 13.206 87.922
83.964 16.281 89.686
83.981 14.466 93.037
84.980 11.132 91.477
82.523 9.709 94.006
79.215 7.982 93.274
77.348 8.726 96.491
75.630 11.982 95.568
74.168 10.699 92.320
71.084 10.330 94.528
71.220 14.031 95.447
71.904 15.019 91.828
68.853 13.159 90.506
66.758 14.579 93.357
67.898 18.170 92.938
68.351 18.269 89.170
64.600 17.656 88.904
63.818 19.880 91.891
65.677 22.851 90.370
64.551 22.135 86.794
60.905 22.408 87.872
61.119 25.638 89.878
63.229 27.168 87.134
60.430 26.515 84.629
57.003 25.739 86.055
57.066 22.382 84.262
57.353 18.753 85.486
60.794 17.224 85.879
61.903 14.040 84.146
59.251 11.319 84.374
56.647 13.763 85.717
57.827 13.587 89.312
58.804 9.919 89.497
62.462 10.592 88.631
62.890 12.982 91.561
60.641 10.577 93.448
63.076 7.685 93.053
65.999 9.861 94.134
64.343 10.819 97.429
64.052 7.194 98.521
67.402 6.441 96.878
69.069 9.268 98.844
67.440 7.970 102.024
68.317 4.314 101.415
71.933 5.191 100.634
72.439 7.342 103.743
70.591 5.580 106.584
70.295 2.492 108.808
67.125 0.943 107.384
68.337 -0.675 104.162
69.556 0.007 100.649
73.313 0.304 100.316
75.769 2.129 98.072
74.771 3.189 94.523
76.043 0.148 92.633
73.830 -2.450 94.308
70.554 -0.909 93.138
68.837 -1.771 89.859
65.553 -1.357 88.005
64.047 -4.070 90.215
65.064 -2.744 93.645
61.940 -1.570 95.503
63.871 1.622 96.311
64.602 2.387 92.638
61.818 0.619 90.709
59.507 3.629 90.591
60.899 5.679 87.700
60.254 4.171 84.268
63.794 3.934 82.948
65.091 7.444 83.578
66.944 7.064 86.892
69.024 3.875 86.640
71.137 5.069 83.678
72.219 8.140 85.675
73.184 5.839 88.566
75.390 3.846 86.166
77.309 6.951 85.070
78.108 7.823 88.687
79.300 4.334 89.623
81.567 4.353 86.563
83.089 7.746 87.446
84.125 6.393 90.854
87.889 6.380 91.428
87.459 4.023 94.375
85.298 5.390 97.203
82.813 2.509 97.396
83.145 -0.579 99.580
80.600 -2.511 97.531
82.085 -1.648 94.145
81.867 -3.538 90.800
85.000 -5.406 91.896
83.341 -6.798 95.031
79.781 -7.532 93.866
80.200 -7.930 90.120
83.618 -9.529 89.566
82.635 -12.613 87.535
80.340 -10.561 85.293
83.008 -7.917 84.752
85.676 -10.467 83.828
83.744 -12.740 81.470
80.957 -10.519 80.107
83.510 -7.731 79.784
85.144 -9.851 77.081
81.984 -9.854 74.936
81.751 -6.889 72.567
78.038 -6.030 72.326
77.927 -6.164 76.124
81.022 -3.992 76.539
80.248 -1.528 73.749
76.531 -1.658 72.824
76.330 1.837 71.280
78.093 1.114 67.977
75.906 -1.986 67.551
72.525 -0.372 68.315
73.184 2.722 66.180
74.531 0.612 63.301
71.483 -1.647 63.641
69.306 1.485 63.645
70.849 2.778 60.405
70.267 -0.424 58.416
66.838 -0.832 60.033
65.867 2.555 58.578
65.819 1.231 55.002
