0.226 29.962 53.911
3.674 31.167 52.832
6.273 32.402 55.337
8.759 35.304 55.272
11.391 33.860 57.608
12.940 30.401 57.781
12.611 30.530 61.547
8.794 30.371 61.638
8.278 28.043 58.718
10.747 25.616 60.276
8.833 24.775 63.452
5.602 25.408 61.638
6.703 22.676 59.263
8.330 20.392 61.837
5.277 20.614 64.128
2.960 19.848 61.211
5.002 16.797 60.286
4.972 15.796 63.930
1.160 15.800 64.178
1.038 13.152 61.424
4.348 11.513 60.457
2.692 9.500 57.693
0.582 11.736 55.467
2.962 14.668 55.534
5.398 15.110 52.651
8.066 17.699 51.743
9.034 18.763 48.234
11.839 21.014 47.007
12.115 22.808 43.628
15.223 24.480 42.377
15.412 26.348 39.073
18.990 27.366 38.353
18.026 29.602 35.471
15.797 31.774 37.633
17.969 31.660 40.700
15.466 30.617 43.335
14.625 27.786 45.705
11.234 26.794 47.096
10.346 24.455 49.940
6.812 23.334 50.631
5.392 20.933 53.192
1.910 19.483 52.614
-0.668 17.182 54.163
-2.766 17.318 50.976
-5.095 19.602 52.872
-2.606 21.876 54.655
0.293 23.548 52.839
3.314 25.495 54.032
5.556 27.358 51.646
8.961 29.068 51.731
10.475 30.892 48.764
14.050 32.223 48.477
16.769 33.508 46.203
19.345 34.029 48.999
22.230 31.510 48.983
22.405 31.923 52.712
19.430 29.545 52.706
20.520 26.414 50.849
22.278 25.212 53.979
19.372 26.033 56.251
17.362 23.749 53.970
19.828 20.912 53.320
19.768 20.821 57.102
15.989 20.757 57.447
15.981 17.806 55.042
18.714 16.088 56.966
16.573 16.768 60.043
13.350 15.400 58.651
15.297 12.462 57.312
16.271 11.625 60.868
12.771 11.406 62.305
11.649 9.254 59.411
14.369 6.805 60.279
14.301 6.534 64.071
