40.825 126.653 74.550
37.508 124.913 74.710
35.373 126.617 77.395
32.858 123.847 78.009
30.769 126.193 80.127
27.951 127.263 77.929
27.768 123.801 76.638
27.104 122.850 80.253
24.738 125.608 81.302
22.647 124.776 78.279
21.859 121.237 79.410
20.996 122.578 82.848
18.308 124.942 81.614
17.239 122.069 79.429
16.460 120.528 82.809
18.205 119.205 85.851
16.789 115.675 85.943
15.990 113.339 88.777
15.411 109.622 88.727
15.052 108.165 92.139
11.936 107.562 94.032
11.805 109.018 97.501
11.935 105.426 98.641
15.485 105.386 97.347
16.744 108.844 98.092
15.735 108.104 101.653
17.638 104.884 101.870
20.852 105.935 100.251
20.741 109.123 102.274
20.546 106.797 105.306
23.652 104.983 104.124
25.752 108.040 104.690
23.801 108.673 107.908
22.090 111.921 106.701
19.221 113.616 108.579
16.426 116.085 108.697
18.586 118.678 110.431
20.765 118.116 107.427
17.977 118.740 104.980
16.207 121.533 106.716
18.963 123.340 108.525
21.676 123.234 105.981
20.712 122.087 102.510
17.606 124.148 102.260
19.073 127.567 102.984
21.540 126.839 100.271
18.801 126.290 97.705
16.680 129.076 98.979
19.046 131.938 99.741
22.021 130.617 97.838
24.099 131.125 100.897
25.173 128.786 103.546
23.600 128.299 106.855
24.564 130.662 109.594
24.265 129.613 113.237
25.382 130.216 116.774
26.985 128.977 119.993
30.015 126.638 119.889
30.429 123.143 118.661
29.859 121.037 121.633
29.527 117.674 120.040
32.077 114.937 120.518
35.044 115.079 118.258
34.232 112.653 115.518
36.586 109.811 116.379
35.097 109.693 119.773
31.646 109.899 118.256
29.084 107.335 118.889
27.435 107.934 115.572
28.389 107.496 111.955
30.249 110.616 110.925
31.785 110.927 107.482
35.444 111.273 106.626
35.040 114.891 105.965
34.443 115.281 109.671
37.989 114.269 110.549
39.619 116.625 108.078
39.911 120.088 109.604
40.150 123.161 107.373
43.483 124.867 107.896
43.528 128.619 108.032
46.073 131.201 108.679
47.225 133.096 111.752
50.078 135.332 111.933
52.311 134.236 109.224
49.939 135.514 106.505
46.510 137.216 106.306
43.359 135.612 104.982
41.461 137.513 102.264
37.999 138.976 102.010
36.097 136.782 99.646
33.167 139.142 99.685
34.650 142.522 99.267
37.557 141.154 97.268
36.023 138.367 95.196
37.374 139.813 91.989
40.893 138.555 92.696
39.902 135.123 93.630
38.896 132.313 91.244
37.658 128.765 90.632
38.618 128.127 87.057
39.190 124.501 86.353
41.031 122.930 83.389
41.134 119.381 82.261
44.360 118.387 80.423
46.640 121.402 80.702
49.464 119.486 82.257
52.411 119.330 79.850
55.657 121.139 79.656
56.091 123.979 81.941
59.307 124.175 79.891
57.698 124.661 76.469
56.430 127.957 75.105
54.181 126.901 72.275
50.478 127.553 71.540
49.822 123.857 71.936
49.577 124.717 75.619
46.137 126.193 75.348
44.504 123.017 74.146
42.441 122.028 77.176
38.825 122.144 78.407
37.871 124.771 80.965
35.094 125.037 83.539
34.574 127.925 85.854
33.794 125.792 88.876
34.961 122.387 89.892
31.259 122.142 90.643
28.728 120.317 88.441
24.921 119.730 88.631
23.893 116.324 87.396
22.841 118.027 84.205
26.132 119.749 83.434
28.020 116.764 84.604
26.742 114.462 81.873
27.005 117.308 79.489
30.722 116.995 79.977
30.984 113.319 80.482
29.668 113.027 76.956
31.804 115.539 75.281
34.549 113.312 76.751
33.495 109.851 75.719
35.970 107.305 74.502
38.337 109.509 76.442
36.825 108.918 79.857
36.989 105.919 82.144
34.731 105.011 85.004
35.935 103.409 88.111
33.664 101.714 90.604
34.413 103.284 93.951
32.553 100.575 95.813
32.912 97.334 97.699
31.176 94.125 98.509
29.861 93.593 101.981
30.030 89.876 101.692
33.718 90.917 101.178
35.556 89.955 104.359
37.723 91.808 106.805
39.801 93.120 103.958
37.033 94.229 101.705
37.734 97.937 101.571
41.527 97.488 101.326
41.575 95.407 98.157
38.857 97.641 97.012
41.216 100.566 97.337
43.929 98.597 95.549
41.635 97.743 92.681
40.533 101.240 92.066
44.150 102.281 92.151
45.161 99.707 89.574
42.152 100.172 87.307
42.844 103.821 87.108
46.440 102.920 86.251
45.546 100.698 83.385
42.984 103.135 82.143
45.484 106.005 82.082
48.190 103.908 80.547
45.702 102.449 78.120
45.227 105.967 76.749
42.412 107.280 78.984
42.429 111.051 79.700
39.664 111.547 82.295
38.601 109.469 85.203
35.296 109.230 86.759
35.221 107.808 90.143
31.834 106.820 91.577
29.549 105.318 94.308
26.586 104.904 91.905
26.800 101.263 92.122
26.126 101.387 95.832
23.493 98.798 96.789
22.281 96.232 99.319
25.328 94.244 98.361
27.947 96.925 98.017
29.027 99.578 100.497
30.426 102.763 99.088
34.104 103.622 99.442
34.372 106.981 101.213
34.749 109.286 98.248
37.373 111.303 100.091
39.501 108.222 100.702
38.866 107.028 97.209
39.830 110.281 95.616
43.076 110.498 97.616
44.081 106.951 97.168
43.713 107.583 93.517
45.299 110.926 93.073
48.307 110.000 95.172
49.158 106.730 93.505
48.637 108.680 90.332
51.370 111.127 91.406
53.464 108.290 92.645
53.570 106.961 89.173
53.861 110.070 87.190
50.386 109.713 85.687
48.321 112.323 87.305
49.809 114.519 84.686
47.812 112.632 82.101
44.225 112.863 83.449
41.611 114.936 85.027
40.009 113.177 87.997
36.270 113.591 88.505
34.137 112.342 91.313
30.486 111.532 91.758
29.432 111.286 95.358
26.299 110.219 97.007
27.558 111.372 100.512
28.515 114.853 99.544
26.226 117.710 100.676
27.948 120.844 102.197
30.763 123.190 101.277
33.335 121.461 103.482
32.967 118.101 101.676
33.709 119.802 98.414
36.785 121.588 99.746
38.270 118.361 101.103
37.601 116.366 97.952
39.027 119.075 95.788
42.184 119.582 97.737
43.037 115.954 97.991
42.902 115.620 94.221
39.478 116.029 92.597
39.269 118.133 89.531
35.574 118.083 89.402
32.802 117.059 91.756
29.109 116.290 91.400
26.971 115.919 94.484
24.434 113.825 92.739
22.286 112.453 95.565
21.824 115.847 96.902
20.489 117.459 93.793
18.201 114.532 94.150
17.331 115.332 97.728
16.854 118.905 96.502
14.124 117.857 93.963
12.180 115.772 96.420
12.010 118.849 98.625
11.009 120.833 95.580
8.073 118.613 94.660
6.417 119.325 97.944
6.772 122.904 96.907
9.054 123.635 99.795
10.849 126.092 97.564
7.578 127.470 96.254
7.190 129.151 92.868
10.956 128.623 92.085
12.001 126.297 89.313
14.143 123.346 90.274
16.617 124.697 87.798
17.057 128.064 89.489
17.035 125.737 92.484
20.343 124.084 91.530
21.794 127.341 90.256
21.583 128.674 93.776
22.840 125.492 95.361
25.781 125.838 93.120
26.532 129.414 94.016
26.371 128.558 97.608
28.941 125.918 97.116
30.972 128.088 94.911
31.154 130.928 97.352
31.364 128.062 99.672
34.894 127.207 98.478
36.106 130.652 97.696
35.686 131.053 101.405
37.142 128.011 102.892
40.126 129.012 100.618
40.472 132.608 101.775
40.970 131.271 105.279
44.734 130.775 104.446
44.888 133.723 102.059
44.585 131.543 98.998
43.054 133.243 95.943
42.782 130.416 93.474
41.628 126.894 93.254
44.408 125.420 91.066
47.047 125.944 93.728
44.560 124.830 96.355
43.757 121.639 94.594
45.449 118.532 95.883
47.361 120.747 98.273
45.994 118.692 101.164
45.153 121.702 103.333
43.504 119.880 106.137
44.699 118.478 109.306
43.449 115.055 110.206
42.263 114.504 113.709
41.366 110.906 114.403
42.559 108.814 111.481
45.767 106.755 111.688
49.148 108.119 110.776
49.998 105.244 108.603
46.759 105.700 106.666
46.899 109.400 106.161
50.374 108.957 104.873
49.684 106.038 102.688
46.709 107.645 100.849
46.235 111.359 100.992
48.650 114.111 100.143
50.764 115.325 103.015
48.750 116.244 106.033
49.493 115.917 109.700
47.600 113.495 111.810
49.277 114.063 115.189
47.523 111.122 116.613
46.915 108.228 114.467
43.307 107.201 114.662
41.152 104.595 113.043
42.287 102.836 109.982
40.809 100.907 107.104
39.585 98.219 109.315
37.680 100.578 111.491
36.518 102.652 108.633
35.305 99.484 106.960
33.430 98.372 110.011
31.641 101.664 110.561
30.870 102.144 106.876
29.224 98.806 106.756
27.231 99.369 109.915
25.537 102.438 108.729
25.047 100.455 105.505
23.014 97.751 107.190
20.961 100.449 108.690
19.792 101.307 105.231
19.396 98.103 103.241
18.394 95.912 106.044
14.853 97.215 105.925
12.351 99.926 104.957
13.171 103.574 105.464
10.391 106.204 105.293
12.070 109.038 107.297
15.615 109.993 108.234
16.144 110.497 111.895
16.001 114.009 113.208
19.570 114.637 114.025
21.095 116.483 116.922
24.332 117.432 115.516
23.801 121.139 115.142
21.524 121.165 118.181
20.701 119.055 121.155
17.582 117.048 120.689
16.789 114.462 123.200
17.963 112.146 120.584
21.270 110.545 119.608
24.144 112.939 119.439
25.170 114.182 122.771
26.544 117.595 123.489
28.350 119.133 126.402
25.611 121.502 127.125
22.396 119.450 127.306
19.310 120.361 129.295
19.911 118.497 132.428
23.320 119.768 132.701
22.188 123.305 132.132
19.424 123.142 134.624
21.643 121.740 137.381
24.216 124.338 136.799
21.582 127.068 136.909
20.074 125.583 139.939
23.558 125.616 141.410
24.612 129.186 140.834
21.138 130.430 141.510
20.452 128.781 144.826
24.128 129.140 145.541
24.827 125.514 146.480
28.220 123.981 145.892
26.609 120.701 146.398
24.461 121.357 143.442
27.428 122.402 141.485
29.106 119.206 142.356
26.196 117.262 141.146
26.337 119.064 137.848
30.007 118.397 137.235
29.510 114.788 138.175
26.677 114.674 135.636
29.249 116.121 133.306
32.178 113.898 134.123
30.373 110.647 134.222
29.632 110.338 130.607
31.405 108.568 127.811
34.451 110.351 126.526
33.560 113.059 124.119
36.694 115.179 124.058
40.454 114.294 124.303
40.928 115.339 127.887
38.184 112.866 128.653
40.616 110.169 127.746
43.037 111.108 130.526
43.163 109.995 134.107
44.903 112.090 136.725
47.021 109.929 139.011
49.921 111.150 141.081
52.491 109.735 143.454
52.050 111.902 146.479
49.652 111.229 149.278
46.815 113.665 149.489
46.706 116.857 151.336
44.157 118.561 153.483
42.078 121.057 151.436
42.463 123.927 153.866
46.086 123.753 152.976
45.794 124.563 149.393
45.994 127.975 147.840
42.870 130.020 148.182
39.875 130.630 145.971
40.578 134.319 145.940
43.920 133.314 144.566
42.738 130.829 142.110
39.714 132.561 140.698
42.040 135.279 139.654
43.521 133.065 137.029
40.093 132.870 135.521
38.741 135.357 133.002
35.527 135.910 131.152
36.344 135.936 127.466
35.641 138.741 125.044
31.973 138.631 123.923
30.973 141.835 122.252
28.526 144.494 123.160
26.219 143.745 120.236
26.490 140.017 120.247
25.314 140.335 123.796
22.656 142.442 125.515
24.007 145.512 127.282
22.716 144.007 130.400
24.657 140.723 129.961
27.856 142.469 128.987
28.137 144.724 131.950
26.932 142.056 134.195
30.157 140.279 133.417
32.257 143.294 133.826
30.847 143.653 137.284
31.310 140.113 138.361
34.899 140.030 137.270
35.874 143.200 138.890
34.239 142.153 142.031
36.440 139.242 142.530
39.594 140.951 141.393
39.690 139.040 138.125
39.380 140.226 134.553
36.804 140.499 131.801
37.144 141.126 128.094
35.251 143.907 126.254
35.009 141.941 123.069
35.180 142.796 119.437
32.895 145.790 119.720
33.527 148.946 121.660
32.983 149.805 125.272
30.990 152.771 126.425
33.176 155.271 128.263
30.507 156.383 130.748
31.511 153.002 132.058
34.904 154.408 132.904
33.956 154.979 136.617
32.701 152.865 139.575
29.055 153.576 140.431
27.312 154.723 143.605
27.053 151.174 144.604
30.699 150.508 144.123
30.039 148.289 141.120
32.466 148.683 138.172
31.148 148.260 134.639
34.414 148.945 132.978
36.195 145.886 131.522
39.882 145.168 132.337
41.148 143.695 129.058
40.145 145.512 125.842
40.275 143.842 122.406
41.713 145.052 119.214
40.267 143.174 116.158
39.959 143.536 112.425
37.305 146.169 112.162
38.596 148.400 114.789
35.271 148.968 116.497
35.505 151.348 119.220
39.156 151.726 119.087
40.130 154.943 120.569
43.010 156.630 122.313
40.810 156.619 125.389
39.564 153.102 124.888
43.033 151.711 124.459
43.928 153.534 127.607
41.144 152.366 129.904
42.725 148.967 130.706
45.397 146.667 132.019
45.566 144.512 128.957
45.211 144.706 125.149
44.112 141.486 123.337
45.053 141.376 119.705
42.338 139.180 118.284
43.745 137.289 115.440
41.164 134.577 115.674
38.298 132.578 117.377
37.763 128.837 117.390
34.278 129.245 116.207
35.483 130.740 112.963
39.293 130.771 112.573
39.715 131.788 109.102
37.471 134.833 109.445
36.176 137.685 111.486
33.047 138.845 113.173
29.466 139.252 112.059
26.795 141.328 113.672
23.435 141.075 111.875
22.080 144.445 110.906
19.153 144.302 113.123
21.367 144.178 116.112
23.154 147.200 115.066
21.021 149.262 117.267
21.740 152.926 117.412
23.548 152.785 120.663
25.534 149.979 119.163
26.121 152.036 116.023
27.089 155.052 118.067
29.707 152.989 119.935
31.128 151.538 116.868
30.914 154.576 114.512
28.998 152.279 112.122
25.707 153.086 110.415
22.529 152.189 112.245
20.877 148.982 111.518
23.392 148.237 108.835
25.255 144.903 109.370
28.813 144.728 110.540
30.864 142.071 108.846
34.513 142.378 109.697
37.512 141.988 107.455
38.887 138.499 108.104
42.487 139.692 108.498
43.664 142.722 110.446
44.751 145.215 107.840
47.886 145.991 109.742
49.073 142.461 110.370
50.039 140.814 107.080
53.199 139.061 108.324
54.960 138.575 111.586
57.035 141.739 111.537
53.701 143.306 111.071
52.291 141.775 114.257
55.396 142.967 115.756
54.810 146.531 114.967
51.186 146.525 116.104
52.364 145.280 119.438
54.810 148.165 119.522
52.078 150.800 118.867
49.926 149.108 121.371
52.659 149.278 123.978
53.250 152.855 122.981
49.778 154.199 123.383
49.387 152.412 126.614
52.423 152.189 128.747
50.796 150.076 131.360
49.170 147.220 129.513
50.352 143.754 128.708
49.528 142.644 125.173
47.892 139.331 124.355
47.442 137.511 121.071
44.305 135.439 120.621
45.204 132.551 118.432
43.414 129.429 117.549
44.764 126.058 118.120
45.876 124.167 115.081
48.989 122.262 114.248
51.738 124.719 113.541
50.513 127.022 116.244
53.597 126.149 118.226
55.949 127.786 115.871
53.957 130.913 115.413
53.603 131.020 119.114
57.348 131.484 119.228
57.470 134.406 116.797
54.657 136.012 118.794
56.965 135.620 121.715
59.906 137.221 119.938
57.534 139.968 119.000
57.107 141.131 122.547
53.711 139.754 123.362
53.078 139.133 127.018
50.344 136.537 126.917
49.303 134.056 124.360
45.861 132.508 124.221
45.024 129.386 122.387
41.406 128.865 121.648
39.791 125.589 121.066
37.919 124.580 118.033
34.750 124.269 120.091
34.362 127.781 121.441
31.267 129.955 121.019
30.259 132.838 118.703
27.140 134.864 118.541
26.990 134.447 114.796
28.919 132.351 112.431
28.546 129.994 109.474
28.062 126.416 110.585
30.890 124.847 108.686
33.334 126.817 110.671
31.497 125.847 113.712
31.967 122.294 112.886
34.978 122.054 110.758
37.569 124.785 111.369
39.817 124.650 114.453
41.372 121.916 116.553
40.985 120.871 120.190
42.966 122.941 122.746
44.616 119.884 124.284
46.689 119.696 121.016
47.404 123.340 120.359
48.011 124.274 123.971
50.747 121.735 124.451
52.363 122.377 121.124
52.748 126.030 122.242
53.908 124.935 125.613
56.404 122.613 124.012
57.836 124.636 121.182
58.062 127.808 123.245
59.978 125.761 125.767
62.157 124.225 123.145
63.409 127.708 122.088
63.735 129.001 125.531
60.969 131.636 125.149
58.482 129.857 127.355
59.051 132.145 130.242
58.630 135.228 128.312
55.013 134.926 127.815
52.122 133.661 129.991
49.689 131.117 128.419
45.875 131.180 128.451
43.332 128.871 126.919
39.598 128.635 126.349
37.180 126.328 124.553
34.560 124.525 126.467
35.976 124.592 129.941
32.950 123.921 132.169
34.550 122.030 135.019
37.049 121.880 137.785
38.982 119.119 136.126
38.853 120.724 132.728
40.915 123.471 134.406
43.434 121.280 136.132
44.166 119.300 132.983
44.640 122.508 131.086
47.197 123.625 133.644
49.144 120.438 133.431
49.223 120.896 129.667
50.830 124.221 130.181
48.209 126.788 130.825
48.361 129.551 133.465
45.023 131.248 132.774
41.639 129.889 131.754
38.757 131.589 129.965
35.190 130.866 130.658
32.449 132.193 128.356
29.414 130.114 127.554
29.231 128.597 130.979
29.299 132.084 132.243
26.494 132.922 129.866
24.488 129.946 131.111
24.754 131.161 134.617
23.458 134.482 133.474
20.630 132.404 132.105
21.418 131.133 128.597
19.302 128.081 127.878
21.273 127.146 124.802
18.559 127.400 122.338
20.850 128.760 119.720
19.215 131.898 118.336
21.897 134.290 119.057
22.016 135.405 115.471
18.332 135.987 115.331
17.757 138.652 117.921
15.107 136.509 119.508
16.634 135.617 122.823
14.234 134.076 125.116
16.304 135.460 127.876
17.967 138.681 127.213
21.365 137.325 126.875
22.251 137.808 123.310
19.659 140.214 121.899
19.404 143.928 121.279
15.630 143.904 121.299
14.119 145.834 124.104
11.268 143.772 125.051
13.364 140.749 124.914
16.106 142.303 126.977
13.671 142.603 129.773
13.481 138.980 130.254
17.076 138.886 131.489
17.766 137.574 134.969
21.511 137.426 135.016
23.307 138.718 138.088
26.844 139.373 139.109
26.183 137.286 142.082
25.385 134.408 139.753
28.552 134.550 137.781
30.598 135.115 140.828
29.128 131.929 142.150
30.188 130.108 139.014
33.795 131.060 139.436
33.776 130.376 143.115
32.634 126.849 142.526
35.031 126.174 139.709
38.004 127.188 141.842
36.876 125.338 144.846
36.460 122.290 142.691
40.010 122.909 141.400
41.393 123.040 144.902
39.483 119.944 145.703
41.337 118.127 142.997
44.813 119.437 143.685
44.598 118.268 147.254
43.872 114.813 146.108
46.958 114.942 143.993
49.164 116.049 146.796
49.724 119.605 145.492
48.954 122.703 147.469
48.789 124.950 144.457
48.187 125.397 140.769
51.593 126.620 139.939
53.111 123.475 141.323
51.352 121.669 138.547
51.559 123.710 135.399
53.290 121.810 132.684
53.316 118.792 134.967
52.099 116.355 132.406
53.624 113.454 134.207
50.491 113.664 136.335
48.178 112.633 133.394
47.891 109.202 131.821
45.852 108.327 128.835
43.384 105.599 129.507
43.112 103.820 119.399
44.565 107.232 119.585
48.069 108.253 120.563
47.880 110.924 123.154
51.570 110.892 123.673
52.755 113.777 121.604
50.535 115.847 123.908
51.868 114.435 127.128
55.558 114.504 126.268
57.899 116.799 128.120
60.633 118.533 126.249
63.305 118.648 128.992
61.936 116.100 131.491
63.374 115.879 134.980
