22.077 47.694 115.990
24.390 50.177 114.211
26.429 50.835 117.378
27.636 48.074 119.640
30.016 48.328 122.624
32.066 45.658 124.436
34.430 45.999 127.413
37.775 44.318 126.882
40.262 43.911 129.740
43.347 46.056 129.230
45.910 43.207 129.224
43.800 41.620 126.522
42.985 44.617 124.251
46.316 44.530 122.427
45.276 41.205 120.887
42.602 42.851 118.789
44.816 45.874 118.076
47.884 43.939 116.908
51.299 45.286 115.926
50.836 48.910 114.926
47.091 48.317 114.977
47.235 46.062 111.933
44.723 43.558 113.370
42.132 46.176 114.275
42.486 47.536 110.730
42.093 43.992 109.421
38.762 43.356 111.175
37.506 46.660 109.828
38.434 45.790 106.247
36.894 42.326 106.676
33.653 43.553 108.275
33.222 47.027 106.839
32.597 48.320 110.357
34.506 50.938 112.324
36.080 49.771 115.566
37.032 52.526 118.003
38.831 51.696 121.202
38.839 54.016 124.194
42.025 56.012 124.711
44.788 54.471 126.813
44.010 54.852 130.522
40.340 55.393 129.765
38.318 52.474 131.215
34.780 51.795 132.281
34.434 53.263 135.766
35.566 50.875 138.470
37.553 48.642 136.112
40.569 48.288 133.812
38.503 47.454 130.744
38.884 49.497 127.594
35.619 50.363 125.822
35.434 49.041 122.282
32.899 50.847 120.092
31.753 49.280 116.861
29.667 51.146 114.313
28.319 50.559 110.814
25.446 48.689 109.175
23.746 46.242 111.568
25.246 43.318 109.656
28.752 44.811 109.780
28.681 45.811 113.478
27.445 42.313 114.367
30.162 40.504 112.395
32.729 42.896 113.888
31.459 42.398 117.397
31.475 38.627 116.906
34.999 38.321 115.509
36.405 40.555 118.260
34.727 38.680 121.128
35.747 35.415 119.477
39.281 36.806 119.305
39.288 37.786 122.983
37.890 34.390 123.948
40.513 32.587 121.855
43.268 34.589 123.553
41.958 33.870 127.071
42.050 30.148 126.327
45.596 30.153 124.986
46.607 32.208 128.020
44.871 29.735 130.318
46.564 26.717 128.773
50.045 27.947 127.813
52.931 29.530 129.779
53.286 33.316 129.494
56.585 34.280 127.857
58.718 36.807 129.746
