1.598 27.624 6.667
0.782 26.097 3.285
4.326 24.751 3.019
3.883 22.715 6.207
0.437 21.708 4.964
2.060 20.132 1.900
4.836 18.554 3.970
2.117 16.621 5.813
2.537 14.287 2.851
6.109 13.618 3.962
5.006 13.397 7.587
2.368 10.766 6.866
4.929 8.819 4.816
6.774 8.299 8.116
3.662 7.138 9.973
5.024 3.617 10.463
8.315 4.998 11.794
6.481 6.963 14.483
6.306 5.745 18.064
2.604 5.944 18.874
0.956 6.423 22.257
-2.722 6.077 21.400
-5.381 7.832 23.467
-8.304 5.502 24.327
-10.814 8.230 23.454
-8.793 9.995 20.755
-9.931 13.601 20.277
-6.639 15.135 19.109
-3.648 13.726 17.260
-0.327 15.539 17.530
3.104 14.627 16.185
5.988 15.514 18.469
9.617 15.904 17.498
11.434 14.771 20.617
15.020 14.263 21.853
15.664 11.600 24.506
18.459 13.863 25.848
16.040 16.760 26.440
14.715 17.473 29.948
11.413 18.968 28.811
10.899 15.980 26.530
11.351 13.710 29.546
8.840 15.749 31.535
6.351 15.451 28.680
6.859 11.709 28.287
6.528 11.095 32.028
2.986 12.461 31.733
2.075 10.495 28.597
-0.756 8.648 30.372
-2.206 12.053 31.296
-2.129 13.342 27.703
-3.744 10.062 26.614
-6.366 10.384 29.362
-7.242 13.828 28.002
-7.884 12.301 24.585
-4.540 13.299 23.081
-2.718 10.757 20.931
1.019 11.417 20.703
3.203 10.239 17.814
6.976 10.741 18.095
9.563 11.450 15.411
13.250 11.668 16.382
14.898 15.086 16.494
18.496 15.198 17.800
19.105 18.825 18.740
22.855 18.193 18.499
22.508 16.966 14.915
22.986 13.576 13.255
26.522 13.245 14.603
25.623 13.032 18.311
24.862 10.589 21.160
21.197 11.589 20.848
21.045 10.328 17.254
22.761 7.051 18.181
20.460 6.479 21.154
17.251 7.213 19.241
18.427 5.148 16.267
18.584 2.170 18.641
15.157 3.017 20.067
13.449 3.291 16.692
15.124 0.034 15.622
13.907 -1.920 18.647
11.454 -4.808 18.357
9.127 -2.780 20.575
9.640 0.953 19.953
7.329 2.075 22.756
8.972 0.005 25.495
12.434 0.944 24.221
11.592 4.653 24.317
10.169 4.391 27.848
13.261 2.522 29.054
15.720 5.034 27.605
13.862 7.928 29.214
13.648 6.103 32.551
17.410 5.570 32.530
17.530 1.956 31.372
20.161 0.444 29.082
18.628 0.163 25.615
19.855 -2.792 23.560
21.977 -1.587 20.600
20.665 -2.225 17.084
20.288 -0.923 13.533
17.634 -0.909 10.813
16.064 0.795 7.789
15.073 3.670 10.082
16.982 6.817 9.175
16.821 9.381 11.981
18.250 11.746 9.375
14.836 11.876 7.705
13.036 12.788 10.929
15.631 15.492 11.530
15.436 16.794 7.953
11.633 16.983 8.060
11.645 18.685 11.449
14.095 21.318 10.233
11.942 21.987 7.164
8.787 22.307 9.280
10.692 24.864 11.338
11.620 22.867 14.453
13.846 25.168 16.520
14.032 23.115 19.707
12.342 20.225 21.514
9.737 19.189 22.213
8.037 20.641 19.142
4.429 19.865 18.307
3.106 19.554 14.761
-0.667 19.928 14.556
-2.848 17.853 12.234
-2.942 20.862 9.877
0.819 21.391 9.747
1.050 24.208 12.294
4.302 23.943 14.251
4.027 24.800 17.954
7.479 24.676 19.592
7.708 24.026 23.307
6.519 21.987 26.246
2.956 22.273 27.541
1.568 20.255 30.482
-1.365 17.906 29.681
-4.057 20.296 30.930
-2.657 23.332 29.131
-1.892 21.301 25.999
-5.489 20.072 25.866
-6.859 23.589 26.278
-4.504 24.841 23.572
-5.605 22.180 21.102
-9.289 22.810 21.824
-8.974 26.557 21.324
-6.884 25.991 18.212
-9.713 23.932 16.723
-12.293 26.650 17.356
-10.032 29.519 16.282
-9.120 27.615 13.110
-12.680 26.443 12.457
-15.170 29.190 13.254
-17.732 28.079 15.833
