9.697 -11.098 15.343
9.769 -7.308 15.574
11.885 -5.864 18.369
11.026 -2.537 19.996
13.846 -0.417 21.448
13.086 2.582 23.688
15.931 5.095 23.640
16.222 8.352 25.524
17.909 11.688 24.941
19.559 12.985 28.081
22.668 14.774 29.290
26.058 13.459 28.216
27.010 11.052 31.011
30.370 12.815 31.435
28.800 16.182 32.226
28.366 17.206 35.865
24.772 18.369 36.363
24.591 21.963 37.489
21.743 22.872 39.845
20.167 26.335 39.514
20.559 28.387 42.691
16.773 28.576 43.221
15.613 24.951 43.181
14.073 25.184 39.690
15.935 22.234 38.198
19.138 20.985 36.595
20.285 23.657 34.183
20.035 21.617 30.966
19.817 24.925 29.066
23.201 24.717 27.314
24.549 21.223 27.936
25.506 18.432 25.567
22.767 15.819 25.234
23.301 12.246 23.991
21.719 8.818 23.928
21.293 7.143 27.303
24.268 4.736 27.652
21.999 1.831 28.606
19.913 2.423 25.493
22.853 2.130 23.139
23.409 -1.314 24.692
19.746 -2.112 24.118
19.903 -1.174 20.429
23.124 -3.133 19.923
21.507 -6.236 21.358
18.398 -5.880 19.214
20.617 -5.538 16.153
22.606 -8.612 17.193
19.355 -10.571 17.341
18.581 -9.484 13.766
21.977 -10.683 12.570
21.013 -14.208 13.668
17.643 -14.372 11.969
15.714 -13.942 15.214
14.301 -10.468 14.523
13.019 -9.225 11.160
12.428 -5.563 11.942
13.701 -3.208 14.617
11.638 -0.199 15.673
13.372 2.488 17.757
11.134 4.847 19.714
11.887 7.919 21.819
9.549 10.211 23.715
10.204 13.801 24.669
10.888 16.952 22.676
11.399 17.512 18.938
15.196 17.322 19.211
14.894 13.665 20.298
14.924 12.898 16.559
18.707 13.271 16.536
18.844 10.387 19.015
16.525 8.279 16.844
18.629 8.903 13.719
21.663 7.740 15.748
19.744 4.530 16.462
18.800 4.150 12.787
22.464 4.735 12.013
23.514 1.827 14.215
21.094 -0.531 12.519
17.543 0.254 13.563
15.089 -0.231 10.658
12.745 2.626 11.505
11.939 5.079 14.271
8.937 6.695 15.972
9.134 9.960 17.913
6.398 10.715 20.426
6.486 14.416 21.158
5.149 15.031 24.662
7.263 17.867 26.104
7.600 21.434 24.833
10.832 22.156 26.704
13.848 20.022 27.622
13.253 20.663 31.346
9.983 18.658 31.438
11.105 15.036 31.900
8.153 12.697 31.424
7.645 10.031 34.078
8.250 6.290 33.512
4.529 5.715 34.098
3.596 7.956 31.173
6.393 6.509 29.012
5.290 2.960 29.834
1.685 3.624 28.840
2.927 5.093 25.547
5.402 2.303 24.744
2.583 -0.101 25.524
0.385 1.490 22.833
3.291 1.650 20.380
4.225 -1.970 21.135
0.636 -3.122 20.629
0.209 -1.083 17.440
3.515 -2.084 15.799
3.070 -5.718 16.759
6.337 -6.030 18.657
6.764 -9.309 20.568
9.992 -8.393 22.402
10.976 -5.069 23.900
14.488 -4.166 24.994
14.907 -1.094 27.211
17.913 0.117 29.171
18.339 -0.680 32.858
17.814 2.966 33.825
17.924 6.517 32.456
21.096 8.129 33.791
19.103 11.329 34.380
16.150 10.325 36.587
17.839 7.122 37.791
14.332 5.654 38.131
15.087 2.066 36.941
11.357 1.450 36.502
10.044 1.873 32.910
10.740 -1.641 31.606
8.984 -3.251 34.576
6.095 -0.821 34.416
5.836 -1.747 30.757
5.815 -5.516 31.258
3.228 -4.854 33.972
0.875 -2.746 31.811
1.170 -5.220 28.928
0.870 -8.228 31.225
4.157 -9.703 29.981
7.103 -11.494 31.588
10.268 -9.491 32.283
14.013 -9.973 32.416
15.777 -7.153 34.209
19.476 -6.294 34.294
20.165 -8.775 31.513
23.758 -9.856 30.928
23.058 -12.543 28.303
19.905 -13.190 26.301
19.607 -16.644 24.731
16.283 -16.223 22.983
15.203 -19.646 21.759
11.743 -20.465 20.480
8.713 -19.148 22.319
10.881 -18.234 25.325
14.227 -16.766 26.363
16.979 -17.763 28.809
18.244 -14.502 30.233
20.943 -14.405 32.904
20.525 -11.377 35.174
23.051 -9.247 37.047
21.637 -9.572 40.579
22.969 -8.900 44.117
25.279 -11.735 45.031
26.062 -12.813 41.493
24.109 -13.952 38.462
20.646 -15.482 38.238
19.346 -17.151 35.092
15.631 -17.364 34.412
13.428 -18.373 31.492
10.556 -16.168 30.293
7.770 -16.625 27.767
8.626 -14.855 24.488
6.280 -11.858 24.640
8.585 -10.141 27.120
10.232 -6.869 28.087
13.998 -7.032 28.656
16.165 -4.299 30.239
19.906 -4.124 29.575
22.752 -3.960 32.032
26.058 -2.295 31.153
27.609 -5.773 30.744
25.335 -7.131 27.999
27.591 -6.153 25.058
29.883 -3.514 23.545
27.708 -1.216 21.320
28.864 -0.348 17.805
29.552 3.161 16.532
27.552 4.625 13.658
29.927 5.247 10.740
29.646 8.244 8.366
27.998 6.450 5.411
25.459 4.782 7.708
24.714 8.053 9.480
24.034 9.620 6.072
21.981 6.593 5.037
20.081 6.767 8.325
18.915 10.220 7.242
16.757 8.564 4.595
15.154 6.002 6.920
11.594 6.432 8.192
10.939 8.493 11.347
7.295 8.972 12.268
6.826 12.110 14.327
3.769 11.451 16.527
2.299 13.040 19.659
1.285 11.803 23.129
-2.400 12.420 22.375
-2.122 10.145 19.314
-1.915 7.226 21.733
-4.543 8.790 23.979
-2.090 9.165 26.846
-1.978 11.896 29.518
1.643 12.843 30.213
0.732 14.560 33.503
3.248 14.167 36.377
2.002 12.122 39.343
4.968 13.561 41.218
5.147 17.349 41.530
8.757 18.468 41.849
8.648 21.128 44.574
12.352 21.838 44.288
15.788 20.425 43.535
18.899 21.500 45.410
22.612 20.998 45.032
24.045 18.183 47.189
26.067 18.970 50.323
29.515 20.261 49.430
32.009 18.329 51.534
34.593 20.126 53.726
37.938 20.836 52.021
40.300 17.864 52.200
43.986 17.614 53.063
46.649 16.098 50.848
49.164 14.471 53.195
52.818 13.695 52.466
53.634 10.197 53.747
51.944 7.008 54.988
52.846 8.086 58.521
51.227 11.509 58.123
48.196 9.639 56.774
47.803 7.165 59.670
48.916 10.008 61.927
46.052 12.271 60.907
43.560 9.902 62.582
