2.543 31.353 11.768
3.064 28.798 14.524
5.392 28.153 17.491
8.621 26.307 16.784
8.965 23.095 18.785
11.290 23.554 21.751
12.840 21.732 24.691
14.183 23.182 27.931
16.242 22.355 31.015
18.032 24.262 33.757
21.209 24.519 35.800
21.821 26.271 39.117
22.083 29.753 37.597
20.704 29.370 34.070
17.660 28.146 32.161
18.115 26.779 28.643
15.515 26.792 25.873
16.236 25.348 22.439
14.008 26.140 19.476
14.313 23.483 16.772
14.269 25.330 13.451
16.390 24.172 10.518
17.981 26.789 8.257
16.566 29.655 10.317
16.863 33.296 9.273
15.827 36.656 10.728
16.215 35.107 14.166
14.874 37.514 16.777
15.110 36.798 20.500
13.730 39.323 22.962
14.550 38.764 26.630
12.356 40.422 29.235
12.437 40.089 33.013
9.481 37.697 33.035
8.918 36.932 29.353
10.699 35.466 26.341
9.864 36.138 22.694
11.382 34.204 19.805
10.657 34.678 16.105
12.288 33.717 12.820
11.752 32.330 9.332
12.392 28.675 8.581
13.606 27.122 5.354
13.543 28.633 1.874
9.756 28.978 1.972
10.152 31.449 4.843
7.995 29.539 7.331
7.074 31.960 10.116
7.761 30.914 13.703
6.711 32.776 16.838
7.139 31.630 20.429
6.037 33.673 23.432
6.051 32.503 27.031
5.591 34.086 30.426
8.427 32.647 32.501
7.832 30.795 35.768
10.533 32.880 37.447
12.110 36.228 36.602
15.364 36.264 34.643
18.090 38.824 33.968
17.586 39.904 30.323
20.770 41.976 30.343
22.747 38.801 30.970
20.880 36.395 28.699
21.922 35.410 25.178
21.257 33.033 22.292
23.329 31.105 19.748
22.093 30.023 16.320
23.051 27.225 13.937
21.565 25.658 10.811
20.046 23.131 13.212
18.416 25.260 15.925
18.556 28.290 18.240
19.724 27.822 21.832
18.743 30.413 24.431
20.594 30.907 27.702
18.526 32.712 30.337
20.267 34.007 33.450
18.044 33.174 36.430
17.007 36.267 38.361
18.101 34.404 41.480
20.840 31.781 41.757
19.548 28.347 42.718
16.027 29.288 41.651
13.863 26.170 41.428
11.982 25.747 38.142
9.346 22.960 38.332
8.048 24.268 35.007
9.102 26.894 32.465
5.892 28.922 32.367
4.173 31.140 34.929
0.932 29.171 34.690
0.361 25.431 34.859
0.159 25.199 31.081
0.422 22.265 28.710
2.054 23.943 25.723
1.931 21.433 22.879
5.177 22.757 21.412
7.210 22.670 24.622
8.846 19.648 26.228
11.627 18.855 28.699
15.103 18.238 27.295
15.758 14.952 29.085
19.105 14.507 27.351
20.464 17.593 29.113
18.288 17.543 32.232
20.023 17.285 35.610
19.119 17.373 39.303
21.829 19.880 40.244
19.980 20.571 43.505
