16.546 18.695 14.643
12.868 18.346 13.794
13.468 17.974 10.064
10.768 16.509 7.823
11.356 13.616 5.422
9.502 13.147 2.136
9.298 9.761 0.416
9.710 9.728 -3.364
6.443 7.954 -4.171
4.825 10.342 -6.629
1.307 9.022 -6.060
-1.808 11.003 -6.995
-4.174 12.197 -4.213
-7.194 12.381 -6.516
-6.402 9.475 -8.836
-4.541 7.492 -6.195
-1.570 5.209 -6.796
-0.246 4.670 -10.322
-0.949 0.931 -10.191
-0.688 1.117 -13.982
2.963 2.150 -13.647
3.790 0.770 -10.194
6.995 -1.174 -9.566
6.829 -5.012 -9.472
8.480 -4.761 -6.056
6.128 -2.383 -4.247
3.119 -3.386 -6.344
3.710 -6.999 -5.320
3.537 -5.954 -1.666
0.017 -4.532 -1.922
-1.003 -7.750 -3.672
0.502 -9.908 -0.928
-1.435 -7.786 1.561
-4.653 -8.562 -0.317
-4.893 -4.944 -1.458
-6.716 -4.553 -4.774
-6.024 -1.816 -7.323
-9.410 -0.358 -6.385
-7.893 0.523 -3.015
-4.657 1.758 -4.577
-6.716 4.037 -6.822
-8.993 5.198 -3.987
-8.073 8.670 -2.735
-8.900 7.527 0.802
-7.151 4.149 0.888
-4.429 5.530 -1.371
-3.427 8.019 1.326
-3.167 5.456 4.129
-1.425 2.967 1.829
1.391 5.083 0.358
1.905 6.480 3.863
2.871 2.946 4.866
5.649 2.939 2.274
7.029 5.865 4.264
7.142 3.806 7.454
8.970 1.061 5.554
11.740 3.516 4.694
10.040 5.086 1.693
9.565 3.814 -1.854
13.306 3.152 -2.035
13.112 1.049 1.128
10.204 -1.001 -0.224
11.787 -2.092 -3.499
15.031 -2.393 -1.528
13.626 -4.517 1.307
11.602 -6.585 -1.156
14.940 -7.765 -2.510
16.461 -8.296 0.936
13.315 -10.112 2.072
13.704 -12.646 -0.729
16.624 -14.591 0.698
16.522 -14.830 4.486
14.079 -17.480 5.655
12.233 -19.533 3.068
12.740 -17.583 -0.150
9.506 -15.775 -0.985
9.339 -12.093 -0.038
6.206 -11.180 1.932
6.509 -12.547 5.472
7.381 -9.266 7.140
6.421 -5.832 5.850
3.304 -7.381 4.321
2.169 -8.186 7.837
2.444 -4.556 8.887
0.668 -3.169 5.824
-2.039 -5.771 6.413
-2.728 -3.916 9.653
-2.523 -0.464 8.081
-5.267 -1.578 5.702
-7.371 -2.273 8.787
-6.992 1.407 9.726
-10.005 2.083 7.493
-12.221 0.319 10.055
-14.701 -0.770 7.386
-12.976 -0.248 4.035
-14.137 -2.951 1.678
-13.441 -2.677 -2.028
-16.934 -3.895 -2.879
-19.818 -2.730 -5.070
-23.337 -2.032 -3.805
-25.665 -3.499 -6.432
-28.629 -3.854 -4.088
-27.657 -4.168 -0.434
-28.859 -2.418 2.722
-27.298 -2.622 6.183
-30.404 -1.051 7.720
-33.597 -3.088 7.860
