69.226 83.140 74.634
67.410 81.192 77.097
63.791 80.131 76.447
61.031 77.647 77.251
61.658 74.156 75.818
57.924 73.642 75.098
56.592 72.521 71.688
52.898 72.325 70.771
52.825 68.642 69.824
55.010 67.643 72.787
52.680 68.686 75.603
52.616 65.608 77.819
52.625 65.522 81.601
55.463 63.212 82.671
54.985 63.732 86.407
53.929 60.108 87.065
56.516 58.311 84.935
59.883 56.764 85.587
62.367 56.879 82.689
65.581 54.933 82.301
68.487 56.326 80.268
71.136 53.700 79.494
74.148 54.939 77.547
77.276 53.567 75.920
80.603 55.219 76.828
82.243 55.276 73.395
82.469 58.931 72.177
81.704 60.122 75.715
81.685 63.914 75.218
78.900 63.505 72.643
77.092 60.902 74.780
77.098 63.231 77.796
75.609 66.117 75.805
72.837 63.888 74.437
72.016 62.530 77.915
71.964 66.004 79.360
69.543 67.223 76.721
67.182 64.281 77.287
67.194 64.890 81.040
66.580 68.598 80.587
63.642 68.072 78.274
62.024 65.407 80.456
62.411 67.692 83.519
60.672 70.449 81.547
57.785 68.011 80.946
57.393 67.238 84.666
59.481 64.074 85.081
60.911 64.127 88.597
64.639 63.991 89.129
64.386 60.854 91.325
62.418 59.153 88.513
65.188 59.504 85.893
67.466 56.459 86.279
70.870 56.321 84.546
72.843 53.200 83.639
75.836 52.659 81.334
77.360 49.970 79.097
80.721 49.881 77.281
79.635 50.138 73.636
76.475 50.532 71.561
76.332 46.795 70.831
75.700 46.195 74.569
72.661 48.501 74.559
70.017 45.859 73.723
70.917 43.292 76.401
71.974 46.012 78.836
68.547 47.590 78.406
66.764 44.240 78.824
68.623 43.591 82.111
68.317 47.236 83.316
64.539 46.846 82.938
64.677 43.560 84.862
66.786 45.136 87.629
64.446 48.131 88.034
61.350 45.918 88.193
63.004 43.635 90.768
63.840 46.734 92.873
60.171 47.774 92.812
61.029 50.869 90.730
59.991 49.672 87.248
60.646 51.846 84.225
57.767 53.128 82.108
60.056 53.877 79.128
63.774 53.632 78.385
66.150 55.637 76.222
69.225 53.691 75.048
71.851 56.178 73.859
74.971 55.343 71.857
77.166 57.121 69.296
78.540 55.176 66.332
80.913 56.880 63.918
81.997 55.217 60.682
85.639 54.103 60.673
87.579 52.190 57.995
85.956 48.747 58.300
82.366 47.497 58.151
82.155 47.376 61.942
80.107 50.567 61.997
77.501 49.076 59.654
77.245 45.654 61.320
76.966 47.111 64.844
74.535 49.828 63.727
72.243 47.431 61.856
72.055 44.700 64.500
71.740 47.210 67.369
68.949 49.168 65.673
66.927 46.029 64.873
67.518 44.600 68.378
66.340 47.818 70.107
63.243 47.938 67.913
62.411 44.278 68.597
63.234 44.581 72.316
60.051 46.591 72.994
57.759 43.534 72.908
60.167 41.793 75.302
60.522 44.609 77.897
56.861 45.512 77.236
57.520 49.257 77.100
58.570 51.854 74.511
62.297 51.969 73.743
63.311 55.359 72.267
65.906 55.260 69.456
68.805 57.263 70.855
71.591 55.876 68.665
73.539 58.314 66.457
74.866 56.559 63.317
77.146 59.169 61.809
79.720 59.166 59.061
81.867 61.712 60.923
82.588 63.112 64.369
81.480 66.572 63.232
78.060 65.170 62.280
77.745 63.543 65.728
78.869 66.732 67.506
76.243 68.760 65.583
73.429 66.334 66.451
74.294 66.673 70.164
74.249 70.471 69.785
77.969 70.843 70.542
79.597 71.578 67.167
81.542 74.872 67.142
78.917 76.344 64.814
75.804 75.142 66.717
74.459 74.227 63.291
71.603 71.992 64.447
70.231 71.231 67.928
70.675 68.569 70.603
68.695 65.487 69.462
68.804 64.210 73.065
66.027 66.770 73.774
63.768 65.209 71.129
64.418 61.770 72.608
63.439 62.971 76.090
60.211 64.413 74.674
59.416 61.205 72.792
60.054 59.134 75.914
57.458 61.102 77.876
54.879 61.029 75.083
55.288 57.287 74.446
55.043 56.463 78.174
52.065 58.744 78.782
50.138 57.694 75.714
51.131 54.084 75.262
53.021 52.925 78.362
52.030 49.750 80.229
50.151 51.828 82.820
48.517 54.268 80.394
45.336 52.236 79.945
