-39.818 33.421 19.163
-42.437 31.539 21.234
-44.751 29.254 19.248
-47.426 26.755 20.223
-48.450 24.356 17.433
-51.558 22.274 18.021
-52.460 19.182 16.057
-55.174 19.508 13.398
-58.924 19.053 13.705
-60.394 15.676 14.757
-63.544 13.693 14.178
-64.314 11.089 16.794
-66.955 8.555 17.424
-68.869 8.703 20.750
-67.182 6.658 23.429
-63.549 6.840 22.197
-60.997 9.261 23.506
-58.703 11.655 21.708
-55.253 13.061 22.463
-54.479 16.603 21.324
-50.949 17.830 21.009
-49.372 21.141 21.743
-45.823 21.446 20.382
-43.855 24.359 21.749
-40.690 26.044 20.637
-38.819 29.156 21.649
-38.776 29.136 25.486
-37.738 26.534 28.100
-40.627 24.022 28.027
-40.696 22.724 31.603
-40.114 26.090 33.331
-43.754 27.167 32.773
-47.243 25.866 33.111
-49.144 24.646 30.151
-52.878 25.302 30.437
-55.759 24.029 28.334
-59.029 25.838 27.519
-62.377 24.822 25.966
-64.394 27.211 23.742
-67.730 25.765 22.632
-69.546 28.167 20.286
-72.294 29.747 22.355
-70.653 29.374 25.790
-67.442 31.289 26.635
-63.977 30.004 27.466
-63.806 27.404 30.305
-60.519 26.502 32.012
-59.784 22.784 31.972
-56.480 22.706 33.781
-52.713 23.005 33.812
-49.570 20.951 34.041
-45.983 21.823 34.999
-43.716 19.868 32.608
-40.779 19.859 34.960
-42.493 17.308 37.269
-45.907 16.519 35.836
-47.765 18.390 38.544
-51.373 19.065 37.437
-54.218 21.222 38.835
-57.634 20.369 37.307
-60.897 22.353 37.212
-63.102 19.908 39.174
-65.561 19.905 36.194
-63.006 18.279 33.852
-61.639 15.917 36.529
-61.775 12.517 34.804
-62.752 13.846 31.352
-59.331 15.285 30.757
-55.836 13.967 31.367
-52.818 16.175 31.013
-49.386 14.947 30.181
-46.149 16.454 28.907
-43.059 15.128 27.323
-39.956 17.211 27.954
-37.956 15.158 25.471
-40.032 16.709 22.649
-41.291 19.878 24.432
-44.854 18.848 23.781
-47.940 18.905 25.934
-50.854 16.612 25.446
-54.474 16.611 26.380
-56.474 13.409 26.484
-60.299 13.761 26.617
-62.041 10.501 27.094
-65.474 8.878 27.230
-66.368 11.320 24.435
-69.903 12.510 23.687
-71.272 15.538 21.705
-71.060 17.923 24.672
-67.260 17.499 24.243
-67.446 18.978 20.700
-65.597 22.317 20.662
-62.420 24.301 20.013
-59.541 23.447 22.427
-56.570 25.721 23.247
-53.209 25.205 24.981
-51.691 28.311 26.527
-48.910 29.149 28.895
-49.254 31.060 32.145
-47.042 33.657 30.474
-49.963 33.776 27.990
-48.902 32.581 24.516
-51.644 30.527 22.844
-51.926 27.624 20.465
-54.075 28.134 17.364
-56.815 25.945 18.682
-57.903 22.423 17.836
-61.406 21.623 16.548
-62.898 18.504 17.898
-66.157 16.982 16.579
-67.654 14.026 18.499
-70.263 12.338 16.343
-71.548 9.019 14.992
