7.771 1.163 -4.872
4.199 1.217 -3.514
1.578 -1.184 -4.925
-2.014 0.117 -4.984
-4.899 -2.319 -5.587
-7.956 -0.587 -7.089
-11.192 -1.344 -5.202
-10.035 -4.567 -3.491
-13.001 -3.938 -1.162
-11.948 -3.209 2.437
-11.530 -6.706 3.934
-11.386 -9.876 1.801
-14.719 -10.135 -0.054
-14.344 -7.611 -2.899
-11.870 -9.603 -5.019
-10.847 -6.715 -7.307
-14.566 -5.831 -7.447
-14.820 -5.569 -11.259
-13.522 -2.498 -13.131
-11.603 0.622 -12.044
-13.504 3.897 -12.577
-15.014 5.340 -9.377
-14.013 2.607 -6.901
-14.216 4.565 -3.627
-11.797 2.120 -1.943
-8.214 2.226 -3.270
-6.087 -0.063 -1.068
-2.485 1.112 -0.572
0.382 -1.335 0.050
3.799 0.108 0.976
6.076 -2.871 0.232
9.749 -2.498 1.227
11.726 -5.769 1.168
9.156 -8.068 -0.486
7.264 -7.844 2.828
4.216 -5.548 3.057
5.284 -3.145 5.830
2.008 -1.180 5.733
-1.421 -2.215 4.406
-4.026 0.566 4.526
-7.087 1.567 2.467
-8.416 5.003 1.447
-12.057 5.548 0.420
-13.125 8.270 -2.042
-14.616 11.460 -0.585
-17.473 12.519 -2.896
-17.341 10.237 -5.962
-21.097 10.776 -6.425
-21.476 14.579 -6.451
-18.390 16.393 -7.787
-18.319 17.149 -11.534
-16.283 14.888 -13.845
-14.613 12.599 -11.281
-13.925 8.869 -10.808
-10.781 8.623 -12.965
-9.659 11.929 -11.411
-8.683 10.035 -8.239
-5.602 8.949 -10.221
-3.974 12.369 -9.700
-4.176 11.660 -5.948
-2.853 8.093 -6.332
0.326 9.642 -7.787
0.605 12.131 -4.902
0.666 9.153 -2.507
3.856 7.802 -4.131
1.880 4.822 -5.488
4.513 3.804 -8.050
2.253 0.843 -8.908
-1.438 0.995 -9.891
-3.109 -2.373 -10.575
-6.624 -1.730 -11.929
-8.986 -2.886 -14.696
-10.545 0.381 -15.927
-12.664 -0.121 -19.060
-10.561 1.675 -21.705
-7.159 3.367 -22.007
-8.624 6.458 -20.297
-6.999 5.844 -16.892
-3.948 4.116 -18.415
-3.688 7.266 -20.562
-2.938 9.637 -17.666
-1.039 7.091 -15.544
1.216 6.878 -18.622
1.701 10.648 -19.051
2.467 10.692 -15.308
5.428 8.275 -15.253
4.061 5.696 -12.787
3.889 1.923 -13.369
0.469 0.936 -14.762
-0.828 -2.582 -14.029
-3.727 -4.667 -15.384
-5.993 -6.753 -13.117
-7.255 -9.725 -15.166
-9.308 -10.708 -12.097
-8.406 -13.017 -9.188
-8.292 -11.492 -5.687
-6.506 -8.831 -3.607
-4.764 -11.272 -1.237
-3.218 -13.126 -4.202
-2.608 -9.867 -6.111
-0.205 -8.777 -3.343
2.074 -11.836 -3.579
1.508 -11.583 -7.351
3.268 -8.199 -7.615
6.295 -9.588 -5.739
6.812 -12.134 -8.540
6.066 -9.646 -11.345
3.319 -11.996 -12.581
0.713 -9.368 -13.524
1.447 -7.124 -16.529
2.504 -3.458 -16.350
2.864 -0.647 -18.915
4.886 2.593 -18.774
6.077 5.452 -21.012
9.668 6.718 -20.772
10.639 10.102 -22.262
14.445 9.875 -22.019
15.531 7.327 -24.651
17.782 7.530 -27.733
20.338 10.169 -26.676
20.630 12.419 -29.750
22.425 15.627 -28.710
23.411 18.129 -31.428
27.221 18.436 -31.416
