37.914 14.855 23.609
37.862 15.635 19.879
34.801 17.503 18.646
36.041 18.902 15.335
36.708 16.521 12.450
39.925 16.719 10.454
39.227 18.400 7.149
42.695 18.242 5.595
44.557 15.020 4.874
48.191 14.367 3.959
48.960 12.752 0.627
51.668 10.144 1.130
54.310 9.190 -1.414
57.165 6.837 -0.493
56.678 7.655 3.177
56.882 11.419 2.661
54.035 13.945 2.747
53.797 15.153 -0.845
50.762 17.387 -0.429
47.285 17.638 1.045
43.661 16.985 0.238
40.824 18.703 2.064
37.054 18.480 2.132
35.009 21.573 1.350
31.217 21.645 1.298
30.682 17.993 0.458
33.632 17.649 -1.907
37.169 16.296 -1.548
39.725 18.305 -3.359
43.192 17.215 -4.352
45.906 19.050 -6.305
46.057 17.208 -9.619
49.838 17.501 -9.956
50.420 15.931 -6.526
50.936 12.185 -6.661
50.464 9.869 -3.721
47.784 8.171 -1.657
45.503 10.118 0.677
46.313 8.960 4.197
42.753 7.847 4.884
41.277 4.573 3.623
37.757 5.904 2.983
38.959 8.974 1.106
41.638 7.121 -0.835
39.121 4.634 -2.221
37.127 7.439 -3.874
37.176 7.841 -7.647
38.012 11.399 -8.629
37.080 13.518 -11.634
39.790 15.719 -13.103
39.618 19.453 -13.878
42.986 19.981 -15.561
42.507 23.689 -16.171
42.327 24.144 -12.380
44.893 21.470 -11.493
42.248 19.881 -9.253
40.942 16.324 -8.795
37.627 16.146 -6.975
35.045 13.673 -5.746
31.859 13.725 -3.720
32.693 13.104 -0.063
30.832 10.244 1.620
27.567 11.507 3.094
28.648 10.485 6.594
31.299 13.220 6.410
29.439 16.063 4.701
28.295 17.207 8.151
31.744 18.406 9.204
33.522 19.740 6.125
34.992 23.174 5.430
32.542 25.888 4.440
33.770 27.993 1.503
33.160 31.651 0.673
33.751 34.124 -2.142
34.250 37.043 0.238
37.909 37.981 -0.009
38.364 41.524 1.313
41.991 42.686 1.370
43.861 41.997 4.597
45.136 38.817 6.217
44.090 35.190 6.290
45.641 32.075 7.683
47.015 28.756 6.651
49.146 26.162 8.384
52.372 28.187 8.289
50.931 31.436 9.581
49.616 34.670 8.131
48.687 35.023 4.464
48.371 38.487 2.973
45.779 39.280 0.323
46.196 42.447 -1.746
45.911 43.459 -5.405
44.111 40.174 -6.070
46.880 37.855 -4.903
47.874 35.882 -1.810
51.445 36.128 -0.559
53.425 34.770 2.377
56.973 35.499 3.602
60.083 34.087 1.939
61.086 30.804 3.534
57.432 29.841 3.797
55.716 27.645 1.215
57.346 24.651 -0.424
57.032 21.123 -1.722
54.325 19.407 0.293
52.173 22.508 0.763
49.886 22.151 -2.246
46.346 21.357 -1.177
46.489 23.285 2.087
43.546 25.715 2.612
43.612 29.444 3.433
40.893 30.415 5.945
39.253 33.689 6.987
38.791 34.372 10.718
35.399 32.658 10.668
37.023 29.400 9.657
35.750 29.603 6.064
37.960 28.559 3.147
38.719 31.339 0.711
41.290 29.392 -1.288
43.273 26.194 -1.729
47.002 26.534 -2.427
48.410 24.784 -5.495
51.914 26.223 -5.576
53.802 29.485 -5.485
56.958 31.302 -6.459
59.303 33.440 -4.421
59.595 37.012 -5.670
62.174 38.331 -3.231
60.914 39.190 0.248
57.536 37.629 -0.561
56.205 34.448 -2.133
53.160 34.743 -4.395
50.728 31.838 -4.306
48.932 29.823 -6.929
45.287 29.120 -5.946
41.740 28.171 -6.803
39.107 30.436 -5.235
35.339 30.949 -5.500
33.465 33.845 -7.066
29.909 35.034 -6.425
28.207 32.188 -8.296
30.287 29.762 -6.242
32.292 29.005 -9.362
35.862 27.757 -9.170
38.370 30.325 -10.398
42.146 30.021 -10.613
45.058 32.421 -10.187
48.652 31.490 -10.994
51.622 33.852 -10.612
54.114 34.268 -13.431
56.750 31.460 -13.378
54.840 29.829 -10.541
55.950 26.341 -9.541
53.744 23.396 -8.619
54.753 22.608 -5.054
