15.010 -6.879 -5.838
17.971 -6.597 -8.246
19.746 -9.973 -8.352
22.131 -9.233 -11.210
23.560 -5.900 -12.314
26.413 -6.056 -14.835
28.409 -2.797 -14.811
31.752 -1.546 -16.146
34.625 -1.131 -13.659
38.303 -0.833 -14.609
38.081 -2.359 -18.103
35.872 -5.275 -17.073
32.231 -6.125 -16.418
31.245 -7.189 -12.919
28.047 -7.917 -11.002
27.221 -5.125 -8.575
23.926 -6.514 -7.306
25.703 -7.565 -4.124
25.005 -11.292 -4.586
28.449 -11.996 -6.077
27.764 -13.634 -9.451
30.904 -14.752 -11.301
31.465 -12.960 -14.599
33.819 -14.184 -17.317
34.268 -11.728 -20.174
36.139 -13.382 -23.026
38.578 -11.581 -25.352
36.245 -10.950 -28.296
33.973 -8.632 -26.326
34.614 -4.896 -26.662
33.998 -2.708 -23.600
34.150 1.042 -22.992
33.628 3.344 -19.996
30.192 4.295 -21.307
29.027 0.882 -20.077
28.492 -0.358 -23.630
29.696 -3.820 -24.690
29.836 -5.356 -28.169
29.138 -8.950 -29.180
30.508 -9.910 -32.611
30.505 -12.984 -34.847
33.787 -14.205 -33.347
33.768 -17.361 -31.214
35.502 -15.593 -28.318
33.069 -12.642 -28.223
31.208 -14.085 -25.272
30.255 -13.451 -21.629
29.659 -16.293 -19.158
27.721 -15.537 -15.959
27.349 -18.015 -13.096
24.425 -16.983 -10.902
24.140 -17.245 -7.125
22.156 -20.456 -6.532
20.994 -19.329 -3.095
18.496 -16.556 -3.847
14.712 -16.928 -3.886
14.126 -16.889 -7.655
12.013 -20.040 -7.757
9.046 -18.515 -5.904
7.083 -21.427 -7.395
4.969 -19.332 -9.792
7.419 -17.364 -11.982
8.133 -13.751 -11.038
11.100 -11.831 -12.464
12.143 -9.062 -14.870
15.061 -8.334 -17.208
16.132 -4.865 -18.384
18.801 -3.643 -20.793
19.604 -1.199 -23.584
20.502 -2.503 -27.023
21.667 -1.142 -30.398
20.976 -3.401 -33.407
22.680 -2.582 -36.741
20.816 -1.977 -39.991
20.376 -4.839 -42.462
22.815 -5.107 -45.393
20.828 -4.181 -48.506
22.246 -7.148 -50.455
21.652 -9.514 -47.552
18.026 -8.808 -46.707
16.792 -12.373 -47.325
19.117 -13.870 -44.706
18.439 -10.946 -42.364
14.705 -11.648 -42.174
15.151 -15.435 -42.226
17.990 -16.350 -39.841
17.163 -16.211 -36.100
20.137 -16.066 -33.746
20.332 -16.248 -29.971
22.085 -13.418 -28.128
21.497 -14.320 -24.468
20.793 -17.871 -23.341
20.180 -19.125 -19.787
19.329 -22.830 -19.593
19.555 -25.579 -16.986
18.126 -29.077 -17.421
16.729 -27.959 -20.772
14.604 -25.389 -18.976
15.079 -21.626 -18.839
14.853 -18.369 -20.765
16.436 -16.896 -23.863
16.627 -13.646 -25.825
17.073 -13.954 -29.576
16.791 -11.839 -32.712
15.524 -12.528 -36.231
16.236 -9.502 -38.378
14.037 -6.664 -37.115
12.399 -8.681 -34.323
13.692 -9.289 -30.805
12.265 -12.380 -29.068
11.861 -13.527 -25.437
11.359 -17.299 -24.925
10.465 -19.395 -21.846
10.773 -23.201 -21.547
9.430 -25.170 -18.566
10.706 -28.440 -17.070
8.448 -30.314 -19.492
9.674 -28.627 -22.654
6.596 -26.476 -23.187
7.551 -23.203 -24.855
6.026 -19.714 -24.961
7.330 -16.602 -26.714
6.658 -12.866 -26.845
8.337 -10.483 -29.288
8.793 -6.906 -30.445
9.215 -6.174 -34.127
10.087 -2.737 -35.442
9.236 -1.588 -38.970
11.951 -1.629 -41.649
10.031 0.306 -44.312
9.955 3.638 -42.439
11.564 6.691 -44.059
13.189 7.373 -40.687
13.231 4.665 -38.015
13.316 5.355 -34.279
14.888 1.936 -33.685
17.293 0.807 -36.437
20.909 1.183 -35.261
19.761 3.444 -32.421
19.970 2.779 -28.678
16.623 1.765 -27.149
15.468 0.411 -23.771
14.049 -3.091 -23.369
12.308 -4.491 -20.281
10.668 -7.920 -20.054
8.488 -8.889 -17.084
7.049 -12.255 -16.051
4.392 -13.262 -13.513
2.082 -16.267 -13.128
-0.140 -15.094 -15.988
1.771 -12.934 -18.480
5.056 -12.198 -20.226
5.341 -8.569 -21.326
7.865 -6.614 -23.353
8.228 -2.871 -22.789
10.197 -0.638 -25.181
11.413 2.723 -23.886
8.951 2.381 -21.018
5.918 1.631 -23.181
4.139 -1.738 -23.210
4.482 -3.267 -26.689
3.649 -6.958 -26.389
2.044 -9.530 -24.112
1.719 -13.324 -24.164
-0.448 -15.452 -21.881
1.731 -17.934 -20.017
-0.753 -19.652 -17.695
-0.021 -23.079 -19.200
3.680 -22.655 -18.469
4.823 -24.651 -15.458
8.108 -24.479 -13.541
10.886 -22.648 -15.377
14.426 -22.977 -14.009
15.905 -19.475 -14.331
19.068 -19.465 -12.214
21.180 -21.390 -14.709
24.347 -20.048 -16.315
23.828 -17.031 -18.595
25.699 -16.988 -21.900
25.917 -13.735 -23.881
26.972 -14.710 -27.399
25.658 -14.414 -30.948
24.618 -17.983 -31.729
23.011 -18.827 -35.053
23.531 -18.628 -38.799
24.898 -15.093 -38.876
26.843 -13.006 -41.355
30.484 -12.339 -40.382
29.624 -8.641 -40.132
26.875 -9.229 -37.563
27.206 -7.600 -34.141
25.116 -6.193 -31.282
25.823 -3.511 -28.659
24.323 -3.790 -25.151
24.295 -1.736 -21.929
23.079 -1.874 -18.306
21.984 -5.533 -18.207
20.121 -6.321 -14.992
17.650 -8.849 -13.561
14.997 -8.351 -10.870
13.495 -11.218 -8.859
10.028 -9.657 -9.130
7.675 -8.224 -11.756
8.398 -4.557 -12.443
5.399 -2.256 -12.766
4.918 0.076 -15.745
5.708 2.842 -13.262
8.985 1.196 -12.186
9.996 0.729 -15.823
9.153 4.276 -16.867
11.305 5.543 -13.987
14.231 3.272 -14.877
13.988 4.459 -18.509
14.248 8.113 -17.453
17.008 7.485 -14.907
19.151 5.500 -17.346
18.536 8.025 -20.171
19.810 11.018 -18.164
