32.156 18.045 85.960
33.683 20.963 84.021
37.313 20.171 83.266
40.213 22.546 82.896
41.903 22.531 79.517
45.598 21.797 79.140
47.684 24.665 77.761
47.782 23.220 74.238
43.998 22.806 74.077
43.434 26.311 75.507
45.726 27.835 72.859
43.725 26.129 70.124
40.577 27.777 71.508
42.305 31.223 71.647
43.497 30.890 68.012
40.061 29.907 66.748
38.502 32.928 68.551
40.925 35.169 66.695
40.428 33.802 63.210
40.244 36.346 60.509
36.966 35.458 58.893
33.724 33.638 59.273
34.702 30.138 58.285
32.982 26.855 59.105
34.639 25.301 62.188
32.508 22.182 62.580
29.748 20.434 60.663
28.476 17.228 62.191
25.164 15.664 63.275
23.245 18.491 61.558
24.836 21.341 63.502
27.087 23.636 61.549
29.257 26.019 63.625
30.940 29.080 62.136
33.495 31.412 63.651
30.692 33.944 64.248
28.883 31.366 66.411
32.100 30.246 68.128
32.969 33.788 69.187
29.833 33.861 71.383
31.910 31.625 73.715
34.556 34.360 74.105
34.786 35.874 77.559
31.738 37.892 78.659
29.759 37.166 75.475
26.139 36.105 75.144
25.751 32.578 73.733
23.617 32.195 70.626
21.294 29.362 69.628
24.010 27.552 67.636
26.202 27.037 70.678
23.193 26.021 72.822
22.177 23.478 70.134
25.708 22.117 69.855
25.779 21.509 73.619
22.376 19.810 73.550
23.750 17.460 70.828
26.836 16.734 72.895
24.677 15.743 75.910
22.502 13.576 73.646
25.637 11.933 72.195
26.973 11.055 75.698
23.874 10.237 77.705
21.580 7.290 77.300
17.882 7.496 76.691
18.032 11.308 76.475
16.715 13.872 74.015
17.914 17.453 74.210
16.057 19.708 71.814
17.469 22.913 70.358
15.871 26.120 71.671
13.496 26.490 68.688
11.468 23.564 70.146
10.241 25.668 73.065
9.673 28.679 70.757
7.359 26.589 68.548
5.615 24.824 71.459
4.873 28.104 73.219
3.881 30.114 70.154
2.188 27.393 68.067
1.152 24.726 70.561
1.840 20.996 70.398
0.959 21.163 66.714
4.035 23.339 66.255
6.376 20.548 67.489
4.289 17.434 66.723
6.774 16.105 64.133
9.951 16.828 66.092
10.357 13.667 68.207
10.063 11.518 65.058
13.157 13.256 63.687
15.024 12.243 66.879
14.621 8.600 65.772
12.975 7.621 69.039
9.724 7.776 70.997
8.834 9.464 74.294
8.173 6.129 76.050
11.827 5.064 75.640
13.338 8.128 77.273
14.654 8.980 80.712
14.861 12.766 80.175
14.024 15.466 77.619
15.939 18.778 77.885
14.430 21.983 76.447
16.660 25.108 76.490
14.492 28.241 76.501
15.243 31.625 74.991
13.405 34.404 76.826
12.839 37.585 74.828
16.230 37.545 73.105
17.808 38.469 76.418
18.077 35.398 78.679
18.452 31.617 78.550
16.818 29.128 80.964
16.102 25.382 80.859
13.259 22.949 81.118
13.961 19.393 82.287
11.299 16.725 81.676
12.301 13.744 83.832
10.199 10.834 82.599
11.695 8.410 85.115
11.062 10.677 88.120
7.767 11.927 86.682
8.746 15.561 87.174
8.913 18.681 85.013
11.439 21.235 86.200
12.249 24.815 85.244
15.818 25.864 86.151
16.922 29.466 85.757
20.242 30.997 86.832
18.818 34.515 87.294
15.539 33.920 89.094
13.945 35.281 92.263
11.720 32.219 92.314
8.483 30.615 91.290
6.665 33.207 89.241
3.881 33.169 86.653
5.943 33.051 83.437
7.710 29.986 84.853
4.279 28.441 85.248
3.312 28.898 81.608
6.597 27.158 80.714
5.971 24.239 83.093
2.410 23.752 81.835
3.586 23.924 78.212
6.120 21.147 78.866
3.462 19.079 80.712
1.165 19.575 77.740
3.909 18.345 75.403
4.385 15.135 77.406
0.652 14.423 77.505
0.181 15.005 73.757
3.378 13.327 72.502
2.605 10.236 74.590
-0.977 10.070 73.286
-2.246 10.757 76.800
-0.446 7.850 78.422
1.937 9.804 80.635
2.398 13.268 82.091
-0.894 14.265 83.803
0.382 13.368 87.291
3.869 14.845 86.925
5.046 17.272 89.628
5.817 20.740 88.179
8.763 22.332 90.009
10.759 25.581 89.879
14.184 23.990 90.507
16.844 25.760 92.553
20.318 26.223 91.010
23.518 28.285 91.440
22.731 31.830 90.337
24.967 33.723 87.887
26.856 36.702 89.356
26.821 38.599 86.049
24.568 39.415 83.156
26.145 37.336 80.362
26.597 33.756 81.601
22.970 32.593 81.394
23.611 30.365 78.313
26.664 28.816 80.097
24.513 28.141 83.214
21.917 26.471 80.896
24.745 24.225 79.586
26.014 23.444 83.132
22.424 22.671 84.251
22.011 20.287 81.285
25.396 18.656 81.965
24.757 18.186 85.696
21.056 17.274 85.231
21.994 14.639 82.554
24.477 13.086 84.997
21.996 13.318 87.887
24.601 15.336 89.833
23.931 17.860 92.645
23.906 21.420 91.243
26.990 22.694 93.045
28.898 24.313 90.190
29.844 27.974 90.466
30.998 30.987 88.477
34.536 29.637 88.115
33.041 26.540 86.512
31.201 28.929 84.157
34.524 30.487 83.090
35.949 27.000 82.408
32.727 25.913 80.700
33.181 28.429 77.908
36.611 27.001 77.142
35.353 23.406 77.523
32.527 23.864 75.035
34.911 25.624 72.624
37.329 22.651 72.937
34.491 20.168 72.213
33.720 22.059 68.995
37.342 22.218 67.795
37.874 18.535 68.575
34.752 17.468 66.657
33.275 15.864 69.770
30.151 14.556 68.024
32.184 12.071 65.922
