4.719 -13.107 -7.671
6.380 -16.470 -8.207
3.071 -18.323 -8.089
-0.244 -16.997 -9.408
-2.149 -14.515 -7.262
-5.433 -12.932 -8.301
-6.073 -10.464 -11.110
-9.224 -8.570 -10.323
-9.971 -5.212 -11.784
-11.503 -1.868 -10.922
-13.358 0.586 -13.084
-13.412 4.334 -12.544
-16.406 6.642 -12.560
-15.014 10.158 -12.351
-17.243 13.143 -11.684
-15.363 16.425 -11.468
-17.304 19.516 -10.412
-15.375 22.837 -10.524
-12.562 21.207 -8.636
-13.033 17.979 -6.798
-13.014 14.796 -8.762
-15.206 12.273 -7.205
-14.179 8.833 -8.290
-16.857 6.184 -8.308
-14.931 2.960 -8.281
-16.310 -0.520 -8.698
-14.158 -3.500 -7.806
-14.459 -6.687 -9.821
-12.930 -9.893 -8.544
-12.896 -12.916 -10.809
-9.832 -14.849 -9.726
-11.403 -17.421 -7.396
-11.915 -16.649 -3.718
-14.528 -15.465 -1.194
-13.684 -11.777 -0.964
-14.822 -10.793 2.527
-13.059 -7.450 2.688
-9.668 -6.505 1.244
-6.874 -3.990 0.878
-5.725 -2.816 -2.569
-3.004 -0.346 -3.317
-1.124 1.639 -5.904
-0.464 5.330 -6.292
-2.022 8.525 -7.598
-0.160 9.651 -10.761
-0.891 13.366 -10.690
-1.854 15.100 -7.440
-5.215 13.501 -6.716
-5.586 14.746 -3.154
-8.262 12.390 -2.046
-10.019 13.150 1.226
-13.704 12.311 1.459
-14.410 8.588 1.243
-17.177 6.083 1.760
-17.486 2.308 1.676
-13.727 2.241 1.606
-11.077 2.882 4.144
-8.841 4.890 1.839
-5.443 6.096 2.954
-3.084 8.280 0.943
0.518 7.642 1.913
2.162 10.936 0.962
1.334 10.499 -2.717
0.500 6.837 -2.993
-2.765 5.173 -2.026
-4.319 2.195 -0.295
-7.932 1.184 0.454
-9.121 -1.244 3.010
-12.701 -1.904 2.041
-14.765 -2.955 5.044
-15.994 -6.560 5.354
-19.631 -5.629 4.741
-19.099 -3.513 1.663
-16.424 -6.079 0.817
-18.565 -9.222 0.813
-18.268 -10.130 -2.859
-17.720 -13.782 -3.992
-14.878 -14.860 -6.319
-17.027 -13.919 -9.320
-18.680 -10.733 -8.188
-18.068 -7.020 -7.643
-17.721 -4.412 -4.928
-17.831 -0.627 -4.916
-16.619 2.497 -3.177
-15.714 6.126 -3.888
-14.135 9.360 -2.662
-13.746 13.082 -3.411
-10.283 14.518 -4.126
-9.077 17.839 -5.566
-7.268 17.644 -8.922
-5.543 20.017 -11.325
-6.264 18.509 -14.750
-4.055 15.446 -15.281
-3.789 11.645 -15.004
-6.029 10.349 -12.211
-6.391 6.565 -12.506
-3.217 4.519 -13.296
-3.355 1.044 -14.921
-3.200 -2.219 -12.959
-3.332 -1.520 -9.250
-2.984 -4.340 -6.748
-5.399 -5.973 -4.333
-4.126 -7.093 -0.945
-1.268 -9.201 -2.391
-2.484 -9.455 -6.010
-2.516 -7.292 -9.177
-5.727 -5.755 -10.563
-6.253 -4.296 -14.076
-8.370 -1.122 -14.143
-11.759 -1.225 -15.886
