26.452 1.658 38.220
24.400 4.633 39.224
22.993 3.965 42.735
19.292 3.169 42.997
17.512 5.979 45.069
15.335 5.186 48.055
12.506 7.438 46.801
10.266 6.154 44.003
10.943 7.087 40.399
8.607 9.671 38.785
5.787 7.864 36.834
6.705 8.703 33.239
3.999 8.570 30.485
6.112 9.155 27.224
8.737 11.292 25.495
6.962 14.589 24.703
9.297 17.133 23.101
12.822 18.176 22.369
14.281 21.696 22.554
16.816 22.190 19.758
19.263 25.093 19.283
19.797 26.069 15.664
22.205 28.606 14.143
19.901 30.301 11.649
16.205 30.164 12.618
14.997 31.150 9.115
16.928 28.384 7.390
15.693 25.877 10.002
12.088 27.032 9.705
12.267 26.406 5.963
13.365 22.784 6.568
10.960 21.964 9.427
7.885 23.799 8.133
8.193 24.192 4.391
9.957 20.875 3.671
8.791 18.513 6.474
5.392 20.070 6.991
5.339 20.278 10.810
2.635 22.617 12.200
3.495 25.867 13.912
1.772 26.176 17.259
3.263 29.702 17.678
6.477 31.597 17.002
8.524 34.760 17.623
11.761 36.261 16.388
13.866 33.761 18.332
11.775 30.628 18.805
9.437 28.332 16.916
7.040 25.857 18.523
6.112 22.938 16.311
3.812 19.963 16.687
2.867 16.865 14.660
-0.584 16.223 13.176
-2.133 14.170 15.957
-0.626 15.984 18.933
-2.778 17.921 21.423
-0.053 19.200 23.846
1.521 22.547 22.950
4.535 21.294 20.988
6.757 18.354 20.126
9.716 20.517 18.987
11.100 23.859 20.031
13.549 25.553 17.722
15.664 28.196 19.419
18.202 30.524 17.816
21.658 30.204 19.375
25.465 30.424 18.777
26.170 26.664 18.860
23.843 24.021 17.375
22.957 21.618 20.215
20.101 19.961 22.101
18.968 21.830 25.205
16.387 19.367 26.592
14.833 15.875 26.182
11.407 16.344 27.745
9.143 13.567 29.178
5.584 14.016 30.342
4.802 12.542 33.758
1.501 11.212 35.033
0.314 13.958 37.363
1.492 17.189 39.074
2.810 15.217 41.986
5.233 13.283 39.735
7.064 16.538 39.012
7.858 16.615 42.768
8.870 12.954 42.648
11.242 13.625 39.718
13.009 16.456 41.581
13.356 14.328 44.727
14.683 11.348 42.813
17.466 13.257 41.048
18.395 15.275 44.148
18.949 11.967 45.902
21.267 10.945 43.027
23.272 14.113 43.596
22.301 15.682 40.275
21.995 19.321 39.555
18.307 20.207 39.268
16.361 23.295 38.445
12.683 23.732 38.939
10.563 26.458 37.387
6.933 26.761 38.438
6.237 28.667 35.278
8.075 26.324 32.884
11.146 26.523 30.726
9.411 26.802 27.338
6.111 28.469 26.404
2.989 26.376 26.839
4.543 24.149 29.517
3.821 24.590 33.239
5.644 23.431 36.353
8.779 21.652 35.289
12.011 20.324 36.636
15.159 20.029 34.430
18.147 17.936 35.529
21.691 17.147 34.270
21.256 13.412 34.569
23.964 10.887 35.486
24.943 10.415 31.866
25.225 14.150 31.153
21.870 14.640 29.419
19.504 17.538 30.112
16.169 15.821 31.013
12.963 17.678 31.681
9.868 16.289 33.440
6.515 18.156 33.363
2.828 17.466 33.598
0.946 20.694 32.776
0.784 21.950 29.210
-1.642 24.078 27.173
-3.886 21.985 24.924
-4.159 23.072 21.292
-6.372 21.970 18.396
-5.702 18.332 17.621
-5.346 18.238 13.758
-6.043 14.538 13.400
-8.966 14.924 11.057
-7.880 18.124 9.323
-7.369 16.271 6.020
-7.527 19.660 4.258
-4.059 20.161 5.835
-2.754 16.600 5.395
0.429 16.620 3.224
1.761 13.684 1.134
