25.466 10.676 83.200
22.795 7.909 83.268
23.052 4.999 85.803
26.738 5.686 86.534
25.117 8.149 88.902
24.385 4.998 90.961
27.872 3.469 91.174
28.983 6.964 92.060
26.321 7.498 94.708
27.366 4.126 96.129
30.936 5.172 95.950
30.160 8.207 98.047
28.298 6.406 100.881
31.573 4.445 101.176
33.841 7.420 101.273
31.673 9.065 103.880
31.833 5.959 106.019
35.648 5.761 105.914
35.725 9.493 106.441
33.324 9.612 109.326
34.258 10.058 112.923
37.549 11.584 111.936
38.752 15.157 112.650
40.340 17.016 109.721
42.941 19.688 109.090
40.227 22.233 109.440
39.133 20.783 112.744
42.123 18.791 114.113
40.598 18.189 117.552
36.875 17.309 117.277
34.972 15.112 114.842
32.913 16.887 112.226
29.123 17.357 111.893
26.482 17.285 109.125
25.013 19.109 106.145
21.612 20.588 106.891
18.223 19.261 105.844
17.608 21.313 102.680
15.606 24.371 103.444
16.680 24.292 107.036
19.114 26.339 109.078
19.984 26.249 112.759
19.959 28.551 115.798
22.394 27.796 118.604
22.094 28.288 122.336
25.207 27.988 124.373
25.219 27.340 128.055
27.765 27.000 130.745
26.409 24.763 133.490
27.054 25.773 137.108
28.933 23.217 139.199
27.418 19.801 138.911
27.833 17.925 142.068
29.428 14.500 142.075
26.910 11.911 141.076
24.305 14.607 140.507
23.037 16.135 137.234
22.204 19.493 135.693
19.198 19.925 133.454
18.061 22.951 131.453
15.268 23.744 129.071
15.965 24.678 125.555
15.068 28.319 125.740
15.492 30.010 122.342
15.802 33.808 121.594
12.712 35.898 121.028
13.862 36.850 117.566
13.216 33.200 116.820
10.573 32.048 119.225
8.154 34.374 117.585
8.407 32.334 114.449
7.230 29.465 116.592
5.416 27.468 113.958
8.552 26.755 111.969
9.556 23.052 112.032
12.500 21.702 114.101
14.151 18.759 112.332
16.885 17.866 114.793
18.780 19.174 117.782
22.506 18.614 118.220
24.313 18.847 121.569
28.040 19.625 121.646
30.346 19.276 124.585
33.494 21.421 124.091
35.844 21.216 127.015
37.928 23.903 128.610
41.573 23.175 129.331
41.011 22.723 133.076
38.386 19.961 132.515
38.964 16.443 133.763
35.718 14.605 134.436
33.175 12.215 132.954
29.776 13.385 131.931
26.794 11.623 130.409
24.523 13.698 128.133
21.081 13.545 126.269
18.249 15.760 125.104
14.664 14.891 125.710
11.070 16.166 125.889
10.673 16.888 129.583
7.167 17.483 130.954
6.687 20.067 133.681
4.343 17.336 135.030
7.507 17.364 137.213
8.100 13.766 136.238
10.557 12.927 139.111
14.256 13.831 139.502
17.520 11.820 139.574
15.711 8.505 139.148
14.246 9.402 135.786
17.380 11.479 135.062
19.506 8.327 135.332
16.597 6.338 133.949
16.773 8.375 130.766
20.295 7.128 130.156
19.168 3.464 130.169
15.656 3.577 128.764
16.888 3.812 125.195
14.539 6.757 124.692
17.075 9.417 123.727
20.689 9.462 122.381
23.560 9.232 124.898
26.994 10.873 124.657
29.830 10.135 127.097
32.529 12.807 127.273
35.463 11.757 129.429
38.860 13.383 130.110
41.535 11.695 128.059
44.907 11.402 129.744
46.151 11.114 126.100
44.351 14.309 124.960
40.868 15.772 124.351
38.047 13.444 123.291
37.493 14.075 119.605
33.974 12.693 119.762
32.256 15.688 121.399
28.706 15.525 120.095
25.311 13.846 119.576
22.778 14.493 116.790
19.195 13.819 117.839
16.486 13.708 115.150
12.888 14.493 116.056
11.817 15.086 112.465
9.349 12.235 112.552
7.078 14.034 115.003
6.691 17.422 113.247
8.074 19.436 116.137
8.411 23.236 115.878
10.247 26.126 117.546
7.247 26.280 119.856
7.720 22.900 121.515
11.425 23.530 122.085
10.484 24.908 125.479
9.364 21.377 126.220
12.799 19.881 125.872
15.843 19.952 128.134
19.518 18.989 128.218
20.637 16.687 130.988
24.247 16.420 132.235
25.123 13.782 134.861
28.591 14.126 136.423
30.098 10.749 137.199
33.334 11.033 139.207
34.521 14.659 139.499
31.767 17.190 140.166
31.864 19.246 136.973
33.338 22.501 138.229
32.432 25.832 136.731
34.531 26.028 133.582
35.561 22.671 132.112
32.787 22.347 129.478
30.432 24.695 127.651
27.580 22.818 126.008
25.987 24.244 122.889
22.547 23.266 121.669
22.187 23.856 117.951
18.555 23.679 116.882
18.099 22.942 113.157
14.668 24.270 111.990
13.140 25.753 108.895
14.539 28.962 107.520
13.105 32.223 108.934
12.805 35.071 106.372
14.819 38.309 106.263
12.443 41.106 105.389
12.700 43.909 102.916
11.233 47.026 104.550
12.609 50.097 106.233
11.188 49.938 109.793
8.370 51.769 111.537
