79.959 44.760 206.797
77.212 44.894 209.410
77.095 41.189 210.271
80.641 41.224 211.629
82.885 43.219 213.945
81.254 44.691 217.051
81.115 48.500 216.968
81.961 49.214 220.582
81.018 52.890 220.577
77.716 51.956 218.885
76.167 49.474 221.346
77.730 51.452 224.192
75.702 54.563 223.404
72.595 52.409 223.618
73.621 51.238 227.068
72.615 54.488 228.796
69.065 55.766 229.434
69.473 59.225 227.911
69.148 58.032 224.320
66.083 55.995 225.257
64.576 58.862 227.200
64.793 60.886 224.017
63.083 58.212 221.885
60.309 57.568 224.411
59.707 61.303 224.683
59.340 61.408 220.895
55.537 61.326 220.773
55.085 61.199 216.975
57.449 58.212 216.891
56.208 56.284 219.969
52.473 56.935 219.589
52.659 55.946 215.904
53.856 52.439 216.826
51.347 52.268 219.736
48.404 53.200 217.484
49.486 50.763 214.766
49.729 47.831 217.207
46.677 48.627 219.364
44.494 49.487 216.344
45.313 46.313 214.452
45.197 43.596 217.157
44.344 40.971 214.546
47.996 41.161 213.514
49.302 40.202 216.994
46.661 38.200 218.856
47.876 34.620 219.359
50.983 35.142 217.202
54.710 34.859 217.850
56.515 38.219 217.561
60.180 39.231 217.280
61.392 42.676 218.440
64.720 43.418 216.744
66.597 45.833 219.020
64.117 46.017 221.907
65.828 48.728 223.939
63.800 49.172 227.160
61.214 46.687 225.865
58.441 49.172 225.054
57.404 47.729 221.649
57.279 44.182 222.996
55.008 45.255 225.846
52.685 46.887 223.275
52.496 43.586 221.342
51.884 41.513 224.471
49.032 43.795 225.486
47.596 43.361 221.976
47.424 39.591 222.412
50.775 38.135 221.375
51.133 34.493 222.369
54.869 34.956 222.783
57.248 37.828 222.163
61.030 37.491 221.799
62.956 40.698 222.534
66.633 40.993 221.573
69.272 43.683 222.068
73.068 43.728 222.049
73.571 46.633 224.456
73.501 46.491 228.257
70.110 48.194 228.258
68.747 44.659 227.890
69.193 44.093 231.642
67.058 47.088 232.540
64.430 45.626 230.210
64.564 42.293 232.046
63.623 44.279 235.164
60.913 46.306 233.457
59.160 43.239 232.087
59.111 41.712 235.606
57.866 44.982 237.101
54.914 44.753 234.715
54.317 41.009 235.228
54.882 40.055 231.599
57.513 37.367 232.163
55.159 34.682 230.994
54.839 36.324 227.574
58.062 38.202 226.827
61.412 36.422 226.953
64.616 38.462 226.658
67.909 37.619 224.916
71.210 39.524 225.055
73.279 39.691 221.871
73.434 40.541 218.160
70.346 39.423 216.241
72.560 37.862 213.556
74.426 35.573 215.967
72.260 34.724 218.995
70.211 31.526 219.326
66.434 32.012 219.291
64.147 29.720 221.318
62.072 29.192 218.171
62.487 28.368 214.486
60.261 30.870 212.670
58.149 33.909 213.637
54.802 35.291 212.412
55.539 39.009 212.794
58.680 41.168 213.124
58.561 44.695 214.637
61.343 47.247 214.959
62.304 50.898 215.271
65.599 50.812 213.382
65.808 54.141 211.520
68.442 56.861 211.800
69.114 60.335 210.368
68.313 60.440 206.611
66.674 57.081 207.368
69.707 54.870 206.720
72.323 56.294 209.113
73.619 53.563 211.496
72.877 50.764 209.008
70.460 48.880 211.322
68.023 48.023 208.510
70.662 45.526 207.360
70.282 43.610 210.624
66.478 43.687 210.302
66.716 42.232 206.787
69.017 39.519 208.093
66.492 38.499 210.745
63.728 38.605 208.143
65.503 36.108 205.894
66.458 33.663 208.654
63.320 33.824 210.843
60.191 35.166 209.127
57.643 32.415 208.518
56.249 31.935 205.007
53.421 34.447 204.797
54.674 36.534 207.715
55.025 40.314 207.892
57.623 42.902 208.922
56.663 46.319 210.275
56.936 49.158 209.455
56.692 47.722 205.934
57.181 50.795 203.693
59.477 53.858 203.819
60.529 56.689 201.471
63.237 59.424 201.330
62.760 62.924 199.812
64.664 66.154 199.108
63.552 69.825 199.232
65.207 73.054 198.010
66.025 75.664 200.676
66.683 79.404 200.900
68.267 80.719 204.136
71.210 83.074 203.573
71.611 83.867 207.274
72.018 80.231 208.307
74.514 79.825 205.480
76.509 82.851 206.623
76.319 81.704 210.223
78.097 78.446 209.290
80.421 79.391 206.447
80.967 83.146 206.064
81.386 83.268 209.838
85.009 82.093 209.652
85.932 84.983 207.296
86.222 87.418 210.247
86.574 86.185 213.847
87.047 89.197 216.162
89.042 90.942 213.463
90.988 87.849 212.387
90.774 85.772 209.212
90.043 82.083 209.815
88.898 81.297 206.272
90.994 78.137 206.212
88.351 76.634 208.530
85.643 76.422 205.817
87.579 73.625 204.094
86.457 71.233 206.831
82.934 72.556 207.394
81.116 72.354 204.028
81.598 68.556 203.480
79.744 67.724 206.701
76.007 67.109 206.572
74.060 68.848 209.343
71.145 67.341 211.296
68.871 70.205 212.316
65.291 71.563 212.120
64.426 73.502 208.952
62.058 76.493 209.025
59.109 75.491 206.765
58.789 79.097 205.584
62.230 78.668 203.973
61.342 75.875 201.515
61.620 77.068 197.876
60.505 73.959 195.958
58.028 71.072 196.087
59.543 67.940 197.675
60.796 65.078 195.496
60.982 61.336 196.244
64.337 59.710 195.691
63.884 56.297 197.281
61.146 53.746 198.007
61.601 50.692 200.248
59.363 47.648 200.748
60.755 45.611 203.644
59.284 42.469 202.081
60.808 42.709 198.606
63.802 44.894 199.428
67.276 43.446 199.836
70.567 44.533 201.395
72.095 45.543 198.034
69.247 47.987 197.443
70.404 50.125 200.405
73.230 51.644 198.317
71.633 53.611 195.445
71.809 56.463 192.911
68.861 58.573 191.760
68.092 61.319 189.209
65.577 63.894 190.415
63.939 67.158 189.402
62.873 69.787 191.897
60.067 72.106 190.867
60.696 75.643 192.141
57.985 77.396 194.135
59.617 80.765 194.882
62.052 83.276 193.364
64.936 83.269 195.870
68.593 82.281 196.336
69.109 78.508 196.808
71.528 77.882 199.682
70.998 74.200 200.520
69.026 70.991 200.024
67.195 69.182 202.822
66.464 65.481 203.168
63.943 63.606 205.305
61.858 60.403 205.337
58.355 58.994 205.838
57.260 55.727 207.490
54.221 53.557 206.595
52.306 50.713 208.300
50.133 49.050 205.602
50.065 45.316 204.883
46.954 43.627 206.334
45.966 46.784 208.269
42.338 47.811 208.788
43.735 50.998 210.330
46.817 52.178 208.417
49.383 54.441 210.069
51.833 56.968 208.611
54.233 59.654 209.889
56.663 62.122 208.302
59.899 63.657 209.583
59.720 66.497 207.057
59.895 70.312 207.628
56.132 70.762 207.233
55.444 68.249 210.012
55.651 68.169 213.816
59.259 67.935 215.011
60.769 64.542 215.839
64.172 63.625 217.290
65.344 62.906 213.743
64.859 66.531 212.638
66.087 66.757 209.005
69.453 66.349 207.205
70.985 69.448 205.518
73.470 69.579 202.613
74.754 73.154 202.356
75.839 74.269 198.907
79.302 75.780 198.538
77.879 78.241 196.034
74.197 79.243 196.464
72.474 80.007 193.136
69.499 82.232 192.083
66.328 80.296 191.358
63.053 81.468 189.807
59.561 80.189 190.648
58.224 77.555 188.256
61.753 76.578 187.330
62.720 72.915 187.121
66.074 71.938 188.658
67.611 68.650 187.449
69.895 66.798 189.850
71.533 63.534 190.925
72.168 61.937 194.328
74.161 58.838 195.285
74.171 57.325 198.758
76.799 54.848 199.898
78.039 53.650 203.309
81.546 54.539 204.506
83.713 51.474 203.777
85.905 52.259 206.794
82.879 52.670 209.121
79.746 50.879 207.727
77.494 52.749 210.129
78.254 56.121 208.583
77.171 57.329 205.118
78.659 59.085 202.091
76.428 61.252 199.906
77.341 62.613 196.459
75.067 65.414 195.256
74.827 67.258 191.935
72.632 70.348 191.444
73.130 73.400 189.202
75.873 71.441 187.400
78.033 71.358 190.528
78.925 68.211 192.472
79.853 67.840 196.158
80.476 64.812 198.387
79.234 64.965 202.010
79.588 62.676 204.985
77.061 61.940 207.712
79.039 61.638 210.971
63.382 50.431 221.375
