-2.797 12.310 12.316
-0.170 12.292 9.565
2.907 14.314 10.521
5.512 14.190 7.751
6.418 11.135 5.672
6.423 11.281 1.832
8.075 7.890 1.326
8.280 8.749 -2.361
11.766 7.943 -3.628
12.150 5.415 -6.447
10.946 2.447 -4.392
11.030 0.711 -1.009
12.939 -2.284 0.367
11.620 -5.837 -0.327
8.933 -4.782 2.138
7.181 -3.337 -0.915
5.802 -6.785 -1.708
6.278 -8.103 1.839
4.481 -5.281 3.640
1.696 -5.310 1.072
1.832 -9.106 1.130
0.780 -9.441 4.756
-1.478 -6.407 4.280
-3.628 -7.873 1.504
-3.187 -11.196 3.327
-4.893 -9.969 6.493
-7.982 -9.151 4.445
-9.113 -7.179 1.379
-11.484 -4.361 2.290
-8.919 -2.099 3.971
-10.985 0.872 5.175
-9.850 4.296 6.425
-9.192 2.549 9.737
-7.216 -0.350 8.316
-5.588 1.893 5.750
-4.287 3.972 8.653
-3.932 1.083 11.099
-2.289 -1.109 8.463
-0.135 1.706 7.091
1.346 2.324 10.543
1.957 -1.353 11.335
2.811 -2.629 7.857
4.821 0.395 6.762
2.406 2.280 4.528
0.572 5.607 4.862
-2.965 7.085 4.594
-1.834 8.406 1.210
-0.242 5.129 0.131
-2.843 2.667 1.400
-5.180 4.342 -1.083
-2.944 4.753 -4.145
-0.744 1.803 -3.229
-3.662 -0.573 -2.598
-5.321 0.797 -5.744
-2.743 -0.896 -7.980
-2.103 -3.657 -5.442
-5.842 -4.223 -4.998
-7.690 -2.499 -7.848
-11.160 -3.586 -6.735
-13.375 -0.983 -8.403
-11.493 2.193 -9.327
