49.872 69.245 3.661
46.603 67.990 5.151
45.124 68.366 8.649
45.754 64.652 9.100
49.408 65.188 8.214
49.651 68.168 10.567
48.483 66.170 13.576
51.892 64.535 13.681
53.976 67.701 13.141
52.243 69.127 16.163
52.816 66.134 18.402
56.499 66.349 17.477
56.721 70.057 18.324
55.145 69.194 21.688
57.777 66.461 22.198
55.085 63.819 22.691
56.010 60.155 23.253
56.057 57.859 20.185
53.404 55.634 21.731
50.863 58.446 21.831
50.775 59.288 18.122
48.804 56.219 17.073
45.871 56.480 19.453
45.767 60.212 18.776
45.951 60.013 15.023
43.113 57.512 15.054
40.870 59.670 17.169
41.475 62.798 15.129
41.051 61.241 11.688
37.269 60.724 11.921
36.693 64.259 13.196
38.784 65.783 10.399
36.912 63.883 7.688
33.614 65.166 9.021
35.036 68.663 9.154
35.971 68.370 5.497
32.414 67.562 4.487
31.087 70.575 6.364
31.727 73.795 4.460
31.496 75.889 7.609
34.441 73.950 9.039
36.263 72.892 5.900
37.113 76.469 4.908
39.081 76.897 8.136
42.892 76.794 8.075
44.373 73.243 8.221
46.252 73.617 11.529
43.238 75.155 13.233
41.208 72.095 12.278
44.104 69.923 13.397
44.573 71.731 16.699
40.787 71.728 17.230
40.541 67.962 16.798
43.682 67.543 18.922
42.067 69.709 21.644
38.918 67.599 21.520
40.995 64.511 22.087
44.010 65.659 24.100
42.672 68.491 26.247
42.966 67.640 29.923
44.156 64.106 29.143
47.820 64.551 28.228
50.165 66.788 30.200
52.506 67.825 27.405
49.448 69.083 25.525
48.199 71.186 28.405
51.689 72.645 28.969
52.508 73.620 25.378
49.266 74.408 23.578
49.354 78.110 24.416
52.752 78.784 22.896
51.975 76.610 19.909
48.807 78.612 19.233
50.687 81.856 19.824
53.487 81.017 17.377
50.817 80.223 14.789
48.816 83.365 15.529
45.852 81.457 16.933
43.854 82.879 19.811
42.231 80.706 22.465
38.904 81.949 21.147
39.597 80.740 17.590
40.545 77.263 18.798
37.367 76.900 20.858
35.091 78.136 18.126
36.668 75.711 15.715
36.031 72.914 18.209
32.334 73.752 17.959
32.437 73.884 14.175
33.959 70.403 14.189
31.348 69.042 16.598
28.685 70.472 14.313
30.441 68.837 11.371
30.389 65.526 13.226
26.691 65.686 14.090
25.433 66.720 10.652
27.568 64.210 8.697
25.445 61.766 6.650
27.112 59.176 4.407
24.019 58.982 2.232
23.662 62.698 1.527
24.659 62.371 -2.108
21.956 59.658 -2.249
19.004 61.420 -0.558
19.356 64.781 -2.335
21.117 64.155 -5.635
