59.620 4.786 58.062
61.430 6.300 55.079
62.065 9.947 54.171
58.970 11.695 52.802
59.198 14.511 50.268
56.511 16.778 48.816
57.881 19.084 46.121
56.209 21.474 43.729
56.175 20.459 40.067
54.891 22.600 37.169
52.986 25.386 38.950
50.957 24.723 42.104
50.991 20.931 41.580
52.847 18.662 44.010
54.881 15.487 43.684
54.444 13.194 46.683
57.253 10.722 47.411
56.457 8.524 50.422
59.678 6.587 49.825
58.087 3.397 48.480
58.961 3.839 44.807
55.394 4.717 43.765
54.721 7.926 41.865
52.114 10.157 43.502
50.823 13.699 42.945
48.552 16.136 44.745
47.095 19.635 44.756
46.879 22.153 47.603
43.186 22.203 48.616
41.297 25.517 48.405
38.454 24.167 50.607
40.069 22.623 53.677
38.297 19.999 55.746
36.519 18.584 52.708
36.992 15.441 50.651
35.447 15.727 47.186
35.648 12.021 46.297
37.109 10.336 49.399
40.673 11.035 48.235
43.587 10.630 50.647
44.849 13.796 52.376
48.234 14.872 53.774
47.540 17.626 56.309
50.630 19.695 57.123
49.665 22.332 59.661
46.833 24.207 57.977
47.578 23.168 54.378
45.833 20.085 52.992
47.319 18.216 50.038
44.712 16.167 48.181
46.084 12.988 46.612
45.149 13.231 42.921
44.077 9.704 41.898
45.083 8.839 38.266
42.500 6.029 38.251
39.795 8.662 38.820
41.247 11.606 36.863
42.557 11.490 33.283
44.618 14.651 33.884
46.333 13.026 36.894
46.892 9.925 34.736
48.539 12.063 32.040
50.876 13.674 34.577
51.727 10.298 36.176
52.422 8.898 32.691
54.836 11.682 31.732
53.022 14.882 30.696
55.700 17.577 30.211
53.562 20.525 29.079
51.077 21.618 31.762
49.692 25.075 30.783
47.229 25.420 33.684
48.734 27.975 36.081
47.544 29.716 39.279
45.969 32.657 37.450
44.719 30.701 34.422
41.156 31.017 33.181
40.111 27.648 31.835
37.126 26.315 29.911
36.267 22.813 31.149
34.274 20.648 28.732
32.964 17.179 29.538
30.849 15.187 31.994
32.185 15.141 35.538
31.121 14.403 39.100
33.679 16.971 40.274
36.934 14.960 40.430
39.189 16.675 37.878
37.423 20.072 38.197
38.152 20.152 41.943
41.897 19.650 41.404
42.049 22.126 38.518
40.387 24.674 40.844
43.084 24.000 43.455
45.809 24.691 40.877
44.205 27.816 39.415
43.401 29.310 42.836
43.949 32.821 41.431
41.989 31.967 38.278
38.609 30.724 37.033
37.181 27.454 35.739
34.078 27.541 33.534
32.427 24.124 33.736
30.130 23.348 30.793
27.566 20.576 31.408
24.513 19.611 29.334
22.533 17.458 31.784
20.995 19.135 34.887
21.628 15.910 36.826
25.352 16.052 36.030
25.478 19.744 36.975
23.664 18.838 40.200
26.419 16.365 41.125
29.171 18.753 40.040
27.596 21.469 42.208
27.558 19.181 45.265
31.177 18.050 44.876
32.616 21.483 44.019
30.420 23.170 46.619
32.722 25.737 48.235
35.146 26.103 45.296
33.946 29.523 44.189
36.426 29.859 41.309
34.429 27.176 39.470
31.647 28.729 37.380
28.905 26.272 36.279
27.299 26.845 32.892
24.429 24.644 31.706
25.091 24.342 27.989
25.980 22.367 24.887
29.682 22.449 24.008
28.630 21.999 20.375
27.009 25.468 20.536
29.674 27.716 22.161
27.979 30.900 20.906
25.225 30.334 23.470
27.562 30.958 26.418
29.885 33.489 24.735
28.463 36.377 26.802
29.538 34.564 30.008
32.855 32.896 29.196
35.664 35.430 28.862
38.735 34.670 26.737
40.513 31.679 28.285
44.136 30.557 28.596
43.367 26.845 28.500
40.561 24.588 27.320
40.402 21.137 28.906
38.171 18.653 27.102
36.980 15.187 28.139
34.024 14.259 25.921
33.837 10.772 24.407
32.147 11.661 21.120
32.970 11.315 17.389
32.997 15.116 17.051
35.147 15.857 20.129
37.965 17.313 18.002
35.754 19.761 16.075
34.198 20.751 19.414
37.633 21.748 20.765
38.324 23.685 17.555
34.941 25.417 17.673
35.453 26.420 21.312
39.052 27.489 20.631
37.918 29.886 17.877
35.388 31.395 20.262
37.313 31.467 23.552
40.974 30.445 23.282
43.602 33.204 23.337
46.272 33.028 20.629
49.202 31.208 22.211
46.777 29.588 24.648
46.487 25.820 25.047
44.062 23.043 24.264
44.133 19.876 26.385
42.010 16.989 25.106
41.653 13.419 26.382
40.665 11.267 23.409
39.030 7.842 23.694
39.793 6.190 20.332
36.789 3.843 20.460
34.366 6.769 20.912
35.336 7.910 17.397
35.617 4.586 15.561
34.959 0.971 16.624
36.730 -0.710 13.690
39.930 1.199 12.878
43.195 0.648 14.720
43.519 3.062 17.703
46.993 4.009 16.468
45.466 5.112 13.149
42.530 6.854 14.860
44.881 8.930 17.027
46.975 9.816 13.973
43.891 11.089 12.128
42.681 13.016 15.192
46.083 14.689 15.540
45.803 15.763 11.880
42.287 17.158 12.420
43.480 19.217 15.397
46.531 20.510 13.505
44.406 21.377 10.465
42.083 23.152 12.899
44.746 25.511 14.212
46.683 23.601 16.877
50.401 22.824 17.073
50.693 19.576 19.044
53.277 19.970 21.827
52.534 16.902 23.975
50.912 13.486 23.639
50.489 11.060 26.544
49.224 7.480 26.442
47.435 7.132 29.799
47.393 3.371 29.082
47.210 1.670 32.490
44.520 3.970 33.902
42.493 4.183 30.665
42.736 1.831 27.679
43.156 3.393 24.237
43.054 6.955 25.603
45.597 9.659 24.712
45.934 13.170 26.153
46.803 15.712 23.455
48.154 19.175 24.256
48.466 21.864 21.610
49.139 25.589 21.313
46.379 27.573 19.609
47.907 29.370 16.625
44.663 30.558 15.042
42.385 29.871 12.053
