12.284 24.202 28.389
14.270 22.134 30.944
17.047 19.499 31.098
16.775 16.040 29.458
17.932 12.480 29.807
18.199 10.290 26.676
18.625 6.567 26.451
19.573 3.923 23.888
19.707 0.149 23.683
20.276 -1.739 20.333
19.315 -5.524 20.555
20.869 -8.319 18.440
19.353 -11.744 18.127
21.914 -14.258 16.893
19.930 -17.448 16.991
16.268 -17.812 18.315
17.656 -18.689 21.727
20.761 -16.403 21.907
20.493 -12.628 22.196
22.678 -9.835 23.425
22.158 -6.096 23.930
24.125 -2.876 24.567
22.327 -0.231 26.692
23.333 3.294 27.898
21.985 6.382 29.739
23.016 9.913 28.782
22.752 13.355 30.289
23.747 16.869 29.273
27.190 16.649 30.701
27.726 19.889 32.536
26.347 22.742 30.473
25.839 23.313 26.763
26.193 20.839 23.947
27.712 17.664 25.223
25.821 14.479 25.681
27.793 12.086 27.820
26.824 8.760 29.239
26.245 8.845 32.975
29.345 7.060 34.383
29.140 3.497 35.727
25.914 2.703 33.786
24.926 0.783 30.672
26.973 -1.902 28.976
26.428 -5.013 26.898
25.393 -8.526 27.870
28.414 -9.831 29.828
30.451 -12.359 27.803
30.168 -14.856 30.706
26.371 -14.666 30.447
24.398 -17.765 31.477
21.960 -19.582 29.309
18.931 -17.890 30.864
20.202 -14.369 30.143
20.789 -15.181 26.426
17.431 -16.950 26.217
15.483 -14.227 28.004
17.104 -11.329 26.040
15.615 -12.622 22.745
12.127 -12.323 24.319
12.960 -8.899 25.735
14.161 -7.982 22.255
10.753 -8.795 20.763
9.035 -7.023 23.653
11.183 -3.957 22.959
10.053 -4.079 19.342
6.328 -4.501 20.037
6.435 -1.684 22.544
8.579 0.862 20.669
6.501 0.553 17.440
3.387 1.211 19.530
4.925 4.048 21.512
6.080 5.527 18.233
2.993 5.301 15.805
0.465 4.996 18.726
