53.356 23.092 8.086
50.681 25.845 8.135
49.772 24.698 11.636
53.338 25.032 12.929
53.436 28.461 11.309
50.459 30.031 13.127
51.036 28.395 16.511
54.329 30.242 16.782
52.774 33.547 15.776
50.040 33.319 18.445
52.500 32.412 21.181
54.966 35.027 20.006
52.066 37.453 20.192
51.000 36.267 23.640
54.457 35.888 25.190
55.397 39.473 24.344
52.342 40.912 26.079
52.935 39.065 29.351
56.604 40.092 29.541
55.868 43.706 28.642
53.488 43.760 31.590
54.821 41.833 34.620
53.829 38.179 34.229
57.028 36.436 35.386
56.469 32.803 34.361
57.930 29.511 33.112
56.463 28.563 29.677
57.239 24.951 30.595
54.537 24.446 33.255
52.481 26.834 31.155
52.873 24.704 28.044
51.919 21.793 30.261
48.506 23.148 31.184
47.763 23.913 27.578
48.186 20.260 26.607
46.117 18.991 29.544
43.319 21.302 28.428
43.351 20.360 24.743
43.772 16.627 25.384
40.794 17.126 27.667
42.915 15.289 30.195
42.456 15.551 33.960
43.822 18.901 35.146
46.689 19.037 37.654
44.669 21.675 39.501
41.120 21.859 40.831
38.832 24.277 38.953
38.686 26.108 42.268
42.490 26.034 42.773
43.269 27.771 39.474
40.577 30.413 39.884
41.793 30.985 43.441
45.258 31.773 42.118
44.164 33.577 38.944
41.838 35.762 41.017
44.908 36.663 43.018
46.923 37.264 39.858
44.509 39.890 38.540
44.108 41.612 41.882
47.891 41.937 41.922
47.850 43.087 38.296
45.362 45.799 39.235
47.716 46.881 41.958
50.494 47.087 39.388
48.520 49.220 36.927
47.446 51.606 39.696
51.128 51.819 40.485
52.062 52.839 36.949
49.073 55.167 36.643
49.877 57.205 39.738
53.520 57.199 38.662
52.687 58.333 35.139
50.492 61.082 36.614
53.278 62.498 38.766
55.613 62.179 35.759
53.373 63.946 33.249
52.659 66.819 35.600
56.350 67.359 36.023
56.877 67.210 32.250
53.836 69.377 31.754
55.153 72.185 33.918
58.615 72.028 32.363
57.075 72.372 28.916
54.995 75.404 29.821
57.901 77.078 31.633
60.085 76.508 28.622
57.281 77.720 26.303
56.428 80.924 28.218
59.586 82.458 26.739
59.245 81.373 23.104
58.508 83.992 20.432
54.898 85.072 20.290
53.656 83.184 23.330
51.160 84.897 25.644
50.586 83.483 29.137
47.144 83.987 30.684
46.124 84.222 34.396
44.896 80.579 34.235
48.278 79.328 33.009
46.805 78.747 29.553
49.235 79.931 26.890
48.600 80.801 23.285
50.444 82.060 20.221
48.614 83.851 17.431
49.270 82.151 14.059
46.763 84.424 12.259
44.309 86.903 13.656
40.706 86.923 12.487
38.290 89.870 12.489
34.940 88.266 13.308
33.247 88.364 16.718
34.597 86.559 19.805
32.313 83.757 20.932
30.352 84.008 24.187
30.062 81.342 26.850
26.855 79.892 25.421
27.487 80.216 21.659
28.081 77.366 19.284
31.375 77.448 17.472
32.627 75.812 14.285
36.321 74.966 14.121
39.090 72.931 12.574
41.819 71.681 14.880
44.569 69.317 15.761
45.388 68.236 19.285
48.724 66.734 20.096
50.687 65.691 23.124
53.935 67.384 24.005
55.713 64.597 22.062
53.945 65.414 18.801
51.612 62.452 18.972
48.362 63.590 17.407
45.324 62.431 19.399
42.653 64.323 17.556
42.082 66.475 14.513
39.502 67.514 11.947
42.054 66.816 9.190
41.334 63.092 9.339
37.584 63.539 9.006
38.185 66.400 6.587
35.138 68.063 8.188
35.007 71.002 10.709
33.634 70.301 14.176
30.877 72.218 15.935
30.797 72.586 19.741
29.055 74.717 22.297
31.695 76.908 23.903
30.865 75.727 27.421
30.802 71.987 26.594
34.499 71.913 25.801
37.545 71.497 28.038
38.436 74.613 30.139
41.477 75.628 28.098
39.279 75.707 24.966
36.525 77.606 26.801
39.171 80.093 28.005
40.763 80.448 24.543
37.648 80.647 22.345
36.279 83.629 24.355
39.376 85.562 23.338
39.512 84.533 19.666
38.008 86.670 16.915
36.044 84.522 14.446
38.385 83.600 11.634
41.535 83.362 13.750
44.000 80.462 14.027
45.783 80.102 17.369
47.985 77.423 18.874
47.126 76.879 22.500
49.186 75.122 25.164
46.948 73.642 27.770
47.788 72.903 31.445
46.363 69.517 32.464
44.006 71.212 34.923
42.321 72.874 31.932
42.243 69.731 29.772
41.510 66.310 31.293
43.342 66.504 34.621
44.492 63.699 36.971
41.915 61.312 35.534
42.279 59.867 32.039
42.017 56.151 31.316
41.097 57.412 27.849
42.818 57.416 24.475
46.400 58.635 23.923
45.754 61.175 26.696
47.046 60.024 30.071
46.880 61.479 33.585
47.939 65.102 34.187
48.814 65.558 30.564
49.439 69.065 29.218
48.134 69.398 25.644
48.778 71.411 22.520
46.161 72.540 20.048
46.143 74.355 16.788
42.690 75.864 16.570
41.146 77.655 13.693
37.825 79.255 14.655
35.749 79.390 11.493
32.568 80.929 12.695
30.486 81.792 15.684
26.802 80.882 15.884
25.504 83.252 18.547
22.734 80.696 19.058
