11.337 -9.353 -12.537
13.568 -11.849 -10.745
14.352 -12.395 -7.072
16.377 -9.272 -6.407
14.040 -7.887 -3.779
14.663 -6.802 -0.210
12.448 -7.050 2.866
12.130 -3.317 3.295
9.894 -3.070 6.393
10.891 0.588 6.342
7.298 1.871 6.457
4.320 -0.444 6.857
3.115 -3.846 5.649
-0.408 -5.146 6.293
-2.978 -7.139 4.337
-6.124 -5.317 3.254
-8.982 -7.356 1.851
-10.617 -5.124 -0.708
-11.830 -4.852 -4.266
-9.615 -3.311 -6.987
-10.921 -1.961 -10.360
-14.534 -3.019 -9.604
-13.239 -6.607 -9.741
-14.153 -9.282 -7.099
-12.380 -9.187 -3.679
-8.649 -9.615 -3.279
-6.326 -10.375 -0.398
-3.470 -8.021 -1.130
-0.603 -7.639 1.287
0.002 -3.905 1.033
3.702 -3.196 1.493
4.868 0.410 1.661
8.548 0.853 0.889
10.515 4.090 0.442
7.875 6.159 -1.383
5.784 3.528 -3.140
2.955 1.213 -2.179
3.389 -2.304 -3.553
0.604 -4.703 -2.675
0.712 -8.385 -3.450
-2.823 -9.084 -4.641
-3.182 -12.643 -3.428
-6.293 -13.312 -5.460
-7.748 -16.759 -4.915
-9.146 -16.750 -8.450
-9.256 -20.517 -8.893
-5.547 -21.422 -9.194
-3.744 -19.942 -12.324
-4.524 -16.134 -11.820
-3.605 -14.206 -8.609
-0.972 -11.433 -8.660
2.626 -12.229 -7.728
3.501 -8.675 -6.574
2.384 -7.424 -9.995
0.045 -4.730 -8.690
1.827 -1.639 -7.386
1.232 2.061 -6.768
3.704 4.949 -6.536
3.135 8.106 -4.435
4.266 10.159 -7.404
1.570 10.322 -10.076
-1.542 9.056 -8.300
-4.480 10.933 -6.811
-5.683 9.901 -3.387
-8.530 10.587 -0.987
-9.449 9.312 2.478
-12.699 8.594 4.274
-12.913 8.917 8.049
-15.486 9.336 10.869
-15.427 5.663 11.974
-15.100 4.473 8.381
-11.457 4.915 7.490
-10.801 4.056 3.882
-7.985 5.194 1.606
-9.322 5.710 -1.874
-6.867 6.381 -4.656
-8.031 7.909 -7.908
-6.257 7.257 -11.237
-4.654 10.403 -12.650
-2.917 8.064 -15.071
-4.494 6.303 -18.105
-4.930 2.673 -17.111
-4.961 2.594 -13.313
-8.430 1.889 -11.842
-10.104 3.221 -8.695
-9.509 0.696 -5.943
-10.235 1.213 -2.261
-8.916 -0.436 0.905
-11.106 -1.405 3.848
-10.461 -2.281 7.535
-10.784 -5.961 6.730
-7.861 -6.565 9.089
-9.198 -9.281 11.389
-10.968 -9.131 14.770
-10.743 -5.712 16.416
-8.566 -2.984 14.991
-9.138 0.373 13.275
-6.354 1.975 15.302
-3.995 -0.079 13.107
-5.432 1.240 9.826
-5.778 4.698 11.379
-2.015 4.836 11.350
-2.102 3.697 7.718
-3.900 6.892 6.744
-1.399 9.069 8.578
1.357 7.025 6.871
-0.046 7.915 3.440
-0.238 11.606 4.444
3.479 11.464 5.283
5.266 8.429 3.924
8.450 7.080 5.480
8.662 6.996 9.275
12.378 7.732 8.998
11.590 11.060 7.358
9.913 12.270 10.548
11.248 9.988 13.274
12.091 6.304 13.005
11.195 3.899 15.786
12.043 0.348 16.852
