7.223 -9.872 32.418
7.389 -13.591 31.408
5.492 -13.049 28.144
6.168 -14.167 24.623
5.267 -16.609 21.940
4.092 -20.082 23.047
2.751 -23.054 21.169
-0.766 -24.255 22.113
-0.647 -26.351 25.318
2.534 -24.683 26.454
2.981 -23.270 29.942
4.196 -19.900 31.120
4.684 -17.904 34.304
4.113 -14.191 34.311
5.401 -11.954 37.047
4.411 -8.616 38.458
6.844 -6.407 40.485
5.166 -4.017 42.893
6.674 -0.917 44.499
5.188 2.298 45.883
2.679 0.743 48.263
2.226 -2.119 50.690
1.958 -5.149 48.481
0.538 -7.129 51.439
-2.397 -4.883 52.339
-4.003 -5.291 48.893
-5.852 -7.941 46.900
-4.230 -8.492 43.478
-5.748 -9.052 40.020
-4.744 -10.416 36.688
-6.681 -8.848 33.851
-6.090 -9.372 30.151
-6.878 -7.445 26.966
-7.335 -9.350 23.722
-6.161 -8.031 20.352
-9.696 -7.068 19.524
-9.436 -4.771 22.625
-11.831 -6.813 24.859
-10.967 -6.883 28.580
-11.218 -10.059 30.647
-10.816 -10.931 34.300
-8.310 -13.728 34.669
-7.870 -14.240 38.426
-8.046 -12.666 41.875
-5.806 -13.308 44.936
-6.579 -12.359 48.553
-4.320 -10.053 50.583
-2.622 -12.958 52.298
-3.087 -15.487 49.515
-5.601 -17.771 51.119
-8.412 -17.266 48.647
-8.253 -17.536 44.896
-10.855 -16.817 42.271
-11.028 -17.543 38.558
-13.639 -17.587 35.736
-14.424 -20.960 34.136
-12.405 -19.649 31.193
-9.142 -20.463 32.915
-10.352 -22.528 35.834
-7.967 -25.365 36.484
-5.303 -24.017 34.058
-4.168 -20.698 35.476
-2.816 -20.404 39.010
-2.469 -17.052 40.705
0.004 -16.672 43.558
2.136 -14.191 45.404
5.140 -13.496 47.601
4.342 -10.872 50.225
8.085 -10.914 51.059
9.616 -10.317 47.662
6.637 -8.250 46.472
5.766 -10.460 43.538
2.595 -11.446 41.845
2.520 -14.574 39.718
0.330 -16.085 37.003
1.125 -19.678 36.049
-0.617 -20.530 32.806
-0.832 -24.163 31.825
-2.309 -25.928 28.810
-2.375 -22.662 26.963
-5.080 -22.234 24.359
-5.124 -19.911 21.279
-7.693 -17.762 23.050
-5.254 -16.847 25.853
-3.394 -14.623 23.419
-3.592 -11.121 24.888
-1.875 -8.421 26.909
-1.695 -9.270 30.590
-1.951 -6.732 33.383
-1.976 -6.827 37.151
-3.694 -4.368 39.439
-4.323 -3.704 43.109
-7.784 -3.572 44.530
-12.539 -1.522 41.380
-9.153 -2.562 40.055
-6.430 0.026 40.207
-3.754 -0.852 37.677
-0.103 -0.015 37.630
0.983 -2.614 35.112
2.268 -1.643 31.691
1.340 -5.019 30.148
3.196 -8.025 28.783
2.036 -9.671 25.601
1.482 -13.421 25.476
0.945 -14.938 22.095
-0.300 -18.565 21.674
0.275 -19.892 18.159
1.274 -23.075 16.379
