112.558 85.839 -21.685
113.974 83.613 -24.354
116.927 85.653 -25.609
116.487 87.274 -29.009
119.551 88.076 -31.138
120.359 89.883 -34.361
123.063 88.912 -36.785
123.943 88.137 -40.363
123.650 84.800 -42.073
127.279 84.186 -42.963
126.637 80.592 -44.009
123.845 78.568 -45.581
126.150 75.655 -46.374
124.106 73.294 -44.215
120.829 71.369 -44.237
118.177 73.291 -42.277
120.830 75.297 -40.470
122.295 78.778 -40.947
125.242 80.402 -39.221
124.264 83.778 -37.850
127.039 86.169 -36.920
125.769 88.173 -33.981
127.725 91.276 -33.029
127.682 93.273 -29.777
129.395 96.343 -28.380
130.295 97.380 -24.840
132.724 99.351 -22.679
135.976 97.790 -21.756
135.806 96.823 -18.062
139.043 98.660 -17.317
139.882 100.896 -20.261
136.315 102.016 -20.778
136.573 102.494 -24.527
133.643 100.834 -26.302
134.746 97.675 -28.057
132.936 95.582 -30.624
132.951 91.782 -30.272
131.060 88.980 -32.030
129.887 85.362 -32.122
128.374 82.803 -34.490
125.246 80.894 -33.601
123.972 77.935 -35.658
120.281 78.755 -35.958
117.733 76.192 -37.131
116.138 76.812 -40.535
113.519 74.058 -41.132
112.311 75.564 -44.390
115.752 76.564 -45.711
113.950 79.896 -45.710
117.041 82.014 -45.113
119.821 82.829 -47.533
123.403 84.029 -47.238
123.315 87.745 -46.507
119.998 87.996 -44.660
119.922 89.860 -41.376
117.803 87.602 -39.203
116.739 87.512 -35.565
117.629 84.412 -33.578
115.470 83.172 -30.741
116.629 81.066 -27.782
115.202 77.582 -28.329
114.976 74.037 -27.033
118.076 72.120 -28.152
117.831 70.957 -31.767
121.270 69.427 -32.079
124.498 69.667 -30.159
125.629 73.168 -31.085
122.080 74.265 -32.152
120.113 76.082 -29.439
118.560 78.932 -31.438
115.917 79.204 -34.141
115.588 81.830 -36.826
112.711 83.996 -35.620
112.324 86.440 -38.494
114.134 88.179 -41.307
114.990 91.828 -40.619
116.533 92.974 -43.897
117.366 90.791 -46.877
120.592 90.679 -48.838
123.746 92.512 -47.824
127.030 90.766 -48.367
128.751 93.968 -47.379
128.549 92.286 -43.975
129.200 88.769 -45.207
132.143 90.171 -47.163
133.840 91.404 -44.005
133.509 88.007 -42.403
134.893 86.076 -45.357
137.924 88.320 -45.753
138.648 88.089 -42.016
138.584 84.357 -42.655
140.796 84.562 -45.765
143.519 86.356 -43.772
143.717 83.381 -41.440
145.167 80.887 -43.898
148.270 83.034 -44.137
149.560 84.241 -40.763
150.747 80.706 -39.910
153.988 79.271 -41.381
154.396 81.809 -44.202
152.105 84.845 -44.242
148.949 86.672 -45.306
148.224 89.699 -47.459
148.895 93.447 -47.273
