243.368 181.107 -6.961
242.161 177.568 -6.206
239.394 175.085 -7.046
238.128 171.884 -5.445
236.041 168.744 -5.952
235.262 165.725 -3.767
234.813 162.709 -6.053
233.900 159.275 -4.670
233.856 155.840 -6.274
232.895 152.375 -5.120
234.134 153.385 -1.648
237.049 155.746 -2.261
237.075 159.481 -1.640
239.360 161.892 -3.447
239.863 165.564 -2.523
240.941 167.448 -5.628
242.446 170.917 -5.240
242.839 172.246 -8.758
245.206 175.190 -9.092
246.688 177.172 -11.972
250.178 176.016 -12.899
252.556 173.731 -14.780
250.540 170.535 -14.942
252.074 168.309 -12.301
249.939 166.235 -9.947
250.410 165.257 -6.320
248.441 162.280 -5.084
248.977 161.640 -1.385
252.263 163.501 -1.471
253.488 161.275 -4.295
253.820 162.215 -7.929
250.660 161.156 -9.773
252.797 158.811 -11.855
254.444 157.447 -8.731
251.335 156.515 -6.753
249.953 154.831 -9.865
253.061 153.140 -11.271
252.373 150.367 -13.750
248.596 150.745 -13.925
247.365 151.171 -17.493
244.083 152.527 -16.096
245.887 155.411 -14.352
245.707 157.823 -17.290
241.908 157.964 -17.046
242.012 159.895 -13.755
242.893 163.067 -15.691
240.688 162.526 -18.726
238.306 165.309 -17.631
241.217 167.760 -17.963
241.940 166.747 -21.559
238.228 167.297 -22.132
238.224 171.079 -21.785
241.978 171.212 -22.372
243.844 171.895 -19.150
246.577 169.941 -17.368
249.295 171.995 -19.028
247.161 174.802 -17.636
246.312 173.606 -14.116
248.264 171.883 -11.382
246.507 169.657 -8.874
246.955 168.606 -5.281
245.042 165.432 -4.427
243.943 163.556 -1.302
242.851 159.922 -1.637
241.775 157.454 1.063
239.787 154.203 0.975
239.247 151.355 -1.465
241.751 150.363 -4.113
243.808 152.384 -6.539
241.426 151.528 -9.379
238.577 153.010 -7.384
240.677 155.985 -6.370
241.530 156.689 -10.004
237.806 157.034 -10.615
237.113 159.245 -7.586
240.046 161.487 -8.499
238.416 161.646 -11.902
235.200 162.923 -10.289
236.912 165.467 -8.077
238.801 166.819 -11.079
235.646 166.973 -13.187
233.967 168.812 -10.304
236.594 171.432 -9.466
236.780 172.087 -13.206
233.198 173.356 -12.917
233.903 175.798 -10.086
236.716 177.311 -12.120
234.287 177.712 -14.995
230.648 176.644 -14.603
230.258 176.836 -18.384
232.423 173.702 -18.545
229.477 171.479 -17.594
227.780 172.018 -20.941
230.726 170.141 -22.459
232.204 168.230 -19.523
228.905 166.426 -18.813
228.108 164.955 -22.238
230.898 162.565 -21.239
229.321 161.976 -17.831
232.448 162.741 -15.794
230.151 164.587 -13.428
228.169 161.434 -12.683
228.831 159.512 -9.497
229.117 155.837 -10.444
226.851 154.143 -7.899
227.943 150.558 -8.624
228.825 148.841 -5.365
229.821 145.539 -3.776
226.632 143.557 -3.186
225.792 142.282 0.282
226.640 138.617 0.871
223.203 136.980 1.248
222.804 133.918 3.485
221.844 130.687 1.817
223.934 131.588 -1.197
227.761 131.523 -1.337
228.243 135.113 -2.408
225.140 137.268 -2.736
224.453 135.335 -5.883
226.810 132.402 -6.295
224.361 129.657 -5.336
225.554 126.411 -3.754
225.236 123.532 -6.192
223.197 120.372 -5.846
223.986 116.883 -7.098
221.374 114.583 -8.578
218.400 116.826 -7.782
