13.397 -8.560 90.117
13.577 -4.863 91.150
13.418 -2.403 88.285
12.506 1.153 87.372
11.624 1.418 83.735
10.891 4.798 82.172
8.869 6.076 79.215
10.598 6.515 75.848
12.505 9.310 74.067
10.571 12.555 73.761
10.874 15.256 71.109
9.112 18.505 72.046
8.828 22.056 70.714
9.971 25.001 72.871
7.265 26.018 75.345
5.562 22.612 75.405
5.277 20.164 78.296
6.666 16.698 78.804
5.623 14.121 81.345
8.135 11.401 82.088
6.999 8.201 83.781
8.943 5.809 85.998
7.327 2.493 86.847
8.592 0.619 89.893
8.258 -3.125 90.161
9.794 -5.742 92.428
9.550 -3.844 95.715
6.997 -1.876 97.676
6.723 1.448 95.884
5.779 3.095 99.126
8.942 2.183 101.067
11.317 4.541 99.201
11.246 8.179 98.252
12.154 8.181 94.524
14.684 10.730 93.163
14.978 12.430 89.781
18.280 13.284 88.241
19.177 15.431 85.277
21.963 14.440 82.935
22.891 17.298 80.619
25.762 16.996 78.096
28.800 18.608 79.692
27.205 18.448 83.105
27.416 15.306 85.185
24.545 14.079 87.277
22.388 16.660 89.117
19.556 15.958 91.573
16.348 17.710 90.444
14.269 16.735 93.452
12.601 13.776 95.123
9.109 12.850 96.198
7.738 11.249 99.353
5.998 8.170 97.895
3.944 7.697 101.040
2.423 11.201 100.977
3.182 12.757 97.589
5.055 15.688 98.991
7.640 16.780 96.476
10.743 18.695 97.470
12.730 20.409 94.734
16.353 21.453 94.343
16.984 25.182 93.996
17.755 25.131 90.264
14.468 23.366 89.640
11.816 25.605 91.109
8.886 26.704 88.989
8.549 24.871 85.663
9.128 21.482 87.280
6.766 19.139 89.046
7.007 15.741 90.660
3.809 13.692 91.086
2.868 10.082 91.568
0.163 7.510 90.852
0.464 5.191 93.838
-2.091 2.775 92.395
0.318 2.094 89.553
3.615 2.391 91.498
4.638 5.114 89.076
6.285 8.475 89.573
6.190 11.345 87.139
8.444 14.258 86.253
6.649 17.195 84.714
8.540 19.844 82.809
6.451 22.752 81.413
7.527 25.572 79.082
10.395 23.545 77.746
13.592 25.425 76.816
16.698 24.108 75.051
18.457 23.928 78.448
16.011 21.100 79.083
17.148 18.844 76.319
19.026 16.183 78.258
18.509 12.747 79.796
16.448 12.246 82.928
16.683 9.392 85.427
14.638 8.223 88.355
16.319 6.450 91.253
15.386 4.679 94.448
17.608 3.702 97.350
21.247 3.279 96.264
20.851 0.340 93.887
18.178 1.252 91.315
18.134 3.598 88.399
15.735 3.627 85.461
17.339 3.395 82.019
16.791 7.131 81.620
14.763 9.035 79.040
16.149 11.429 76.475
14.254 14.660 75.909
15.045 16.832 72.860
13.698 20.385 72.703
13.625 21.459 69.058
11.455 23.071 66.426
12.788 20.748 63.769
