-20.734 45.805 70.585
-17.570 43.934 69.683
-14.992 45.014 72.204
-11.499 45.223 70.845
-8.598 44.729 73.358
-5.138 45.948 72.535
-2.351 44.782 74.694
-0.035 46.168 75.563
-0.581 49.858 76.079
3.047 50.775 75.302
5.868 48.930 73.635
9.517 50.118 74.143
11.480 49.288 71.019
14.829 49.808 69.398
15.134 49.846 65.598
15.764 46.527 63.756
13.777 44.681 66.516
10.871 42.364 65.605
7.728 43.689 67.535
4.368 41.975 67.898
1.207 43.534 69.348
-2.239 42.019 70.131
-5.769 42.738 69.294
-8.588 40.548 70.710
-12.228 41.070 69.684
-15.167 39.737 71.802
-16.895 38.329 68.719
-15.279 36.773 65.624
-14.836 39.275 62.821
-15.188 36.674 60.085
-17.501 37.959 57.402
-18.769 34.763 55.678
-19.607 36.600 52.391
-16.112 37.704 51.541
-14.576 34.871 53.587
-12.333 37.552 55.146
-11.895 38.466 58.817
-12.879 42.156 58.925
-10.162 43.653 61.187
-8.181 46.753 60.130
-4.933 47.932 61.586
-4.260 51.654 61.569
-1.534 53.816 63.003
-1.590 57.593 63.662
1.161 60.017 64.135
0.630 63.311 66.047
-1.360 65.807 64.149
-2.113 63.411 61.365
-5.104 61.232 60.639
-4.910 57.491 61.020
-3.266 55.730 58.145
-4.597 52.303 57.088
-1.901 49.637 57.252
-3.423 46.158 56.910
-7.004 45.265 56.296
-8.754 41.823 56.432
-6.376 40.861 59.186
-3.412 40.264 56.804
-3.625 42.134 53.554
-1.263 44.948 53.338
-2.349 48.231 51.900
-0.329 49.626 49.042
2.408 51.923 50.036
2.700 50.284 53.415
6.158 49.004 53.858
7.022 45.432 53.481
7.679 45.092 57.249
4.144 45.248 58.443
2.543 41.964 58.698
-0.893 41.241 60.150
-2.314 37.798 61.035
-4.746 35.864 63.207
-8.324 34.697 62.967
-11.561 34.669 64.806
-10.673 36.587 67.904
-6.898 36.927 68.133
-5.251 39.067 65.629
-1.636 40.315 65.816
0.513 42.906 64.043
4.285 42.399 63.525
6.875 44.879 62.437
9.967 42.808 61.719
12.623 45.442 61.747
10.951 48.373 63.488
12.445 51.561 62.219
12.254 54.924 63.850
9.520 56.226 61.542
7.248 53.424 62.792
6.751 55.054 66.195
3.055 55.886 66.461
-0.036 54.467 68.178
-1.364 51.398 66.441
-5.184 50.725 66.536
-7.191 47.772 65.344
-10.731 48.280 64.271
-13.727 46.097 63.912
-15.209 46.850 60.481
-17.321 43.705 60.353
-20.517 45.002 61.962
-21.971 48.169 63.370
-21.009 49.906 65.652
-17.463 50.123 64.417
-15.219 49.892 67.410
-11.568 50.770 67.745
-9.152 49.341 70.229
-7.517 51.670 72.723
-4.181 51.809 71.001
-0.706 50.384 71.553
1.838 53.147 71.667
5.366 52.652 70.384
8.174 54.355 72.313
11.921 54.059 71.878
14.418 52.464 74.212
