-15.547 4.633 -19.553
-12.832 6.054 -17.299
-13.572 4.717 -13.816
-10.538 5.667 -11.728
-9.496 3.940 -8.505
-5.788 4.020 -7.666
-6.388 3.399 -3.966
-7.776 -0.124 -3.617
-5.910 -3.420 -3.957
-8.638 -5.744 -5.242
-6.218 -8.670 -4.976
-5.927 -7.900 -1.265
-9.480 -6.589 -0.830
-8.522 -3.331 0.888
-8.421 0.429 0.306
-6.078 3.269 1.262
-7.090 6.931 1.472
-3.430 7.935 1.191
-1.782 7.260 -2.169
1.574 6.831 -0.429
0.065 3.774 1.250
-0.846 2.087 -2.030
2.679 2.803 -3.236
4.489 1.327 -0.254
1.896 -1.448 -0.436
2.631 -2.754 -3.927
6.295 -2.141 -3.105
6.811 -4.839 -0.472
3.570 -4.932 1.525
1.291 -6.565 -1.042
0.810 -10.338 -0.985
1.222 -10.614 -4.757
4.039 -13.155 -4.479
5.407 -14.708 -7.715
