72.318 53.969 41.730
74.972 52.117 39.732
73.935 49.052 37.650
72.552 50.040 34.254
68.830 49.313 34.025
66.977 47.153 31.510
65.022 48.900 28.750
62.424 47.088 26.657
59.173 47.503 24.734
55.808 45.751 24.979
54.577 44.168 22.841
57.773 44.718 20.855
60.071 47.280 19.215
58.628 47.070 15.682
55.201 48.711 15.800
52.739 49.474 13.015
51.915 53.184 12.856
48.870 54.022 14.972
49.285 51.024 17.294
50.213 51.209 20.995
53.498 50.257 22.631
54.947 50.845 26.075
58.637 51.427 26.680
59.724 50.146 30.064
62.840 50.665 32.137
63.775 48.713 35.251
66.824 49.092 37.438
64.005 52.752 41.715
61.891 55.757 40.729
64.130 58.403 39.127
63.910 56.932 35.633
65.105 58.974 32.667
64.306 57.867 29.128
65.738 59.711 26.137
66.233 59.396 22.389
69.704 59.642 20.860
70.573 62.357 18.315
67.225 64.158 18.634
65.184 64.826 21.767
61.754 63.199 21.984
59.159 65.577 23.531
56.548 62.865 24.117
58.695 61.524 26.955
58.405 64.826 28.844
54.614 64.529 28.661
54.412 61.206 30.521
52.727 61.575 33.940
55.204 61.325 36.813
52.970 58.601 38.244
54.089 56.362 35.371
57.667 57.619 35.169
58.192 56.581 38.790
57.271 53.050 37.760
59.513 53.137 34.720
56.500 53.068 32.404
56.427 55.186 29.240
53.316 54.307 27.205
52.649 55.443 23.647
48.890 54.947 23.031
49.220 55.453 19.268
52.711 55.515 17.768
53.647 58.022 15.049
56.655 58.396 12.716
57.989 61.002 15.138
58.328 58.362 17.894
60.778 56.265 15.879
64.340 56.356 17.126
67.124 54.839 19.175
66.360 55.082 22.893
68.304 54.554 26.114
67.365 54.791 29.785
69.115 55.437 33.086
68.010 56.368 36.607
69.152 58.891 39.184
70.653 62.261 38.306
73.830 64.311 38.136
73.086 65.585 41.653
72.295 62.298 43.387
74.387 60.123 41.103
73.163 58.190 38.071
73.558 54.749 36.487
75.173 54.011 33.127
72.653 54.186 30.294
70.884 50.950 29.329
71.570 49.086 26.102
69.931 50.923 23.159
66.357 50.212 22.075
65.616 50.810 18.422
61.941 51.709 18.238
60.718 51.136 14.697
57.451 52.400 13.210
56.159 50.658 10.079
53.803 51.622 7.258
