0.915 12.236 0.067
-2.741 11.188 0.069
-3.104 7.510 -0.830
-5.966 5.060 -0.337
-6.725 3.724 3.143
-9.681 1.443 2.425
-9.055 -2.138 1.307
-10.993 -5.023 -0.242
-13.259 -2.433 -1.864
-13.913 -1.078 -5.357
-14.305 2.615 -4.573
-11.823 3.242 -1.706
-11.160 6.586 -0.016
-8.077 8.816 0.075
-6.323 10.183 3.162
-3.128 12.113 3.789
-0.506 10.599 6.079
1.687 12.347 8.650
4.912 11.922 10.600
7.379 11.109 7.860
6.025 8.432 5.534
6.025 9.382 1.851
5.464 5.816 0.648
2.239 3.815 0.390
2.432 0.034 0.183
-0.076 -2.392 -1.332
0.054 -5.989 -0.119
-2.009 -8.616 -1.938
-2.854 -12.057 -0.544
-4.584 -14.946 -2.309
-6.686 -17.794 -0.919
-7.390 -20.039 -3.906
-9.651 -18.739 -6.669
-9.705 -15.107 -5.579
-7.475 -12.638 -3.747
-7.554 -9.252 -2.013
-5.129 -6.416 -1.258
-4.674 -3.691 1.360
-2.853 -0.355 1.201
-1.462 2.148 3.686
1.606 4.206 4.565
5.058 2.707 5.034
7.252 0.232 3.170
8.122 -2.651 5.557
11.030 -4.988 4.808
9.384 -8.204 5.984
9.339 -11.610 4.294
6.184 -13.551 3.426
4.494 -15.409 0.588
2.064 -12.509 0.260
2.921 -9.872 -2.325
4.263 -6.529 -1.127
4.858 -3.368 -3.157
5.483 0.323 -2.480
4.898 3.518 -4.460
5.394 7.268 -4.043
2.524 9.114 -5.733
-1.039 10.330 -5.176
-3.557 7.474 -5.066
-0.684 5.215 -6.106
-2.300 2.372 -4.157
-5.637 2.191 -5.975
