52.012 -15.434 0.034
51.705 -17.400 3.284
48.171 -17.531 4.701
47.428 -17.705 8.437
44.105 -19.305 9.415
43.099 -18.240 12.949
40.520 -20.163 14.985
38.187 -19.630 16.671
37.009 -16.171 15.616
34.938 -15.718 18.797
35.266 -17.145 22.296
33.181 -16.684 25.458
34.962 -17.525 28.698
34.824 -17.031 32.460
37.443 -15.421 34.696
40.050 -17.952 35.770
39.482 -20.206 32.773
42.286 -21.634 30.631
41.861 -20.841 26.911
43.820 -21.578 23.724
43.822 -19.724 20.389
45.348 -21.269 17.252
46.887 -20.141 13.943
47.673 -22.562 11.111
50.314 -21.633 8.533
49.775 -22.642 4.899
53.547 -23.107 4.524
56.542 -23.772 6.786
57.352 -20.653 8.839
59.908 -22.291 11.162
58.915 -20.759 14.504
58.748 -17.248 13.119
55.420 -16.100 14.583
54.292 -13.278 16.855
51.085 -12.714 18.844
49.437 -9.315 19.422
46.652 -8.021 21.662
44.349 -5.126 20.810
42.324 -3.533 23.602
38.896 -1.978 22.935
40.500 1.487 22.855
42.557 0.497 19.828
45.860 0.056 21.662
48.013 -2.712 20.177
50.780 -4.466 22.125
53.168 -7.311 21.313
52.835 -10.321 23.608
54.985 -13.012 22.011
57.686 -13.359 19.333
59.608 -16.379 17.963
56.520 -18.504 18.723
57.244 -18.919 22.462
59.322 -15.972 23.732
57.486 -13.425 25.876
57.835 -9.682 25.429
59.354 -7.905 28.455
56.759 -7.273 31.138
54.138 -9.634 29.751
52.371 -11.807 32.392
53.731 -15.340 32.721
50.166 -16.652 32.365
50.621 -16.193 28.597
52.528 -18.880 26.667
53.024 -20.007 23.066
53.673 -23.400 21.473
53.797 -25.304 18.172
52.372 -28.631 17.034
52.856 -29.295 13.339
51.529 -26.396 11.307
49.453 -25.180 14.254
50.753 -22.403 16.497
48.924 -21.705 19.772
48.658 -18.950 22.368
47.536 -20.190 25.772
46.333 -18.087 28.718
46.610 -20.384 31.749
44.026 -18.461 33.793
42.008 -15.541 32.415
42.052 -12.175 34.172
39.832 -9.124 33.577
42.449 -7.258 31.555
42.775 -10.237 29.171
39.364 -9.828 27.540
40.374 -8.257 24.222
41.116 -9.117 20.571
44.103 -11.288 19.595
46.003 -11.621 16.289
48.900 -13.791 15.105
51.396 -12.478 12.540
53.952 -14.351 10.428
57.319 -12.875 9.431
59.013 -15.845 7.769
58.620 -14.217 4.342
57.272 -11.154 2.545
54.545 -10.065 2.618
53.939 -10.231 6.383
50.422 -11.655 6.922
47.938 -11.554 9.846
45.509 -14.180 11.092
41.822 -13.251 11.019
41.662 -12.508 14.745
39.864 -13.800 17.824
37.540 -11.820 20.092
37.485 -13.062 23.706
34.386 -11.936 25.620
33.168 -12.462 29.194
30.645 -15.238 29.773
27.803 -14.607 32.276
24.285 -15.925 33.009
