47.863 1.282 37.499
44.326 -0.018 38.077
43.277 3.501 39.159
44.696 5.202 36.055
42.847 2.645 33.942
39.585 3.569 35.655
40.106 7.254 35.011
40.745 6.665 31.267
37.429 4.816 31.255
35.705 7.677 33.018
37.338 10.280 30.785
36.714 8.358 27.549
33.153 7.141 28.240
31.742 9.532 30.815
30.795 6.494 32.903
32.367 5.356 36.151
33.830 1.801 35.950
31.548 0.714 38.812
28.869 -0.327 38.246
28.730 0.236 34.473
31.653 -2.005 33.526
32.770 -3.889 36.640
29.405 -5.661 36.573
28.703 -5.821 32.854
27.867 -8.873 30.761
29.571 -12.259 31.035
33.222 -11.294 30.884
33.787 -7.854 32.374
31.439 -8.648 35.232
32.041 -12.373 35.792
35.805 -12.432 36.181
36.219 -13.362 32.529
34.671 -16.746 33.203
31.983 -16.613 30.548
32.115 -15.730 26.886
31.658 -12.061 25.811
28.014 -11.122 25.286
28.652 -8.180 22.954
31.296 -5.699 21.741
31.681 -3.805 25.024
31.896 -7.126 26.838
34.603 -8.183 24.383
36.663 -5.087 25.234
37.467 -6.586 28.628
38.577 -9.846 27.024
40.885 -7.977 24.647
42.209 -6.056 27.626
43.184 -9.211 29.542
45.007 -10.604 26.541
46.888 -7.337 26.225
48.070 -7.711 29.835
48.709 -11.407 29.268
51.431 -10.446 26.808
53.241 -8.397 29.458
54.838 -11.202 31.455
57.679 -9.235 33.086
55.351 -6.376 34.015
52.949 -5.691 36.851
50.005 -4.257 34.792
47.976 -3.756 37.962
50.479 -1.990 40.201
52.753 -0.006 37.910
51.777 3.659 37.615
52.542 4.942 34.119
52.486 8.424 32.592
49.684 9.669 30.323
47.879 12.854 29.334
44.470 13.771 27.951
44.588 17.574 27.911
43.228 17.870 24.375
40.655 15.084 24.131
43.004 12.243 23.217
44.896 9.930 25.548
48.622 10.124 24.899
50.967 7.844 26.840
53.982 9.727 28.175
57.449 8.222 28.382
59.782 2.257 31.131
59.103 -0.301 28.356
56.556 -1.799 30.745
54.878 1.477 31.684
54.321 2.436 28.055
53.007 -1.008 27.033
50.693 -1.149 30.023
49.452 2.338 29.144
48.677 1.303 25.543
46.623 -1.663 26.757
44.600 0.657 28.994
44.200 3.245 26.259
42.937 0.695 23.750
40.296 -0.617 26.167
39.082 2.856 27.152
38.824 3.640 23.445
37.085 0.279 22.920
34.416 1.027 25.516
33.941 4.458 23.894
33.626 3.226 20.300
30.964 0.782 21.486
28.804 3.070 23.629
26.407 2.943 20.682
25.384 -0.574 21.678
26.037 -0.574 25.410
23.195 -2.510 27.017
22.089 -1.593 30.502
20.218 -4.956 30.684
23.584 -6.714 30.817
24.549 -4.822 33.908
24.900 -7.357 36.688
23.838 -9.964 34.132
23.261 -13.490 35.422
26.000 -16.137 35.330
23.626 -19.011 34.456
22.879 -17.390 31.087
26.594 -17.129 30.303
28.523 -19.595 28.158
32.030 -19.567 26.666
37.501 -17.977 22.648
41.113 -17.917 23.824
43.671 -15.116 23.467
