137.045 64.299 76.005
136.598 60.864 77.601
136.621 59.481 74.045
135.195 55.991 73.514
134.682 55.888 77.271
131.211 57.348 76.683
130.719 55.506 73.359
130.803 52.116 75.148
127.651 51.745 77.257
128.246 50.756 80.849
131.490 49.040 81.842
134.374 49.770 79.457
136.413 46.708 78.539
139.311 46.434 76.133
137.332 43.826 74.138
134.519 46.306 73.553
136.892 49.157 72.779
138.680 47.298 69.989
135.400 46.099 68.457
134.062 49.670 68.457
137.219 51.046 66.799
136.845 48.529 63.991
133.182 49.281 63.363
133.593 53.043 63.700
136.470 53.015 61.197
134.268 51.300 58.625
131.381 53.662 59.295
133.619 56.707 58.730
135.422 55.252 55.682
132.069 54.695 54.015
130.748 58.152 54.909
133.803 59.656 53.256
133.651 57.487 50.127
129.990 58.457 49.882
130.720 62.215 50.123
128.470 62.182 53.195
131.012 63.005 55.902
130.503 66.758 55.609
126.762 66.222 55.229
126.436 65.569 58.988
127.552 67.491 62.116
128.670 64.309 63.835
128.782 60.586 63.101
130.048 57.790 65.333
129.314 54.298 66.601
128.087 53.251 70.029
128.763 49.789 71.446
125.776 48.066 73.083
126.539 45.211 75.504
123.520 43.183 74.328
123.425 39.755 72.705
122.192 38.949 69.218
122.387 35.516 67.557
125.962 35.190 66.323
127.132 35.135 62.735
127.696 31.696 61.187
131.473 31.716 60.975
132.400 33.605 64.133
131.606 30.424 66.032
129.804 32.170 68.889
126.142 31.459 69.618
125.720 35.171 70.337
127.609 38.318 69.346
127.325 42.040 70.152
125.460 45.026 68.734
126.499 48.543 67.718
124.427 51.602 66.906
125.271 54.079 64.196
124.640 57.706 65.141
124.536 60.713 62.834
122.992 64.151 63.397
122.581 67.585 61.853
123.066 70.017 64.708
120.701 72.970 64.314
121.835 74.675 67.519
123.346 73.734 70.872
119.964 72.384 71.983
118.560 70.981 68.735
119.943 68.347 66.341
118.115 66.076 63.905
118.979 62.454 63.170
120.389 62.298 59.627
118.192 60.691 56.980
121.026 58.605 55.544
120.276 56.743 52.243
119.025 53.192 52.823
121.505 51.646 50.364
124.351 53.375 52.169
122.975 52.138 55.508
122.625 48.575 54.283
126.151 48.713 52.838
127.659 49.776 56.192
125.484 47.342 58.114
126.606 44.524 55.851
130.329 45.429 56.029
130.337 45.736 59.818
128.624 42.401 60.450
130.737 40.579 57.845
134.088 42.228 58.638
134.156 42.741 62.398
134.285 39.355 64.116
132.237 39.787 67.276
129.407 41.965 65.938
126.265 40.322 64.530
123.821 43.245 64.394
123.853 46.930 63.519
121.108 49.422 64.408
120.552 53.091 63.611
119.692 55.863 66.085
116.479 57.572 65.022
116.106 59.717 68.120
116.496 63.452 67.634
117.498 66.265 69.947
115.260 66.785 71.666
113.958 64.612 73.272
117.206 62.636 73.161
120.806 63.860 73.349
123.450 63.410 70.635
125.669 61.194 72.777
124.178 58.264 74.705
126.129 58.934 77.918
