18.889 10.436 68.809
21.801 12.809 69.102
20.021 15.741 67.609
17.006 15.044 69.770
18.843 14.529 72.996
20.957 17.522 72.215
17.996 19.829 71.687
15.984 18.536 74.584
18.878 18.909 76.989
19.532 22.366 75.691
15.998 23.450 76.276
15.906 22.071 79.808
19.126 23.790 80.549
18.021 27.102 79.196
14.958 26.852 81.364
16.149 25.045 84.503
19.640 26.510 84.445
21.087 23.103 85.304
21.772 19.912 83.327
18.766 17.683 82.997
20.676 14.530 83.778
22.650 16.117 86.559
19.430 17.010 88.301
18.096 13.553 87.538
21.003 11.872 89.235
20.384 13.869 92.376
16.803 12.814 92.514
17.633 9.220 91.971
20.314 9.357 94.612
17.777 10.685 97.092
15.191 8.068 96.178
16.845 4.744 95.601
13.790 2.909 94.211
15.417 2.603 90.827
19.090 2.349 91.884
21.064 -0.638 90.684
24.704 0.362 90.948
26.230 3.093 92.983
29.901 3.748 93.149
31.916 6.695 94.263
31.612 8.409 90.939
28.883 6.616 89.090
25.246 5.750 89.316
23.401 3.042 87.351
19.623 3.189 87.596
16.648 1.649 85.786
15.526 5.098 84.494
12.057 6.258 85.402
11.123 6.150 81.783
12.905 2.931 80.923
11.687 1.142 77.797
13.341 -2.265 77.917
12.499 -4.592 80.869
15.807 -4.239 82.716
17.063 -1.290 80.777
19.624 0.890 82.646
21.138 4.335 82.446
24.760 4.700 83.670
25.811 8.183 84.721
28.613 10.037 86.362
27.669 11.667 89.627
29.440 14.830 88.602
28.805 16.979 85.581
30.836 15.610 82.613
30.427 16.540 78.890
32.201 13.663 77.190
33.972 10.417 77.915
37.158 12.219 77.117
36.630 14.514 80.062
36.671 11.834 82.707
39.411 12.148 85.321
41.574 9.114 85.881
39.681 8.324 88.997
36.310 8.596 87.314
37.851 6.476 84.673
38.923 3.588 86.917
35.702 3.958 88.817
33.807 3.589 85.560
35.570 0.295 85.021
34.343 -0.823 88.472
30.766 0.390 87.882
30.668 -1.540 84.606
31.874 -4.743 86.089
29.290 -4.473 88.816
26.480 -3.468 86.429
27.139 -6.228 83.937
27.644 -8.798 86.688
24.255 -8.068 88.125
22.817 -8.451 84.605
24.436 -11.774 84.167
23.504 -12.754 87.683
19.846 -12.010 87.033
19.191 -15.208 85.137
22.559 -16.854 85.799
23.511 -16.570 82.186
25.348 -14.280 79.809
22.879 -11.413 79.541
22.427 -9.891 76.045
22.070 -6.227 75.305
22.787 -3.293 73.117
24.644 -0.449 74.821
26.324 2.829 73.939
27.675 6.205 74.998
26.014 9.572 74.650
28.096 12.723 75.268
28.329 16.202 73.814
28.854 16.413 70.078
32.089 17.840 68.722
30.327 20.723 67.078
32.243 23.492 68.744
29.141 24.800 70.496
28.424 25.435 74.169
27.605 21.944 75.343
27.047 22.760 78.949
23.532 21.332 78.707
25.123 17.947 78.173
25.676 15.137 80.572
27.591 12.086 79.524
25.721 8.827 79.959
25.494 5.282 78.770
22.364 3.366 77.899
21.948 -0.387 78.266
19.035 -1.982 76.331
18.661 -5.650 77.082
15.865 -7.739 75.601
15.445 -10.460 78.239
12.213 -10.299 80.213
10.811 -13.333 81.923
13.846 -15.502 81.941
16.887 -16.642 80.053
14.748 -17.904 77.190
11.981 -15.346 77.127
12.647 -11.889 75.802
10.635 -8.803 75.196
9.599 -8.047 71.610
9.133 -4.440 70.566
6.635 -5.084 67.771
3.103 -4.329 66.576
1.795 -1.837 69.110
5.244 -0.600 69.944
6.026 0.069 66.298
2.711 1.517 65.249
1.903 3.372 68.395
4.155 3.470 71.374
6.684 1.597 73.393
5.102 -0.597 76.047
6.521 -2.359 79.114
5.107 -5.317 81.004
6.618 -4.517 84.417
7.486 -1.317 86.255
10.921 0.201 86.317
10.735 -0.165 90.091
10.133 -3.915 89.862
12.978 -4.239 87.408
15.402 -2.298 89.653
14.403 -4.293 92.698
15.060 -7.564 90.952
18.399 -6.251 89.833
19.289 -5.208 93.373
18.493 -8.672 94.729
21.450 -10.346 93.042
25.113 -10.206 93.617
27.301 -7.691 91.802
30.041 -10.331 91.520
29.856 -12.398 88.311
28.749 -15.940 89.135
31.719 -17.297 87.247
34.105 -15.309 89.358
32.402 -15.907 92.663
32.047 -19.605 92.126
28.664 -19.475 93.898
