31.548 28.099 4.829
34.107 29.872 6.901
34.373 33.257 8.673
34.935 36.155 6.288
35.644 39.843 6.042
32.930 42.188 4.776
33.801 44.649 2.080
33.277 48.335 3.003
29.778 49.468 2.122
27.460 52.463 2.143
23.893 52.943 3.229
21.625 55.956 3.063
19.900 55.243 6.374
21.821 53.403 9.129
19.993 52.322 12.300
22.273 51.241 15.141
20.457 48.638 17.297
17.495 46.465 16.256
14.853 46.955 18.932
11.508 48.719 19.141
12.862 52.142 18.282
14.939 51.017 15.398
12.018 49.139 13.885
9.629 52.054 14.226
12.223 54.333 12.630
12.726 51.969 9.687
8.995 51.827 8.907
8.732 55.622 9.282
11.589 56.229 6.842
10.078 53.736 4.375
6.694 55.513 4.620
8.214 59.001 4.160
10.619 58.151 1.307
9.315 55.101 -0.566
12.288 53.361 -2.159
14.465 54.209 0.867
17.442 51.893 1.548
17.605 51.236 5.314
20.077 49.050 7.221
19.635 47.900 10.795
22.781 46.653 12.512
22.088 44.771 15.715
24.231 43.077 18.312
21.736 40.337 19.442
21.193 37.642 16.788
17.368 38.060 17.032
15.290 40.153 14.621
13.458 43.141 16.141
10.815 42.231 18.753
8.592 43.780 21.412
9.683 43.210 25.018
6.469 43.442 27.152
5.395 39.812 26.576
8.674 38.562 28.008
7.694 39.170 31.673
4.047 38.846 30.951
1.838 36.715 28.583
4.641 34.247 27.652
4.516 32.977 31.253
0.730 32.450 31.185
0.433 29.622 28.727
0.302 25.862 29.155
1.606 25.115 25.671
5.292 24.012 25.594
5.544 25.020 21.985
5.200 28.741 22.762
8.708 28.887 24.255
10.025 27.906 20.818
7.829 29.888 18.490
7.332 32.937 20.649
3.804 33.220 19.248
2.417 34.286 22.641
-1.174 34.075 23.791
-2.783 37.422 24.648
-5.200 37.589 27.573
-8.136 37.248 25.117
-6.690 33.953 23.908
-5.597 35.356 20.526
-2.031 34.580 19.211
0.545 37.225 18.297
4.232 37.032 17.268
6.705 38.682 19.621
8.525 39.784 16.409
7.484 43.057 14.651
7.926 41.322 11.251
9.075 37.796 10.205
12.336 37.199 8.252
10.641 37.556 4.885
9.994 41.238 5.527
13.715 42.004 5.567
16.530 41.844 3.039
20.121 40.879 3.545
22.772 43.579 3.784
24.484 42.352 0.634
21.377 42.796 -1.477
20.237 46.192 -0.197
22.007 48.508 -2.689
20.670 46.354 -5.569
17.062 45.612 -4.697
14.354 47.432 -6.670
12.444 50.096 -4.699
14.818 49.474 -1.793
13.901 47.926 1.540
14.833 47.294 5.156
17.945 45.137 5.633
19.065 43.642 8.914
22.536 42.619 9.970
22.252 40.811 13.297
25.060 39.426 15.447
27.112 42.609 14.834
27.899 45.556 17.070
28.789 49.073 16.044
31.815 50.000 18.114
33.072 53.290 16.622
31.170 56.329 15.425
32.955 58.861 13.239
30.577 61.831 12.918
32.528 64.091 10.565
33.451 61.163 8.260
29.876 59.721 8.205
31.126 56.290 9.078
30.967 53.492 11.647
33.160 50.471 12.380
31.645 47.154 13.497
33.168 44.765 16.012
34.643 42.718 13.107
36.601 45.627 11.671
34.318 46.332 8.735
33.097 49.806 7.920
29.775 51.328 6.783
29.474 54.974 5.667
26.052 56.550 6.046
24.125 59.668 5.041
21.764 59.671 8.085
22.276 57.677 11.354
19.957 56.718 14.249
21.365 55.496 17.575
18.699 53.326 19.162
20.865 51.043 21.290
18.605 50.728 24.349
20.364 49.882 27.601
21.851 47.071 29.660
20.167 45.855 32.874
21.863 47.190 36.032
16.773 49.321 36.427
18.717 50.082 33.284
21.937 51.644 32.176
21.630 53.332 28.778
23.994 51.901 26.183
26.222 54.957 25.597
29.591 53.458 24.567
29.419 55.280 21.253
29.306 58.645 22.995
33.071 58.643 23.291
34.256 58.162 19.635
31.274 60.158 18.386
31.932 63.113 20.718
28.320 62.823 21.926
27.014 64.245 25.188
25.776 61.890 27.912
23.354 63.536 30.354
25.106 63.818 33.689
21.853 63.918 35.680
19.697 61.327 33.902
21.950 59.107 31.824
21.537 58.416 28.090
22.460 60.546 25.067
21.374 64.167 25.408
19.247 65.151 22.393
17.568 68.401 21.268
13.836 68.903 20.529
14.288 67.064 17.181
15.996 64.031 18.770
19.275 65.147 17.173
22.682 64.596 18.904
25.117 65.927 16.266
25.294 66.456 12.487
23.340 63.620 10.801
22.983 61.783 14.140
19.669 61.176 15.963
18.819 59.055 19.103
15.547 57.445 20.235
14.152 54.961 22.729
15.589 54.014 26.093
18.984 55.350 25.012
17.795 58.984 24.661
17.740 61.687 27.293
15.075 63.914 25.657
13.340 67.224 26.480
9.884 66.275 27.716
7.395 68.913 26.714
6.096 69.116 30.245
9.007 67.910 32.393
12.205 68.950 30.750
15.239 66.708 30.439
14.323 63.185 31.071
14.708 59.639 30.023
12.165 56.795 30.180
11.814 53.067 29.659
8.464 53.053 27.927
7.430 50.936 24.958
5.323 53.973 23.717
8.266 56.364 23.748
10.360 53.806 21.851
7.804 53.587 19.094
6.890 57.288 18.898
10.373 58.615 19.203
11.660 56.015 16.691
9.007 57.031 14.200
9.811 60.748 14.700
13.535 60.230 14.415
12.919 58.360 11.192
10.844 61.224 9.861
13.572 63.713 10.895
16.126 61.585 9.108
14.202 62.444 5.961
14.375 66.211 6.564
11.311 67.050 8.685
12.977 68.869 11.626
9.918 68.168 13.848
10.054 68.571 17.637
9.234 65.631 19.920
6.145 66.822 21.819
4.710 63.400 22.677
