-36.693 11.454 40.277
-33.695 10.027 38.407
-32.122 6.591 37.899
-30.522 4.731 40.812
-27.112 5.174 39.159
-27.464 8.928 38.749
-28.738 9.103 42.337
-25.758 7.203 43.746
-23.373 9.577 41.977
-25.007 12.677 43.438
-25.490 11.259 46.938
-21.734 10.598 46.731
-20.886 14.013 45.261
-18.112 14.784 47.772
-16.136 12.167 45.826
-16.305 14.134 42.567
-15.347 17.815 42.936
-15.462 17.903 39.145
-19.160 17.013 39.213
-21.592 19.652 37.958
-25.214 18.431 37.662
-27.706 16.692 35.367
-28.431 18.561 32.122
-32.109 18.936 33.025
-31.266 20.831 36.244
-29.059 23.293 34.353
-31.681 24.341 31.825
-33.277 27.730 32.372
-35.918 28.510 29.769
-39.208 30.378 29.359
-42.220 28.126 29.960
-43.448 28.884 26.439
-40.448 27.069 24.964
-40.067 24.196 27.433
-41.924 21.684 25.264
-39.814 22.470 22.177
-36.606 22.394 24.201
-37.578 19.070 25.768
-38.026 17.437 22.356
-34.740 18.872 21.093
-32.895 17.526 24.159
-34.343 14.041 23.859
-32.570 11.629 26.189
-29.582 13.947 26.721
-31.698 15.685 29.360
-30.443 13.136 31.899
-26.776 13.272 30.894
-24.410 14.087 33.750
-22.216 17.120 33.188
-18.709 17.033 34.698
-15.785 19.399 34.142
-13.244 16.886 32.857
-12.659 13.352 31.620
-11.031 12.421 34.938
-14.237 13.039 36.874
-15.949 11.041 34.119
-13.628 8.066 34.591
-13.901 8.268 38.382
-17.690 8.126 38.208
-17.586 5.233 35.734
-15.184 3.327 37.994
-17.370 4.302 40.957
-20.452 2.878 39.241
-18.495 -0.157 38.076
-17.908 -1.166 41.697
-21.132 -0.467 43.591
-22.935 -1.745 40.473
-25.637 0.923 40.777
-26.218 1.376 37.049
-25.086 3.145 33.885
-24.963 6.846 33.036
-24.001 9.138 30.176
-21.424 11.802 31.036
-20.616 15.066 29.251
-17.099 16.340 30.047
-16.981 20.103 29.506
-13.378 19.776 28.314
-14.207 17.393 25.470
-17.582 18.498 24.085
-17.691 20.671 20.961
-20.121 23.577 21.172
-19.437 25.157 17.799
-22.291 25.814 15.382
-23.303 28.112 12.539
-26.384 30.274 12.143
-28.342 30.429 8.889
-28.575 33.934 7.428
-32.144 35.096 6.884
-33.744 32.210 8.743
-34.494 34.449 11.727
-36.616 36.670 9.466
-38.916 33.812 8.432
-42.534 33.628 9.545
-43.039 31.178 12.375
-39.408 31.480 13.482
-39.233 31.665 17.272
-35.480 31.348 17.716
-32.383 29.167 17.741
-32.694 26.891 20.771
-29.191 27.912 21.847
-30.460 31.491 22.225
-33.649 30.530 24.056
-31.949 28.427 26.746
-29.797 29.897 29.523
-26.951 28.008 31.221
-24.720 29.395 33.962
-21.809 31.526 32.677
-19.123 28.834 32.975
-21.247 26.322 31.038
-21.888 28.219 27.802
-20.296 25.474 25.689
-23.099 23.165 26.865
-25.692 25.092 24.878
-23.782 24.819 21.625
-23.182 21.100 22.138
-26.746 20.241 23.155
-28.612 22.302 20.548
-26.122 23.279 17.851
-28.075 25.396 15.360
-31.394 23.636 16.037
-34.395 25.893 15.646
-37.756 26.434 17.309
-40.713 27.501 15.164
-44.393 28.044 15.881
-46.019 25.239 13.897
-45.286 22.020 12.025
-46.361 23.876 8.878
-43.703 26.514 9.558
-41.144 23.785 10.266
-41.685 22.035 6.942
-41.679 25.253 4.887
-38.466 26.604 6.391
-36.714 23.237 6.069
-37.446 23.116 2.336
-36.798 26.822 1.735
-33.348 26.667 3.349
-32.634 22.950 2.889
-31.986 22.777 6.618
-30.101 19.690 7.736
-30.482 20.621 11.399
-33.306 19.639 13.748
-36.435 21.750 14.066
-38.874 21.757 16.983
-42.314 23.385 17.153
-43.944 25.040 20.171
-46.436 22.133 20.225
-43.673 19.588 20.670
-43.235 18.213 17.164
-39.756 17.394 15.903
-38.317 17.317 12.404
-34.983 15.484 12.401
-32.086 16.769 10.325
-32.865 14.104 7.723
-36.592 14.811 7.526
-38.205 12.449 10.058
-41.358 13.951 11.598
-42.334 13.109 15.173
-45.653 14.364 16.486
-48.729 13.488 18.514
-49.824 13.750 22.154
-49.880 11.121 24.904
