100.773 43.932 120.223
101.404 47.240 121.997
99.642 50.263 120.538
99.044 53.786 121.952
95.277 54.253 122.245
93.487 57.585 122.681
90.085 57.054 124.306
87.742 60.033 123.905
85.004 59.941 126.533
87.070 57.378 128.412
85.972 58.600 131.854
82.374 57.640 131.122
80.304 54.566 131.921
81.233 52.411 128.934
84.623 54.091 128.621
85.652 53.137 132.154
84.859 49.494 131.451
86.745 49.590 128.152
89.766 51.230 129.765
89.859 48.613 132.536
89.808 45.857 129.911
92.649 47.597 128.051
94.673 47.827 131.254
94.050 44.245 132.392
93.750 42.321 129.133
96.195 44.115 126.826
99.617 45.765 126.675
98.375 48.939 124.990
99.256 52.404 126.348
96.115 54.320 127.284
95.440 58.043 127.064
92.003 59.290 128.109
90.593 62.625 126.903
87.347 63.597 128.636
85.734 66.935 129.564
84.081 65.295 132.583
80.759 66.812 131.495
79.191 63.379 131.881
80.904 62.573 135.178
79.770 65.549 137.258
83.197 67.121 136.692
84.964 64.454 138.740
87.411 61.664 137.889
88.038 59.813 141.166
86.964 56.594 139.442
89.410 56.955 136.534
92.315 54.540 136.778
95.050 57.162 136.652
98.481 56.561 138.158
97.521 58.005 141.545
94.034 56.465 141.786
95.411 53.009 140.943
98.125 53.477 143.567
95.639 54.470 146.273
93.500 51.449 145.460
96.381 48.962 145.731
97.390 50.730 148.937
94.162 51.107 150.923
93.502 47.418 150.251
95.515 44.356 151.249
95.893 40.978 149.603
97.787 39.397 146.675
99.034 42.126 144.332
97.099 41.735 141.034
99.065 41.246 137.774
97.654 44.592 136.580
98.453 46.561 139.744
100.956 48.784 137.900
98.702 49.409 134.882
97.158 52.877 134.634
95.993 55.378 132.034
96.890 59.018 131.451
94.037 61.510 131.796
93.706 64.702 129.758
90.774 66.848 130.892
89.219 68.945 128.141
86.748 69.143 125.255
87.633 67.347 121.978
86.089 70.280 120.137
88.849 72.496 121.568
91.188 71.999 118.606
94.140 73.485 120.500
93.710 71.143 123.506
93.200 68.174 121.189
96.323 68.976 119.171
98.365 69.231 122.393
97.142 65.810 123.507
98.160 64.182 120.212
101.564 65.883 120.319
102.447 65.192 123.953
101.184 61.598 124.000
102.011 60.859 120.379
102.410 58.941 118.269
98.752 57.943 118.715
98.110 54.659 116.890
94.359 54.386 117.306
91.452 56.502 118.466
88.408 55.095 120.262
85.768 57.818 120.008
83.257 57.410 122.840
82.368 61.008 123.751
78.848 62.289 123.104
75.529 63.345 124.614
73.184 60.356 124.566
69.741 61.088 126.005
67.456 60.227 123.083
64.539 62.054 124.677
66.596 65.197 125.197
67.955 65.181 121.636
64.405 65.591 120.303
63.842 68.668 122.500
67.288 70.176 121.904
68.737 68.978 118.521
71.484 71.588 118.212
73.091 70.484 121.471
73.421 66.993 119.994
74.412 67.911 116.448
77.082 70.224 117.851
78.712 67.872 120.351
78.145 64.619 118.490
78.894 65.724 114.936
81.500 68.448 115.528
83.221 66.180 118.035
83.876 63.384 115.543
84.797 65.963 112.885
87.580 67.394 115.062
88.966 63.948 115.875
89.040 62.952 112.211
90.805 66.215 111.369
93.336 65.651 114.177
93.975 62.078 113.047
94.739 63.359 109.548
97.017 66.085 110.911
98.896 63.707 113.230
99.068 60.727 110.830
96.725 58.484 112.840
94.916 56.013 110.561
92.793 53.932 112.935
89.506 54.729 114.665
86.856 52.753 116.564
83.592 54.715 116.870
80.799 54.306 119.434
77.664 54.106 117.307
74.136 53.116 118.320
71.047 51.063 117.497
69.337 54.475 117.296
70.543 54.849 113.695
68.024 52.209 112.609
64.777 53.582 114.020
61.448 51.883 113.224
60.853 49.846 110.044
59.950 52.028 107.027
56.378 53.185 107.689
58.023 40.983 111.812
60.207 42.450 114.545
63.407 40.398 114.633
67.159 40.937 115.298
68.481 43.870 113.279
71.272 43.177 110.774
74.225 45.562 110.263
72.904 46.697 106.885
69.242 47.172 107.781
67.699 50.440 106.554
68.648 53.553 108.552
65.608 55.626 109.555
66.637 57.518 112.746
63.739 58.300 115.067
65.693 61.056 116.872
68.387 63.727 116.384
70.665 61.545 118.540
70.299 58.744 115.994
70.899 61.198 113.142
74.118 62.447 114.750
75.475 58.905 115.059
74.521 58.095 111.478
76.216 61.151 109.960
79.349 60.282 111.941
79.392 56.838 110.254
79.079 58.468 106.813
81.960 60.842 107.636
84.211 58.030 108.857
83.360 55.922 105.799
84.242 58.759 103.419
87.582 59.259 105.196
88.504 55.652 104.432
88.249 56.121 100.669
89.728 59.627 100.768
92.557 59.394 103.310
92.988 55.680 103.971
91.643 55.966 107.510
90.646 52.519 108.806
87.449 52.736 110.799
85.067 50.478 112.660
81.655 51.619 113.835
80.320 49.554 116.731
76.564 49.886 117.146
76.023 49.150 120.823
72.459 48.344 121.670
71.377 48.813 125.300
74.509 48.915 127.427
73.990 47.706 130.995
75.581 45.850 133.889
78.753 46.696 135.783
82.212 45.201 136.226
82.235 42.119 138.485
84.400 44.034 140.982
81.330 46.135 141.817
83.298 49.385 141.963
82.289 51.049 138.669
78.984 51.560 136.874
76.155 53.958 136.034
74.837 55.639 139.188
71.107 56.382 139.112
71.317 60.055 140.091
71.047 62.044 136.887
70.658 58.955 134.708
68.181 58.828 131.829
68.457 55.061 131.298
65.897 52.435 132.302
67.777 50.067 134.608
69.720 52.729 136.514
66.406 54.534 137.082
64.652 51.352 138.270
67.477 50.565 140.709
67.352 54.183 141.842
63.693 53.710 142.760
64.775 50.763 144.916
67.519 52.875 146.499
64.619 55.149 147.521
62.390 52.255 148.710
65.325 51.132 150.861
65.625 54.615 152.397
63.319 55.665 155.303
59.761 56.437 154.181
55.792 59.490 143.764
58.404 56.736 144.056
56.738 54.566 141.412
58.639 53.359 138.353
57.517 55.255 135.167
56.817 53.183 132.010
57.107 55.411 128.915
54.361 54.286 126.559
52.267 51.102 126.668
50.754 51.448 123.195
53.713 50.263 121.077
53.478 47.606 118.304
55.066 45.030 120.629
53.786 41.882 122.419
53.047 43.682 125.703
52.874 47.241 124.398
56.182 48.481 125.806
59.483 49.060 123.992
61.696 46.020 123.475
65.461 46.377 123.809
68.610 44.222 123.706
70.573 44.598 126.956
74.278 43.913 126.423
76.826 43.890 129.264
79.425 46.677 129.191
82.194 44.139 129.766
81.163 42.303 126.596
81.100 45.619 124.739
84.601 46.249 126.102
86.001 42.979 124.742
84.515 43.814 121.336
86.606 47.022 121.205
89.779 45.099 121.936
88.911 42.720 119.093
88.082 45.688 116.859
91.466 47.263 117.601
93.290 44.057 116.667
91.273 43.868 113.444
92.125 47.365 112.187
95.754 46.974 113.209
96.093 43.928 110.945
94.640 45.685 107.899
97.054 46.345 105.055
96.948 48.275 101.715
95.373 45.344 99.841
92.394 45.369 102.200
90.978 48.847 101.390
87.454 47.496 100.790
87.830 46.409 104.447
88.978 49.843 105.711
85.424 50.662 106.834
83.333 48.133 108.706
80.333 48.157 111.002
79.162 45.678 113.638
75.991 45.423 115.729
76.692 44.539 119.370
73.855 42.917 121.307
72.801 39.608 122.883
70.175 39.087 120.145
67.616 38.579 122.913
64.978 41.207 123.670
63.219 42.300 126.850
60.294 44.719 127.060
60.221 47.484 129.662
57.781 45.428 131.707
60.031 42.340 131.570
63.091 44.355 132.634
61.218 45.677 135.676
60.147 42.143 136.553
63.792 41.002 136.430
64.768 43.928 138.683
62.069 42.914 141.173
63.440 39.356 141.368
67.047 40.593 141.544
66.486 43.205 144.273
63.668 41.412 146.075
61.722 44.709 146.156
58.153 45.579 144.956
59.068 48.394 142.542
55.552 49.913 142.150
55.045 51.045 138.540
53.061 53.795 136.835
52.168 53.867 133.115
52.921 57.082 131.230
52.874 58.304 127.656
55.585 57.659 125.111
58.946 59.339 125.293
59.507 61.027 121.926
62.328 59.542 119.866
61.876 55.912 120.903
61.671 53.113 118.295
59.330 50.275 119.319
61.871 47.481 118.925
65.672 47.337 118.865
67.312 43.896 119.118
70.645 42.989 117.509
71.761 40.262 115.128
75.480 39.962 115.876
76.623 37.329 113.361
79.193 39.627 111.746
80.754 40.614 115.068
80.876 36.948 116.084
82.208 35.726 112.747
84.588 38.512 111.733
85.784 39.845 115.093
85.391 36.558 116.940
83.303 38.307 119.585
82.101 35.981 122.317
79.725 37.634 124.827
79.858 36.105 128.310
76.487 37.483 129.419
73.344 36.190 127.724
70.492 36.490 130.242
69.377 39.787 131.776
69.323 38.095 135.214
73.110 37.783 135.396
73.585 41.271 133.941
71.077 42.828 136.366
72.910 41.183 139.270
76.114 43.050 138.407
74.188 46.327 138.029
72.516 45.854 141.427
75.759 44.863 143.163
77.336 48.157 142.036
74.331 50.372 142.815
73.396 48.882 146.194
76.940 49.558 147.450
77.026 53.106 146.041
74.170 55.146 147.593
75.976 58.343 146.549
77.707 57.081 143.423
81.455 57.688 143.308
81.038 60.611 145.714
