-0.803 87.673 49.805
1.597 90.521 49.161
0.515 94.069 50.047
-0.023 94.912 46.367
-2.057 91.749 45.873
-4.314 92.569 48.817
-4.591 96.246 47.900
-5.620 95.504 44.335
-7.727 92.374 44.863
-11.135 93.932 44.931
-11.620 95.236 41.367
-9.427 93.851 38.552
-9.155 90.118 39.488
-12.894 89.941 40.247
-13.675 91.728 36.979
-11.684 89.184 34.978
-13.127 86.179 36.848
-16.757 87.315 36.580
-16.672 88.295 32.853
-15.231 84.869 32.086
-17.566 82.708 34.199
-20.847 84.560 34.994
-22.325 85.202 31.475
-21.426 82.397 29.101
-20.216 78.931 29.907
-17.083 78.119 27.942
-16.416 74.402 27.420
-13.005 73.468 28.873
-10.426 72.599 26.190
-12.608 73.759 23.305
-14.201 77.194 23.534
-12.612 80.620 23.114
-12.758 84.125 24.396
-11.189 87.085 22.713
-10.198 90.343 24.407
-8.520 93.621 23.570
-6.316 95.549 26.002
-4.436 92.283 26.399
-1.621 93.951 28.375
-4.038 95.603 30.841
-4.272 94.375 34.418
-7.652 92.819 33.722
-6.374 91.344 30.454
-3.466 89.596 32.172
-5.784 88.235 34.901
-8.159 86.958 32.214
-5.337 85.135 30.429
-4.306 83.455 33.712
-7.872 82.551 34.626
-8.258 81.219 31.099
-5.261 78.937 31.621
-6.542 77.788 35.050
-10.065 76.962 33.730
-8.795 75.535 30.395
-10.365 78.182 28.157
-8.697 79.064 24.863
-8.160 82.778 24.253
-6.966 85.337 21.792
-5.473 88.533 23.194
-5.384 91.573 20.919
-2.698 94.089 21.881
-1.282 97.297 20.506
2.007 96.841 18.652
5.133 97.977 20.517
8.951 97.989 20.111
9.299 94.881 22.321
6.383 92.968 20.784
8.056 89.544 20.887
8.846 89.777 24.608
5.284 90.988 25.428
3.789 88.141 23.332
5.993 85.490 25.078
4.922 86.939 28.411
1.172 86.880 27.650
1.443 83.311 26.333
3.217 82.262 29.550
0.330 83.889 31.575
-2.114 81.887 29.480
-3.156 83.532 26.202
-3.400 80.836 23.548
-2.752 83.343 20.733
-1.660 86.982 20.818
-2.269 89.251 17.811
-1.637 92.924 17.122
-4.348 95.499 16.384
-3.054 95.462 12.769
-3.778 91.717 12.621
-7.176 92.385 14.265
-7.967 94.860 11.444
-6.791 92.494 8.651
-9.548 90.936 6.450
-6.967 88.549 5.051
-6.224 87.112 8.535
-9.834 85.899 9.059
-9.079 82.391 7.739
-6.228 81.843 10.172
-8.478 82.687 13.115
-11.318 80.563 11.727
-8.849 77.652 11.433
-7.585 78.086 15.026
-11.157 77.793 16.262
-12.012 74.868 13.922
-8.965 72.807 15.069
-9.958 73.169 18.762
-13.464 71.845 18.024
-15.003 74.781 19.937
-16.377 78.233 19.273
-15.481 81.811 20.060
-18.381 82.722 22.354
-17.241 85.772 24.295
-15.483 89.018 23.563
-14.156 91.325 26.264
-13.836 94.937 25.104
-12.083 97.775 26.954
-11.038 99.777 23.872
-13.916 100.623 21.541
-13.657 101.827 17.945
-12.024 99.610 15.298
-10.641 97.256 17.967
-14.199 96.454 19.176
-15.309 95.839 15.565
-12.375 93.497 15.110
-12.949 91.291 18.071
-16.716 91.177 17.441
-16.176 89.913 13.919
-14.132 87.021 15.228
-16.960 85.512 17.319
-19.031 82.599 16.148
-22.823 82.897 15.778
-24.555 83.663 19.092
-21.638 85.650 20.435
-21.642 87.996 23.437
-19.462 91.076 23.911
-19.004 92.653 27.344
-17.679 96.185 27.333
-15.996 97.000 30.675
-13.869 99.945 29.635
-13.257 102.378 26.842
-10.383 104.259 25.296
-11.595 107.862 25.472
-14.251 108.983 22.949
-14.000 105.688 21.012
-17.585 104.329 20.944
-18.357 100.615 20.642
-18.655 100.079 16.895
-20.354 96.934 15.607
-21.274 96.088 12.020
-24.991 95.772 11.488
-24.502 92.363 9.865
-23.276 90.809 13.139
-26.484 91.747 14.963
-28.776 90.662 12.171
-27.062 87.563 10.765
-24.784 86.321 13.615
-27.172 86.717 16.548
-24.586 88.959 18.213
-25.279 90.669 21.539
-23.370 93.577 23.036
-23.706 94.341 26.737
-21.905 96.045 29.559
-19.956 95.049 32.625
-19.550 97.176 35.755
-18.248 95.322 38.768
-19.510 98.026 41.133
-23.099 97.618 39.903
-23.049 93.831 39.544
-21.930 93.161 43.141
-23.928 95.968 44.943
-26.554 93.513 46.274
-24.768 90.219 45.651
-22.481 89.811 48.634
-22.457 86.019 48.135
-21.221 86.341 44.516
-18.611 88.817 45.760
-17.446 86.448 48.596
-17.306 83.337 46.460
-15.335 85.174 43.749
-12.907 86.743 46.208
-12.311 83.429 47.971
-11.250 81.890 44.661
-8.775 84.694 43.924
-7.440 84.451 47.483
-6.969 80.660 47.222
-5.155 81.008 43.881
-2.766 83.592 45.337
-1.993 81.358 48.327
-1.447 78.397 45.991
0.881 80.479 43.742
-1.430 80.058 40.705
