25.269 9.612 12.632
21.698 10.730 13.234
20.309 10.168 16.711
16.731 8.876 16.734
14.482 9.750 18.247
15.275 13.381 18.953
13.408 16.264 20.542
12.914 19.306 18.329
10.476 22.096 19.087
9.327 20.018 22.036
8.230 17.221 19.712
9.639 13.733 19.157
11.125 13.008 15.729
11.848 9.462 14.536
13.284 10.421 11.152
14.987 13.295 9.385
12.811 16.339 8.808
12.747 19.284 6.404
10.981 21.308 9.101
13.149 24.193 10.276
15.623 24.023 7.395
15.942 26.471 4.525
17.464 23.793 2.303
17.526 20.141 3.257
16.155 17.451 5.562
18.212 17.117 8.729
18.502 15.213 11.987
19.797 15.859 15.484
23.172 14.527 16.633
21.836 14.084 20.176
18.575 12.930 21.805
17.586 16.545 22.454
18.175 19.080 19.684
16.408 21.852 21.590
19.028 21.469 24.318
22.179 20.626 22.353
21.453 22.229 18.963
23.760 19.677 17.296
22.722 18.425 13.860
23.665 17.317 10.362
21.895 17.130 7.018
20.498 13.801 5.855
