89.054 68.324 12.981
85.564 69.333 11.858
83.018 67.214 10.027
79.532 65.745 9.977
77.496 62.785 11.224
75.932 60.294 8.820
73.727 57.236 9.134
73.798 54.185 6.881
71.293 51.403 7.345
72.486 47.806 7.567
71.709 47.578 3.832
74.204 50.318 3.054
71.709 53.030 2.152
72.751 56.491 3.290
70.037 58.280 5.259
68.875 61.481 3.587
66.072 63.896 4.469
63.927 62.999 7.493
64.733 59.807 9.344
63.462 58.389 12.630
66.222 56.634 14.580
65.721 54.998 17.977
62.492 56.971 18.513
63.824 60.429 17.663
63.653 62.424 14.459
66.668 63.637 12.535
67.084 65.512 9.293
69.926 64.823 6.882
70.649 67.133 3.943
71.056 65.870 0.355
74.628 64.797 1.093
73.570 62.717 4.105
75.090 65.204 6.564
73.028 65.499 9.769
71.610 68.997 10.188
71.394 70.958 13.423
69.632 74.224 14.221
66.886 75.699 12.040
65.918 73.790 8.920
63.274 74.766 6.382
61.416 71.782 4.995
58.999 72.828 2.246
57.558 76.133 3.533
57.760 75.161 7.229
60.540 75.577 9.783
61.863 73.006 12.258
64.531 72.993 14.910
67.075 70.264 15.433
68.930 70.140 18.746
72.136 72.074 18.041
74.169 69.605 20.088
72.477 66.254 19.419
70.516 66.700 16.195
67.131 65.405 17.327
64.074 67.446 16.349
62.646 69.552 19.175
58.855 69.446 19.597
56.214 71.053 21.850
58.774 73.426 23.266
59.401 77.157 23.486
62.962 78.069 22.608
64.529 81.464 23.176
65.180 83.567 20.098
68.750 84.093 18.913
68.679 87.804 19.799
66.873 86.947 23.046
64.069 89.397 22.210
61.384 86.723 22.167
60.574 83.037 22.046
59.482 80.624 19.333
57.128 77.712 19.792
57.511 74.326 18.169
54.305 72.337 17.978
54.189 68.673 19.045
54.731 67.694 15.413
57.946 69.718 15.251
56.651 72.474 12.964
57.244 76.110 13.874
54.063 78.010 14.683
53.791 81.237 12.687
51.581 84.213 13.595
48.348 83.002 11.913
48.332 79.962 14.202
48.393 81.963 17.424
45.338 83.014 19.396
46.410 84.899 22.517
43.385 85.081 24.834
42.639 88.344 26.760
43.969 87.148 30.125
47.187 86.131 28.420
46.402 82.487 27.643
48.447 81.572 24.558
46.729 79.023 22.293
48.154 77.437 19.159
46.356 75.446 16.505
