-7.596 -6.582 -2.276
-7.425 -4.760 1.079
-5.102 -2.075 -0.215
-7.082 -1.873 -3.484
-10.318 -1.390 -1.412
-8.697 1.525 0.450
-7.550 2.957 -2.915
-11.088 2.739 -4.370
-12.280 4.544 -1.160
-10.242 7.592 -2.302
-7.230 6.725 -0.104
-3.633 7.530 -1.192
-0.770 6.638 1.204
-1.127 8.244 4.660
-4.931 7.823 4.711
-4.591 4.007 4.327
-1.208 3.310 6.061
-2.776 4.697 9.298
0.686 4.474 10.879
1.427 0.792 10.375
-1.983 -0.829 11.109
-3.618 -0.093 7.697
-4.319 -2.349 4.670
-1.221 -1.298 2.702
0.854 -1.402 5.910
2.939 -4.580 5.643
3.404 -3.480 1.980
5.600 -0.605 3.384
8.213 -1.871 5.836
8.705 -5.450 4.648
7.961 -4.682 0.988
10.629 -6.452 -1.144
7.915 -8.438 -2.991
5.351 -5.591 -2.848
5.959 -4.423 -6.465
5.834 -7.997 -7.899
2.523 -8.275 -5.995
-0.756 -6.789 -7.236
-2.818 -5.665 -4.156
0.113 -3.620 -2.761
1.523 -2.684 -6.108
-0.535 0.234 -7.420
-0.294 1.933 -4.020
3.501 1.416 -3.988
3.755 2.593 -7.653
2.455 5.905 -6.260
3.770 5.982 -2.633
7.347 4.667 -3.339
7.657 4.614 -7.157
6.853 0.869 -7.256
10.462 -0.254 -6.843
