77.456 65.531 34.479
75.262 66.688 31.573
74.560 70.364 30.760
71.840 72.335 32.430
69.329 72.847 29.583
68.405 76.491 30.038
71.449 78.530 29.794
70.844 80.521 33.018
70.137 84.018 31.782
67.362 82.120 29.921
65.809 81.201 33.313
65.093 84.965 33.691
63.818 85.197 30.154
61.445 82.319 30.725
60.209 83.170 34.301
59.150 86.406 32.882
57.479 85.185 29.708
55.439 82.464 31.413
54.448 84.464 34.514
53.298 87.097 31.962
50.937 84.464 30.462
52.991 82.094 28.376
52.242 78.438 27.770
54.952 76.018 28.427
54.140 73.832 25.428
54.979 76.982 23.434
58.135 77.992 25.393
59.582 74.512 25.007
59.798 74.307 21.185
61.079 77.802 20.623
63.781 77.235 23.237
63.928 73.532 22.599
63.636 71.820 25.878
61.071 69.328 26.976
57.954 70.459 28.687
58.783 68.234 31.677
62.010 70.300 32.181
60.098 73.617 32.250
57.595 72.333 34.914
60.673 71.119 36.925
62.403 74.484 36.849
59.400 76.780 37.148
56.489 74.770 38.615
53.376 76.036 40.507
51.197 73.552 42.754
49.182 70.369 43.612
47.858 68.121 40.629
50.299 65.263 41.151
52.383 62.105 41.227
55.131 59.704 39.698
56.866 56.912 37.630
58.768 56.418 34.371
