29.989 18.087 -2.966
26.263 18.418 -2.391
25.468 20.923 0.399
22.977 18.667 2.288
20.796 21.741 2.347
21.526 23.252 -1.106
20.191 26.804 -1.185
17.332 27.870 -3.548
18.485 27.120 -7.102
17.280 26.026 -10.556
16.995 22.259 -10.654
16.037 20.011 -13.514
12.604 18.434 -13.293
9.931 17.222 -15.718
6.729 19.243 -16.177
3.658 17.366 -17.288
2.071 19.303 -20.157
-1.619 18.980 -20.854
-4.340 20.913 -22.598
-7.959 19.897 -22.495
-9.041 18.713 -25.910
-5.752 17.009 -26.570
-5.508 13.306 -25.568
-1.863 13.180 -24.586
0.005 14.639 -21.616
3.575 15.314 -22.713
6.108 15.383 -19.906
8.683 17.989 -20.871
11.999 18.705 -19.242
12.748 22.047 -17.719
14.141 23.724 -14.654
12.045 24.333 -11.570
13.226 26.138 -8.372
14.199 24.064 -5.344
16.449 24.253 -2.368
16.713 25.782 1.051
16.131 29.247 2.383
17.188 30.679 5.707
14.125 31.595 7.772
13.356 32.294 11.440
10.394 33.231 13.606
10.597 36.184 16.028
11.220 35.226 19.616
10.220 38.766 20.720
6.480 38.982 21.451
4.298 41.900 20.329
5.913 42.896 17.014
4.162 43.991 13.819
3.757 43.288 11.034
4.337 39.550 11.147
7.805 38.890 9.727
6.841 36.906 6.610
8.704 33.808 5.549
10.965 33.938 2.503
10.602 30.936 0.148
12.432 29.341 -2.836
11.248 31.152 -5.890
11.827 32.057 -9.514
14.068 34.942 -10.561
14.517 35.150 -14.362
12.040 32.951 -16.230
12.354 32.149 -19.909
9.622 30.303 -21.764
9.638 27.396 -24.135
6.749 25.499 -25.692
5.809 22.254 -27.279
3.032 21.075 -29.534
0.958 18.360 -27.979
0.245 15.250 -30.066
-3.213 14.178 -31.206
-5.097 17.411 -30.606
-8.325 17.762 -32.723
-9.423 20.168 -35.427
-9.108 23.829 -34.434
-7.557 23.255 -30.950
-4.278 25.103 -30.469
-1.614 22.452 -29.729
1.303 24.602 -28.598
1.463 24.772 -24.825
4.289 26.740 -23.274
6.099 25.921 -20.026
8.469 28.010 -17.917
12.207 27.532 -17.591
13.930 28.796 -14.434
16.978 30.771 -15.466
17.550 31.545 -11.810
15.969 31.098 -8.426
16.008 33.034 -5.179
14.671 33.008 -1.621
11.918 35.578 -1.442
8.417 36.377 -0.266
5.955 33.951 -1.652
3.999 36.629 -3.418
0.382 35.576 -2.857
-1.010 37.769 -5.643
1.070 35.828 -8.112
2.087 32.536 -6.485
-0.029 29.876 -4.912
1.729 29.831 -1.544
1.318 26.576 0.277
3.412 23.702 1.431
4.547 20.210 0.487
2.549 18.112 -1.938
3.324 14.539 -2.982
5.254 15.088 -6.225
2.929 17.484 -8.262
4.510 17.675 -11.744
3.367 14.262 -12.984
0.770 13.691 -15.643
-2.772 14.031 -14.313
