16.137 2.961 5.974
17.365 0.971 8.960
20.821 -0.505 9.247
22.118 -2.849 11.903
25.187 -2.010 14.002
26.419 1.512 14.709
29.558 3.150 16.093
30.494 6.665 17.165
27.861 9.387 17.041
25.096 10.040 14.486
25.542 12.544 11.663
22.832 14.867 10.337
19.698 12.873 9.544
20.835 9.823 11.499
19.477 8.363 14.700
21.163 5.526 16.562
18.864 3.160 18.438
20.397 0.851 21.055
18.808 -2.234 22.606
20.288 -1.634 26.061
20.696 1.500 28.133
23.903 3.534 27.977
24.133 2.867 24.238
24.956 -0.833 24.615
23.746 -4.005 22.906
22.392 -4.417 19.388
22.164 -1.110 17.561
20.539 0.440 14.494
21.143 3.528 12.372
17.917 5.052 11.106
17.249 7.837 8.612
13.949 8.991 7.159
10.848 7.539 8.799
9.899 4.054 9.955
6.144 3.612 10.473
6.490 0.108 11.901
9.545 -1.135 13.796
8.072 -4.572 13.101
9.532 -4.336 9.601
12.975 -4.821 11.171
13.526 -8.154 12.944
13.933 -7.689 16.689
13.626 -3.882 16.581
10.127 -3.473 17.985
9.780 -2.794 21.698
13.468 -3.265 22.605
15.037 0.204 22.327
16.469 1.540 25.588
18.837 4.393 24.619
19.028 6.902 21.747
21.338 9.367 19.980
20.127 12.065 17.579
22.454 13.762 15.116
22.945 17.507 14.499
20.220 19.533 12.763
17.907 16.601 13.321
14.675 16.018 15.212
13.410 12.591 16.188
9.879 11.614 17.162
9.481 8.220 18.835
6.027 6.625 19.179
4.797 3.900 21.489
2.753 2.315 18.717
3.236 1.710 15.007
2.110 4.215 12.370
2.868 7.124 14.695
0.089 6.418 17.218
0.135 6.352 21.011
2.276 8.353 23.436
5.379 9.963 21.970
8.068 12.596 22.526
10.299 14.892 20.502
14.072 14.380 20.613
16.248 17.441 19.990
19.238 17.606 17.646
22.575 16.389 19.010
20.897 14.800 22.013
20.833 11.419 23.717
18.914 9.552 26.382
20.848 6.814 28.201
17.693 5.241 29.595
14.285 5.591 27.926
12.505 4.631 31.155
13.142 8.249 32.096
10.669 9.229 29.355
8.257 6.312 29.919
9.296 4.728 26.634
11.665 1.871 27.461
11.154 -1.249 25.305
8.034 0.248 23.722
8.868 2.308 20.637
7.153 0.985 17.528
7.563 3.804 14.988
9.665 6.913 14.510
10.019 10.042 12.370
13.450 11.488 11.592
13.349 15.037 10.243
16.161 17.424 9.347
16.565 21.140 8.757
19.325 23.560 7.794
15.860 -2.746 25.699
5.078 -0.578 21.252
