14.390 21.823 19.209
15.546 19.805 16.307
18.170 17.135 15.982
21.222 18.395 14.116
24.152 16.183 15.172
23.817 12.426 14.864
25.966 9.358 15.175
25.362 6.469 12.836
26.548 2.974 13.743
26.736 0.532 10.829
27.115 3.347 8.313
29.149 1.179 5.948
26.487 -1.507 5.664
23.878 -1.688 2.978
21.331 0.400 4.785
23.905 2.481 6.571
25.514 3.777 3.407
22.298 5.229 2.048
21.171 6.446 5.458
24.491 8.254 5.779
24.247 9.780 2.328
20.660 10.851 2.958
21.426 12.268 6.350
24.281 14.407 5.089
22.212 15.553 2.096
19.385 16.483 4.502
21.659 18.735 6.507
22.626 16.637 9.496
26.110 16.871 10.945
26.966 13.211 10.924
29.568 11.197 12.830
30.230 7.588 11.955
32.118 4.790 13.719
33.766 2.495 11.194
36.266 -0.304 11.597
37.614 0.264 8.091
37.353 3.680 6.478
37.937 2.229 3.016
34.347 1.009 3.189
33.117 4.642 3.088
32.601 6.099 -0.388
34.442 9.013 -1.954
31.607 10.137 -4.258
28.452 11.642 -2.861
27.720 13.187 0.494
30.391 12.701 3.146
30.117 12.485 6.914
31.373 15.391 8.943
33.307 13.202 11.373
34.798 9.714 11.075
35.876 7.700 14.081
37.884 4.605 13.321
37.132 1.879 15.823
34.841 -0.852 16.959
31.395 -0.842 18.506
32.660 -3.484 20.919
35.182 -1.015 22.387
33.468 1.285 24.849
35.973 4.058 24.342
35.426 4.088 20.592
31.649 4.222 21.060
32.000 6.929 23.672
34.008 9.118 21.300
31.346 8.624 18.615
28.349 9.455 20.833
29.854 12.457 22.556
28.128 15.649 21.570
25.351 14.063 19.505
21.657 14.861 19.527
20.581 11.352 18.484
21.914 7.985 17.428
20.978 5.747 14.520
21.864 2.055 14.808
22.244 -0.026 11.631
24.630 -2.627 13.007
24.513 -6.094 11.567
26.579 -9.135 10.746
26.643 -8.951 6.916
26.398 -12.554 5.683
27.535 -14.094 8.996
24.709 -16.084 10.524
26.611 -17.637 13.336
25.766 -17.160 17.006
26.617 -13.668 17.944
26.478 -10.905 20.529
28.015 -8.121 18.399
24.855 -6.089 17.990
23.647 -6.400 21.559
27.049 -5.771 23.092
27.390 -2.816 20.749
24.034 -1.573 21.935
25.097 -1.891 25.558
28.063 0.307 24.775
25.902 2.766 22.871
23.449 3.071 25.741
26.228 3.626 28.248
27.829 6.281 26.060
24.461 7.993 25.514
23.846 8.156 29.230
27.391 9.345 29.905
26.920 12.205 27.384
23.306 13.215 27.880
22.045 11.816 24.556
18.472 10.592 24.805
17.224 9.505 21.342
18.115 6.288 19.570
16.572 4.830 16.450
17.727 1.246 15.977
17.116 -1.446 13.411
16.409 -5.034 14.317
13.960 -7.025 12.153
10.290 -7.779 11.566
10.896 -11.215 13.070
10.506 -9.396 16.408
6.919 -8.583 15.419
5.945 -11.760 13.535
5.220 -15.025 15.231
8.465 -15.767 16.990
8.157 -19.465 16.250
8.236 -18.664 12.511
11.915 -17.525 12.008
13.896 -19.571 9.445
16.357 -21.729 11.390
19.397 -20.250 9.731
18.402 -16.791 10.931
17.548 -17.748 14.501
20.995 -16.974 16.001
21.055 -13.479 14.544
17.440 -12.990 15.566
18.273 -14.006 19.113
20.827 -11.199 19.209
18.345 -8.745 17.711
16.124 -9.716 20.621
18.940 -9.061 23.078
19.635 -5.711 21.427
15.968 -4.734 21.552
15.866 -5.610 25.241
18.954 -3.468 25.956
17.435 -0.501 24.148
13.952 -0.817 25.583
15.282 -1.142 29.135
17.624 1.802 28.771
14.635 4.075 29.371
16.018 6.456 26.654
13.734 7.491 23.828
13.983 4.472 21.587
12.351 3.895 18.235
12.518 0.184 17.369
12.633 -0.224 13.591
11.716 -3.766 12.600
11.894 -4.091 8.834
11.071 -7.039 6.604
13.399 -7.988 3.742
15.674 -5.101 2.775
15.613 -4.541 -0.971
17.469 -2.406 -3.503
14.492 -0.577 -4.980
14.775 3.205 -5.416
14.034 5.696 -2.729
10.334 6.628 -2.655
9.544 8.116 0.718
6.081 6.637 0.090
6.231 3.507 2.246
3.760 2.655 4.984
4.669 2.339 8.653
2.602 0.096 10.886
3.076 -0.863 14.492
2.306 -4.570 14.246
4.321 -6.102 11.446
1.367 -6.303 9.075
1.400 -3.990 6.069
1.318 -3.729 2.283
4.364 -5.994 1.743
7.276 -7.888 3.221
9.882 -5.640 1.589
11.339 -2.258 2.262
14.025 -0.698 0.077
17.288 0.047 1.891
16.825 3.638 0.780
13.319 3.865 2.203
14.461 2.182 5.426
17.119 4.854 5.774
14.629 7.602 4.987
12.419 6.213 7.729
15.245 6.139 10.253
15.780 9.811 9.510
12.086 10.594 9.815
12.188 9.165 13.307
14.566 11.985 14.234
11.893 14.651 13.710
8.921 13.086 15.453
8.230 11.607 18.877
5.324 9.582 17.575
7.224 6.313 17.437
9.215 6.659 20.664
8.650 3.583 22.765
7.067 1.771 19.838
7.993 -0.919 17.383
7.641 0.045 13.759
7.260 -1.896 10.514
8.069 -0.073 7.290
7.043 -1.761 4.043
5.998 -0.838 0.525
4.819 -2.344 -2.715
7.361 -1.234 -5.266
