-7.362 36.861 63.452
-10.605 35.220 62.300
-8.859 34.026 59.148
-6.443 31.959 61.226
-8.346 28.899 62.421
-6.809 27.179 65.436
-9.866 25.093 66.267
-12.790 23.596 64.368
-15.198 26.027 66.041
-13.579 28.924 64.172
-13.821 27.476 60.665
-17.310 28.647 59.704
-16.599 32.284 60.526
-13.309 32.155 58.648
-14.979 30.850 55.498
-17.569 33.621 55.594
-15.172 36.466 56.385
-11.864 35.644 54.788
-10.594 35.095 51.261
-7.317 33.827 52.703
-7.836 31.183 55.380
-5.172 29.304 57.322
-5.834 25.977 59.056
-3.187 25.594 61.764
-3.758 21.874 62.166
-6.423 20.809 64.650
-8.607 17.772 65.195
-12.113 17.748 63.751
-14.528 16.513 66.420
-16.534 13.347 65.855
-19.511 13.700 63.482
-18.437 17.170 62.320
-17.441 17.650 58.703
-14.682 20.026 57.615
-17.115 22.042 55.572
-15.423 23.967 52.779
-18.395 23.975 50.420
-19.092 27.666 51.003
-15.684 29.055 50.056
-15.803 32.583 48.660
-14.636 33.370 45.130
-10.863 33.603 44.701
-10.444 32.129 48.164
-7.334 30.345 49.382
-7.141 27.724 52.123
-3.734 26.750 53.473
-3.196 23.636 55.586
-0.631 24.093 58.342
0.515 21.787 61.115
-1.185 18.427 61.513
-4.895 18.143 60.804
-6.549 15.124 62.364
-10.023 13.634 62.507
-11.954 12.150 65.389
-13.482 8.724 64.857
-16.828 8.733 63.042
-17.996 5.180 62.410
-20.329 6.028 59.536
-20.109 5.010 55.889
-22.013 8.008 54.543
-20.001 10.535 56.554
-17.865 12.925 54.497
-15.017 14.392 56.565
-13.951 17.019 54.037
-15.960 18.805 51.352
-14.583 21.395 48.953
-16.525 23.733 46.674
-16.271 27.164 45.080
-15.080 29.109 42.043
-11.431 29.877 41.321
-10.496 28.621 44.778
-7.130 27.347 45.947
-6.491 24.526 48.398
-2.840 24.175 49.353
-0.574 23.380 52.289
2.487 24.814 54.024
5.833 23.064 54.362
5.792 20.074 56.743
2.013 20.130 57.089
0.097 16.869 57.403
-3.487 15.728 56.855
-4.372 12.526 58.697
-7.657 10.806 57.870
-7.663 8.587 60.964
-7.643 5.485 58.784
-5.990 3.299 61.424
-9.180 3.628 63.458
-11.337 2.305 60.621
-9.288 -0.252 58.680
-10.396 -3.839 59.233
-9.110 -5.146 55.832
-12.604 -5.199 54.350
-12.690 -1.605 53.146
-16.049 -0.503 51.774
-17.567 -3.954 52.230
-21.138 -3.441 53.398
-20.885 -6.060 56.139
-17.728 -4.596 57.657
-16.937 -1.930 60.251
-18.434 1.433 59.318
-15.914 3.805 57.755
-16.162 7.093 55.853
-16.327 6.071 52.196
-15.278 9.449 50.813
-12.544 11.293 52.696
-12.344 14.372 50.495
-15.243 15.340 48.251
-14.439 17.904 45.571
-17.792 18.835 44.058
-19.057 21.942 42.272
-15.513 23.289 41.930
-14.935 25.574 38.946
-13.274 28.768 37.765
-9.787 27.360 37.213
-9.553 26.166 40.811
-6.586 24.120 41.987
-5.392 21.858 44.802
-1.635 21.592 45.310
1.182 20.431 47.610
-1.009 18.448 49.995
0.389 15.850 52.387
-2.381 13.346 53.044
-1.961 10.116 54.977
-3.913 7.271 56.582
-7.360 7.768 55.078
-10.365 5.479 55.626
-11.456 4.263 52.192
-11.673 6.474 49.106
-9.507 9.575 49.248
-10.459 12.072 46.557
-14.019 12.109 45.251
-13.956 14.592 42.385
-17.421 15.140 40.940
-19.505 17.847 39.284
-16.368 19.935 38.847
-14.663 21.643 35.919
-11.427 23.399 35.011
-9.688 22.012 38.087
-6.018 21.258 38.698
-4.508 18.912 41.276
-0.737 18.596 41.570
2.060 18.173 44.101
-0.188 15.828 46.064
1.168 13.005 48.207
-1.256 10.288 49.281
0.507 7.889 51.634
-1.511 4.946 52.928
1.417 2.558 53.301
0.542 2.244 56.982
-2.511 0.260 55.908
-0.399 -2.224 53.965
0.232 -4.325 57.061
-2.513 -6.288 58.818
-3.946 -5.067 62.115
-6.041 -6.534 64.921
-9.164 -6.314 62.789
-7.994 -7.634 59.429
-6.278 -10.759 60.737
-4.002 -11.708 57.851
-5.555 -9.100 55.561
-4.094 -5.669 54.794
-5.779 -3.196 57.136
-6.436 -0.768 54.287
-8.734 -1.698 51.408
-10.580 0.059 48.594
-8.406 3.108 49.211
-8.821 4.780 45.830
-6.488 7.716 45.277
-8.366 9.899 42.807
-11.965 9.167 41.862
-13.323 11.306 39.035
-16.895 11.538 37.770
-19.245 13.920 35.972
-16.410 16.404 35.528
-14.765 18.328 32.701
-11.273 19.662 32.057
-9.704 18.074 35.126
-5.918 17.855 35.244
-3.821 15.646 37.509
-0.078 16.278 37.496
2.862 15.346 39.714
1.037 13.212 42.267
2.300 10.450 44.555
-0.113 7.733 45.615
0.601 4.870 48.010
-2.622 2.933 48.503
-4.255 -0.474 48.149
-6.561 0.193 45.213
-7.067 2.100 41.968
-4.468 4.837 41.823
-6.760 6.864 39.590
-10.291 5.826 38.638
-12.341 7.712 36.064
-15.896 6.384 35.954
-17.021 9.381 33.914
-16.011 12.805 32.628
-14.561 14.689 29.670
-11.218 16.260 28.799
-9.393 14.594 31.682
-5.610 14.758 31.924
-3.459 12.634 34.223
0.296 13.136 33.968
3.402 12.619 36.091
1.639 10.102 38.316
3.516 7.968 40.834
1.322 4.985 41.653
2.419 2.147 43.918
0.663 -0.713 45.700
-2.557 0.410 44.038
-4.466 -1.136 41.147
-2.903 1.189 38.586
-4.521 3.873 36.443
-7.801 2.233 35.477
-10.929 3.417 33.691
-14.265 2.517 35.258
-15.777 0.435 36.137
-18.156 2.108 33.701
-21.881 1.397 33.543
-24.617 0.875 36.123
-23.753 4.215 37.706
-25.293 7.682 37.682
-22.891 8.638 34.906
-21.606 6.141 32.353
-19.979 8.428 29.800
-16.220 8.776 29.407
-14.991 10.951 26.552
-11.476 12.369 26.315
-9.033 10.993 28.886
-5.244 11.182 28.814
-2.746 9.195 30.877
0.679 10.673 30.228
4.221 10.205 31.506
3.443 8.130 34.589
4.826 5.279 36.680
2.933 2.293 38.069
4.888 0.043 40.416
4.037 -2.852 42.719
0.417 -2.731 41.593
-2.295 -5.161 40.525
-2.576 -3.566 37.092
-0.839 -0.868 35.093
-3.403 0.279 32.538
-6.882 -1.108 33.096
-10.194 -0.342 31.400
-13.155 -2.121 32.935
-16.895 -2.079 32.295
-19.831 -3.450 34.269
-21.529 -6.457 32.694
-25.057 -5.927 31.391
-24.670 -2.171 31.763
-24.696 0.622 29.199
-22.269 3.509 28.740
-19.577 5.097 26.588
-15.779 5.086 26.623
-14.243 7.134 23.828
-10.957 8.937 23.222
-8.839 7.254 25.887
-5.066 7.330 25.526
-2.318 5.678 27.555
0.970 7.316 26.594
4.444 6.976 28.087
3.482 4.680 30.950
6.207 2.764 32.767
5.165 -0.432 34.528
7.053 -2.258 37.264
6.235 -5.465 39.120
2.624 -5.827 38.011
0.788 -8.664 39.733
-1.950 -9.704 37.321
-2.557 -7.361 34.391
-0.001 -5.233 32.586
-2.756 -3.881 30.371
-6.327 -4.862 31.186
-9.394 -4.164 29.069
-12.509 -6.147 29.942
-16.274 -5.665 29.875
-17.290 -8.507 32.177
-17.136 -6.852 35.588
-19.963 -7.776 37.944
-20.020 -6.712 41.584
-16.359 -5.711 41.574
-15.428 -9.071 40.062
-14.736 -10.506 36.607
-17.391 -12.810 35.170
-15.581 -14.109 32.093
-18.507 -13.208 29.846
-18.099 -9.719 28.370
-21.098 -7.690 27.222
-21.464 -5.080 24.488
-23.717 -2.590 26.253
-20.802 -0.232 26.853
-19.229 1.060 23.651
-15.452 1.446 23.810
-13.917 3.386 20.936
-10.734 5.239 20.019
-8.406 3.675 22.580
-4.703 4.402 22.290
-1.817 2.504 23.867
1.308 4.482 23.048
4.749 3.585 24.377
3.533 1.447 27.274
6.706 -0.214 28.524
7.864 -1.891 31.720
7.773 -5.319 33.331
5.125 -7.480 34.980
5.488 -10.167 37.634
5.597 -13.784 36.486
2.135 -14.164 37.958
0.522 -11.635 35.618
-0.387 -11.386 31.943
1.264 -8.772 29.737
-1.983 -8.031 27.906
-5.573 -8.897 28.729
-8.315 -7.720 26.401
-11.833 -9.071 26.870
-14.030 -6.852 24.718
-17.760 -7.326 24.202
-19.329 -8.560 20.980
-18.713 -5.624 18.652
-18.617 -3.049 21.441
-14.954 -2.215 20.826
-13.492 -0.147 17.986
-10.538 2.027 16.964
-7.773 0.503 19.146
-4.268 1.793 18.377
-1.064 0.235 19.715
2.288 1.936 19.181
5.695 1.413 20.783
4.523 -0.786 23.658
7.055 -3.118 25.278
5.564 -5.018 28.212
7.436 -8.138 29.237
7.636 -10.543 32.118
4.231 -12.247 32.173
4.289 -15.953 33.116
0.771 -16.581 31.799
0.099 -16.226 28.076
-1.605 -12.938 27.276
-5.175 -13.222 26.024
-7.191 -10.862 23.960
-10.071 -10.817 21.631
-9.711 -7.426 19.950
-9.020 -6.137 17.538
-8.304 -9.798 16.780
-7.415 -12.909 18.772
-3.768 -11.841 19.032
-2.125 -9.374 21.397
1.104 -7.376 21.537
2.305 -10.535 23.252
