18.404 5.181 10.612
14.830 4.607 11.753
11.792 4.376 9.434
8.104 4.128 10.319
5.499 3.226 7.646
1.793 3.680 8.527
-1.492 2.219 7.232
-4.267 4.617 8.477
-7.747 3.093 8.566
-10.852 4.579 10.067
-11.270 1.328 12.025
-7.647 -0.031 12.155
-4.103 1.337 11.599
-0.947 -0.764 11.128
2.600 0.415 11.684
6.010 -1.004 11.052
9.286 0.242 12.298
12.516 -1.052 10.878
16.105 0.009 11.394
18.347 0.504 8.362
22.035 0.339 9.481
24.343 0.826 6.546
22.555 -1.728 4.283
21.661 -3.927 7.233
17.885 -4.095 7.675
16.471 -4.685 11.120
12.990 -5.120 12.573
12.110 -3.156 15.771
8.389 -3.920 15.930
4.927 -3.840 14.431
1.259 -4.004 15.356
-2.132 -2.455 14.765
-3.908 0.246 16.805
-7.585 -0.660 17.083
-9.421 2.638 17.014
-12.809 0.950 17.013
-15.069 3.523 18.763
-18.420 5.052 17.781
-17.980 8.826 18.234
-15.974 10.115 15.237
-14.405 12.876 17.330
-12.732 10.081 19.418
-11.708 7.694 16.655
-9.699 10.506 15.096
-8.085 11.581 18.337
-7.275 7.922 19.021
-5.593 7.761 15.700
-3.666 10.848 16.715
-2.590 9.464 20.122
-1.868 5.928 19.020
0.233 7.213 16.114
1.995 9.618 18.503
2.579 7.000 21.209
4.426 4.960 18.553
6.473 7.953 17.460
7.709 8.549 21.014
7.990 4.863 22.081
9.828 3.886 18.888
11.329 7.146 17.761
11.578 7.071 13.962
13.588 9.416 11.824
11.293 9.217 8.907
7.618 8.633 8.406
6.461 6.689 5.292
2.844 6.505 4.108
1.635 4.961 0.888
-0.384 7.317 -1.309
-4.035 6.475 -1.945
-5.176 7.339 -5.491
-7.740 4.925 -7.022
-10.747 4.004 -4.885
-14.264 4.549 -6.250
-16.332 4.395 -3.086
-16.894 8.049 -2.067
-18.514 7.322 1.322
-15.349 5.363 2.243
-12.964 7.872 0.641
-14.098 10.435 3.219
-13.796 7.699 5.823
-10.185 6.928 4.825
-9.263 10.571 4.165
-9.926 11.783 7.741
-7.829 9.178 9.542
-4.999 9.358 7.029
-5.006 13.153 7.412
-4.946 12.725 11.222
-2.145 10.131 10.959
0.110 12.540 8.877
-0.416 15.566 11.164
0.440 13.380 14.131
3.920 13.176 12.639
4.033 16.726 11.344
3.718 17.832 14.981
6.435 15.442 16.357
8.809 16.939 13.743
8.909 13.948 11.397
9.616 14.403 7.670
6.720 12.552 5.923
6.997 10.653 2.575
4.304 9.127 0.341
4.922 6.085 -1.964
2.482 5.070 -4.693
1.117 1.538 -4.190
3.121 0.528 -7.376
6.647 1.729 -6.256
6.133 -0.448 -3.181
5.490 -3.627 -5.257
8.347 -2.715 -7.586
10.664 -2.325 -4.567
9.969 -5.512 -2.573
8.410 -7.923 -5.107
10.364 -7.001 -8.261
7.101 -6.878 -10.310
4.627 -3.931 -10.234
1.267 -5.712 -10.578
2.014 -8.070 -7.688
-0.527 -9.162 -5.086
-0.163 -8.712 -1.334
0.180 -12.418 -0.438
3.440 -12.113 -2.462
4.432 -8.758 -0.915
3.772 -9.815 2.698
5.278 -13.175 1.858
8.470 -11.460 0.663
8.568 -9.012 3.672
9.002 -11.771 6.241
11.921 -12.847 4.115
13.602 -9.461 3.712
13.493 -8.870 7.463
14.533 -12.553 7.839
11.484 -13.349 9.984
9.383 -16.508 9.726
6.974 -14.920 12.171
3.596 -15.289 13.775
1.168 -12.738 12.429
-1.006 -11.115 15.001
-3.191 -9.484 12.408
-0.890 -8.354 9.607
1.033 -5.130 9.728
3.033 -6.500 6.816
1.390 -3.683 4.777
3.265 -1.004 6.792
6.646 -2.848 6.856
6.682 -2.930 3.043
6.135 0.855 2.780
8.809 1.538 5.419
11.079 -0.867 3.430
10.292 1.164 0.308
11.539 4.334 1.974
14.916 2.634 2.772
15.240 1.782 -0.916
14.073 5.081 -2.439
16.506 6.836 -0.071
19.350 4.726 -1.346
18.951 5.832 -4.989
20.468 8.826 -6.956
22.738 11.541 -5.425
26.206 10.024 -5.962
