56.679 60.788 -15.170
57.091 57.047 -15.667
59.810 54.645 -14.388
60.274 51.020 -15.597
62.094 48.166 -13.697
62.923 44.517 -14.417
60.325 41.835 -13.494
57.605 44.259 -12.414
57.209 46.573 -15.478
56.439 50.278 -15.568
54.745 52.640 -13.071
53.671 56.269 -13.821
52.066 59.112 -11.869
49.399 59.607 -14.535
45.879 60.051 -13.363
44.147 58.230 -11.628
47.388 57.016 -9.863
48.073 60.668 -8.882
46.862 64.199 -9.528
43.176 63.856 -8.726
41.226 65.433 -5.829
41.580 62.334 -3.599
45.372 62.035 -4.080
46.716 65.338 -5.455
50.522 64.948 -5.236
52.368 63.550 -8.245
54.950 61.112 -6.750
56.200 57.802 -7.934
56.643 54.503 -5.954
60.181 53.775 -4.751
62.173 51.139 -6.586
61.603 47.398 -5.626
64.781 47.075 -3.584
64.057 50.261 -1.622
60.599 48.735 -0.725
62.307 45.396 -0.018
59.154 43.220 0.082
59.972 39.915 1.843
58.093 36.583 1.804
58.292 34.827 5.152
56.854 31.344 4.931
55.441 29.550 7.983
53.815 26.060 7.545
52.439 23.285 9.868
55.934 21.688 9.674
57.686 24.972 10.523
55.129 26.853 12.671
57.459 29.039 14.849
60.208 30.250 12.534
59.870 31.276 8.935
61.704 30.121 5.791
62.446 33.182 3.611
61.468 32.441 -0.008
61.689 34.302 -3.288
59.882 33.902 -6.671
62.293 31.192 -7.909
61.178 27.522 -8.450
64.277 25.944 -6.794
63.884 28.070 -3.692
60.156 27.244 -3.371
60.964 23.459 -3.857
63.613 23.613 -1.195
61.110 24.972 1.390
58.239 23.415 3.202
55.802 24.976 0.667
53.444 22.165 -0.501
51.361 22.446 -3.691
48.688 20.051 -2.271
47.205 22.583 0.272
45.971 26.228 0.168
48.265 29.319 0.422
47.280 32.380 2.463
49.327 35.618 2.201
49.061 38.174 5.025
50.077 41.744 4.175
50.500 44.417 6.862
49.813 48.117 6.941
50.209 50.190 10.083
52.271 48.494 12.797
51.753 49.873 16.268
54.198 49.480 19.166
54.366 45.929 20.425
52.176 44.620 17.496
54.930 43.302 15.300
54.120 39.593 15.814
50.411 39.940 14.743
51.050 38.348 11.300
52.770 35.226 12.637
50.287 34.634 15.434
47.454 34.841 12.795
49.376 32.018 10.914
49.856 30.050 14.171
46.123 29.861 14.827
45.487 28.520 11.256
47.877 25.601 11.943
45.549 24.517 14.721
42.599 23.988 12.309
44.053 23.304 8.811
47.102 22.517 6.645
48.307 25.741 4.970
51.283 27.543 3.381
51.034 30.880 5.321
53.228 33.634 3.876
53.769 36.891 5.782
54.577 39.808 3.461
57.004 42.184 5.113
57.444 45.620 3.404
58.480 47.630 6.461
61.071 49.596 4.466
58.483 50.822 2.007
55.908 51.620 4.652
58.086 53.547 7.171
58.047 56.823 5.282
55.532 59.602 4.541
51.931 58.442 4.167
51.557 59.591 0.556
54.810 57.775 -0.402
53.737 54.545 1.373
50.382 54.789 -0.591
52.316 54.751 -3.799
54.630 51.953 -2.499
51.584 49.682 -2.133
51.854 49.276 -5.969
55.266 47.621 -5.684
54.123 45.180 -2.990
51.082 44.357 -5.177
53.295 43.766 -8.196
55.652 41.524 -6.146
52.854 39.219 -4.845
51.243 38.896 -8.341
54.752 38.054 -9.605
55.177 35.173 -7.048
51.519 33.901 -7.700
52.517 33.925 -11.376
55.670 31.817 -10.812
53.634 29.270 -8.745
51.164 29.002 -11.607
53.656 28.608 -14.453
56.117 26.388 -12.563
54.033 24.243 -10.250
50.697 24.317 -12.105
49.279 25.750 -8.867
45.969 27.531 -9.596
45.493 31.172 -8.257
42.109 30.036 -6.849
44.002 28.119 -4.161
45.388 31.441 -2.869
43.888 33.765 -0.364
45.387 37.290 0.241
44.584 38.981 3.622
45.582 42.636 3.829
45.123 45.061 6.751
45.038 48.875 6.497
47.205 50.153 3.539
48.079 46.480 2.981
44.500 45.721 1.879
45.091 47.988 -1.139
48.386 46.117 -1.971
46.250 42.951 -1.858
43.851 44.596 -4.339
46.728 45.558 -6.635
47.860 41.944 -6.732
44.374 40.653 -7.413
44.022 43.249 -10.234
47.329 42.039 -11.775
46.091 38.413 -11.706
43.051 39.573 -13.586
40.850 38.655 -10.515
41.852 34.938 -10.748
42.959 34.938 -7.097
40.569 32.774 -5.043
39.912 35.238 -2.079
41.012 38.668 -0.744
40.032 39.764 2.853
40.294 43.501 3.462
40.811 44.270 7.178
39.790 47.871 7.567
41.078 49.252 4.223
42.740 52.645 4.905
40.736 55.622 3.726
43.069 58.678 3.131
44.237 58.695 -0.512
41.953 55.739 -1.393
38.236 56.116 -0.589
36.294 57.365 -3.651
39.135 56.707 -6.133
38.507 54.436 -9.168
38.708 50.622 -8.743
42.047 50.652 -10.531
43.603 52.331 -7.522
41.812 50.599 -4.635
40.584 47.297 -3.275
37.151 46.498 -4.847
35.150 43.239 -5.632
36.632 42.692 -9.177
40.030 42.054 -7.622
39.350 38.424 -6.663
36.628 35.790 -7.012
35.419 36.581 -3.466
36.319 39.667 -1.444
35.103 40.077 2.159
35.830 43.280 4.084
35.741 44.007 7.904
35.097 47.653 8.845
36.278 48.814 12.363
37.358 52.492 12.103
35.065 54.049 9.567
34.414 57.590 10.987
35.929 60.296 8.550
39.678 60.821 8.685
39.082 64.589 8.542
38.118 65.392 11.264
37.338 62.174 13.290
40.612 60.349 12.538
39.014 57.064 11.590
41.647 55.472 9.349
39.260 52.893 7.716
36.991 53.469 4.675
33.254 53.711 5.214
32.817 52.950 1.546
31.858 49.405 0.617
34.557 47.250 -1.127
33.686 43.542 -1.076
30.964 41.083 -1.942
30.396 41.028 1.853
30.976 44.053 4.033
30.887 43.474 7.762
30.460 46.352 10.252
31.015 44.741 13.714
29.799 47.060 16.550
28.664 49.473 13.918
32.167 49.940 12.430
32.868 53.353 14.097
33.705 52.743 17.790
34.911 49.389 18.966
34.243 48.278 22.612
37.438 48.281 24.727
38.963 51.150 22.615
39.811 54.797 23.236
38.470 57.438 20.868
40.393 60.043 18.899
39.761 63.726 19.350
38.352 65.747 16.497
40.730 67.755 14.370
39.842 69.901 11.307
43.373 69.622 9.986
45.566 66.617 11.004
49.179 65.553 10.686
48.964 62.345 8.609
52.731 61.770 8.281
53.230 62.092 12.041
50.314 59.714 12.649
51.499 57.064 10.105
55.066 57.404 11.286
54.221 57.001 15.005
55.502 60.454 16.096
52.064 62.060 16.475
49.491 60.736 19.031
46.754 58.590 17.529
44.740 55.920 19.254
44.996 53.063 16.767
42.736 50.628 18.723
39.764 50.826 16.325
41.825 50.272 13.159
43.753 47.273 14.677
40.616 45.484 15.943
39.876 44.180 12.400
42.790 41.719 12.510
42.159 40.920 16.181
38.652 39.708 15.349
39.999 37.833 12.323
42.616 35.991 14.563
39.883 34.893 17.026
37.501 33.840 14.224
39.965 31.069 13.153
39.498 29.204 16.444
35.782 30.010 16.959
34.033 28.768 13.789
30.484 29.937 14.843
31.368 32.851 17.103
30.963 35.705 14.640
27.551 35.334 12.907
26.765 38.432 10.735
23.077 39.361 10.345
21.745 41.053 7.103
20.313 44.322 8.201
19.850 47.695 6.476
21.745 49.530 9.261
23.329 49.263 12.642
20.488 51.204 14.321
17.934 48.661 13.065
20.231 45.952 14.367
20.478 47.477 17.853
16.750 48.157 17.756
16.396 44.328 17.553
14.965 44.290 14.066
17.425 41.882 12.289
17.547 38.606 14.253
17.522 35.483 13.712
19.785 34.662 10.733
18.336 34.457 7.187
17.265 30.820 6.456
20.339 29.761 4.515
22.435 30.706 7.581
24.386 33.783 8.682
27.901 34.392 7.164
30.727 34.039 9.744
32.769 37.257 9.779
36.483 36.352 9.485
38.188 33.165 8.484
35.019 31.208 7.647
33.144 33.771 5.519
33.851 31.606 2.438
31.459 28.950 3.656
28.510 31.291 3.193
26.202 29.898 0.421
25.236 33.201 -1.295
28.642 34.870 -0.972
28.912 36.338 -4.460
25.258 37.014 -5.283
25.828 40.755 -4.914
28.547 43.251 -3.927
28.277 45.453 -0.884
25.958 43.068 1.019
25.656 44.449 4.542
26.103 42.441 7.755
26.127 43.686 11.325
27.103 41.985 14.569
28.683 42.861 17.957
31.869 41.399 19.423
33.377 41.297 22.886
35.527 44.019 24.360
38.606 41.861 24.730
39.800 38.475 23.632
38.003 35.811 23.123
35.947 38.407 21.128
33.380 35.717 20.091
