67.136 73.022 24.291
68.333 69.424 23.952
65.875 66.873 25.146
66.723 63.327 26.083
64.683 61.065 23.808
64.924 57.409 22.856
68.038 57.241 24.968
69.616 60.004 22.898
70.081 63.763 23.249
68.111 65.136 20.311
67.655 68.696 19.043
64.270 70.394 19.471
64.696 73.241 17.015
63.458 71.973 13.633
63.111 73.088 9.997
60.381 72.583 7.428
60.056 73.510 3.764
56.990 74.072 1.582
57.939 72.557 -1.839
54.869 73.513 -3.887
51.725 75.481 -3.137
47.983 74.878 -3.709
46.664 77.007 -6.607
43.530 78.404 -4.906
45.456 80.161 -2.119
47.980 83.014 -2.206
51.421 81.961 -0.925
51.610 84.240 2.120
48.356 82.805 3.433
49.545 79.236 2.959
52.771 80.148 4.757
51.020 81.699 7.774
48.603 78.775 7.951
51.328 76.140 7.897
53.125 78.015 10.640
49.991 78.425 12.704
49.212 74.691 12.432
52.743 73.845 13.589
52.392 76.323 16.437
49.457 74.493 17.975
51.937 71.677 18.632
54.949 73.756 19.509
52.848 75.312 22.294
52.587 71.991 24.101
55.985 70.439 23.270
59.670 71.374 23.538
59.819 71.820 19.719
60.353 74.963 17.580
59.846 75.373 13.832
61.837 77.354 11.257
60.991 77.803 7.573
63.764 77.161 5.055
63.560 77.704 1.308
66.116 75.269 0.002
67.563 71.844 0.591
66.181 69.116 2.801
64.563 69.997 6.111
63.218 67.977 9.054
59.725 68.316 7.602
59.167 68.370 3.844
55.744 69.627 2.758
54.290 69.162 -0.719
51.010 69.495 -2.639
50.757 66.638 -5.146
48.157 64.739 -7.125
47.568 61.085 -7.613
50.916 59.248 -8.119
53.896 61.423 -7.077
56.373 58.603 -6.411
55.789 57.294 -2.880
53.307 54.425 -3.218
50.560 56.490 -1.623
48.730 57.875 -4.664
46.116 60.528 -3.998
42.569 60.055 -5.360
41.489 63.471 -6.769
38.771 65.683 -5.117
37.489 64.318 -1.807
38.570 60.993 -0.268
42.060 61.435 1.168
43.065 65.056 1.659
46.639 64.463 2.745
48.991 62.107 4.506
52.380 62.119 6.163
55.008 59.407 6.204
58.610 58.790 7.176
60.750 57.931 4.111
63.342 55.262 4.848
66.046 56.845 2.644
65.782 60.344 4.159
65.872 61.517 7.756
62.706 63.569 7.461
58.987 63.837 7.920
57.110 64.022 4.640
53.705 65.640 4.397
51.699 65.798 1.216
48.397 67.558 0.675
46.215 66.434 -2.208
46.490 69.233 -4.749
43.057 68.275 -6.106
41.052 69.513 -3.147
39.327 72.874 -3.039
41.659 74.324 -0.450
40.254 77.092 1.733
40.955 78.807 5.032
38.239 79.770 7.513
35.346 78.779 5.186
33.013 75.973 6.208
32.241 75.178 2.566
35.721 74.185 1.292
38.473 71.951 2.712
40.309 73.710 5.494
44.075 73.807 5.135
44.643 74.824 8.780
42.895 71.738 10.038
44.332 69.225 7.595
47.799 70.609 8.148
47.480 70.528 11.986
46.323 66.969 11.610
49.299 65.958 9.454
51.783 67.713 11.695
50.182 65.649 14.468
51.259 62.482 12.657
54.712 63.767 11.973
55.087 64.313 15.678
54.016 60.747 16.474
50.302 60.825 17.319
47.829 58.314 15.913
44.071 58.437 15.552
41.550 58.694 18.361
37.831 58.067 18.511
37.065 61.486 20.043
34.961 63.127 17.249
36.047 66.709 17.834
39.719 65.828 18.173
42.453 67.182 15.948
43.545 63.609 15.408
40.232 62.148 14.439
40.440 60.117 11.214
37.606 62.177 9.654
37.533 65.833 8.687
34.760 68.173 9.698
35.079 71.979 9.564
35.934 73.018 13.130
36.938 76.455 14.443
38.830 77.690 16.218
41.788 75.287 15.794
42.359 73.957 19.276
43.711 70.862 21.030
40.918 68.802 22.583
41.606 67.051 25.939
42.204 63.778 24.079
44.777 65.661 22.009
46.676 67.092 24.998
46.669 63.653 26.656
48.052 62.172 23.467
50.927 64.630 23.455
51.538 64.148 27.175
51.715 60.430 26.490
54.359 60.688 23.757
56.240 63.644 25.240
56.706 64.457 28.924
41.541 63.433 -2.566
