6.850 27.201 0.477
3.481 25.552 0.945
4.787 22.436 -0.882
6.914 20.384 1.482
9.898 18.492 0.089
8.098 15.462 -1.313
11.260 13.721 -2.507
10.458 10.692 -0.195
7.477 10.041 -2.411
9.562 9.392 -5.526
11.461 6.243 -4.178
8.440 4.161 -5.203
9.096 5.133 -8.838
12.350 3.262 -8.418
10.779 0.219 -6.646
11.198 1.089 -2.950
7.928 0.679 -1.001
10.027 1.525 1.982
9.157 5.207 2.520
5.489 4.947 1.483
3.956 5.639 4.991
6.007 8.733 5.287
5.119 9.949 1.810
1.374 9.511 2.395
1.650 11.339 5.789
3.053 14.495 4.134
0.534 14.516 1.221
-2.304 13.857 3.757
-1.232 17.052 5.514
-2.189 18.726 2.193
-5.367 19.826 0.465
-6.378 17.457 -2.318
-5.548 19.685 -5.298
-2.596 21.049 -3.457
-0.984 17.608 -2.984
-1.376 16.985 -6.757
0.155 20.366 -7.790
3.103 19.916 -5.397
3.600 16.278 -6.564
3.515 17.420 -10.165
6.368 19.925 -9.680
8.536 17.155 -8.066
7.866 14.877 -11.069
8.593 17.626 -13.610
11.854 18.377 -11.822
12.947 14.713 -12.307
12.472 14.905 -16.015
9.491 12.593 -16.028
7.689 12.918 -19.342
4.570 10.826 -18.491
3.526 12.820 -15.412
0.049 11.484 -14.938
0.913 7.811 -14.853
3.600 8.408 -12.137
1.419 10.861 -10.157
-1.342 8.242 -10.107
1.121 5.531 -9.037
2.113 7.652 -6.044
-1.510 8.450 -5.093
-2.591 4.808 -5.472
0.149 3.675 -3.183
-1.433 5.591 -0.231
-4.137 2.997 -0.026
-7.557 3.466 -1.726
-10.174 1.004 -2.776
-10.616 2.959 -6.074
-7.676 3.722 -8.643
-6.821 7.436 -9.054
-7.769 9.206 -12.212
-5.785 12.359 -11.151
-4.161 14.666 -13.610
-1.204 17.170 -13.346
-2.010 20.760 -14.600
-0.242 21.307 -17.962
-3.227 21.943 -20.008
