-21.259 41.045 196.821
-25.047 41.481 196.938
-27.883 42.200 194.496
-31.654 42.518 194.733
-33.785 40.773 192.121
-36.169 43.686 192.720
-33.941 45.689 190.428
-33.650 45.472 186.660
-30.406 43.800 185.484
-29.498 47.005 183.652
-29.459 48.830 186.962
-27.408 46.171 188.780
-25.123 45.583 185.775
-21.637 46.955 186.639
-19.989 49.848 184.804
-17.032 48.009 183.287
-16.369 50.815 180.762
-12.718 51.200 181.811
-11.706 47.688 182.749
-8.765 45.550 181.664
-9.331 42.022 182.964
-10.780 38.814 181.547
-14.100 38.969 183.419
-14.588 42.396 181.872
-14.035 41.110 178.335
-16.736 38.434 178.518
-19.324 39.742 181.017
-22.173 41.320 179.061
-25.622 42.689 179.843
-26.912 39.660 178.003
-24.882 37.157 180.048
-25.311 38.968 183.363
-29.099 38.856 183.029
-28.937 35.115 182.274
-27.253 34.007 185.491
-27.934 37.047 187.715
-30.425 34.863 189.620
-28.618 31.496 189.640
-26.805 30.524 192.859
-24.503 27.762 194.135
-25.817 25.452 196.875
-23.764 27.540 199.325
-25.322 30.857 198.274
-22.513 32.026 196.004
-23.806 34.317 193.238
-22.287 35.924 190.121
-22.319 39.311 191.775
-19.942 37.579 194.133
-17.699 35.869 191.594
-17.434 39.108 189.626
-17.168 41.591 192.493
-13.368 41.555 192.856
-13.058 42.269 189.134
-15.521 45.120 189.202
-13.481 46.660 192.009
-10.100 46.065 190.388
-9.968 47.798 186.953
-6.697 45.952 186.506
-4.087 47.496 184.235
-3.472 47.891 180.442
-0.327 45.753 180.292
-0.625 43.062 183.000
-4.101 41.543 182.603
-5.856 39.941 185.568
-8.585 37.271 185.511
-11.357 39.226 187.223
-13.191 36.658 189.312
-12.959 33.826 191.808
-14.894 30.652 192.545
-16.457 30.458 195.976
-16.969 26.710 195.906
-16.555 23.731 193.608
-20.033 24.189 192.189
-19.235 27.775 191.134
-17.628 26.368 188.014
-20.493 24.131 186.971
-23.143 26.729 187.856
-21.471 29.796 186.339
-20.069 27.651 183.520
-21.172 30.169 180.851
-18.911 32.737 182.536
-15.844 30.787 183.549
-15.514 28.679 180.403
-14.684 31.565 178.094
-12.374 33.082 180.685
-10.464 29.798 180.997
-10.314 29.290 177.213
-9.010 32.853 176.979
-6.431 32.592 179.720
-5.098 29.125 178.926
-4.261 29.076 175.224
-7.919 28.494 174.416
-8.466 25.360 176.556
-11.891 24.258 175.245
-14.910 23.106 177.358
