-23.658 16.179 -11.566
-26.731 16.873 -9.447
-28.284 16.672 -5.995
-29.413 13.055 -5.772
-26.893 10.296 -6.481
-26.424 6.643 -5.538
-22.664 6.448 -6.060
-22.023 9.410 -3.770
-24.753 8.182 -1.431
-22.894 4.876 -1.174
-19.679 6.562 -0.049
-21.470 8.299 2.820
-23.028 5.068 4.092
-19.984 2.880 3.423
-18.002 5.336 5.544
-20.662 5.621 8.238
-20.701 1.810 8.403
-16.929 1.245 8.233
-16.238 3.054 11.506
-18.839 1.238 13.667
-17.528 -2.205 12.719
-13.769 -2.705 12.437
-12.887 -0.211 15.170
-9.160 -0.647 14.551
-6.501 -1.792 14.542
-7.077 -1.748 10.783
-7.533 1.937 9.960
-9.638 2.969 6.965
-7.695 4.828 4.275
-10.405 5.538 1.704
-13.077 4.085 -0.574
-14.095 4.576 -4.203
-15.655 2.889 -7.230
-14.290 2.150 -10.687
-15.534 1.122 -14.121
-14.301 -2.264 -15.339
-15.832 -3.208 -18.676
-19.387 -3.537 -17.384
-19.115 -3.971 -13.617
-18.853 -1.378 -10.856
-15.711 -2.261 -8.912
-15.557 -1.220 -5.270
-12.159 -0.579 -3.719
-11.931 -0.204 0.047
-8.461 1.084 0.880
-7.309 0.219 4.398
-4.006 0.906 6.155
-2.181 -0.945 8.931
0.465 -0.039 11.557
3.015 -2.519 10.209
2.046 -5.846 8.671
-1.209 -6.711 6.909
-1.384 -9.206 4.034
-3.643 -11.113 1.639
-5.124 -12.951 4.632
-6.190 -9.728 6.347
-7.930 -8.529 3.184
-10.156 -11.609 2.992
-11.083 -11.176 6.655
-11.542 -7.415 6.324
-14.039 -7.720 3.470
-15.965 -10.475 5.247
-16.435 -7.941 8.045
-17.714 -5.211 5.722
-19.914 -7.648 3.785
-22.582 -7.762 6.546
-22.891 -3.988 6.180
-22.382 -3.969 2.411
-25.750 -5.295 1.235
-27.669 -2.771 3.336
-26.562 0.582 1.923
-30.095 1.595 0.942
-31.662 3.392 -0.592
-29.499 2.102 -3.444
-30.438 -1.252 -5.040
-27.588 -1.800 -7.499
-28.577 -3.534 -10.777
-26.470 -6.670 -10.305
-23.222 -6.308 -12.251
-21.069 -4.933 -9.433
-17.604 -6.008 -8.281
-15.947 -5.511 -4.886
-12.306 -5.657 -3.773
-10.256 -4.788 -0.686
-6.621 -3.663 -0.814
-4.049 -1.774 1.258
-2.049 1.316 0.182
1.173 0.532 2.020
3.078 3.399 0.419
2.816 3.810 -3.354
