8.807 128.601 78.149
11.217 126.127 79.811
10.855 122.643 81.364
13.167 121.524 84.194
15.138 118.411 83.218
13.611 116.094 85.838
10.126 116.765 84.449
11.398 116.654 80.859
12.890 113.172 81.321
9.746 112.045 83.189
7.562 113.019 80.199
9.742 112.314 77.108
12.585 110.046 78.387
16.096 111.483 79.121
17.939 113.934 76.856
21.477 115.070 76.135
23.711 114.735 79.165
21.203 112.840 81.366
22.289 109.480 82.788
20.316 106.309 83.455
21.256 103.399 85.721
21.157 99.927 84.081
18.904 97.802 86.308
20.439 97.529 89.816
24.026 97.561 88.567
26.499 100.401 89.129
26.627 101.121 85.359
25.390 104.462 84.051
24.745 105.314 80.409
24.618 108.889 79.204
22.573 110.273 76.325
25.163 111.436 73.774
22.897 113.276 71.320
19.161 113.727 70.659
17.451 113.959 67.276
14.359 115.764 68.544
13.282 119.377 68.159
12.419 120.532 71.700
8.697 121.356 71.803
7.856 119.122 68.811
8.467 115.783 70.537
6.185 113.070 69.240
3.797 111.349 71.677
0.480 109.512 71.414
-2.734 109.508 73.500
-5.743 111.658 74.382
-4.976 115.282 73.412
-1.424 114.413 72.455
0.610 115.262 69.368
0.119 112.372 66.856
-3.375 113.339 65.813
-4.671 114.077 62.339
-3.717 117.560 61.061
-1.199 117.898 63.911
1.741 115.520 64.540
-0.061 113.031 62.262
-0.229 114.001 58.538
-3.646 113.311 57.050
-2.720 113.723 53.382
-0.163 111.071 52.473
-0.796 107.545 51.343
1.338 104.823 52.869
3.915 104.734 49.994
4.564 108.491 50.290
7.102 108.540 53.089
4.639 107.315 55.716
5.761 104.740 58.324
4.034 101.510 59.362
5.295 102.009 62.927
6.929 104.751 64.930
8.710 104.058 68.197
8.672 107.473 69.919
11.400 108.870 72.162
13.680 105.805 72.350
16.941 105.758 74.294
18.984 103.639 71.906
21.875 101.611 73.294
23.883 100.152 70.397
27.460 99.792 69.084
26.714 102.843 66.908
25.997 105.037 69.939
23.884 105.769 73.019
21.428 108.449 71.979
17.838 109.582 71.824
15.712 109.322 68.646
12.436 108.174 67.153
12.687 104.843 65.259
10.616 104.382 62.084
9.811 100.956 60.639
8.218 100.087 57.291
7.850 96.714 55.519
9.312 95.069 58.685
12.652 96.939 58.405
14.094 99.980 60.171
13.820 102.765 57.561
14.534 105.881 59.614
16.311 106.791 62.846
15.604 110.472 63.627
12.498 112.537 64.192
8.982 111.332 63.386
5.936 113.513 62.854
4.248 115.774 60.349
6.344 118.007 58.182
3.204 120.199 57.652
3.690 121.839 61.060
6.780 120.424 62.768
10.421 121.358 62.392
13.184 118.795 61.780
11.080 115.815 60.655
13.191 113.132 58.917
11.659 113.038 55.409
10.751 109.346 55.379
9.444 109.345 58.987
5.974 110.753 58.422
3.285 109.596 60.803
0.204 109.151 58.671
-3.033 107.126 58.575
-0.982 103.948 58.097
1.251 104.368 61.210
0.913 102.434 64.469
2.667 103.972 67.509
4.789 102.389 70.230
5.770 104.771 73.056
9.437 104.178 73.968
9.724 107.325 76.156
11.564 106.207 79.278
12.599 102.860 77.762
15.992 101.719 76.567
15.843 100.182 73.068
18.431 97.670 71.833
18.804 95.314 68.876
14.000 95.530 68.588
13.800 95.013 72.347
12.195 97.579 74.670
13.401 97.597 78.274
12.316 99.507 81.358
15.634 100.713 82.863
14.766 99.000 86.181
14.598 95.663 84.313
17.335 96.325 81.752
19.133 93.103 80.748
16.826 91.074 83.028
13.279 90.929 81.641
12.409 92.467 78.286
9.249 94.583 78.229
8.344 94.093 74.556
10.203 92.217 71.846
9.560 93.340 68.245
10.224 90.860 65.438
10.030 92.103 61.838
8.104 95.194 62.994
5.349 93.357 64.982
5.474 92.626 68.736
6.246 88.921 69.208
6.608 88.656 72.975
5.637 90.942 75.872
5.452 91.124 79.686
1.689 91.805 80.013
-1.024 91.116 82.508
-4.480 89.547 82.828
-6.081 88.963 79.396
-9.539 89.120 81.041
-8.925 92.505 82.661
-10.232 95.965 81.743
-6.651 97.036 80.943
-3.419 95.051 80.280
-1.459 95.978 83.424
-3.393 94.073 86.175
-1.729 90.897 87.554
-0.421 88.544 86.712
2.169 90.252 84.462
4.173 87.554 82.740
6.020 86.824 79.500
3.507 85.859 76.815
3.614 85.330 73.014
1.824 88.033 71.043
0.148 88.350 67.657
3.459 88.239 65.788
3.772 84.521 66.677
0.243 83.640 65.670
