41.560 55.341 66.858
41.617 55.411 63.113
41.235 52.545 60.630
42.510 52.269 56.997
40.486 50.333 54.405
40.584 49.480 50.628
39.350 50.985 47.365
35.945 50.087 45.781
36.377 46.638 44.196
34.534 46.072 40.972
34.921 42.379 39.959
33.150 39.652 37.827
31.472 36.537 39.475
33.912 33.764 40.577
36.252 36.358 42.156
38.395 36.236 45.271
38.588 39.878 46.304
40.639 40.880 49.363
40.176 44.003 51.422
42.383 45.129 54.234
41.972 47.110 57.339
45.154 48.349 58.966
44.441 50.212 62.142
46.570 52.860 63.567
44.992 54.061 66.612
44.573 50.862 68.713
48.064 49.657 69.454
48.606 47.927 72.845
44.862 47.943 73.386
44.702 44.121 72.813
41.648 44.591 70.801
39.776 43.187 67.819
39.405 44.155 64.216
35.710 43.446 63.337
34.211 42.963 59.947
30.622 43.658 59.136
28.671 43.780 55.882
26.080 46.496 54.966
23.549 45.468 52.408
21.778 47.624 49.805
20.330 50.513 51.787
20.298 49.261 55.385
20.646 45.574 56.611
23.827 44.446 58.453
25.420 41.002 58.781
28.341 40.210 61.076
31.242 38.462 59.454
33.781 37.999 62.241
36.805 39.424 64.026
40.513 39.020 64.479
42.840 40.068 67.250
46.129 41.600 65.790
47.912 41.241 69.204
47.041 37.464 69.383
45.531 36.041 66.208
42.081 35.171 67.626
39.648 34.600 64.717
35.899 33.748 64.787
33.158 33.920 62.137
29.382 34.147 61.884
28.678 30.517 60.842
27.220 31.352 57.464
30.138 33.584 56.353
32.365 30.755 57.559
32.467 29.654 53.972
32.794 32.851 51.816
35.216 34.869 53.977
38.591 34.254 55.671
40.425 36.550 58.083
44.204 37.276 57.960
46.492 39.629 59.952
50.009 40.723 59.268
50.079 42.161 62.761
53.458 43.863 62.135
52.031 45.886 59.300
48.925 46.481 61.411
47.009 45.021 58.440
44.294 42.424 58.736
42.600 41.292 55.575
39.283 39.779 54.697
39.142 37.682 51.524
35.793 37.153 49.878
36.151 34.230 47.567
33.651 32.729 45.041
31.672 36.006 44.634
28.145 36.238 43.221
26.027 39.304 42.416
24.633 39.437 45.982
28.016 40.293 47.499
27.938 43.790 45.956
27.780 45.766 49.232
29.649 47.982 51.672
32.084 46.172 53.896
33.042 47.692 57.148
35.905 47.312 59.433
35.436 48.129 63.129
37.481 48.127 66.338
36.323 46.869 69.684
38.002 46.844 73.107
37.052 45.768 76.578
33.814 44.916 78.313
31.510 46.863 75.985
31.293 44.204 73.336
30.303 47.063 71.053
32.226 48.280 67.928
33.104 51.856 68.707
35.427 52.708 65.761
34.224 51.896 62.286
36.335 52.342 59.206
35.168 54.204 56.156
33.800 51.220 54.188
34.325 49.812 50.673
31.826 48.788 48.015
32.593 45.458 46.260
30.420 45.869 43.140
30.182 42.719 41.032
29.479 42.848 37.249
30.643 40.910 34.200
31.042 44.152 32.071
