37.022 4.436 80.626
35.468 1.784 78.411
33.338 4.395 76.621
36.499 6.258 75.659
37.962 3.273 73.799
38.228 3.010 70.022
35.306 5.408 69.470
33.628 5.584 66.041
33.345 8.967 64.282
29.950 9.898 65.836
29.520 10.013 69.617
26.133 10.827 71.215
25.308 11.387 74.930
21.718 11.013 76.106
20.097 11.328 79.538
17.938 13.647 81.670
18.501 17.379 82.132
21.488 17.883 84.392
22.882 14.315 84.479
26.170 15.625 83.056
25.936 15.120 79.285
27.621 18.386 78.290
30.282 18.128 81.018
31.188 14.583 79.975
31.136 15.639 76.285
33.601 18.488 76.850
35.914 16.276 78.875
35.728 13.587 76.193
36.554 16.109 73.434
39.568 17.487 75.320
40.858 13.983 76.034
40.581 13.027 72.362
42.057 16.284 71.096
44.980 15.562 73.409
45.511 12.130 71.857
46.117 13.967 68.607
42.554 13.673 67.262
40.713 16.328 65.293
37.492 16.879 67.249
34.230 18.713 66.552
32.109 19.303 69.663
28.473 19.913 68.844
26.651 21.898 71.525
22.923 21.259 71.221
21.380 22.718 74.386
18.700 25.525 74.241
20.799 28.009 76.214
24.225 26.638 75.388
26.914 27.364 77.950
29.680 25.428 76.192
31.315 28.687 75.173
31.520 29.463 78.880
33.336 26.285 79.932
35.980 27.064 77.320
35.968 30.750 78.156
35.223 31.877 74.605
32.264 32.391 72.286
30.919 29.835 69.832
28.139 30.122 67.266
26.313 28.337 64.450
29.660 28.285 62.681
32.477 25.828 63.328
35.220 27.531 65.324
38.456 26.150 66.719
38.659 26.230 70.509
41.829 28.266 71.062
42.501 26.740 74.488
42.369 23.198 73.068
44.382 22.458 69.895
42.687 19.791 67.779
39.216 20.765 68.963
36.592 22.941 67.277
33.005 23.563 68.300
29.609 24.210 66.746
26.423 25.390 68.414
23.049 24.293 67.040
20.315 26.366 68.670
17.191 24.189 69.072
14.884 27.070 69.940
16.109 28.867 66.837
15.674 25.780 64.677
12.053 25.233 65.806
11.362 28.949 65.232
12.563 28.720 61.596
10.778 25.434 61.130
7.599 27.165 62.278
8.187 30.285 60.154
8.730 28.226 56.993
5.252 26.711 57.416
3.351 29.663 58.817
4.785 32.661 56.888
3.201 31.606 53.590
-0.258 31.652 55.158
-0.029 34.879 57.174
-2.498 37.378 55.726
-3.897 34.511 53.646
-5.822 32.321 56.071
-7.685 34.153 58.837
-5.634 35.118 61.886
-7.199 32.652 64.330
-6.547 29.815 61.871
-2.884 30.774 61.327
-2.508 31.284 65.076
-3.874 27.762 65.665
-1.508 26.240 63.116
1.339 28.180 64.799
0.484 26.790 68.252
0.529 23.256 66.786
4.147 23.922 65.931
5.165 25.208 69.374
5.470 22.040 71.457
8.503 19.963 72.526
7.696 17.625 69.636
8.310 20.291 66.969
11.582 21.174 68.717
12.685 17.514 68.595
11.817 17.188 64.873
13.686 20.408 64.173
16.685 19.177 66.186
16.685 15.964 64.140
16.669 17.993 60.935
19.886 19.562 62.333
21.384 16.226 63.408
20.595 14.853 59.910
22.548 17.580 58.135
25.643 16.844 60.223
25.237 13.050 59.896
25.011 13.243 56.128
27.830 15.670 55.478
30.543 13.221 54.436
33.022 16.101 54.098
33.044 16.469 57.871
34.745 13.107 58.345
37.407 14.470 56.049
38.281 17.178 58.576
37.363 15.458 61.831
38.120 12.178 63.554
35.115 12.491 65.855
31.991 14.588 66.112
30.544 14.595 69.664
26.932 15.566 70.473
25.770 16.403 73.972
22.168 15.221 73.388
20.678 12.553 71.181
17.347 12.069 69.432
14.644 9.947 71.074
13.295 6.638 69.888
9.964 8.305 69.207
11.418 10.958 66.896
13.433 8.320 65.024
10.443 5.985 64.572
8.355 8.912 63.285
10.915 9.628 60.598
11.217 5.999 59.500
7.467 5.496 58.991
6.250 5.278 55.367
3.092 7.095 56.497
5.149 10.180 57.329
5.734 10.560 53.581
2.177 10.084 52.298
-0.388 10.649 55.052
-2.805 13.523 55.542
-4.904 13.583 58.708
-4.596 17.373 70.006
-1.885 16.302 67.564
1.847 16.906 67.134
2.300 15.748 63.533
2.090 19.302 62.297
5.913 19.495 62.449
6.204 16.849 59.719
4.980 19.378 57.183
8.230 21.296 57.734
10.832 18.624 56.920
13.564 20.478 55.058
15.349 17.503 53.498
14.490 14.655 51.157
13.308 11.383 52.671
16.521 9.666 51.596
18.677 11.906 53.783
16.713 11.019 56.960
16.815 7.312 56.175
20.548 7.758 55.601
20.907 9.641 58.920
19.008 6.787 60.638
21.295 4.167 59.034
24.281 6.184 60.259
22.858 6.104 63.790
22.164 2.375 63.689
25.618 1.496 62.304
27.958 0.630 65.222
30.947 1.329 62.986
29.751 4.912 62.677
27.877 5.709 65.858
28.337 5.171 69.571
25.698 6.130 72.093
26.454 6.830 75.741
23.575 6.583 78.239
24.313 8.899 81.140
22.741 8.311 84.541
23.041 8.695 88.307
23.111 6.006 90.989
19.462 6.421 91.933
16.905 3.633 91.522
14.485 5.962 89.740
16.863 7.379 87.102
18.291 3.942 86.354
14.817 2.673 85.456
14.269 5.563 83.069
17.656 4.943 81.450
16.869 1.226 81.174
13.715 2.059 79.235
15.683 4.422 76.952
18.166 1.679 76.244
15.452 -0.737 75.143
13.792 1.819 72.895
17.004 2.790 71.112
18.201 -0.828 70.708
14.783 -1.799 69.316
15.393 0.818 66.594
18.896 -0.421 65.805
21.217 1.624 68.011
22.895 -1.302 69.691
26.284 0.312 70.211
25.547 1.583 73.707
27.600 2.389 76.785
26.444 3.244 80.301
28.217 5.987 82.197
27.105 6.481 85.812
27.909 10.076 86.842
28.224 11.906 90.169
28.980 8.815 92.257
29.899 9.457 95.922
33.386 8.107 96.692
33.274 5.741 99.702
35.989 7.741 101.452
33.509 10.584 102.012
31.121 8.127 103.696
33.385 8.293 106.736
32.218 10.221 109.782
28.857 11.472 108.485
25.374 9.996 108.596
24.092 11.538 105.344
27.184 10.831 103.240
27.000 7.307 104.649
23.283 6.937 103.954
23.818 8.267 100.441
26.930 6.195 99.750
24.894 3.260 101.025
21.912 4.095 98.800
23.915 4.387 95.579
25.921 1.269 96.373
22.803 -0.834 96.636
21.663 0.572 93.288
25.120 0.184 91.777
25.116 -3.490 92.761
21.484 -3.881 91.712
21.366 -2.172 88.322
18.179 -2.840 86.363
18.620 -6.120 84.474
18.312 -4.435 81.049
21.477 -2.366 81.654
23.473 -5.170 83.274
25.121 -6.322 80.065
26.229 -2.844 78.990
29.805 -1.658 79.409
29.582 0.572 82.493
31.998 3.253 83.735
31.514 5.430 86.801
32.535 9.057 87.264
32.980 10.477 90.760
31.163 13.509 92.105
33.346 16.639 91.825
33.556 19.346 94.516
33.095 22.137 91.961
30.961 22.462 88.845
33.725 22.067 86.234
34.336 25.432 84.579
37.696 24.823 82.903
39.859 22.234 81.117
41.648 21.072 84.262
38.323 20.706 86.072
36.752 18.936 83.106
39.633 16.517 82.647
39.623 15.718 86.375
36.153 14.269 85.744
37.566 11.256 83.838
39.748 10.310 86.820
39.480 6.652 87.831
40.320 7.572 91.430
39.088 10.426 93.711
