16.326 38.168 48.853
17.526 34.568 48.247
14.075 33.079 48.894
12.146 35.797 47.026
14.668 35.748 44.155
14.236 31.970 43.875
10.453 32.361 44.089
10.298 34.967 41.285
12.500 32.765 39.067
10.463 29.622 39.764
7.265 31.413 38.867
8.775 32.990 35.771
8.002 36.513 36.985
10.687 38.584 35.256
9.218 41.888 36.539
9.440 40.740 40.141
12.899 39.238 39.598
14.218 42.506 38.161
12.605 44.385 41.086
14.465 42.049 43.450
17.798 42.449 41.624
17.727 46.160 42.581
18.625 44.959 46.077
22.098 43.852 47.162
21.472 40.145 46.640
23.550 37.020 46.342
22.096 35.397 43.244
23.765 32.148 44.312
21.888 32.069 47.602
20.038 28.814 48.282
16.313 28.863 48.983
14.632 26.803 51.690
15.330 23.500 49.963
18.904 24.101 48.828
18.413 25.254 45.223
19.346 28.658 43.781
17.134 30.944 41.675
18.814 29.728 38.511
18.219 26.054 39.480
14.505 26.575 40.282
13.829 28.924 37.347
10.769 28.071 35.248
12.196 27.193 31.801
11.011 29.129 28.770
12.298 32.343 30.365
15.768 32.911 28.858
15.807 36.532 30.040
15.465 35.479 33.684
18.422 33.177 33.106
20.367 36.008 31.466
19.697 38.454 34.332
20.735 35.857 36.916
23.884 34.989 34.961
24.749 38.677 34.407
24.750 38.983 38.210
27.111 36.056 38.706
24.870 32.968 38.976
26.910 29.718 38.815
25.381 27.621 36.044
27.212 24.406 36.916
25.447 23.729 40.211
23.792 20.331 40.698
20.669 19.389 42.638
19.711 16.375 44.785
20.355 14.349 41.794
23.357 15.627 39.850
21.320 17.612 37.417
22.501 21.055 36.364
20.021 23.485 34.787
21.532 22.759 31.376
20.540 19.093 31.850
16.964 20.227 32.559
16.973 22.625 29.584
18.344 19.934 27.249
15.927 17.255 28.459
12.875 19.488 28.076
13.952 21.015 24.756
14.449 24.635 25.812
17.085 25.768 23.325
17.054 29.483 24.217
17.950 29.008 27.911
20.489 26.312 26.970
22.210 28.791 24.658
22.205 31.630 27.211
23.624 29.222 29.802
26.396 28.467 27.333
27.077 32.120 26.412
27.812 32.471 30.150
30.342 29.605 30.192
28.141 26.773 31.488
29.834 23.396 31.006
28.287 21.567 27.991
29.872 18.311 29.065
28.463 18.305 32.571
27.331 14.802 33.567
24.373 13.664 35.649
24.725 10.807 38.195
24.640 8.204 35.373
27.226 9.765 33.055
24.721 11.450 30.762
25.557 14.804 29.178
22.921 17.360 28.131
23.264 15.804 24.625
22.251 12.359 25.889
19.143 13.840 27.453
18.121 15.919 24.393
18.833 12.914 22.120
16.774 10.608 24.355
13.788 12.988 24.316
13.943 13.647 20.580
14.779 17.373 20.710
16.255 17.588 17.213
17.049 21.322 17.185
18.746 21.116 20.601
20.798 18.106 19.466
21.646 19.920 16.219
22.891 22.943 18.142
24.977 20.866 20.536
26.492 18.728 17.781
27.205 21.669 15.509
27.954 24.675 17.737
29.210 23.369 21.089
32.095 21.338 22.548
29.669 18.451 23.308
31.560 15.140 23.344
29.452 13.257 20.804
31.225 9.965 21.560
30.872 10.136 25.364
29.511 6.875 26.773
27.438 7.108 29.912
28.115 4.661 32.807
26.128 1.897 31.092
28.159 2.375 27.934
25.577 4.324 25.899
26.357 7.368 23.714
23.706 10.031 23.052
23.097 8.486 19.620
22.707 5.085 21.297
19.949 6.524 23.450
18.322 8.250 20.445
18.291 4.857 18.686
16.924 3.092 21.808
14.064 5.599 22.184
13.070 5.540 18.530
14.270 9.089 17.794
14.882 8.379 14.086
15.376 11.953 12.952
17.827 12.546 15.802
19.766 9.394 14.875
19.922 10.416 11.192
21.043 13.915 12.181
23.692 12.648 14.583
25.262 10.246 12.123
25.147 12.900 9.372
27.594 15.030 11.364
29.390 13.027 14.038
