14.332 0.917 49.256
15.295 4.245 50.712
17.821 6.947 49.888
21.431 6.602 51.010
23.834 8.365 53.327
26.102 10.769 51.436
28.895 8.272 52.113
27.271 5.118 50.747
25.874 7.070 47.806
29.314 8.220 46.646
30.480 4.625 47.024
27.714 3.121 44.961
28.396 5.715 42.275
31.989 4.504 42.083
30.479 1.282 40.723
27.910 2.857 38.452
30.898 4.643 37.002
32.970 1.564 36.201
29.949 -0.244 34.885
29.664 2.629 32.417
33.302 2.584 31.284
33.274 -1.184 30.868
30.288 -0.463 28.647
31.938 2.450 26.827
35.117 0.499 26.182
33.221 -2.470 24.798
31.179 -0.010 22.736
34.374 1.444 21.264
35.452 -2.047 20.234
32.062 -2.636 18.654
32.000 0.738 16.880
35.416 0.035 15.572
34.790 -3.554 14.465
31.759 -1.886 12.907
33.448 1.038 11.204
35.982 -1.530 10.067
33.920 -4.211 8.353
31.324 -1.821 7.067
30.076 0.710 4.551
29.524 3.184 7.399
