75.193 -34.439 -12.922
74.831 -33.553 -16.609
78.029 -31.506 -16.597
80.005 -31.443 -19.847
83.711 -30.981 -20.575
83.650 -27.190 -20.307
81.541 -27.168 -17.108
84.161 -29.398 -15.511
86.919 -27.203 -16.946
85.435 -24.117 -15.254
85.243 -25.844 -11.878
88.650 -27.478 -12.212
90.273 -24.180 -13.147
88.891 -22.453 -10.065
89.941 -25.424 -7.928
93.466 -25.894 -9.284
94.518 -22.425 -10.412
92.645 -20.310 -7.873
92.621 -22.650 -4.870
88.844 -22.737 -4.887
88.378 -19.000 -5.301
87.355 -16.324 -4.866
88.292 -15.399 -8.439
86.955 -12.494 -10.475
84.932 -13.013 -13.626
87.413 -11.291 -15.943
90.348 -13.196 -14.444
88.569 -16.530 -14.774
87.487 -15.715 -18.316
91.064 -14.772 -19.310
92.398 -18.030 -17.898
89.760 -20.036 -19.770
90.302 -18.118 -22.989
86.640 -17.162 -23.422
84.461 -14.037 -23.263
83.150 -13.144 -19.800
79.608 -13.106 -21.244
79.769 -16.699 -22.485
80.738 -17.610 -18.926
78.232 -15.673 -16.803
75.331 -15.906 -19.267
75.734 -19.417 -20.628
77.589 -21.722 -18.264
77.480 -20.175 -14.790
73.680 -20.058 -14.446
73.154 -23.800 -14.044
76.345 -24.188 -12.027
74.999 -21.647 -9.519
71.509 -23.176 -9.560
72.935 -26.697 -9.100
75.130 -25.620 -6.204
78.571 -26.183 -7.728
79.446 -22.465 -7.771
78.741 -19.448 -5.577
79.220 -15.699 -6.123
80.778 -13.366 -3.549
81.833 -9.679 -3.691
85.440 -10.785 -4.190
84.686 -13.327 -6.894
83.441 -16.766 -7.854
84.032 -19.699 -5.528
83.515 -23.473 -5.855
81.449 -25.327 -3.263
82.057 -28.543 -1.345
79.638 -30.297 -3.730
82.002 -29.375 -6.567
85.061 -30.853 -4.847
83.203 -34.070 -4.004
81.636 -34.520 -7.448
84.941 -34.091 -9.273
86.681 -36.228 -6.653
88.981 -33.539 -5.269
90.253 -33.696 -1.697
88.236 -31.109 0.219
90.670 -28.423 1.481
