47.112 -2.164 1.763
44.534 -2.941 4.459
42.488 -0.177 6.059
42.783 -0.307 9.841
44.261 -3.754 9.333
40.981 -5.256 8.143
39.082 -3.697 5.226
39.826 -3.480 1.518
38.901 -0.580 -0.751
39.510 -2.214 -4.139
35.785 -2.933 -4.527
34.555 0.391 -3.119
32.842 2.565 -5.725
32.667 6.365 -5.958
29.807 6.998 -8.399
29.863 10.784 -8.078
32.115 11.807 -11.017
32.965 15.118 -9.348
34.522 13.415 -6.315
35.873 10.182 -7.792
39.163 11.791 -8.858
39.797 13.171 -5.377
38.856 10.322 -3.034
41.928 8.172 -2.513
41.096 4.488 -2.196
44.661 3.274 -2.708
47.101 1.641 -0.252
49.277 4.069 1.716
43.294 11.999 -0.056
42.793 9.110 2.364
39.223 9.620 3.581
39.570 7.230 6.514
42.623 9.132 7.725
40.665 12.344 7.199
37.712 11.004 9.185
40.019 9.985 12.036
41.450 13.516 12.038
37.947 15.006 12.214
36.944 12.653 15.026
40.216 13.446 16.795
39.249 17.137 16.801
35.701 16.580 18.086
35.524 14.805 21.436
34.322 11.649 23.156
36.412 11.953 26.318
47.379 9.443 22.569
44.507 11.353 20.963
45.223 9.731 17.594
44.986 6.162 18.892
41.702 7.093 20.566
40.216 8.517 17.368
41.547 5.511 15.450
39.761 3.092 17.789
36.498 5.044 17.667
36.490 4.990 13.857
37.406 1.303 13.717
34.595 0.292 16.090
32.177 2.545 14.192
33.106 0.681 10.980
32.471 -2.708 12.618
29.056 -1.436 13.706
28.267 -0.006 10.260
29.142 -3.341 8.652
26.897 -5.284 11.036
23.973 -2.909 10.617
24.121 -2.474 6.844
25.824 -5.697 5.816
28.119 -3.618 3.594
31.796 -2.663 3.453
32.000 0.243 5.993
34.291 2.239 3.729
31.667 2.044 0.974
28.977 3.309 3.351
31.275 6.196 4.374
31.709 7.082 0.702
27.930 7.252 0.232
27.619 9.387 3.373
30.323 11.715 2.070
28.742 11.907 -1.378
25.397 12.785 0.207
26.840 15.247 2.727
29.167 17.104 0.355
27.523 20.373 -0.747
27.936 21.150 -4.450
28.213 24.875 -3.711
28.612 27.120 -0.676
28.248 30.768 0.349
30.271 33.530 1.974
28.676 35.999 4.395
29.285 39.738 4.190
27.659 41.546 7.118
28.360 45.139 6.099
26.484 48.002 7.718
23.490 46.684 9.616
22.629 43.675 7.466
24.477 40.446 6.699
24.440 39.284 3.087
24.831 35.848 1.504
26.828 35.223 -1.650
27.066 31.909 -3.489
30.646 30.750 -4.046
32.654 27.886 -5.508
33.581 25.049 -3.151
36.560 22.890 -4.101
36.384 19.069 -4.316
38.579 18.629 -1.236
36.694 21.236 0.767
33.434 19.445 -0.116
34.900 16.307 1.439
36.299 18.191 4.421
32.891 19.780 5.051
31.103 16.420 4.849
33.583 14.681 7.159
33.594 17.585 9.613
29.794 17.606 9.807
29.660 13.813 10.189
32.077 13.981 13.130
30.238 16.975 14.586
26.880 15.249 14.293
28.284 12.090 15.893
30.048 14.002 18.655
26.850 15.905 19.434
24.619 12.818 19.591
27.169 11.053 21.792
27.449 13.885 24.312
23.673 14.035 24.744
22.491 10.412 24.427
23.325 6.952 25.752
25.311 6.002 22.633
29.086 5.626 22.625
30.988 7.869 20.203
31.460 4.855 17.888
27.754 4.021 17.826
26.827 7.670 17.159
29.377 7.880 14.356
28.031 4.664 12.824
24.453 5.954 13.058
25.386 9.355 11.598
27.227 7.753 8.681
24.346 5.371 7.955
21.743 8.153 8.078
23.799 10.302 5.712
24.381 7.373 3.338
20.598 6.948 3.207
19.858 10.653 2.659
17.912 10.713 5.913
17.241 14.232 7.276
17.791 12.852 10.768
21.438 13.003 9.713
23.095 16.221 10.844
25.610 16.133 7.983
22.961 15.485 5.352
20.558 18.120 6.692
23.446 20.585 6.883
24.283 19.779 3.256
20.700 20.516 2.198
20.757 23.771 4.177
24.005 24.986 2.621
22.825 24.299 -0.938
19.422 25.840 -0.201
21.042 29.076 0.988
23.520 29.041 -1.923
20.883 28.459 -4.617
18.834 31.320 -3.164
21.832 33.639 -2.910
22.414 33.822 -6.653
