32.928 77.448 29.996
32.137 79.037 33.353
29.038 77.035 34.271
29.072 74.968 37.455
26.961 73.020 39.919
27.877 75.611 42.603
26.830 78.557 40.506
23.307 77.189 40.139
22.804 77.134 43.904
23.335 80.880 43.654
20.551 81.506 41.149
22.378 84.217 39.244
26.176 83.947 38.866
28.987 85.085 36.587
30.264 82.693 33.924
32.820 85.000 32.248
34.188 88.475 33.041
37.046 90.563 31.643
36.369 93.622 33.812
38.119 94.826 36.963
37.054 96.619 40.119
33.551 95.185 39.723
32.697 97.732 37.051
32.254 96.223 33.570
31.167 98.519 30.742
28.358 96.088 30.021
26.488 93.284 31.826
24.720 90.719 29.648
22.424 88.132 31.260
20.659 85.085 29.874
19.149 81.684 30.701
18.839 78.254 29.131
19.389 78.120 25.372
19.922 81.892 25.175
22.964 81.923 27.447
25.048 80.724 24.515
23.876 83.727 22.509
24.800 86.093 25.349
28.258 84.484 25.509
28.883 84.749 21.736
27.830 88.418 21.776
30.125 89.134 24.719
33.171 87.713 22.879
32.295 89.913 19.916
32.079 93.024 22.093
35.289 92.275 23.914
37.171 92.332 20.603
36.105 95.969 20.276
37.800 96.566 23.615
34.794 96.692 25.974
34.772 94.877 29.312
31.777 92.564 29.564
30.313 90.403 32.317
28.135 87.413 31.294
25.614 86.416 33.990
23.625 83.177 34.049
20.230 83.455 35.710
19.324 79.754 36.055
16.970 80.869 38.810
15.625 84.224 39.901
14.389 82.647 43.126
17.795 81.513 44.335
19.358 84.842 43.353
16.844 86.872 45.358
17.675 84.686 48.369
21.379 85.620 48.333
22.914 88.336 50.527
23.083 91.967 49.432
26.880 91.597 49.201
26.546 88.705 46.779
24.009 90.492 44.611
26.125 93.646 44.468
29.073 91.467 43.406
27.095 90.144 40.425
24.984 93.157 39.476
26.915 96.208 40.742
24.500 99.073 41.344
26.909 101.416 39.539
26.740 99.569 36.217
23.689 100.821 34.332
24.308 99.250 30.897
22.493 95.922 31.219
21.001 93.565 28.644
18.958 90.397 29.123
18.046 87.787 26.557
15.547 84.913 26.929
13.096 83.267 24.473
10.000 84.292 26.430
8.064 87.245 27.825
10.157 90.316 28.794
7.816 91.130 31.681
9.588 91.296 35.014
13.149 91.444 33.689
13.174 95.153 34.591
14.006 94.197 38.153
17.444 93.102 36.908
18.151 95.124 33.764
17.055 98.328 35.441
15.360 101.398 33.937
18.107 102.200 31.422
18.558 98.482 30.673
17.302 96.517 27.696
15.374 93.226 27.713
15.318 91.134 24.565
12.524 88.608 24.396
9.234 87.553 22.869
5.989 89.225 23.869
3.722 87.692 21.226
2.695 84.158 20.274
4.997 81.895 18.309
4.843 80.407 14.812
4.900 77.104 12.899
8.345 76.937 11.293
11.909 75.577 11.752
13.420 76.872 15.017
16.279 78.665 13.270
13.887 80.766 11.234
11.811 81.780 14.239
14.862 82.901 16.228
15.963 85.103 13.342
12.497 86.513 12.678
11.925 87.289 16.345
15.336 88.856 16.851
16.640 86.414 19.439
20.120 86.853 17.985
23.658 87.924 18.816
23.132 90.947 16.512
20.239 92.207 18.648
22.474 92.138 21.707
25.174 94.019 19.834
22.718 96.518 18.370
21.374 97.089 21.878
24.887 97.396 23.362
25.763 100.296 21.055
22.766 102.227 22.405
24.588 102.896 25.664
