25.865 4.599 8.007
25.411 5.493 11.726
27.011 3.426 14.508
24.044 1.640 16.096
21.568 0.363 13.434
19.543 -1.980 15.657
19.760 0.235 18.734
18.160 3.161 16.906
15.221 1.065 15.705
14.542 -0.248 19.205
15.456 3.012 20.896
12.976 4.679 18.561
9.861 2.758 19.571
10.648 3.905 23.136
11.114 7.574 22.218
7.942 7.761 20.128
5.998 6.517 23.141
8.018 8.897 25.307
7.631 11.767 22.867
5.206 14.346 24.254
6.409 17.955 24.605
9.835 16.656 25.680
12.954 18.605 24.699
16.728 18.912 25.069
18.280 16.035 23.123
20.961 13.803 24.617
20.958 13.229 28.388
17.164 13.473 28.092
17.485 9.841 27.089
20.405 8.730 29.292
17.960 9.566 32.082
14.930 7.950 30.443
16.922 5.022 29.046
18.912 4.343 32.220
15.578 4.441 34.051
13.697 2.756 31.214
15.661 -0.483 31.345
16.252 -0.375 35.097
12.616 0.062 36.134
11.173 -2.287 33.499
13.249 -5.210 32.081
10.328 -6.976 30.368
9.587 -4.448 27.623
12.740 -5.478 25.777
14.715 -7.522 28.327
18.110 -5.889 27.821
19.623 -4.192 30.921
21.778 -1.572 29.200
24.996 -0.378 30.917
25.597 3.296 30.112
25.170 3.721 26.358
25.110 7.193 24.801
22.006 8.926 23.432
23.328 10.040 20.053
21.808 6.967 18.435
18.419 8.315 19.451
19.149 11.878 18.386
20.415 10.357 15.172
17.048 8.900 14.243
15.062 11.617 16.012
16.877 14.061 13.737
17.018 11.837 10.662
13.349 10.856 11.040
11.520 12.786 13.773
12.809 16.108 12.408
13.608 18.950 14.819
