58.446 30.827 269.347
60.070 28.023 271.346
57.915 26.071 273.866
60.148 24.151 276.291
62.465 26.834 277.720
59.515 29.122 278.458
57.350 26.458 280.090
60.434 25.029 281.777
60.869 28.467 283.347
57.196 28.502 284.302
57.703 25.074 285.867
60.647 26.381 287.882
58.310 29.129 289.079
55.699 26.481 289.864
58.226 25.070 292.309
59.769 28.205 293.835
56.222 29.365 294.465
54.869 26.158 295.958
58.211 25.545 297.646
58.130 28.978 299.270
54.621 28.122 300.437
55.685 24.871 302.102
58.035 27.050 304.141
56.181 30.355 304.434
54.257 31.712 307.466
50.495 31.740 306.879
49.722 33.640 310.090
47.521 36.730 310.394
48.416 40.365 309.723
52.117 41.367 309.575
53.814 42.798 312.672
40.128 28.983 313.625
40.176 32.509 312.196
43.644 32.264 310.657
42.762 28.958 309.015
39.326 30.163 307.917
40.889 33.301 306.447
43.209 31.210 304.279
40.590 28.679 303.168
38.279 31.547 302.199
40.777 33.649 300.257
42.214 30.603 298.492
38.631 29.647 297.677
38.021 33.003 296.003
41.166 32.291 293.995
39.724 29.056 292.626
36.351 30.663 291.899
38.145 33.496 290.098
39.850 30.980 287.814
36.726 28.955 287.016
34.932 32.220 286.233
37.539 33.827 283.984
37.586 30.450 282.241
33.932 30.718 281.240
34.237 34.391 280.300
37.135 33.154 278.190
35.205 30.378 276.455
32.248 32.670 275.726
34.690 34.762 273.691
37.265 32.268 272.437
35.111 29.377 271.202
38.309 27.358 270.794
38.381 25.204 273.927
42.109 25.011 273.211
42.586 28.772 272.942
40.669 29.223 276.190
43.504 27.639 278.165
46.371 30.127 277.978
44.843 32.619 280.448
43.797 29.782 282.756
47.434 28.653 282.720
48.860 32.181 282.706
48.105 33.593 286.160
48.877 30.361 288.035
52.558 30.592 287.125
52.296 34.282 288.007
50.793 33.863 291.478
53.222 31.129 292.517
55.959 33.480 291.398
54.583 36.137 293.727
54.693 33.790 296.720
58.225 32.870 295.670
59.110 36.572 295.511
57.394 37.442 298.794
59.466 34.861 300.654
62.467 36.251 298.782
61.691 39.401 300.764
60.831 37.661 304.018
57.145 38.446 303.541
54.699 35.678 304.424
51.128 34.621 303.662
49.623 37.620 305.456
46.012 38.772 305.159
47.133 41.702 303.011
49.715 39.802 300.957
46.798 37.522 300.098
44.141 40.065 299.157
46.826 41.461 296.892
46.954 38.089 295.172
43.191 37.761 294.745
43.107 41.364 293.546
46.170 41.212 291.299
44.670 38.022 289.850
42.612 40.164 287.506
45.409 42.606 286.716
47.253 39.440 285.685
44.666 37.675 283.531
44.031 41.001 281.797
47.467 41.306 280.208
47.429 37.532 279.770
44.365 37.998 277.571
45.714 40.961 275.595
48.774 38.992 274.476
46.515 36.104 273.451
43.380 37.814 272.131
45.368 40.212 269.941
46.911 37.165 268.261
43.398 35.840 267.669
42.725 39.019 265.701
45.654 38.667 263.297
44.860 34.987 262.718
41.633 36.397 261.286
42.862 39.856 260.305
45.616 38.535 258.039
44.584 34.901 257.721
47.806 33.505 259.174
47.966 31.587 262.499
51.663 30.521 262.450
54.160 31.556 265.127
55.388 34.391 262.911
51.871 35.789 263.202
51.754 35.204 266.954
55.175 36.854 266.818
54.755 40.176 265.020
51.388 40.200 266.784
53.159 41.507 269.873
54.904 44.006 267.627
52.468 46.577 268.978
51.769 44.578 272.135
55.362 44.467 273.384
55.430 48.252 273.444
52.248 48.070 275.490
53.221 45.157 277.740
56.706 46.476 278.485
55.080 49.898 278.722
51.886 49.506 280.756
54.086 47.726 283.290
56.086 50.886 283.961
52.729 52.649 284.254
51.140 50.198 286.693
54.230 50.112 288.895
54.133 53.888 288.460
50.930 54.086 290.496
51.936 51.288 292.866
55.662 51.405 293.645
55.563 55.173 294.324
52.898 54.993 297.033
54.612 51.776 298.106
56.886 54.056 300.134
55.101 53.052 303.337
55.458 54.866 306.640
54.610 55.020 310.324
52.486 52.039 311.318
50.834 51.685 307.909
54.183 50.291 306.788
53.784 46.744 305.481
50.124 47.734 305.282
50.273 49.683 302.019
53.683 48.121 301.394
52.813 44.434 301.025
49.713 45.152 298.947
51.600 47.441 296.562
54.739 45.320 296.191
52.853 42.010 296.150
50.926 43.289 293.138
53.983 44.900 291.527
55.877 41.640 291.931
52.900 39.792 290.474
53.169 42.403 287.722
56.732 41.832 286.511
55.988 38.123 286.881
52.806 38.274 284.813
54.841 40.443 282.446
57.754 38.028 282.048
55.141 35.296 281.726
53.372 37.499 279.189
56.720 37.614 277.397
57.939 34.045 277.858
55.173 31.643 278.894
52.107 33.346 277.423
53.910 34.058 274.118
55.385 30.566 273.825
52.171 28.857 274.932
50.086 31.172 272.747
52.428 30.336 269.875
53.036 26.636 270.534
49.286 26.020 270.441
46.461 28.532 270.031
44.399 27.314 267.074
