38.292 -26.580 31.016
40.152 -24.398 28.503
37.150 -22.061 28.265
34.291 -21.125 30.554
31.649 -18.523 31.319
29.808 -17.201 34.360
26.625 -15.182 34.792
26.935 -11.795 36.486
23.998 -9.834 37.905
23.657 -6.202 39.045
22.414 -5.030 42.425
19.906 -2.156 42.677
20.628 0.661 40.194
23.485 -1.418 38.751
25.629 -0.261 41.687
27.798 -3.371 41.438
27.751 -6.786 39.794
27.976 -10.080 41.672
29.187 -13.389 40.245
29.041 -16.828 41.861
32.332 -18.678 42.262
33.512 -21.652 44.283
36.380 -21.226 46.745
37.440 -24.486 48.345
34.184 -26.280 49.159
32.178 -23.068 49.405
30.142 -21.145 46.838
29.774 -17.384 47.188
29.077 -14.240 45.208
32.082 -12.053 44.449
32.545 -8.673 42.756
34.723 -9.218 39.651
36.961 -6.138 39.670
39.246 -5.390 36.703
40.595 -2.496 38.752
41.922 -4.717 41.542
44.475 -7.544 41.714
43.163 -9.026 44.957
40.767 -11.905 45.502
39.344 -11.567 49.006
36.347 -13.234 50.632
34.112 -13.154 53.693
35.248 -16.184 55.677
34.813 -18.239 58.824
37.512 -15.961 60.262
35.342 -12.893 59.682
33.557 -12.013 62.956
30.160 -13.721 63.165
28.648 -10.291 63.782
30.288 -8.964 60.610
29.455 -11.820 58.214
25.855 -12.275 59.358
23.672 -13.009 56.336
26.648 -13.592 54.011
27.847 -16.708 52.221
31.430 -17.285 53.378
34.558 -19.363 52.872
35.789 -21.822 55.494
39.440 -22.920 55.000
39.244 -26.702 54.915
41.309 -29.747 53.970
42.312 -28.250 50.611
43.401 -24.907 52.079
47.084 -24.141 52.652
47.825 -21.072 54.730
50.538 -18.677 53.596
51.933 -18.111 57.081
52.818 -14.508 57.858
50.983 -13.077 54.863
48.519 -10.234 55.339
46.421 -7.997 53.126
44.512 -4.757 53.549
42.463 -2.654 51.147
41.085 0.817 51.850
38.335 2.561 49.902
37.389 6.187 49.313
34.217 6.319 51.403
36.390 4.941 54.191
35.313 1.314 53.867
38.071 -1.222 54.452
38.827 -4.934 54.682
41.866 -6.975 55.704
42.988 -10.367 56.965
45.294 -13.280 56.164
45.875 -15.580 53.193
45.410 -19.214 52.140
45.952 -20.950 48.826
42.913 -22.975 47.722
40.968 -24.152 44.690
38.982 -21.410 42.965
36.582 -22.328 40.169
34.947 -19.865 37.782
32.486 -21.441 35.365
34.493 -24.600 34.772
37.879 -22.873 34.776
39.797 -23.555 37.954
43.135 -23.223 39.686
43.847 -25.486 42.645
46.155 -23.178 44.592
44.867 -19.636 44.096
45.813 -17.130 46.784
42.562 -16.499 48.672
42.608 -13.453 50.945
40.495 -14.262 54.007
38.817 -11.275 55.661
39.404 -11.073 59.403
37.532 -7.765 59.494
35.368 -5.589 57.236
33.546 -2.255 57.529
29.845 -1.895 58.300
29.196 -1.078 54.636
30.524 -4.470 53.566
28.530 -6.224 56.275
25.320 -4.479 55.175
25.828 -5.473 51.524
24.783 -9.092 52.146
24.839 -10.106 48.466
28.518 -9.118 48.186
30.853 -11.710 49.721
34.149 -10.502 48.351
36.140 -9.458 45.317
37.835 -11.311 42.464
40.509 -9.033 41.070
41.210 -9.066 37.341
43.781 -6.263 37.149
47.502 -7.074 36.872
49.232 -9.025 39.659
51.744 -6.177 39.946
49.321 -4.350 42.239
48.198 -7.229 44.453
48.360 -5.957 48.058
49.489 -9.082 49.909
52.541 -8.572 52.120
55.346 -9.340 52.515
55.061 -11.038 49.115
52.351 -10.128 46.552
50.336 -12.967 45.009
49.267 -13.837 41.453
45.696 -13.108 40.360
43.300 -15.832 39.239
43.596 -14.829 35.580
47.393 -14.760 35.811
47.331 -18.305 37.221
44.963 -19.812 34.636
45.539 -17.837 31.438
48.131 -20.232 29.980
45.625 -23.077 30.325
42.918 -21.233 28.385
42.299 -21.602 24.647
43.328 -17.945 24.414
44.825 -15.764 27.209
41.773 -13.515 27.438
38.563 -12.840 29.351
35.597 -10.757 28.217
32.807 -8.881 29.946
29.260 -8.059 28.894
27.663 -6.432 31.936
24.030 -5.473 31.457
21.574 -2.891 32.731
19.093 -4.386 35.208
19.632 -7.858 33.730
21.936 -10.905 33.685
25.234 -10.475 31.858
28.359 -12.564 31.358
32.100 -12.945 31.875
33.819 -15.191 29.318
37.188 -16.815 29.999
39.446 -18.085 27.225
37.193 -17.165 24.302
34.799 -14.593 22.896
31.089 -15.372 22.618
29.744 -14.282 19.219
26.165 -14.445 20.519
26.904 -11.617 22.964
28.007 -8.928 20.506
27.527 -7.775 16.925
30.085 -7.022 14.254
33.794 -7.510 14.859
35.929 -6.692 17.897
38.044 -3.526 17.683
41.270 -3.525 19.708
43.462 -0.825 21.225
46.758 -1.148 23.125
46.727 -1.426 26.903
48.963 0.450 29.328
49.494 -1.750 32.381
52.280 0.358 33.924
50.030 1.232 36.865
48.621 -2.279 37.177
45.346 -1.375 35.467
43.830 -2.141 32.088
44.633 1.369 30.935
43.766 2.523 27.448
43.235 5.663 25.425
40.051 6.329 23.482
40.854 8.184 20.266
37.957 10.610 20.548
34.483 11.119 21.972
31.115 12.747 21.425
28.455 14.356 23.600
25.263 13.684 21.703
26.083 14.522 18.083
28.915 16.889 19.039
32.221 15.076 18.513
35.669 16.008 19.835
39.005 15.052 18.265
40.632 14.910 21.715
41.558 11.543 23.189
40.629 10.320 26.677
43.014 8.202 28.742
41.793 6.054 31.614
41.137 2.491 32.734
38.444 -0.127 32.120
37.167 -0.900 35.624
34.251 -3.266 36.234
34.604 -2.510 39.947
33.613 1.152 39.547
29.954 2.145 39.290
30.058 5.309 37.184
31.795 6.793 34.151
34.292 9.242 35.658
35.745 11.840 33.292
37.626 15.161 33.342
35.685 18.128 34.747
35.907 19.864 31.368
34.011 16.989 29.762
31.571 16.407 32.640
30.677 20.104 32.690
30.270 20.070 28.912
27.972 17.053 29.105
25.587 18.511 31.675
25.589 21.825 29.825
23.511 19.768 27.387
21.040 18.722 30.089
18.314 21.257 30.855
17.975 21.878 34.578
21.161 20.032 35.536
23.205 21.247 38.502
25.925 20.091 40.871
24.297 18.815 44.057
26.696 19.354 46.950
24.808 16.973 49.250
24.841 14.222 46.614
28.444 14.847 45.620
27.680 15.058 41.928
25.540 16.376 39.090
21.776 15.884 39.318
18.866 16.896 37.080
15.061 16.708 36.807
14.126 13.041 36.446
12.285 13.855 33.215
15.202 15.732 31.638
16.353 14.543 28.218
19.888 13.128 28.393
22.165 12.962 25.331
24.144 9.814 24.547
27.865 9.815 25.260
30.308 7.846 23.173
34.025 7.300 22.809
35.815 6.370 19.619
38.197 3.409 19.540
39.769 3.068 16.104
36.873 2.769 13.650
34.388 1.762 16.366
31.971 3.842 18.423
31.311 2.779 22.010
27.978 4.435 22.785
26.506 4.965 26.241
22.725 5.433 25.808
21.391 8.536 27.549
19.100 6.095 29.366
22.054 4.666 31.320
23.145 8.173 32.331
20.012 8.574 34.465
21.671 6.588 37.262
19.586 6.869 40.429
16.600 8.755 41.795
17.582 11.050 44.660
14.083 12.207 45.530
12.560 15.648 45.034
12.043 14.657 41.408
15.795 14.720 40.773
18.150 12.089 39.344
21.873 11.521 39.975
23.918 11.327 36.766
25.841 8.295 35.534
28.664 10.572 34.402
30.647 12.338 37.131
34.033 13.945 37.786
37.240 11.918 38.073
38.553 14.723 40.285
41.247 13.467 42.631
41.843 10.281 40.640
44.127 11.860 38.062
42.636 9.880 35.192
39.328 8.647 33.799
37.489 5.518 34.875
35.327 3.660 32.416
33.106 2.023 35.003
29.892 0.013 34.827
27.766 2.886 33.478
29.933 2.705 30.345
30.817 -0.994 30.308
27.199 -2.201 30.396
26.592 -1.169 26.781
29.715 -2.940 25.563
31.273 -6.368 25.062
34.847 -5.812 26.251
37.776 -8.155 25.663
40.726 -8.089 28.062
43.588 -9.686 26.109
46.779 -10.538 28.010
48.687 -10.799 24.726
49.865 -7.278 23.988
48.193 -6.494 26.232
45.144 -5.022 24.479
41.471 -4.159 25.010
38.742 -5.012 22.513
35.296 -3.465 22.091
32.110 -4.459 20.262
28.424 -3.527 20.556
26.299 -5.832 22.710
23.790 -7.927 20.784
