-15.512 16.051 7.727
-15.818 17.962 4.422
-17.135 16.244 1.263
-19.616 18.544 -0.530
-18.000 21.966 -1.099
-19.139 25.209 -2.783
-15.984 25.567 -4.895
-13.501 22.933 -3.633
-13.722 19.402 -5.088
-15.442 16.479 -3.309
-13.907 13.673 -1.201
-12.654 10.396 -2.735
-14.319 6.983 -3.233
-13.658 3.423 -1.985
-13.965 -0.284 -2.900
-17.262 -0.643 -0.980
-18.865 1.947 -3.303
-17.601 0.285 -6.516
-19.095 -3.044 -5.338
-22.702 -1.751 -5.385
-21.906 0.284 -8.535
-20.621 -2.814 -10.384
-23.223 -5.198 -8.896
-26.089 -2.828 -9.814
-24.920 -2.527 -13.450
-25.152 -6.341 -13.766
-28.766 -6.394 -12.479
-30.746 -4.840 -15.371
-29.373 -7.670 -17.575
-31.844 -10.007 -15.805
-34.125 -7.611 -13.859
-36.196 -5.438 -16.233
-39.300 -5.319 -13.992
-37.691 -5.205 -10.517
-37.136 -2.305 -8.081
-33.581 -2.689 -6.712
-33.146 0.417 -4.496
-29.813 0.968 -2.687
-30.904 -0.640 0.614
-32.818 -3.473 -1.087
-29.504 -4.280 -2.851
-26.701 -2.931 -0.603
-28.090 -5.316 2.059
-27.397 -8.353 -0.164
-24.073 -7.108 -1.612
-22.832 -6.661 1.987
-23.375 -10.395 2.642
-21.071 -11.236 -0.299
-18.574 -8.362 0.144
-18.166 -9.330 3.828
-17.547 -12.981 2.843
-15.465 -12.187 -0.294
-11.696 -12.815 0.023
-8.672 -10.673 -0.953
-8.448 -12.551 -4.294
-11.796 -11.028 -5.339
-11.896 -7.851 -3.204
-8.491 -6.930 -4.722
-10.313 -6.023 -7.969
-12.261 -3.319 -6.082
-9.388 -2.220 -3.796
-7.160 -1.481 -6.824
-9.855 0.665 -8.501
-10.601 2.654 -5.312
-6.940 3.516 -4.576
-6.474 4.617 -8.218
-8.915 7.517 -7.665
-8.118 7.999 -3.948
-4.519 8.951 -4.855
-5.639 11.267 -7.697
-7.215 13.552 -5.055
-3.797 14.035 -3.391
-2.442 15.572 -6.626
-5.354 18.019 -7.079
-5.521 20.552 -4.211
-2.244 19.726 -2.407
1.224 20.087 -4.027
