-55.413 127.843 26.027
-52.204 126.135 24.687
-51.414 129.466 22.966
-54.063 131.567 21.099
-54.826 130.247 17.535
-53.606 126.817 16.196
-50.948 124.292 17.400
-48.139 123.852 14.817
-44.500 123.795 16.021
-41.102 124.177 14.378
-37.997 122.199 15.246
-34.389 122.234 14.205
-32.206 119.267 13.520
-28.389 119.758 13.410
-25.253 117.758 14.181
-23.043 120.828 13.896
-21.749 120.134 17.384
-20.606 116.614 16.725
-23.833 115.648 18.487
-27.253 115.661 16.997
-29.580 118.164 18.530
-33.267 118.668 18.229
-34.478 122.044 19.356
-38.061 123.427 19.239
-37.226 126.782 17.667
-40.867 128.098 17.493
-44.360 127.143 18.692
-46.223 130.287 17.656
-48.662 130.918 14.816
-46.814 132.883 12.106
-43.197 131.620 12.046
-40.235 133.855 11.158
-38.416 132.802 7.986
-35.191 133.868 9.707
-35.493 130.607 11.718
-34.800 128.546 8.657
-31.025 128.083 8.553
-29.449 126.607 5.454
-27.015 124.296 7.267
-29.783 122.336 8.999
-33.000 120.411 8.585
-36.172 121.433 10.271
-39.391 119.621 11.019
-42.520 121.703 10.842
-45.002 119.642 12.795
-48.623 120.283 11.814
-49.294 116.650 12.586
-52.384 117.664 14.537
-54.412 118.658 11.528
-52.676 116.632 8.859
-49.193 117.191 7.564
-45.682 117.064 9.061
-43.182 118.719 6.694
-39.394 118.314 6.637
-37.263 121.151 5.266
-33.892 120.148 3.971
-31.529 123.122 3.849
-29.122 123.311 0.929
-25.939 122.806 3.045
-27.359 120.139 5.338
-25.984 116.592 5.612
-27.545 113.101 5.279
-27.572 112.264 8.965
-29.520 115.493 9.595
-31.945 114.528 6.810
-32.231 110.950 8.069
-32.724 112.245 11.635
-35.401 114.793 10.721
-37.350 111.874 9.283
-36.957 109.928 12.500
-38.184 112.773 14.734
-41.178 113.338 12.451
-41.973 109.697 13.293
-41.191 110.198 16.972
-43.756 113.062 16.824
-46.474 110.856 15.367
-45.822 108.308 18.201
-45.352 110.650 21.152
-48.431 112.784 20.181
-50.706 109.989 18.786
-51.440 111.444 15.314
-53.320 109.236 12.787
-50.359 106.907 11.852
-51.242 107.775 8.245
-50.229 111.426 8.582
-48.257 112.628 5.629
-44.522 113.308 6.096
-43.665 115.625 3.186
-39.965 116.426 2.585
-39.173 119.775 0.989
-35.746 120.812 -0.192
-34.810 124.458 0.230
-36.158 126.840 -2.402
-38.447 124.072 -3.626
-40.890 124.694 -0.734
-44.564 123.917 -1.201
-46.976 126.885 -0.984
-48.929 125.396 1.969
-45.661 124.854 3.825
-45.209 128.564 3.829
-46.910 128.877 7.247
-44.361 131.592 7.892
-44.733 135.319 8.437
-45.447 137.139 5.307
-42.966 137.299 2.758
-42.719 133.738 2.574
-43.191 134.141 -1.137
