25.312 21.077 35.150
23.294 17.865 34.753
19.589 17.265 34.245
17.375 14.268 33.469
13.845 13.430 32.326
12.209 10.024 32.931
9.730 9.369 30.123
6.547 7.568 31.150
3.144 6.949 29.625
0.407 4.352 29.191
1.320 3.425 25.605
4.207 1.002 26.179
6.817 3.722 25.616
9.264 4.697 28.369
12.844 5.871 28.732
15.396 8.259 30.169
16.865 11.423 28.664
20.002 12.932 30.179
21.361 16.443 29.657
24.775 17.861 30.404
26.042 21.408 29.896
29.322 22.836 31.230
28.511 26.518 30.893
25.774 28.614 29.311
27.480 29.318 25.968
28.569 25.718 25.417
26.569 22.942 23.698
24.325 20.769 25.827
24.909 17.015 25.325
21.589 15.166 25.116
21.634 11.386 25.480
18.609 9.110 25.455
17.403 5.544 25.726
13.741 4.956 24.870
11.963 1.581 24.625
8.603 0.403 23.310
8.482 2.479 20.116
7.449 1.237 16.698
10.470 -0.656 15.272
12.625 0.577 12.379
11.138 4.068 12.490
11.721 7.770 13.139
9.918 9.482 15.983
9.518 13.164 16.855
11.494 14.193 19.946
11.243 17.663 21.552
11.364 19.803 24.644
7.899 21.198 25.415
7.262 24.415 27.330
5.855 23.221 30.624
6.981 20.677 33.198
3.325 20.156 34.057
2.256 16.503 34.368
-1.292 17.107 35.659
-2.882 16.000 32.403
-0.795 13.183 30.914
1.527 14.612 28.263
-1.057 17.171 27.151
-0.186 19.620 29.936
3.446 19.828 28.718
2.030 22.363 26.287
3.619 23.261 22.899
7.234 22.988 21.724
9.462 25.274 23.805
9.776 28.333 21.548
10.801 31.494 23.462
12.061 33.139 20.256
8.788 32.624 18.386
10.265 30.828 15.406
8.641 28.150 13.245
9.195 24.425 13.817
12.276 23.017 12.069
15.057 20.445 12.059
17.758 20.666 14.809
20.273 21.798 12.202
17.987 24.543 10.830
18.753 28.126 11.956
14.983 28.675 12.073
13.626 26.185 14.621
12.037 26.069 18.079
14.602 25.904 20.888
13.020 22.554 21.817
13.296 20.913 18.392
15.327 17.703 18.647
14.073 16.221 15.353
13.524 12.480 15.029
15.093 9.663 16.964
15.624 6.413 15.005
14.278 3.190 16.491
15.803 -0.213 15.907
14.196 -3.591 15.084
13.262 -3.951 18.752
11.654 -0.494 18.975
14.595 0.985 20.888
15.932 4.492 20.267
19.333 5.149 21.825
21.848 7.868 21.080
23.296 11.271 21.940
23.937 14.602 20.242
25.119 18.118 21.027
22.913 21.153 20.766
23.625 24.865 21.097
20.046 26.177 21.533
19.046 23.793 24.339
20.513 24.959 27.653
20.377 24.013 31.324
21.648 27.461 32.358
20.221 30.948 31.762
16.827 32.467 30.775
16.123 29.715 28.218
16.992 26.856 30.576
14.950 23.736 29.974
15.199 22.678 33.624
11.592 22.425 34.825
10.204 21.913 31.310
9.342 18.586 29.610
10.692 16.133 27.070
8.114 14.463 24.803
8.656 11.414 22.549
6.061 11.168 19.783
4.244 8.283 18.122
4.856 9.687 14.632
7.644 11.048 12.440
8.503 14.744 12.600
8.374 16.258 9.075
10.877 18.890 10.222
8.641 21.790 9.242
8.897 20.763 5.600
5.287 19.639 5.177
2.633 21.355 3.077
0.906 22.643 6.204
0.598 25.371 8.782
0.643 22.404 11.181
4.056 21.363 9.849
5.384 24.716 11.028
3.958 24.132 14.511
4.437 20.486 15.495
6.100 18.927 12.453
3.017 16.671 12.283
4.687 14.373 14.823
1.337 13.227 16.172
0.506 11.705 19.619
2.663 11.913 22.753
2.955 8.336 24.100
5.461 9.326 26.794
6.914 12.390 28.487
8.813 13.503 31.570
9.596 16.706 33.459
13.274 17.765 33.241
14.832 17.854 36.704
18.185 18.966 38.027
20.521 16.180 39.128
24.248 15.608 39.637
