-8.178 3.109 8.719
-10.483 0.547 7.059
-8.656 -2.661 6.067
-11.772 -4.656 7.033
-14.106 -3.360 4.298
-12.145 -2.732 1.069
-11.772 -5.769 -1.236
-8.990 -7.070 -3.541
-9.389 -4.281 -6.147
-8.633 -1.712 -3.424
-5.679 -3.765 -2.224
-4.309 -3.405 -5.734
-5.657 0.145 -5.763
-3.585 0.539 -2.573
-0.657 -1.725 -3.678
-0.673 -0.397 -7.278
-1.793 3.247 -6.706
1.251 4.085 -4.560
3.450 1.516 -6.323
4.335 -0.522 -3.228
6.659 -3.426 -4.040
3.884 -6.022 -4.335
3.799 -9.184 -6.467
0.868 -11.624 -6.326
-1.881 -10.409 -3.976
-2.277 -13.750 -2.162
-3.826 -14.440 1.272
-0.480 -14.869 3.097
1.060 -11.597 1.817
-2.351 -9.882 1.916
-2.061 -7.891 5.172
1.656 -7.130 4.619
0.268 -5.044 1.711
-2.712 -3.573 3.545
-0.272 -2.929 6.406
2.621 -1.183 4.599
-0.066 1.081 3.341
-0.335 2.455 6.941
2.872 4.516 7.492
2.839 5.096 3.774
0.258 7.785 4.652
0.923 8.687 8.348
4.694 9.359 8.592
6.396 8.091 5.422
5.312 7.135 1.905
8.172 7.209 -0.652
11.280 9.209 0.360
13.073 7.191 -2.339
16.879 7.041 -2.110
18.327 10.146 -3.806
22.015 9.313 -3.171
22.515 6.165 -1.062
20.726 5.833 2.300
