10.776 11.984 -1.554
9.986 8.756 -3.445
8.157 5.504 -2.594
8.893 1.893 -3.622
5.755 -0.051 -4.626
5.724 -3.874 -4.559
3.375 -6.760 -3.669
4.412 -8.489 -0.418
4.610 -12.303 -0.596
5.022 -11.789 -4.361
7.066 -8.665 -5.177
6.161 -8.613 -8.892
6.188 -4.817 -9.336
8.954 -3.346 -7.144
8.403 -0.017 -8.936
9.313 3.152 -7.003
8.007 6.633 -7.888
7.366 10.061 -6.330
4.317 11.382 -4.443
5.170 12.615 -0.925
5.591 16.270 -1.974
3.968 17.781 1.142
0.508 16.597 2.255
0.701 13.208 0.495
1.929 9.792 1.698
2.106 6.179 0.456
-0.791 3.825 1.276
-0.259 0.044 1.392
-3.183 -2.302 2.149
-4.164 -5.965 1.675
-7.628 -7.146 0.566
-8.805 -10.559 1.822
-10.845 -13.153 -0.111
-10.675 -16.829 0.928
-7.972 -18.520 -1.180
-5.304 -15.779 -1.141
-4.977 -12.134 -0.034
-3.969 -9.330 -2.432
-1.707 -6.460 -1.297
-2.420 -3.122 -3.021
-0.171 -0.031 -3.089
-0.471 3.582 -4.300
0.468 7.039 -2.968
-2.234 9.566 -2.009
-3.733 11.250 1.079
-6.622 8.918 1.984
-6.054 5.922 4.293
-9.366 4.066 4.559
-9.773 0.867 6.618
-11.903 -2.303 6.416
-13.827 -4.829 8.550
-16.643 -6.543 6.616
-13.879 -8.347 4.687
-10.676 -8.119 6.761
-8.220 -6.115 4.626
-4.978 -4.642 6.024
-4.143 -0.913 5.915
-0.743 0.765 6.424
0.306 4.290 5.368
3.885 5.650 5.266
5.814 8.916 4.789
9.463 10.112 4.589
12.249 7.970 3.036
10.541 5.413 0.744
7.421 5.349 2.969
6.885 8.841 1.457
