-10.086 24.066 59.483
-11.998 22.887 56.428
-10.027 21.358 53.510
-7.322 19.224 55.058
-6.114 17.236 52.080
-3.264 18.818 50.135
-1.301 17.609 47.098
1.452 18.724 44.797
0.155 19.802 41.438
1.829 20.118 38.088
0.601 22.623 35.529
0.818 21.685 31.881
0.568 23.635 28.640
-1.047 21.308 26.097
-0.422 21.146 22.313
-3.227 22.189 19.954
-5.445 19.628 18.208
-3.273 19.952 15.120
0.049 18.916 16.633
-1.055 16.600 19.401
-1.458 13.497 17.195
1.929 14.061 15.599
3.398 13.987 19.132
1.341 11.052 20.364
2.291 9.124 17.233
5.974 9.596 17.970
5.600 8.931 21.696
3.706 5.701 21.096
6.338 4.658 18.537
9.308 5.308 20.799
7.767 3.738 23.930
6.914 0.648 21.921
10.557 0.283 20.993
12.175 1.373 24.235
9.367 0.452 26.605
8.116 3.190 28.892
4.761 4.435 30.276
2.083 6.110 28.190
1.455 9.833 28.815
0.118 12.833 26.894
2.299 15.418 25.187
2.693 18.448 27.401
5.001 21.294 28.272
5.313 21.724 32.024
5.095 25.310 33.142
4.885 24.881 36.916
4.997 22.471 39.867
3.321 23.647 43.074
4.058 22.838 46.699
1.218 21.404 48.771
-2.187 22.835 47.896
-5.767 22.027 48.913
-8.062 21.264 45.956
-9.715 24.599 46.414
-6.401 26.490 46.437
-5.252 24.640 43.305
-8.578 25.438 41.638
-8.174 29.139 42.367
-4.563 29.264 41.224
-5.541 27.404 38.106
-8.317 29.825 37.225
-5.928 32.765 37.751
-3.291 31.177 35.525
-5.811 30.300 32.849
-7.252 33.817 32.727
-3.903 35.569 32.776
-2.176 33.502 30.110
-2.834 33.733 26.385
-2.367 30.855 23.975
1.245 30.829 22.793
3.478 28.668 20.604
6.687 26.743 21.120
9.352 25.781 18.606
11.351 22.610 18.549
15.094 23.245 18.517
16.077 19.551 18.452
15.464 16.129 19.954
17.634 15.944 23.012
18.332 13.374 25.732
18.649 13.581 29.489
20.190 11.757 32.409
17.242 10.356 34.298
13.809 8.797 33.849
11.783 11.892 33.068
14.414 13.436 30.833
15.186 10.575 28.538
14.310 11.707 24.987
12.557 15.052 24.745
11.993 17.924 22.401
14.129 20.892 23.516
12.110 24.090 22.928
13.374 27.510 21.900
13.584 29.814 24.922
11.367 32.495 23.322
9.894 35.324 25.385
6.403 33.859 25.257
7.516 30.388 26.277
9.708 31.649 29.109
7.049 34.113 30.310
4.277 31.478 30.356
6.533 29.506 32.686
7.272 32.609 34.769
3.653 33.559 35.061
2.420 30.068 35.894
5.094 29.724 38.593
3.975 33.114 39.925
0.308 31.991 40.144
0.969 28.670 41.865
3.424 30.334 44.231
6.294 28.091 43.181
9.713 28.130 44.787
13.052 28.568 43.058
13.821 25.502 41.093
16.290 24.963 38.291
16.626 27.094 35.133
13.513 26.762 32.947
14.460 24.378 30.163
11.129 24.291 28.311
10.638 20.852 26.735
8.042 18.317 25.580
9.042 14.859 26.796
8.693 12.076 24.214
9.783 9.117 26.300
10.225 8.418 29.993
12.660 5.607 30.545
15.882 4.402 32.023
18.166 3.450 29.162
21.912 3.102 28.680
23.709 5.877 26.778
23.648 3.671 23.658
19.915 2.900 23.972
19.409 6.618 24.594
21.447 7.695 21.565
19.438 5.148 19.600
16.042 6.473 20.728
17.039 9.992 19.739
18.009 8.929 16.227
14.788 6.965 16.045
12.722 10.037 16.902
14.139 11.705 13.803
13.772 8.544 11.760
10.081 8.525 12.717
9.748 12.275 12.168
12.633 13.904 10.251
11.139 17.408 10.314
11.042 17.803 14.085
13.730 20.454 14.117
12.205 23.885 13.826
8.698 22.563 14.274
6.399 25.144 15.874
3.223 24.161 17.676
0.444 25.892 19.529
-0.152 25.546 23.290
-3.795 26.476 23.618
-4.831 24.714 26.839
-3.506 24.250 30.380
-4.105 21.130 32.419
-4.119 20.995 36.230
-2.549 17.694 37.222
-2.090 15.853 40.513
1.362 14.328 40.069
3.669 12.331 42.310
6.571 13.938 40.483
8.614 10.889 41.567
6.182 8.115 40.548
7.746 6.386 37.526
4.611 4.360 36.765
2.736 7.586 36.211
-0.139 5.843 38.005
-0.578 8.700 40.484
-0.558 11.169 37.564
-4.117 12.495 37.151
-5.522 15.470 35.253
-7.954 17.438 37.416
-9.006 20.323 35.233
-8.290 21.674 31.792
-8.766 25.178 30.515
-8.724 26.900 27.161
-6.276 29.731 26.789
-7.454 32.795 24.879
-5.733 33.536 21.544
