-5.565 -2.021 5.930
-6.988 -3.847 2.936
-3.940 -5.230 1.114
-5.385 -4.371 -2.276
-3.663 -1.053 -2.868
-1.991 -2.634 -5.874
1.246 -0.833 -5.100
4.220 -1.648 -2.905
6.359 0.420 -0.567
9.761 -1.186 -0.154
11.167 2.286 0.385
8.200 3.502 2.396
6.605 5.309 -0.522
3.502 3.459 -1.648
3.423 6.249 -4.204
-0.278 5.460 -4.269
-3.228 7.771 -3.581
-5.082 7.337 -0.310
-2.872 4.361 0.460
-1.506 3.034 3.730
2.029 1.771 3.247
2.075 -1.231 5.551
4.931 -3.106 3.923
5.725 -4.971 2.051
2.696 -3.718 0.157
0.552 -0.688 0.896
-3.107 -0.956 1.824
-6.310 1.045 1.563
