-11.979 -46.844 -69.855
-8.562 -47.269 -71.514
-6.308 -45.900 -68.748
-2.845 -45.162 -70.188
-1.180 -42.219 -68.408
-3.294 -41.451 -65.332
-2.252 -38.472 -63.176
-2.614 -39.212 -59.444
0.422 -38.458 -57.245
0.286 -39.221 -53.512
0.016 -36.225 -51.151
-0.604 -37.355 -47.567
-0.524 -34.283 -45.297
-2.898 -34.592 -42.315
-2.674 -32.251 -39.302
-2.905 -33.495 -35.697
-1.858 -31.477 -32.623
-4.137 -31.399 -29.557
-1.503 -31.951 -26.840
-3.474 -33.833 -24.160
-1.485 -34.504 -20.965
-2.624 -34.029 -17.347
-1.084 -36.503 -14.870
-2.681 -35.391 -11.578
-2.229 -31.759 -10.476
-0.178 -29.859 -13.081
0.289 -26.422 -14.684
1.105 -23.306 -12.622
2.501 -19.774 -13.042
2.467 -16.392 -11.262
5.300 -14.435 -12.923
4.738 -10.749 -13.706
4.807 -9.284 -17.238
1.674 -11.173 -18.339
-1.589 -9.824 -19.801
-5.056 -10.657 -18.426
-8.686 -9.473 -18.590
-10.357 -7.960 -15.505
-13.119 -5.528 -14.485
-12.404 -1.829 -13.846
-13.330 0.028 -10.638
-12.794 3.532 -9.200
-11.647 4.408 -5.661
-8.958 6.501 -3.928
-8.802 8.529 -7.164
-6.911 5.684 -8.875
-8.469 2.612 -10.530
-8.955 -0.979 -9.326
-8.893 -4.262 -11.277
-11.169 -6.982 -9.859
-10.541 -10.552 -11.064
-13.981 -12.208 -11.214
-13.917 -16.025 -11.056
-11.138 -16.290 -8.449
-13.316 -14.789 -5.694
-10.945 -12.959 -3.317
-8.554 -11.544 -5.944
-8.502 -7.727 -5.728
-5.898 -5.709 -7.657
-5.172 -1.971 -7.939
-4.769 -0.255 -11.323
-2.323 2.675 -11.304
-0.697 2.264 -14.726
2.552 1.538 -12.867
2.084 4.909 -11.124
2.669 4.371 -7.387
3.792 8.024 -7.400
1.806 11.192 -8.194
-1.647 10.913 -9.809
-3.041 12.253 -13.105
-6.858 12.026 -13.067
-8.235 14.330 -15.787
-10.969 12.479 -17.715
-14.534 12.560 -16.345
-15.386 10.076 -19.125
-13.236 7.423 -17.410
-15.782 7.609 -14.563
-18.615 6.362 -16.811
-16.358 3.782 -18.522
-15.180 2.305 -15.186
-16.410 -1.266 -14.612
-15.949 -2.189 -18.303
-13.679 -5.221 -18.832
-10.243 -4.640 -20.398
-6.815 -6.302 -20.698
-4.048 -4.942 -18.439
-0.558 -6.071 -17.365
0.155 -7.686 -13.977
2.771 -6.009 -11.760
2.822 -8.577 -8.929
0.002 -10.901 -7.822
0.481 -12.215 -4.263
-3.146 -13.115 -3.454
-6.021 -10.800 -2.409
-3.950 -7.659 -3.037
-2.163 -7.343 -6.398
-0.442 -4.521 -8.311
-1.710 -3.637 -11.805
-0.316 -1.471 -14.616
-2.414 -0.688 -17.713
-0.465 0.075 -20.907
-1.446 2.549 -23.648
