-7.704 -12.459 31.357
-9.602 -14.070 34.218
-8.158 -16.039 37.132
-9.173 -19.712 37.521
-11.376 -18.673 40.462
-13.137 -16.003 38.350
-13.694 -18.418 35.400
-15.153 -20.978 37.799
-17.558 -18.359 39.291
-18.625 -17.241 35.775
-19.135 -20.845 34.605
-21.103 -21.775 37.734
-23.513 -18.797 37.761
-23.963 -19.029 33.950
-26.096 -22.176 34.534
-28.467 -20.056 36.649
-28.317 -17.045 34.268
-29.077 -19.252 31.237
-32.126 -20.678 33.034
-34.424 -22.558 30.694
-34.153 -20.135 27.729
-30.392 -19.846 27.189
-30.460 -16.395 28.783
-33.055 -14.956 26.332
-35.029 -13.145 29.057
-31.831 -11.599 30.511
-30.997 -10.321 27.007
-34.389 -8.673 26.531
-34.170 -6.910 29.916
-30.537 -5.846 29.281
-31.220 -4.114 25.961
-34.679 -2.784 27.029
-33.280 -1.021 30.069
-30.173 0.156 28.162
-32.208 1.908 25.455
-34.763 3.367 27.960
-31.886 4.880 29.938
-29.994 6.029 26.847
-32.711 6.914 24.270
-30.136 8.135 21.728
-28.863 4.507 21.490
-32.043 3.336 19.688
-30.759 4.950 16.461
-27.366 3.206 16.830
-29.109 -0.201 16.888
-31.711 0.745 14.264
-34.656 0.243 16.702
-37.738 2.444 17.121
-37.318 2.398 20.900
-37.138 0.083 23.894
-40.327 -1.777 22.926
-39.239 -2.625 19.345
-39.656 -6.460 18.677
-35.997 -6.419 17.573
-34.855 -5.750 21.175
-36.047 -9.181 22.354
-34.658 -10.857 19.225
-31.227 -9.306 19.483
-31.099 -9.684 23.309
-31.404 -13.467 22.865
-28.559 -13.542 20.267
-26.257 -11.527 22.574
-26.821 -13.840 25.532
-26.486 -16.985 23.370
-23.092 -15.648 22.178
-21.970 -14.949 25.779
-22.926 -18.603 26.511
-20.500 -19.668 23.754
-17.814 -17.313 25.154
-18.332 -18.867 28.638
-17.757 -22.375 27.185
-14.380 -21.217 25.723
-13.174 -19.206 28.745
-10.398 -21.708 29.601
-8.819 -21.099 26.174
-8.341 -17.346 25.950
-7.108 -17.240 22.351
-10.153 -19.260 21.223
-12.601 -16.982 23.064
-10.880 -13.832 21.718
-10.803 -15.147 18.117
-14.559 -15.846 18.148
-15.520 -12.487 19.656
-13.123 -10.673 17.317
-15.076 -12.257 14.403
-18.363 -11.052 15.954
-16.677 -7.603 16.185
-15.723 -7.544 12.488
-19.405 -8.200 11.645
-20.429 -5.164 13.758
-18.662 -2.825 11.263
-21.761 -3.282 9.051
-24.453 -3.252 11.817
-27.001 -0.620 12.953
-26.075 2.962 12.026
-22.577 1.522 11.200
-20.955 3.884 13.681
-20.810 1.666 16.766
-18.289 3.230 19.135
-16.135 1.673 21.845
-17.657 4.132 24.371
-21.048 2.431 24.107
-19.930 -0.910 25.553
-19.284 0.204 29.132
-22.954 1.327 29.909
-24.191 -1.854 28.142
-22.100 -3.903 30.617
-23.824 -2.205 33.560
-27.304 -3.068 32.131
-26.197 -6.677 31.547
-25.020 -7.272 35.138
-28.203 -5.663 36.475
-30.392 -7.964 34.298
-28.368 -11.016 35.469
-28.910 -9.987 39.108
-32.634 -9.485 38.465
-32.788 -13.130 37.327
-30.569 -14.959 39.852
-30.964 -12.657 42.918
-28.649 -13.405 45.830
-26.477 -15.709 43.675
-25.231 -12.556 41.938
-23.125 -11.661 44.966
-19.956 -9.473 45.185
-17.617 -12.220 43.872
-20.058 -13.037 41.039
-20.311 -9.338 40.088
-16.509 -8.883 40.066
-15.931 -12.011 37.949
-18.666 -11.062 35.455
-17.350 -7.471 35.240
-13.940 -8.988 34.397
-15.454 -11.477 31.900
-17.561 -8.744 30.234
-14.416 -6.553 29.975
-12.595 -9.303 28.013
-15.564 -10.427 25.866
-16.492 -6.866 24.813
-12.768 -5.920 24.616
-12.245 -8.704 22.045
-15.375 -7.628 20.083
-14.143 -3.982 20.066
-10.741 -5.111 18.713
-12.565 -6.829 15.802
-14.717 -3.702 15.301
-11.591 -1.523 15.102
-9.413 -3.933 13.069
