3.786 2.569 5.778
3.683 -0.057 3.061
5.954 -1.598 0.465
4.701 -0.553 -2.885
6.494 -0.929 -6.257
6.161 2.716 -6.964
4.009 5.840 -6.636
1.601 4.043 -8.954
0.869 1.466 -6.300
-0.148 4.205 -3.946
-2.731 4.959 -6.613
-4.325 1.526 -6.380
-4.130 1.613 -2.598
-5.887 4.973 -2.750
-8.542 3.851 -5.235
-9.279 1.040 -2.803
-8.977 2.903 0.465
-10.998 5.813 -0.841
-13.150 3.275 -2.635
-14.208 1.606 0.551
-11.712 -1.071 1.143
-9.257 -1.976 3.893
-5.529 -2.673 4.294
-5.292 -6.322 3.298
-7.692 -5.783 0.426
-5.771 -2.687 -0.517
-2.539 -4.657 -0.248
-3.924 -7.312 -2.555
-5.072 -4.492 -4.843
-1.693 -2.767 -5.143
0.385 -5.800 -4.379
2.241 -3.906 -1.668
3.480 -5.272 1.564
1.668 -4.344 4.778
4.242 -3.482 7.450
3.346 -3.256 11.136
5.923 -0.594 11.759
7.932 2.215 10.236
10.165 -0.227 8.373
9.940 -2.314 5.245
11.687 -5.418 3.801
13.312 -5.800 0.384
9.889 -5.607 -1.165
10.264 -2.212 -2.839
9.398 0.200 -0.092
7.719 2.624 -2.422
