131.392 28.617 -13.250
129.465 28.132 -16.531
125.829 28.467 -17.629
125.984 26.160 -20.650
127.797 22.857 -21.151
128.199 20.260 -23.905
126.816 16.786 -23.380
127.883 13.676 -25.259
125.414 11.309 -26.894
125.292 7.529 -26.699
125.644 5.493 -29.882
123.647 2.321 -29.178
125.416 -1.007 -29.705
124.564 -2.753 -32.990
126.340 -3.841 -36.168
129.269 -1.534 -36.993
127.227 -0.441 -40.021
124.205 0.825 -38.069
126.428 2.446 -35.439
128.276 4.370 -38.150
124.911 5.539 -39.455
123.595 6.712 -36.078
126.895 8.454 -35.355
126.392 10.418 -38.568
122.847 11.466 -37.641
123.849 12.456 -34.092
126.721 14.509 -35.489
124.317 16.158 -37.919
122.218 16.989 -34.859
124.990 18.894 -33.108
126.573 16.125 -31.022
130.332 16.206 -31.596
131.111 13.918 -28.673
129.762 10.380 -28.751
129.869 7.775 -25.993
130.360 4.131 -26.921
129.841 1.146 -24.657
132.505 -1.541 -25.151
133.935 -4.548 -23.331
130.934 -6.826 -23.819
131.875 -8.600 -27.032
135.409 -9.550 -28.063
137.970 -6.806 -28.673
137.907 -7.487 -32.419
134.215 -6.598 -32.472
134.649 -3.355 -30.507
137.456 -2.166 -32.771
135.458 -2.976 -35.920
132.522 -0.976 -34.555
134.699 2.023 -33.702
136.478 1.774 -37.065
133.230 1.929 -39.031
132.144 5.001 -37.059
135.408 6.763 -37.867
135.023 5.806 -41.533
131.816 7.873 -41.559
132.452 10.956 -39.434
136.244 10.960 -39.452
138.009 13.142 -36.888
134.850 15.275 -36.794
133.927 13.886 -33.377
135.421 12.883 -30.059
134.896 9.318 -28.893
134.461 8.357 -25.236
134.412 4.670 -24.369
132.963 2.946 -21.318
134.144 -0.648 -20.836
131.883 -1.076 -17.796
134.449 -3.302 -16.015
134.364 -5.740 -18.942
138.110 -6.305 -19.255
140.912 -7.761 -17.184
143.876 -5.389 -16.735
146.279 -7.106 -19.158
143.396 -7.558 -21.594
142.391 -3.888 -21.338
145.937 -2.686 -22.022
146.026 -4.825 -25.167
142.622 -3.603 -26.348
143.400 0.061 -25.708
146.807 -0.144 -27.384
145.310 -1.874 -30.415
142.849 0.994 -30.670
145.506 3.701 -30.690
147.650 1.648 -33.067
144.677 1.764 -35.428
144.582 5.540 -35.039
141.077 5.404 -33.596
141.894 8.423 -31.438
139.892 7.467 -28.344
139.311 10.439 -26.012
139.159 8.309 -22.892
138.185 4.930 -21.550
135.886 4.654 -18.574
136.351 1.862 -15.974
138.143 -0.789 -18.076
138.497 -3.244 -15.177
136.523 -4.541 -12.207
135.478 -1.812 -9.769
137.429 -3.051 -6.753
140.600 -3.851 -8.701
142.401 -0.557 -8.112
145.814 -2.075 -8.770
144.446 -3.334 -12.067
142.908 0.032 -12.948
146.272 1.659 -12.194
148.106 -0.835 -14.402
145.925 0.126 -17.367
146.387 3.810 -16.532
150.209 3.566 -16.524
150.387 1.401 -19.657
148.306 3.428 -22.106
148.533 6.970 -23.454
144.758 7.100 -23.457
143.243 8.705 -20.381
141.549 6.257 -18.032
138.480 7.398 -16.103
137.304 5.812 -12.878
133.557 5.366 -12.579
132.301 2.420 -10.521
135.630 2.404 -8.630
134.637 5.742 -7.106
131.298 6.265 -5.377
132.339 8.216 -2.289
134.970 10.860 -1.470
136.885 8.305 0.591
137.140 6.038 -2.442
138.106 9.094 -4.519
140.869 9.800 -2.035
142.216 6.244 -2.401
142.138 6.408 -6.216
143.847 9.818 -6.249
146.304 8.770 -3.534
147.427 5.753 -5.577
147.181 7.616 -8.882
145.111 4.762 -10.269
143.180 6.858 -12.785
143.563 9.977 -14.930
139.992 11.150 -14.473
136.948 10.506 -12.270
133.299 10.222 -13.324
130.968 11.557 -10.620
127.314 10.540 -10.335
124.901 11.830 -7.681
123.328 8.392 -7.141
126.744 6.928 -6.320
127.836 9.782 -4.059
124.541 9.900 -2.220
123.966 13.402 -3.488
125.676 16.715 -4.094
127.608 17.175 -0.842
129.664 14.046 -1.546
130.043 14.930 -5.232
131.506 18.295 -4.232
134.009 16.594 -1.948
135.137 14.244 -4.725
135.630 17.090 -7.199
137.486 19.171 -4.612
139.942 16.342 -3.801
140.409 15.594 -7.494
141.087 19.266 -8.224
143.672 19.453 -5.447
145.418 16.566 -7.242
145.183 17.996 -10.767
142.565 15.440 -11.751
139.587 16.724 -13.757
136.141 15.145 -13.416
133.113 14.353 -15.536
129.553 14.168 -14.324
127.214 11.506 -15.607
124.057 9.838 -14.327
121.892 6.726 -14.315
118.712 6.325 -16.395
116.903 9.440 -15.150
114.461 12.107 -16.333
115.246 15.810 -16.688
114.834 16.308 -12.926
117.779 14.138 -11.886
119.833 15.386 -14.810
118.945 18.978 -13.926
120.276 18.411 -10.409
123.511 16.874 -11.738
123.920 19.622 -14.372
123.622 22.310 -11.707
126.442 20.674 -9.756
128.528 20.101 -12.900
128.041 23.636 -14.248
129.207 25.199 -10.979
132.702 23.717 -10.890
135.790 24.691 -12.890
137.410 21.256 -12.393
134.404 19.500 -14.005
135.113 19.635 -17.753
133.108 16.808 -19.339
129.398 16.042 -19.175
127.370 12.935 -19.917
123.726 13.991 -19.750
121.881 12.270 -22.594
119.535 10.192 -20.429
116.533 12.542 -20.826
116.986 12.373 -24.601
116.284 8.641 -24.365
112.730 9.065 -23.099
109.577 9.220 -25.221
108.064 12.030 -23.162
109.454 14.725 -20.871
107.321 14.514 -17.739
108.767 17.602 -16.068
108.295 21.320 -16.609
111.347 23.532 -16.149
114.941 22.583 -15.411
117.687 22.588 -18.049
116.983 23.017 -21.763
118.633 21.324 -24.753
119.642 22.937 -28.042
121.410 20.219 -29.948
124.249 19.143 -27.659
124.172 22.393 -25.680
122.545 22.283 -22.253
121.480 25.635 -20.791
121.039 26.241 -17.068
117.678 27.663 -15.926
117.749 31.014 -14.140
115.194 30.903 -11.311
116.252 29.991 -7.730
116.959 26.342 -7.020
116.821 23.587 -9.637
114.355 25.396 -11.869
111.935 22.480 -11.959
108.391 23.842 -11.808
106.591 20.521 -11.559
104.908 17.968 -13.814
104.542 18.808 -17.516
101.523 21.012 -18.273
