-28.730 112.804 26.860
-28.998 109.701 24.687
-29.237 107.042 27.399
-31.883 108.865 29.418
-33.989 109.373 26.275
-33.799 105.709 25.298
-34.723 104.646 28.847
-37.711 106.982 29.250
-38.781 106.034 25.735
-38.621 102.345 26.683
-40.803 102.992 29.751
-43.525 104.090 27.335
-42.869 101.316 24.834
-43.000 98.571 27.441
-46.621 99.541 28.122
-47.203 98.997 24.409
-45.608 95.547 24.390
-47.589 94.550 27.475
-50.730 95.541 25.546
-49.710 93.478 22.505
-49.200 90.526 24.876
-52.685 90.893 26.374
-54.087 90.726 22.843
-52.255 87.503 21.989
-53.326 86.001 25.319
-56.940 87.063 24.739
-57.030 85.460 21.276
-55.566 82.298 22.802
-58.213 82.161 25.560
-60.972 82.846 23.012
-59.829 79.990 20.783
-59.467 77.574 23.705
-62.902 78.286 25.173
-64.757 78.012 21.853
-62.990 74.774 20.958
-63.532 73.191 24.383
-67.300 73.813 24.243
-67.654 72.144 20.837
-65.125 69.323 21.114
-66.479 66.167 22.714
-64.491 63.472 24.505
-65.871 60.652 26.628
-69.427 61.681 25.789
-69.362 65.381 26.639
-67.784 68.776 25.833
-64.238 69.289 27.145
-65.686 72.009 29.410
-67.208 69.241 31.546
-63.776 67.916 32.501
-62.676 69.406 35.832
-59.095 69.723 34.600
-60.045 71.837 31.580
-62.061 74.137 33.853
-59.090 74.703 36.182
-56.888 75.551 33.192
-59.331 78.106 31.795
-59.612 79.555 35.298
-55.845 79.968 35.595
-55.635 81.424 32.089
-58.345 84.022 32.742
-56.839 85.002 36.091
-53.376 85.514 34.570
-54.796 87.643 31.754
-57.078 89.881 33.821
-54.253 90.422 36.342
-51.895 91.424 33.543
-54.454 93.848 32.098
-54.936 95.642 35.432
-51.160 96.075 35.821
-50.961 97.402 32.253
-53.836 99.833 32.761
-52.285 101.108 36.006
-49.046 101.877 34.170
-50.862 103.563 31.272
-52.838 105.740 33.697
-49.796 106.761 35.747
-48.166 107.912 32.515
-51.287 109.936 31.685
-51.327 111.499 35.167
-47.658 112.464 34.844
-46.510 110.242 37.696
-43.433 107.984 37.780
-44.224 104.680 36.073
-40.944 102.913 35.294
-41.525 100.107 37.807
-45.219 99.768 36.933
-44.360 99.651 33.246
-41.799 96.897 33.795
-44.274 94.886 35.912
-46.998 95.058 33.260
-44.610 94.090 30.458
-43.209 91.156 32.469
-46.529 89.795 33.726
-48.274 90.237 30.372
-45.536 88.607 28.289
-45.153 85.615 30.603
-48.943 85.228 30.678
-49.044 85.207 26.867
-46.655 82.264 26.549
-48.377 80.255 29.316
-51.877 80.967 28.007
-51.002 80.392 24.360
-49.257 77.182 25.477
-52.407 75.895 27.178
-54.524 76.815 24.165
-52.469 74.431 22.030
-52.791 71.819 24.782
-56.573 72.120 25.013
-56.831 71.805 21.214
-54.734 68.641 21.265
-53.562 67.517 17.843
-55.463 70.416 16.293
-53.274 72.775 18.309
-50.123 71.641 16.509
-51.224 72.245 12.910
-51.406 75.377 10.796
-55.148 74.870 10.189
-55.730 76.539 13.568
-54.195 79.823 14.847
-53.106 78.406 18.208
-49.556 77.583 17.099
-49.156 81.054 15.608
-50.210 82.571 18.944
-47.546 80.457 20.653
-44.877 81.645 18.209
-45.906 85.330 18.375
-46.085 85.323 22.183
-42.486 84.123 22.591
-41.048 87.434 21.388
-42.830 89.491 24.063
-40.573 87.890 26.683
-37.517 89.150 24.819
-37.666 92.517 23.048
-37.798 95.967 24.659
-35.995 94.356 27.559
-35.917 90.660 28.410
-37.852 89.364 31.409
-34.562 89.170 33.345
-33.982 92.890 32.757
-37.538 93.819 33.748
-36.931 91.972 37.013
-33.733 93.947 37.652
-35.580 97.202 36.974
-38.382 96.271 39.376
-35.995 95.321 42.200
-34.041 98.561 41.800
-37.148 100.700 42.281
-38.622 98.449 44.941
-35.470 98.779 47.045
-35.255 102.516 46.387
-38.726 102.952 47.901
-37.543 101.088 51.006
-34.390 103.190 51.403
