-16.217 8.311 -6.124
-13.156 8.937 -4.354
-10.310 6.599 -3.478
-7.573 6.719 -0.864
-4.066 6.047 -2.110
-1.233 4.409 -0.213
2.297 5.733 -0.589
5.622 4.160 0.392
6.308 5.352 3.896
9.046 4.305 6.005
12.059 5.748 4.469
13.109 9.229 3.721
13.043 11.128 0.564
16.534 10.592 -0.397
17.796 7.473 1.196
17.374 3.887 0.116
13.956 2.674 -0.965
12.064 -0.436 0.138
10.602 -3.448 -1.652
7.292 -5.168 -1.023
7.590 -8.338 1.045
3.929 -9.357 1.008
1.204 -8.718 -1.563
-2.375 -9.851 -0.941
-4.249 -7.716 -3.473
-4.398 -6.949 -7.194
-5.586 -4.259 -9.605
-9.370 -4.058 -9.725
-9.439 -6.288 -6.644
-11.182 -5.603 -3.347
-9.551 -5.661 0.082
-10.855 -6.867 3.437
-10.172 -6.281 7.122
-8.165 -9.492 7.095
-6.759 -9.070 3.595
-3.881 -6.601 3.828
-2.855 -4.608 0.758
0.925 -4.292 0.747
3.665 -5.103 3.230
7.248 -3.856 3.148
10.224 -4.763 5.321
13.444 -2.796 5.679
16.662 -3.534 7.534
15.691 -0.693 9.799
12.047 -1.463 10.480
9.223 -3.596 9.128
5.941 -2.053 8.039
2.677 -3.798 7.235
-0.311 -2.123 5.603
-3.618 -3.459 6.861
-7.085 -2.551 5.650
-9.289 -2.345 8.731
-12.184 -2.314 6.251
-13.219 -3.542 2.819
-12.023 -1.390 -0.047
-11.692 -1.493 -3.820
-8.201 -1.557 -5.346
-7.964 -0.427 -8.965
-4.241 -0.460 -9.761
-0.965 -1.741 -8.341
2.421 -0.831 -9.784
4.900 -2.159 -7.228
5.183 -5.874 -6.478
7.027 -8.156 -4.086
10.192 -7.422 -6.077
9.683 -3.745 -6.918
10.871 -0.930 -4.657
8.778 2.039 -3.666
9.951 5.574 -2.965
8.599 8.031 -0.437
6.818 11.046 -1.795
4.483 9.475 -4.309
1.414 7.207 -4.014
1.607 3.689 -5.315
-1.931 2.305 -5.150
-5.468 3.701 -5.141
-8.102 2.053 -2.958
-11.616 2.942 -1.855
-12.000 2.848 1.919
-14.019 4.648 4.577
-12.618 8.009 5.638
-9.406 7.207 7.418
-7.156 9.641 9.229
-4.311 8.040 7.534
