47.173 65.640 -16.487
43.560 65.942 -17.695
41.810 62.580 -17.219
40.041 62.435 -13.846
41.420 59.870 -11.393
39.838 56.397 -11.668
38.156 54.783 -8.678
40.760 52.919 -6.630
43.408 55.546 -7.351
45.611 56.287 -4.357
46.571 59.850 -3.400
48.587 61.427 -0.606
47.583 64.670 1.066
49.779 67.630 0.220
48.243 69.901 2.879
45.736 69.725 5.693
42.102 69.981 4.698
39.537 71.259 7.172
36.359 70.908 5.137
34.159 73.523 3.549
30.848 71.695 3.907
29.244 68.869 5.892
29.944 66.500 2.996
33.674 67.083 2.990
36.243 64.562 4.194
38.888 66.314 6.292
42.419 64.991 6.245
45.946 65.759 7.373
49.005 66.403 5.246
50.505 63.016 4.508
47.294 61.013 4.711
46.737 58.432 1.968
43.242 58.584 0.455
41.639 56.203 -2.004
39.490 57.650 -4.767
35.883 56.448 -4.725
34.712 58.684 -7.598
35.009 62.125 -9.212
32.009 64.392 -8.628
30.117 66.546 -11.116
32.773 69.176 -10.383
36.169 67.983 -11.762
37.835 69.836 -8.890
36.198 67.641 -6.237
36.308 63.884 -5.551
34.702 61.430 -3.204
37.478 59.572 -1.392
38.002 57.075 1.418
40.511 57.315 4.312
42.400 54.544 6.168
39.593 54.271 8.678
36.869 53.890 6.072
35.287 57.352 6.380
34.188 58.754 3.035
33.620 62.268 1.800
34.331 64.999 -0.723
37.945 66.181 -1.081
39.510 68.839 -3.336
41.770 67.447 -6.057
44.312 70.244 -5.750
45.031 69.138 -2.172
46.116 65.594 -3.017
48.787 64.020 -5.176
48.275 60.815 -7.157
50.716 58.168 -6.012
52.373 55.904 -8.540
55.366 53.754 -9.367
58.706 55.382 -10.064
59.813 54.317 -13.523
63.490 55.215 -14.342
65.915 52.695 -12.783
69.158 54.435 -13.983
68.030 57.368 -16.041
