22.311 -2.554 22.859
21.983 -0.218 25.828
18.273 -0.081 26.621
17.272 1.507 29.936
14.403 0.485 32.198
12.743 3.822 31.439
12.896 3.107 27.704
11.216 -0.266 28.230
8.476 1.358 30.318
7.990 4.128 27.751
7.883 1.624 24.898
5.326 -0.466 26.794
3.056 2.567 27.166
3.597 3.513 23.523
2.633 0.034 22.313
-0.379 -0.066 24.636
-1.708 3.207 23.239
-0.890 2.331 19.629
-2.892 -0.894 20.013
-5.719 0.943 21.762
-6.051 3.309 18.821
-5.859 0.742 16.046
-2.344 1.405 14.757
-1.212 -1.856 13.135
2.493 -2.565 13.609
4.646 -4.615 11.248
7.079 -5.027 14.142
9.045 -3.159 16.790
12.798 -2.968 16.370
15.648 -2.265 18.746
18.136 -0.528 16.457
21.177 1.460 17.572
19.709 1.214 21.061
16.461 2.921 20.037
12.965 1.376 19.958
11.180 1.732 16.613
7.495 0.870 16.269
7.161 0.403 12.517
3.657 0.927 11.160
2.440 -1.738 8.746
-0.333 0.562 7.577
1.130 4.038 7.174
-1.491 6.654 7.984
-1.328 10.402 7.382
2.267 10.010 6.250
3.462 8.556 9.558
5.999 5.755 9.188
7.070 5.031 12.736
6.868 6.051 16.381
10.149 5.953 18.279
11.494 5.849 21.837
15.093 7.005 21.573
17.968 6.715 24.022
18.654 10.435 23.540
15.578 11.053 25.673
13.107 11.906 22.919
9.985 10.268 21.545
9.950 10.797 17.807
7.499 10.511 14.962
9.101 9.823 11.589
6.883 10.671 8.645
6.850 11.672 4.997
5.030 14.597 3.390
2.676 15.097 6.337
-0.050 17.728 6.032
0.823 21.103 7.531
-2.373 21.286 9.576
-1.546 17.851 10.993
1.974 18.946 11.929
0.426 21.984 13.626
-1.554 19.742 15.966
1.693 18.102 17.091
3.665 21.328 17.528
0.614 22.573 19.423
1.278 19.994 22.154
4.990 20.740 22.401
6.661 18.760 19.636
9.629 20.180 17.765
9.552 19.663 14.005
12.092 19.538 11.199
11.077 19.115 7.569
13.885 17.801 5.369
14.543 18.685 1.737
13.286 15.259 0.656
9.974 15.816 2.422
10.704 13.598 5.424
9.319 15.002 8.656
10.867 14.543 12.087
8.751 15.385 15.130
10.434 15.235 18.551
9.393 15.743 22.176
10.889 14.727 25.513
9.775 11.322 26.759
7.302 11.287 29.665
4.068 9.407 30.354
2.182 12.646 29.755
3.836 13.414 26.434
3.597 9.876 25.086
-0.121 9.912 25.862
-0.633 13.348 24.309
1.302 12.471 21.150
-0.572 9.255 20.403
-3.882 10.941 21.173
-3.153 13.583 18.532
-1.970 11.011 15.988
-5.230 9.112 16.549
-7.475 12.137 15.959
-5.814 13.105 12.668
