42.644 -1.520 2.913
42.934 1.477 5.220
39.569 1.902 6.929
38.293 4.882 8.909
35.746 3.863 11.576
33.299 6.760 12.017
30.873 6.328 14.897
27.816 8.437 15.674
24.064 8.386 16.305
23.357 9.635 12.787
19.895 10.557 14.037
19.788 11.914 11.452
22.929 11.885 9.262
23.620 15.358 7.852
26.075 17.285 5.652
28.452 17.909 8.553
28.924 14.140 8.833
29.553 13.736 5.115
31.982 16.658 5.084
33.988 15.461 8.106
34.144 11.915 6.698
35.369 13.069 3.281
38.009 15.321 4.822
39.362 12.538 7.049
39.379 10.074 4.136
41.505 12.431 2.056
43.667 13.803 4.849
44.509 10.469 6.475
44.975 8.856 3.073
42.308 6.275 3.874
40.455 4.061 1.397
37.014 3.994 2.989
35.079 5.557 5.837
32.655 3.298 7.656
29.646 5.008 9.241
28.931 2.948 12.364
25.534 3.673 14.037
25.806 3.325 17.811
23.751 0.817 19.765
20.731 2.221 21.582
21.770 2.607 25.254
13.878 3.399 15.591
17.211 2.067 14.359
15.503 1.003 11.132
15.008 4.641 10.129
18.525 5.792 11.081
19.961 3.007 8.921
17.835 3.880 5.896
18.793 7.569 6.137
22.479 6.590 6.404
22.209 4.415 3.303
20.661 7.393 1.493
23.226 9.839 2.859
26.289 7.900 1.700
24.976 6.538 -1.611
26.707 9.286 -3.568
30.158 8.500 -2.216
31.751 5.152 -3.218
34.266 5.507 -0.390
31.531 5.558 2.270
30.265 2.283 3.685
27.728 1.337 6.329
28.903 -0.737 9.318
26.128 -2.243 11.447
28.105 -4.389 13.904
26.633 -2.533 16.899
23.101 -3.312 15.646
23.693 -7.103 15.951
21.902 -9.206 18.579
24.287 -9.513 21.546
26.558 -7.149 19.633
29.380 -5.016 21.120
28.857 -1.442 22.334
32.140 -0.526 24.065
34.853 0.656 21.652
37.389 -1.961 22.751
34.841 -4.750 22.154
33.586 -3.315 18.861
37.055 -2.727 17.470
38.288 -6.128 18.590
35.475 -7.820 16.661
36.051 -5.680 13.577
39.792 -6.428 13.599
38.917 -10.131 13.757
36.539 -9.872 10.808
39.028 -7.851 8.767
42.467 -9.212 9.806
44.284 -8.049 6.696
43.114 -4.451 6.742
44.355 -1.449 8.718
41.595 0.099 10.855
41.532 3.642 12.248
39.216 5.105 14.880
37.936 8.680 14.472
37.445 10.893 17.555
37.639 14.572 18.408
41.285 15.557 18.804
40.485 17.008 22.242
38.723 13.925 23.576
41.856 12.808 25.425
43.726 16.120 25.717
42.932 16.535 29.420
43.434 12.957 30.616
46.444 11.960 32.787
48.526 8.834 32.064
46.102 5.896 31.878
46.869 2.329 30.756
43.262 1.556 29.889
43.478 4.352 27.334
46.960 3.345 26.161
45.588 -0.144 25.629
42.783 1.174 23.445
45.221 3.332 21.470
47.529 0.384 20.771
44.572 -1.717 19.679
43.894 0.601 16.741
45.284 3.799 15.206
43.264 6.800 16.398
42.644 9.838 14.202
41.925 13.116 15.940
39.664 15.556 14.113
40.186 19.254 14.799
39.586 22.713 13.344
42.185 24.240 10.983
45.045 25.671 13.004
44.668 25.495 16.790
47.023 23.035 18.470
46.372 19.895 20.463
48.667 19.014 23.341
48.042 15.302 23.834
50.966 13.030 24.882
49.473 10.326 22.653
49.829 8.761 19.171
46.917 10.137 17.132
47.070 11.096 13.477
45.319 14.425 13.042
42.821 15.632 10.469
41.909 19.292 10.062
38.250 19.712 9.154
36.574 23.041 8.306
34.080 23.972 11.003
30.496 23.213 9.934
28.149 24.027 12.826
25.490 21.426 12.100
24.484 18.536 14.371
21.721 15.935 14.586
20.268 17.813 17.548
19.911 21.106 15.655
18.411 19.270 12.696
15.791 17.466 14.776
14.819 20.749 16.455
14.530 22.368 13.024
12.197 19.637 11.777
10.141 20.065 14.946
10.022 23.849 14.661
9.433 23.610 10.906
12.639 25.551 10.174
14.554 25.079 6.861
17.111 22.283 6.543
18.369 23.216 3.078
22.156 22.985 2.728
22.344 21.265 6.136
21.150 17.756 5.190
21.059 15.794 1.916
17.864 16.172 -0.086
17.196 12.425 -0.011
17.396 12.480 3.782
14.908 15.330 4.066
12.683 13.400 1.696
12.837 10.343 3.947
12.144 12.350 7.077
9.072 13.969 5.606
7.704 10.793 4.030
7.893 8.972 7.351
6.875 12.011 9.388
9.932 11.846 11.627
11.259 14.377 14.134
8.054 16.407 14.319
7.716 15.515 18.003
