-25.089 13.562 -5.092
-22.427 12.212 -7.463
-20.901 8.756 -7.874
-17.981 7.876 -10.119
-16.482 4.565 -11.258
-12.681 4.781 -11.598
-10.187 1.948 -12.141
-6.431 2.341 -12.480
-4.385 -0.048 -14.586
-0.785 -0.332 -15.778
-0.166 -1.273 -19.418
2.879 -2.855 -21.014
3.592 -1.887 -24.589
6.433 -3.363 -26.658
7.349 0.076 -27.943
8.011 2.848 -25.477
5.290 5.296 -24.442
4.446 7.382 -27.505
5.508 4.878 -30.163
2.877 5.074 -32.908
0.798 2.248 -34.339
-0.598 -0.974 -32.935
1.532 -1.786 -29.892
1.674 -5.460 -28.790
1.559 -6.632 -25.178
5.107 -6.909 -23.850
5.521 -9.802 -21.409
9.093 -8.890 -20.395
8.125 -5.377 -19.253
5.142 -6.798 -17.322
7.284 -9.282 -15.371
9.795 -6.514 -14.617
6.908 -4.269 -13.550
7.898 -1.433 -15.911
4.739 -0.220 -17.634
4.732 2.326 -20.458
1.205 3.562 -19.631
-0.622 3.922 -16.270
-4.187 5.093 -16.799
-7.642 5.507 -15.325
-10.286 3.616 -17.259
-8.115 2.010 -19.971
-6.917 4.965 -22.057
-4.862 8.128 -21.735
-7.478 10.874 -21.269
-10.382 8.443 -20.864
-11.574 10.711 -18.012
-10.063 14.049 -19.030
-10.666 16.898 -21.435
-13.980 16.322 -23.154
-14.347 13.156 -21.074
-13.856 14.860 -17.718
-16.206 13.933 -14.883
-18.738 16.658 -14.011
-20.475 17.944 -10.865
-21.820 21.232 -9.452
-20.416 23.242 -6.542
-21.853 22.021 -3.244
-22.459 18.434 -4.362
-21.329 15.455 -2.301
-19.063 13.126 -4.279
-18.112 9.476 -3.839
-15.596 7.683 -6.033
-15.414 3.887 -6.175
-11.730 3.428 -6.927
-10.396 0.147 -8.191
-6.884 -0.875 -9.132
-6.788 -3.674 -11.666
-3.016 -3.681 -11.658
-1.547 -5.997 -12.838
1.359 -4.700 -10.744
1.266 -1.101 -9.580
-0.076 0.143 -6.262
-1.722 3.541 -6.337
-1.139 6.541 -4.076
-4.571 7.897 -5.088
-5.154 11.622 -4.697
-7.431 14.363 -6.053
-5.601 17.637 -6.609
-7.379 20.466 -4.870
-9.450 18.149 -2.701
-9.241 16.174 0.540
-10.936 12.877 1.332
-13.514 13.477 4.072
-13.928 9.727 4.327
-12.027 6.711 3.052
-13.217 3.105 3.247
-9.729 1.734 3.941
-8.720 -0.770 1.251
-12.417 -0.956 0.374
-13.382 -2.550 3.665
-15.585 -1.458 6.599
-12.942 0.666 8.317
-13.340 4.384 7.735
-10.504 6.898 7.880
-11.041 10.690 7.600
-9.061 13.721 6.376
-6.718 11.731 4.138
-4.921 13.479 1.275
-3.669 10.339 -0.444
-4.782 6.659 -0.084
-3.146 3.418 -1.092
-5.208 1.355 -3.506
-3.702 -2.176 -3.508
-3.029 -4.026 -6.759
-6.170 -6.103 -7.168
-7.737 -3.923 -4.504
-9.877 -0.842 -4.051
-10.822 2.147 -1.961
-13.905 4.285 -1.549
-13.360 8.012 -1.053
-15.914 10.757 -0.477
-15.624 14.514 -0.542
-17.790 17.569 -0.947
-16.885 19.798 -3.864
-17.838 23.143 -2.326
-15.965 25.370 -4.782
-15.971 25.420 -8.616
-12.867 24.427 -10.558
-10.938 21.604 -12.185
-9.844 18.797 -9.874
-7.415 16.242 -11.213
-7.308 12.605 -10.162
-3.800 11.154 -10.091
-1.663 8.315 -8.826
0.664 10.446 -6.648
3.647 8.315 -7.579
3.747 11.498 -9.656
5.590 10.532 -12.829
2.852 8.005 -13.562
0.330 10.848 -13.505
2.157 13.457 -15.575
4.309 11.211 -17.754
2.434 7.928 -18.169
-1.240 8.959 -18.251
-2.564 8.413 -14.717
-4.526 11.661 -14.823
-8.265 12.265 -14.712
-10.374 15.403 -14.282
-13.518 16.377 -12.405
-14.892 19.707 -13.668
-17.044 21.549 -11.153
-19.329 24.378 -12.273
-20.901 26.872 -9.910
-20.095 30.094 -8.092
-16.799 31.094 -6.478
-16.220 31.325 -2.719
-13.102 33.465 -2.039
-13.302 32.671 1.683
-12.214 29.156 0.777
-9.692 30.208 -1.902
