-13.395 38.377 53.598
-14.105 37.272 57.200
-13.076 34.089 59.006
-15.853 31.531 58.751
-14.995 30.020 62.112
-14.427 32.885 64.531
-15.432 35.899 62.563
-11.870 37.215 62.739
-10.176 39.069 59.825
-9.719 36.348 57.286
-6.507 36.309 55.245
-7.760 34.144 52.406
-8.568 30.537 51.765
-6.976 27.862 53.847
-7.662 24.190 53.457
-10.475 25.245 51.154
-12.201 27.706 53.488
-11.937 31.442 54.134
-10.320 31.489 57.576
-8.124 33.760 59.699
-4.462 32.949 60.432
-5.296 31.396 63.778
-8.020 28.994 62.664
-5.649 28.071 59.874
-2.992 26.881 62.220
-5.488 25.414 64.652
-7.003 23.276 61.935
-3.706 22.037 60.611
-2.274 21.324 64.074
-5.447 19.606 65.267
-5.898 17.354 62.254
-2.203 16.598 62.073
-2.454 15.016 65.579
-6.021 13.651 65.136
-6.884 15.363 68.406
-10.367 14.518 69.601
-11.772 17.364 71.590
-14.631 17.283 73.986
-16.677 20.340 74.893
-16.798 21.657 78.534
-20.183 23.307 78.246
-23.124 22.365 76.056
-21.793 21.660 72.623
-22.716 24.768 70.701
-20.233 27.373 71.766
-20.947 30.585 69.876
-17.302 30.996 68.684
-15.709 34.408 68.434
-12.461 36.226 67.810
-11.966 36.342 71.587
-13.179 33.175 73.222
-12.173 31.058 70.237
-9.297 29.581 72.226
-11.582 28.142 74.975
-13.519 25.430 73.231
-11.462 23.449 70.825
-14.015 20.672 70.285
-16.436 23.305 69.038
-13.867 25.338 67.135
-12.741 22.279 65.230
-16.383 21.447 64.568
-17.238 24.914 63.276
-14.066 24.396 61.242
-15.236 21.334 59.424
-18.859 22.603 59.111
-17.436 25.646 57.270
-15.701 23.478 54.677
-12.080 22.935 55.708
-10.609 19.813 54.147
-8.054 17.937 56.191
-7.061 16.426 52.836
-5.473 19.708 51.875
-3.005 19.453 54.789
0.225 18.108 53.340
1.082 14.538 54.343
4.336 14.269 56.333
5.507 12.029 53.546
4.797 14.976 51.204
6.243 17.716 53.355
9.290 15.569 52.594
9.599 15.795 48.804
9.048 19.531 49.209
11.568 20.037 52.079
14.279 18.011 50.213
13.332 18.362 46.455
13.828 22.085 47.293
17.650 21.602 47.280
17.176 19.256 44.283
16.180 22.150 41.950
18.632 24.323 43.973
21.360 21.740 43.166
20.388 21.645 39.445
19.709 25.416 39.135
23.255 25.666 40.560
24.689 23.099 38.031
23.277 24.844 34.924
24.416 28.113 36.605
28.027 26.828 36.484
28.497 25.826 32.823
