11.499 -16.144 17.121
15.199 -16.658 17.812
15.628 -13.689 20.142
18.978 -12.548 21.536
18.364 -12.557 25.336
21.461 -10.392 25.752
20.359 -7.308 23.821
19.691 -4.361 26.162
16.299 -4.931 27.799
13.409 -2.723 26.770
9.888 -2.887 28.143
6.963 -0.739 27.027
4.845 0.081 30.095
1.125 -0.418 29.580
-0.195 0.235 33.088
1.132 1.234 36.510
-0.399 0.689 39.934
-0.152 0.906 43.696
-1.192 -2.637 44.647
-1.305 -1.934 48.386
-4.776 -2.468 49.874
-7.126 0.527 50.448
-6.533 1.648 54.020
4.403 -4.520 54.290
4.008 -1.529 51.962
5.205 -2.801 48.573
6.709 -0.599 45.868
4.959 0.531 42.713
4.156 -2.016 40.022
4.620 -1.635 36.257
2.706 -3.866 33.828
3.959 -4.036 30.249
5.544 -5.823 27.295
9.218 -6.728 27.065
10.168 -6.207 23.413
13.896 -6.829 23.619
16.268 -8.574 25.998
15.087 -9.729 29.396
14.347 -8.538 32.920
15.612 -10.186 36.090
14.740 -9.775 39.759
17.399 -7.545 41.297
17.998 -5.659 38.055
18.543 -1.918 38.333
16.249 -0.181 35.831
15.713 3.334 34.478
12.292 4.639 33.423
11.819 7.352 30.775
10.489 9.980 30.310
10.051 9.646 34.054
8.469 11.728 36.789
6.894 15.093 35.947
7.816 18.176 37.962
7.411 21.912 37.577
10.195 24.354 36.754
9.517 28.017 36.045
5.844 27.215 35.575
6.490 24.524 32.970
6.374 20.734 33.106
9.645 18.800 32.894
10.329 15.072 33.263
13.081 13.408 35.261
14.054 9.830 34.379
13.923 7.673 37.487
15.952 4.645 38.551
14.747 1.788 40.737
15.199 -1.943 41.310
13.087 -4.937 40.323
11.772 -6.753 43.389
9.363 -9.122 41.672
8.283 -10.345 38.242
4.953 -11.902 37.291
4.493 -13.659 33.956
2.221 -16.447 32.775
0.219 -16.345 35.990
3.194 -16.855 38.309
6.079 -15.086 40.010
9.349 -15.689 38.180
12.991 -14.731 38.587
13.394 -13.751 34.931
10.900 -12.511 32.304
11.067 -12.236 28.503
9.148 -11.058 25.410
5.675 -12.551 25.149
2.557 -11.834 27.153
2.058 -9.291 29.906
4.747 -8.899 32.573
4.148 -7.365 35.989
7.211 -5.644 37.406
7.425 -5.034 41.134
9.820 -2.198 41.942
11.071 -0.255 44.964
9.358 2.886 43.699
7.130 4.857 46.039
3.601 3.625 45.088
2.619 7.291 44.977
4.623 7.593 41.748
2.960 4.647 39.981
-0.600 4.927 41.289
-3.278 5.568 38.677
-1.194 4.696 35.605
1.150 7.656 36.042
3.824 5.651 34.235
1.695 4.148 31.466
3.443 4.840 28.185
6.924 4.999 29.709
9.838 2.815 28.608
11.918 0.607 30.922
15.544 -0.357 30.349
18.912 -0.716 32.055
20.588 2.560 33.115
22.364 4.161 30.173
20.764 1.813 27.667
17.397 3.370 26.846
16.188 5.188 23.741
16.315 9.031 23.676
13.492 11.269 24.918
