19.096 5.115 22.243
16.583 5.665 19.460
16.137 4.016 16.018
13.278 3.911 13.509
11.086 0.789 13.337
11.651 -0.111 9.670
14.488 -0.353 7.159
13.292 2.780 5.320
13.829 6.216 6.859
10.647 7.546 5.285
7.177 6.123 4.593
5.818 5.659 1.095
3.061 7.866 -0.224
-0.222 6.125 0.674
1.231 4.451 3.775
-0.832 4.867 6.931
1.484 5.942 9.737
1.164 6.411 13.504
1.904 9.961 14.592
1.959 12.034 17.747
0.422 15.491 17.386
3.002 17.945 18.712
1.569 21.377 17.865
-1.109 23.259 15.893
-0.310 26.072 13.428
-2.032 27.996 10.616
-1.084 25.553 7.835
-1.920 22.471 9.905
-0.761 20.248 12.728
2.854 19.252 13.183
3.302 15.651 14.178
6.127 13.185 14.890
6.097 9.910 12.974
6.459 7.376 15.798
7.631 4.553 13.507
10.247 6.679 11.768
12.312 7.899 14.710
10.061 10.903 15.292
10.702 12.720 12.051
8.313 15.598 11.499
5.262 15.610 9.339
2.365 17.994 8.904
-1.295 17.172 8.706
-2.559 19.720 6.205
-5.246 21.934 7.710
-7.781 20.754 5.103
-7.073 17.145 6.085
-7.519 17.412 9.848
-5.595 17.460 19.774
-2.025 18.025 20.965
-0.584 14.960 22.669
-2.830 12.382 21.007
-1.564 9.491 18.875
-3.305 9.186 15.507
-3.156 7.145 12.290
-2.858 9.323 9.185
-2.149 8.686 5.529
0.963 9.904 3.765
-0.071 12.323 0.977
3.195 13.744 -0.297
6.857 13.347 0.508
9.835 15.352 -0.691
13.061 14.062 0.860
15.144 16.766 -0.798
12.871 19.565 0.377
12.293 17.767 3.707
8.477 17.693 3.732
5.982 14.981 4.667
2.337 15.941 4.143
-0.318 13.880 5.854
-4.096 13.438 6.048
-6.287 12.282 8.955
-9.508 12.817 6.960
-8.619 10.114 4.402
