0.563 34.148 -9.965
2.676 37.113 -10.999
6.321 36.181 -11.758
8.922 34.814 -11.765
10.887 37.879 -10.697
14.676 37.758 -10.330
16.442 38.322 -6.974
16.152 41.932 -5.789
15.351 44.151 -2.825
11.988 45.949 -2.933
9.060 47.054 -0.755
6.251 44.555 -1.302
2.655 45.668 -0.851
0.941 44.544 2.299
-1.454 41.564 1.987
0.514 39.862 -0.761
2.460 36.648 -0.416
5.968 36.649 -1.840
6.327 32.976 -2.999
10.031 32.068 -3.084
11.478 29.298 -5.215
15.079 28.671 -4.026
17.250 26.117 -5.735
20.080 25.882 -3.232
20.397 25.586 0.484
21.180 28.900 2.196
19.543 32.279 2.806
16.238 32.569 0.929
14.887 35.986 1.894
15.596 38.628 4.512
13.824 41.782 5.685
14.005 44.279 8.529
12.331 47.456 9.786
15.781 48.563 11.205
14.274 48.910 14.694
12.587 45.924 16.351
12.541 43.178 13.735
15.015 41.356 11.555
13.940 38.148 9.824
15.975 35.941 7.496
14.743 32.587 6.235
17.369 29.913 5.721
16.799 26.687 3.750
18.508 23.678 5.304
19.011 20.460 3.411
17.396 17.192 4.479
19.087 15.219 7.254
21.463 17.410 9.161
22.707 16.673 12.673
23.307 19.779 14.836
26.191 21.827 13.414
27.252 25.435 13.270
27.225 27.161 9.914
28.194 30.605 8.659
25.552 32.659 6.831
25.665 36.181 5.504
22.660 37.885 7.142
22.030 41.526 6.340
25.524 41.730 4.833
27.458 40.336 7.810
28.731 36.821 8.578
26.838 35.126 11.403
27.370 31.716 13.052
24.065 29.826 13.494
23.651 26.294 14.904
21.219 24.415 12.750
19.778 20.968 12.296
17.170 19.150 10.239
15.738 16.009 11.801
13.927 14.981 8.616
15.564 12.289 6.561
13.941 13.441 3.324
12.324 16.920 3.653
13.911 20.357 3.490
13.639 22.651 6.468
12.965 26.385 6.137
13.873 28.222 9.347
13.088 31.825 10.249
16.116 33.324 12.063
15.034 36.498 13.854
16.343 39.207 16.154
14.353 41.948 17.847
17.085 44.551 18.355
20.020 45.477 16.104
22.631 43.819 18.314
20.505 41.007 19.634
21.142 37.319 19.068
19.354 35.412 16.322
16.696 32.914 17.475
14.929 30.246 15.418
11.270 29.814 14.914
9.141 27.797 12.532
10.071 25.499 10.895
8.482 24.506 7.625
9.418 20.910 6.626
8.979 20.805 2.864
9.120 18.511 -0.104
8.353 21.107 -2.882
11.048 23.540 -1.756
8.703 26.578 -1.823
8.265 29.182 0.905
6.328 32.399 1.240
6.324 35.545 3.371
3.749 38.358 3.716
3.346 41.710 5.484
-0.137 41.728 7.118
-1.815 43.432 10.099
1.236 44.612 11.978
3.167 41.381 11.395
5.266 39.385 8.995
3.651 35.972 8.259
5.461 32.916 6.995
4.433 29.333 6.237
4.970 26.607 8.815
4.518 22.937 9.650
4.981 20.012 7.300
3.960 19.748 3.648
1.417 18.681 2.429
-0.517 20.077 5.416
1.006 23.488 6.062
-0.257 26.357 8.196
1.112 29.893 8.780
2.712 31.715 11.752
3.564 35.379 12.401
5.979 37.830 13.957
4.795 41.214 15.270
6.744 43.954 13.470
6.570 47.711 13.990
6.119 49.771 10.757
5.289 46.443 9.142
4.052 48.041 5.925
7.341 49.593 4.920
9.617 46.577 5.419
11.747 45.923 2.355
12.391 42.279 1.490
15.517 41.045 -0.223
14.871 37.849 -2.243
17.963 35.712 -2.927
16.093 33.520 -5.406
13.312 33.813 -7.975
9.894 34.685 -6.577
6.234 35.257 -7.416
3.603 37.576 -5.951
0.101 36.327 -4.949
-2.623 38.428 -3.314
-3.836 37.359 0.139
-7.319 36.928 -1.377
-5.794 33.968 -3.257
-4.003 32.514 -0.239
-5.562 29.097 -1.007
-3.585 29.046 -4.227
-0.343 30.006 -2.441
-1.012 27.264 0.131
-1.486 24.688 -2.612
1.856 25.654 -4.157
3.618 25.430 -0.769
2.029 21.995 -0.185
2.407 20.502 -3.670
4.688 22.623 -5.882
3.980 24.860 -8.886
