100.574 63.372 138.887
98.928 60.006 139.562
95.518 58.490 140.240
94.539 57.452 143.763
91.786 55.147 145.024
89.913 55.536 148.279
86.573 55.367 150.042
84.321 58.067 151.432
85.001 57.781 155.162
82.719 60.607 156.216
80.471 63.191 154.608
78.524 65.879 156.406
76.284 68.789 155.578
77.667 71.282 158.098
74.994 73.636 156.789
72.826 73.859 153.681
75.752 75.631 152.016
78.794 73.793 153.299
79.787 70.151 152.907
82.832 68.488 154.431
84.044 65.024 153.561
86.979 62.685 153.965
88.423 60.234 151.484
90.412 57.448 153.102
93.094 56.138 150.763
92.643 52.436 150.118
94.979 49.903 151.642
97.880 49.422 149.248
97.498 52.822 147.611
100.681 54.894 147.495
100.743 58.207 149.329
99.960 61.305 147.346
102.785 63.766 147.834
101.345 67.246 147.848
102.138 70.693 149.139
99.627 72.328 151.479
97.329 74.341 149.244
97.250 72.052 146.212
94.168 70.344 144.817
93.155 67.068 143.249
90.652 66.312 140.537
88.067 64.103 142.220
86.053 61.774 140.043
82.367 62.588 139.809
80.716 59.239 140.713
79.127 57.457 137.770
80.982 59.493 135.151
84.429 60.129 133.682
84.343 63.791 134.722
86.188 65.333 137.643
85.868 68.292 139.995
88.790 70.137 141.526
88.952 70.244 145.305
91.643 71.622 147.578
92.903 69.432 150.392
91.959 70.879 153.779
93.877 68.042 155.427
97.661 68.150 155.713
100.191 66.343 153.503
100.856 62.834 154.785
97.415 62.285 156.277
95.892 59.325 154.463
92.453 60.381 155.687
92.259 63.242 153.188
89.799 66.041 153.842
87.829 68.586 151.817
85.513 71.557 152.364
82.932 72.090 149.608
80.288 74.664 148.749
76.910 73.049 148.132
76.140 74.540 144.721
72.454 74.556 143.814
71.902 72.144 140.923
75.584 71.148 141.032
76.410 67.539 140.106
79.124 66.823 142.672
77.211 68.982 145.164
74.135 66.796 144.675
76.140 63.614 145.115
77.889 64.805 148.265
74.906 66.454 149.955
72.180 63.914 149.194
73.422 60.647 147.670
76.878 60.104 149.197
77.287 57.535 151.966
80.328 56.407 153.945
81.904 53.475 152.138
81.328 54.772 148.620
84.320 54.336 146.336
86.086 57.593 145.485
89.168 58.453 143.470
91.205 61.477 142.508
94.138 62.553 140.365
96.889 64.960 141.294
98.257 66.829 142.978
97.740 70.011 140.970
98.314 73.686 141.512
101.025 76.297 141.914
99.199 77.696 144.934
100.829 76.550 148.138
