70.759 -41.335 -15.596
70.132 -44.569 -13.696
72.983 -46.540 -12.129
72.183 -49.906 -13.733
75.238 -51.469 -12.114
73.845 -50.683 -8.676
70.318 -51.799 -9.552
71.872 -55.117 -10.643
73.611 -55.381 -7.267
70.305 -54.481 -5.601
68.505 -57.258 -7.474
71.106 -59.698 -6.169
70.318 -58.450 -2.653
66.679 -59.306 -3.299
67.657 -62.877 -4.124
69.756 -63.048 -0.947
66.592 -61.974 0.902
64.735 -64.923 -0.664
67.220 -67.567 0.465
65.879 -70.527 2.416
67.996 -72.811 4.603
71.335 -72.189 6.299
72.719 -68.814 5.234
76.447 -68.364 4.477
78.858 -66.434 6.675
79.253 -63.841 3.920
75.510 -63.181 3.613
74.965 -59.482 2.829
71.268 -59.262 3.714
71.958 -59.939 7.383
68.474 -59.310 8.760
67.575 -62.669 7.197
68.354 -65.695 9.384
68.721 -69.462 9.033
65.318 -71.073 8.489
63.433 -74.075 7.118
66.286 -76.269 8.338
64.026 -79.330 8.554
62.884 -79.313 4.919
63.061 -82.934 3.800
61.746 -85.562 1.410
59.491 -88.537 2.081
62.450 -90.701 3.149
64.011 -87.861 5.105
66.283 -86.706 2.285
67.778 -83.273 2.890
65.837 -80.626 0.948
67.176 -77.561 2.750
68.173 -74.520 0.742
66.723 -73.082 -2.435
64.600 -69.946 -2.679
61.352 -69.012 -0.981
59.020 -68.172 -3.862
57.646 -64.740 -3.069
56.412 -63.048 0.095
55.680 -66.531 1.453
57.917 -69.442 2.441
56.823 -72.160 0.051
59.481 -73.497 -2.292
57.602 -73.761 -5.617
59.861 -75.688 -7.974
58.450 -74.566 -11.312
58.954 -70.817 -10.916
62.187 -71.466 -8.994
63.641 -73.428 -11.913
62.459 -70.794 -14.393
64.147 -68.133 -12.271
67.395 -70.095 -12.266
67.342 -70.619 -16.035
66.763 -66.947 -16.821
69.386 -65.763 -14.332
71.929 -68.213 -15.780
70.923 -67.185 -19.312
71.766 -63.552 -18.589
75.005 -64.567 -16.873
76.057 -66.405 -20.028
75.111 -63.822 -22.673
75.867 -60.712 -20.618
78.630 -61.866 -18.289
80.449 -58.603 -19.013
77.573 -56.754 -17.369
78.044 -58.670 -14.138
81.817 -58.206 -14.289
81.542 -54.464 -14.912
79.298 -54.229 -11.855
81.758 -56.264 -9.798
78.969 -58.789 -9.322
80.191 -61.841 -11.246
80.837 -63.923 -8.125
77.492 -62.974 -6.585
75.744 -63.623 -9.889
77.140 -67.145 -9.946
76.172 -67.611 -6.292
72.573 -66.643 -7.066
72.376 -69.378 -9.687
74.145 -71.959 -7.525
71.808 -71.339 -4.597
69.024 -72.663 -6.809
70.896 -75.484 -8.545
72.362 -76.865 -5.307
68.746 -77.291 -4.233
67.629 -78.856 -7.520
70.368 -81.456 -7.084
68.977 -82.366 -3.652
65.417 -82.427 -4.999
66.529 -84.889 -7.686
66.366 -87.813 -5.261
66.381 -90.531 -7.936
66.983 -90.471 -11.689
63.236 -90.364 -12.391
62.087 -88.723 -9.154
62.039 -85.017 -8.402
60.702 -82.985 -5.501
58.825 -79.987 -6.834
57.593 -78.385 -3.637
58.343 -77.964 0.057
55.625 -76.360 2.145
51.873 -76.467 1.553
50.202 -73.358 0.181
47.530 -73.085 2.859
49.590 -73.968 5.928
52.368 -71.654 4.788
50.171 -68.704 3.832
48.131 -68.894 7.046
51.296 -67.778 8.847
52.714 -64.247 8.797
56.085 -63.802 10.460
59.790 -64.609 10.230
60.675 -67.848 8.423
62.842 -69.034 11.321
59.697 -68.867 13.481
57.650 -71.338 11.415
56.310 -74.281 13.410
53.837 -75.791 10.942
54.479 -78.999 9.033
56.151 -78.488 5.665
55.178 -81.379 3.374
57.363 -82.155 0.374
55.717 -83.125 -2.912
57.337 -84.939 -5.820
56.808 -86.090 -9.376
57.880 -89.579 -10.465
57.166 -92.186 -13.139
53.592 -92.712 -11.899
52.926 -88.990 -11.395
54.958 -87.132 -14.070
55.757 -83.473 -14.595
57.387 -82.759 -17.951
57.176 -79.006 -17.449
58.743 -79.018 -13.977
61.408 -81.594 -14.852
62.048 -79.852 -18.160
62.509 -76.368 -16.730
64.776 -77.781 -14.038
66.827 -79.625 -16.664
67.138 -76.331 -18.559
68.268 -74.491 -15.429
70.857 -77.171 -14.682
72.132 -77.204 -18.266
72.350 -73.410 -18.350
74.146 -73.455 -15.002
76.614 -76.061 -16.287
77.671 -73.508 -18.908
78.023 -70.775 -16.287
80.413 -72.927 -14.237
82.183 -74.646 -17.139
85.518 -72.953 -16.390
85.360 -71.740 -12.781
84.095 -75.049 -11.380
84.391 -77.871 -13.895
83.532 -80.544 -11.341
80.293 -78.806 -10.384
79.589 -78.162 -14.061
79.861 -81.889 -14.806
77.557 -82.724 -11.900
74.989 -80.167 -13.059
75.014 -81.625 -16.569
74.566 -85.205 -15.348
71.426 -84.197 -13.463
70.222 -82.100 -16.402
70.445 -85.039 -18.817
68.591 -87.372 -16.460
65.820 -84.875 -15.735
65.286 -84.247 -19.442
64.966 -87.980 -20.074
62.484 -88.187 -17.205
60.506 -85.235 -18.597
60.489 -86.592 -22.149
59.902 -90.286 -21.368
57.104 -89.652 -18.856
54.740 -87.002 -20.239
52.383 -85.022 -18.021
51.577 -81.712 -16.320
53.354 -81.445 -12.968
50.387 -79.713 -11.318
48.238 -82.771 -12.052
50.736 -84.696 -9.903
51.642 -82.092 -7.275
48.032 -80.973 -6.998
48.698 -78.349 -4.338
50.471 -76.335 -7.038
47.424 -76.284 -9.312
46.101 -73.159 -7.598
49.404 -71.292 -7.346
51.573 -72.206 -10.349
49.346 -74.317 -12.576
50.726 -76.111 -15.618
49.765 -74.578 -18.963
51.092 -76.626 -21.884
54.221 -78.529 -20.852
55.272 -79.096 -24.463
57.278 -75.869 -24.771
59.366 -77.003 -21.786
60.562 -80.107 -23.624
61.835 -77.962 -26.502
63.329 -75.413 -24.084
65.156 -78.133 -22.129
66.392 -79.867 -25.284
67.714 -76.584 -26.667
69.597 -75.797 -23.457
71.050 -79.303 -23.315
72.293 -78.911 -26.879
73.938 -75.617 -25.955
75.581 -77.222 -22.912
76.786 -80.399 -24.639
77.059 -79.658 -28.366
75.404 -83.069 -28.694
73.415 -82.869 -31.941
70.835 -85.350 -30.613
69.413 -82.616 -28.378
69.202 -80.109 -31.229
67.390 -82.620 -33.434
64.949 -83.382 -30.630
64.418 -79.679 -29.913
63.651 -78.861 -33.548
61.588 -82.002 -34.132
59.375 -81.264 -31.127
59.226 -77.574 -32.055
57.699 -78.547 -35.404
55.564 -81.374 -34.001
54.040 -79.086 -31.374
53.838 -76.186 -33.827
55.446 -73.679 -31.461
55.705 -71.133 -34.277
51.948 -70.632 -33.833
51.965 -70.337 -30.032
51.395 -66.990 -28.358
54.719 -65.225 -27.960
56.327 -64.226 -24.698
58.651 -65.198 -21.875
57.141 -66.216 -18.536
57.455 -68.986 -15.954
54.583 -70.906 -17.589
55.081 -70.083 -21.273
58.352 -69.182 -22.950
57.786 -69.642 -26.675
59.744 -66.452 -27.387
62.593 -67.665 -25.205
62.704 -70.940 -27.125
62.604 -69.093 -30.437
65.331 -66.554 -29.705
67.450 -69.345 -28.197
67.051 -71.645 -31.210
67.690 -68.699 -33.529
71.091 -68.279 -31.878
71.886 -72.004 -31.780
70.884 -72.757 -35.381
71.166 -69.344 -37.070
67.996 -70.312 -38.956
65.987 -67.418 -40.387
62.600 -68.964 -39.535
63.138 -68.532 -35.793
64.386 -64.979 -36.321
61.219 -64.147 -38.270
59.017 -65.248 -35.378
61.084 -63.239 -32.886
60.988 -60.042 -34.979
57.249 -60.402 -35.502
56.664 -60.663 -31.755
58.962 -57.803 -30.768
57.616 -55.510 -33.492
54.112 -56.283 -32.250
55.012 -55.350 -28.677
56.645 -52.083 -29.725
54.015 -51.048 -32.263
50.736 -52.503 -31.003
50.680 -54.134 -27.544
48.579 -52.141 -25.082
50.631 -49.624 -23.122
49.906 -47.293 -20.224
49.727 -43.580 -21.111
53.269 -43.199 -19.769
54.662 -45.931 -22.012
54.743 -49.113 -19.939
53.851 -52.307 -21.806
50.647 -53.546 -20.161
50.505 -57.273 -20.825
48.472 -58.440 -17.818
47.338 -57.276 -14.381
49.466 -59.914 -12.617
53.136 -59.043 -12.258
52.730 -56.183 -14.712
56.290 -54.869 -14.422
57.618 -58.437 -14.582
55.916 -58.868 -17.958
57.399 -55.612 -19.275
60.874 -56.526 -18.019
60.602 -60.045 -19.475
59.676 -58.517 -22.823
62.627 -56.141 -22.468
64.960 -59.104 -22.035
63.571 -60.847 -25.117
64.208 -57.607 -27.012
67.787 -57.433 -25.744
68.343 -61.057 -26.778
66.824 -60.308 -30.185
69.169 -57.346 -30.627
72.101 -59.726 -30.140
70.835 -61.671 -33.169
71.305 -58.495 -35.175
67.590 -57.697 -35.283
66.952 -53.927 -35.190
69.596 -53.792 -32.458
69.463 -50.049 -31.775
65.675 -49.721 -31.668
65.149 -52.967 -29.746
67.763 -52.060 -27.135
66.333 -48.556 -26.802
62.793 -49.835 -26.312
63.953 -52.431 -23.795
65.652 -49.616 -21.883
62.436 -47.580 -21.725
60.696 -50.477 -19.982
63.456 -50.989 -17.437
63.639 -47.213 -16.972
59.910 -47.074 -16.283
60.414 -49.585 -13.469
63.285 -47.472 -12.143
61.301 -44.239 -12.059
60.579 -42.670 -15.455
56.858 -42.981 -14.785
57.035 -40.731 -11.738
58.305 -43.062 -9.024
60.479 -46.125 -8.609
58.829 -49.544 -8.489
61.980 -51.205 -7.184
62.077 -51.456 -3.390
65.006 -49.687 -1.750
65.808 -47.748 -4.911
65.073 -44.373 -6.431
62.280 -41.898 -5.895
59.317 -42.756 -3.666
59.725 -46.542 -4.038
57.240 -49.056 -2.621
57.918 -49.465 1.100
55.208 -51.999 1.918
55.836 -54.989 -0.356
53.572 -57.995 0.293
56.487 -59.787 1.912
56.707 -61.471 5.305
60.388 -61.534 6.218
61.027 -57.885 5.365
57.934 -56.753 7.289
59.242 -58.217 10.531
61.119 -56.362 13.264
64.125 -58.213 14.670
63.617 -60.956 17.238
62.689 -61.213 20.083
59.892 -58.797 19.168
56.861 -60.696 17.920
56.105 -60.797 14.210
52.583 -61.935 13.409
49.482 -60.837 11.524
49.431 -57.619 13.536
52.725 -56.835 11.781
51.046 -57.455 8.419
48.259 -55.138 9.594
50.704 -52.345 10.512
50.208 -48.970 8.765
53.974 -48.457 8.958
56.357 -49.321 6.104
57.996 -52.759 6.146
60.605 -52.743 8.910
63.363 -53.902 6.550
63.901 -52.327 3.146
63.640 -55.119 0.566
66.397 -53.758 -1.643
66.072 -54.717 -5.296
62.580 -56.229 -5.337
60.474 -55.411 -8.403
56.807 -55.121 -7.386
53.737 -55.946 -9.457
53.448 -52.295 -10.370
50.840 -49.722 -11.475
47.545 -50.333 -13.233
46.805 -49.754 -16.921
46.640 -45.997 -16.296
49.881 -45.675 -14.304
47.960 -45.434 -11.013
49.462 -46.945 -7.871
49.146 -46.934 -4.078
51.746 -48.569 -1.818
49.662 -51.067 0.182
50.869 -54.299 1.809
47.503 -56.034 1.404
47.404 -55.255 -2.314
49.059 -58.361 -3.696
48.314 -57.459 -7.308
50.386 -54.289 -7.146
52.714 -54.993 -4.212
53.523 -58.637 -4.842
57.228 -59.437 -5.163
58.571 -62.788 -6.342
61.664 -64.625 -7.491
60.274 -64.927 -11.015
59.505 -61.192 -11.075
63.191 -60.285 -10.771
64.659 -62.829 -13.215
64.085 -61.210 -16.601
64.568 -57.834 -14.919
67.983 -58.752 -13.513
69.178 -60.293 -16.767
68.035 -57.179 -18.648
70.025 -55.020 -16.232
73.131 -57.109 -16.902
72.561 -56.581 -20.631
72.184 -52.816 -20.232
75.432 -52.690 -18.261
77.183 -54.837 -20.878
76.033 -52.394 -23.561
77.499 -49.459 -21.635
74.129 -47.842 -20.908
