-6.526 13.270 3.788
-5.447 10.525 1.333
-7.212 9.392 -1.885
-7.253 6.327 -4.192
-4.308 7.806 -6.171
-2.211 7.873 -2.951
-3.112 4.263 -2.071
-2.246 3.475 -5.735
1.427 4.492 -5.293
1.374 3.426 -1.594
-0.059 -0.151 -1.758
-0.729 -0.791 -5.509
2.205 -1.774 -7.778
2.589 -3.021 -11.386
5.807 -4.993 -10.635
7.100 -7.434 -7.960
10.403 -5.520 -7.648
9.828 -1.808 -6.863
12.221 1.179 -6.708
12.040 2.316 -3.047
15.479 4.024 -2.769
14.352 6.457 -5.551
10.738 7.110 -4.387
11.489 7.324 -0.624
13.310 10.734 -0.954
10.413 12.173 -3.072
7.584 14.398 -1.734
5.111 11.446 -1.827
7.204 9.284 0.532
9.157 12.146 2.210
11.368 9.368 3.701
8.659 7.238 5.415
9.313 4.481 8.010
7.977 1.539 5.916
5.588 0.704 3.020
3.674 -2.383 1.755
2.910 -2.866 -1.983
0.648 -5.491 -3.629
1.092 -7.208 -7.041
-2.329 -6.914 -8.752
-4.506 -4.604 -10.906
-6.675 -1.792 -9.426
-9.713 -3.091 -11.416
-10.155 -6.406 -9.503
-8.628 -4.944 -6.290
-10.858 -1.828 -6.275
-13.705 -4.094 -7.536
-13.793 -5.532 -3.976
-14.730 -2.037 -2.706
-17.328 -1.708 -5.540
-20.332 -1.044 -3.250
-18.717 0.665 -0.208
-19.848 4.316 0.202
-18.761 5.248 3.769
-15.505 4.546 5.673
-15.261 0.850 6.672
-12.430 -1.656 7.355
-12.304 -4.589 4.884
-9.768 -7.437 4.494
-8.859 -8.743 0.984
-10.317 -12.259 0.444
-7.653 -13.228 -2.146
-3.964 -13.474 -1.104
-1.558 -11.563 -3.407
2.219 -11.028 -3.536
3.341 -8.076 -1.375
6.498 -6.015 -1.989
7.093 -4.008 1.221
9.940 -1.593 1.970
11.310 -1.201 5.532
13.754 1.662 6.287
16.825 0.021 7.909
17.827 1.560 11.295
21.116 3.498 11.751
20.938 4.318 8.002
20.140 7.611 6.163
16.806 6.783 4.422
17.652 3.287 3.039
14.798 0.904 2.045
14.897 -2.927 1.965
12.591 -4.947 -0.354
10.633 -7.863 1.208
8.279 -10.197 -0.744
5.398 -12.166 0.874
1.862 -13.561 0.259
-1.111 -12.437 2.428
-4.333 -10.356 2.632
-4.639 -6.671 3.702
-7.054 -4.698 5.931
-7.929 -1.258 4.449
-10.400 1.589 5.186
-12.741 1.942 2.172
-15.162 4.782 1.360
-16.599 6.057 -1.969
-15.569 2.602 -3.348
-11.852 3.430 -2.718
-9.591 2.123 0.131
-7.417 5.178 0.896
-5.897 4.058 4.245
-4.091 0.890 5.411
-5.631 -0.626 8.584
-3.142 -3.530 8.839
-2.174 -6.912 7.304
-3.792 -10.362 7.831
-5.710 -9.216 10.960
-7.354 -5.857 11.828
-7.075 -4.568 15.463
