17.321 -26.120 -5.126
18.454 -23.255 -7.343
21.968 -23.286 -8.799
23.481 -20.449 -10.828
26.363 -21.606 -13.016
28.454 -18.885 -14.633
30.583 -19.439 -17.732
32.935 -17.440 -19.902
35.680 -15.529 -18.156
39.422 -15.879 -18.482
42.304 -13.617 -19.441
42.395 -11.193 -22.352
44.473 -8.242 -23.538
43.333 -4.637 -23.008
40.704 -3.670 -25.568
39.701 -7.303 -25.948
36.274 -8.824 -25.387
34.692 -11.475 -23.172
31.151 -12.783 -22.853
30.004 -14.248 -19.571
27.099 -16.668 -19.364
24.917 -17.713 -16.476
22.655 -20.743 -16.478
19.973 -21.354 -13.862
18.175 -24.488 -12.763
14.787 -20.683 -10.823
13.125 -19.089 -13.854
13.743 -15.572 -15.212
11.002 -13.043 -14.377
12.812 -10.940 -11.764
16.000 -8.870 -11.959
19.302 -10.636 -12.609
22.601 -8.794 -12.324
26.364 -9.142 -12.399
28.611 -8.076 -9.561
32.388 -7.921 -9.483
34.812 -8.138 -6.618
38.348 -6.920 -7.139
41.058 -8.036 -4.687
41.032 -5.922 -1.542
38.135 -3.899 -2.926
34.478 -3.544 -2.047
31.923 -5.558 -4.007
30.467 -3.590 -6.950
27.304 -3.986 -9.019
28.367 -4.073 -12.690
25.025 -4.252 -14.536
21.443 -5.298 -13.848
18.566 -6.363 -16.083
14.996 -5.994 -14.896
12.012 -8.128 -15.856
10.857 -5.501 -18.361
14.307 -5.552 -19.925
15.518 -2.194 -18.665
19.026 -2.195 -17.201
21.422 -0.439 -14.819
25.112 0.054 -15.727
28.108 1.093 -13.628
29.186 4.460 -15.052
32.616 2.990 -15.754
31.182 0.209 -17.934
28.259 2.029 -19.509
28.736 1.858 -23.279
31.267 -0.986 -22.966
29.253 -3.860 -21.466
25.847 -5.134 -22.537
23.672 -7.247 -20.285
20.913 -9.394 -21.798
18.654 -12.372 -21.093
17.328 -15.111 -23.372
14.233 -16.456 -21.576
14.165 -19.163 -24.221
16.970 -20.906 -22.352
17.081 -19.284 -18.921
20.455 -17.734 -19.618
21.671 -14.255 -18.821
24.538 -12.657 -20.671
27.145 -9.985 -20.080
29.131 -8.882 -23.122
32.299 -7.071 -22.170
33.917 -5.034 -24.957
36.897 -2.667 -24.745
38.011 -4.446 -21.607
40.391 -2.523 -19.371
42.873 -3.754 -16.775
40.645 -1.988 -14.234
37.939 -4.513 -15.112
40.079 -7.248 -13.579
38.174 -9.024 -10.807
35.946 -11.978 -10.023
32.517 -11.610 -11.506
29.569 -13.264 -9.801
26.251 -14.036 -11.447
23.404 -12.939 -9.154
19.643 -13.438 -9.303
16.362 -14.112 -7.562
13.447 -12.282 -5.948
14.030 -10.358 -2.757
17.534 -9.839 -1.423
20.459 -11.852 -0.123
24.200 -11.503 0.586
27.582 -12.895 -0.519
30.244 -13.208 2.148
33.663 -13.217 0.512
37.046 -12.233 1.929
35.391 -10.923 5.077
33.233 -8.525 3.044
29.515 -9.051 2.402
27.656 -8.100 -0.790
23.963 -7.242 -0.448
22.134 -8.245 -3.614
19.658 -10.746 -5.314
19.435 -13.827 -2.945
21.254 -16.290 -5.212
24.879 -16.066 -6.397
27.121 -18.033 -8.713
30.544 -19.472 -7.879
32.245 -16.494 -9.510
34.377 -16.470 -12.645
37.816 -14.891 -12.863
38.349 -12.115 -15.417
41.814 -10.717 -16.101
42.909 -7.821 -18.322
