4.639 11.439 -4.724
7.100 9.691 -2.411
8.584 6.733 -4.281
9.692 3.478 -2.687
13.212 4.244 -3.887
13.280 7.614 -2.114
11.834 6.261 1.133
14.389 3.433 0.991
17.382 5.698 0.365
16.173 7.913 3.231
15.977 4.897 5.543
19.484 3.893 4.406
20.921 7.332 5.270
19.292 7.133 8.696
20.554 3.555 9.101
24.148 4.826 9.146
23.639 8.542 9.957
26.395 8.413 12.598
28.938 8.399 9.781
28.601 12.158 9.122
29.215 13.498 12.629
31.875 10.880 13.472
33.821 11.367 10.237
33.550 15.157 10.690
34.743 14.795 14.281
37.745 12.756 13.120
38.504 15.330 10.437
38.536 17.963 13.187
40.775 15.812 15.388
43.165 15.731 12.417
42.980 19.501 11.722
41.900 18.833 8.132
39.841 22.023 7.819
42.680 24.118 9.257
45.057 22.482 6.798
42.873 23.232 3.775
42.328 26.774 5.093
46.040 27.586 5.069
45.930 26.839 1.325
44.241 30.181 0.714
40.838 31.514 -0.504
38.936 29.130 -2.770
41.815 26.684 -2.889
41.168 22.970 -3.503
43.937 20.518 -2.641
44.430 16.752 -2.979
44.397 14.160 -0.171
48.110 13.772 -0.818
48.897 17.439 -0.223
46.611 17.470 2.788
48.308 14.330 4.192
51.736 15.940 3.783
50.651 18.598 6.272
49.687 15.925 8.790
52.246 14.966 11.481
52.790 11.488 10.057
54.699 9.544 7.418
51.996 6.902 7.005
51.999 6.073 3.226
48.316 5.080 3.415
47.175 8.407 4.871
46.198 9.935 1.491
43.791 7.185 0.414
42.182 7.001 3.864
41.744 10.783 3.866
40.346 10.719 0.322
37.572 8.415 1.571
36.812 10.626 4.601
36.874 13.895 2.626
34.631 12.429 -0.084
31.919 11.901 2.493
32.196 15.510 3.700
32.148 16.811 0.122
28.900 14.885 -0.453
27.398 16.673 2.532
28.642 20.055 1.260
31.064 20.695 4.104
33.872 20.610 1.544
33.803 21.581 -2.139
35.331 19.145 -4.628
36.803 19.129 -8.149
37.735 16.000 -10.065
40.951 15.970 -12.093
42.567 13.190 -14.097
46.243 13.045 -13.156
48.978 12.523 -15.754
49.293 8.937 -14.499
45.864 7.930 -15.766
44.239 8.157 -12.342
41.380 10.374 -11.221
42.160 12.668 -8.323
39.726 14.670 -6.199
40.708 18.180 -5.043
39.042 19.458 -1.886
38.195 22.965 -0.765
36.164 24.462 2.061
32.435 25.062 1.721
30.906 27.912 3.736
30.076 25.801 6.805
33.685 24.552 6.943
35.110 28.064 6.625
32.881 28.885 9.556
34.442 26.015 11.522
37.968 27.352 10.936
39.384 28.556 14.273
39.527 32.312 14.821
42.513 34.327 16.085
