-10.262 -30.425 -65.147
-10.131 -32.368 -61.877
-10.040 -30.046 -58.854
-6.973 -30.044 -56.635
-8.698 -29.019 -53.412
-12.138 -28.266 -52.010
-12.619 -24.489 -52.063
-13.153 -24.114 -48.324
-10.102 -26.227 -47.459
-7.412 -23.721 -48.466
-5.122 -22.606 -45.674
-1.965 -20.547 -45.107
-0.081 -23.786 -45.750
-1.122 -23.741 -49.430
0.530 -20.405 -50.202
2.560 -20.675 -53.391
0.722 -23.659 -54.843
-1.081 -23.606 -58.189
-4.689 -24.692 -57.623
-7.771 -25.696 -59.645
-11.131 -25.049 -57.938
-14.734 -25.852 -58.939
-17.838 -24.426 -57.269
-20.594 -21.786 -57.187
-20.258 -18.016 -57.206
-21.546 -16.960 -53.773
-20.993 -13.247 -54.390
-19.169 -10.903 -56.739
-17.776 -7.487 -55.791
-16.351 -4.972 -58.269
-13.899 -2.780 -56.347
-12.939 -0.626 -59.318
-10.580 -2.244 -61.794
-10.452 -5.272 -59.543
-13.036 -8.048 -59.230
-13.394 -10.259 -56.152
-15.403 -13.480 -56.368
-16.334 -15.619 -53.358
-16.313 -19.249 -54.602
-18.341 -21.805 -52.657
-18.465 -25.565 -52.222
-19.470 -27.927 -49.381
-16.370 -27.073 -47.349
-16.815 -23.305 -47.442
-15.823 -20.062 -49.179
-12.596 -18.813 -50.803
-11.887 -15.347 -52.185
-10.770 -15.274 -55.837
-9.118 -12.130 -57.195
-9.169 -11.133 -60.854
-6.977 -8.263 -62.097
-7.277 -6.523 -65.502
-3.924 -8.062 -66.508
-5.333 -11.566 -66.020
-6.860 -13.569 -68.889
-9.705 -14.415 -66.487
-10.777 -10.792 -65.998
-13.141 -10.764 -68.963
-15.066 -13.773 -67.631
-15.056 -12.530 -64.035
-16.798 -9.421 -65.324
-19.823 -11.327 -66.636
-20.374 -13.819 -63.807
-23.479 -13.680 -61.565
-24.455 -15.390 -58.246
-24.973 -19.190 -58.347
-23.190 -19.684 -61.683
-20.959 -22.796 -61.613
-17.336 -22.173 -62.612
-13.868 -23.712 -62.717
-11.031 -21.492 -61.560
-7.247 -21.813 -61.816
-4.809 -19.604 -59.944
-2.008 -19.112 -57.428
-2.676 -19.070 -53.694
-1.220 -16.035 -51.920
-1.466 -14.470 -48.464
-4.164 -11.839 -48.008
-2.997 -8.263 -47.340
-5.751 -8.252 -44.687
-7.053 -11.430 -42.948
-10.783 -12.081 -42.521
-11.242 -13.481 -38.953
-14.411 -15.551 -39.427
-13.648 -17.558 -42.553
-11.471 -20.655 -42.273
-9.680 -19.542 -45.456
-9.553 -15.925 -44.308
-5.757 -15.619 -44.441
-5.457 -16.407 -48.147
-6.927 -15.632 -51.560
-6.463 -16.953 -55.092
-4.955 -14.843 -57.861
-6.772 -15.980 -60.986
-4.988 -17.085 -64.136
-8.091 -18.679 -65.706
-11.872 -18.846 -65.163
-14.422 -20.872 -67.099
-18.244 -21.005 -66.863
-19.636 -24.531 -66.597
-23.263 -23.478 -66.083
-25.244 -20.267 -65.825
-28.067 -19.824 -63.325
-31.144 -17.661 -63.142
