-14.366 1.920 -36.039
-14.524 5.133 -34.053
-16.389 3.362 -31.259
-13.637 0.746 -30.973
-11.002 3.485 -30.898
-12.954 5.290 -28.182
-13.253 2.053 -26.212
-9.525 1.302 -26.385
-8.715 4.862 -25.249
-11.102 4.506 -22.305
-9.525 1.146 -21.499
-6.077 2.751 -21.336
-7.378 5.521 -19.049
-8.901 2.906 -16.743
-5.611 1.015 -16.515
-3.561 4.169 -15.933
-5.989 5.458 -13.304
-6.041 2.151 -11.405
-2.242 2.106 -11.284
-2.108 5.743 -10.174
-4.716 5.169 -7.460
-2.794 2.216 -6.061
0.400 4.295 -6.012
-1.441 7.031 -4.136
-2.918 4.634 -1.587
0.485 3.006 -1.060
2.132 6.414 -0.601
-0.425 7.343 2.054
-0.060 3.967 3.776
3.700 4.522 3.998
3.284 8.026 5.423
0.880 6.744 8.045
3.117 3.781 8.943
6.047 6.143 9.503
4.003 8.468 11.704
2.982 5.403 13.698
6.471 3.890 13.973
7.794 7.225 15.247
5.119 7.400 17.952
5.683 3.793 19.040
9.458 4.220 19.282
9.029 7.485 21.191
6.659 5.770 23.614
9.129 2.931 24.170
11.926 5.441 24.828
9.721 7.154 27.413
9.108 3.812 29.162
12.829 3.089 29.179
13.566 6.474 30.786
10.707 6.034 33.260
12.052 2.696 34.457
15.517 4.189 34.990
13.975 7.055 36.961
11.941 4.642 39.102
15.026 2.505 39.726
16.970 5.571 40.847
14.108 6.623 43.137
14.088 3.218 44.856
17.868 3.260 45.347
17.830 6.643 47.111
14.751 6.110 49.291
