12.430 39.014 44.537
13.130 41.776 41.992
10.922 43.418 39.316
11.870 42.716 35.664
13.773 45.943 34.889
16.376 45.292 37.593
17.395 41.890 36.182
19.664 42.778 33.243
22.109 44.639 35.443
22.717 41.620 37.748
24.277 39.381 35.120
27.749 38.119 36.177
30.675 37.409 33.840
33.578 35.083 34.679
36.570 34.127 32.496
36.485 30.380 31.699
33.155 33.678 28.986
30.678 32.246 31.496
27.450 34.219 32.018
25.741 33.677 35.408
22.218 34.872 36.048
21.281 35.146 39.733
17.700 36.390 39.092
14.389 34.595 38.669
14.044 35.658 34.935
15.068 34.343 31.529
17.430 36.995 30.165
17.794 37.370 26.364
21.197 38.938 25.749
22.001 40.623 22.405
24.651 42.980 21.099
27.178 41.198 23.337
30.742 42.474 22.926
33.970 41.394 24.657
36.246 44.391 24.007
35.661 44.689 20.239
34.816 41.134 19.182
31.039 40.663 18.688
29.799 37.454 20.429
26.711 35.385 19.647
23.277 36.218 21.058
22.426 34.080 24.095
19.665 33.371 26.606
20.465 32.779 30.314
17.973 30.701 32.291
16.946 31.856 35.809
19.644 30.878 38.342
21.761 29.315 35.528
24.999 29.804 33.608
25.863 29.591 29.914
29.270 29.589 28.225
29.901 31.883 25.277
32.847 30.876 23.066
35.061 33.837 22.081
40.753 41.536 28.134
38.262 44.195 27.251
35.170 45.707 28.703
31.998 43.635 28.318
28.958 45.457 26.870
25.488 44.147 25.992
21.820 44.742 25.652
18.819 42.591 26.593
15.371 42.305 25.091
12.620 43.383 27.486
9.079 42.216 28.025
7.768 44.179 25.009
10.363 42.853 22.526
12.365 46.099 22.626
16.063 46.633 23.254
17.199 48.049 26.592
20.087 50.544 26.697
23.678 49.249 26.636
24.966 47.982 29.975
28.603 47.718 30.974
29.572 44.461 32.679
33.033 43.649 34.077
34.703 40.193 34.005
