52.105 -26.163 58.565
54.508 -28.666 60.113
51.951 -30.991 61.694
49.779 -31.285 58.603
52.875 -31.511 56.483
54.369 -34.602 58.176
51.043 -36.337 58.491
51.214 -36.091 54.678
54.795 -37.370 54.708
53.718 -40.373 56.763
50.630 -41.050 54.632
52.897 -41.134 51.617
55.788 -43.067 53.108
53.277 -45.749 54.031
52.584 -46.014 50.313
56.289 -45.942 49.519
56.533 -42.571 47.788
57.938 -39.086 48.187
55.777 -36.231 49.493
54.440 -33.514 47.161
56.500 -30.317 46.908
55.528 -27.361 49.086
52.862 -25.049 47.714
52.607 -21.263 48.059
50.636 -21.345 51.301
53.042 -23.762 52.947
56.032 -21.792 51.704
54.618 -18.623 53.280
54.202 -20.295 56.661
57.695 -21.696 56.257
59.065 -18.146 55.846
57.741 -17.274 59.293
59.340 -20.411 60.744
62.715 -19.521 59.261
62.543 -16.115 60.948
61.778 -17.657 64.343
62.776 -21.332 64.257
61.290 -23.571 66.960
63.962 -25.552 68.814
64.933 -28.856 67.226
63.456 -28.143 63.821
66.506 -26.477 62.266
67.526 -29.319 59.944
63.995 -30.078 58.716
63.231 -26.411 57.985
66.482 -26.133 56.093
65.783 -29.222 54.016
62.287 -28.087 53.037
63.602 -24.692 52.004
66.518 -26.143 50.079
65.050 -29.164 48.310
61.272 -29.220 48.479
60.260 -26.092 46.555
59.621 -25.983 42.811
61.950 -23.660 40.862
61.234 -21.042 38.198
58.006 -19.079 38.278
55.979 -21.477 40.335
53.978 -19.566 42.943
55.957 -21.166 45.775
59.170 -20.109 44.056
57.916 -16.515 44.006
57.527 -16.595 47.770
60.859 -18.337 48.314
62.830 -15.959 46.094
61.250 -12.892 47.718
62.222 -14.119 51.162
65.796 -14.891 50.175
66.312 -11.575 48.365
65.271 -9.816 51.562
67.768 -11.878 53.569
70.578 -11.050 51.165
69.718 -7.362 51.375
69.550 -7.265 55.177
65.869 -6.390 54.794
65.185 -9.592 56.741
66.944 -11.907 59.172
67.081 -15.581 60.089
69.337 -17.341 62.582
69.481 -20.258 60.112
70.808 -18.478 57.048
73.322 -15.792 56.207
73.078 -13.376 53.264
75.861 -15.413 51.629
73.753 -18.556 51.977
70.684 -16.790 50.587
72.560 -15.853 47.425
73.794 -19.412 47.070
70.255 -20.798 47.350
68.951 -18.155 44.957
71.424 -19.566 42.448
69.637 -22.897 42.677
66.218 -21.767 41.378
67.397 -21.826 37.716
65.402 -18.828 36.518
62.476 -16.523 36.960
62.188 -14.644 40.223
65.738 -15.374 41.377
67.588 -13.477 38.651
67.013 -9.799 39.595
68.198 -10.276 43.199
71.185 -12.138 41.808
72.098 -9.298 39.456
71.653 -6.586 42.092
74.064 -8.535 44.280
76.839 -7.840 41.786
76.955 -4.305 43.148
77.843 -5.643 46.593
81.528 -6.399 47.248
80.644 -9.077 49.804
77.979 -11.021 47.897
79.166 -10.296 44.334
81.707 -13.158 44.033
78.963 -15.609 45.009
76.248 -14.112 42.843
78.710 -14.237 39.967
79.335 -17.963 40.402
75.582 -18.556 40.549
74.824 -16.492 37.441
77.694 -18.221 35.700
75.697 -21.454 35.767
72.274 -19.905 35.255
70.878 -20.759 31.824
67.442 -19.124 31.809
68.783 -15.581 31.480
66.858 -14.612 28.351
66.561 -10.819 28.135
68.265 -10.495 31.512
71.565 -11.137 29.744
71.611 -7.481 28.738
71.267 -6.302 32.310
74.492 -8.179 32.992
76.332 -6.826 29.958
75.465 -3.279 31.025
77.035 -3.697 34.468
80.158 -5.124 32.864
80.354 -2.146 30.529
80.030 0.204 33.504
83.155 -1.330 35.035
81.785 -4.216 37.119
84.531 -6.823 37.423
82.263 -9.601 38.669
79.903 -8.961 35.763
82.918 -9.322 33.496
83.802 -12.738 34.847
80.214 -13.894 34.373
80.374 -12.829 30.723
83.695 -14.558 30.154
82.355 -17.613 31.986
79.375 -17.784 29.628
81.745 -17.135 26.744
83.882 -20.092 27.817
80.829 -22.318 28.303
81.732 -23.172 31.896
78.082 -24.108 32.544
78.615 -26.876 30.002
82.219 -27.977 30.612
81.715 -28.274 34.384
79.213 -31.033 33.676
80.424 -34.633 33.489
