35.917 67.899 44.195
39.549 68.566 45.248
39.685 71.858 47.128
42.365 73.573 49.145
41.660 73.937 52.854
40.550 77.155 54.358
42.895 78.098 57.182
39.878 77.766 59.500
39.794 74.071 58.596
43.556 73.763 58.949
43.151 75.098 62.428
40.385 72.692 63.187
42.315 69.689 61.852
45.339 70.816 63.879
43.365 71.053 67.146
42.449 67.441 66.823
45.842 66.130 65.842
47.100 67.862 69.037
44.474 66.117 71.193
45.192 62.747 69.554
48.876 63.374 70.559
48.062 63.666 74.183
47.065 60.035 74.316
50.743 59.112 74.053
51.756 60.855 77.237
51.989 58.318 79.956
51.076 61.091 82.389
47.694 61.374 80.699
47.062 57.652 80.403
47.627 55.840 82.658
48.812 58.862 84.641
45.419 60.476 84.922
46.623 64.074 84.561
45.956 66.833 82.088
49.188 68.663 82.438
50.958 67.983 79.264
52.001 70.643 76.722
49.466 69.686 74.009
46.940 69.094 76.806
46.933 72.462 78.163
47.316 74.058 74.750
44.142 72.683 73.213
41.775 71.969 76.048
43.056 73.924 79.136
40.059 73.260 81.427
39.883 69.509 80.799
38.779 67.214 83.535
39.965 63.604 82.809
36.818 61.530 83.544
38.557 58.158 83.033
41.502 56.411 81.336
41.459 52.695 80.343
44.355 50.532 79.286
44.320 47.093 77.646
47.540 45.350 78.603
46.713 42.546 76.177
46.666 44.767 72.981
48.108 48.071 74.424
45.023 49.917 73.392
44.822 52.964 75.664
42.344 55.816 75.758
40.529 58.323 77.896
37.251 60.225 78.382
37.750 63.932 78.947
35.091 66.672 79.610
35.602 70.416 78.970
32.857 72.551 80.395
34.245 75.531 78.602
34.010 73.996 75.108
30.954 71.872 75.960
32.669 68.746 74.660
33.226 65.263 75.877
36.270 63.903 74.092
36.876 60.162 73.605
40.570 59.663 72.611
42.381 56.474 71.618
45.797 55.070 70.771
47.219 51.624 70.184
50.807 50.664 70.446
53.315 53.281 69.535
55.847 50.755 68.167
54.756 51.557 64.609
57.212 49.545 62.438
56.010 46.337 64.249
52.343 47.443 64.169
52.716 47.626 60.392
54.968 44.482 59.731
53.111 42.248 62.255
49.527 42.756 61.072
47.083 40.162 59.533
44.803 41.431 56.720
41.935 39.144 57.580
38.291 40.049 58.389
35.533 39.594 60.982
31.824 40.169 60.443
30.426 43.453 61.408
27.382 42.169 63.201
25.344 45.443 63.174
25.289 45.681 59.368
24.428 42.905 56.902
27.144 42.557 54.394
29.759 44.465 56.462
33.125 43.188 57.727
35.869 45.035 59.621
39.527 44.128 60.322
39.590 41.220 62.706
42.337 42.450 65.143
41.091 46.043 65.453
37.597 44.804 66.249
38.977 42.351 68.931
40.984 45.255 70.468
37.748 47.251 70.416
35.647 44.687 72.258
38.406 44.650 74.842
37.889 48.253 75.881
34.272 49.076 75.109
33.032 48.299 78.625
35.608 50.753 79.935
34.500 53.874 78.070
30.906 53.362 77.039
29.090 53.680 80.467
31.374 56.648 81.228
30.341 58.552 78.043
26.683 57.730 78.644
26.944 59.080 82.183
28.519 62.320 81.025
25.753 62.894 78.446
23.130 62.427 81.297
25.230 64.800 83.425
25.691 67.128 80.454
22.982 66.797 77.789
23.869 69.825 75.695
27.494 68.797 75.103
28.883 67.154 72.011
31.133 64.081 71.770
34.281 64.324 69.670
36.067 60.925 69.109
39.674 60.996 68.028
42.988 59.250 67.596
46.183 58.731 65.646
47.446 55.550 63.988
45.802 52.421 65.419
43.868 54.703 67.695
42.066 55.899 64.514
40.605 52.491 63.847
39.234 52.440 67.394
37.794 55.914 67.010
35.879 55.061 63.883
34.434 51.852 65.406
33.783 53.791 68.609
31.811 56.598 66.932
29.923 54.017 64.900
28.936 51.981 67.988
27.978 55.076 69.935
25.705 55.810 66.907
24.243 52.390 66.975
23.753 51.945 70.677
23.065 55.314 72.178
19.804 57.099 71.094
20.975 60.580 72.073
23.970 60.609 69.651
23.505 61.552 66.050
25.150 63.858 63.424
24.307 66.850 65.681
26.515 65.959 68.520
28.697 63.087 67.356
31.788 63.928 65.401
34.872 61.688 64.540
38.418 62.886 63.652
41.528 60.805 62.890
45.108 61.563 61.811
47.217 58.557 60.415
44.247 56.126 60.496
44.485 52.669 58.859
41.602 51.261 56.878
39.088 49.359 58.940
36.489 47.651 56.768
35.268 46.293 53.457
33.154 48.366 50.931
29.747 47.630 52.555
31.111 48.911 55.901
32.431 52.020 54.200
29.110 52.591 52.607
27.268 52.296 55.906
29.583 54.819 57.530
28.872 57.492 55.048
25.219 56.605 55.254
25.103 57.463 59.004
25.918 61.059 58.298
28.349 61.282 61.270
31.111 63.721 60.128
34.315 61.826 59.706
37.459 63.705 58.765
40.544 61.552 57.880
43.727 63.669 57.762
46.825 61.991 56.263
50.229 63.622 56.106
52.161 63.521 52.958
53.550 60.011 52.336
52.425 58.375 55.686
52.121 54.603 55.016
49.450 53.764 57.538
46.259 55.104 55.720
47.376 52.802 52.924
47.311 49.598 55.012
45.360 47.078 54.920
45.459 47.585 51.083
42.560 47.742 48.571
43.780 44.510 46.953
42.670 42.738 50.164
39.237 44.319 49.965
39.543 47.268 52.407
38.091 50.776 51.782
38.100 54.084 53.713
34.897 56.244 54.265
35.036 59.891 55.405
36.623 62.956 53.787
40.224 63.098 53.249
42.408 66.068 54.054
45.976 65.568 52.831
48.878 67.635 54.143
50.910 67.846 50.838
53.678 70.230 51.850
54.526 70.939 55.378
51.816 72.579 57.460
49.158 74.577 55.608
49.271 72.893 52.224
46.226 70.684 52.766
44.136 69.547 49.779
40.705 68.117 50.560
39.258 65.258 48.558
35.729 66.079 49.473
34.129 62.737 48.422
33.070 60.485 51.380
34.671 57.365 49.846
38.355 57.425 48.953
39.559 58.995 45.828
42.763 58.420 44.027
43.111 62.240 43.993
44.587 62.672 47.406
47.140 60.531 49.349
46.634 57.419 47.207
48.427 59.189 44.356
51.815 59.053 46.056
51.705 55.233 46.557
54.176 53.223 46.398
56.396 56.196 47.471
55.306 55.781 51.019
57.029 56.339 54.404
56.555 55.529 58.093
58.366 58.692 59.034
55.487 60.913 57.896
53.328 58.988 60.348
55.348 60.547 63.177
54.354 64.233 63.049
51.139 65.984 61.898
51.134 69.713 61.383
54.431 69.522 63.295
53.058 67.990 66.510
54.888 64.741 67.561
52.464 61.853 67.258
53.977 58.951 69.056
56.244 60.125 71.895
54.654 63.121 73.593
57.343 65.544 72.431
