59.991 63.499 43.999
59.080 60.360 42.075
62.152 58.055 41.890
62.772 55.127 39.539
65.744 52.703 40.161
67.173 50.525 37.343
69.288 47.558 38.478
71.863 46.793 35.763
73.095 49.323 33.223
73.573 46.896 30.289
71.751 46.986 26.967
68.297 46.815 28.603
68.691 49.023 31.723
70.459 51.872 29.961
67.901 51.969 27.133
65.133 51.883 29.734
66.596 54.745 31.778
66.992 56.534 28.489
63.391 56.048 27.249
62.027 56.862 30.759
63.935 60.166 30.966
62.684 61.179 27.514
59.014 60.522 28.636
59.656 62.331 31.871
58.002 59.462 33.788
59.995 60.060 37.003
61.777 63.116 38.421
64.840 61.146 39.504
66.330 58.095 37.765
69.196 56.107 39.360
71.200 53.301 37.705
72.920 50.651 39.831
75.353 48.167 38.305
78.320 46.098 39.714
80.393 47.209 36.732
81.079 50.739 38.120
82.745 52.186 35.032
79.853 51.048 32.867
77.314 52.866 35.050
79.428 56.024 35.356
79.888 56.339 31.606
76.136 55.865 30.898
75.253 58.426 33.504
77.764 60.942 32.002
76.271 60.335 28.577
72.654 60.838 29.653
73.554 63.942 31.737
75.272 65.586 28.747
71.993 65.358 26.786
70.066 66.758 29.840
68.807 69.831 27.954
66.634 67.417 25.973
64.798 66.278 29.185
65.276 69.168 31.590
63.236 67.929 34.565
64.893 64.540 35.112
67.817 64.119 37.452
69.941 61.086 36.427
72.502 59.517 38.764
74.161 56.062 39.076
76.609 54.059 41.185
77.676 50.534 42.221
76.052 50.940 45.640
72.481 49.744 46.283
72.127 52.545 48.754
71.431 54.805 45.772
68.080 53.058 45.370
67.003 54.040 48.911
63.349 55.066 48.780
62.790 54.453 45.081
59.040 54.386 44.221
59.770 51.673 41.617
62.720 49.256 41.181
63.268 47.642 37.740
65.658 44.623 37.666
67.365 44.255 34.319
70.365 42.302 35.653
70.741 38.920 34.010
73.317 36.204 33.560
75.454 36.501 30.482
74.555 33.716 28.037
77.019 30.967 27.263
78.044 28.384 24.693
75.377 25.688 24.676
74.150 26.560 28.152
71.171 24.323 28.990
67.913 25.977 30.166
68.370 24.598 33.675
71.854 26.109 33.908
70.344 29.413 32.850
67.704 29.203 35.513
70.441 28.368 37.913
72.640 31.377 36.913
69.480 33.577 37.225
68.743 32.280 40.774
72.292 33.182 41.849
71.942 36.828 40.661
68.607 37.205 42.459
70.125 35.736 45.573
72.838 38.453 45.410
70.640 41.434 44.468
67.204 40.880 46.153
68.163 40.849 49.834
69.766 44.341 49.873
67.337 46.065 47.513
64.463 45.184 49.832
66.416 46.489 52.796
66.918 49.921 51.153
63.545 50.140 49.349
60.992 47.882 50.993
57.884 49.789 49.805
58.868 50.125 46.177
57.003 48.214 43.490
59.452 45.693 41.893
59.385 44.823 38.245
61.655 42.098 36.820
62.879 41.797 33.226
65.468 39.114 33.988
65.085 36.058 31.735
63.375 33.630 32.134
61.004 36.218 33.589
58.294 33.917 34.948
60.810 31.933 36.953
62.713 35.069 37.965
59.527 36.740 39.422
58.516 33.557 41.254
62.001 33.171 42.810
62.336 36.900 43.518
59.026 36.789 45.507
59.744 33.559 47.451
63.258 34.817 48.288
62.138 38.222 49.620
58.682 37.547 51.156
57.268 40.638 49.363
53.473 40.879 49.160
52.364 39.429 45.832
50.900 42.614 44.498
54.265 44.404 44.830
56.528 42.375 42.454
55.797 41.188 38.940
57.697 40.515 35.702
57.472 42.057 32.268
55.882 38.879 30.980
