5.728 9.203 1.402
6.526 12.063 -0.976
5.451 15.701 -0.966
2.452 15.012 -3.184
1.399 12.436 -0.606
2.259 14.634 2.381
0.065 17.509 1.271
-2.710 15.105 0.430
-2.569 13.708 3.950
-2.743 17.250 5.297
-5.654 18.411 3.193
-7.699 15.313 3.961
-7.225 15.567 7.708
-8.088 19.247 7.916
-11.349 18.167 6.261
-11.910 15.509 8.909
-11.421 18.059 11.649
-14.205 20.049 10.050
-16.659 17.140 9.958
-15.468 15.982 13.400
-17.958 15.722 16.272
-15.922 14.197 19.119
-12.485 15.091 20.452
-10.677 11.895 19.550
-11.346 12.163 15.791
-9.844 15.609 15.904
-6.757 14.278 17.721
-5.977 11.348 15.447
-6.338 13.722 12.509
-3.783 16.150 13.927
-1.421 13.367 15.037
-1.375 12.571 11.343
-0.968 16.149 10.142
1.980 16.585 12.480
3.685 13.551 11.013
3.029 14.656 7.446
4.270 18.206 8.011
7.630 17.140 9.402
8.086 14.709 6.554
7.161 17.362 3.952
9.827 19.541 5.546
12.529 16.904 4.970
11.754 17.340 1.262
12.751 19.684 -1.522
9.862 21.293 -3.471
10.053 21.422 -7.289
10.392 25.231 -7.240
13.523 24.853 -5.089
15.208 21.855 -6.766
18.179 24.006 -7.755
18.176 26.318 -4.727
21.158 25.673 -2.475
20.716 23.629 0.784
20.923 26.849 2.809
19.408 29.221 0.278
17.375 31.893 2.083
14.428 30.114 0.497
15.429 26.746 1.970
15.420 28.499 5.332
12.090 30.186 4.719
10.151 27.096 3.650
11.897 25.301 6.532
10.668 27.793 9.105
7.251 27.772 7.533
6.755 24.160 8.501
7.994 24.856 12.022
5.125 27.323 12.231
2.674 24.754 10.926
3.732 22.058 13.367
3.665 24.720 16.011
0.041 25.527 15.214
-0.828 21.855 15.068
0.501 21.282 18.561
-1.580 24.269 19.645
-4.745 22.520 18.512
-3.371 19.185 19.564
-2.842 20.449 23.095
-6.557 21.411 23.052
-8.055 18.284 21.436
-6.273 16.477 24.269
-8.117 18.431 26.961
-11.203 17.255 25.088
-11.912 20.750 23.772
-13.229 20.099 20.266
-14.606 23.426 19.058
-11.520 25.228 20.345
-9.167 22.888 18.533
-11.258 22.945 15.348
-10.986 26.711 15.532
-7.270 26.678 16.295
-6.971 24.289 13.376
-8.333 26.883 10.956
-5.390 29.178 11.573
-3.540 26.541 9.571
-5.155 27.627 6.316
-3.360 30.955 6.798
0.086 29.361 6.781
-0.969 27.190 3.838
-1.971 30.249 1.813
1.035 32.346 2.871
3.556 29.644 1.989
1.731 28.139 -0.964
1.651 31.613 -2.483
5.446 31.584 -2.236
6.193 27.964 -3.112
3.325 26.104 -4.807
