39.128 79.294 78.636
41.141 79.946 81.790
40.448 78.723 85.350
37.532 76.506 84.439
37.200 72.745 84.227
36.042 70.020 81.844
32.394 70.315 80.824
29.932 67.489 81.403
29.661 65.519 78.151
25.973 66.305 77.555
26.045 69.974 78.598
27.037 71.600 75.310
25.004 70.181 72.408
24.991 73.591 70.702
28.791 73.971 70.667
30.523 73.980 67.301
34.259 73.716 66.640
35.550 75.728 63.662
38.699 74.431 61.972
41.031 75.692 59.264
44.221 74.031 57.991
43.626 71.053 60.289
43.583 73.021 63.550
40.851 74.468 65.724
40.472 78.202 65.174
37.301 79.137 67.030
34.132 78.046 68.700
30.632 78.639 67.332
26.993 78.114 68.247
24.433 76.036 66.366
21.308 78.240 66.301
19.383 76.469 63.526
19.958 73.178 61.660
21.529 75.091 58.768
23.279 77.866 60.663
26.185 78.323 63.042
26.731 81.725 64.678
30.286 82.819 65.511
32.596 85.855 65.622
33.419 87.757 62.451
37.133 87.554 63.266
36.884 83.776 62.794
36.490 84.246 59.039
38.981 82.145 57.073
38.836 80.440 53.726
37.766 76.790 53.789
36.305 76.687 57.301
35.322 73.223 58.547
32.517 72.929 61.134
32.340 70.094 63.661
29.271 69.416 65.792
28.832 66.863 68.578
32.484 67.112 69.680
33.664 66.991 73.297
37.242 65.663 73.363
39.270 66.724 70.316
41.683 63.813 70.709
39.050 61.086 70.568
36.822 59.963 67.699
33.309 60.296 69.070
30.192 58.445 67.903
28.262 61.701 68.077
30.516 63.921 65.958
29.325 65.300 62.634
31.249 67.375 60.112
29.998 69.963 57.656
31.395 72.298 55.062
30.316 75.929 54.904
28.539 77.016 51.732
28.137 80.675 52.676
29.590 83.006 55.315
27.691 86.196 56.116
29.873 88.682 58.025
28.013 91.584 59.592
28.217 94.497 57.112
29.550 96.890 59.768
32.055 94.598 61.473
35.185 96.503 62.401
38.288 94.359 62.894
40.240 96.995 64.793
37.677 97.950 67.437
35.894 94.570 67.261
32.559 96.380 66.866
29.772 94.141 65.479
31.915 91.013 65.728
29.399 88.548 64.392
29.133 86.148 61.435
26.613 83.545 60.252
27.789 80.322 58.598
25.392 78.370 56.383
26.024 74.617 56.484
26.082 72.504 53.317
23.301 70.358 54.782
21.137 70.647 57.898
22.656 69.225 61.108
21.397 65.841 62.294
20.058 66.402 65.807
20.429 64.238 68.915
21.107 64.614 72.633
24.585 65.812 71.641
23.675 68.152 68.769
20.996 70.774 69.422
20.485 74.437 68.547
20.485 77.082 71.295
17.820 79.823 71.277
18.861 83.483 71.199
18.251 85.932 74.037
16.027 88.546 72.386
15.638 90.781 75.428
18.654 92.950 76.168
17.305 93.628 79.661
17.135 89.957 80.685
18.217 89.750 84.335
19.894 86.326 84.387
23.393 87.566 85.243
24.929 84.200 86.146
26.178 82.702 82.901
28.618 80.230 81.552
31.221 80.081 78.840
32.788 77.147 77.062
35.425 76.267 74.527
38.659 74.559 73.514
40.696 77.766 73.714
43.857 78.350 75.725
43.771 77.220 79.352
45.507 78.651 82.439
48.627 76.584 81.756
49.042 78.180 78.329
48.176 74.928 76.526
45.131 74.030 74.402
42.956 71.290 75.964
41.610 68.188 74.310
38.482 68.283 76.490
36.174 71.278 76.134
36.284 73.598 79.165
33.401 75.253 81.023
33.209 78.093 83.570
30.542 80.239 85.169
30.920 84.004 85.114
28.693 87.026 85.666
27.533 89.840 83.431
29.074 93.213 84.314
27.178 96.504 84.063
27.910 98.636 81.018
29.181 101.384 83.331
31.814 99.100 84.842
32.601 97.715 81.365
33.240 101.237 80.096
35.321 102.008 83.190
37.575 99.009 82.485
37.977 99.846 78.777
37.429 103.607 78.506
36.145 104.674 75.088
36.314 101.130 73.682
32.915 99.654 74.523
30.031 100.014 72.094
26.354 99.170 72.453
27.139 96.015 70.491
29.343 94.693 73.277
28.567 93.081 76.652
31.103 92.490 79.450
31.251 89.413 81.671
33.813 88.148 84.158
34.637 86.614 87.520
36.014 88.841 90.270
36.768 85.809 92.460
38.992 83.586 90.295
39.130 85.537 87.059
37.523 82.778 84.981
37.598 84.080 81.416
37.495 83.131 77.737
40.718 83.094 75.732
42.411 82.638 72.366
40.631 79.863 70.530
37.365 80.370 72.406
36.443 83.173 69.980
32.966 82.902 68.520
31.880 80.508 71.248
28.813 80.998 73.498
28.138 83.134 76.571
24.989 81.340 77.805
22.598 82.942 80.322
19.300 81.369 81.352
19.531 78.766 78.588
19.691 81.408 75.874
22.641 82.788 73.880
23.526 86.188 75.375
26.911 86.735 73.748
29.773 85.462 71.601
33.395 85.387 72.755
34.972 88.450 71.074
37.900 90.017 72.898
39.305 90.884 76.299
42.355 90.921 78.525
45.633 89.437 77.276
46.910 87.467 79.118
43.428 86.065 79.698
41.845 86.589 83.121
38.823 88.694 84.133
39.419 89.871 87.690
40.285 93.433 86.675
39.240 93.626 83.026
36.127 91.646 82.104
35.847 89.621 78.927
34.036 91.431 76.112
31.337 89.600 74.164
29.299 90.434 71.089
25.901 91.602 72.457
23.704 89.028 70.693
20.331 90.486 71.771
21.159 93.442 69.457
21.228 91.163 66.377
17.901 89.305 66.547
16.562 91.232 63.545
19.720 90.853 61.438
19.988 87.131 62.164
16.287 86.531 61.478
16.424 88.334 58.131
19.594 86.535 57.096
18.247 83.064 57.938
14.662 83.450 56.696
