-0.452 -12.184 -4.647
-0.514 -8.610 -6.140
1.176 -5.191 -6.464
-1.155 -2.468 -5.151
-1.924 0.231 -2.566
-2.246 -1.918 0.553
-5.366 -1.192 2.567
-5.900 -0.712 6.326
-9.605 -1.085 7.237
-11.911 0.768 4.742
-9.816 1.126 1.571
-7.215 3.411 3.079
-3.395 3.017 2.854
-0.358 3.909 4.968
0.606 7.400 3.928
4.323 6.741 4.234
7.375 8.775 3.202
9.988 6.125 3.931
10.187 3.571 1.133
12.075 1.414 3.677
9.092 1.466 6.085
7.232 -0.096 3.205
10.116 -2.562 2.495
9.369 -3.822 6.035
5.529 -3.218 6.112
4.467 -5.030 2.942
6.743 -7.981 3.296
5.584 -8.127 6.967
2.098 -9.023 5.556
3.829 -11.591 3.314
4.583 -9.469 0.249
7.721 -10.355 -1.721
8.809 -6.666 -1.733
7.664 -3.300 -0.298
8.030 0.364 -1.405
6.041 3.512 -0.688
4.518 4.670 -3.968
2.409 7.732 -4.704
0.063 8.683 -7.545
-2.761 11.134 -6.854
-6.012 9.193 -7.326
-5.645 8.219 -3.618
-2.496 10.281 -2.796
0.573 8.505 -1.383
0.570 4.919 -0.137
2.549 1.806 0.405
2.759 -0.291 -2.711
3.150 -3.767 -1.511
4.779 -6.036 -4.017
3.475 -9.482 -4.537
1.352 -8.845 -1.444
-0.503 -12.135 -0.552
-4.082 -12.642 -1.526
-5.757 -12.309 1.876
-5.122 -8.527 2.049
-7.881 -6.542 0.292
-5.772 -3.675 -1.109
-7.421 -0.333 -1.988
-8.285 1.572 -5.209
-11.627 3.541 -4.815
-10.716 7.178 -5.271
-10.972 8.305 -1.688
-10.391 6.273 1.527
-13.438 5.971 3.833
