3.331 1.856 9.069
-0.470 1.102 9.553
-2.335 2.584 6.580
-5.474 3.258 8.661
-3.361 5.088 11.315
-1.959 7.382 8.582
-5.353 7.904 7.003
-6.785 8.790 10.391
-3.917 11.160 10.983
-4.432 12.860 7.614
-8.040 13.492 8.563
-7.107 14.929 11.947
-4.521 17.110 10.196
-7.005 18.449 7.703
-9.521 19.227 10.444
-7.164 20.839 12.928
-3.714 21.645 11.597
-3.852 22.693 7.966
-5.030 26.134 8.989
-1.486 26.928 10.110
0.521 24.139 8.475
-0.905 24.008 4.916
1.442 22.036 2.705
3.554 21.109 5.740
4.674 24.695 6.068
3.916 27.266 8.775
1.852 30.338 7.988
2.375 31.779 11.436
6.147 31.419 11.890
7.458 30.547 8.459
10.671 28.795 9.300
9.192 26.317 11.784
7.616 23.985 9.271
6.689 20.339 9.390
9.457 19.430 6.928
12.287 17.167 8.097
15.071 19.717 8.053
13.023 22.307 9.961
11.919 19.781 12.575
15.510 18.625 13.026
16.625 22.255 13.443
13.856 23.662 15.618
11.764 21.024 17.371
12.926 20.134 20.850
13.931 16.504 20.573
14.418 16.663 16.789
12.747 14.423 14.252
11.101 11.781 16.431
7.550 10.671 16.946
7.971 11.379 20.672
9.111 14.933 19.971
6.281 15.607 17.564
3.666 14.119 19.882
5.052 16.086 22.818
4.608 19.399 21.009
1.187 18.451 19.642
0.150 17.577 23.216
1.733 20.497 25.049
2.042 23.327 22.579
4.783 25.891 22.090
4.478 29.610 21.601
1.691 30.237 19.085
1.448 26.411 18.438
-1.592 25.462 20.459
-1.549 22.512 22.924
-3.965 19.768 21.819
-3.963 17.289 24.737
-7.154 18.810 26.149
-8.758 19.143 22.695
-8.152 15.862 20.816
-8.373 12.344 22.146
-5.223 10.165 22.516
-6.076 8.220 19.287
-6.309 11.446 17.244
-3.086 12.769 18.758
-1.312 9.498 18.039
-2.650 9.403 14.492
-1.837 13.033 13.607
1.653 12.676 15.161
2.309 9.602 13.075
1.024 11.413 9.939
3.293 14.349 10.553
6.255 12.087 11.267
5.596 10.036 8.139
5.195 13.106 5.987
8.363 14.651 7.317
10.680 11.676 7.471
9.629 10.463 4.009
9.542 13.934 2.465
5.910 13.598 1.422
4.648 17.085 1.892
