48.583 51.042 80.610
46.482 51.047 77.365
43.934 48.550 75.903
44.541 46.925 72.475
43.110 43.780 70.940
46.160 41.522 70.748
47.044 38.134 69.323
49.281 35.455 70.842
52.509 34.727 68.883
52.180 32.733 65.673
55.579 31.016 65.441
54.235 27.540 66.147
51.471 27.788 63.552
53.259 29.416 60.565
55.286 26.274 59.553
51.962 24.386 59.198
50.445 26.639 56.596
50.137 25.348 53.048
48.646 26.354 49.713
45.959 23.979 48.458
44.463 24.311 44.918
41.920 22.250 42.872
40.176 23.532 39.771
40.065 27.335 39.778
40.115 27.415 43.618
43.217 28.294 45.622
43.028 28.644 49.423
44.953 27.576 52.554
45.332 24.274 54.376
46.785 23.156 57.742
49.595 20.579 57.563
49.963 18.369 60.651
51.637 14.951 60.501
50.971 13.498 57.052
47.643 15.231 56.722
46.436 18.522 55.298
43.041 19.954 56.386
41.261 22.671 54.400
37.688 23.829 53.685
36.031 21.090 51.564
34.621 23.758 49.253
37.998 23.869 47.543
36.595 20.847 45.677
33.607 22.678 44.216
33.641 22.648 40.432
31.271 25.693 40.430
31.047 27.967 43.486
28.325 30.160 42.036
25.715 27.404 42.261
24.519 24.979 44.960
27.273 22.387 45.493
26.624 18.612 45.586
29.521 17.332 47.724
28.832 13.600 47.107
29.214 14.194 43.341
32.360 16.311 43.655
33.821 13.580 45.857
32.842 10.727 43.486
34.559 12.433 40.525
37.677 13.526 42.321
41.065 12.934 40.772
43.816 13.157 43.302
46.288 14.413 40.713
44.182 17.552 40.317
45.046 18.714 43.842
48.186 20.788 44.274
49.480 21.103 47.847
52.620 23.033 48.591
54.781 24.914 51.022
57.164 27.556 49.668
57.702 26.257 46.079
57.839 22.658 47.337
54.946 20.354 46.522
53.562 17.312 48.376
51.899 14.219 46.947
48.230 13.730 47.673
47.608 10.038 48.399
43.919 10.136 49.388
41.057 12.460 50.235
37.960 12.206 52.449
35.452 14.583 53.974
35.275 15.008 57.762
32.136 17.067 58.231
32.799 20.278 56.254
36.610 19.795 56.335
38.537 18.107 53.549
41.320 15.840 54.839
44.131 14.922 52.433
46.757 12.327 53.349
49.997 13.485 51.837
53.163 11.514 51.064
55.094 13.361 53.718
55.147 14.189 57.403
55.407 17.868 58.341
58.724 17.899 60.230
57.607 21.065 61.927
54.343 19.728 63.403
54.025 21.305 66.794
52.610 19.491 69.792
48.897 20.423 69.719
45.369 19.683 70.654
41.941 20.539 69.290
39.061 22.205 71.018
35.932 24.199 70.306
35.585 27.910 71.115
32.371 29.043 72.911
30.400 32.234 72.553
32.158 35.174 74.162
35.556 33.466 74.009
38.605 35.039 72.349
41.123 33.396 70.045
43.793 34.212 67.453
43.592 34.167 63.733
46.630 33.689 61.478
45.280 35.195 58.241
46.792 33.570 55.192
46.856 34.320 51.536
47.052 31.389 49.167
49.467 29.416 51.279
51.363 32.295 52.861
51.003 33.647 56.546
50.194 37.323 56.134
48.852 38.686 59.430
47.863 37.799 63.014
44.992 39.372 65.003
42.622 38.506 67.863
38.913 37.885 67.475
36.082 36.894 69.747
33.257 34.380 69.075
29.739 35.883 68.639
26.583 34.155 70.003
25.465 32.866 66.572
28.849 31.215 66.096
30.438 33.794 63.740
33.376 36.168 64.182
34.033 39.640 62.912
37.397 39.122 61.217
38.940 40.523 58.091
39.073 37.944 55.473
39.146 38.700 51.818
38.936 36.284 48.871
41.994 34.005 49.115
42.148 33.754 52.936
39.691 30.793 53.217
41.387 27.995 55.165
43.069 30.568 57.526
43.553 29.162 61.004
42.274 30.024 64.468
44.235 28.875 67.550
44.786 29.503 71.199
47.716 29.003 73.591
46.897 28.082 77.174
49.584 27.152 79.729
52.010 26.236 76.951
49.454 24.033 75.136
48.584 24.950 71.562
44.986 24.317 70.456
43.711 24.596 66.861
40.098 25.854 67.122
38.881 27.318 63.827
39.319 27.106 60.088
37.826 29.804 57.896
35.224 28.897 55.214
33.087 31.811 54.152
31.517 35.204 54.546
27.765 35.775 54.950
25.883 38.584 53.162
26.035 40.669 56.320
29.863 40.553 56.380
30.096 38.122 59.373
32.592 35.272 59.196
31.958 31.546 59.307
34.231 28.621 59.934
34.428 25.180 61.429
36.278 23.378 64.255
38.641 20.503 63.585
35.923 17.975 64.216
34.503 19.265 60.916
31.467 20.895 62.523
30.632 24.410 61.261
30.312 26.874 64.176
26.699 28.033 64.217
25.619 25.217 61.931
25.835 27.367 58.800
25.965 25.422 55.469
29.155 25.401 53.361
27.158 26.563 50.307
27.106 29.897 48.341
23.635 30.470 49.782
22.083 33.616 51.214
21.715 32.264 54.726
21.195 34.882 57.470
23.256 35.240 60.653
20.538 35.503 63.209
20.203 37.860 66.110
23.483 38.741 67.705
23.624 38.495 71.500
26.193 40.738 73.257
28.399 39.177 75.913
27.870 40.999 79.261
30.886 39.868 81.153
33.000 41.102 78.130
31.188 44.452 78.035
31.809 44.994 81.789
35.470 44.155 81.270
35.618 46.790 78.498
33.956 49.465 80.659
36.395 48.647 83.437
39.240 49.158 81.027
37.770 52.518 80.031
37.748 53.568 83.695
41.301 52.448 84.251
42.258 54.208 81.019
40.661 57.446 82.260
37.188 57.786 80.829
34.366 58.258 83.311
31.609 60.137 81.533
29.386 57.038 81.437
29.561 56.343 85.198
26.769 57.692 87.330
25.403 58.088 90.853
23.618 54.766 90.367
23.707 50.972 90.771
21.668 48.147 89.224
21.762 44.862 91.149
22.984 41.652 89.534
19.587 40.044 89.632
17.661 42.984 87.980
20.277 43.489 85.213
20.095 39.782 84.313
16.359 40.457 83.826
16.754 43.363 81.375
19.458 41.266 79.663
17.049 38.537 78.592
14.955 40.733 76.266
17.708 42.980 74.998
20.205 40.634 73.276
22.623 40.504 76.160
23.811 37.503 78.181
23.396 36.779 81.863
26.122 37.497 84.440
26.976 34.476 86.660
28.780 36.518 89.254
30.881 39.551 89.914
33.603 37.123 91.063
35.734 37.819 87.953
36.054 41.578 88.527
37.384 41.674 92.097
40.660 43.315 91.122
39.142 45.635 88.507
36.347 46.744 90.838
38.968 47.069 93.562
41.368 49.397 91.696
38.784 51.554 89.972
36.599 51.789 92.957
33.543 51.001 90.843
31.863 47.823 92.004
30.352 45.780 89.191
26.737 46.582 89.798
27.396 50.250 88.935
28.899 49.266 85.579
25.819 47.069 84.935
23.728 50.228 85.265
25.915 51.969 82.620
25.351 49.179 80.110
21.603 49.401 80.336
21.795 53.152 79.739
24.320 53.091 76.866
22.476 50.513 74.713
20.287 53.421 73.433
23.317 55.358 72.113
26.381 57.196 73.356
24.853 60.516 72.384
27.819 61.158 70.157
30.484 60.354 72.761
33.036 57.555 72.611
34.611 54.969 74.987
38.217 53.925 74.185
37.447 55.562 70.757
34.365 53.466 69.927
30.932 54.893 69.293
29.084 51.850 70.719
29.576 49.072 73.262
32.333 46.522 72.661
32.135 42.923 73.678
35.346 41.757 72.013
37.427 41.478 75.196
36.999 38.915 77.971
37.523 39.673 81.676
40.785 37.678 81.619
42.006 39.471 78.524
41.379 42.835 80.160
42.802 41.876 83.570
46.061 40.713 82.018
46.378 44.059 80.173
45.253 46.249 83.083
47.563 45.855 86.005
49.500 42.832 84.872
49.325 39.158 85.725
