44.400 -2.509 -12.061
44.205 -6.350 -12.320
40.980 -6.904 -10.399
40.265 -9.803 -8.067
37.081 -10.559 -10.048
33.969 -9.451 -11.890
30.538 -9.500 -10.172
28.613 -11.743 -12.582
25.322 -11.915 -10.540
23.799 -11.878 -7.054
20.446 -12.788 -5.449
18.617 -12.646 -2.180
15.570 -14.825 -1.343
13.387 -15.505 1.706
12.589 -18.796 3.470
10.622 -19.662 6.646
12.288 -18.074 9.696
12.098 -21.522 11.444
14.633 -22.890 8.962
16.571 -19.729 8.144
19.804 -21.724 7.690
18.240 -22.983 4.468
18.420 -19.560 2.844
21.518 -20.281 0.813
19.759 -22.945 -1.212
17.169 -20.672 -3.106
19.692 -17.757 -3.100
22.537 -19.721 -4.656
20.205 -21.374 -7.261
18.839 -17.884 -8.154
22.334 -16.335 -8.442
23.446 -19.191 -10.669
20.294 -18.876 -12.816
21.081 -15.162 -13.234
24.703 -15.821 -14.163
23.686 -18.539 -16.637
25.777 -21.096 -14.758
25.198 -24.659 -13.663
26.175 -25.724 -10.138
28.910 -27.907 -11.707
30.495 -24.865 -13.424
31.732 -23.548 -10.048
35.436 -24.028 -9.167
35.243 -22.611 -5.627
32.520 -21.874 -3.036
32.409 -20.101 0.274
29.197 -21.069 2.091
29.091 -19.443 5.545
29.028 -21.933 8.459
26.710 -20.347 11.063
25.988 -23.873 12.317
27.176 -27.352 11.096
23.553 -28.447 10.768
22.672 -25.776 8.202
26.033 -25.868 6.406
25.477 -29.654 6.005
21.888 -29.213 4.750
23.013 -26.583 2.174
25.740 -28.893 0.788
23.351 -31.839 0.642
20.682 -29.974 -1.330
23.039 -28.205 -3.691
25.102 -31.277 -4.366
28.257 -29.299 -5.174
31.516 -31.138 -4.563
32.283 -30.690 -0.855
36.052 -30.552 -1.742
35.585 -27.109 -3.376
33.603 -25.701 -0.429
35.235 -23.707 2.383
38.670 -25.108 1.327
40.470 -23.010 3.981
37.810 -23.640 6.585
34.740 -21.779 7.657
33.003 -19.779 10.333
32.915 -22.603 12.832
36.660 -22.144 13.111
37.196 -18.560 11.973
34.195 -17.021 13.646
31.053 -15.090 12.707
31.209 -11.294 13.166
27.627 -11.020 11.935
27.505 -7.863 9.805
31.061 -8.357 8.502
30.853 -12.111 7.774
29.453 -11.738 4.244
32.433 -9.589 3.276
34.800 -11.819 5.212
33.839 -14.901 3.156
34.025 -12.868 -0.049
37.685 -11.963 0.882
38.437 -15.577 1.521
36.861 -16.638 -1.797
38.566 -13.957 -3.850
42.141 -14.453 -2.519
41.754 -18.298 -2.867
40.404 -17.883 -6.465
43.507 -15.808 -7.252
45.919 -18.206 -5.607
44.574 -21.381 -7.341
43.638 -19.797 -10.617
39.921 -20.630 -10.137
37.646 -19.074 -12.841
34.174 -19.214 -11.269
33.206 -18.798 -7.587
30.133 -18.278 -5.385
29.737 -16.810 -1.913
26.508 -17.399 0.087
25.171 -16.916 3.628
22.045 -17.683 5.586
20.172 -14.913 7.374
18.100 -14.724 10.608
14.501 -14.076 9.924
14.559 -16.409 6.943
16.670 -15.218 4.064
19.673 -16.055 1.977
22.072 -14.051 -0.153
24.489 -15.203 -2.939
27.015 -13.706 -5.315
28.723 -15.106 -8.374
32.282 -14.026 -9.212
34.432 -14.672 -12.247
38.122 -14.030 -12.673
39.347 -11.627 -15.370
