14.186 41.506 0.360
15.603 40.051 3.506
16.221 36.326 3.225
15.527 34.412 6.401
17.642 31.410 6.677
17.030 28.513 9.036
20.064 26.368 9.053
18.829 22.964 10.237
15.578 21.647 8.818
15.462 18.516 10.989
16.123 18.046 14.561
15.524 15.353 17.078
15.344 15.668 20.828
14.061 13.230 23.334
11.722 15.114 25.700
13.243 16.078 28.725
15.794 18.565 26.648
16.447 22.110 25.787
16.066 22.743 22.068
17.477 25.842 20.369
16.618 26.736 16.759
18.321 29.469 14.875
17.196 32.054 12.368
19.422 34.355 10.550
18.169 37.418 8.668
20.140 38.775 5.666
19.745 42.418 6.665
19.659 43.841 10.160
16.073 43.385 11.286
15.924 45.570 14.473
14.186 42.805 16.466
10.982 42.528 14.341
11.199 38.777 14.444
8.330 36.381 14.921
8.372 32.675 15.592
5.506 30.324 14.436
4.608 26.700 15.065
3.257 24.700 12.107
1.612 21.436 12.884
1.510 18.532 10.265
-1.939 19.592 9.351
-2.740 23.201 8.416
-2.220 24.971 11.626
0.157 27.718 12.398
0.230 29.503 15.667
2.261 32.528 16.539
4.423 31.742 19.540
6.620 34.869 19.884
6.506 38.318 18.423
9.181 41.020 18.594
12.111 38.716 19.394
11.135 37.784 23.048
7.338 38.449 23.648
5.180 35.442 24.325
1.741 35.552 22.667
-0.903 34.554 25.323
-1.528 30.874 25.393
2.138 30.126 24.742
3.940 28.061 27.450
6.779 29.706 29.395
9.019 26.777 28.213
9.442 28.822 24.986
11.940 31.684 25.005
12.972 33.932 22.092
16.013 36.280 21.981
18.837 37.680 19.766
19.762 40.893 17.977
20.862 42.498 14.621
20.875 39.553 12.210
20.780 36.518 14.501
17.912 35.105 16.588
16.909 32.054 18.627
13.933 30.229 19.914
14.622 27.908 22.898
12.266 25.144 24.126
13.514 24.687 27.654
11.934 21.390 28.368
10.679 19.636 25.352
7.157 18.226 25.697
5.599 15.592 23.437
3.090 18.147 21.942
6.053 20.330 20.715
6.635 18.251 17.502
6.122 20.801 14.720
8.148 22.817 12.307
9.196 26.157 13.694
9.350 29.201 11.474
10.750 32.763 11.851
9.650 35.715 9.762
11.003 39.212 9.612
8.426 41.950 9.934
10.959 44.833 9.593
10.761 45.527 5.809
8.101 44.650 3.278
7.642 42.154 1.962
7.399 39.888 4.932
9.565 36.835 4.516
9.537 33.624 6.342
12.293 31.151 7.102
12.275 27.718 5.491
11.378 26.140 8.885
12.908 23.529 11.222
10.934 20.299 11.803
11.314 18.957 15.268
11.123 15.228 15.594
10.698 13.623 19.027
13.454 11.109 19.798
12.089 7.822 20.718
