21.142 -52.708 109.955
18.290 -52.151 112.388
15.043 -49.965 112.663
13.975 -48.348 116.045
11.772 -45.492 117.458
11.232 -41.680 117.417
9.647 -39.099 119.626
8.833 -35.356 119.801
9.567 -31.674 120.680
7.047 -28.631 120.307
8.678 -25.139 119.644
6.511 -23.250 122.000
6.758 -19.476 121.552
8.682 -16.670 123.271
6.462 -13.784 124.379
9.295 -11.352 123.603
8.206 -9.765 120.438
9.541 -9.885 116.949
8.592 -7.086 114.527
5.250 -6.622 112.873
2.342 -9.071 112.735
4.677 -12.064 112.860
4.497 -15.001 115.286
6.195 -18.277 114.973
5.760 -21.281 117.139
6.275 -24.990 116.198
6.955 -28.638 116.614
10.078 -30.804 115.986
10.753 -34.617 115.963
13.647 -36.467 117.552
15.739 -39.672 117.611
14.597 -41.949 114.940
15.769 -44.796 112.767
14.380 -45.129 109.289
13.390 -41.889 107.774
10.369 -40.215 106.277
7.839 -39.145 108.938
4.264 -37.597 108.912
4.512 -34.284 110.917
1.062 -32.866 110.583
-0.127 -29.524 112.077
-3.562 -29.326 113.876
-4.211 -32.944 112.978
-2.635 -32.060 109.593
-4.517 -28.908 108.624
-3.210 -25.384 108.760
-0.490 -25.547 106.125
-0.611 -21.702 106.126
2.562 -20.302 107.546
4.168 -23.670 107.932
7.776 -24.403 107.374
8.541 -28.111 107.919
12.196 -27.374 108.639
14.722 -29.884 107.231
16.202 -32.981 108.697
19.427 -34.279 110.016
21.288 -37.615 109.836
23.486 -37.584 112.966
27.125 -38.692 113.817
25.582 -41.523 115.736
23.433 -42.318 112.720
20.243 -40.778 114.204
17.614 -38.118 113.120
16.031 -34.719 114.091
13.862 -32.194 112.200
11.487 -29.302 112.864
8.008 -27.892 111.809
6.971 -24.312 112.547
3.737 -22.350 112.402
4.297 -18.783 111.157
0.741 -17.266 111.449
-0.805 -14.031 113.178
0.187 -12.944 116.657
-3.296 -11.953 117.732
-4.612 -15.387 116.554
-2.546 -16.909 119.360
-4.473 -17.635 122.552
-7.618 -16.974 120.477
-7.084 -20.454 118.814
-5.953 -24.089 119.338
-2.938 -25.201 117.370
-1.758 -28.878 117.693
1.608 -30.510 116.509
0.513 -34.090 115.448
3.142 -36.516 114.293
3.137 -40.171 113.129
5.835 -42.666 112.291
4.916 -45.903 110.638
8.647 -47.285 110.390
8.258 -47.939 114.185
4.751 -46.777 115.724
4.882 -43.321 117.461
2.255 -40.576 117.089
1.771 -37.326 119.101
-0.181 -33.943 119.730
0.532 -30.361 121.476
-0.446 -26.655 121.836
0.391 -22.788 122.322
-0.179 -19.339 124.205
1.141 -15.612 124.377
1.125 -12.581 126.908
0.712 -8.699 127.640
