46.881 13.066 49.118
46.526 13.240 52.905
44.825 10.476 55.129
42.396 12.891 56.833
39.581 10.939 55.230
37.931 9.656 58.469
37.531 13.328 59.580
35.913 15.140 56.670
32.133 14.948 56.381
30.402 13.987 53.205
26.915 14.124 51.656
25.501 11.899 48.788
24.402 13.021 45.263
23.302 11.230 42.055
24.665 12.041 38.613
21.523 14.057 38.041
22.458 17.084 40.333
25.565 17.649 38.308
23.301 18.470 35.340
24.810 21.409 33.570
27.655 22.075 36.098
31.172 23.231 35.068
33.634 20.934 37.073
37.422 21.175 37.295
38.769 17.540 37.194
42.497 17.008 38.290
43.709 14.812 35.533
46.648 12.742 37.008
44.314 11.417 39.644
41.641 10.690 37.096
44.426 8.960 35.139
45.448 6.878 38.189
41.745 5.998 38.978
41.448 4.492 35.499
44.860 2.736 35.614
43.222 0.876 38.478
39.594 0.446 37.388
39.868 -0.085 33.636
41.288 -3.559 33.376
40.950 -6.695 31.288
38.598 -9.424 32.619
41.819 -11.368 32.772
43.020 -8.832 35.368
45.687 -6.760 33.646
45.676 -3.139 32.504
44.592 -2.447 28.940
47.638 -2.411 26.649
48.123 -1.789 22.924
49.769 -4.470 20.677
53.287 -2.952 20.980
53.069 -3.352 24.687
52.286 0.064 26.278
49.248 0.687 28.576
46.095 2.096 27.335
43.587 2.311 30.112
44.065 6.026 30.917
43.110 6.574 27.292
40.150 4.035 27.355
39.123 5.694 30.617
39.512 9.406 29.833
37.782 8.930 26.543
34.662 7.004 27.442
34.411 8.505 31.008
34.489 12.243 30.279
31.968 11.335 27.490
29.507 9.518 29.805
29.756 12.479 32.224
29.125 14.925 29.424
26.219 12.556 28.445
24.952 13.113 32.009
25.251 16.800 31.391
28.326 17.673 33.495
30.900 19.841 31.637
34.583 18.903 32.647
37.936 20.724 32.365
41.045 18.677 33.386
43.646 20.621 35.412
47.206 19.701 34.644
50.164 19.842 37.089
52.899 22.302 36.550
56.443 21.735 37.548
55.616 20.012 40.854
56.995 22.107 43.820
59.732 19.556 44.825
59.380 20.188 48.584
62.342 18.369 50.122
65.775 19.335 51.480
68.749 20.794 49.614
71.674 18.548 50.540
73.367 17.984 47.119
72.542 21.434 45.556
71.125 19.797 42.433
69.744 16.442 43.397
69.955 15.842 39.590
70.381 12.562 37.750
71.106 10.688 40.928
72.437 7.310 39.582
69.554 5.210 40.835
67.226 3.231 38.470
65.599 5.633 36.135
63.260 4.590 33.182
62.992 0.895 34.227
61.121 1.850 37.340
57.543 2.623 36.077
57.663 1.900 32.484
58.041 -1.757 33.469
56.104 -1.224 36.584
55.217 -4.741 37.418
52.799 -3.105 39.964
49.841 -2.012 37.802
49.584 -5.837 37.578
48.401 -4.937 40.997
49.969 -6.397 43.888
50.612 -2.786 45.326
50.333 1.046 44.725
53.421 2.161 43.067
52.316 5.615 42.063
54.677 5.957 45.075
57.498 4.751 42.795
56.973 7.540 40.115
56.632 10.243 42.881
60.183 10.556 44.340
62.929 12.236 42.196
62.690 10.694 38.719
60.839 8.084 36.607
59.237 10.535 34.317
56.023 9.137 33.525
55.143 12.607 32.081
54.487 10.527 28.952
51.354 9.167 30.646
49.959 12.797 30.857
51.289 13.579 27.351
48.930 11.135 25.647
46.180 12.570 27.938
46.344 16.266 27.136
46.912 15.094 23.518
43.775 12.854 23.375
41.735 15.477 25.345
42.429 18.098 22.762
41.013 16.066 19.861
38.372 14.852 22.379
37.261 18.502 22.559
37.799 18.921 26.289
38.839 22.169 28.078
42.298 21.312 29.432
43.528 23.816 31.854
47.387 23.613 32.637
48.555 24.856 36.087
51.769 26.506 37.568
52.252 24.172 40.534
50.012 21.323 41.704
46.887 20.505 39.821
44.669 20.282 42.827
45.358 23.987 43.778
44.430 25.565 40.457
41.487 23.031 40.535
40.803 24.695 43.871
41.370 28.277 42.851
38.930 27.817 39.909
36.342 26.961 42.547
37.538 29.892 44.856
36.533 32.267 42.037
33.228 31.005 40.600
34.598 29.330 37.434
33.193 25.853 38.387
31.037 24.338 41.140
33.811 21.906 42.377
37.180 20.233 42.168
37.054 16.534 41.360
39.595 14.125 42.760
39.655 11.234 45.082
41.840 13.384 47.321
41.020 15.861 49.912
44.025 18.100 48.984
41.836 20.751 47.403
40.045 21.345 50.742
43.521 22.278 51.982
43.921 24.794 49.060
40.455 26.238 49.872
38.059 24.360 47.402
34.485 25.298 48.402
33.373 21.955 47.008
35.247 18.799 46.156
33.007 16.112 44.610
34.464 12.579 44.797
33.533 9.427 42.798
33.073 10.863 39.232
35.620 8.711 37.267
34.561 5.544 39.031
30.783 6.143 39.723
29.171 2.767 38.809
26.963 -0.102 39.785
27.537 0.424 43.516
26.335 -3.032 44.642
27.853 -6.314 45.812
31.730 -6.359 45.819
34.626 -4.098 44.648
38.272 -3.253 44.311
38.042 -1.702 47.736
34.373 -0.664 47.337
33.429 2.760 48.580
29.921 1.190 48.809
28.043 4.143 47.437
30.216 4.310 44.305
27.726 6.982 43.679
29.258 10.575 43.923
29.916 12.147 47.263
29.869 15.916 47.862
32.504 17.184 50.316
31.777 20.960 51.225
34.622 23.038 52.869
31.912 24.805 54.923
30.681 21.547 56.664
34.164 20.174 56.900
35.118 23.330 58.712
32.096 23.686 61.014
31.629 20.004 62.214
35.311 19.693 63.330
35.654 23.358 64.486
