29.252 -11.273 -2.512
28.588 -7.500 -2.429
30.043 -4.327 -3.972
30.889 -2.566 -0.669
33.471 -2.252 2.150
34.957 -5.233 4.079
38.837 -5.339 4.404
38.982 -1.825 5.852
41.289 -3.182 8.563
44.031 -4.050 6.058
43.143 -0.731 4.414
43.978 1.468 7.423
47.416 -0.136 7.573
48.272 0.341 3.907
47.156 3.969 4.013
49.144 4.552 7.189
52.170 3.015 5.441
51.532 5.309 2.464
51.662 8.388 4.672
54.865 7.313 6.434
56.674 6.933 3.139
55.589 10.439 2.223
56.518 11.831 5.624
60.017 10.429 5.357
60.481 11.630 1.772
59.903 15.190 2.962
62.348 14.732 5.813
64.915 13.638 3.254
64.118 16.654 1.059
65.304 18.680 4.047
68.434 16.632 4.577
69.467 17.569 1.051
68.611 21.253 1.175
70.737 21.555 4.300
73.450 19.784 2.332
73.134 22.186 -0.626
73.717 24.889 1.992
76.390 23.716 4.422
78.745 21.925 2.068
80.163 23.507 -1.083
80.661 20.214 -2.928
77.048 19.489 -3.894
77.913 16.726 -6.373
78.892 14.345 -3.502
76.598 12.340 -1.143
77.510 12.710 2.573
75.613 10.625 5.189
72.908 12.049 7.442
74.734 12.358 10.789
77.570 14.081 8.965
75.257 16.550 7.258
74.015 17.264 10.795
77.515 17.873 12.150
78.718 19.688 9.032
75.907 22.167 9.641
76.683 22.604 13.341
80.200 23.423 12.198
79.216 25.592 9.249
77.264 27.739 11.676
80.045 28.339 14.245
82.110 29.330 11.236
79.813 32.037 9.941
78.964 32.910 13.549
82.571 33.941 14.247
82.700 35.375 10.712
80.502 38.143 12.109
81.708 38.513 15.684
81.454 42.323 15.728
