32.744 27.214 1.996
33.940 30.459 3.602
31.202 30.225 6.226
33.275 27.745 8.218
36.516 29.706 7.934
34.719 32.602 9.629
32.973 30.517 12.300
36.398 29.152 13.183
38.023 32.580 13.445
35.033 33.921 15.393
35.542 31.141 17.949
38.858 32.669 19.033
40.587 29.289 19.093
44.286 28.521 19.498
44.743 28.581 15.700
43.787 30.955 12.858
41.946 29.789 9.743
42.048 30.891 6.107
41.548 29.364 2.663
44.081 26.887 1.318
42.216 25.334 -1.609
40.613 26.711 -4.787
38.984 24.771 -7.645
39.183 21.334 -6.076
36.860 18.371 -6.412
36.007 16.557 -3.185
37.862 13.520 -4.559
41.047 15.593 -4.356
40.606 16.393 -0.680
39.893 12.708 -0.153
43.018 11.567 -1.987
45.042 14.114 0.011
44.114 12.274 3.230
45.970 9.139 2.096
46.337 6.940 5.190
44.283 3.997 6.303
44.286 4.170 10.077
44.242 1.454 12.679
46.613 -0.888 10.896
48.494 -3.596 12.872
51.261 -1.890 14.822
54.952 -2.761 14.994
56.686 -3.994 18.139
56.915 -1.088 20.579
60.275 0.504 21.369
61.798 -0.169 24.801
61.235 3.373 26.049
63.961 5.551 27.539
62.631 9.107 27.971
63.345 8.877 31.717
67.039 9.459 31.007
66.869 12.216 28.374
66.516 15.720 29.851
63.915 17.005 27.392
63.946 20.754 26.677
60.783 22.862 26.639
60.977 23.407 22.918
62.749 21.561 20.126
62.906 21.980 16.365
64.793 19.307 14.458
65.542 21.955 11.841
67.665 24.114 14.133
69.232 21.101 15.786
70.511 19.566 12.542
70.837 22.482 10.159
73.420 20.434 8.242
70.459 18.297 7.108
68.481 20.255 4.435
65.775 17.586 4.159
64.421 18.408 7.648
62.925 21.568 6.095
62.106 20.289 2.629
58.355 20.099 1.915
57.058 17.510 -0.533
53.868 17.243 -2.612
51.824 14.042 -2.821
49.680 15.345 -5.648
46.323 13.714 -6.372
47.537 10.485 -4.855
46.612 8.996 -1.482
50.305 8.521 -0.812
50.727 10.492 2.413
51.294 7.164 4.174
54.363 6.908 1.956
55.522 10.515 2.202
55.509 10.725 5.967
57.742 7.679 5.934
60.404 8.598 3.346
60.454 12.166 4.709
61.422 10.905 8.180
63.829 8.393 6.653
65.755 11.000 4.652
66.068 13.131 7.808
67.490 10.294 9.898
70.006 9.063 7.291
71.591 12.503 7.547
71.280 12.922 11.318
72.655 9.444 12.000
75.749 10.009 9.841
76.463 13.503 11.164
75.556 15.026 7.827
78.106 13.030 5.865
75.385 11.123 4.049
72.491 13.146 2.656
69.969 11.610 0.240
66.301 12.009 -0.606
64.600 8.653 -0.180
62.222 7.972 -3.088
58.517 8.423 -2.394
58.007 6.825 -5.774
59.768 3.519 -5.013
57.713 3.030 -1.820
54.428 4.040 -3.445
54.849 1.616 -6.349
57.036 -1.271 -5.206
55.828 -2.101 -1.705
52.860 -3.958 -3.143
50.131 -5.295 -0.875
52.375 -5.243 2.212
51.741 -1.490 2.493
48.225 -1.238 1.102
46.757 0.171 -2.076
49.244 2.770 -3.299
47.380 5.943 -4.249
44.214 4.683 -2.556
45.793 4.898 0.892
48.204 2.641 2.756
49.621 1.764 6.163
52.640 3.704 7.523
53.670 0.565 9.442
54.253 -1.465 6.299
56.256 1.329 4.663
58.791 1.216 7.469
58.802 -2.550 7.624
59.523 -2.472 3.885
62.447 -0.050 4.221
63.990 -2.773 6.331
63.334 -5.773 4.121
63.837 -4.455 0.630
64.955 -0.892 1.220
64.152 2.060 -1.038
66.319 3.942 -3.560
66.760 7.714 -3.724
64.351 9.938 -5.640
63.617 13.648 -5.708
60.397 15.581 -6.331
58.305 15.649 -9.548
60.408 16.503 -12.589
63.364 17.251 -10.315
65.541 14.733 -12.143
67.090 14.259 -8.718
68.091 10.739 -7.812
67.072 7.351 -9.086
63.268 7.586 -8.972
61.679 11.059 -8.659
57.944 11.226 -7.900
55.968 10.724 -11.089
52.594 11.975 -9.947
52.287 15.643 -10.992
51.459 18.534 -8.619
48.188 20.406 -8.667
48.296 24.148 -8.025
45.340 24.016 -5.609
46.580 27.267 -4.049
46.272 29.475 -7.128
43.185 30.333 -9.174
42.839 30.509 -12.943
43.120 27.449 -15.182
39.662 26.028 -14.473
40.349 22.233 -14.689
39.606 21.589 -11.001
42.062 19.323 -9.208
40.501 15.894 -8.844
41.829 12.913 -6.920
42.272 10.487 -9.777
45.095 8.575 -11.415
46.253 5.089 -10.540
49.271 3.765 -8.752
52.020 3.420 -11.358
53.629 0.026 -12.026
56.718 -0.745 -9.931
59.322 -0.130 -12.616
62.458 -1.285 -10.788
64.733 0.830 -12.959
66.416 4.166 -12.285
65.495 7.070 -14.526
67.777 7.189 -17.582
70.670 9.457 -16.689
71.181 8.221 -13.148
74.590 6.558 -13.008
73.857 3.511 -10.816
71.679 0.392 -10.749
68.393 0.585 -8.840
69.361 -2.544 -6.963
72.658 -0.834 -6.012
70.947 2.342 -4.846
68.673 0.820 -2.209
69.023 2.452 1.200
68.098 0.153 4.087
67.207 0.554 7.749
68.187 -1.737 10.657
64.646 -1.942 12.123
61.343 -0.084 12.379
59.307 0.357 15.552
56.299 1.772 17.310
56.690 4.558 19.814
54.287 4.446 22.748
51.571 7.063 22.924
53.482 8.637 25.777
54.001 12.377 25.220
57.395 12.245 26.901
58.462 9.086 25.075
57.693 10.497 21.605
59.639 13.592 22.665
62.706 11.556 23.635
62.530 9.557 20.359
62.541 12.732 18.268
65.229 14.472 20.306
67.521 11.479 20.308
66.872 9.696 17.062
65.120 12.273 14.912
61.818 13.166 13.167
59.134 10.432 13.146
56.073 9.514 11.114
52.599 9.672 12.607
48.999 9.744 11.453
45.811 11.430 12.620
42.161 11.966 11.838
41.456 14.824 9.453
38.428 17.020 9.950
37.129 19.535 7.400
38.383 22.612 9.239
41.961 21.328 9.377
41.979 22.002 5.652
41.790 25.738 6.424
44.691 25.874 8.861
46.687 29.069 8.514
48.626 29.461 11.779
48.372 28.852 15.526
47.802 25.544 17.339
45.277 23.347 15.497
42.576 22.196 17.866
39.645 20.682 15.939
36.907 23.301 16.186
34.353 22.309 13.533
33.556 20.273 10.434
33.024 16.567 9.827
35.505 13.691 9.407
37.509 13.588 6.172
39.747 10.551 6.661
43.108 9.529 8.122
46.393 11.230 7.269
50.050 10.559 8.047
52.743 13.230 8.547
56.242 13.860 9.875
56.490 15.155 13.430
59.770 17.056 13.807
59.615 19.105 17.001
57.470 20.541 19.766
57.096 23.619 21.901
54.639 25.843 23.692
52.888 28.718 22.003
50.552 31.062 23.829
50.353 28.549 26.668
49.123 25.731 24.411
51.591 22.867 24.029
52.006 21.871 20.373
53.665 19.399 18.009
55.598 20.932 15.111
54.326 19.036 12.070
55.296 18.990 8.394
52.445 18.308 5.959
52.941 17.096 2.389
50.331 19.295 0.706
52.852 21.497 -1.096
54.969 24.285 0.409
52.131 26.794 0.080
49.688 25.087 2.447
49.326 26.457 5.974
52.449 27.873 7.608
54.819 27.345 4.671
53.997 23.651 4.538
54.162 23.082 8.281
51.453 23.339 10.944
51.189 22.983 14.730
48.713 20.685 16.475
47.575 20.417 20.104
50.164 18.493 22.081
49.484 16.230 25.027
45.851 15.168 25.147
46.150 12.759 22.181
44.207 15.140 19.924
42.798 13.507 16.804
45.013 10.561 17.611
48.201 12.419 16.706
49.970 10.428 19.444
48.408 7.046 18.637
50.416 5.724 15.669
54.034 6.880 15.950
56.426 4.959 13.697
60.174 5.356 13.284
63.396 3.562 12.437
67.174 3.677 12.466
68.965 3.834 9.092
71.487 1.052 8.586
74.625 3.225 8.543
76.932 0.376 7.432
76.667 0.607 3.646
77.908 4.223 3.639
81.319 3.871 5.294
83.439 2.526 2.465
81.829 5.062 0.137
81.699 8.193 2.286
