32.734 5.390 7.978
32.997 8.154 10.578
32.279 5.970 13.655
30.297 7.675 16.430
30.701 6.412 20.075
28.196 7.463 22.737
28.775 7.463 26.438
27.198 6.656 28.730
24.954 3.973 27.158
22.517 3.913 30.186
22.285 6.802 32.648
19.792 7.303 35.489
19.184 10.862 36.729
16.925 12.481 39.309
14.643 15.301 38.127
16.401 18.525 38.659
19.824 16.918 38.035
21.962 18.081 35.113
22.826 15.379 32.564
25.451 15.354 29.908
25.885 12.799 27.197
28.751 12.553 24.859
28.946 11.558 21.233
32.458 11.471 19.926
33.247 11.615 16.246
36.186 9.440 15.197
37.134 11.878 12.345
36.544 15.547 12.776
33.082 16.450 11.469
31.399 19.790 10.942
27.860 19.365 12.177
26.222 17.007 14.650
22.472 16.412 14.986
20.634 14.540 17.848
17.446 12.535 17.687
15.287 11.452 20.655
13.168 8.287 20.662
10.726 7.209 23.388
9.524 3.550 23.414
7.394 2.801 20.478
7.842 5.892 18.366
10.165 6.838 15.511
13.231 9.094 16.188
12.326 12.890 16.445
14.505 15.757 15.385
15.949 17.247 18.471
19.218 19.226 18.013
20.753 20.065 14.581
23.789 21.974 13.284
25.478 21.246 16.619
23.061 23.352 18.777
19.972 24.686 17.153
17.074 23.062 18.878
14.207 22.188 16.620
10.671 23.401 17.126
9.292 21.948 20.267
12.598 21.134 22.006
12.397 22.954 25.378
14.912 25.466 26.491
16.784 23.119 28.723
18.447 21.107 25.957
21.823 22.231 24.604
24.116 21.139 21.893
27.810 22.076 21.994
31.145 20.795 20.633
33.652 20.975 17.813
35.376 18.492 15.536
35.517 15.270 17.523
33.344 15.951 20.623
29.820 17.066 20.866
27.552 16.891 23.901
23.902 17.181 24.784
23.333 18.596 28.173
19.963 18.926 29.887
20.098 21.568 32.581
17.275 20.592 34.907
16.405 16.958 34.080
12.602 16.683 33.843
10.625 13.369 34.019
9.392 13.856 30.401
13.009 13.810 29.097
13.587 10.143 29.730
14.227 8.500 26.383
17.064 7.253 24.193
19.152 9.922 22.527
21.070 9.122 19.348
23.581 11.499 17.742
23.816 11.694 13.923
26.336 12.992 11.365
25.850 13.694 7.633
29.014 12.719 5.787
28.825 8.835 6.324
25.240 9.113 7.494
26.320 7.113 10.552
24.459 7.278 13.974
25.880 6.556 17.448
24.584 3.711 19.715
22.183 5.693 21.983
22.251 6.862 25.585
19.102 5.708 27.358
18.220 8.046 30.215
15.938 6.758 32.994
14.709 8.727 36.014
16.211 7.879 39.442
13.624 7.620 42.263
