-11.295 -11.255 30.588
-12.131 -9.266 27.459
-11.740 -5.924 25.716
-15.085 -4.144 25.904
-16.464 -1.016 24.306
-16.634 1.776 26.858
-18.834 4.151 24.900
-16.662 5.913 22.279
-13.587 3.697 22.892
-12.219 0.162 23.523
-11.356 -0.569 27.163
-10.040 -3.264 29.494
-11.191 -3.477 33.103
-8.445 -4.161 35.617
-9.332 -6.680 38.355
-8.902 -5.309 41.881
-6.048 -7.708 42.629
-3.990 -6.421 39.695
-4.586 -2.828 40.778
-3.202 -3.792 44.185
-0.362 -5.779 42.637
0.830 -2.660 40.821
-0.165 -0.192 43.534
-2.424 1.439 40.944
-5.174 3.896 41.804
-7.700 5.620 39.564
-6.176 8.537 37.637
-2.628 7.171 37.780
-0.947 7.530 34.408
0.251 4.377 32.665
2.234 3.560 29.540
0.455 1.389 26.988
2.490 -0.366 24.332
3.092 -3.429 22.142
5.980 -5.659 23.246
6.588 -9.198 21.973
3.180 -9.271 20.338
1.485 -8.524 23.637
-0.374 -5.454 24.849
1.522 -3.947 27.778
0.187 -1.640 30.502
2.834 -0.276 32.856
2.750 2.370 35.642
4.645 5.614 35.037
