33.876 50.394 17.125
31.817 48.684 14.439
28.041 48.402 14.791
25.663 45.950 13.126
22.027 46.952 12.954
19.321 44.448 12.110
15.873 43.212 13.033
16.019 41.218 16.250
14.328 38.020 14.966
16.866 37.807 12.157
19.978 39.239 13.727
20.010 37.697 17.207
20.552 34.125 15.903
23.311 35.211 13.545
25.285 37.389 16.020
28.145 34.962 16.563
28.666 34.208 12.918
28.554 37.833 11.807
31.279 38.741 14.246
33.467 35.993 12.822
32.815 37.201 9.234
33.538 40.841 10.158
36.626 39.855 12.167
37.406 37.623 9.201
37.221 40.434 6.567
38.887 42.979 8.830
41.726 40.499 9.221
41.651 39.191 5.704
41.163 42.590 4.124
42.855 45.166 6.335
45.189 43.057 8.508
43.353 43.606 11.760
43.594 40.464 14.032
40.551 38.437 15.002
39.510 40.591 18.008
41.409 43.885 17.980
38.092 45.537 17.138
35.037 46.211 19.177
31.843 44.980 17.442
28.413 45.870 18.662
25.034 44.465 17.662
21.842 46.427 17.893
18.723 44.159 17.574
15.766 46.195 16.489
12.094 45.603 17.366
9.960 45.771 14.181
8.430 49.085 15.138
11.830 50.764 15.253
13.212 49.626 11.868
12.007 51.329 8.700
14.341 49.573 6.316
13.907 50.537 2.572
10.410 49.608 1.294
11.538 47.059 -1.205
13.962 45.167 1.019
13.422 42.284 3.322
13.478 41.623 7.018
17.161 40.566 6.400
18.113 44.200 5.953
21.405 44.727 7.863
23.307 47.992 8.212
27.006 47.966 9.061
28.790 51.058 10.352
32.574 50.817 10.429
34.725 53.490 12.055
38.495 53.725 11.182
41.419 56.060 11.698
41.965 57.969 8.440
44.880 57.060 6.147
43.929 53.950 4.097
43.671 54.383 0.334
40.371 54.443 -1.449
41.000 51.027 -2.972
41.614 49.413 0.421
38.271 50.600 1.836
36.360 49.434 -1.334
37.971 46.008 -0.926
36.657 45.750 2.616
33.121 46.688 1.512
33.395 44.197 -1.400
34.584 41.370 0.897
31.931 42.026 3.478
29.298 41.642 0.661
30.727 38.304 -0.521
31.259 36.963 2.964
27.737 37.786 4.176
26.294 36.325 0.935
28.114 32.972 1.236
28.293 32.437 4.983
25.003 33.938 6.185
22.882 33.835 3.067
22.214 37.557 3.279
21.567 38.844 -0.185
24.004 41.663 -0.942
20.881 43.698 -1.868
19.996 43.453 1.784
23.181 45.009 3.089
24.212 48.588 3.596
27.654 49.498 4.790
29.360 52.756 5.554
32.955 53.438 6.473
33.379 56.507 8.569
36.873 57.814 9.002
38.319 60.261 11.495
41.805 61.841 11.785
44.210 59.854 13.986
44.282 62.691 16.594
40.506 62.306 17.004
40.919 58.775 18.257
41.738 57.580 21.755
42.803 54.088 22.871
45.072 52.599 25.565
45.590 56.111 26.932
47.007 57.738 23.786
45.655 59.763 20.966
45.728 57.924 17.638
48.448 60.136 16.159
50.736 59.262 19.059
50.292 55.581 18.766
53.632 53.802 18.137
