3.227 1.503 16.946
-0.095 -0.241 16.175
0.992 -2.817 13.592
3.389 -2.479 10.644
2.366 -4.256 7.432
4.334 -4.122 4.129
4.105 -5.210 0.482
6.609 -5.544 -2.415
5.185 -3.477 -5.313
6.833 -3.913 -8.729
5.320 -0.818 -10.399
5.568 2.328 -8.202
8.211 4.691 -9.683
6.833 8.262 -9.232
5.802 10.555 -6.354
2.441 11.040 -8.125
2.040 7.237 -8.258
2.975 7.191 -4.552
0.373 9.857 -3.725
-2.314 7.963 -5.646
-1.208 4.736 -3.892
-1.256 6.230 -0.383
-4.683 7.718 -1.206
-5.872 4.427 -2.810
-5.045 2.575 0.423
-5.808 5.419 2.909
-9.413 5.591 1.625
-10.129 2.096 3.059
-10.650 2.551 6.862
-8.325 0.307 8.959
-5.202 2.156 7.787
-4.027 4.880 10.193
-0.578 5.745 8.775
0.510 5.235 5.158
4.175 5.054 4.109
4.413 4.186 0.406
8.077 4.117 -0.708
7.924 4.048 -4.493
11.137 3.351 -6.514
12.303 1.170 -3.580
9.390 -1.130 -4.603
7.639 -1.115 -1.197
4.605 0.093 0.682
4.185 0.047 4.472
0.799 0.482 6.157
0.061 0.920 9.864
-3.491 -0.407 10.286
-5.104 -1.103 13.659
-7.834 -3.336 12.239
-7.291 -5.744 9.312
-7.197 -4.294 5.787
-4.177 -5.757 3.982
-6.373 -7.990 1.843
-8.213 -4.686 1.169
-5.008 -2.715 0.350
-3.703 -5.387 -1.948
-6.983 -5.525 -3.823
-6.971 -1.675 -3.839
-3.500 -1.443 -5.429
-4.352 -4.311 -7.780
-7.472 -2.348 -8.836
-5.438 0.893 -9.144
-3.074 -1.098 -11.406
-0.135 -2.448 -9.349
1.279 -5.861 -8.341
2.120 -5.959 -4.628
2.366 -9.077 -2.457
2.299 -9.578 1.340
5.674 -9.203 3.085
4.624 -10.629 6.462
3.596 -8.568 9.523
6.903 -6.684 9.934
10.254 -8.349 10.761
