14.434 50.604 -17.684
11.095 52.488 -17.445
11.014 50.639 -20.847
11.177 46.995 -19.776
8.284 44.711 -18.620
7.821 44.213 -14.885
6.924 40.892 -13.343
5.670 40.713 -9.733
6.344 37.368 -8.163
4.721 35.642 -5.205
7.310 33.647 -3.354
6.478 30.220 -2.052
8.052 28.514 0.974
11.102 26.254 0.705
11.610 23.563 -0.381
9.295 24.618 -3.174
9.834 27.074 -6.020
7.531 29.826 -7.306
6.061 29.430 -10.735
8.485 30.103 -13.572
9.594 29.069 -17.039
12.884 27.372 -17.759
13.407 29.155 -21.089
12.531 32.851 -20.648
9.463 33.522 -22.739
10.554 37.144 -23.143
13.431 39.621 -23.361
14.935 41.092 -20.124
12.364 41.936 -17.491
12.417 43.590 -14.057
11.446 40.958 -11.511
9.764 42.314 -8.380
10.088 40.458 -5.088
9.131 41.388 -1.521
10.224 39.815 1.750
9.347 40.605 5.406
12.026 39.896 8.003
10.659 37.791 10.864
12.492 37.308 14.138
10.968 34.366 16.091
11.994 31.379 18.140
11.899 28.116 16.155
12.033 24.530 17.183
15.012 22.856 15.713
14.370 19.526 17.377
12.787 17.986 20.482
14.171 20.226 23.245
16.258 22.446 20.983
15.230 25.913 19.983
16.779 28.789 18.137
16.043 32.509 18.516
15.896 32.802 14.738
16.013 35.737 12.365
14.443 34.891 9.058
13.653 36.122 5.566
9.877 35.772 5.075
9.411 33.514 8.075
11.264 30.447 6.752
14.727 28.953 6.963
16.083 29.003 4.331
14.577 32.255 2.983
12.467 31.599 -0.176
13.939 30.797 -3.602
13.755 33.592 -6.214
14.002 32.549 -9.879
14.868 34.885 -12.751
16.811 34.802 -15.991
20.273 36.021 -16.881
20.152 39.640 -17.945
16.943 40.416 -16.069
16.920 42.917 -13.213
15.811 42.090 -9.695
14.118 44.698 -7.490
13.766 43.379 -3.940
11.562 45.205 -1.383
12.903 44.253 2.071
10.779 45.096 5.120
12.010 45.135 8.746
8.748 45.265 10.785
8.643 47.431 13.936
8.265 44.458 16.237
11.734 43.253 15.320
14.724 44.018 17.560
17.588 44.678 15.251
18.900 46.013 11.984
19.147 43.717 9.008
20.091 43.940 5.342
20.662 41.701 2.320
23.731 40.665 0.402
23.046 38.892 -2.935
25.994 36.834 -4.156
24.277 37.138 -7.585
24.851 40.912 -7.605
27.781 43.233 -8.381
28.822 46.080 -6.077
28.084 47.557 -2.643
28.908 44.332 -0.798
26.261 42.513 -2.776
23.674 45.123 -1.950
24.374 44.948 1.805
25.831 48.445 1.873
22.544 49.783 0.366
19.951 47.861 2.393
20.577 48.321 6.124
17.185 48.816 7.654
16.226 49.250 11.268
12.925 47.855 12.751
10.149 49.994 11.160
11.963 50.558 7.845
11.836 49.245 4.306
14.235 49.475 1.353
14.097 48.574 -2.327
17.282 47.405 -4.084
17.601 46.907 -7.842
20.476 44.861 -9.376
21.110 43.299 -12.728
21.372 39.483 -12.684
24.338 39.408 -15.046
25.507 35.884 -14.233
23.688 32.585 -14.495
23.727 30.232 -11.499
22.110 29.435 -8.179
23.482 31.978 -5.596
23.241 32.487 -1.884
21.632 35.647 -0.500
22.089 36.437 3.202
21.916 39.128 5.920
25.301 40.838 6.630
24.870 43.886 8.841
28.600 44.333 9.565
31.329 42.845 11.700
30.285 40.107 14.241
26.739 40.551 13.110
27.516 38.923 9.797
28.089 35.366 11.005
25.625 35.649 13.866
22.684 36.693 11.675
23.446 34.035 9.087
23.670 31.175 11.653
20.482 32.600 13.214
18.749 31.632 9.883
19.131 34.699 7.655
19.990 33.175 4.299
18.256 31.910 1.069
18.925 31.559 -2.585
18.270 33.157 -5.987
18.549 31.025 -9.123
19.405 32.955 -12.299
18.660 30.660 -15.158
20.320 31.105 -18.609
17.743 32.718 -20.920
17.780 29.576 -23.136
17.485 27.275 -20.062
