16.200 -7.033 10.019
19.242 -4.976 11.014
19.527 -1.173 11.124
17.661 0.644 8.347
13.970 0.963 9.245
12.078 1.298 5.990
8.553 0.885 4.636
8.195 4.004 2.510
10.311 6.469 0.548
9.592 10.022 -0.613
11.098 10.496 -4.067
10.792 13.544 -6.322
7.707 12.126 -7.986
5.698 11.057 -4.941
6.040 8.303 -2.340
6.515 4.527 -2.221
4.491 2.203 0.010
6.335 -1.002 0.865
4.450 -3.419 3.123
3.553 -7.089 3.568
0.075 -7.919 2.282
-1.767 -10.590 4.262
-4.794 -11.859 2.270
-7.584 -14.030 3.678
-7.701 -12.161 6.971
-11.338 -11.172 7.442
-11.181 -7.420 6.902
-8.751 -4.865 5.469
-7.207 -3.957 8.793
-3.653 -2.854 9.599
-3.041 -4.895 12.760
0.606 -5.821 12.106
2.299 -2.498 11.654
5.968 -2.832 12.567
8.453 -0.129 13.566
10.608 -1.324 10.669
7.925 -2.984 8.528
4.202 -2.830 7.787
1.812 -5.767 7.839
-1.770 -5.313 6.636
-4.425 -8.002 6.406
-6.658 -7.652 3.366
-9.842 -9.717 3.054
-9.163 -10.545 -0.587
-8.989 -14.107 -2.029
-5.642 -15.819 -2.875
-5.870 -14.521 -6.460
-4.304 -11.251 -7.656
-7.160 -10.105 -9.900
-9.216 -9.893 -6.698
-6.399 -8.754 -4.382
-4.913 -6.288 -6.867
-8.395 -4.796 -7.283
-8.469 -4.173 -3.531
-4.883 -2.913 -3.543
-5.479 -0.245 -6.183
-8.686 0.475 -4.252
-7.462 0.758 -0.645
-4.866 3.297 -1.770
-6.763 4.967 -4.614
-9.588 5.446 -2.094
-7.712 6.196 1.144
-5.134 8.269 -0.743
-7.843 9.525 -3.093
-5.101 9.850 -5.738
-5.491 7.897 -8.973
-4.968 4.431 -10.439
-2.581 5.935 -12.976
-0.653 7.390 -10.042
-0.606 4.064 -8.194
2.293 2.054 -9.611
3.014 -1.438 -8.237
6.801 -1.630 -8.323
6.549 -5.188 -6.918
4.084 -7.508 -5.200
1.946 -8.307 -8.249
2.266 -11.995 -7.283
4.010 -11.825 -3.889
2.819 -11.035 -0.346
5.209 -8.104 -0.556
3.977 -4.833 -2.022
5.675 -1.719 -3.363
3.075 0.746 -4.577
4.060 4.202 -5.794
1.804 7.227 -5.279
2.479 9.906 -7.899
1.173 13.458 -7.472
-0.110 12.536 -3.964
-3.435 14.077 -2.940
-4.094 12.670 0.524
-1.494 11.101 2.816
-2.780 9.315 5.970
-1.053 10.020 9.338
0.251 6.450 9.276
2.812 7.204 6.573
3.031 10.779 7.839
4.319 9.639 11.243
7.581 8.841 9.432
7.574 11.953 7.226
6.095 14.527 9.608
