6.756 -8.147 -2.631
10.555 -8.080 -2.598
12.406 -5.299 -4.393
14.701 -6.403 -7.206
17.666 -4.066 -6.728
18.733 -4.876 -10.279
15.473 -3.520 -11.735
16.040 0.241 -12.254
12.303 0.799 -12.731
11.378 -1.012 -9.527
14.143 0.764 -7.626
13.062 4.194 -8.859
9.465 3.538 -7.810
10.628 2.329 -4.403
12.867 5.377 -3.976
10.141 7.762 -5.106
7.857 6.309 -2.446
10.513 6.683 0.246
11.563 10.204 -0.731
7.976 11.481 -0.948
6.542 9.753 2.099
5.938 11.850 5.199
7.330 8.775 6.978
10.520 8.715 4.932
13.825 8.091 6.709
17.320 8.409 5.292
18.235 5.104 6.968
15.406 3.495 4.994
16.610 4.984 1.728
18.291 2.479 -0.580
21.356 4.675 -0.289
21.765 3.560 3.300
22.686 0.071 2.102
25.618 1.631 0.256
26.760 3.180 3.517
26.345 -0.108 5.414
28.139 -1.962 2.622
29.047 -4.839 4.930
25.386 -5.650 5.603
23.120 -7.508 3.183
20.164 -5.528 1.850
16.696 -7.066 1.582
13.925 -4.618 0.756
10.197 -5.296 0.647
7.047 -3.294 0.054
3.266 -3.499 -0.093
1.016 -2.040 -2.764
-2.495 -0.652 -2.414
-5.472 -1.679 -4.550
-4.152 0.600 -7.297
-0.807 -1.189 -7.325
0.985 1.849 -5.880
3.483 1.411 -3.060
1.793 2.102 0.276
4.451 0.767 2.637
8.091 -0.198 2.402
10.797 -1.649 4.596
14.499 -1.566 3.809
16.218 -4.272 5.826
19.914 -4.839 6.367
21.124 -8.287 7.416
24.122 -8.695 9.678
26.051 -11.618 11.125
25.791 -12.867 14.698
27.735 -15.408 16.784
25.112 -17.953 15.704
24.025 -19.506 12.410
21.313 -16.852 12.097
21.400 -13.336 10.652
20.130 -10.198 12.383
17.624 -8.385 10.144
17.328 -4.693 10.928
15.239 -1.927 9.340
16.706 1.199 10.928
13.953 3.700 11.727
11.616 1.800 9.447
9.273 0.765 8.135
8.055 3.663 6.040
4.301 3.860 6.608
2.021 4.698 9.533
3.250 1.998 11.905
0.229 2.461 14.166
-1.790 0.890 11.330
-0.752 -2.462 12.750
-2.867 -4.610 10.441
-1.066 -3.015 7.511
2.222 -3.399 9.364
1.538 -7.113 9.810
1.082 -7.438 6.061
4.333 -5.632 5.298
6.173 -7.690 7.883
4.767 -10.894 6.368
6.374 -9.822 3.093
9.633 -9.163 4.907
9.553 -12.544 6.654
9.008 -14.279 3.310
11.959 -12.385 1.832
14.213 -13.297 4.766
13.461 -16.965 4.041
14.400 -18.239 7.501
17.893 -16.723 7.393
17.288 -14.331 10.297
16.393 -14.987 13.926
14.590 -11.673 14.149
13.386 -8.730 12.098
13.724 -5.552 14.121
12.467 -2.097 13.248
12.579 1.046 15.384
10.222 3.618 13.840
10.089 7.223 15.004
6.585 6.935 16.409
5.725 8.114 19.915
5.723 5.553 22.695
2.367 4.862 24.327
1.025 1.980 26.389
-1.800 1.497 23.910
0.493 1.232 20.887
2.909 -0.936 22.844
0.063 -3.249 23.811
-1.368 -3.392 20.314
2.038 -4.401 18.982
2.388 -7.124 21.592
-1.170 -8.311 20.881
-0.064 -8.768 17.280
2.813 -10.940 18.448
5.698 -8.493 18.315
8.193 -8.214 21.138
8.764 -4.567 21.989
11.840 -3.108 23.623
11.401 0.224 25.324
10.696 1.013 28.971
11.182 -2.678 29.773
14.853 -2.750 28.733
18.101 -1.175 29.987
18.919 2.441 29.088
22.519 1.758 28.075
24.765 -1.184 27.286
24.679 -4.157 24.928
21.076 -4.792 25.944
19.917 -1.241 25.260
18.109 -0.283 22.061
20.381 0.316 19.082
18.869 3.771 18.613
18.174 6.119 21.531
14.427 6.357 22.188
14.698 9.839 23.666
15.306 12.369 20.916
15.490 16.150 20.877
13.254 17.230 18.027
12.577 20.848 17.095
9.132 21.205 15.519
9.557 24.088 13.090
5.884 23.985 12.107
5.201 25.711 15.416
6.846 28.802 13.910
5.285 29.328 10.452
6.691 32.858 10.128
10.199 32.073 11.353
12.731 33.535 8.925
15.937 32.789 10.808
17.065 30.453 13.563
16.836 33.206 16.170
13.078 33.551 15.584
12.499 30.175 17.244
