83.174 47.436 57.800
82.268 47.202 61.484
82.830 50.329 63.589
83.065 49.182 67.202
82.944 51.695 70.022
85.260 49.728 72.284
88.311 47.453 72.026
87.037 44.160 73.518
89.596 41.714 72.039
87.709 38.520 72.838
84.945 40.241 70.874
86.776 41.382 67.764
88.291 37.999 66.998
84.747 36.732 67.575
83.108 39.301 65.315
85.809 38.572 62.720
85.011 34.870 62.566
81.413 35.363 61.437
81.151 38.873 60.013
84.773 39.288 58.785
85.828 42.159 56.578
87.483 44.991 58.500
87.058 46.037 62.157
87.412 49.686 63.109
87.586 50.468 66.802
88.126 53.839 68.487
91.762 54.933 68.504
93.699 55.207 71.723
97.504 55.078 71.696
96.934 53.391 75.058
96.864 49.720 74.023
97.958 50.200 70.432
101.066 47.986 70.432
101.927 44.596 68.925
100.192 42.753 71.744
96.834 43.982 70.469
97.424 41.676 67.493
98.678 38.848 69.646
95.503 39.780 71.468
92.741 40.117 68.855
94.798 37.553 66.931
94.227 39.290 63.607
96.468 41.960 62.083
96.370 45.678 62.742
95.953 47.475 59.426
96.989 50.467 61.506
95.571 53.927 62.179
92.697 55.153 60.072
90.091 57.902 59.990
86.560 57.058 58.905
84.121 59.981 58.998
85.468 62.457 61.542
88.092 61.034 63.910
90.575 58.121 63.914
89.910 54.449 64.719
92.127 51.361 64.559
91.686 48.964 61.671
91.679 45.305 62.617
91.102 42.667 59.980
92.064 39.398 58.321
94.591 39.836 55.494
95.701 38.214 52.262
