78.985 34.841 35.302
82.572 36.128 35.326
84.225 39.519 34.778
82.518 42.906 34.769
85.654 45.042 34.789
85.019 48.830 34.703
84.577 50.406 31.235
87.620 52.555 31.840
89.559 49.326 31.470
87.487 47.170 29.127
89.955 45.891 26.508
86.689 46.102 24.595
84.132 48.490 26.014
81.552 47.523 23.457
81.061 44.277 21.539
79.130 44.176 18.296
77.510 40.831 17.567
76.335 40.419 13.991
73.624 37.757 14.106
73.851 35.923 10.771
70.569 34.575 9.408
69.761 32.571 6.248
68.312 35.768 4.785
70.014 39.158 4.737
73.355 37.971 6.082
75.158 40.800 4.359
73.083 43.742 5.570
73.686 42.834 9.208
77.488 42.732 8.884
77.020 46.097 7.214
75.098 47.446 10.188
77.826 46.076 12.446
80.392 48.228 10.691
78.163 51.289 10.664
77.952 50.875 14.423
81.673 50.142 14.647
82.813 53.264 12.793
80.330 55.314 14.780
81.525 54.057 18.186
85.105 53.604 16.920
86.158 57.128 17.800
85.483 57.534 21.511
85.176 53.834 22.276
86.821 50.421 22.096
84.576 48.243 19.918
84.979 44.726 18.514
82.828 42.565 16.300
82.343 38.819 16.362
82.708 37.896 12.706
83.337 34.366 13.997
81.039 31.496 13.071
79.238 30.123 16.110
76.067 30.204 18.213
75.603 33.829 19.213
75.132 32.096 22.537
78.735 31.097 23.132
79.538 34.596 21.850
77.099 36.318 24.190
78.463 33.987 26.837
82.112 34.293 25.871
81.895 38.096 26.131
79.905 38.038 29.319
82.659 36.003 30.993
85.224 38.446 29.683
83.141 41.162 31.281
82.724 43.325 28.209
80.607 46.167 29.708
78.285 46.736 26.763
77.202 44.430 23.964
75.236 45.334 20.870
73.113 42.760 19.122
72.858 43.557 15.434
69.682 41.857 14.290
67.368 41.764 11.214
63.921 42.319 12.673
65.934 44.757 14.796
67.161 47.195 12.136
63.808 47.108 10.325
62.183 48.895 13.291
64.991 51.477 13.160
66.267 50.382 16.566
69.358 48.672 17.942
69.537 46.589 21.130
72.130 46.813 23.909
73.061 44.668 26.908
74.533 45.840 30.211
76.987 43.104 31.193
76.593 44.624 34.685
72.897 44.361 35.540
72.536 41.954 32.659
69.376 43.795 31.658
68.760 44.057 27.912
67.042 47.004 26.242
66.531 48.459 22.782
66.802 52.070 21.701
66.573 54.317 18.643
69.536 54.016 16.270
69.669 57.811 16.216
70.635 58.076 19.886
73.296 55.343 19.859
76.357 57.465 20.571
74.618 59.438 23.333
73.326 56.177 24.776
76.539 54.156 24.641
78.173 57.060 26.504
75.523 57.546 29.165
74.944 53.790 29.441
78.686 53.125 29.683
78.950 55.723 32.477
75.904 54.582 34.381
77.527 51.164 34.417
80.769 52.371 35.988
78.854 54.555 38.428
76.875 51.444 39.308
79.611 48.810 39.549
81.426 51.429 41.597
78.621 51.715 44.090
78.007 47.971 44.248
81.708 47.875 45.048
81.439 50.465 47.789
78.294 48.973 49.263
79.791 45.478 49.684
82.767 47.297 51.095
81.058 49.510 53.663
78.859 46.525 54.508
81.985 44.591 55.640
