10.114 18.281 47.456
7.584 21.085 47.479
8.989 24.592 47.890
10.042 27.940 46.374
12.104 28.261 43.175
15.632 29.571 43.930
18.731 30.336 41.966
22.068 29.194 43.560
25.738 29.095 42.429
28.428 26.386 42.363
31.615 25.180 40.726
31.596 22.272 38.187
34.125 19.472 37.555
36.431 21.683 35.402
36.287 24.415 38.121
33.977 26.942 36.286
31.254 28.803 38.134
27.698 27.846 37.215
24.146 29.033 37.838
21.849 26.451 39.539
18.064 26.058 39.775
17.225 24.701 43.211
14.260 24.542 45.536
13.955 26.002 49.041
11.921 23.776 51.318
12.080 24.059 55.066
15.580 24.984 55.985
17.367 23.556 53.000
17.801 23.944 49.347
17.432 20.923 47.089
18.905 20.294 43.673
15.448 20.278 42.187
14.732 22.396 39.108
11.032 23.290 38.672
11.644 25.812 35.892
11.362 23.638 32.767
8.495 21.559 31.270
10.087 18.581 32.974
11.311 18.454 36.583
15.045 17.785 36.965
16.253 16.009 40.150
19.854 15.327 41.265
20.839 12.608 43.716
23.772 11.539 45.937
24.603 7.811 46.223
27.414 8.582 48.618
29.886 6.231 46.862
27.735 3.219 47.196
26.361 0.800 44.745
22.727 1.772 45.328
20.128 3.692 43.366
18.908 6.403 43.347
20.393 7.612 46.595
19.334 10.658 48.534
17.964 13.804 46.937
20.662 16.499 47.223
20.307 19.033 50.001
22.428 22.038 50.793
22.421 24.477 53.729
23.263 27.834 52.086
22.511 27.505 48.311
26.244 27.515 47.547
27.759 24.401 45.901
31.431 25.251 46.067
32.895 22.177 47.879
35.047 19.625 46.036
32.357 17.120 46.795
29.817 19.372 45.125
31.347 19.506 41.639
29.894 16.335 40.015
26.376 17.235 41.250
26.618 20.820 39.952
27.485 19.593 36.442
24.951 16.751 36.363
22.250 19.226 37.373
23.210 22.040 34.919
23.883 19.881 31.806
20.626 17.953 32.053
18.673 21.225 32.091
20.828 22.293 29.057
19.947 19.136 27.220
16.221 19.617 27.821
16.667 23.107 26.469
18.317 22.022 23.238
15.426 19.658 22.470
12.716 22.121 23.527
14.009 25.099 21.526
15.110 23.292 18.408
12.265 20.882 17.823
9.671 21.711 20.416
10.261 18.414 22.215
9.111 18.142 25.820
11.607 15.846 27.503
12.805 12.357 26.484
9.295 11.162 25.730
7.710 14.332 24.323
5.478 14.343 27.404
7.519 15.941 30.153
9.038 12.877 31.812
11.300 13.991 34.644
15.108 13.830 34.391
16.844 12.131 37.261
20.606 11.784 37.764
22.630 10.040 40.521
26.194 11.203 41.165
28.964 9.680 43.398
27.833 6.267 42.274
30.194 3.568 43.437
33.934 3.814 44.013
36.295 5.220 41.341
33.807 4.047 38.696
34.829 4.847 35.189
31.322 5.001 33.744
28.162 7.042 33.068
25.074 5.806 31.222
21.372 6.260 30.885
20.041 3.081 32.616
16.671 3.095 30.903
15.299 5.150 33.773
17.815 7.759 34.969
21.334 9.048 34.499
24.103 7.336 36.408
27.489 8.949 37.062
30.618 7.568 38.620
33.540 9.751 39.736
36.285 8.194 37.619
39.767 6.993 38.826
41.221 10.414 38.247
43.643 8.942 35.706
41.636 7.477 32.821
38.629 9.709 33.541
37.554 12.472 35.759
34.058 12.932 37.170
31.890 11.743 34.318
29.259 14.551 34.654
31.722 17.215 33.398
31.377 16.416 29.761
28.381 17.831 27.979
28.650 15.765 24.794
28.633 12.503 26.787
25.514 13.605 28.626
23.802 14.725 25.415
24.829 11.417 23.947
23.216 9.280 26.732
20.143 11.406 27.008
19.697 11.028 23.263
19.603 7.240 23.878
16.468 7.972 25.986
14.913 9.744 22.979
15.688 6.863 20.507
14.026 4.453 22.916
10.980 6.695 22.779
10.948 6.798 18.987
12.743 4.531 16.516
13.801 2.186 19.243
16.868 1.005 17.257
17.927 -2.445 18.213
21.403 -2.553 19.862
23.006 -4.985 17.441
24.683 -4.851 14.040
24.031 -1.902 11.726
20.954 -0.624 13.566
22.960 -0.609 16.844
25.839 1.350 15.234
23.276 3.787 13.758
21.924 4.140 17.378
25.412 4.964 18.626
26.040 7.380 15.679
22.769 9.218 16.320
23.737 9.730 19.963
27.142 11.178 18.939
25.655 13.490 16.369
23.292 14.889 18.990
25.723 15.093 21.881
27.887 17.145 19.570
24.898 19.269 18.701
24.239 19.871 22.445
27.840 20.915 22.948
27.597 23.425 20.118
24.292 24.503 21.679
25.852 25.574 24.930
28.907 27.123 23.169
30.702 24.681 25.455
34.087 25.040 23.431
32.684 23.063 20.517
34.221 20.458 18.330
33.588 17.166 16.546
35.333 14.832 18.987
33.618 12.894 21.726
34.496 12.981 25.428
37.640 15.277 25.388
36.564 17.134 28.484
36.553 14.082 30.785
39.009 11.663 29.123
42.602 11.279 30.446
42.692 14.517 32.397
46.470 14.871 32.076
46.908 14.218 28.324
45.563 17.127 26.331
44.443 16.371 22.788
42.459 13.156 22.919
38.880 12.077 23.028
37.095 8.709 23.119
36.387 8.896 19.348
36.420 11.383 16.552
33.614 12.262 14.077
35.967 14.283 11.840
38.468 11.458 11.558
37.281 8.176 12.975
40.535 6.499 11.935
42.516 8.523 14.517
41.197 5.997 17.041
41.075 3.038 14.684
37.321 3.319 13.793
36.244 2.894 10.223
35.542 5.912 7.998
34.231 3.958 4.949
31.815 1.048 4.400
34.574 -1.057 2.832
36.408 -1.020 6.189
33.647 -2.010 8.621
34.125 -4.553 11.404
32.475 -7.806 10.198
32.540 -10.107 13.214
30.303 -10.797 16.196
32.135 -8.976 19.003
30.477 -5.811 20.619
26.957 -6.787 19.467
28.264 -6.892 15.973
30.752 -3.931 16.308
28.202 -1.309 17.585
30.816 1.096 19.052
33.299 1.053 16.171
31.154 0.847 13.028
29.340 3.977 14.156
32.439 5.813 12.827
30.979 5.304 9.326
27.786 7.177 10.069
29.722 9.700 12.165
31.940 10.535 9.210
29.002 10.910 6.834
27.363 13.325 9.310
30.547 15.428 9.616
30.892 15.711 5.761
27.142 16.656 5.445
27.555 19.510 8.081
30.959 20.875 7.011
31.686 19.582 3.490
34.883 17.948 2.255
36.442 15.540 -0.181
36.407 11.875 0.896
37.393 8.915 -1.272
37.189 11.052 -4.426
33.721 12.440 -3.622
33.345 16.187 -2.920
30.557 17.111 -0.467
29.156 20.601 -0.035
28.341 21.118 3.589
24.968 22.434 4.716
25.735 23.234 8.340
25.032 21.676 11.688
21.448 23.056 11.978
20.157 21.237 8.911
22.123 18.128 9.741
20.295 18.093 13.018
16.810 18.717 11.529
17.343 15.963 8.904
18.423 13.346 11.482
15.705 14.384 13.981
13.026 14.109 11.368
14.582 10.792 10.156
14.818 9.169 13.569
11.253 10.216 14.513
9.172 9.474 11.354
11.296 7.140 9.259
13.765 4.920 11.101
12.586 1.520 12.456
13.989 -0.901 15.051
16.144 -2.624 12.510
17.040 0.168 10.068
20.286 -0.784 8.299
22.797 1.763 6.894
21.187 1.525 3.389
17.768 2.260 4.779
19.266 5.092 6.889
20.423 6.662 3.604
16.975 6.384 2.027
15.205 7.681 5.146
17.703 10.515 5.534
17.089 11.341 1.872
13.272 11.435 2.368
13.613 13.670 5.471
15.672 16.178 3.499
13.155 16.065 0.628
10.285 16.759 3.071
12.278 19.588 4.739
13.831 21.347 1.755
12.307 19.917 -1.374
12.892 16.855 -3.526
15.118 18.647 -6.066
16.947 20.695 -3.411
20.675 21.273 -2.885
20.224 19.820 0.628
18.931 16.460 -0.753
21.944 16.410 -3.051
24.304 16.966 -0.213
22.606 14.125 1.595
23.280 11.761 -1.293
26.823 13.118 -1.753
27.603 12.467 1.905
26.627 8.837 1.934
28.354 8.193 -1.393
31.537 9.440 0.125
31.389 6.652 2.781
30.292 3.849 0.379
26.622 3.562 1.438
23.873 3.372 -1.160
33.188 17.110 22.024
34.646 20.484 23.386
26.685 24.704 50.548
42.618 13.882 27.755
