83.833 57.266 89.885
85.268 59.659 87.290
88.980 60.459 86.974
89.746 64.149 86.822
90.065 65.384 83.238
92.975 67.012 81.542
91.131 70.109 80.411
93.682 70.911 77.707
94.498 67.473 76.277
97.313 67.354 73.688
96.414 66.583 70.058
98.622 63.931 68.440
96.728 63.046 65.274
95.531 65.606 62.757
96.302 64.140 59.341
94.798 61.670 56.778
95.249 57.998 57.836
96.009 55.612 54.949
97.873 52.305 55.161
98.526 52.839 58.887
100.476 56.007 58.056
99.770 59.729 58.464
99.569 61.911 55.362
99.024 65.527 54.576
96.326 66.288 52.044
97.616 66.189 48.456
96.649 69.912 48.276
98.490 70.549 51.598
95.386 72.452 52.781
94.159 72.273 56.370
91.006 73.383 58.173
90.474 74.523 61.770
88.476 72.650 64.315
86.997 74.795 67.072
86.383 74.253 70.779
82.667 75.171 71.028
82.984 76.150 74.714
85.307 79.035 73.788
84.900 79.627 70.046
88.688 79.278 69.698
90.651 77.022 67.329
92.092 73.816 68.810
94.294 72.930 65.859
94.414 72.536 62.088
93.420 69.247 60.438
94.401 67.926 56.997
91.667 68.889 54.483
91.024 65.707 52.553
89.394 65.866 49.141
88.811 63.585 46.130
92.490 62.816 45.473
92.974 61.762 49.118
89.853 59.588 49.011
91.260 57.980 45.850
94.455 57.078 47.665
92.375 55.658 50.543
90.137 53.563 48.319
93.193 52.119 46.497
94.750 51.218 49.845
91.475 49.560 51.032
91.159 47.666 47.758
94.685 46.338 48.037
94.094 45.181 51.625
90.969 43.347 50.384
92.730 41.335 47.646
92.204 37.592 47.822
95.180 36.079 49.632
95.955 39.226 51.634
96.684 39.127 55.365
93.233 40.537 56.151
91.392 38.173 53.786
93.248 35.079 55.071
92.983 36.017 58.756
90.872 33.606 60.837
87.490 35.115 61.630
88.160 34.417 65.338
91.319 36.521 65.004
89.358 39.482 63.645
87.476 39.196 66.909
90.731 39.190 68.890
91.791 42.370 67.081
88.494 44.109 67.875
88.926 43.115 71.529
92.475 44.453 71.500
91.287 47.750 70.026
88.671 47.996 72.812
91.412 47.326 75.407
93.537 50.159 73.975
90.567 52.550 73.986
89.946 51.592 77.612
93.613 52.224 78.471
93.228 55.689 76.934
89.677 56.334 78.204
90.378 59.411 80.309
92.303 61.063 77.490
89.712 60.234 74.851
86.782 61.420 76.978
88.526 64.773 77.501
89.432 65.116 73.851
85.814 64.330 72.978
84.598 67.082 75.295
87.183 69.566 73.972
86.192 69.101 70.336
82.426 68.424 70.703
81.307 70.293 73.844
79.514 67.506 75.686
80.124 67.243 79.488
83.258 65.262 80.305
81.431 63.175 82.908
79.072 62.063 80.085
81.951 61.528 77.593
83.639 59.321 80.163
80.719 57.397 81.599
78.416 57.179 78.589
80.165 57.691 75.230
83.339 55.797 76.062
81.427 53.021 77.848
79.172 52.576 74.825
82.133 52.551 72.450
83.762 49.770 74.489
80.532 47.815 74.628
79.940 48.166 70.870
83.382 46.975 69.869
83.365 44.089 72.387
79.897 43.037 71.211
80.952 42.945 67.561
84.216 41.179 68.394
81.989 38.305 69.445
80.155 38.215 66.088
83.303 37.841 64.005
83.177 34.023 63.801
79.435 33.450 64.281
77.579 34.940 61.317
76.957 31.638 59.551
75.841 31.014 56.037
73.419 28.191 55.307
73.265 24.686 53.936
70.086 24.438 51.945
67.857 21.465 51.004
67.333 22.390 47.345
65.418 20.070 45.000
67.348 17.545 42.892
70.768 15.932 43.073
72.620 18.988 44.423
74.335 20.315 47.471
73.592 24.004 47.876
75.013 26.385 50.427
75.708 30.013 51.011
78.895 31.813 51.919
78.655 35.033 53.836
81.507 37.037 52.323
82.419 40.680 53.053
80.754 43.334 50.867
84.271 44.756 50.271
85.379 48.372 50.328
82.968 50.247 52.613
82.701 54.026 52.629
81.513 55.217 56.061
80.409 58.834 56.571
79.630 59.970 60.104
78.318 63.017 61.959
79.599 65.134 64.835
77.119 64.503 67.656
78.659 61.335 69.089
82.019 61.252 67.284
83.588 58.189 68.969
80.359 56.249 69.282
79.422 56.740 65.626
82.902 55.565 64.644
82.395 52.415 66.740
78.928 51.674 65.350
80.495 51.651 61.867
83.809 49.937 62.528
82.437 47.173 64.744
80.199 45.361 62.190
82.335 46.208 59.172
85.519 44.752 60.705
83.767 41.805 62.369
82.688 40.661 58.903
86.069 41.202 57.231
85.405 44.376 55.239
87.798 47.241 54.679
86.876 50.861 55.399
87.282 54.392 54.086
85.800 56.617 56.784
85.015 60.313 56.445
84.666 61.928 59.908
82.717 65.144 60.528
84.586 68.391 59.974
83.256 69.668 63.300
84.781 66.832 65.370
87.625 65.005 63.547
90.042 64.600 66.421
88.953 61.629 68.499
88.424 59.398 65.440
91.981 60.183 64.269
93.485 59.230 67.640
91.499 55.969 67.407
93.216 55.308 64.048
96.519 55.345 65.925
95.102 52.675 68.200
93.881 50.628 65.204
97.493 50.523 64.008
98.670 49.710 67.537
96.103 46.881 67.847
97.582 45.125 64.800
95.069 45.652 62.012
96.817 45.234 58.602
97.529 48.465 56.688
94.685 49.618 54.523
91.983 47.831 56.504
90.861 51.181 58.050
91.554 54.490 56.332
90.271 57.817 57.631
89.944 60.980 55.522
88.976 64.121 57.473
87.579 66.905 55.317
84.313 68.443 54.199
81.146 66.840 52.932
80.725 67.954 49.293
84.462 67.205 48.725
85.632 64.107 50.639
82.168 62.737 51.485
80.856 63.067 47.939
84.032 61.531 46.531
83.333 58.413 48.640
79.638 58.241 47.765
80.385 58.618 44.056
83.507 56.442 43.909
83.532 53.755 41.208
85.415 51.264 43.421
83.539 51.671 46.731
81.171 48.703 47.129
78.974 49.995 49.951
78.321 53.290 51.674
76.919 53.700 55.167
75.894 57.246 55.939
74.745 58.795 59.170
73.580 62.384 59.034
70.759 64.628 57.911
67.849 63.417 55.810
68.810 66.134 53.291
72.291 64.695 52.703
70.953 61.132 52.733
69.150 61.984 49.492
72.421 63.192 47.982
74.203 59.949 49.022
71.516 57.682 47.504
71.520 59.662 44.249
75.362 59.472 44.139
75.227 55.678 44.569
72.683 55.293 41.774
74.571 57.686 39.480
77.911 55.981 39.961
78.398 52.217 40.421
75.203 51.037 42.137
77.020 50.588 45.461
74.918 49.277 48.361
73.517 51.981 50.645
72.349 52.260 54.239
71.221 55.529 55.798
70.702 56.603 59.376
69.018 59.979 59.194
67.074 62.546 61.224
64.006 62.340 63.463
61.122 64.158 65.116
60.336 61.481 67.608
57.122 61.477 69.663
57.257 60.765 73.399
53.739 59.918 74.538
52.760 60.336 78.211
49.454 58.663 79.131
47.473 59.892 82.136
48.335 56.739 84.077
52.095 57.223 83.755
54.311 57.502 86.833
54.507 61.310 86.842
57.904 61.900 88.481
59.540 59.303 86.260
57.861 60.512 83.087
58.917 64.128 83.705
62.562 63.209 84.337
62.652 60.874 81.349
60.985 63.377 79.043
63.564 65.940 80.113
66.393 63.503 79.354
64.685 62.470 76.101
64.857 65.966 74.727
67.850 67.580 76.394
70.396 64.772 76.339
73.574 65.738 74.520
72.589 69.447 74.195
69.554 68.228 72.261
71.869 66.883 69.583
70.421 63.429 69.164
68.685 62.063 66.080
66.148 60.264 68.242
65.451 63.162 70.660
61.919 63.110 72.080
61.108 66.420 70.403
57.317 66.034 70.367
56.224 65.421 73.939
52.537 64.452 73.762
50.855 64.703 77.140
47.360 63.546 77.974
45.016 66.391 78.887
44.282 65.260 82.480
47.944 65.483 83.502
49.060 68.257 81.138
49.225 71.122 83.601
51.149 69.247 86.285
53.478 67.682 83.693
54.270 71.078 82.178
54.804 72.733 85.605
57.256 70.008 86.608
58.950 69.999 83.186
59.501 73.770 83.403
60.982 73.474 86.908
63.434 70.868 85.642
64.461 72.854 82.553
64.964 75.982 84.680
67.314 74.145 86.989
69.408 72.344 84.313
72.999 73.530 84.741
74.547 75.024 81.541
78.265 75.585 81.733
81.869 74.605 81.160
81.663 70.928 80.146
84.773 70.081 82.193
83.017 71.208 85.414
81.427 68.168 87.084
78.248 70.141 87.896
77.583 70.910 84.255
74.585 69.130 82.701
74.628 70.938 79.335
77.625 72.109 77.350
77.589 74.344 74.268
76.158 73.457 70.866
78.794 72.081 68.506
79.414 75.172 66.370
78.222 78.609 65.339
76.119 77.327 62.433
74.114 75.066 64.750
73.972 77.797 67.399
72.368 80.238 64.973
69.999 77.610 63.513
68.653 76.738 66.955
68.112 80.395 67.829
66.269 80.735 64.490
63.949 77.917 65.503
63.233 79.514 68.886
62.351 82.708 67.003
60.032 80.754 64.743
58.413 79.040 67.762
57.577 82.385 69.347
56.314 83.852 66.025
53.948 80.955 65.311
52.247 81.217 68.693
53.745 78.475 70.839
53.862 79.455 74.503
57.436 80.176 75.587
57.622 78.779 79.118
61.304 79.178 79.912
64.636 79.917 78.308
64.567 81.117 74.711
67.915 82.843 74.494
71.689 82.705 74.696
73.139 81.351 77.953
76.700 82.819 77.936
78.735 85.516 76.255
81.371 83.192 74.792
80.982 79.710 73.332
77.770 78.414 71.838
75.553 78.077 74.913
71.753 78.160 74.689
69.267 78.284 77.564
67.125 75.137 78.021
63.934 76.208 76.259
60.412 74.802 76.660
57.436 75.596 74.428
53.899 74.698 75.560
50.597 74.445 73.652
52.478 73.364 70.569
50.343 72.341 67.582
51.103 69.800 64.854
51.312 72.312 62.034
53.918 74.551 63.735
57.441 74.536 62.264
58.877 73.606 65.683
56.582 70.574 65.729
57.728 69.400 62.278
61.368 70.235 61.678
64.334 68.708 63.520
65.794 71.463 65.730
68.762 69.511 67.173
69.098 71.718 70.216
67.746 72.230 73.731
64.219 73.168 72.629
61.317 71.097 73.986
57.803 70.953 72.450
54.872 69.952 74.618
51.571 69.026 72.895
48.256 68.106 74.540
46.034 65.188 73.432
42.839 63.502 74.533
42.668 59.886 73.329
45.008 57.044 72.539
43.562 56.753 69.009
44.103 60.453 68.434
47.718 60.386 69.569
48.637 57.401 67.313
47.523 59.368 64.303
49.297 62.562 65.363
52.493 60.736 66.335
52.577 58.926 62.991
51.794 62.021 60.898
55.450 62.690 60.142
57.863 61.782 57.374
60.300 60.893 60.148
60.161 57.568 61.988
63.362 56.980 63.919
62.093 56.460 67.462
59.105 56.921 69.770
58.186 56.242 73.360
55.144 55.497 75.519
54.790 56.107 79.270
51.954 54.135 80.842
51.323 51.571 83.553
48.757 49.725 81.443
49.746 46.512 79.616
47.191 46.937 76.833
47.991 50.646 76.177
51.696 49.769 75.969
51.104 46.943 73.483
48.568 48.938 71.448
50.972 51.848 71.051
54.180 49.913 70.515
52.509 48.004 67.672
50.873 51.095 66.133
53.807 53.540 66.208
55.657 53.786 62.919
59.185 54.016 64.333
62.365 51.940 64.335
62.620 51.922 68.143
59.748 52.194 70.599
60.733 52.679 74.245
58.209 51.826 76.956
58.587 53.698 80.242
62.119 54.717 79.276
63.989 56.699 76.602
67.371 56.549 74.853
68.052 52.984 76.010
70.572 51.695 73.522
72.304 48.388 73.578
74.794 46.944 71.184
72.466 43.906 71.055
69.351 45.721 69.818
69.063 47.255 66.355
68.427 50.930 65.674
67.369 52.737 62.533
64.617 54.562 60.706
61.223 54.082 59.227
60.189 56.450 56.423
62.737 59.274 55.756
64.667 58.572 58.972
66.727 56.077 56.984
66.954 52.509 55.819
68.730 49.536 57.220
69.673 48.913 60.823
72.779 49.343 62.919
73.586 47.367 66.081
72.568 43.821 66.913
72.874 40.893 64.572
70.989 43.082 62.081
73.978 45.443 61.880
75.906 42.692 60.046
73.442 42.269 57.133
74.579 45.305 55.142
78.245 44.233 55.491
77.667 40.800 53.988
77.563 39.748 50.333
75.794 36.421 49.966
77.127 33.805 47.539
75.201 30.666 46.669
77.270 27.630 45.671
75.250 24.826 44.087
77.127 21.606 43.402
75.992 18.567 41.372
76.237 15.417 43.548
75.868 11.732 42.625
72.626 11.228 44.636
71.055 13.619 47.107
69.649 12.094 50.281
68.053 13.710 53.295
