-1.290 33.700 -1.905
2.408 33.188 -1.234
4.330 33.955 1.985
7.866 35.085 1.223
10.107 34.912 4.309
13.075 37.162 3.604
16.333 37.545 5.523
18.196 40.042 3.366
16.364 42.714 1.379
18.389 42.119 -1.819
17.981 38.383 -1.542
14.351 38.595 -2.480
11.934 36.611 -4.653
13.930 37.394 -7.781
12.120 36.138 -10.885
9.492 34.527 -8.644
8.104 38.048 -8.182
7.698 38.379 -11.952
6.043 34.958 -12.088
3.665 35.736 -9.223
2.740 38.959 -10.901
2.228 37.227 -14.302
-0.200 34.815 -12.604
-1.861 37.426 -10.335
-0.707 35.422 -7.329
-0.855 37.538 -4.126
2.276 37.617 -2.000
3.370 38.991 1.372
6.985 39.488 2.285
7.711 38.628 5.924
10.929 40.420 6.965
11.554 38.739 10.262
14.855 40.578 10.954
12.737 43.696 11.153
10.641 42.171 13.921
7.795 41.353 11.550
5.374 38.547 12.435
2.696 36.927 10.309
0.058 39.388 9.122
-2.285 36.412 8.375
-2.647 32.837 9.650
-0.538 30.276 7.828
-3.652 28.707 6.438
-4.256 31.812 4.282
-1.088 30.932 2.300
-0.884 28.345 -0.522
2.901 28.337 -0.610
5.650 29.501 1.680
9.045 30.432 0.323
11.972 30.713 2.729
14.758 32.687 1.089
18.548 32.667 1.564
20.913 34.654 3.712
24.311 34.644 5.411
23.074 33.609 8.916
24.121 30.168 10.124
21.408 27.614 10.880
22.553 27.297 14.522
22.942 31.038 15.100
19.658 31.686 16.928
21.346 33.656 19.751
22.947 36.064 17.240
19.778 36.177 15.089
16.768 35.659 17.398
14.332 36.001 14.456
15.476 32.529 13.380
13.779 31.014 16.422
10.412 32.331 15.144
11.189 31.070 11.652
12.011 27.593 12.936
8.636 27.611 14.725
6.919 28.517 11.433
8.691 25.707 9.578
7.512 23.208 12.170
3.929 24.444 11.754
4.215 24.483 7.952
5.289 20.825 7.986
2.511 19.856 10.361
-0.147 21.617 8.267
1.470 20.210 5.070
1.578 23.603 3.334
3.780 23.649 0.223
7.166 25.016 1.185
10.203 25.983 -0.831
13.430 26.744 1.035
16.327 28.222 -0.944
19.957 28.426 0.217
19.756 29.145 3.998
16.084 28.168 3.668
17.073 24.684 2.502
19.531 24.317 5.406
16.911 25.460 7.935
14.473 22.930 6.525
17.116 20.162 6.734
17.772 21.056 10.369
14.063 20.898 11.286
13.983 17.433 9.635
16.835 16.366 11.899
19.941 16.723 9.657
23.212 18.467 10.484
24.242 21.650 8.747
27.922 22.510 8.444
30.668 24.284 6.576
31.326 22.710 3.207
34.696 20.982 2.960
35.068 21.432 -0.809
35.126 25.230 -0.869
32.409 27.806 -1.337
30.260 27.840 -4.455
29.884 31.419 -5.629
28.901 31.632 -9.268
27.501 29.373 -11.951
27.791 25.601 -11.451
26.193 22.380 -12.604
23.826 20.339 -10.471
22.563 16.962 -11.535
19.037 15.585 -11.060
18.940 12.258 -9.298
15.187 11.710 -8.841
11.987 11.425 -10.919
10.127 13.440 -8.231
7.098 15.000 -9.862
7.819 18.591 -8.788
10.991 18.549 -10.909
9.747 16.452 -13.817
10.432 19.230 -16.342
13.994 19.752 -15.093
16.898 18.311 -17.139
19.478 15.774 -15.920
22.246 18.394 -15.775
21.454 22.068 -15.136
23.560 25.210 -14.770
22.457 27.119 -11.690
23.603 30.035 -9.541
25.274 29.332 -6.176
26.259 31.517 -3.311
26.971 29.326 -0.285
29.655 28.016 2.002
27.534 25.677 4.130
25.910 22.380 3.274
23.859 19.688 5.005
23.225 15.979 5.435
20.164 14.517 3.702
17.359 14.187 6.246
16.305 10.649 6.916
12.806 11.047 5.625
13.833 13.083 2.528
14.429 12.212 -1.111
17.552 13.633 -2.674
16.607 15.348 -5.933
19.817 17.185 -6.788
23.508 16.514 -6.358
26.769 18.018 -7.572
30.442 17.388 -7.927
31.351 19.532 -4.895
28.323 18.794 -2.643
26.395 15.556 -2.517
23.261 17.331 -1.234
22.019 20.134 -3.487
18.272 19.623 -3.231
15.698 17.406 -1.534
12.001 16.879 -1.057
10.016 15.767 2.012
6.258 15.638 1.468
5.279 19.037 0.095
8.475 20.662 1.372
11.351 21.298 -0.963
14.855 22.462 -0.193
17.219 23.768 -2.883
20.724 24.879 -2.015
20.987 26.786 -5.318
19.245 29.669 -7.110
17.107 29.408 -10.219
15.370 32.743 -9.400
18.334 34.998 -10.132
18.023 36.378 -13.645
19.932 39.290 -15.116
17.898 42.087 -13.385
18.332 40.445 -9.940
22.000 39.635 -10.676
22.715 43.296 -11.268
21.370 44.061 -7.765
23.442 41.293 -6.151
26.683 42.291 -7.828
26.184 45.872 -6.694
25.212 44.808 -3.138
28.190 42.425 -2.849
30.693 44.274 -4.969
33.446 44.277 -2.284
33.044 40.593 -1.437
33.252 39.775 -5.122
36.380 41.989 -5.418
37.966 40.361 -2.319
37.356 36.903 -3.807
38.434 38.059 -7.294
35.163 36.876 -8.913
34.381 38.666 -12.204
30.928 40.280 -11.965
30.799 40.779 -15.786
30.802 37.050 -16.289
28.204 36.374 -13.577
25.892 38.829 -15.335
26.547 37.564 -18.867
25.774 34.034 -17.745
22.603 35.223 -15.933
21.454 36.819 -19.271
22.149 33.522 -21.113
20.446 31.263 -18.560
17.505 33.348 -17.369
14.894 32.239 -19.930
15.495 28.495 -19.328
15.662 28.981 -15.568
12.468 31.071 -15.486
10.611 28.394 -17.417
11.733 25.662 -14.985
10.900 27.851 -11.986
7.363 28.407 -13.422
6.965 24.634 -13.812
8.135 24.001 -10.242
5.793 26.640 -8.797
2.797 25.469 -10.752
3.324 21.918 -9.601
3.869 22.902 -5.949
0.591 24.843 -5.685
-1.464 22.580 -7.983
-4.896 21.633 -6.668
