8.173 2.288 -15.171
5.388 0.933 -13.055
5.115 1.034 -9.258
4.473 -2.532 -8.095
3.139 -3.660 -4.654
3.610 -6.688 -2.284
1.402 -9.359 -0.720
-0.712 -12.248 -1.972
-2.812 -9.990 -4.142
10.828 -0.386 -19.329
10.681 -1.895 -15.877
9.343 -1.275 -12.423
9.875 0.100 -8.936
9.133 -2.654 -6.404
7.819 -2.446 -2.821
9.501 -5.593 -1.501
12.480 -7.834 -2.035
9.859 -10.546 -2.423
14.811 0.575 -10.705
15.615 1.899 -7.299
13.159 4.666 -6.429
15.951 7.286 -6.210
16.549 6.650 -9.968
13.172 8.002 -10.968
11.457 11.327 -10.389
7.913 10.111 -11.072
5.864 6.918 -11.450
2.697 6.773 -13.535
0.918 4.322 -11.216
1.480 2.222 -8.142
-0.562 -1.012 -8.042
-0.919 -2.594 -4.602
-3.284 -4.226 -2.158
-4.524 -3.027 1.208
-5.620 -4.439 4.531
-8.685 -2.154 4.492
-10.116 0.470 2.152
-13.006 2.738 3.022
-15.660 4.625 1.054
-13.357 7.654 0.880
-10.630 5.464 -0.734
-8.468 5.763 2.410
-6.562 2.659 3.418
-4.859 0.760 6.196
-1.707 -0.969 4.950
1.345 -2.545 6.560
-0.141 -5.728 8.036
2.682 -7.448 6.126
6.452 -3.489 3.529
4.867 -0.531 5.248
7.467 2.179 4.810
8.643 1.191 1.327
4.987 1.030 0.133
4.090 4.484 1.414
7.198 6.086 -0.009
6.648 4.552 -3.491
2.962 5.579 -3.352
4.040 9.149 -2.674
5.902 9.254 -5.965
3.156 7.663 -8.097
0.576 9.882 -9.794
-2.167 7.279 -9.441
-2.553 4.618 -6.737
-4.494 1.619 -8.084
-5.750 -0.485 -5.208
-6.304 -4.162 -5.923
-8.239 -6.253 -3.384
-10.877 -8.931 -2.910
-14.165 -7.613 -1.543
-13.334 -8.496 2.053
-11.104 -5.395 2.287
-13.953 -2.898 1.907
-15.052 -1.276 5.175
-17.132 1.700 6.287
-14.886 2.803 9.155
-11.193 1.968 9.170
-5.334 8.975 4.056
-3.713 12.215 2.896
-2.750 10.121 -0.133
-5.246 7.327 -0.683
-6.284 5.244 -3.647
-7.235 6.909 -6.907
-8.869 3.825 -8.410
-9.924 0.611 -6.659
-10.402 -2.732 -8.434
-12.429 -5.066 -6.284
-12.786 -8.799 -6.855
-16.393 -9.894 -6.354
-18.390 -13.030 -7.194
-19.866 -11.060 -10.078
-16.610 -9.726 -11.495
-14.283 -6.717 -11.202
-15.839 -3.504 -9.954
-13.940 -0.313 -10.768
-14.331 2.600 -8.392
-12.704 5.879 -9.402
