5.534 -30.071 24.183
8.645 -29.942 26.395
10.006 -31.820 29.368
12.730 -30.761 31.771
15.482 -32.481 33.697
17.221 -30.752 36.580
20.566 -31.912 35.191
22.362 -29.223 33.217
23.484 -29.937 29.653
27.041 -29.140 30.717
28.906 -27.773 33.754
27.859 -24.233 34.692
29.654 -23.728 37.982
32.549 -21.340 38.633
35.442 -22.076 40.932
34.726 -18.846 42.792
32.311 -15.982 42.948
32.762 -12.882 40.750
29.825 -10.460 40.554
31.498 -8.437 37.830
31.672 -11.482 35.602
28.042 -12.184 36.572
27.178 -8.793 35.128
29.121 -9.505 31.941
27.364 -12.839 31.443
24.024 -11.027 31.494
24.936 -10.294 27.849
24.713 -14.021 27.124
21.419 -14.348 28.946
19.439 -11.208 28.179
21.487 -9.526 25.435
20.829 -8.872 21.791
22.712 -11.925 20.568
22.409 -14.071 23.696
20.909 -17.448 24.372
17.362 -16.167 24.803
17.556 -14.668 21.316
18.706 -18.002 19.960
16.057 -19.938 21.819
13.188 -17.723 20.728
14.412 -17.270 17.162
15.008 -20.946 16.452
11.803 -22.109 18.165
9.658 -19.493 16.468
11.202 -20.243 13.044
10.802 -23.943 13.697
7.142 -23.655 14.677
6.524 -21.464 11.607
8.086 -23.789 9.066
5.828 -25.722 6.679
8.720 -26.981 4.600
11.467 -29.524 4.635
11.624 -31.529 7.859
15.411 -31.464 7.691
15.365 -27.776 8.515
12.191 -27.634 10.660
13.621 -30.342 12.901
17.066 -28.711 12.947
15.458 -25.513 14.201
13.439 -27.192 16.928
16.448 -29.304 17.935
18.564 -26.169 18.270
16.004 -23.927 19.866
15.457 -26.618 22.511
19.195 -26.819 23.060
19.377 -23.068 23.494
16.897 -23.377 26.366
19.521 -25.548 28.087
22.013 -22.759 27.541
19.652 -20.161 28.982
19.446 -22.434 32.055
23.236 -22.737 32.153
23.907 -19.015 31.986
21.199 -18.288 34.561
22.773 -20.842 36.849
26.334 -19.591 36.353
25.224 -16.061 37.144
23.604 -17.273 40.355
26.770 -19.010 41.438
28.862 -15.984 40.497
26.682 -13.722 42.659
27.273 -15.767 45.790
28.428 -13.525 48.654
28.462 -10.417 46.451
28.768 -7.129 48.343
25.736 -4.862 48.550
25.771 -2.778 51.702
27.608 -1.300 54.671
28.132 -4.656 56.430
30.183 -5.789 53.456
32.188 -2.563 53.352
32.975 -2.820 57.050
34.352 -6.299 56.482
36.443 -5.124 53.518
36.362 -1.517 52.346
37.971 -2.413 49.034
34.680 -4.093 48.089
33.473 -0.592 47.150
35.192 -1.098 43.812
33.360 -4.353 43.234
30.074 -2.741 44.289
30.607 0.116 41.866
31.060 -2.264 38.963
28.054 -4.453 39.809
24.511 -4.241 38.513
22.651 -2.499 41.347
19.577 -4.529 40.511
21.254 -7.904 40.987
20.961 -7.382 44.717
18.084 -4.957 45.043
15.624 -6.418 42.554
16.671 -10.061 42.294
18.188 -10.978 45.672
21.557 -11.711 44.054
20.146 -13.746 41.209
20.150 -13.362 37.456
18.059 -10.849 35.562
16.685 -11.187 32.061
18.457 -7.964 31.088
21.814 -7.296 29.459
24.751 -5.912 31.536
23.250 -2.445 31.375
19.876 -3.437 32.601
18.217 -3.232 29.198
15.438 -5.823 29.108
15.650 -8.624 26.595
12.991 -7.966 23.990
11.475 -9.703 20.993
12.853 -7.065 18.664
16.046 -9.138 18.837
14.262 -12.076 17.196
13.854 -12.831 13.517
11.372 -15.290 12.002
10.485 -14.128 8.509
8.956 -17.184 6.850
11.929 -17.443 4.389
14.596 -19.838 5.604
17.236 -18.778 3.088
17.151 -15.444 4.895
16.612 -16.912 8.321
19.380 -19.479 8.086
21.683 -16.577 7.284
20.323 -14.894 10.386
20.924 -18.022 12.418
24.548 -18.141 11.307
24.863 -14.507 12.380
23.299 -15.204 15.760
25.783 -17.978 16.411
28.679 -15.901 15.063
27.973 -12.844 17.188
27.335 -15.085 20.152
30.577 -17.032 19.713
32.445 -13.743 19.330
31.030 -12.640 22.675
31.803 -15.956 24.351
35.350 -15.717 23.017
35.648 -12.281 24.569
34.205 -13.527 27.850
36.906 -16.202 27.887
39.477 -13.383 28.067
37.436 -11.607 30.784
37.990 -14.247 33.443
40.679 -16.631 34.587
38.184 -18.843 36.482
38.664 -22.363 35.140
35.100 -23.347 35.999
33.706 -20.398 34.063
36.117 -21.208 31.254
35.083 -24.824 31.141
31.475 -23.717 30.499
32.623 -21.183 27.901
34.740 -23.801 26.111
31.662 -25.984 25.782
29.589 -23.136 24.429
32.317 -22.235 21.945
32.137 -25.774 20.617
28.345 -25.847 20.430
28.397 -22.473 18.635
30.865 -23.949 16.117
28.420 -26.798 15.493
25.516 -24.425 15.206
27.373 -22.067 12.863
28.256 -25.037 10.691
24.862 -26.734 10.616
23.144 -23.471 9.750
25.712 -22.754 7.041
25.019 -26.191 5.511
21.280 -25.537 5.609
21.796 -22.078 4.154
23.891 -23.441 1.299
21.359 -26.169 0.453
18.577 -23.596 0.494
20.605 -21.225 -1.732
21.179 -24.071 -4.175
17.408 -24.666 -4.281
16.057 -21.129 -4.368
18.988 -18.940 -5.405
21.870 -17.004 -3.941
19.888 -13.779 -3.850
17.057 -13.600 -1.336
14.310 -14.056 -2.365
15.416 -16.008 -5.364
12.400 -15.438 -7.582
12.550 -11.677 -8.316
15.402 -11.369 -10.858
12.984 -10.475 -13.679
11.270 -7.777 -11.572
14.253 -5.785 -10.271
15.880 -3.025 -12.369
18.826 -5.179 -13.454
21.019 -2.373 -14.656
21.738 -1.445 -11.011
22.105 -4.938 -9.545
25.859 -5.381 -9.933
27.163 -1.808 -9.679
29.246 -0.847 -6.674
28.362 2.809 -6.021
31.133 4.939 -4.566
29.286 7.180 -2.111
32.288 7.759 0.187
35.495 9.244 -1.140
37.825 6.511 -0.056
38.779 4.226 -2.930
39.231 0.959 -1.060
36.051 -0.409 -2.576
37.337 -0.006 -6.131
39.146 -3.306 -5.433
35.813 -5.058 -5.956
35.627 -3.796 -9.548
35.918 -6.742 -11.953
35.657 -9.381 -9.229
33.146 -12.151 -9.875
30.128 -11.979 -7.588
28.618 -15.112 -6.107
25.971 -15.264 -8.863
28.681 -15.452 -11.543
28.423 -11.867 -12.793
31.209 -9.344 -12.278
30.912 -6.201 -10.247
31.132 -2.920 -12.081
32.089 0.281 -10.310
30.626 3.789 -10.399
33.005 6.436 -9.172
30.342 9.135 -9.051
26.849 7.863 -8.282
24.072 9.959 -9.752
20.920 11.338 -8.279
18.279 10.145 -10.744
14.962 10.754 -8.936
14.390 14.478 -9.107
13.523 16.934 -6.355
10.362 15.892 -4.514
7.355 18.140 -4.185
4.793 16.710 -1.802
1.421 18.398 -1.568
0.580 20.595 1.431
-1.907 18.885 3.659
-5.437 19.752 4.637
-5.814 22.942 6.726
-7.464 20.896 9.506
-3.950 19.533 10.217
-2.533 22.979 10.964
0.666 22.179 9.060
2.095 25.670 9.264
5.403 25.354 7.457
5.966 28.892 6.145
15.304 -33.979 15.859
