-14.625 -4.780 42.235
-12.368 -3.595 39.334
-9.281 -5.524 40.420
-6.040 -4.364 42.082
-4.086 -3.492 38.843
-4.349 0.095 37.538
-1.240 0.300 35.221
0.649 -2.316 33.196
3.416 -2.843 30.692
2.865 -4.864 27.527
5.193 -7.896 27.376
4.320 -9.181 23.912
2.661 -7.809 20.796
-1.066 -8.383 21.024
-2.906 -8.106 17.714
-6.533 -6.959 18.151
-8.765 -9.000 15.863
-12.128 -7.760 17.020
-13.546 -4.332 17.679
-13.716 -4.927 21.423
-9.997 -5.799 21.631
-7.208 -3.411 22.579
-4.140 -4.213 20.511
-0.583 -3.122 21.393
3.099 -3.603 20.711
5.374 -4.849 23.506
6.628 -2.029 25.776
3.392 -0.002 25.642
2.077 1.363 28.943
-1.623 0.407 29.323
-4.034 2.012 31.746
-5.968 -0.865 33.285
-9.628 -0.060 33.867
-10.712 -3.514 35.067
-8.390 -6.255 36.323
-10.972 -8.430 38.123
-11.279 -10.969 35.319
-8.412 -13.519 35.449
-8.281 -14.049 31.656
-8.960 -10.721 29.932
-8.554 -7.218 31.355
-10.075 -3.992 30.221
-7.708 -1.198 29.317
-7.289 2.248 27.827
-4.514 2.977 25.319
-4.204 5.938 22.991
-7.751 7.018 24.189
-9.218 3.751 22.939
-10.925 1.175 25.175
-10.751 -2.643 24.787
-10.008 -6.116 26.143
-6.611 -7.769 26.112
-5.179 -10.987 27.658
-4.095 -10.392 31.228
-1.033 -12.557 30.711
0.209 -10.291 27.936
1.062 -7.515 30.430
2.957 -7.070 33.690
1.430 -4.889 36.481
