10.771 6.021 -57.248
8.569 7.382 -54.471
7.858 10.164 -51.983
6.303 10.915 -48.584
4.648 14.016 -47.143
3.118 14.892 -43.771
-0.567 14.768 -44.678
-2.935 12.132 -43.332
-6.345 10.889 -44.439
-9.176 13.411 -44.365
-11.632 10.904 -42.901
-10.743 8.149 -40.408
-13.412 6.141 -42.234
-10.894 5.670 -45.049
-8.992 3.072 -43.005
-8.378 -0.008 -45.139
-7.516 -3.646 -44.321
-4.392 -2.599 -42.360
-5.651 -2.786 -38.764
-2.678 -0.550 -37.888
-4.847 2.508 -38.528
-3.574 3.008 -42.055
-4.766 2.602 -45.630
-2.996 0.656 -48.379
-3.922 1.121 -52.030
-2.572 -1.211 -54.713
-1.897 0.487 -58.073
-4.065 3.510 -57.234
-4.847 6.410 -59.535
-3.528 9.657 -58.062
-5.787 12.666 -58.675
-4.003 16.004 -58.308
-6.276 19.046 -58.008
-5.238 22.255 -56.236
-8.910 23.218 -55.962
-11.067 22.653 -52.880
-13.454 19.820 -53.693
-16.653 20.137 -51.676
-19.099 18.720 -54.249
-18.997 15.447 -56.226
-20.697 16.873 -59.345
-17.563 18.097 -61.161
-15.667 14.903 -60.254
-18.160 12.160 -61.219
-16.707 11.653 -64.758
-13.282 10.896 -63.281
-14.766 8.560 -60.656
-16.608 6.660 -63.396
-13.435 6.252 -65.461
-11.511 5.126 -62.379
-14.313 2.668 -61.613
-14.003 1.298 -65.148
-10.335 0.645 -64.391
-11.240 -1.144 -61.161
-8.203 0.530 -59.597
-8.520 2.499 -56.334
-8.112 6.279 -56.186
-6.105 8.756 -54.152
-7.332 12.337 -54.146
-4.676 14.932 -53.416
-6.468 18.272 -53.413
-6.138 21.606 -51.615
-8.846 20.298 -49.286
-11.923 18.088 -49.553
-15.025 19.512 -47.841
-17.574 17.262 -46.163
-20.543 18.709 -48.032
-20.935 16.385 -51.007
-17.499 15.040 -51.926
-16.095 13.678 -48.644
-19.694 12.755 -47.830
-20.201 10.525 -50.881
-16.567 9.371 -51.016
-17.035 7.933 -47.533
-20.736 7.281 -46.846
-21.380 6.005 -50.380
-18.065 4.440 -51.386
-18.128 1.749 -48.683
-17.451 -1.073 -51.139
-18.156 0.006 -54.727
-14.807 1.808 -55.008
-11.657 2.387 -52.951
-11.171 6.136 -52.634
-8.952 7.995 -50.204
-8.448 11.729 -49.869
-5.671 13.884 -48.423
-4.678 17.560 -48.463
-1.936 18.825 -50.732
1.342 19.452 -48.838
2.276 22.923 -47.680
0.379 26.134 -48.233
0.541 29.174 -50.457
2.730 28.991 -53.528
4.707 26.005 -52.180
1.473 23.987 -52.180
1.313 24.423 -55.958
5.004 23.683 -56.546
4.932 20.539 -54.429
1.837 19.267 -56.269
3.950 19.570 -59.426
6.678 17.448 -57.856
4.090 14.845 -56.937
2.580 15.132 -60.431
5.837 14.503 -62.318
6.724 11.803 -59.784
3.473 9.917 -60.413
3.388 10.977 -64.074
0.048 12.742 -63.667
-1.056 16.354 -64.203
-2.561 18.834 -61.742
-5.957 20.406 -62.389
-5.684 24.109 -61.575
-8.561 26.562 -62.055
-5.845 29.189 -62.627
-4.972 27.502 -65.920
-8.676 26.994 -66.562
-8.420 23.288 -65.828
-11.836 21.694 -65.318
-12.265 18.540 -63.236
-15.378 17.964 -65.339
-12.969 17.125 -68.172
-10.323 15.313 -66.096
-9.578 12.142 -68.067
-7.677 9.074 -66.819
-4.475 10.195 -68.566
-4.417 13.178 -66.208
-4.389 10.854 -63.214
-1.046 9.569 -62.032
-0.353 6.095 -60.680
1.817 4.298 -58.138
2.468 0.640 -57.276
1.167 1.290 -53.780
0.195 4.172 -51.514
0.020 4.139 -47.725
-1.805 6.867 -45.829
-2.230 7.230 -42.090
-3.226 9.716 -39.391
-0.723 12.340 -40.549
1.302 10.998 -43.488
1.000 9.897 -47.122
3.657 7.783 -48.802
3.732 7.264 -52.573
5.739 4.041 -52.888
6.257 3.556 -56.639
5.471 6.451 -58.924
4.823 5.487 -62.525
6.545 8.743 -63.432
9.063 9.178 -66.213
12.636 8.692 -64.956
13.987 11.501 -67.140
11.084 13.796 -66.227
11.704 13.221 -62.526
15.430 13.803 -63.065
14.585 16.920 -65.045
12.551 18.397 -62.207
15.162 17.528 -59.606
17.681 19.349 -61.808
15.328 22.285 -62.373
14.828 22.729 -58.622
18.548 22.141 -58.027
19.192 25.135 -60.282
16.604 27.202 -58.407
18.475 26.449 -55.177
21.737 27.745 -56.664
20.036 31.010 -57.601
18.180 31.329 -54.291
18.219 34.740 -52.611
17.481 33.693 -49.017
17.969 30.887 -46.493
14.234 30.177 -46.328
14.030 29.736 -50.094
17.093 27.480 -50.256
15.893 25.336 -47.331
12.406 24.585 -48.680
13.786 24.187 -52.204
16.196 21.426 -51.170
