1.994 -4.302 1.228
2.797 -0.573 1.185
4.650 -0.491 -2.143
1.140 -1.123 -3.449
-0.004 2.400 -2.549
-0.554 4.559 -5.652
1.512 7.209 -3.861
4.588 4.977 -4.090
4.167 3.496 -7.573
7.588 2.608 -8.913
7.059 4.881 -11.933
7.037 7.859 -9.612
10.540 7.117 -8.352
11.930 6.382 -11.809
10.437 9.532 -13.342
11.431 11.789 -10.467
14.944 10.409 -10.385
15.429 10.531 -14.164
14.190 14.131 -14.204
16.522 15.074 -11.336
19.604 13.320 -12.692
19.076 14.835 -16.139
18.645 18.321 -14.651
21.789 17.659 -12.618
23.533 17.468 -15.977
22.067 20.859 -16.891
19.449 19.333 -19.202
15.654 19.035 -19.193
13.639 15.891 -19.945
10.801 17.354 -22.005
9.121 13.980 -22.400
9.008 13.277 -18.660
5.670 11.720 -17.616
3.566 13.459 -14.979
3.752 12.697 -11.265
0.097 12.177 -10.167
0.773 12.836 -6.480
3.728 15.103 -7.124
7.116 14.702 -5.471
7.018 12.328 -2.514
9.476 12.441 0.393
10.484 8.907 -0.609
11.460 10.376 -3.992
13.666 12.980 -2.338
15.322 10.182 -0.380
15.852 8.277 -3.626
17.615 11.303 -5.112
20.239 11.230 -2.376
20.615 7.463 -2.444
21.106 7.532 -6.212
23.667 10.326 -6.038
25.554 8.455 -3.328
25.336 5.167 -5.223
26.551 6.713 -8.472
29.561 8.270 -6.769
30.471 4.881 -5.331
30.011 2.922 -8.554
30.810 5.591 -11.130
33.488 3.566 -12.919
31.365 0.443 -13.228
28.545 2.735 -14.298
30.611 4.043 -17.204
31.175 0.464 -18.378
27.571 -0.690 -18.108
26.223 2.339 -19.953
28.744 1.808 -22.733
27.446 -1.774 -22.881
23.817 -0.668 -22.877
24.554 1.875 -25.608
26.618 -0.540 -27.721
23.485 -1.066 -29.835
21.617 2.022 -31.160
18.163 0.635 -30.329
18.003 -0.683 -26.765
15.897 -3.781 -26.200
14.429 -5.072 -22.953
16.528 -8.213 -23.301
19.786 -6.305 -23.749
18.744 -4.066 -20.850
18.405 -7.138 -18.637
21.799 -8.522 -19.693
23.558 -5.237 -18.848
21.741 -4.616 -15.568
21.915 -8.203 -14.272
24.684 -7.439 -11.744
23.889 -3.811 -10.871
23.870 -3.533 -7.087
26.085 -6.555 -6.406
16.092 -10.610 -5.751
15.326 -6.927 -5.164
17.247 -5.548 -2.198
17.453 -1.818 -1.483
20.962 -1.925 -2.903
19.859 -3.378 -6.226
16.817 -1.091 -6.187
18.862 2.074 -5.696
21.486 0.907 -8.164
18.944 0.225 -10.902
17.309 3.649 -10.570
20.681 5.367 -10.147
22.055 3.630 -13.241
18.909 4.420 -15.217
19.146 8.085 -14.332
22.857 8.020 -15.150
22.345 6.546 -18.628
19.335 8.761 -19.370
21.536 11.803 -18.719
24.056 10.447 -21.258
21.272 9.927 -23.814
19.736 13.369 -23.417
20.430 15.817 -26.238
21.736 13.038 -28.455
19.901 13.091 -31.782
20.089 9.306 -32.060
19.708 8.385 -28.363
17.331 10.944 -26.812
14.357 9.051 -28.205
15.027 6.035 -26.000
15.039 7.662 -22.605
11.329 6.785 -22.352
11.972 3.110 -23.056
14.776 3.168 -20.449
12.248 4.564 -17.972
9.766 1.745 -18.708
12.348 -1.061 -18.619
13.607 0.226 -15.266
10.092 0.552 -13.809
8.998 -2.850 -15.100
12.138 -4.713 -14.026
11.788 -3.327 -10.492
8.021 -3.865 -10.319
8.250 -7.605 -10.885
11.169 -8.266 -8.538
9.500 -6.213 -5.798
5.913 -7.461 -5.959
6.883 -11.122 -5.662
10.038 -10.737 -3.558
9.497 -7.991 -0.969
6.781 -9.546 1.192
8.804 -12.716 1.816
12.172 -10.922 2.042
10.636 -8.654 4.694
11.447 -5.324 3.023
9.272 -2.259 2.451
9.415 1.479 1.777
9.179 2.308 5.484
12.098 0.026 6.256
13.694 1.790 3.271
13.447 5.265 4.787
14.951 4.095 8.073
18.017 2.605 6.394
18.115 5.554 4.013
18.379 8.348 6.581
21.200 6.350 8.158
23.073 6.185 4.853
22.277 9.824 4.136
23.890 10.860 7.421
26.954 8.633 7.010
27.603 10.161 3.588
27.161 13.718 4.854
29.482 13.171 7.824
31.934 11.253 5.643
32.143 13.966 2.971
32.394 16.565 5.733
35.445 14.737 7.093
