66.388 60.450 114.732
64.570 61.955 111.760
63.118 59.257 109.503
62.132 60.157 105.938
58.621 59.052 105.045
59.931 57.210 101.971
62.971 56.674 99.794
63.212 59.920 97.768
63.844 63.412 99.180
63.559 66.394 96.795
65.583 69.337 98.116
64.445 72.819 96.998
65.189 76.456 97.772
66.341 79.792 96.431
69.833 80.579 95.165
72.603 80.417 97.781
70.678 78.972 100.773
72.704 75.778 101.326
70.963 72.991 99.326
73.986 71.139 97.957
75.942 71.244 101.253
72.837 70.182 103.193
72.490 67.127 100.945
76.131 66.240 101.724
75.348 66.516 105.450
72.181 64.462 105.027
74.241 61.701 103.401
76.636 61.696 106.336
73.760 61.674 108.831
71.969 58.743 107.193
75.076 56.698 106.346
75.945 56.987 110.054
72.570 55.296 110.736
73.389 52.429 108.373
71.396 53.572 105.337
72.561 53.026 101.796
72.384 56.600 100.420
72.757 58.061 96.939
72.537 61.593 95.482
71.238 62.946 92.196
73.073 66.068 90.963
69.958 67.674 89.647
71.546 71.109 89.405
72.561 70.895 85.750
72.285 74.698 85.281
74.801 76.617 87.460
78.593 76.487 86.892
80.154 73.659 88.923
76.840 72.709 90.601
77.265 69.082 89.666
81.004 69.107 90.414
80.441 70.478 93.887
78.013 67.676 94.802
80.266 65.109 93.067
83.177 66.151 95.257
81.042 65.685 98.377
80.013 62.241 97.107
83.661 61.203 96.730
84.571 62.455 100.186
81.574 60.665 101.729
81.701 57.450 99.603
78.181 58.216 98.372
77.320 57.667 94.701
76.099 60.630 92.641
73.942 60.302 89.515
75.121 63.063 87.164
74.581 64.274 83.617
76.146 66.736 81.143
75.544 70.465 81.704
72.147 71.506 80.337
70.725 67.987 80.661
67.067 67.916 81.652
67.019 67.543 85.462
63.628 65.752 85.289
65.052 62.994 83.039
68.079 62.708 85.337
65.923 62.394 88.494
63.810 59.713 86.807
67.037 57.801 86.010
68.324 58.178 89.557
65.071 56.823 91.011
65.190 53.775 88.682
68.823 53.144 89.785
67.771 53.530 93.437
65.061 50.894 92.873
67.179 48.460 90.829
70.190 48.696 93.148
68.216 48.618 96.398
69.263 51.977 97.837
67.441 53.170 100.988
67.534 56.921 100.293
67.989 59.164 97.256
68.502 62.902 97.748
67.719 64.989 94.682
69.614 68.296 94.523
67.991 71.117 92.513
69.367 74.268 90.987
68.869 77.398 93.010
65.870 79.317 91.698
63.906 82.376 92.733
60.326 81.672 93.717
59.202 84.665 91.585
60.221 82.892 88.368
57.147 80.933 87.305
58.998 78.988 84.607
61.551 77.756 87.144
58.841 76.689 89.571
57.275 74.723 86.695
60.638 72.995 86.030
60.617 72.010 89.681
57.105 70.552 89.288
58.407 68.585 86.266
61.196 67.105 88.398
58.697 65.983 91.050
56.415 64.483 88.401
59.380 62.640 86.874
60.200 61.154 90.263
56.562 60.010 90.631
56.622 58.567 87.073
59.538 56.373 88.180
57.930 55.530 91.557
54.301 56.716 92.063
54.696 56.813 95.856
57.578 59.287 95.594
58.911 61.702 96.531
57.586 61.269 100.076
59.735 64.199 101.314
60.057 67.640 99.712
62.330 69.741 101.923
62.814 73.485 101.623
66.187 74.854 102.597
66.050 78.292 104.277
69.102 80.427 105.136
68.797 81.585 108.818
69.820 85.157 107.958
66.731 85.550 105.730
64.093 88.058 106.800
60.392 88.117 106.029
60.972 86.947 102.428
61.488 83.499 103.981
57.733 83.187 104.460
57.081 84.106 100.820
59.688 81.528 99.709
58.019 78.824 101.825
54.532 79.717 100.559
55.568 79.593 96.891
57.671 76.402 97.089
54.776 74.818 99.051
52.257 75.880 96.352
54.493 74.426 93.620
55.553 71.041 94.993
54.086 70.629 98.521
56.665 70.847 101.291
56.806 68.165 104.006
59.719 69.775 105.835
62.114 72.713 106.234
65.856 72.728 106.982
67.341 75.949 108.331
71.018 76.471 107.496
73.725 78.772 108.819
72.343 78.805 112.354
76.008 78.899 113.471
75.673 82.568 112.537
74.163 85.304 114.710
70.771 85.193 112.970
68.107 83.394 114.991
66.034 82.003 112.076
62.869 83.506 113.537
60.947 83.597 110.241
60.498 79.866 110.871
57.821 80.817 113.414
55.411 82.439 110.853
56.337 79.678 108.363
55.307 76.842 110.700
52.233 78.815 111.864
51.066 79.551 108.319
51.979 76.375 106.449
52.102 73.813 109.272
55.323 72.384 107.814
57.703 70.860 110.418
61.346 71.890 110.876
63.485 68.788 110.296
67.128 69.766 110.715
69.397 72.748 111.399
72.706 73.432 109.645
75.485 74.626 111.914
78.556 74.794 109.703
80.341 73.850 106.511
81.572 70.353 107.434
79.733 67.052 106.823
78.858 66.611 110.536
77.404 70.105 110.926
73.729 69.099 110.917
71.422 68.506 113.874
67.857 67.239 114.175
65.616 70.207 115.027
65.302 70.827 118.801
62.473 73.287 119.489
63.379 73.888 123.145
66.971 74.809 122.312
65.849 76.825 119.268
63.571 78.999 121.401
66.182 79.345 124.151
68.661 80.652 121.534
66.044 82.894 119.941
65.537 84.790 123.218
69.260 85.121 124.128
