-11.363 17.835 -3.087
-8.819 15.496 -1.424
-8.002 11.916 -2.421
-10.649 9.181 -2.382
-11.568 6.104 -0.272
-9.672 4.242 -2.994
-6.314 6.016 -2.698
-5.006 7.452 0.580
-2.670 10.416 1.071
0.791 9.007 1.803
3.561 11.064 3.420
6.401 9.150 1.758
5.459 10.288 -1.752
3.246 13.133 -0.517
0.182 12.265 -2.614
-2.745 9.883 -3.130
-1.937 6.190 -3.580
-3.837 2.895 -3.540
-4.768 2.777 0.148
-2.586 0.019 1.573
-0.753 -0.662 -1.683
-1.042 -4.307 -0.612
-3.451 -7.246 -0.804
-6.013 -7.346 2.006
-5.709 -4.825 4.904
-5.906 -6.430 8.350
