6.824 -5.014 -2.885
6.537 -2.710 0.183
2.978 -1.610 1.205
1.150 0.934 -1.017
1.391 3.544 1.742
3.065 4.271 5.080
-0.311 3.922 6.754
-0.695 0.490 5.260
2.849 -0.469 6.267
2.240 0.357 9.934
-0.851 -1.804 9.877
1.247 -4.685 8.542
3.926 -3.873 11.110
1.408 -4.076 13.951
0.487 -7.547 12.711
4.120 -8.643 12.439
4.827 -7.664 16.042
1.714 -9.201 17.563
3.736 -11.990 19.169
6.727 -9.834 19.949
5.430 -6.898 21.980
8.806 -5.211 22.845
9.810 -1.599 22.066
12.872 -1.293 19.795
15.263 1.042 21.652
14.263 0.520 25.295
12.901 -3.002 24.964
9.809 -2.307 27.036
6.830 -4.645 27.103
4.060 -3.535 24.771
0.272 -3.965 24.971
-1.334 -3.975 21.543
-4.820 -2.489 21.240
-5.793 -2.338 17.604
-3.420 0.072 15.834
-2.254 1.394 19.204
0.647 0.155 21.282
0.894 0.875 25.031
4.415 0.566 26.516
4.708 -0.321 30.196
7.250 2.411 31.046
7.127 1.370 34.682
8.394 -2.175 34.240
11.319 -1.359 31.925
12.272 1.585 34.125
11.800 4.133 31.375
12.361 7.634 32.716
10.317 10.150 30.748
12.328 13.172 29.597
9.451 15.668 29.274
6.626 14.178 27.186
4.546 11.795 29.349
1.751 11.496 26.841
3.972 10.940 23.857
6.004 8.328 25.762
2.703 6.641 26.712
2.113 5.325 23.209
4.079 3.421 20.609
5.135 5.124 17.378
6.488 3.410 14.289
10.134 4.294 13.769
11.953 4.593 10.436
15.341 3.229 11.487
16.805 5.089 8.559
14.835 8.382 8.830
12.729 9.447 5.856
14.710 12.693 5.727
17.754 10.578 4.906
16.392 8.962 1.777
14.351 11.972 0.809
16.103 15.343 1.333
18.324 14.682 -1.685
15.297 14.028 -3.935
13.660 16.709 -6.088
10.258 16.205 -4.426
11.783 17.181 -1.077
12.687 20.670 -2.283
9.148 21.034 -3.639
7.314 20.220 -0.408
9.431 18.159 1.958
8.435 14.630 2.966
4.725 15.290 2.429
5.265 15.993 -1.242
7.654 13.096 -1.670
5.148 10.573 -0.296
2.741 11.536 -3.060
5.131 12.235 -5.913
8.167 9.961 -5.652
7.309 6.279 -6.144
10.835 5.355 -5.160
10.471 7.456 -1.996
7.045 5.972 -1.391
8.358 2.447 -1.533
11.194 3.344 0.852
8.758 4.914 3.259
6.740 1.673 3.514
9.609 -0.812 3.608
8.768 -2.991 6.615
12.444 -3.908 7.117
13.023 -0.302 8.211
10.155 -0.120 10.698
10.203 -0.949 14.419
7.989 -0.062 17.472
9.399 2.695 19.616
8.341 4.756 22.609
6.821 7.881 21.044
8.987 10.284 23.034
12.072 8.381 21.911
11.014 8.500 18.252
10.465 12.244 18.569
13.694 12.986 20.430
15.764 10.904 17.971
14.238 12.912 15.164
16.405 12.369 12.105
19.654 12.259 14.045
22.369 9.823 12.936
23.240 6.909 15.209
26.701 6.914 16.762
28.905 5.392 19.438
31.054 7.138 22.034
32.492 6.583 25.516
30.992 7.979 28.724
28.008 10.316 28.800
27.443 12.728 25.901
23.688 13.290 25.791
20.488 12.903 27.773
19.322 9.478 28.911
16.132 7.735 29.940
16.609 6.053 33.311
16.918 2.308 32.736
16.915 2.846 28.966
20.556 3.475 28.051
19.556 5.504 24.952
21.576 8.738 24.827
20.536 11.740 22.780
22.550 14.940 22.243
20.292 17.517 20.579
22.876 20.235 19.969
25.137 17.660 18.323
22.208 15.961 16.588
23.317 12.441 17.457
22.112 9.473 19.472
23.774 6.406 20.939
21.338 3.450 20.789
21.414 0.592 23.338
23.074 -2.766 22.556
19.673 -4.411 21.997
19.171 -2.244 18.946
22.606 -1.795 17.318
22.560 -5.087 15.455
19.194 -4.537 13.820
20.047 -0.890 13.106
23.258 -1.791 11.306
21.680 -4.505 9.215
18.818 -2.177 8.301
21.025 0.727 7.228
23.097 -1.700 5.160
19.924 -3.145 3.662
18.454 0.231 2.770
21.643 1.570 1.207
22.174 -1.412 -1.048
18.493 -1.972 -1.841
17.831 1.611 -2.842
21.347 2.407 -3.921
22.339 5.348 -1.803
25.805 5.932 -0.372
26.264 6.116 3.394
28.832 8.488 4.886
32.318 7.155 5.586
31.784 7.192 9.345
28.284 5.705 9.070
29.343 2.879 6.751
32.169 1.978 9.107
29.884 2.112 12.162
27.116 0.002 10.656
29.659 -2.530 9.371
31.212 -2.795 12.803
27.908 -3.135 14.702
26.802 -5.799 12.193
29.814 -7.893 13.101
29.713 -7.017 16.841
25.989 -7.726 17.384
24.870 -10.942 15.581
21.290 -11.423 14.425
19.024 -12.989 17.025
15.933 -15.223 16.655
13.367 -12.372 16.470
15.387 -10.697 13.745
15.248 -13.873 11.638
11.505 -14.423 12.221
10.767 -10.788 11.455
12.792 -11.062 8.235
10.810 -14.127 7.101
7.483 -12.505 7.906
8.466 -9.371 6.011
9.671 -11.501 3.077
6.250 -13.196 2.845
4.350 -9.899 2.860
6.773 -7.709 0.915
8.410 -10.360 -1.215
12.032 -9.710 -0.282
14.438 -10.570 2.579
17.005 -8.248 4.130
20.233 -9.858 2.795
22.286 -8.858 5.780
19.881 -10.795 8.023
18.944 -13.812 5.865
22.679 -14.205 5.505
22.803 -15.471 9.114
19.356 -17.025 9.382
