24.455 -7.234 -10.215
23.460 -10.139 -7.930
23.419 -8.429 -4.564
19.744 -9.467 -4.358
17.770 -6.470 -3.038
13.987 -6.769 -3.513
11.494 -4.303 -2.050
8.019 -4.060 -3.622
6.288 -2.532 -0.571
6.216 1.101 0.637
4.600 2.777 3.674
3.136 6.217 4.331
2.369 8.090 7.584
0.725 11.390 8.593
-2.823 12.623 7.905
-4.781 9.379 7.374
-8.420 9.229 6.196
-11.052 6.899 7.703
-13.671 6.886 4.911
-11.480 7.018 1.774
-11.227 3.649 -0.020
-8.243 1.780 -1.520
-9.952 1.633 -4.936
-9.798 5.443 -5.290
-6.140 5.849 -4.260
-5.022 2.617 -5.979
-6.312 4.008 -9.291
-4.369 7.267 -8.815
-1.029 5.397 -8.749
-1.925 3.903 -12.156
0.004 4.981 -15.281
3.109 4.719 -13.059
2.802 1.643 -10.870
-0.615 0.327 -9.817
-1.319 -0.719 -6.230
-1.530 -4.477 -5.644
-2.659 -4.448 -2.000
-3.000 -2.101 0.999
-2.654 -3.154 4.657
-3.884 -0.688 7.306
-4.090 -1.410 11.054
-7.163 -0.025 12.861
-5.981 2.711 15.253
-2.632 2.950 13.426
-0.886 6.195 12.407
0.160 5.059 8.912
-0.259 2.203 6.410
1.723 0.161 3.873
0.836 -0.728 0.270
2.624 -3.219 -2.004
2.265 -2.617 -5.731
1.799 -5.098 -8.564
4.963 -3.849 -10.296
6.891 -2.380 -7.325
5.865 -0.043 -4.514
9.308 1.592 -4.382
8.995 2.202 -8.135
5.490 3.661 -8.164
5.928 5.242 -4.715
9.383 6.718 -5.273
8.422 7.603 -8.852
5.080 9.129 -7.864
6.538 10.350 -4.587
9.248 12.090 -6.606
6.720 13.523 -9.070
6.689 16.508 -6.717
8.778 16.850 -3.535
10.119 13.329 -2.905
7.488 12.259 -0.364
4.241 10.765 -1.727
1.011 11.598 0.080
-1.764 9.007 0.369
-5.030 9.885 -1.356
-3.201 12.851 -2.841
-3.267 14.831 0.460
-3.079 12.525 3.499
-0.050 10.284 4.217
3.501 10.496 2.847
5.032 7.142 1.796
8.716 6.174 1.688
10.320 2.760 0.995
11.861 1.217 4.135
15.208 -0.627 4.198
15.955 -4.266 3.297
15.413 -5.252 6.955
12.414 -2.972 7.653
10.965 -3.249 4.125
10.909 -7.063 4.351
9.435 -7.192 7.871
6.359 -5.384 6.497
6.337 -7.356 3.227
5.823 -10.628 5.141
3.144 -9.164 7.429
1.263 -7.869 4.363
1.025 -11.436 2.994
-0.251 -12.990 6.240
-2.853 -10.202 6.465
-4.264 -10.783 2.964
-4.093 -14.588 3.301
-6.576 -14.349 6.196
-8.754 -11.722 4.470
-9.265 -13.929 1.389
-9.898 -17.163 3.325
-10.144 -20.471 1.422
-13.075 -22.913 1.154
-12.296 -26.488 0.041
-10.853 -28.949 2.588
-10.635 -31.401 -0.338
-6.826 -31.730 -0.273
-4.435 -30.532 -3.005
