14.973 2.711 18.950
17.116 0.381 21.056
17.653 0.331 24.842
19.115 3.619 26.111
21.001 6.773 25.063
24.204 5.938 26.887
27.248 8.137 27.146
30.348 7.413 29.141
32.735 10.129 30.232
35.997 8.281 30.799
39.813 8.255 30.652
41.366 5.441 28.509
43.615 3.753 31.116
41.043 3.997 34.003
40.301 0.644 35.622
37.138 2.183 37.055
35.775 3.338 33.671
36.853 0.054 32.158
34.508 -1.704 34.538
31.561 0.072 33.101
32.811 -0.498 29.514
33.054 -4.301 30.082
29.658 -4.396 31.800
27.936 -2.636 28.925
29.731 -4.858 26.432
28.642 -7.927 28.420
25.143 -6.629 28.310
24.969 -5.750 24.602
24.524 -2.108 25.465
26.143 0.332 22.958
27.401 3.623 24.268
29.156 6.735 23.175
32.616 6.938 24.706
34.012 10.411 25.398
37.669 10.763 26.347
38.271 13.335 29.063
41.486 15.259 29.707
41.737 15.057 33.467
44.014 18.126 33.524
41.381 19.991 31.530
38.037 18.527 32.622
35.028 19.397 30.471
32.173 21.562 31.614
29.892 18.463 31.190
31.945 16.263 33.476
32.168 19.014 36.107
28.410 19.486 35.948
27.508 15.804 35.808
29.660 14.801 38.812
30.081 18.082 40.861
30.696 16.244 44.023
33.709 14.269 43.008
34.598 15.590 39.551
35.859 12.177 38.629
35.371 9.726 35.781
33.663 7.439 35.022
30.344 9.024 34.588
27.543 7.359 32.868
24.836 9.505 31.340
21.569 7.729 30.580
19.292 10.032 28.626
21.221 12.955 30.092
20.978 11.898 33.781
24.341 11.093 35.441
25.336 8.144 37.591
28.804 8.301 39.149
31.003 5.825 41.076
31.871 2.725 39.093
30.295 0.190 41.430
27.129 2.248 41.564
27.064 2.373 37.698
27.536 -1.444 37.607
24.518 -2.002 39.863
22.623 0.519 37.853
23.284 -1.385 34.637
21.512 -4.389 36.237
18.676 -2.308 37.747
17.993 -0.229 34.699
18.300 -3.022 32.120
16.639 -6.076 33.676
16.531 -7.865 30.366
20.364 -8.100 29.983
22.579 -10.739 31.611
22.896 -9.787 35.262
