52.506 5.021 -6.781
55.029 5.730 -4.004
56.522 8.703 -5.831
53.239 10.627 -5.773
52.772 9.725 -2.105
56.302 11.015 -1.582
55.467 14.296 -3.296
52.401 14.679 -1.081
54.281 14.097 2.168
56.878 16.671 1.114
54.226 19.261 0.314
52.429 18.776 3.650
55.356 18.166 6.008
58.271 19.823 4.248
60.644 16.931 4.948
62.474 14.489 2.685
59.921 11.629 2.441
62.058 8.508 2.848
64.944 9.747 4.997
62.611 11.126 7.672
59.857 8.503 7.565
61.461 5.533 5.835
62.185 3.893 9.191
60.164 5.912 11.697
58.432 4.218 14.613
56.834 0.781 14.286
54.725 1.423 11.211
56.324 4.012 8.922
59.030 1.694 7.633
58.103 -1.518 5.809
55.975 -3.948 7.732
54.840 -2.979 11.203
53.685 -4.352 14.542
53.475 -3.322 18.175
52.102 -0.059 19.635
52.375 3.227 17.711
55.304 5.157 19.174
53.472 8.452 18.551
51.010 10.528 16.503
53.204 10.432 13.390
53.683 6.672 13.849
49.909 6.321 14.232
49.505 8.063 10.878
51.637 5.305 9.316
49.508 2.679 11.062
46.255 3.912 9.534
47.932 4.063 6.108
48.948 0.391 6.471
45.394 -0.649 7.333
44.227 1.492 4.431
46.455 -0.486 2.068
45.163 -3.874 3.209
41.574 -2.998 2.300
42.908 -1.902 -1.100
43.935 -5.412 -2.111
42.592 -5.587 -5.670
44.647 -2.580 -6.756
48.442 -2.380 -6.455
48.823 0.270 -3.692
52.530 0.918 -4.237
52.414 0.932 -8.042
48.888 2.158 -8.848
49.112 5.402 -10.816
46.297 7.747 -9.860
45.113 11.279 -10.565
45.481 13.975 -7.946
45.637 17.750 -8.106
46.099 20.822 -5.941
43.243 23.318 -5.525
44.121 26.373 -3.428
46.653 24.328 -1.479
44.311 21.392 -0.909
45.014 17.917 -2.260
42.104 16.496 -4.250
41.737 12.976 -5.612
39.761 13.225 -8.860
39.682 9.653 -10.167
36.621 7.835 -11.491
38.255 4.436 -11.004
37.278 3.186 -7.504
40.677 1.525 -7.155
42.972 4.399 -8.079
40.702 6.732 -6.115
40.789 4.613 -2.959
44.591 4.345 -3.179
44.833 8.088 -3.682
42.692 8.769 -0.598
44.953 6.472 1.447
48.005 8.565 0.586
46.166 11.876 0.886
44.933 11.078 4.405
48.386 9.946 5.527
50.062 13.010 4.010
47.717 15.344 5.898
48.058 13.381 9.141
51.862 13.567 9.000
51.676 17.284 8.325
49.411 17.892 11.319
51.878 16.161 13.661
55.178 17.324 12.197
55.463 19.421 15.363
55.914 16.400 17.628
58.210 14.656 15.152
61.198 13.209 17.014
64.141 11.739 15.093
64.724 9.523 18.124
61.946 7.259 16.894
64.042 5.944 14.037
66.785 4.953 16.520
64.736 3.779 19.515
61.784 1.445 19.003
59.704 -0.784 21.299
57.440 -2.680 18.897
55.713 -5.530 20.720
54.227 -8.586 18.976
50.595 -7.489 19.226
48.864 -6.883 15.883
47.001 -3.570 16.086
43.404 -2.666 15.252
42.427 -1.958 11.634
54.391 0.131 7.357
