34.797 52.292 44.179
36.834 49.373 45.662
36.468 45.861 44.212
34.944 44.726 47.520
31.985 46.972 46.666
30.580 43.897 44.920
29.045 42.735 48.217
26.737 45.732 48.003
25.320 43.964 44.942
23.528 41.599 47.305
24.885 40.228 50.567
25.788 43.475 52.297
22.811 45.521 51.083
20.507 42.700 52.161
21.788 42.200 55.694
22.471 45.883 56.354
19.127 46.896 54.864
17.260 44.178 56.746
18.264 46.013 59.933
17.986 49.666 58.879
15.078 49.463 56.389
13.006 46.357 57.125
13.277 45.826 60.879
13.827 49.561 61.370
16.145 48.942 64.321
15.997 51.841 66.762
18.732 53.405 68.938
19.136 51.665 72.287
17.247 48.536 71.252
18.387 44.928 71.611
18.821 42.734 68.527
19.547 39.099 67.659
20.981 37.918 64.322
20.589 34.234 63.425
23.048 32.747 60.949
26.479 34.343 60.809
27.146 34.246 57.077
27.573 37.058 54.576
24.063 38.350 55.187
24.216 37.771 58.940
27.420 39.761 59.370
25.931 42.566 57.295
22.869 42.545 59.568
25.171 42.897 62.569
26.824 45.891 60.907
23.353 47.262 60.220
22.066 46.900 63.776
25.149 48.710 65.057
24.689 51.481 62.501
21.077 51.773 63.672
22.321 52.354 67.204
21.415 49.076 68.919
22.754 48.755 72.470
22.887 44.942 72.373
23.503 42.760 69.320
23.416 39.018 69.893
24.973 36.867 67.199
23.536 33.358 67.068
25.256 30.618 65.087
26.620 27.068 65.258
30.231 28.007 64.481
31.986 29.594 67.454
35.095 30.273 65.364
33.166 33.173 63.785
32.264 34.867 67.074
35.497 36.867 67.391
34.879 38.481 63.981
31.208 38.950 64.829
32.128 40.922 67.952
34.676 42.912 65.947
31.960 44.022 63.542
29.381 45.059 66.123
28.016 42.079 68.039
28.020 42.588 71.808
27.942 38.828 72.360
27.401 35.511 70.583
25.475 32.383 71.510
25.812 28.831 70.227
22.517 26.874 70.457
24.499 23.681 71.050
25.880 25.069 74.325
22.444 24.985 75.953
20.007 22.246 76.937
16.913 24.423 76.471
15.610 26.113 73.281
17.805 29.007 72.150
14.856 31.419 72.286
14.313 30.613 75.968
17.977 31.375 76.628
17.701 34.698 74.807
14.454 35.797 76.466
15.963 34.836 79.810
18.970 37.056 79.047
17.055 39.999 77.559
14.188 40.649 79.983
11.669 38.782 77.842
13.272 38.817 74.403
14.955 41.133 71.911
13.255 44.041 70.144
14.435 42.952 66.687
15.497 39.560 65.303
16.903 38.857 61.833
16.979 35.346 60.338
19.793 34.853 57.813
20.144 31.077 57.456
17.196 29.983 55.344
15.910 27.323 57.759
12.389 26.970 59.154
13.785 26.013 62.563
15.940 29.131 62.634
13.002 31.317 61.605
10.885 29.924 64.443
13.728 30.431 66.916
14.118 34.041 65.791
10.403 34.759 66.145
10.113 33.338 69.658
13.346 35.047 70.654
11.688 38.474 70.362
9.675 40.252 73.076
6.051 39.114 72.862
4.760 42.644 73.337
6.369 44.334 70.327
9.155 42.167 68.926
9.911 42.370 65.199
11.332 39.444 63.242
12.684 39.768 59.696
13.141 36.616 57.613
15.669 36.891 54.790
16.669 33.305 54.085
14.906 31.056 51.592
14.064 27.484 52.627
13.135 24.545 50.409
10.129 25.392 48.125
7.625 23.100 49.865
8.623 23.826 53.463
6.131 25.681 55.644
6.452 27.584 58.906
3.988 26.094 61.450
3.001 29.479 62.847
0.885 29.585 65.987
-1.173 32.816 65.625
-0.983 33.362 69.386
2.708 34.246 69.014
1.667 37.329 67.028
-1.478 38.316 68.935
0.442 39.811 71.863
2.104 42.385 69.617
4.751 40.712 67.459
5.408 41.376 63.768
6.859 38.946 61.230
8.128 40.366 57.945
10.459 39.797 55.036
12.163 41.661 52.210
14.561 41.283 49.292
17.787 43.247 48.748
17.365 44.731 52.229
14.482 46.895 51.082
16.885 49.077 49.079
15.908 50.545 45.708
18.440 50.609 42.880
18.739 54.391 43.160
20.085 54.005 46.708
23.041 51.768 45.868
25.393 54.607 44.900
24.785 56.209 48.310
25.781 52.960 50.019
29.000 52.822 48.017
29.671 56.426 49.028
29.232 55.577 52.719
31.632 52.660 52.255
34.307 54.884 50.712
33.889 57.350 53.585
34.563 54.479 55.973
31.110 54.802 57.546
