56.954 -35.752 -134.942
60.679 -35.184 -135.567
63.213 -33.125 -137.487
63.396 -32.779 -141.250
66.697 -33.754 -142.966
67.706 -30.115 -143.473
67.096 -29.167 -139.828
68.640 -32.419 -138.646
71.719 -31.254 -140.519
72.189 -27.921 -138.799
71.672 -29.588 -135.444
74.477 -32.015 -136.281
76.947 -29.514 -137.665
76.111 -26.771 -135.155
75.726 -28.790 -131.955
77.250 -32.275 -132.300
80.199 -31.936 -134.697
80.627 -28.487 -133.152
79.437 -27.008 -129.830
76.367 -24.744 -129.975
74.531 -22.272 -127.722
70.848 -22.582 -126.713
69.574 -20.072 -129.274
71.228 -21.921 -132.134
69.373 -25.049 -131.140
66.211 -23.040 -130.532
66.401 -21.736 -134.103
66.439 -25.218 -135.584
63.611 -26.775 -133.524
61.347 -23.699 -133.355
59.446 -25.399 -130.551
60.633 -24.453 -127.060
59.438 -27.752 -125.606
61.380 -29.811 -128.150
64.472 -27.630 -128.130
65.115 -27.588 -124.385
63.812 -31.145 -124.108
66.979 -31.748 -126.101
69.045 -29.153 -124.288
68.972 -30.919 -120.930
70.556 -34.017 -122.498
73.169 -32.199 -124.552
76.269 -33.114 -122.548
78.241 -30.315 -124.173
75.569 -27.870 -123.116
75.438 -25.295 -120.335
72.046 -26.103 -118.864
