-7.180 21.632 11.825
-5.084 22.508 14.883
-1.646 21.060 15.868
-1.377 18.299 18.476
1.353 17.990 21.109
1.902 14.938 23.287
3.640 15.883 26.568
4.666 13.011 28.858
4.492 13.720 32.575
2.546 16.913 31.818
0.624 16.525 35.060
2.582 19.157 36.949
5.691 21.255 37.460
7.448 21.654 34.098
5.418 19.352 31.888
2.378 21.254 33.098
4.113 24.505 32.200
5.173 23.177 28.773
1.779 21.656 28.002
-0.023 24.865 28.935
2.426 26.902 26.832
2.002 24.804 23.695
-1.759 25.008 24.247
-1.427 28.785 24.290
0.373 28.750 20.933
-2.731 27.084 19.563
-1.620 23.481 20.018
-4.243 20.960 21.133
-2.510 18.936 23.881
-2.487 15.322 25.066
-1.495 15.287 28.732
0.087 11.996 29.739
0.700 11.214 33.400
1.598 8.238 35.591
0.332 8.611 39.161
-0.786 12.263 39.235
-4.357 11.647 38.007
-5.861 14.479 40.054
-3.506 17.188 38.682
-3.740 16.005 35.077
-7.511 16.288 35.109
-7.511 19.694 36.783
-5.280 20.880 33.989
-7.314 19.285 31.198
-10.276 20.965 32.874
-8.692 24.425 32.685
-7.440 23.930 29.162
-10.763 22.573 27.882
-12.383 25.527 29.665
-10.442 28.026 27.550
-11.183 26.039 24.409
-13.441 23.021 23.919
-11.690 19.759 23.052
-8.228 21.345 23.305
-6.866 18.729 25.698
-7.158 15.093 26.760
-5.352 12.841 29.231
-3.616 9.453 29.165
-2.141 7.412 32.010
0.920 5.225 31.495
3.822 3.847 33.505
6.856 4.469 31.310
9.055 2.263 33.475
10.520 -0.510 31.351
8.288 -3.231 32.811
5.482 -5.392 31.462
1.880 -4.472 32.398
-1.506 -6.202 33.054
-4.367 -5.945 30.460
-4.893 -10.733 28.542
-1.104 -10.916 28.063
1.205 -8.318 29.608
1.542 -5.045 27.716
5.177 -4.212 27.065
6.495 -0.709 27.572
6.577 -0.525 23.784
2.851 -1.247 23.516
1.925 1.381 26.082
4.190 3.852 24.256
2.873 3.214 20.756
-0.616 3.224 22.229
0.100 6.671 23.663
0.878 8.055 20.189
-2.148 6.326 18.666
-4.293 8.106 21.221
-3.383 11.405 19.617
-4.219 10.099 16.165
-7.394 8.355 17.328
-8.658 11.534 18.970
-7.456 14.429 16.803
-6.175 12.398 13.869
-2.679 13.882 14.101
0.402 14.135 16.325
2.816 16.983 15.537
4.879 17.619 18.666
6.239 15.073 21.122
7.857 16.273 24.312
9.599 13.630 26.458
9.340 15.214 29.899
8.377 12.311 32.193
11.403 11.463 34.331
12.147 9.508 37.511
14.921 11.148 39.551
16.551 9.562 42.559
19.771 8.063 44.001
21.265 4.686 43.032
24.535 4.702 44.980
27.215 2.323 43.768
28.311 1.625 47.342
25.577 0.378 49.714
18.234 -4.799 48.730
18.471 -6.091 45.246
14.860 -5.834 43.991
15.292 -2.211 44.769
17.962 -2.128 42.051
16.294 -4.189 39.315
13.367 -1.783 39.779
15.288 1.502 39.876
16.952 0.436 36.646
13.676 -0.216 34.843
12.135 2.925 36.297
15.047 5.327 35.753
16.051 4.045 32.298
12.462 3.518 31.340
11.158 7.045 31.756
14.380 8.777 30.625
15.567 6.718 27.680
13.691 3.550 26.705
10.232 5.136 26.745
11.465 8.198 24.768
12.964 5.841 22.179
9.812 3.790 21.642
7.723 6.967 21.670
9.842 8.687 19.011
9.710 5.456 17.010
5.921 5.198 17.103
5.684 8.905 16.312
8.007 8.722 13.307
6.140 5.619 12.029
2.937 7.613 11.882
4.472 10.530 9.992
5.931 7.989 7.573
2.623 6.158 7.089
0.974 9.374 6.176
0.778 10.056 2.442
3.299 12.791 1.629
0.447 15.133 0.583
-1.282 14.960 4.008
1.700 15.378 6.390
2.052 18.322 8.766
4.429 21.173 7.999
6.018 21.360 11.439
7.025 18.068 13.106
9.125 18.842 16.202
10.321 16.511 19.002
11.851 17.869 22.188
13.716 15.789 24.762
14.006 17.117 28.311
17.540 16.361 29.488
20.049 17.803 31.951
22.722 20.485 31.723
24.632 18.972 34.651
25.292 15.494 33.226
28.953 16.299 32.526
29.398 17.024 36.204
27.552 13.988 37.618
25.380 14.635 40.648
27.076 12.330 43.146
25.034 9.186 43.705
22.746 9.372 40.649
24.587 7.091 38.227
21.560 5.365 36.669
19.838 8.723 36.342
22.904 10.267 34.719
23.295 7.222 32.468
19.725 7.505 31.274
19.937 11.239 30.431
23.167 10.614 28.512
21.245 7.978 26.595
18.526 10.581 26.031
21.175 12.932 24.642
22.334 10.214 22.277
18.762 9.546 21.232
18.332 13.209 20.342
21.302 13.269 17.996
20.683 9.832 16.524
16.959 10.307 15.924
17.609 13.834 14.614
19.953 12.521 11.950
17.721 9.623 10.983
14.457 11.588 10.924
15.726 14.611 8.976
14.540 12.863 5.827
10.923 12.820 7.130
11.424 16.474 8.083
11.165 15.592 11.780
13.433 17.754 13.938
14.708 16.314 17.219
16.194 18.599 19.866
16.827 18.750 23.594
16.381 21.301 26.369
18.719 20.919 29.309
17.728 22.867 32.465
20.232 23.339 35.256
18.191 24.226 38.316
14.443 24.922 38.011
11.351 24.533 40.186
13.291 22.493 42.797
11.617 19.171 43.828
8.809 20.166 46.203
10.071 18.435 49.320
13.260 20.487 49.483
13.898 22.321 52.768
13.853 26.088 52.098
17.355 26.033 53.596
18.470 23.448 51.058
16.661 25.298 48.283
18.284 28.651 49.006
21.550 26.711 49.149
21.386 25.596 45.540
20.091 28.920 44.247
23.029 30.917 45.563
25.261 28.594 43.497
23.809 29.867 40.207
25.966 32.528 38.441
22.962 34.408 37.002
20.425 35.960 39.394
21.602 33.466 42.015
18.223 31.746 41.737
16.900 28.620 40.064
14.790 29.044 36.936
11.040 29.263 36.697
8.969 26.628 34.904
8.161 29.246 32.304
11.825 29.918 31.533
12.243 26.266 30.612
8.979 26.140 28.646
9.851 29.203 26.524
12.723 27.152 25.162
10.298 24.376 24.161
7.892 26.758 22.459
10.865 28.226 20.619
12.120 24.845 19.411
8.668 24.037 18.077
8.141 27.505 16.655
8.882 27.968 12.964
11.684 30.336 13.961
13.822 27.299 14.744
12.871 25.156 11.750
16.510 24.690 10.700
17.575 23.559 14.192
17.867 19.805 14.851
19.914 17.296 16.841
21.073 20.068 19.185
20.585 20.830 22.906
19.938 24.273 24.399
20.934 24.964 28.032
18.801 26.998 30.426
21.093 26.886 33.466
21.830 30.569 33.910
25.505 29.613 33.758
25.360 26.968 36.504
27.260 24.397 34.401
30.150 26.866 33.991
31.035 26.589 37.681
33.627 24.397 39.374
34.143 23.323 42.981
18.771 13.899 47.755
