65.270 42.005 8.508
68.151 42.923 6.194
69.201 45.843 8.319
71.409 48.803 7.415
73.703 50.365 8.838
75.151 46.917 9.532
76.266 47.646 13.099
72.696 47.867 14.479
71.742 45.492 17.278
68.229 44.018 17.258
66.262 41.313 19.094
62.766 40.082 19.832
61.297 40.120 16.318
57.594 39.207 16.137
55.837 38.531 12.852
52.337 37.756 11.714
51.189 37.327 8.131
47.563 36.436 7.389
45.279 36.131 4.319
42.962 39.214 4.321
40.997 38.021 1.243
41.511 36.005 -1.917
44.148 38.494 -3.190
45.394 40.313 -0.164
47.459 39.353 2.871
48.753 41.379 5.820
52.223 41.475 7.305
52.728 42.675 10.890
56.378 42.998 11.711
57.649 44.121 15.131
61.186 44.252 16.509
63.343 45.972 19.101
66.429 48.015 18.219
69.149 48.710 20.816
71.253 51.668 19.502
71.190 55.169 21.093
73.834 56.990 19.051
72.374 56.862 15.500
72.139 60.221 13.752
70.713 58.728 10.503
67.747 56.416 9.938
67.727 52.631 10.138
66.747 51.154 6.749
65.246 47.691 7.264
64.332 45.861 4.077
62.996 42.497 3.233
61.313 40.402 0.625
57.547 39.980 0.305
55.588 38.022 -2.352
53.729 41.043 -3.806
53.223 44.813 -4.040
52.277 46.741 -0.948
48.917 48.380 -1.114
48.358 50.203 2.153
49.683 50.354 5.715
47.452 49.318 8.519
47.133 50.147 12.231
46.807 47.314 14.723
45.602 47.435 18.312
48.216 48.013 21.019
48.099 44.434 22.198
48.628 42.499 19.025
52.330 42.166 19.684
51.889 40.178 22.898
49.003 38.150 21.504
51.147 36.954 18.570
53.947 36.032 20.924
51.547 34.354 23.389
49.953 32.288 20.717
53.284 31.014 19.409
54.567 30.294 22.920
51.482 28.258 23.811
52.057 25.875 20.911
55.674 25.268 21.950
55.030 25.068 25.680
53.078 21.956 24.839
56.307 20.370 23.690
58.250 21.228 26.819
58.698 19.690 30.258
60.038 22.403 32.508
60.003 21.243 36.106
61.112 24.560 37.650
58.950 27.316 39.195
61.930 29.502 40.244
61.890 32.472 37.607
58.563 33.075 39.440
56.798 36.234 40.545
56.053 38.287 37.420
58.159 41.353 37.747
57.427 44.955 38.343
58.363 46.106 34.787
55.694 48.423 33.434
54.561 49.255 29.892
55.827 52.758 29.351
57.550 53.271 26.042
55.145 53.947 23.179
55.513 51.953 19.971
57.536 53.624 17.190
56.469 53.140 13.560
58.688 52.456 10.628
57.941 54.524 7.514
57.018 51.984 4.735
57.540 52.123 0.953
57.788 49.298 -1.658
60.177 48.461 -4.486
59.675 45.756 -7.042
62.708 43.437 -6.572
63.520 44.125 -10.256
64.215 47.836 -9.754
66.081 47.849 -6.393
69.661 47.495 -7.672
69.243 50.597 -9.812
67.435 52.482 -7.053
69.386 51.559 -3.885
72.093 54.296 -3.892
69.321 56.833 -4.620
67.482 55.441 -1.623
70.462 55.625 0.712
70.987 59.216 -0.425
67.447 60.281 0.380
68.346 59.145 3.914
71.578 61.060 4.012
73.820 58.033 3.435
76.181 59.265 0.738
79.726 58.135 1.517
81.229 55.286 -0.476
81.782 53.341 2.769
78.018 53.132 3.519
76.988 52.478 -0.039
79.414 49.651 -0.516
78.469 48.066 2.803
74.825 47.982 1.730
75.591 46.483 -1.712
77.849 43.900 -0.096
75.803 42.886 2.923
72.199 43.860 2.216
71.469 43.989 -1.531
72.206 40.222 -1.984
69.534 39.243 0.585
66.989 41.373 -1.316
67.523 40.489 -5.008
68.574 37.487 -7.120
68.706 37.492 -10.993
65.151 36.080 -10.735
63.465 39.212 -9.178
59.817 38.098 -9.098
59.306 39.042 -5.394
58.968 42.573 -3.968
60.851 44.544 -1.322
59.438 46.326 1.724
61.633 49.340 2.639
61.191 50.319 6.282
62.643 53.578 7.644
63.129 54.292 11.308
63.710 57.941 12.200
66.830 58.274 14.503
65.424 59.937 17.605
63.420 56.831 18.726
63.478 55.741 22.337
65.789 52.792 23.106
63.254 50.727 25.015
60.496 51.001 22.384
59.100 48.265 20.118
59.509 49.430 16.488
56.420 48.354 14.567
54.856 48.238 11.101
52.005 46.545 9.324
50.651 46.679 5.804
48.512 44.789 3.289
49.953 43.473 0.076
48.842 41.504 -3.019
50.798 38.176 -3.255
52.082 37.257 -6.674
51.132 33.614 -7.396
49.977 31.986 -4.118
53.306 32.593 -2.394
54.134 34.126 1.019
57.598 35.050 2.183
58.225 35.040 5.977
61.199 37.422 6.278
63.592 35.582 8.575
66.784 36.438 6.678
69.311 38.964 7.990
71.803 41.159 6.213
75.036 39.133 5.550
77.925 39.331 8.141
81.623 38.363 7.900
81.599 35.389 10.202
78.838 33.490 8.295
76.981 32.586 11.527
73.653 34.265 12.286
71.743 34.681 15.548
67.968 34.411 15.517
65.331 35.607 17.992
61.951 35.673 16.320
58.453 34.115 16.536
55.965 34.066 13.656
52.321 33.206 13.129
51.322 32.623 9.416
47.904 31.346 8.272
46.383 29.940 5.090
49.642 28.174 4.249
50.642 24.779 2.981
53.027 22.535 4.890
56.580 22.191 3.582
58.168 19.439 5.651
61.373 19.449 3.726
61.990 23.228 3.941
61.238 23.103 7.636
63.610 20.082 8.218
66.435 21.888 6.537
65.884 25.009 8.685
65.590 23.073 12.008
68.600 20.738 11.348
70.776 23.873 10.885
69.808 25.337 14.297
72.185 25.445 17.233
70.318 25.702 20.616
71.211 27.587 23.885
73.025 25.429 26.515
71.574 24.838 30.011
75.122 24.104 31.120
74.059 20.888 32.906
76.571 18.063 32.592
74.595 15.546 30.555
72.536 17.813 28.282
71.825 16.519 24.794
70.056 18.177 21.872
67.326 16.076 20.265
65.814 16.490 16.815
62.093 15.900 16.228
60.094 15.238 13.085
56.718 14.275 14.581
53.053 14.267 13.670
50.082 14.124 16.028
46.385 14.122 14.980
46.234 17.544 13.374
49.721 18.908 13.960
53.159 18.449 12.380
56.095 19.379 14.608
59.631 19.781 13.370
61.901 21.096 16.151
64.916 20.689 18.369
64.815 20.513 22.156
67.384 20.618 24.914
67.054 17.628 27.192
68.669 16.337 30.311
68.038 14.525 33.585
67.946 15.344 37.347
67.296 13.034 40.356
63.885 12.947 42.081
63.398 15.277 45.057
59.898 13.738 45.563
60.627 10.076 44.714
63.891 8.123 44.928
65.509 7.082 41.616
62.347 8.361 39.818
64.129 10.961 37.665
62.807 14.075 35.894
63.189 14.219 32.086
63.466 17.869 31.205
62.621 19.021 27.708
63.224 22.738 27.171
64.201 25.423 24.585
62.171 23.883 21.851
62.668 25.821 18.618
61.254 25.121 15.185
57.997 24.841 13.299
54.589 23.646 14.498
52.008 23.259 11.779
48.304 22.914 12.448
46.997 20.670 9.656
43.408 21.539 10.556
43.566 25.365 10.775
46.304 25.735 8.087
48.316 27.776 10.587
52.068 27.778 10.979
53.792 28.725 14.254
57.482 29.422 14.256
59.887 30.044 17.120
63.625 30.645 16.621
64.472 32.082 20.044
68.087 32.736 20.752
69.298 30.055 18.345
72.224 30.367 15.971
72.669 28.965 12.446
74.735 29.138 9.300
71.536 29.159 7.172
70.505 32.813 6.653
67.307 32.615 4.659
63.566 33.429 4.380
60.897 30.709 4.521
58.823 30.749 1.316
55.455 28.907 1.221
52.404 28.372 -0.992
49.124 29.882 0.220
45.864 27.903 0.212
44.230 28.162 -3.302
40.371 28.345 -3.087
