-5.616 -3.847 -9.602
-5.136 -2.307 -6.149
-1.646 -1.023 -6.971
-3.052 1.460 -9.476
-5.941 2.246 -7.125
-3.722 3.301 -4.254
-0.999 4.858 -6.413
-3.740 6.843 -8.137
-5.115 7.938 -4.779
-1.768 9.444 -3.737
-1.263 10.974 -7.151
-2.460 14.458 -8.077
-5.388 13.993 -10.394
-7.779 11.222 -11.355
-6.364 8.346 -13.412
-7.734 5.179 -15.018
-6.721 1.578 -14.314
-7.905 -1.099 -16.721
-7.646 -4.888 -16.629
-8.503 -4.652 -12.903
-9.284 -7.920 -11.115
-12.992 -8.373 -10.430
-12.503 -9.975 -7.020
-12.803 -9.238 -3.305
-9.146 -8.333 -2.844
-9.689 -5.355 -5.146
-13.178 -4.196 -4.186
-11.730 -4.034 -0.690
-8.953 -1.753 -1.880
-11.484 0.482 -3.587
-13.790 0.360 -0.565
-10.718 1.344 1.443
-10.068 4.588 -0.468
-13.698 5.638 -0.770
-13.750 5.233 2.990
-11.305 8.092 3.407
-13.137 9.919 0.685
-11.360 8.947 -2.523
-13.504 8.952 -5.642
-13.233 5.824 -7.749
-15.417 4.340 -10.493
-15.088 0.854 -12.006
-16.364 -0.387 -15.371
-19.387 -2.524 -16.249
-17.161 -5.554 -15.611
-15.181 -3.984 -12.770
-11.990 -4.178 -14.830
-11.513 -0.440 -15.395
-11.506 2.103 -12.606
-11.000 5.850 -12.474
-9.414 6.945 -9.201
-9.380 10.592 -8.203
-5.905 11.467 -6.978
-6.182 12.582 -3.370
-2.924 14.400 -4.104
-1.336 13.028 -0.966
-1.582 9.876 1.153
-4.936 8.305 1.831
-5.948 10.994 4.247
-8.793 10.240 6.669
-9.282 11.972 10.022
-12.165 10.302 11.829
-11.049 6.972 13.251
-12.204 5.188 10.120
-12.173 1.395 10.205
-11.832 -0.651 7.058
-12.362 -4.298 6.169
-9.825 -5.861 3.817
-11.342 -9.324 4.259
-9.167 -12.135 2.914
-7.342 -9.925 0.424
-3.788 -9.394 1.644
-2.971 -7.561 -1.574
-4.741 -4.393 -0.415
-4.439 -4.715 3.376
-0.663 -4.277 3.464
-0.381 -1.467 0.824
-3.411 0.425 2.147
-2.192 0.048 5.715
1.099 1.809 5.008
-0.340 4.427 2.629
-2.464 5.984 5.348
0.522 5.964 7.692
1.516 9.192 5.933
0.473 12.676 7.044
-2.029 12.065 9.835
-4.965 9.679 9.578
-6.863 7.682 12.175
-8.037 4.352 10.783
-8.626 0.904 12.217
-8.042 -1.940 9.769
-9.823 -5.289 9.852
-10.359 -8.388 7.729
-11.890 -11.836 7.305
-11.540 -14.728 9.824
-8.470 -16.071 8.018
-6.943 -12.629 7.562
-6.818 -12.558 11.361
-3.756 -14.800 11.100
-1.863 -12.919 8.400
1.414 -11.628 9.951
1.964 -7.982 9.066
4.681 -7.093 11.508
7.565 -6.705 9.071
5.389 -4.175 7.268
3.940 -2.262 10.224
7.476 -2.237 11.630
9.128 -0.445 8.715
6.480 2.237 8.351
6.538 2.657 12.108
10.300 3.130 11.933
9.788 5.912 9.412
7.433 7.719 11.772
4.127 5.911 11.234
1.681 5.544 14.121
0.018 2.124 14.227
-1.305 -0.254 16.864
-2.740 -3.727 17.381
-6.415 -3.682 18.269
-6.531 -7.459 18.763
-3.299 -9.323 17.991
0.260 -8.361 17.091
1.034 -8.494 13.366
-2.585 -9.003 12.303
-5.350 -7.146 10.347
-6.523 -5.183 13.452
-4.434 -2.087 12.940
-5.195 1.410 14.134
-3.198 3.914 12.079
-2.497 7.541 12.964
-0.229 8.698 10.160
3.095 10.311 10.925
5.152 8.564 8.262
8.043 10.925 7.553
10.954 8.699 6.607
14.425 7.597 7.625
16.499 4.413 7.389
14.218 1.375 7.564
14.531 -2.408 7.387
11.726 -4.473 5.874
11.279 -8.233 5.499
10.768 -9.439 1.947
9.013 -12.713 2.767
5.207 -12.824 3.033
4.312 -11.251 -0.301
5.873 -8.012 -1.539
2.829 -6.152 -0.224
5.103 -5.185 2.681
7.831 -3.417 0.748
5.289 -2.537 -1.909
3.444 -0.546 0.764
6.484 1.381 1.946
7.674 1.819 -1.612
4.522 3.757 -2.462
3.980 5.275 0.953
7.567 6.203 1.755
8.110 8.172 -1.498
5.379 10.618 -0.422
6.815 10.686 3.086
8.136 14.245 3.738
11.481 12.732 4.749
13.808 10.505 2.731
13.104 6.863 3.524
15.574 4.059 3.019
14.098 0.609 3.405
16.286 -2.435 3.408
15.449 -6.061 2.741
15.877 -8.154 5.885
14.643 -11.580 4.811
14.691 -13.024 1.299
12.146 -11.208 -0.866
9.202 -13.342 -1.943
8.162 -11.157 -4.839
11.546 -9.887 -6.031
10.375 -9.180 -9.634
7.035 -8.007 -8.306
8.684 -5.191 -6.370
10.125 -3.828 -9.608
6.546 -3.395 -10.779
5.874 -1.251 -7.718
8.488 1.292 -8.721
7.679 0.777 -12.402
4.119 1.717 -11.492
5.225 4.671 -9.392
7.622 5.987 -12.040
4.926 5.793 -14.712
2.844 7.941 -12.365
5.466 10.591 -11.743
7.627 9.434 -8.836
10.843 7.419 -8.829
13.080 6.011 -6.150
16.609 4.623 -5.685
17.035 0.920 -6.381
19.922 -0.394 -4.306
21.477 -3.806 -4.847
18.059 -5.354 -4.184
18.998 -4.981 -0.515
17.450 -1.583 0.105
14.702 0.473 -1.471
15.642 4.138 -1.046
12.628 6.310 -1.703
13.159 10.004 -2.116
10.918 11.527 0.495
8.551 14.333 -0.372
7.384 12.830 -3.649
3.880 12.961 -5.044
2.545 10.847 -7.880
0.820 12.663 -10.723
-2.138 11.610 -12.859
-0.599 9.685 -15.810
-4.026 9.230 -17.363
-5.261 5.919 -18.717
-3.202 3.017 -17.372
-3.493 -0.726 -17.893
-3.189 -2.768 -14.720
-2.411 -6.194 -16.206
