35.064 -9.937 45.111
34.797 -6.284 44.072
32.334 -4.725 41.629
33.699 -2.726 38.666
33.817 0.906 39.750
31.335 3.486 38.503
30.499 7.068 39.554
27.590 7.418 41.992
27.219 11.183 41.694
27.352 13.318 38.541
30.413 15.148 39.932
32.270 11.831 40.107
32.399 11.826 36.307
35.439 14.089 36.755
37.547 11.202 38.129
38.453 9.388 34.903
37.139 11.917 32.389
40.727 12.608 31.358
41.548 8.925 30.798
41.868 9.142 26.997
43.038 6.466 24.569
48.579 9.459 14.494
50.880 8.695 11.531
48.067 7.439 9.276
45.822 10.372 10.198
45.552 13.656 8.237
46.955 16.659 10.103
49.566 14.315 11.549
52.475 16.262 10.083
50.590 19.553 10.463
52.123 21.559 13.343
49.371 24.169 13.268
46.741 21.438 13.512
48.589 19.408 16.126
48.868 22.577 18.218
45.190 23.387 17.657
44.238 19.893 18.796
46.278 20.135 21.996
44.370 23.343 22.735
41.029 21.494 22.622
42.458 18.580 24.612
43.539 21.024 27.334
40.107 22.643 27.518
38.749 19.156 28.196
41.534 18.210 30.621
40.825 21.315 32.714
37.043 20.991 32.536
35.085 20.149 35.693
31.396 19.294 36.063
29.140 22.293 36.550
31.437 24.688 34.712
30.439 26.440 31.523
32.223 24.961 28.499
34.919 27.365 27.201
33.886 28.936 23.892
36.364 28.807 21.028
36.619 31.056 18.001
36.921 28.769 14.985
38.907 29.676 11.874
37.316 30.378 8.505
39.045 27.219 7.291
37.569 25.127 10.084
34.137 26.686 9.522
34.579 25.810 5.839
35.244 22.159 6.675
32.076 22.190 8.777
30.144 23.892 5.994
31.099 21.153 3.527
29.945 18.314 5.788
26.812 20.281 6.768
25.516 21.067 3.271
25.826 17.479 2.075
24.070 15.965 5.086
21.367 18.613 5.307
20.465 17.658 1.738
20.020 14.032 2.798
18.178 14.383 6.112
14.661 14.889 4.764
14.676 11.550 2.968
17.117 9.524 5.084
16.947 10.777 8.678
14.448 9.341 11.172
11.535 11.599 12.163
12.912 12.601 15.573
16.135 13.920 14.035
14.281 15.899 11.378
11.936 17.141 14.103
14.672 18.732 16.243
17.144 19.928 13.599
15.118 23.030 12.690
15.365 24.124 16.348
19.116 23.560 16.472
19.333 25.721 13.347
17.131 28.431 14.880
18.400 28.508 18.438
21.853 26.914 18.412
23.634 28.540 15.491
23.532 25.294 13.518
24.316 26.846 10.134
26.487 26.022 7.129
28.770 28.980 7.895
28.939 28.486 11.658
30.303 25.939 14.105
28.032 25.902 17.200
29.571 26.381 20.651
29.358 23.385 23.022
28.016 25.526 25.868
25.064 26.678 23.746
24.313 23.131 22.611
24.572 21.857 26.196
22.173 24.436 27.630
19.691 23.665 24.847
19.956 19.911 25.505
19.373 20.272 29.257
16.294 22.303 28.400
14.984 19.407 26.264
15.806 16.124 27.969
18.123 17.180 30.759
21.030 15.946 28.659
24.336 17.755 29.036
27.702 17.850 27.298
31.140 17.413 28.826
34.159 18.312 26.697
36.432 15.303 26.353
40.026 15.175 25.066
39.698 12.036 22.983
38.253 8.542 23.084
37.232 7.224 26.497
36.953 3.606 27.622
33.559 2.057 26.789
32.778 1.643 30.476
33.533 5.308 31.173
31.682 6.608 28.144
28.594 4.419 28.454
28.409 5.082 32.176
28.157 8.792 31.470
24.928 8.205 29.569
23.351 7.003 32.859
23.566 10.620 34.048
22.303 11.939 30.705
25.835 13.226 30.193
27.389 13.098 26.735
31.184 13.155 26.652
31.893 14.866 23.350
34.735 16.389 21.345
35.140 20.073 20.520
37.752 19.870 17.752
37.167 19.435 14.014
38.672 17.084 11.437
41.640 18.251 9.382
40.557 20.540 6.550
42.485 18.339 4.108
39.895 15.550 4.135
36.475 17.018 5.113
34.732 13.651 4.629
36.937 11.489 6.810
37.734 11.215 10.522
39.715 8.410 12.230
37.796 9.474 15.318
34.628 11.452 16.221
34.987 15.216 15.851
32.651 18.161 16.462
30.922 17.435 13.133
30.032 13.913 14.224
28.962 14.988 17.713
26.777 17.924 16.716
25.154 16.561 13.549
24.865 12.885 14.409
24.303 12.889 18.164
22.809 16.144 19.475
19.515 16.093 17.561
18.480 12.680 18.936
19.625 13.506 22.483
17.074 16.330 22.405
14.293 13.740 22.083
12.896 12.398 25.365
12.345 8.939 23.906
15.915 8.626 22.578
17.419 10.157 25.732
15.649 7.547 27.887
16.816 4.769 25.567
20.477 5.854 25.581
20.379 6.401 29.356
19.093 2.843 29.695
22.329 1.614 28.069
24.420 3.625 30.500
22.514 2.419 33.569
23.055 -1.160 32.391
26.801 -0.551 32.164
27.037 0.566 35.799
29.189 -2.011 37.541
28.742 -4.505 34.705
31.539 -7.039 34.072
33.944 -6.315 31.224
32.309 -9.064 29.154
29.007 -7.210 29.261
30.529 -3.755 28.780
31.843 -5.134 25.505
28.405 -6.521 24.682
26.817 -3.170 25.532
29.488 -1.527 23.382
28.410 -3.688 20.439
24.747 -2.971 21.137
25.524 0.737 21.289
27.375 0.486 17.968
24.388 -1.127 16.243
22.013 1.417 17.740
23.174 4.863 18.822
26.035 4.724 16.349
24.765 2.738 13.353
21.099 1.945 13.899
18.083 2.162 11.591
14.459 2.327 12.668
11.047 1.493 11.263
8.977 4.506 10.274
5.796 2.775 9.219
6.477 0.698 6.128
9.663 2.720 5.718
13.122 2.440 7.265
15.037 5.539 8.342
18.399 6.114 10.006
19.034 7.313 13.554
22.572 6.023 14.071
24.990 8.876 14.806
27.729 7.447 12.604
25.164 7.486 9.800
23.525 10.871 10.371
26.937 12.549 10.145
28.333 10.673 7.131
26.735 11.411 3.747
28.423 8.457 2.070
27.210 5.777 4.468
23.957 7.611 5.114
23.134 6.978 1.450
24.473 3.427 1.612
22.662 2.263 4.765
19.298 2.787 3.050
20.416 1.245 -0.265
19.558 -2.254 -1.507
23.103 -3.372 -0.696
23.297 -3.745 3.106
21.826 -6.723 4.954
19.167 -5.858 7.549
18.274 -7.723 10.733
15.645 -6.974 13.384
17.027 -5.634 16.656
17.561 -8.626 18.959
19.987 -7.901 21.801
20.912 -11.515 22.517
22.058 -11.729 18.885
23.186 -8.113 18.397
25.207 -8.295 21.622
27.428 -10.903 19.984
27.383 -9.440 16.474
30.805 -9.388 14.803
31.854 -6.144 13.104
34.649 -3.732 12.139
34.940 0.066 12.382
35.606 0.612 8.668
33.064 2.587 6.633
29.972 1.082 5.010
28.661 -1.567 7.410
27.758 -4.900 5.774
24.710 -5.282 8.024
22.452 -3.119 10.181
19.905 -3.809 12.923
16.433 -2.301 12.686
14.717 -1.119 15.873
10.929 -1.063 16.203
11.106 2.305 17.974
13.318 3.968 20.585
10.830 2.928 23.261
10.891 -0.730 22.159
14.678 -0.672 21.913
14.774 0.821 25.419
12.670 -1.983 26.901
14.873 -4.522 25.112
17.911 -2.931 26.788
16.141 -3.087 30.141
15.454 -6.792 29.543
19.027 -7.471 28.471
20.396 -5.552 31.465
18.597 -7.912 33.856
20.894 -10.694 32.640
23.969 -8.642 33.504
25.628 -10.036 36.666
25.633 -7.374 39.391
24.823 -7.647 43.157
22.151 -4.961 42.761
20.190 -2.816 40.348
20.650 0.880 39.602
18.468 3.882 38.873
19.187 7.559 38.288
17.790 10.275 40.545
17.474 13.475 38.450
16.705 15.533 41.564
19.959 14.755 43.374
21.770 13.746 40.189
22.986 10.640 41.969
22.674 6.954 41.153
20.323 4.947 43.342
21.559 1.479 44.197
18.577 -0.711 45.089
19.114 -4.447 45.527
18.349 -6.820 42.672
14.668 -7.131 41.706
