-12.722 4.583 8.903
-10.951 1.390 7.834
-7.786 0.444 5.966
-8.277 1.043 2.243
-6.193 -1.192 -0.021
-6.693 1.090 -3.024
-5.772 4.189 -1.017
-2.851 2.524 0.722
-1.786 0.927 -2.553
-1.888 4.156 -4.558
-0.242 6.175 -1.788
2.464 3.555 -1.311
2.989 3.385 -5.074
3.486 7.155 -5.132
5.517 7.043 -1.904
8.680 5.833 -3.605
7.677 2.182 -3.297
6.540 -0.643 -5.576
3.233 -1.296 -3.810
1.543 -1.800 -0.454
-0.558 -4.470 1.239
-2.976 -4.309 4.172
-2.998 -7.429 6.339
-3.688 -8.127 10.018
-4.943 -4.548 10.301
-1.520 -3.318 9.180
-0.560 -1.861 5.802
2.975 -2.913 4.884
4.650 -1.119 1.978
6.921 -2.788 -0.578
9.750 -0.857 -2.328
11.190 -1.694 -5.747
