36.214 23.911 29.469
38.008 21.937 26.693
39.457 25.120 25.194
41.255 25.581 28.523
42.551 22.015 28.933
46.275 21.406 29.274
48.013 18.570 27.407
47.739 16.270 30.426
44.045 17.065 30.839
43.432 16.156 27.189
45.196 12.829 27.723
43.248 12.194 30.922
39.992 12.907 29.076
40.865 10.543 26.233
42.312 7.666 28.307
39.641 7.615 30.984
36.890 7.457 28.372
38.516 4.811 26.152
41.184 2.577 27.675
42.268 1.321 24.247
43.566 4.819 23.538
45.927 5.015 26.542
48.686 3.518 24.400
48.510 6.710 22.307
48.489 9.178 25.198
52.216 9.839 24.849
51.637 11.043 21.273
49.682 13.996 22.649
52.669 14.922 24.798
55.096 14.587 21.879
52.978 16.700 19.538
52.003 19.112 22.326
48.262 18.757 21.873
46.525 20.866 24.520
42.810 21.677 24.549
43.011 24.483 21.990
44.958 22.230 19.617
42.643 19.270 20.265
39.666 21.276 19.012
41.463 21.913 15.703
42.562 18.332 15.107
40.893 16.049 12.538
41.427 12.429 11.469
43.585 13.221 8.448
45.976 15.292 10.574
46.263 12.592 13.228
47.061 9.993 10.586
49.438 12.209 8.625
51.335 13.887 11.461
50.856 11.753 14.569
51.267 8.380 12.867
47.918 7.126 14.131
46.017 4.502 12.136
42.474 5.201 10.916
40.790 3.298 13.758
42.373 5.244 16.667
42.033 8.505 14.750
38.289 7.943 14.309
37.807 7.021 17.973
39.683 10.129 19.093
37.675 12.228 16.638
34.502 10.808 18.179
35.577 11.687 21.729
36.336 15.241 20.621
32.882 15.557 19.039
31.365 14.820 22.451
32.929 17.981 23.876
32.624 20.002 20.662
