17.921 15.130 4.652
17.406 12.511 1.915
15.638 9.120 1.903
18.545 7.367 0.121
21.574 5.908 1.942
23.814 7.095 -0.921
23.733 6.781 -4.727
21.507 3.677 -5.058
23.304 0.672 -3.516
20.500 0.029 -0.985
17.251 -1.967 -1.239
13.842 -0.248 -1.349
12.547 1.109 1.990
8.879 1.121 3.047
6.379 1.156 5.917
6.042 -2.259 7.630
3.388 -2.298 10.376
2.069 -5.830 9.629
-1.585 -6.192 10.695
-2.763 -2.927 12.285
-6.201 -1.438 13.018
-7.116 1.721 11.087
-9.920 4.293 10.786
-9.686 4.673 6.992
-13.400 4.820 6.115
-14.246 6.239 2.662
-11.645 5.954 -0.120
-9.900 8.971 -1.741
-6.591 9.755 0.096
-6.694 7.675 3.307
-3.889 7.379 5.931
-2.104 4.764 8.106
-1.101 5.132 11.785
2.234 3.372 12.471
5.142 5.565 11.295
7.391 2.473 11.262
9.821 2.433 8.322
11.430 -0.852 7.231
13.687 -1.854 4.321
12.422 -4.380 1.756
14.174 -7.764 2.100
14.888 -7.611 -1.652
15.110 -4.983 -4.416
12.567 -6.873 -6.568
10.009 -6.811 -3.724
7.565 -3.866 -3.707
5.190 -2.275 -1.169
1.756 -3.929 -0.932
-0.986 -2.419 1.268
-4.490 -3.744 1.993
-7.413 -2.128 3.854
-10.324 -4.370 4.926
-13.540 -3.523 6.806
-14.930 -6.587 8.634
-18.571 -5.699 9.524
-17.552 -3.345 12.347
-13.728 -3.320 12.104
-11.181 -1.747 9.719
-7.590 -2.996 9.449
-4.644 -2.128 7.194
-1.781 -4.606 6.649
1.530 -3.460 5.115
4.488 -5.657 4.138
7.077 -5.904 1.330
6.481 -8.622 -1.307
7.561 -9.665 -4.827
5.199 -8.548 -7.613
6.075 -11.722 -9.574
4.173 -13.946 -7.101
0.376 -14.167 -6.753
-1.318 -13.129 -3.501
-4.583 -14.542 -2.100
-4.892 -16.626 -5.325
-4.485 -13.531 -7.547
-1.599 -12.273 -9.711
-0.044 -9.088 -8.291
1.039 -6.560 -10.974
0.155 -3.012 -9.814
3.512 -2.830 -7.987
5.243 -1.329 -11.046
3.262 1.839 -10.277
5.273 4.245 -8.093
2.044 5.057 -6.212
-1.198 3.219 -5.323
-3.226 2.928 -8.562
-5.329 -0.212 -7.983
-8.813 0.979 -6.974
-10.455 -1.254 -4.301
-11.076 -4.982 -4.857
-14.218 -7.091 -4.334
-13.573 -10.009 -1.965
-16.406 -12.522 -1.678
-17.793 -11.979 1.847
-15.408 -9.018 2.428
-14.362 -5.636 0.954
-10.623 -6.201 0.378
-8.689 -3.329 -1.234
-5.645 -4.095 -3.425
-2.707 -1.660 -3.692
0.973 -2.228 -4.580
3.652 0.385 -5.400
7.464 0.449 -5.764
8.293 3.764 -4.027
10.112 4.150 -0.648
7.511 5.535 1.837
4.358 4.711 -0.141
2.145 3.086 2.534
2.082 6.030 4.981
-0.427 7.673 2.639
-2.776 5.736 0.336
-4.026 7.131 -2.965
-7.552 6.292 -4.099
-8.080 9.080 -6.665
-4.900 9.432 -8.825
-5.346 13.227 -9.123
-6.435 13.414 -5.472
-10.019 14.239 -6.538
-8.790 17.037 -8.859
-12.090 16.636 -10.726
-13.695 18.400 -7.727
-17.004 16.512 -7.840
-20.006 18.260 -6.231
