23.893 53.848 18.771
27.299 52.457 19.712
27.387 48.761 20.622
28.510 48.038 24.196
26.873 44.616 24.540
30.260 42.853 24.647
30.680 44.016 28.245
27.478 42.339 29.369
26.787 45.149 31.837
24.313 43.904 34.430
23.073 45.898 37.409
21.552 43.949 40.299
19.805 46.543 42.465
17.797 46.752 45.666
18.662 43.368 47.118
19.756 42.750 50.692
23.372 41.715 50.078
25.147 38.987 52.081
28.641 38.855 50.574
28.404 36.659 52.781
28.877 39.602 55.152
25.616 41.460 55.716
25.935 44.592 53.568
22.284 45.582 53.879
20.464 46.838 50.800
23.254 47.191 48.248
23.617 47.096 44.450
26.160 45.064 42.491
27.439 46.079 39.051
28.717 43.359 36.720
30.898 43.531 33.604
32.599 40.732 31.645
31.534 38.185 34.260
33.273 40.200 36.967
31.877 42.288 39.814
33.114 45.815 39.125
31.268 47.701 41.852
29.457 47.026 45.123
27.632 50.012 46.591
24.313 51.461 47.674
22.356 53.145 44.894
24.494 52.699 41.773
23.116 54.852 38.921
21.111 52.627 36.566
22.721 54.544 33.701
26.269 54.528 35.050
27.201 52.204 32.170
25.580 51.871 28.719
23.467 48.981 27.444
23.110 47.811 31.038
20.636 45.089 31.964
19.100 46.368 35.197
17.558 43.722 37.450
15.170 44.806 40.199
15.980 42.649 43.222
14.109 44.752 45.759
12.718 42.454 48.430
15.103 39.652 47.481
18.406 38.369 48.853
21.719 38.344 46.979
24.652 36.143 48.067
27.727 34.327 46.680
32.733 36.587 48.216
30.896 39.465 46.612
33.491 42.205 46.210
34.662 44.178 43.183
37.266 42.241 41.240
35.655 38.923 42.138
33.741 36.684 39.744
30.055 37.383 39.247
28.894 34.102 40.791
25.675 35.180 42.473
22.500 33.686 43.892
19.198 35.566 44.102
16.930 34.202 46.841
13.625 34.972 48.524
13.780 36.088 52.140
13.050 32.418 52.889
16.257 31.450 51.069
14.601 29.758 48.096
16.741 30.180 44.988
15.175 32.321 42.271
18.102 33.286 40.055
21.667 32.062 39.674
24.452 33.918 37.904
27.745 32.232 37.037
30.528 34.469 35.800
27.928 37.125 35.034
25.608 34.890 32.996
22.047 34.098 34.063
22.008 30.318 34.637
18.723 29.995 36.529
15.703 32.283 36.135
12.647 31.199 38.126
14.355 28.474 40.084
14.637 26.641 36.778
17.849 26.374 34.786
17.674 28.357 31.544
21.137 27.131 30.556
21.758 23.405 30.326
24.510 20.974 29.465
24.933 20.278 25.765
23.079 16.962 25.985
20.707 17.466 28.919
