-6.479 -13.062 1.219
-7.559 -10.347 -1.235
-4.537 -9.025 -3.085
-4.146 -5.537 -4.507
-1.439 -4.169 -6.809
-0.291 -0.566 -6.753
2.818 1.417 -7.697
3.987 4.365 -5.630
3.967 7.325 -7.997
5.737 10.519 -6.830
6.507 8.861 -3.458
3.300 8.870 -1.409
3.275 10.316 2.123
1.207 7.270 3.222
-2.026 9.286 3.211
-1.635 9.635 -0.541
-1.068 5.896 -0.684
-4.154 5.148 1.449
-6.302 7.515 -0.612
-4.928 5.920 -3.790
-5.765 2.482 -2.407
-9.342 3.573 -1.740
-9.495 5.329 -5.114
-8.857 1.941 -6.695
-10.809 -0.209 -4.216
-14.570 0.319 -4.575
-14.261 3.871 -5.944
-18.067 4.033 -5.841
-19.132 4.367 -2.182
-18.346 1.135 -0.355
-15.513 0.879 2.207
-13.890 3.888 0.534
-12.948 5.441 3.873
-10.228 3.157 5.178
-9.009 -0.247 3.888
-9.856 -1.934 7.216
-6.634 -0.187 8.387
-5.121 -3.665 8.112
-3.080 -2.797 5.068
-0.282 -5.172 4.248
2.273 -4.462 1.577
4.472 -6.495 -0.695
7.460 -5.368 -2.703
8.955 -6.735 -5.923
5.931 -9.049 -5.748
7.995 -11.322 -3.501
7.995 -10.253 0.161
5.110 -9.419 2.519
5.156 -6.980 5.417
2.423 -5.020 7.204
2.286 -1.405 8.308
0.110 1.082 10.122
2.239 3.693 11.770
4.070 6.110 9.450
7.374 4.314 9.982
7.055 0.928 8.317
5.967 2.905 5.275
9.118 5.028 5.593
11.142 1.831 5.420
9.114 0.708 2.391
9.498 3.982 0.472
13.247 3.970 1.153
13.328 0.321 0.154
11.532 0.972 -3.136
13.710 3.993 -3.907
17.039 2.409 -2.913
16.224 -1.017 -4.367
14.822 0.663 -7.524
11.761 -1.530 -7.158
8.365 0.127 -7.249
5.896 -2.756 -7.499
3.733 -2.755 -4.413
1.051 -5.186 -3.361
-1.586 -4.726 -0.699
-3.207 -7.504 1.244
-6.383 -7.327 3.218
-7.064 -10.235 5.476
