-3.609 -10.928 7.577
-5.895 -8.075 6.626
-9.356 -9.669 6.538
-11.993 -8.674 3.946
-13.756 -6.587 6.555
-10.535 -5.683 8.370
-9.184 -3.967 5.234
-12.117 -1.569 5.447
-11.722 -1.285 9.229
-8.036 -0.326 9.139
-8.562 2.024 6.179
-11.732 3.658 7.542
-10.161 4.279 10.970
-7.819 6.861 9.418
-10.737 9.025 8.271
-13.036 8.540 11.281
-10.424 9.413 13.883
-8.113 11.460 11.711
-5.116 9.339 12.545
-2.348 11.535 11.207
-0.217 11.413 14.321
-1.860 8.477 16.019
-0.032 5.260 15.297
1.849 6.915 12.450
4.127 4.922 10.175
7.211 6.552 8.695
7.630 6.657 4.913
10.309 4.010 5.406
7.733 1.776 7.100
5.094 2.403 4.450
7.742 1.770 1.786
8.376 -1.472 3.663
4.695 -2.387 3.434
5.033 -1.877 -0.327
8.359 -3.603 -1.001
7.676 -6.542 1.283
4.275 -7.063 -0.325
5.916 -7.356 -3.725
3.798 -4.650 -5.319
6.376 -1.898 -5.169
9.677 -3.693 -5.660
11.677 -0.541 -6.484
13.894 -2.982 -8.342
12.337 -3.286 -11.778
9.314 -1.055 -11.210
9.307 2.535 -12.496
10.723 5.436 -10.537
8.245 7.731 -12.245
5.068 6.230 -10.784
6.541 5.235 -7.432
8.480 8.408 -6.621
5.772 10.838 -7.690
3.221 8.746 -5.781
4.956 9.315 -2.435
5.737 12.915 -3.381
2.019 13.489 -3.978
0.303 11.398 -1.293
2.373 12.183 1.799
4.641 15.051 0.853
7.091 14.908 3.787
8.687 11.703 5.072
6.423 11.071 8.083
3.056 9.799 6.813
-0.427 10.950 5.799
-3.849 9.292 6.098
-6.658 7.378 4.314
-7.042 9.392 1.093
-3.313 9.796 0.496
-2.925 6.081 1.269
-5.568 4.994 -1.255
-3.992 7.349 -3.795
-0.528 5.808 -3.602
-1.827 2.224 -3.512
-3.759 3.040 -6.677
-0.744 4.653 -8.368
1.548 1.736 -7.521
-1.019 -0.819 -8.698
-1.738 1.230 -11.820
1.991 1.335 -12.687
2.188 -2.123 -14.249
-1.518 -3.005 -14.380
-2.341 -0.067 -16.653
0.583 -0.771 -19.000
-0.630 -4.203 -20.064
-4.223 -4.662 -18.909
-5.157 -1.009 -18.093
-7.844 -1.412 -15.295
-6.180 -0.475 -12.001
-8.879 -2.047 -9.793
-7.892 -5.457 -11.201
-4.399 -5.294 -9.729
-5.664 -3.747 -6.487
-7.954 -6.740 -6.041
-4.952 -8.864 -6.931
-2.793 -7.125 -4.297
-5.504 -7.525 -1.680
-6.038 -11.154 -2.735
-2.283 -11.876 -2.788
-1.506 -10.439 0.651
-4.567 -12.232 2.028
-2.569 -15.461 1.934
0.850 -13.797 1.780
0.435 -12.908 5.471
