-14.489 27.021 11.321
-12.391 29.088 8.962
-9.017 28.798 7.259
-5.841 29.762 9.098
-3.624 28.720 6.211
-0.420 30.759 6.157
-1.194 32.695 9.374
1.241 33.929 11.997
0.347 33.381 15.657
1.950 36.236 17.619
-0.941 37.465 19.694
-4.581 36.306 19.869
-5.935 39.850 19.628
-5.803 39.577 15.860
-7.831 36.322 15.932
-11.612 36.101 15.740
-13.572 33.971 18.228
-14.375 31.626 15.343
-10.675 31.326 14.416
-9.907 30.339 18.015
-12.767 27.823 18.058
-11.316 26.386 14.847
-8.120 25.648 16.702
-9.953 24.200 19.709
-12.268 21.995 17.651
-9.360 20.686 15.597
-7.373 20.160 18.789
-10.134 18.054 20.352
-10.350 15.901 17.222
-6.564 15.372 17.265
-6.654 14.538 20.975
-9.352 11.899 20.558
-7.391 10.442 17.628
-4.306 10.328 19.826
-6.174 8.526 22.604
-7.615 5.895 20.246
-4.352 5.377 18.329
-5.389 6.782 15.011
-2.274 8.053 13.184
-2.354 11.482 11.560
0.965 12.202 9.819
-0.510 15.205 8.041
2.750 17.219 7.696
5.023 14.547 6.303
8.255 16.080 4.989
7.493 19.446 6.579
9.839 21.197 8.991
9.501 23.719 11.826
12.442 25.904 12.841
12.291 26.363 16.641
14.300 29.395 17.770
14.976 29.522 21.515
16.484 32.345 23.572
15.663 30.825 26.954
15.494 27.424 28.679
12.216 25.669 27.961
10.523 22.392 28.909
6.851 22.846 27.876
7.238 24.986 24.734
10.274 22.960 23.603
8.929 19.489 23.877
5.209 20.152 23.079
6.254 21.669 19.731
8.902 19.052 19.054
6.510 16.175 19.847
3.713 17.811 17.859
5.848 17.835 14.674
6.856 14.206 15.263
3.214 13.085 15.585
2.332 15.041 12.450
5.045 13.264 10.466
7.403 16.250 10.042
10.516 17.468 11.884
11.193 20.305 14.372
14.719 21.759 14.492
15.859 22.862 17.931
17.785 26.062 17.222
19.192 27.640 20.334
19.728 31.269 19.236
23.263 30.911 20.707
23.910 28.152 18.153
22.818 30.295 15.187
24.660 33.124 13.414
22.240 35.455 15.177
24.756 35.110 17.984
27.506 36.501 15.776
25.551 39.465 14.399
23.383 38.267 11.498
20.187 40.335 11.447
16.804 38.944 12.391
15.454 40.001 8.992
18.224 38.078 7.194
17.813 34.934 9.298
14.029 34.966 8.767
14.709 35.322 5.068
17.220 32.500 4.838
15.129 30.215 7.073
12.147 30.844 4.766
14.061 29.088 1.982
14.492 25.954 4.099
11.610 25.392 6.549
7.822 25.577 6.403
7.144 27.447 9.625
9.138 29.093 12.430
8.337 29.039 16.141
10.217 31.535 18.305
10.769 31.567 22.084
12.224 35.014 22.599
12.626 37.825 25.138
11.511 40.847 23.174
8.198 40.514 21.398
9.589 42.863 18.728
12.008 40.085 17.904
9.257 37.694 16.930
7.250 40.446 15.270
10.289 41.070 13.047
10.597 37.346 12.409
6.993 37.372 11.158
7.560 40.516 9.145
10.532 39.211 7.197
9.723 35.481 6.961
7.553 34.218 4.098
6.393 31.260 6.209
4.171 31.318 9.289
5.793 32.429 12.522
4.464 31.261 15.889
5.288 33.013 19.160
6.052 30.153 21.563
6.480 32.716 24.340
7.536 36.368 24.571
7.692 38.969 27.304
4.413 40.286 25.896
2.247 37.218 25.266
1.883 33.430 25.336
-0.848 32.643 22.844
-0.320 28.856 22.676
-0.663 28.703 26.442
-4.001 30.508 26.282
-5.206 28.120 23.583
-4.330 25.182 25.830
-5.846 26.963 28.781
-9.229 27.554 27.246
-9.185 24.125 25.671
-8.932 22.727 29.207
-11.708 24.989 30.481
-13.978 23.966 27.597
-13.229 20.346 28.385
-13.872 20.579 32.134
-16.829 23.003 32.101
-18.329 22.076 28.745
