-14.956 31.645 -6.587
-12.685 32.730 -9.471
-11.830 30.612 -12.565
-8.907 30.050 -15.051
-7.959 27.972 -18.195
-5.464 25.072 -18.627
-2.920 25.977 -21.349
-4.702 25.440 -24.671
-6.676 22.231 -23.929
-10.126 23.803 -23.527
-10.484 22.715 -19.873
-11.423 25.258 -17.127
-10.885 25.167 -13.317
-11.179 27.058 -9.991
-8.071 29.083 -8.960
-8.065 27.282 -5.602
-7.841 23.501 -5.553
-8.135 20.953 -2.729
-5.005 18.980 -1.787
-5.225 15.494 -0.266
-1.784 14.514 1.135
-2.901 14.459 4.806
-6.246 12.790 3.927
-4.047 9.829 2.970
-2.699 9.379 6.500
0.967 8.375 6.017
3.471 11.051 7.100
0.789 13.150 8.882
-0.209 10.843 11.762
-3.353 8.973 10.573
-6.846 9.520 9.025
-10.655 8.988 9.424
-12.843 8.032 6.421
-16.234 9.558 7.282
-14.722 12.948 8.193
-12.605 12.935 5.018
-15.724 12.492 2.833
-17.540 15.300 4.682
-14.545 17.580 3.909
-14.700 16.967 0.136
-18.478 17.542 0.254
-18.047 20.934 1.935
-15.442 22.000 -0.667
-17.778 21.042 -3.524
-20.763 22.961 -2.156
-18.646 26.109 -1.884
-17.484 26.318 -5.501
-14.226 24.303 -5.672
-13.944 22.052 -8.751
-10.317 20.730 -8.872
-8.929 17.858 -6.701
-5.178 16.788 -6.595
-4.118 13.342 -5.229
-1.497 10.534 -5.734
-0.790 6.768 -5.415
1.918 7.423 -2.798
-0.515 9.039 -0.321
-1.451 6.197 2.041
-0.130 3.788 -0.585
-3.530 3.879 -2.308
-6.060 4.890 0.376
-6.284 8.582 -0.622
-7.569 7.644 -4.139
-10.154 5.220 -2.699
-11.706 7.908 -0.451
-11.923 10.346 -3.402
-13.749 7.792 -5.574
-16.472 7.160 -2.996
-17.219 10.837 -2.285
-17.789 11.565 -6.000
-20.126 8.567 -6.313
-22.616 9.745 -3.644
-22.547 13.097 -5.461
-23.233 11.764 -9.019
-21.841 14.679 -11.022
-18.536 13.405 -12.434
-18.800 15.934 -15.269
-18.714 18.649 -12.626
-15.260 17.791 -11.203
-11.670 17.991 -12.562
-9.434 15.270 -11.068
-5.622 15.131 -11.089
-3.223 12.362 -10.002
0.452 11.190 -10.395
2.864 8.422 -11.522
6.515 7.137 -11.422
7.128 6.314 -7.712
7.433 2.670 -6.523
7.815 1.170 -3.009
9.495 -1.797 -1.292
8.811 -2.695 2.353
7.105 0.706 2.571
10.164 2.515 1.207
9.617 4.898 -1.733
12.101 5.194 -4.637
12.284 6.571 -8.209
11.263 4.249 -11.126
10.382 5.904 -14.489
10.587 3.037 -17.051
7.804 2.460 -19.579
6.827 -0.936 -18.102
6.099 0.516 -14.642
3.955 3.426 -15.908
1.615 1.358 -18.126
0.775 -0.705 -15.025
0.187 2.267 -12.673
-2.437 4.021 -14.816
-4.839 1.028 -14.792
-4.610 0.682 -10.977
-5.594 4.367 -10.470
-8.730 4.197 -12.687
-9.883 1.247 -10.571
-9.412 3.018 -7.201
-11.247 6.185 -8.326
-14.222 4.247 -9.799
-14.143 5.970 -13.234
-12.953 5.426 -16.834
-10.885 8.593 -17.496
-8.461 11.022 -15.760
-8.360 14.796 -16.475
-4.621 15.484 -15.711
-1.701 12.972 -15.340
1.728 14.045 -13.841
5.344 12.652 -13.576
6.098 12.886 -9.810
9.981 13.093 -9.897
12.838 12.672 -12.509
14.883 9.409 -12.645
18.689 9.789 -13.230
18.969 6.141 -14.294
16.503 6.328 -17.228
16.949 8.275 -20.516
14.369 11.105 -20.515
13.309 10.142 -24.061
11.797 6.825 -22.872
9.593 8.443 -20.225
8.284 11.135 -22.606
7.131 8.695 -25.300
4.836 6.695 -23.004
2.976 9.787 -21.724
2.230 10.712 -25.367
0.807 7.212 -26.043
-1.714 7.509 -23.189
-2.777 10.971 -24.425
-3.562 9.797 -27.990
-5.622 6.834 -26.688
-7.985 8.957 -24.568
-7.058 7.575 -21.138
-5.837 11.012 -19.985
-6.907 14.509 -21.144
-3.625 16.440 -20.381
0.141 16.035 -19.541
2.470 17.440 -16.802
5.776 17.059 -14.841
7.115 17.923 -11.360
10.541 18.811 -9.825
12.323 18.961 -13.258
15.336 21.216 -14.080
15.471 23.430 -17.188
17.840 21.133 -19.107
15.512 18.147 -18.521
12.359 20.024 -19.667
14.062 20.987 -22.975
14.820 17.318 -23.728
11.253 16.241 -22.788
9.576 18.836 -25.052
11.619 17.771 -28.083
9.607 14.535 -28.083
6.216 15.190 -26.371
3.705 17.993 -25.521
3.676 19.635 -22.042
0.603 21.419 -20.584
1.446 21.930 -16.849
4.264 22.107 -14.254
3.925 21.717 -10.439
6.727 23.344 -8.333
6.939 24.416 -4.629
6.042 28.037 -3.761
5.106 30.175 -0.722
6.243 33.251 1.262
9.056 31.256 2.968
10.334 29.294 -0.091
10.990 31.429 -3.206
13.954 29.793 -5.062
11.851 28.898 -8.121
11.175 32.538 -9.120
14.821 32.613 -10.199
14.375 30.853 -13.553
11.679 28.133 -13.444
8.599 30.362 -13.130
9.975 32.759 -15.800
10.577 29.776 -18.133
6.944 28.615 -17.778
5.530 32.047 -18.618
7.640 32.656 -21.732
6.549 29.254 -23.058
2.863 29.505 -22.044
2.716 26.621 -19.517
0.141 26.612 -16.637
1.348 26.172 -13.021
-0.015 24.407 -9.890
1.819 25.538 -6.702
2.383 23.088 -3.805
2.701 23.923 -0.098
0.672 27.182 -0.110
0.452 27.496 3.709
4.033 26.153 4.240
2.524 23.004 5.779
0.529 24.894 8.432
3.160 27.408 9.609
1.292 30.325 7.955
-2.163 29.647 9.483
-1.580 31.446 12.778
-2.184 28.519 15.143
1.442 27.463 15.802
3.317 28.181 19.069
6.827 27.489 20.428
5.512 24.564 22.501
3.310 22.950 19.813
3.832 19.193 19.275
3.212 16.520 16.605
2.429 12.816 17.152
3.145 9.578 15.284
5.050 9.646 11.980
4.286 13.360 11.336
6.931 14.779 8.945
7.167 18.143 10.700
9.373 16.485 13.332
12.073 16.333 10.601
11.554 19.687 8.854
14.468 22.143 9.504
11.988 25.061 9.682
10.121 23.760 12.778
13.378 23.250 14.752
15.817 25.449 16.686
17.302 27.877 16.070
15.276 28.826 12.950
11.680 28.113 14.111
11.539 31.206 16.341
12.441 33.546 13.444
9.532 32.282 11.301
7.006 32.723 14.151
8.109 36.344 14.607
7.539 36.909 10.863
3.975 35.457 11.021
3.012 37.902 13.787
4.279 40.874 11.743
2.302 39.724 8.658
-1.002 39.153 10.522
-0.869 42.716 11.881
-0.464 44.216 8.393
-3.540 42.385 7.067
-5.992 43.432 9.801
-4.804 47.036 9.972
-5.202 47.700 6.240
-7.973 45.322 5.140
-9.675 43.684 8.120
-8.405 40.263 6.974
-6.182 37.611 8.648
-2.726 36.163 7.873
-4.180 32.927 6.464
-6.183 34.963 3.891
-3.081 37.010 2.978
-0.850 33.954 2.336
-3.107 32.669 -0.482
-3.864 36.138 -1.935
-0.106 36.930 -2.346
0.542 33.780 -4.437
-2.379 34.420 -6.784
-0.989 37.900 -7.517
2.645 36.965 -8.403
3.911 36.581 -12.044
3.497 33.145 -13.619
1.351 31.636 -10.826
-2.122 30.262 -11.710
-3.666 27.660 -9.296
-2.955 27.453 -5.531
-3.283 24.026 -3.783
-4.786 24.073 -0.237
-4.499 20.935 1.919
-7.325 20.209 4.415
-8.606 17.370 6.646
-11.772 18.638 8.447
-15.046 20.287 7.191
-14.469 23.358 9.347
-11.007 24.215 7.946
-12.736 25.513 4.778
-15.212 27.811 6.537
-13.670 31.161 5.559
-13.265 30.554 1.806
-15.278 33.618 0.772
-12.733 35.966 2.403
-10.142 35.214 -0.307
-12.342 36.777 -3.012
-13.019 40.439 -3.745
-9.682 42.212 -3.204
-6.049 42.472 -4.340
-2.655 43.760 -3.097
-0.836 46.798 -4.516
2.751 47.979 -5.114
3.359 49.298 -1.589
2.140 46.123 0.088
4.641 44.107 -2.002
7.672 46.204 -1.063
6.812 46.216 2.662
6.522 42.410 2.672
9.996 41.891 1.136
11.564 44.111 3.834
10.030 42.114 6.717
11.569 38.886 5.400
15.050 40.357 4.747
15.386 41.781 8.263
13.992 38.777 10.200
15.412 35.548 8.640
19.184 34.862 8.881
19.649 32.281 6.106
16.902 31.035 3.675
16.419 27.298 3.075
14.423 25.189 0.597
12.117 22.128 1.051
14.612 19.532 -0.280
14.469 17.507 2.952
11.529 15.526 1.509
13.336 14.326 -1.677
13.336 10.533 -2.413
16.346 8.306 -3.430
17.210 6.410 -6.640
17.150 2.668 -7.374
20.816 2.040 -6.433
20.419 3.305 -2.867
17.947 1.386 -0.683
