39.721 146.239 119.076
39.865 143.779 121.963
43.117 143.564 123.986
43.194 139.836 124.868
46.288 139.768 127.111
45.136 142.850 128.967
41.620 141.424 129.310
43.147 138.192 130.523
45.061 140.074 133.196
41.969 142.011 134.227
39.593 139.066 134.419
42.298 137.204 136.309
43.301 139.720 138.988
39.812 141.057 139.667
38.537 137.793 141.200
41.753 136.578 142.840
41.848 139.940 144.609
38.206 139.994 145.644
38.706 136.473 146.942
41.803 137.284 148.983
39.974 140.243 150.482
37.123 138.028 151.615
39.695 135.565 152.983
41.634 138.029 155.095
38.329 139.576 156.129
37.161 136.144 157.259
40.318 135.391 159.151
39.789 138.602 161.140
36.137 137.713 161.573
37.375 134.887 163.766
