24.544 13.141 2.246
23.974 12.626 5.993
22.346 15.454 7.932
23.654 16.121 11.460
22.670 18.243 14.471
25.851 19.520 16.040
28.106 17.380 13.754
30.997 15.982 15.837
33.652 17.182 13.403
36.329 18.649 15.685
38.575 16.222 17.522
39.051 17.422 21.085
41.912 19.927 21.192
42.491 22.335 24.044
45.784 24.229 23.941
47.604 27.570 23.472
50.382 29.184 21.480
52.547 31.885 22.966
53.684 34.233 20.210
55.613 36.382 22.716
56.745 34.905 26.001
59.598 35.032 28.444
60.630 32.877 31.438
58.661 34.919 33.982
55.526 34.700 31.750
54.651 38.223 32.818
54.156 39.722 29.340
52.692 37.116 26.980
50.859 37.380 23.708
49.175 34.488 21.885
46.008 32.438 21.645
44.310 29.643 23.520
41.396 27.543 22.319
39.058 24.598 22.661
37.916 22.745 19.537
35.488 19.964 20.411
32.534 18.457 18.634
30.749 21.174 16.736
32.225 24.050 18.713
35.243 26.291 18.661
36.162 28.905 21.264
39.337 30.903 20.791
40.847 33.818 22.674
43.697 36.105 21.714
45.535 37.754 24.650
48.200 40.510 24.819
49.455 41.317 28.328
50.774 44.678 27.045
47.379 45.735 25.574
49.151 46.572 22.311
51.081 49.444 24.019
54.020 49.102 21.553
52.085 47.514 18.709
51.644 49.222 15.303
48.368 51.159 15.308
48.027 49.843 18.883
46.423 46.758 17.389
47.454 43.125 17.861
46.252 40.687 15.191
45.123 37.145 16.046
44.131 34.194 13.951
42.759 30.695 14.548
42.587 28.076 11.782
40.734 24.767 12.055
40.988 22.112 9.365
38.044 19.728 9.163
38.786 16.089 8.380
35.699 16.059 6.138
33.902 18.769 4.200
30.711 20.048 5.696
28.012 21.460 3.458
24.784 23.400 4.196
26.009 24.376 7.719
23.912 26.664 9.962
26.326 28.348 12.350
26.133 30.592 15.425
29.039 33.032 15.745
29.310 35.159 18.856
31.932 37.560 20.148
33.876 36.562 23.298
35.202 33.236 24.484
33.641 32.717 27.934
35.819 29.674 28.502
38.921 31.920 28.422
37.479 34.863 30.271
38.459 33.821 33.759
41.744 33.720 35.797
43.859 30.673 35.184
47.110 29.111 36.269
48.414 27.211 33.279
51.339 24.863 32.636
54.130 26.336 30.518
54.717 24.944 27.007
57.634 22.775 28.247
55.760 21.648 31.355
58.502 23.060 33.596
56.417 25.729 35.385
53.064 27.510 35.544
51.970 30.957 34.348
49.130 33.244 35.414
46.357 34.445 33.086
44.199 37.231 34.487
41.958 38.289 31.523
39.951 41.465 31.062
37.766 41.250 27.963
37.452 43.779 25.129
35.335 43.469 21.970
37.055 41.646 19.172
38.003 44.187 16.491
37.827 43.522 12.687
36.379 40.045 13.029
36.580 38.066 9.814
35.472 34.459 9.480
36.381 32.584 6.366
34.999 29.197 5.370
37.422 27.835 2.820
37.339 24.846 0.527
40.684 23.642 -0.837
42.258 27.015 -0.049
39.505 28.997 -1.705
37.232 31.353 0.238
33.700 29.995 -0.185
32.068 32.189 2.505
33.373 35.224 4.338
31.719 37.227 7.093
33.027 40.468 8.514
31.989 41.136 12.074
28.642 39.406 11.674
27.472 37.778 14.895
24.363 35.642 15.151
23.354 33.039 12.573
25.411 32.641 9.377
25.466 30.011 6.615
28.625 28.200 5.468
27.630 26.255 2.350
30.756 24.133 1.510
34.000 24.125 3.464
36.835 21.989 4.817
38.517 24.786 6.789
37.477 27.605 9.095
39.697 30.631 9.643
38.879 33.119 12.389
40.812 36.400 12.312
40.285 39.027 14.998
42.205 41.842 16.666
42.740 43.464 20.028
42.840 47.218 19.632
44.054 49.273 22.579
41.139 51.596 23.515
42.099 55.047 22.202
40.044 56.705 24.983
39.977 55.376 28.514
38.134 56.430 31.661
40.423 56.427 34.774
39.275 52.972 35.886
40.231 51.595 32.463
43.476 53.605 32.222
44.608 52.052 35.501
44.438 48.541 34.054
46.803 49.351 31.193
50.041 51.122 32.302
52.857 52.174 30.000
55.271 49.884 31.823
55.260 46.446 33.429
54.058 44.853 35.578
51.048 44.090 33.383
48.451 42.809 35.844
45.259 42.832 33.767
45.549 40.928 30.530
43.640 42.298 27.535
41.721 39.501 25.839
39.437 39.295 22.781
37.600 36.149 21.676
35.087 34.379 19.468
32.731 31.445 19.809
31.544 29.466 16.802
29.035 26.599 16.906
27.884 24.435 13.993
24.214 23.791 14.775
23.511 21.565 11.765
25.263 20.515 8.590
25.367 17.867 5.927
28.362 15.602 5.395
29.068 13.081 2.677
