-30.798 -12.461 8.558
-29.872 -8.781 8.892
-27.595 -7.612 6.084
-25.094 -4.744 5.995
-24.100 -4.171 2.359
-22.825 -1.773 -0.293
-21.032 -1.703 -3.630
-17.713 -0.022 -4.364
-16.039 -0.010 -7.768
-17.005 -3.180 -9.668
-17.924 -5.364 -6.669
-20.685 -5.472 -4.064
-20.236 -6.718 -0.510
-22.848 -8.305 1.746
-22.170 -8.825 5.452
-24.588 -11.449 6.777
-24.880 -10.398 10.415
-25.628 -13.893 11.729
-22.750 -16.072 12.941
-22.380 -19.298 10.939
-19.771 -21.989 10.368
-17.536 -21.416 7.350
-19.588 -24.015 5.518
-22.804 -22.340 6.640
-21.575 -19.063 5.164
-20.538 -20.623 1.846
-24.024 -22.119 1.572
-25.713 -18.857 2.575
-23.841 -16.956 -0.120
-24.394 -19.283 -3.084
-27.998 -19.745 -2.109
-28.406 -16.031 -2.899
-26.354 -16.227 -6.104
-23.229 -14.797 -4.484
-19.948 -16.350 -3.345
-18.131 -16.287 -0.013
-15.847 -13.284 -0.531
-12.680 -13.523 -2.604
-10.154 -10.757 -1.934
-8.418 -9.774 -5.179
-5.525 -7.550 -4.052
-3.791 -5.634 -1.230
-5.801 -2.498 -1.888
-9.078 -4.357 -1.550
-7.808 -5.899 1.700
-6.988 -2.526 3.277
-10.268 -1.046 2.073
-12.367 -3.890 3.476
-10.556 -3.758 6.833
-11.795 -0.179 7.153
-15.458 -1.192 6.798
-15.467 -4.530 8.610
-18.087 -4.360 11.427
-15.706 -4.662 14.404
-15.655 -8.468 14.285
-13.905 -11.432 12.638
-15.549 -12.467 9.346
-15.499 -15.572 7.152
-14.104 -14.981 3.655
-13.729 -17.490 0.792
-10.275 -18.896 1.524
-9.826 -22.338 3.099
-7.513 -25.314 3.590
-7.895 -28.396 1.383
-6.723 -31.377 3.443
-6.263 -33.522 0.328
-4.269 -30.962 -1.665
-2.549 -29.875 1.543
-2.792 -26.223 0.555
-5.063 -23.190 0.744
-7.404 -22.272 -2.100
-9.926 -19.522 -2.738
-13.565 -20.342 -3.277
-13.248 -20.104 -7.096
-10.192 -22.386 -7.054
-8.180 -19.718 -8.870
-5.364 -17.405 -7.701
-5.574 -13.840 -6.423
-3.169 -10.935 -6.943
-3.198 -10.833 -3.157
0.209 -12.319 -2.372
-0.238 -14.884 0.406
2.352 -17.266 1.805
-0.004 -20.110 2.742
2.728 -21.601 4.938
2.113 -18.753 7.411
-1.152 -20.421 8.431
-0.833 -23.668 10.400
-3.835 -26.012 10.206
-3.305 -26.086 13.973
-5.246 -22.811 14.247
-7.925 -23.901 11.800
-8.526 -24.371 8.095
-10.693 -21.360 7.298
-9.797 -17.686 6.888
-11.134 -14.730 8.834
-10.938 -11.010 8.152
-11.006 -8.453 10.977
-10.248 -4.720 11.021
-6.506 -5.158 11.622
-5.858 -8.795 10.695
-6.335 -11.639 8.216
-5.920 -14.901 10.076
-7.131 -18.486 9.999
-9.671 -19.781 12.492
-11.690 -22.918 13.292
-13.964 -23.778 10.317
-16.599 -25.192 12.656
-16.846 -22.081 14.815
-19.373 -19.370 14.005
-18.685 -15.894 12.594
-20.505 -13.460 10.320
-20.116 -13.920 6.549
-18.873 -11.601 3.841
-20.534 -12.527 0.535
-19.289 -10.916 -2.647
-20.646 -10.204 -6.103
-18.688 -8.943 -9.101
-20.529 -6.430 -11.269
-18.135 -6.624 -14.225
-18.717 -10.328 -14.820
