-8.560 6.661 -2.347
-5.475 5.511 -0.389
-5.501 7.263 3.019
-3.631 6.452 6.262
-5.182 3.155 7.440
-6.537 1.852 4.101
-4.928 -1.482 3.120
-3.942 -1.968 -0.550
-2.509 -4.853 -2.624
1.091 -4.645 -3.919
1.486 -4.652 -7.730
5.298 -4.278 -7.729
6.968 -7.378 -9.259
10.228 -6.020 -7.763
8.721 -5.932 -4.238
9.173 -9.153 -2.213
5.635 -8.455 -0.897
3.928 -8.986 -4.288
0.302 -10.250 -4.079
0.020 -9.168 -0.414
-2.135 -6.533 1.345
-0.199 -3.980 3.444
-1.293 -0.839 5.340
-0.655 2.837 4.469
1.408 4.455 7.263
1.651 7.989 5.804
1.572 9.906 2.488
4.406 12.320 1.585
3.619 15.039 -0.996
6.948 16.644 -2.001
8.708 14.540 -4.673
9.850 10.943 -4.023
9.998 7.668 -6.014
6.995 6.484 -3.944
4.621 9.198 -2.632
2.641 6.640 -0.574
4.227 4.566 2.230
3.109 0.936 2.742
3.741 -1.436 5.684
4.105 -5.249 5.691
4.284 -8.066 8.279
6.706 -10.449 6.509
10.339 -9.702 5.553
12.381 -10.297 2.366
15.919 -11.350 1.331
17.224 -7.954 2.534
15.358 -8.160 5.873
13.074 -5.091 5.708
9.647 -4.448 7.299
8.382 -1.134 5.845
8.852 0.452 2.390
7.391 3.100 0.040
5.164 2.507 -3.020
3.362 4.773 -5.527
-0.465 4.942 -5.428
-0.717 3.813 -9.085
1.077 0.575 -8.081
-1.466 -0.200 -5.321
-5.071 -1.489 -5.424
-7.669 -0.817 -2.688
-8.739 -4.187 -1.212
-10.254 -3.574 2.254
-12.686 -6.003 3.953
-16.013 -5.326 2.148
-19.045 -4.442 4.321
-21.423 -7.305 5.227
-24.562 -5.225 4.523
-25.276 -4.109 0.921
-28.629 -2.421 1.699
-31.447 -3.273 4.150
