-19.158 63.871 4.219
-16.517 61.369 3.127
-16.568 57.818 1.830
-13.130 56.185 1.592
-12.061 53.733 -1.095
-10.394 50.511 0.170
-6.765 51.433 -0.559
-7.108 54.986 0.704
-8.442 53.665 4.048
-5.662 51.078 4.152
-3.032 53.817 3.761
-4.656 55.930 6.460
-4.882 53.047 8.940
-1.334 51.895 8.210
-0.073 55.421 8.995
-1.839 55.271 12.361
-0.100 52.027 13.290
-3.067 49.698 12.765
-1.241 47.002 10.789
-0.706 44.224 13.316
-2.212 46.158 16.210
-3.041 43.581 18.868
-2.206 40.938 16.287
-4.808 42.018 13.726
-3.506 42.602 10.207
-4.351 45.680 8.171
-6.612 43.594 5.909
-8.727 42.663 8.917
-9.211 46.301 9.929
-10.155 47.431 6.407
-12.471 44.467 5.859
-14.252 45.312 9.135
-14.840 48.864 7.892
-16.055 47.656 4.509
-18.752 45.469 6.048
-19.694 47.628 9.043
-20.095 50.925 7.151
-18.988 50.385 3.554
-16.308 53.037 4.277
-18.823 55.811 5.072
-17.673 58.201 7.813
-21.268 59.348 8.359
-22.705 55.825 8.674
-25.451 55.560 11.282
-27.375 52.483 12.458
-30.417 53.563 14.463
-31.559 50.546 16.459
-28.838 48.017 17.159
-29.554 44.831 19.139
-29.892 47.345 21.991
-31.940 50.545 22.063
-28.498 51.883 21.171
-27.113 53.203 17.885
-23.896 52.601 15.911
-21.800 55.536 14.712
-19.298 56.162 11.957
-16.917 54.214 9.791
-16.363 51.600 12.551
-19.978 51.634 13.757
-19.117 52.170 17.416
-22.081 51.527 19.724
-23.609 54.067 22.128
-24.213 51.612 24.984
-20.573 50.666 25.459
-18.109 52.903 23.665
-19.373 56.475 23.542
-21.869 58.912 25.134
-25.076 60.152 23.528
-27.972 62.119 25.013
-30.318 59.254 24.123
-29.391 56.946 26.999
-26.762 55.785 29.470
-23.491 54.308 28.290
-20.343 52.661 29.590
-18.583 55.343 27.479
-15.307 53.378 27.484
-13.775 55.693 24.891
-14.782 58.782 26.866
-16.259 60.776 24.018
-19.564 61.890 22.470
-20.760 59.508 19.762
-21.380 62.431 17.398
-17.607 62.947 17.169
-17.579 59.744 15.098
-19.751 61.327 12.399
-17.105 63.705 11.041
-14.871 63.323 7.975
-11.778 62.975 10.152
-11.504 59.485 11.656
-8.583 59.919 14.057
-10.918 59.697 17.049
-12.681 56.635 15.581
-9.267 54.983 15.212
-8.284 55.778 18.821
-11.547 54.263 20.034
-11.127 51.184 17.815
-7.732 50.575 19.432
-9.431 50.577 22.843
-12.195 48.211 21.691
-9.870 45.389 20.589
-8.008 45.307 23.884
-11.068 43.696 25.447
-11.402 39.859 25.531
-13.551 39.575 22.396
-10.928 41.327 20.267
-12.328 42.165 16.821
-15.366 39.969 17.495
-16.777 43.140 19.042
-17.717 43.955 15.408
-20.437 41.548 14.237
-20.005 42.342 10.539
-16.315 41.394 10.818
-17.293 38.099 12.463
-19.817 37.342 9.711
-17.936 38.551 6.659
-14.242 38.843 7.422
-13.139 36.349 10.055
-13.998 33.402 7.839
-12.557 34.811 4.612
-9.142 34.214 3.084
-7.853 37.821 3.113
-4.430 37.073 1.629
-5.077 39.113 -1.539
-7.686 41.514 -0.120
-5.233 44.452 -0.297
-3.145 43.144 -3.197
-4.337 45.963 -5.479
-3.099 48.631 -3.044
0.225 50.443 -2.797
1.313 49.961 0.800
