-5.095 18.080 6.775
-3.050 15.157 8.085
0.635 14.319 7.728
2.053 11.052 6.333
2.020 7.882 8.442
5.566 8.144 9.809
5.675 11.947 10.134
7.726 12.949 13.166
6.045 15.206 15.740
7.674 16.294 18.976
10.106 18.839 20.368
13.779 19.703 20.773
16.009 20.514 23.727
19.656 21.187 24.444
21.949 19.978 27.244
22.919 23.340 28.735
19.418 24.808 28.905
17.676 21.853 30.559
20.030 19.387 32.283
21.104 21.204 35.457
18.631 22.160 38.170
19.056 19.467 40.831
22.259 19.698 42.935
25.109 17.597 41.598
24.189 17.707 37.909
26.020 20.900 36.991
28.617 20.959 34.229
31.112 23.616 35.437
33.588 22.696 32.720
32.227 24.659 29.745
32.797 28.202 28.515
29.098 29.017 28.873
29.051 27.896 32.513
31.892 30.225 33.456
30.494 32.947 31.191
27.075 33.176 32.866
28.565 32.999 36.378
31.001 35.822 35.599
30.638 38.870 37.944
31.695 41.364 35.274
29.377 39.952 32.595
26.565 40.129 35.150
27.280 43.676 36.325
27.537 44.741 32.681
24.177 43.175 31.905
25.684 40.908 29.221
24.114 37.939 31.007
20.892 38.070 33.045
22.280 36.805 36.321
20.130 33.669 36.301
21.948 30.360 36.715
21.607 27.085 34.755
21.881 25.131 38.025
18.425 26.497 38.743
17.047 25.034 35.542
14.364 22.382 34.871
16.682 19.572 35.996
16.130 17.177 33.076
19.323 15.369 34.011
17.428 13.966 36.988
13.830 14.327 35.816
14.214 12.914 32.285
11.889 9.984 32.934
9.096 12.252 34.142
9.441 14.601 31.175
9.491 11.688 28.763
6.203 10.500 30.273
4.779 14.002 29.982
5.963 14.110 26.362
4.384 10.749 25.641
1.162 11.841 27.344
1.032 14.773 24.922
1.599 12.604 21.851
5.280 13.305 21.279
6.659 10.530 19.066
10.044 12.025 18.307
12.606 14.076 20.206
15.855 15.766 19.216
18.464 16.070 21.944
22.147 16.787 22.318
25.262 15.745 24.212
27.593 18.218 25.955
31.143 17.937 24.643
32.337 19.170 28.054
30.470 16.517 30.084
31.931 13.765 27.867
35.490 15.112 27.807
36.071 17.360 30.870
39.811 16.981 30.265
41.781 17.771 27.038
41.788 15.181 24.243
44.595 17.046 22.476
47.131 14.280 23.108
45.261 11.503 21.327
47.342 12.139 18.186
45.326 10.912 15.179
46.390 11.552 11.520
45.367 14.918 10.065
45.484 15.613 6.331
46.028 19.237 5.280
45.773 20.661 1.764
48.028 23.425 0.435
46.058 26.249 2.089
46.059 24.765 5.580
42.520 23.400 5.337
41.905 20.273 7.410
40.503 18.098 4.632
40.630 14.880 6.641
40.872 13.563 10.186
41.391 9.831 10.711
40.076 8.508 14.032
40.387 4.705 14.040
39.319 2.038 16.529
42.460 2.398 18.635
41.954 6.157 18.902
38.356 5.558 19.939
39.393 2.982 22.554
41.876 5.556 23.801
39.311 8.371 23.835
37.026 5.995 25.728
39.687 5.931 28.434
39.647 9.717 28.741
35.864 10.026 28.521
33.775 10.620 31.630
31.983 7.278 31.870
29.436 8.481 34.396
28.198 11.102 31.909
28.413 8.800 28.878
26.448 6.098 30.697
23.938 8.626 31.977
23.274 9.886 28.449
22.719 6.363 27.136
20.428 5.847 30.112
18.293 8.946 29.493
18.003 8.454 25.746
17.484 4.715 26.017
14.585 5.524 28.359
12.949 7.442 25.532
13.876 5.153 22.651
12.892 1.922 24.389
9.350 3.353 24.556
9.232 2.763 20.807
9.897 6.424 19.995
12.401 8.169 17.741
15.446 10.118 18.858
17.491 12.563 16.788
20.935 13.122 18.310
22.762 16.426 17.920
26.439 16.514 18.890
26.945 20.211 19.540
24.687 22.875 20.954
27.042 25.749 21.790
28.977 25.151 25.016
32.667 24.291 24.536
35.023 22.629 27.049
37.090 25.155 29.034
40.285 23.377 28.017
39.359 24.377 24.460
37.735 27.767 25.127
38.398 30.221 27.970
35.965 33.035 27.031
36.945 35.446 29.791
40.632 35.177 28.921
39.885 35.647 25.203
38.094 38.921 25.926
40.787 40.330 28.233
43.932 39.200 26.443
42.832 38.604 22.886
42.347 35.327 20.936
46.095 34.880 20.458
46.760 34.740 24.203
44.106 32.255 25.300
42.413 28.917 24.470
40.288 30.510 21.724
37.576 27.945 20.986
36.522 27.777 17.333
39.256 30.302 16.555
41.676 27.432 17.189
41.718 25.169 14.122
42.605 22.256 16.384
38.981 22.466 17.518
38.251 20.815 14.179
40.420 17.827 15.019
39.107 17.592 18.570
35.504 17.881 17.435
36.143 15.101 14.899
37.509 12.837 17.645
34.519 13.708 19.824
32.154 12.889 16.957
33.671 9.471 16.226
33.585 8.561 19.918
29.896 9.457 20.295
29.053 7.720 17.032
30.816 4.586 18.250
29.449 4.788 21.810
25.824 5.862 21.240
25.325 4.952 17.593
22.432 2.561 18.217
20.183 5.153 19.843
19.325 7.772 17.148
17.559 7.412 13.830
19.538 10.406 12.512
22.504 12.542 13.490
23.148 16.273 13.539
26.690 17.539 13.911
25.721 20.941 15.292
22.902 23.332 16.201
22.732 26.800 14.626
26.489 27.184 14.173
25.943 30.603 12.604
24.465 31.956 15.848
27.595 30.872 17.719
29.996 32.955 15.606
27.661 35.853 14.797
26.712 36.391 18.455
30.142 35.638 19.881
32.183 37.875 17.556
29.740 40.370 15.999
26.557 41.055 17.947
28.457 41.185 21.232
25.690 43.066 23.066
23.828 39.763 22.978
25.884 38.321 25.804
27.373 35.293 24.016
30.937 34.141 24.799
33.619 35.314 24.229
31.992 38.596 23.260
35.053 39.527 21.237
34.000 41.954 18.504
35.899 41.128 15.301
34.539 40.357 11.839
37.885 38.670 11.179
37.316 36.387 14.188
33.764 35.667 13.063
34.883 34.449 9.638
37.646 32.328 11.147
35.226 30.684 13.596
32.732 30.120 10.789
35.474 28.546 8.662
36.548 26.106 11.343
32.957 25.257 12.183
32.282 24.378 8.579
35.352 22.126 8.645
34.399 20.675 12.016
31.042 19.680 10.520
32.554 18.025 7.429
35.081 16.141 9.537
32.448 15.158 12.091
30.314 13.877 9.233
33.113 11.649 7.928
33.806 10.229 11.378
30.186 9.532 12.282
29.696 7.676 9.003
32.598 5.427 9.915
30.717 4.067 12.924
27.126 4.795 11.906
25.593 4.543 8.453
22.610 6.603 9.589
21.695 9.976 8.057
23.980 12.782 9.182
22.899 16.360 8.853
22.949 19.787 10.421
20.417 21.936 12.320
20.525 25.579 11.225
19.026 28.926 12.243
17.087 30.364 9.293
15.463 33.778 9.371
13.152 34.465 6.436
14.715 37.427 4.590
12.471 40.028 2.918
12.632 43.529 1.397
10.989 46.388 -0.576
8.695 46.213 -3.618
10.757 45.196 -6.637
14.129 46.744 -5.612
16.426 44.158 -7.208
18.005 40.701 -7.276
21.003 42.096 -5.411
19.127 40.696 -2.424
19.492 37.106 -3.651
23.266 37.546 -3.561
22.858 39.129 -0.142
20.952 36.066 1.067
23.500 33.715 -0.504
26.310 35.543 1.272
24.803 35.708 4.755
21.838 33.357 5.081
22.686 30.413 2.806
26.458 30.567 3.106
27.454 27.541 5.229
24.733 25.198 4.120
25.815 25.930 0.534
29.389 24.927 1.344
28.517 21.774 3.281
26.295 20.613 0.406
27.681 22.015 -2.880
31.244 22.579 -1.705
31.110 26.248 -2.739
29.224 29.570 -2.527
28.494 32.805 -4.407
31.167 34.412 -6.590
33.916 32.102 -5.400
34.773 29.390 -7.928
36.456 27.411 -5.142
35.044 23.902 -4.889
35.975 21.854 -1.855
35.265 18.154 -2.181
36.052 17.546 1.494
33.173 19.841 2.450
30.590 19.035 -0.249
28.039 16.224 -0.058
27.878 16.329 3.729
24.243 17.224 4.318
21.978 14.154 4.269
19.108 16.149 5.777
18.653 19.734 6.944
17.301 20.758 10.330
15.305 23.985 10.128
15.049 26.283 13.153
12.469 28.960 12.349
11.087 31.685 14.611
10.574 34.837 12.560
11.816 36.988 9.689
14.198 39.833 8.881
13.157 42.669 6.579
15.540 44.869 4.604
15.483 48.035 2.503
17.488 49.552 -0.381
19.454 47.886 -3.187
22.608 49.907 -3.950
25.099 47.341 -2.694
23.962 47.412 0.928
20.433 46.327 1.910
19.621 47.550 5.443
17.566 46.049 8.291
14.228 47.638 9.149
13.537 47.644 12.887
9.963 46.969 13.944
9.918 43.812 11.812
10.610 40.163 12.647
13.197 39.815 15.411
13.455 43.581 15.804
10.048 44.194 17.366
9.135 45.227 20.906
8.119 42.656 23.544
4.372 42.144 23.350
4.038 44.790 20.648
2.595 44.669 17.134
4.531 44.910 13.873
3.766 47.430 11.090
1.971 44.489 9.469
-0.488 44.003 12.342
1.290 40.886 13.605
1.657 40.129 17.352
5.148 40.021 18.870
6.536 37.545 21.430
8.018 38.274 24.852
11.361 38.264 23.037
9.997 40.935 20.738
9.905 38.578 17.738
7.135 38.987 15.183
4.792 36.033 14.671
4.989 35.279 10.941
3.981 31.670 10.060
3.981 32.312 6.296
7.756 32.664 6.494
8.121 29.015 7.457
6.128 28.018 4.380
8.211 30.209 2.076
11.432 29.115 3.789
10.726 25.415 3.312
9.928 25.716 -0.402
13.014 27.834 -1.001
15.282 25.473 0.958
14.088 22.448 -0.968
14.534 24.144 -4.333
17.991 25.262 -3.242
19.219 21.993 -1.702
16.688 19.308 -2.625
17.415 17.572 0.672
15.017 16.158 3.266
13.995 18.822 5.767
12.835 18.711 9.350
11.601 21.684 11.345
13.927 21.026 14.286
12.877 24.196 16.099
9.818 26.439 16.171
8.252 28.143 19.149
7.588 31.410 20.890
8.612 33.223 24.066
5.238 33.675 25.755
4.814 33.132 29.491
1.074 33.859 29.406
0.473 31.434 26.536
-1.371 34.252 24.768
0.312 33.394 21.461
1.623 29.843 21.589
-1.680 28.111 20.769
-2.144 30.048 17.534
1.596 30.146 16.873
1.689 26.356 17.082
-1.238 25.731 14.717
-0.054 28.408 12.271
3.408 26.964 11.773
2.266 23.345 11.776
-0.051 24.476 8.994
2.778 26.049 7.001
4.549 22.717 7.312
1.461 20.812 6.167
1.025 23.193 3.242
4.642 22.508 2.231
4.305 18.735 2.578
0.971 18.772 0.769
2.808 20.428 -2.131
5.433 17.702 -2.263
8.187 19.243 -0.136
9.885 16.406 1.797
9.569 17.901 5.294
9.885 14.849 7.542
8.668 16.281 10.823
7.915 19.160 13.155
9.688 19.576 16.481
8.424 22.373 18.741
11.005 24.302 20.631
10.818 22.864 24.083
8.168 20.901 25.872
9.122 22.910 28.966
10.530 26.330 29.796
14.301 26.379 30.114
17.396 28.546 30.507
17.317 30.986 27.594
21.073 31.545 27.512
22.107 35.164 28.203
18.437 36.037 28.639
18.054 33.686 31.593
14.653 32.344 32.635
12.581 35.394 31.679
12.037 33.988 28.222
9.548 31.081 28.430
9.177 28.830 25.366
7.602 25.749 26.941
4.257 24.188 26.032
4.613 23.261 29.690
5.381 25.897 32.317
8.074 25.084 34.883
8.272 26.511 38.377
12.081 26.609 38.661
11.825 26.810 42.436
9.919 23.530 42.909
10.790 22.074 39.466
7.128 21.188 38.895
5.688 21.055 35.377
2.406 22.736 34.544
0.515 22.298 31.304
-0.188 25.493 29.396
-3.292 25.288 27.192
-1.003 25.201 24.153
0.190 21.813 25.430
-3.390 20.523 25.103
-3.543 21.901 21.563
-0.277 20.106 20.808
-1.716 16.784 21.990
-4.716 17.207 19.655
-2.326 17.791 16.743
0.030 14.934 17.644
-2.885 12.537 18.216
-4.603 13.510 14.976
-1.216 13.585 13.242
-2.390 16.838 11.709
-4.690 19.783 12.286
-8.266 18.691 13.061
-11.062 20.679 11.399
-12.139 21.855 14.855
-8.836 23.765 15.153
-8.579 25.127 11.588
-9.307 28.692 12.728
-5.879 28.952 14.343
-4.053 28.726 11.034
-4.613 32.510 10.948
-3.024 35.047 13.318
-3.073 36.490 16.878
