54.830 4.204 32.352
53.873 4.935 35.999
56.900 2.858 36.910
58.933 5.981 36.220
56.432 8.868 36.299
55.750 7.683 39.818
58.542 5.752 41.532
61.553 7.552 40.068
62.483 10.583 42.124
64.674 13.200 40.456
67.326 12.156 42.992
67.201 8.443 42.246
66.996 9.232 38.548
69.977 11.596 38.495
72.143 9.129 40.393
71.520 6.205 38.067
71.783 8.566 35.102
75.008 7.129 33.725
73.551 3.614 33.955
70.324 4.424 32.176
72.184 6.251 29.409
74.483 3.307 28.845
71.512 0.976 28.514
71.021 2.621 25.139
74.304 4.367 24.304
77.296 2.069 23.858
80.722 3.379 24.819
81.485 7.097 24.620
81.943 6.885 28.393
83.640 10.286 28.457
80.505 11.891 27.024
78.070 10.258 29.440
80.164 11.191 32.462
80.552 14.831 31.384
76.871 15.210 30.585
75.765 13.387 33.732
78.100 15.346 36.020
77.075 18.609 34.414
73.400 17.839 35.057
74.044 16.657 38.612
76.166 19.744 39.173
73.212 21.691 37.711
70.633 20.451 40.172
71.953 20.582 43.725
72.199 24.289 42.926
75.848 24.924 42.151
75.213 26.913 38.978
73.558 30.205 38.037
69.778 29.611 38.146
69.501 31.726 35.010
70.966 29.208 32.568
70.029 25.901 30.956
70.329 22.758 33.108
73.289 21.881 30.912
74.885 22.942 27.627
77.209 20.815 25.522
79.117 20.695 22.279
79.487 17.157 20.923
82.561 16.759 18.734
83.942 13.700 16.993
83.025 11.334 14.109
79.540 10.621 12.751
76.992 7.995 13.750
78.868 6.939 16.876
76.652 8.237 19.658
75.897 11.966 19.497
72.262 12.007 18.379
71.600 8.722 20.177
72.845 10.113 23.462
70.786 13.215 22.764
67.686 11.058 22.254
68.394 8.724 25.127
69.016 11.686 27.391
65.625 13.163 26.526
63.937 9.867 27.350
65.850 8.903 30.498
65.804 12.411 31.979
62.346 13.482 30.817
60.578 10.110 30.646
60.128 10.335 26.867
61.859 10.803 23.543
59.078 13.303 22.904
61.058 15.696 25.091
63.532 16.172 22.273
63.507 19.177 19.939
65.776 19.136 16.929
67.027 22.075 14.904
68.670 20.767 11.741
70.811 23.879 11.442
72.227 22.776 8.091
68.843 23.803 6.687
68.150 27.114 8.469
70.555 29.058 6.256
68.005 31.700 5.213
65.677 33.766 7.436
66.738 31.537 10.341
66.147 33.987 13.201
62.524 34.525 12.169
61.890 30.774 11.880
62.395 30.403 15.640
60.304 33.151 17.272
59.164 27.846 16.289
61.872 26.983 18.807
60.437 29.245 21.492
57.065 27.571 20.946
58.274 23.989 21.341
60.107 25.068 24.482
57.095 27.162 25.476
54.875 24.088 25.559
57.593 21.768 26.869
59.890 23.528 29.371
61.674 20.317 30.307
63.247 19.211 27.058
66.498 18.470 25.262
67.290 20.827 22.410
69.623 19.523 19.717
71.317 21.845 17.235
72.898 19.879 14.366
75.974 21.197 12.556
76.282 24.330 14.693
79.107 25.839 12.615
76.814 26.111 9.599
74.559 28.489 11.529
74.918 32.207 10.886
76.021 34.780 13.528
72.365 35.745 13.812
71.411 32.390 15.363
74.390 32.321 17.731
72.796 35.384 19.294
69.502 33.662 20.025
71.534 30.658 21.106
74.015 32.645 23.172
71.026 34.326 24.770
69.835 30.874 25.794
73.203 29.922 27.306
73.176 33.147 29.313
70.198 34.150 31.484
68.588 30.922 30.231
65.661 32.821 28.744
64.561 34.043 25.334
62.243 36.752 23.969
60.034 35.547 21.114
58.405 37.490 18.304
55.270 38.508 20.194
57.278 39.307 23.306
56.398 36.964 26.171
59.738 35.308 26.920
60.052 31.526 27.145
61.894 29.797 30.004
64.903 27.614 29.072
66.186 27.094 32.605
64.775 23.568 32.483
66.301 22.541 29.169
69.467 20.780 28.102
71.250 22.243 25.108
73.316 19.903 22.973
75.193 21.263 19.973
76.986 19.068 17.448
79.684 19.826 14.903
82.367 17.990 12.970
84.917 20.787 13.153
87.579 18.775 14.952
86.632 15.333 13.674
89.507 14.874 11.194
92.122 16.080 13.673
90.533 14.002 16.449
90.751 10.908 14.277
94.304 11.744 13.264
95.217 12.072 16.920
93.884 8.586 17.531
95.782 6.958 14.665
99.110 8.550 15.529
97.982 7.629 19.034
99.100 10.873 20.600
98.028 11.931 24.158
94.378 12.833 24.660
95.410 16.213 26.034
97.379 16.857 22.854
94.240 16.100 20.844
91.887 18.211 22.931
94.240 21.202 22.755
94.885 20.767 19.040
91.133 20.481 18.438
90.327 23.453 20.647
92.485 25.724 18.508
90.321 24.825 15.506
87.201 25.656 17.499
88.707 28.998 18.430
88.675 29.746 14.700
84.944 29.247 14.097
83.467 30.104 17.489
83.352 33.287 19.537
85.104 32.672 22.870
82.026 33.941 24.717
80.319 30.870 23.273
83.027 28.239 23.871
83.426 29.694 27.372
79.755 29.416 28.299
79.759 25.706 27.417
79.491 23.384 30.404
81.535 20.787 28.529
83.177 20.119 25.184
82.705 16.391 24.840
84.557 14.455 22.155
83.013 11.258 20.729
85.370 8.675 19.263
85.213 5.780 16.772
83.620 2.519 17.914
85.421 -0.775 18.542
84.376 -4.068 16.978
82.979 -5.168 20.349
81.090 -1.908 20.822
79.294 -2.556 17.546
78.297 -6.030 18.654
76.972 -4.504 21.862
74.961 -2.141 19.676
73.733 -5.080 17.615
72.466 -6.638 20.826
70.672 -3.548 22.138
69.445 -3.106 18.570
68.012 -6.633 18.542
66.207 -5.878 21.797
63.324 -4.073 20.082
62.895 -6.643 17.315
62.631 -9.092 20.176
60.276 -6.973 22.274
58.289 -6.688 19.052
58.368 -10.408 18.208
57.436 -10.850 21.861
53.902 -9.672 21.130
53.632 -12.941 19.222
55.373 -15.063 21.854
58.123 -15.470 19.243
61.673 -15.795 20.574
64.762 -14.786 18.632
68.089 -16.409 19.502
71.101 -15.580 17.329
74.517 -17.166 16.899
77.627 -15.232 17.881
78.528 -15.792 14.243
75.251 -14.167 13.260
75.735 -11.238 15.625
79.309 -10.811 14.424
78.029 -10.809 10.861
75.629 -7.977 11.588
78.344 -6.126 13.486
80.624 -6.584 10.476
78.187 -5.393 7.805
76.658 -2.885 10.205
79.615 -0.634 10.997
81.531 1.640 8.613
84.717 3.745 9.120
83.271 6.987 7.760
79.557 6.385 8.353
79.861 4.713 11.723
77.078 2.524 13.042
74.509 4.225 10.863
74.291 1.295 8.379
73.738 -1.423 11.006
70.009 -0.629 10.983
69.547 -1.009 7.226
71.671 -4.150 7.446
69.798 -5.747 10.333
66.642 -4.844 8.461
67.621 -6.493 5.176
69.778 -9.391 6.406
67.467 -10.375 9.262
64.066 -8.679 9.370
63.150 -9.053 5.688
63.703 -12.838 5.699
62.110 -13.321 9.126
59.086 -11.440 7.775
58.653 -13.800 4.827
58.768 -16.781 7.197
56.116 -15.210 9.411
53.766 -14.415 6.529
54.455 -17.789 4.914
53.579 -19.418 8.217
56.970 -21.062 8.717
57.271 -18.966 11.867
54.134 -19.295 13.972
53.097 -18.043 17.397
55.402 -18.844 20.306
58.083 -20.451 18.117
61.720 -19.953 19.126
63.410 -18.813 15.919
67.061 -19.885 15.755
69.292 -17.721 13.563
72.752 -18.639 12.306
75.159 -17.709 9.516
76.176 -19.764 6.491
76.699 -19.160 2.750
74.731 -16.363 1.062
73.751 -14.898 4.427
71.868 -15.693 7.625
69.787 -18.848 7.974
66.780 -19.468 10.200
65.549 -22.517 12.072
62.477 -23.127 14.234
63.289 -25.726 16.897
65.141 -28.395 14.791
