9.426 8.752 11.914
6.675 6.924 9.879
6.464 7.508 6.119
4.461 6.738 2.960
7.357 4.465 1.890
7.050 2.315 5.039
3.389 1.743 4.119
4.378 0.612 0.617
6.894 -1.672 2.378
4.052 -3.213 4.426
2.307 -4.243 1.201
5.574 -5.612 -0.250
6.083 -7.683 2.905
2.736 -9.407 3.565
2.253 -12.686 1.555
0.000 -11.158 -1.140
-0.436 -12.354 -4.760
0.202 -10.614 -8.079
-3.201 -9.127 -8.863
-4.303 -7.935 -5.407
-0.812 -6.534 -4.748
-0.814 -4.539 -7.985
-4.463 -3.466 -7.684
-4.052 -2.336 -4.075
-0.694 -0.627 -4.671
-2.192 1.430 -7.543
-5.141 2.333 -5.303
-2.719 3.307 -2.522
-0.672 5.420 -4.957
-3.977 7.232 -5.633
-3.595 8.841 -2.101
-3.854 12.605 -1.333
-5.038 13.433 2.238
-4.955 11.076 5.270
-8.423 9.937 6.458
-8.952 8.576 2.933
-5.574 6.807 2.646
-6.193 5.472 6.197
-9.512 3.925 5.152
-7.599 2.344 2.235
-4.986 1.120 4.792
-7.867 -0.461 6.743
-8.604 -2.399 3.537
-5.006 -3.849 3.615
-5.732 -5.216 7.109
-8.957 -6.897 5.942
-7.317 -8.171 2.733
-4.779 -10.220 4.712
-7.381 -11.563 7.111
-9.269 -12.658 3.959
-6.363 -14.147 2.009
-5.292 -15.928 5.220
-8.884 -16.730 6.367
