103.672 31.252 20.027
100.045 32.416 20.536
96.740 31.403 18.856
94.046 31.499 21.586
91.441 34.146 20.693
88.037 34.463 18.896
87.696 31.096 17.164
88.581 27.341 16.970
90.481 26.814 20.255
87.856 28.865 22.103
85.057 26.489 21.055
86.868 23.394 22.419
87.971 24.986 25.685
84.488 26.351 26.372
83.053 22.872 25.691
85.883 20.709 27.191
83.996 20.211 30.433
80.878 19.052 28.576
82.843 17.055 25.996
84.707 15.097 28.725
81.448 14.750 30.731
80.055 12.811 27.808
82.829 10.240 27.903
83.509 10.195 31.677
80.642 10.209 34.156
80.263 10.767 37.877
83.225 13.104 38.136
82.072 16.564 37.140
84.271 18.304 39.748
87.433 16.486 38.635
86.870 17.458 34.987
85.864 21.042 35.994
89.067 21.574 37.967
91.077 20.011 35.184
89.501 22.208 32.496
89.778 25.343 34.629
93.524 24.775 34.846
93.963 24.113 31.111
91.949 27.208 30.217
93.941 29.356 32.706
97.220 28.247 31.112
95.813 28.629 27.609
94.745 32.198 28.416
98.398 33.127 28.935
98.127 33.084 32.708
100.787 30.934 34.340
104.547 30.503 34.385
106.515 30.151 31.183
109.171 27.921 32.748
106.623 25.260 33.898
104.415 22.517 32.361
100.889 23.455 31.209
99.669 21.610 34.308
100.862 19.097 36.909
98.175 16.984 38.315
97.790 14.194 40.730
94.668 12.167 39.880
93.664 10.399 43.090
90.842 8.035 43.711
89.719 4.434 43.706
90.425 1.808 41.024
88.463 2.050 37.736
86.570 5.310 38.231
87.853 7.248 35.278
91.322 8.519 36.069
93.076 6.921 33.074
90.027 7.362 30.846
89.923 11.130 31.583
93.590 11.695 30.568
93.303 9.616 27.453
90.230 11.630 26.434
91.876 14.868 27.452
94.667 14.220 24.960
92.222 13.406 22.143
90.076 16.469 22.860
93.146 18.700 22.761
94.560 17.046 19.679
97.928 16.190 21.242
99.940 12.985 21.701
99.667 10.770 24.696
102.937 9.752 26.259
102.397 7.063 28.784
104.665 5.509 31.361
103.938 2.936 34.003
105.688 3.667 37.301
105.411 0.000 38.433
108.065 -0.634 35.817
110.293 2.047 37.364
110.416 0.969 41.022
114.115 0.085 40.499
114.342 -3.121 42.620
111.067 -5.023 43.232
110.308 -7.433 40.326
112.796 -10.327 39.789
111.635 -13.741 41.248
109.238 -14.196 38.314
110.835 -13.950 34.818
111.199 -10.253 33.933
114.462 -9.658 35.778
116.348 -6.903 33.967
116.180 -3.730 36.140
119.742 -2.115 35.761
119.132 1.532 36.586
115.454 1.943 35.397
115.858 5.636 36.089
118.539 5.132 33.455
115.812 4.123 30.999
113.805 7.303 31.779
116.916 9.446 31.666
119.366 7.813 29.260
116.568 7.650 26.646
112.765 7.098 26.978
111.094 10.010 28.912
113.170 12.752 27.283
113.235 11.212 23.805
109.416 11.008 23.890
109.047 14.632 25.078
111.515 16.011 22.492
109.707 14.048 19.793
106.273 15.292 21.060
106.593 18.764 22.735
102.810 19.202 22.770
101.485 16.268 24.768
99.765 14.791 27.790
102.254 12.848 29.888
100.568 10.118 31.840
102.429 8.374 34.646
100.459 5.367 35.974
100.624 4.411 39.693
102.913 7.308 40.647
103.150 5.983 44.256
105.294 3.027 43.142
107.966 5.222 41.524
111.525 5.300 42.821
112.647 8.483 44.700
115.052 9.294 41.763
112.038 9.607 39.499
110.388 11.994 41.964
113.508 14.247 42.036
113.351 14.295 38.219
109.647 15.145 38.485
110.398 18.002 40.904
112.743 19.495 38.308
110.122 19.149 35.616
107.548 20.929 37.804
110.054 23.653 38.742
112.115 24.279 35.591
109.983 22.799 32.821
113.041 21.078 31.367
115.036 17.827 31.626
118.694 17.194 30.934
119.672 13.785 29.442
120.923 11.873 26.339
124.111 13.851 26.016
123.259 17.528 26.603
119.756 17.244 25.239
116.958 19.497 26.371
113.503 18.084 26.887
111.115 20.959 26.864
108.082 20.290 29.080
106.627 23.775 28.496
103.744 22.430 26.354
103.102 19.233 28.324
100.226 18.314 30.632
101.623 16.121 33.359
99.201 13.684 34.886
100.047 11.233 37.610
97.425 8.764 38.787
97.254 7.119 42.097
95.323 4.486 43.876
97.319 4.965 47.099
94.825 7.070 49.084
91.430 5.591 47.836
88.903 8.511 47.818
90.679 9.953 53.310
92.370 12.960 51.703
94.659 13.064 54.753
96.061 9.701 53.572
97.409 11.264 50.371
99.281 13.804 52.576
101.067 10.975 54.356
102.001 9.051 51.202
103.346 11.973 49.186
105.730 14.533 50.712
104.617 18.174 51.192
107.438 19.201 48.843
105.979 17.065 46.051
102.336 17.983 46.776
102.912 21.734 46.897
104.418 21.768 43.343
101.231 20.330 41.885
98.778 22.701 40.237
96.023 20.481 41.602
95.305 17.277 43.373
92.318 16.283 41.298
90.060 14.112 43.382
87.947 11.288 41.824
85.016 9.759 43.741
83.449 6.285 43.694
80.810 5.517 41.079
77.111 5.831 41.920
74.538 3.309 40.785
73.338 5.867 38.225
76.875 6.509 36.975
77.457 2.751 36.526
74.197 2.621 34.450
75.459 5.515 32.393
78.746 3.577 31.786
76.597 0.590 30.611
74.530 2.819 28.297
77.754 4.344 26.866
79.001 0.755 26.032
75.600 -0.091 24.563
75.449 3.103 22.370
78.947 2.307 20.983
77.644 -1.098 19.984
74.433 0.465 18.579
76.517 2.785 16.378
78.324 -0.228 14.793
75.119 -2.250 14.589
72.967 0.634 13.105
75.385 0.973 10.173
74.769 -2.728 9.385
71.002 -2.150 9.584
70.758 -3.947 12.902
68.790 -2.501 15.810
69.871 -3.469 19.335
67.597 -3.071 22.311
68.665 -4.019 25.833
65.956 -4.168 28.543
66.138 -2.385 31.904
66.614 -5.658 33.808
69.404 -6.671 31.444
71.033 -3.236 31.940
70.759 -3.795 35.735
72.406 -7.163 35.205
75.274 -5.698 33.185
75.779 -2.975 35.851
76.017 -5.545 38.604
78.395 -7.824 36.675
80.689 -5.106 35.228
81.335 -3.196 38.435
83.251 -4.183 41.572
84.050 -1.856 44.523
87.636 -3.051 44.318
87.959 -2.890 40.508
85.544 -0.091 39.650
84.223 -0.311 36.107
87.350 -2.201 34.931
85.477 -5.522 34.185
82.777 -3.671 32.169
84.502 -3.995 28.716
84.867 -7.777 29.040
81.333 -8.127 30.395
79.900 -6.192 27.411
82.025 -8.163 25.005
81.060 -11.563 26.418
77.319 -10.847 26.936
76.434 -8.371 24.118
78.988 -8.802 21.311
80.020 -12.445 21.099
76.379 -13.812 21.153
75.670 -11.754 17.984
78.613 -12.970 15.963
76.988 -16.162 14.527
73.710 -14.390 13.647
75.517 -11.488 11.916
77.704 -13.817 9.856
75.471 -16.792 9.006
72.099 -16.218 10.626
69.085 -13.915 10.830
71.066 -10.687 11.043
72.960 -11.196 7.766
70.754 -8.642 5.907
69.836 -6.526 8.932
67.294 -6.992 11.689
66.577 -6.652 15.380
68.147 -8.010 18.543
66.361 -7.935 21.845
68.408 -8.612 24.937
66.413 -9.358 28.084
66.810 -11.006 31.434
65.612 -14.428 32.531
64.748 -13.420 36.172
64.993 -16.627 38.205
68.001 -17.846 36.282
70.045 -14.634 36.429
71.174 -15.045 32.841
70.646 -12.917 29.690
68.044 -13.680 27.000
68.580 -13.177 23.242
65.858 -12.648 20.661
66.492 -12.258 16.957
64.407 -11.140 14.020
65.558 -10.846 10.430
65.080 -7.804 8.238
62.241 -9.821 6.837
59.891 -8.667 9.618
