-8.660 1.204 -2.651
-5.275 2.606 -1.459
-6.954 5.059 0.916
-6.820 3.246 4.300
-3.996 0.885 3.242
-0.865 1.847 5.174
2.671 0.524 4.638
6.422 1.143 4.784
7.714 -0.920 1.843
6.155 -2.082 -1.453
4.981 -5.527 -0.258
3.854 -3.898 3.021
0.642 -2.891 1.278
0.048 -6.541 0.264
-3.455 -6.126 1.759
-4.203 -3.882 -1.241
-2.551 -6.007 -3.943
0.476 -7.969 -5.173
3.161 -5.296 -5.082
1.863 -1.866 -4.110
3.838 1.374 -4.299
4.099 2.815 -0.795
3.686 6.559 -0.267
4.139 8.646 2.919
3.248 5.640 5.052
0.315 4.643 2.812
-0.812 2.972 -0.432
-0.444 4.645 -3.834
-2.371 2.253 -6.081
-2.571 -1.535 -5.816
-4.716 -3.730 -8.118
