-11.460 -12.962 27.789
-12.838 -9.735 29.259
-10.496 -6.746 29.488
-10.753 -4.082 32.165
-8.682 -1.464 34.005
-6.852 -3.258 36.813
-8.600 -1.077 39.383
-11.832 -2.830 38.361
-10.380 -6.321 38.696
-10.954 -8.360 41.888
-8.042 -9.362 44.121
-7.208 -12.984 43.346
-8.028 -12.776 39.643
-5.570 -14.284 37.161
-4.742 -11.786 34.404
-2.668 -11.443 31.227
-1.974 -8.982 28.385
-1.067 -6.439 31.010
-0.703 -2.747 30.209
2.227 -0.984 31.886
1.285 2.611 30.998
-2.447 3.370 30.424
-2.949 2.982 26.679
0.286 1.344 25.546
-1.715 -1.890 25.396
-0.675 -5.297 26.627
3.041 -5.472 27.267
3.269 -8.319 29.754
2.239 -11.917 29.047
0.375 -11.010 25.867
0.198 -14.490 24.340
2.569 -16.768 26.212
3.933 -17.581 29.623
1.960 -17.652 32.837
-0.786 -15.325 33.988
-0.254 -12.780 36.736
-2.531 -12.477 39.757
-4.001 -9.378 41.377
-2.941 -9.440 45.063
-4.287 -6.120 46.274
-5.605 -2.634 45.496
-4.365 0.521 47.167
-5.296 4.063 46.236
-4.488 4.668 42.578
-2.528 1.415 42.243
-3.134 -2.305 41.996
-0.544 -4.795 43.203
0.156 -7.761 40.962
2.232 -10.910 41.311
3.933 -12.039 38.105
4.442 -15.771 37.574
8.085 -15.586 38.678
6.959 -14.357 42.092
7.974 -10.842 41.140
5.587 -8.235 42.564
4.705 -4.951 40.844
2.440 -2.086 41.748
0.666 -0.760 38.679
-1.698 2.128 37.986
-5.316 1.087 38.374
-6.087 2.796 35.069
-3.828 0.240 33.376
-5.765 -2.563 31.632
-5.486 -6.374 31.884
-7.468 -9.307 30.415
-8.950 -11.917 32.719
-7.735 -15.484 32.251
-4.725 -17.755 31.713
-2.561 -18.040 28.580
0.308 -20.098 27.107
