39.206 15.973 83.880
40.348 15.594 80.265
39.351 19.112 79.238
39.064 21.849 81.882
41.457 20.156 84.279
43.770 19.179 81.462
44.081 22.723 80.097
44.688 24.309 83.498
47.381 21.714 84.239
49.172 22.119 80.917
49.160 25.909 81.215
50.704 26.044 84.685
53.076 23.162 83.926
54.514 25.331 81.155
54.722 28.732 82.796
56.604 26.764 85.456
58.932 24.868 83.125
60.077 27.723 80.898
59.595 30.760 83.137
59.852 29.462 86.689
56.219 30.265 87.232
56.567 33.957 86.374
54.056 35.567 83.989
55.901 36.388 80.699
55.441 39.732 78.977
53.415 39.789 75.765
54.999 40.657 72.430
53.189 41.235 69.135
49.878 39.359 68.876
48.848 37.445 65.778
45.296 36.364 64.915
44.953 33.662 67.546
46.453 35.827 70.285
43.985 38.558 69.313
41.077 36.118 69.114
41.944 34.462 72.401
41.663 37.642 74.456
38.416 38.377 72.606
37.003 34.924 73.445
37.576 35.720 77.093
35.416 38.816 76.649
32.812 36.861 74.696
32.506 34.231 77.417
31.934 36.682 80.279
29.338 38.423 78.138
27.399 35.359 76.984
27.654 33.219 80.097
26.309 36.146 82.074
23.287 36.501 79.755
22.565 32.777 79.715
22.459 32.799 83.513
20.126 35.784 83.844
17.865 33.736 81.595
17.966 30.531 83.638
19.924 28.766 80.913
22.462 27.099 83.205
23.071 23.941 81.208
24.007 26.189 78.276
25.804 28.716 80.461
28.069 26.021 81.881
28.568 24.863 78.296
29.738 28.299 77.229
32.361 28.006 79.945
33.538 24.524 79.119
33.951 25.616 75.504
36.266 28.427 76.586
38.421 25.771 78.242
38.002 23.778 75.022
39.161 26.901 73.183
42.207 27.109 75.436
43.206 23.536 74.720
42.938 24.101 70.959
44.923 27.319 71.316
47.715 25.414 73.001
47.477 22.399 70.699
48.133 24.554 67.704
50.601 27.103 69.044
52.951 24.338 70.249
54.801 26.099 73.155
57.062 22.966 73.662
58.415 23.548 70.167
58.448 27.358 70.109
60.412 27.395 73.385
63.489 25.972 71.655
63.418 28.708 69.002
61.571 31.930 69.904
61.441 32.754 73.639
59.397 35.950 73.219
56.919 33.938 71.159
56.359 31.263 73.810
56.047 34.083 76.331
52.990 35.419 74.531
51.388 31.993 74.139
51.992 31.368 77.841
50.823 34.788 79.063
47.720 34.447 76.875
47.063 30.897 78.104
47.115 32.055 81.708
44.703 34.904 80.983
42.287 32.179 79.973
42.953 30.316 83.196
42.266 33.347 85.415
39.088 34.011 83.478
38.047 30.392 83.753
38.650 31.011 87.429
35.920 33.592 87.785
33.512 32.096 85.233
33.591 28.714 86.935
32.808 30.108 90.405
28.994 30.238 89.974
29.081 26.589 88.992
31.994 25.019 90.847
33.108 27.133 93.823
35.928 24.753 94.807
37.549 24.292 91.411
37.242 28.054 91.376
39.244 28.663 94.570
41.622 25.927 93.481
42.413 27.866 90.318
42.650 31.159 92.222
45.293 29.686 94.526
47.250 28.174 91.645
47.262 31.609 90.024
48.103 32.806 93.522
45.532 35.633 93.733
44.117 37.861 96.529
42.030 39.814 94.033
38.402 39.771 95.122
36.622 37.603 92.492
34.479 39.715 90.149
32.849 39.489 86.748
34.918 42.354 85.267
38.053 40.666 83.855
41.571 42.059 84.274
44.619 40.356 82.808
47.358 38.742 84.868
50.327 41.196 85.065
53.737 40.301 83.729
56.108 39.433 86.547
53.320 37.884 88.577
54.314 34.845 90.592
52.229 31.725 89.956
52.312 28.470 91.998
53.708 25.028 91.098
51.513 22.758 88.926
48.949 20.939 91.017
46.105 18.771 89.732
42.589 20.016 89.358
40.522 16.865 89.217
41.015 13.163 89.802
39.136 10.861 87.426
36.024 9.122 88.761
36.545 5.381 89.293
34.507 2.213 88.918
35.805 1.307 92.346
34.035 4.406 93.565
30.718 3.879 91.826
30.574 0.256 92.979
31.507 1.229 96.512
28.731 3.824 96.405
26.073 1.535 94.939
27.031 -1.250 97.367
27.428 0.950 100.468
24.338 3.139 100.083
22.041 2.038 97.249
22.199 -1.710 98.079
20.762 -2.074 101.557
17.610 -0.040 101.047
17.106 -1.633 97.678
19.349 -4.646 97.000
17.544 -5.478 93.734
18.021 -1.946 92.455
21.714 -2.295 93.206
22.047 -5.771 91.734
20.392 -4.623 88.522
22.799 -1.687 88.282
25.891 -3.692 89.125
25.685 -6.620 86.722
24.586 -4.069 84.097
27.837 -2.094 84.203
30.124 -4.631 85.834
31.172 -8.279 86.037
30.433 -9.974 89.348
34.081 -11.019 89.629
34.998 -7.315 89.671
32.345 -6.156 92.138
33.422 -8.866 94.549
37.031 -7.688 94.405
35.968 -4.105 95.100
33.638 -5.351 97.823
36.333 -7.605 99.309
38.975 -4.889 99.403
36.461 -2.362 100.716
34.405 -4.081 103.392
37.006 -6.330 104.969
35.316 -8.880 107.226
31.838 -7.991 105.970
32.172 -7.851 102.197
30.718 -11.347 102.036
27.545 -10.204 103.825
26.784 -7.739 101.075
27.485 -9.517 97.836
25.045 -12.229 98.956
22.662 -9.441 99.953
22.644 -8.040 96.416
23.223 -11.135 94.332
20.420 -13.133 95.950
22.261 -16.453 95.963
26.000 -16.796 95.384
27.190 -19.195 98.091
