4.811 31.897 50.622
8.463 31.045 51.263
9.339 34.081 53.382
6.553 33.475 55.905
7.609 29.829 56.143
11.269 30.717 56.807
10.327 33.138 59.570
7.934 30.633 61.193
10.434 27.756 61.503
13.119 29.959 63.052
10.693 32.049 65.063
12.174 30.762 68.324
15.701 31.876 67.340
14.464 35.293 66.166
12.709 36.041 69.455
16.080 35.913 71.232
17.181 39.024 69.346
13.720 40.653 69.389
14.909 42.038 71.668
18.470 40.981 72.505
20.352 42.500 75.476
22.059 44.911 73.077
18.800 46.243 71.664
17.329 46.746 75.154
20.304 48.880 76.146
20.100 50.818 72.887
16.403 51.524 73.514
16.839 52.544 77.155
20.015 54.554 76.473
21.804 52.505 79.117
24.271 51.183 76.548
27.890 51.612 77.479
30.313 53.265 75.121
32.712 50.309 75.182
29.994 47.924 74.001
28.786 50.218 71.210
32.324 50.717 69.956
32.944 47.009 69.705
29.675 46.415 67.868
30.528 49.245 65.478
33.996 47.949 64.597
32.720 44.409 64.127
29.635 45.328 62.117
31.662 47.642 59.880
33.721 44.602 58.925
30.501 42.676 58.353
29.122 45.425 56.092
32.239 45.453 53.903
32.021 41.728 53.382
28.230 41.723 52.988
29.038 43.876 49.948
31.314 41.163 48.520
28.584 38.656 49.350
26.061 40.723 47.372
28.424 41.082 44.411
28.926 37.321 44.304
25.155 36.889 44.181
24.920 39.486 41.411
27.372 37.474 39.319
24.971 34.509 39.464
21.755 36.542 39.259
19.116 36.252 36.493
19.223 39.113 33.943
16.074 40.760 35.353
17.738 41.102 38.767
20.892 42.938 37.630
19.313 46.423 38.041
18.183 45.512 41.551
21.678 44.265 42.539
23.444 47.303 41.060
21.098 49.626 42.967
21.171 47.585 46.183
24.981 47.299 46.272
25.144 51.069 45.748
22.498 51.635 48.405
24.161 49.305 50.951
27.623 50.749 50.155
26.435 54.051 51.647
26.469 52.324 55.054
30.280 52.401 54.899
30.127 56.189 54.958
27.705 56.052 57.879
30.083 53.903 59.958
33.147 55.923 58.891
31.748 59.300 59.930
30.475 58.008 63.259
33.941 56.572 63.857
35.423 59.948 62.896
33.238 61.690 65.485
33.925 59.183 68.301
37.647 59.315 67.683
37.477 55.545 67.199
39.594 53.353 64.925
37.876 50.918 62.561
41.121 49.087 61.675
41.108 47.041 64.850
40.871 43.434 65.902
37.709 41.747 64.687
35.935 39.070 66.751
36.108 35.507 65.392
32.328 34.990 65.410
32.185 37.888 62.931
34.814 36.541 60.520
32.951 33.257 60.779
29.592 34.732 59.868
31.337 36.550 57.017
33.098 33.447 55.709
29.894 31.414 55.953
28.168 34.022 53.765
30.984 34.084 51.245
30.923 30.266 50.975
27.173 30.228 50.413
27.411 32.742 47.557
30.473 31.016 46.102
29.384 27.392 46.320
25.628 27.440 47.000
22.737 27.875 44.577
21.309 31.288 43.790
18.232 30.594 46.003
20.351 29.641 49.004
22.345 32.827 48.546
19.349 35.106 48.034
17.623 33.422 51.018
20.724 34.429 53.026
20.432 38.038 51.828
16.786 38.186 52.851
17.453 36.698 56.297
20.316 39.049 57.131
18.485 42.182 55.903
15.105 41.255 57.365
16.809 40.458 60.685
18.253 43.954 61.013
15.019 45.549 59.875
13.128 43.868 62.748
15.926 44.326 65.249
16.262 48.046 64.629
12.527 48.519 64.219
12.176 47.009 67.713
14.670 49.480 69.145
12.755 52.239 67.527
9.345 51.142 68.772
10.807 50.959 72.287
12.978 54.101 72.481
12.578 56.132 75.679
14.488 59.204 74.552
16.341 60.354 71.430
19.518 58.270 71.146
23.098 59.491 70.407
23.099 56.656 67.840
19.632 57.619 66.544
21.075 57.611 63.038
21.778 53.878 62.997
18.392 53.107 64.547
16.760 55.137 61.809
18.611 53.833 58.756
17.702 50.201 59.508
14.175 50.992 60.725
13.518 53.456 57.896
10.715 53.205 55.399
13.386 53.125 52.722
15.150 50.106 54.250
11.784 48.443 54.836
10.909 48.919 51.163
14.296 47.430 50.315
13.540 44.397 52.478
10.063 44.045 50.956
11.600 44.175 47.468
14.009 41.355 48.427
11.158 39.357 49.966
9.061 39.586 46.837
11.937 38.439 44.602
12.626 35.587 47.050
9.023 34.437 47.013
8.883 34.310 43.223
12.164 32.428 43.055
11.104 29.858 45.587
7.913 29.238 43.597
9.702 27.816 40.578
12.021 25.672 42.684
11.301 22.101 43.700
11.118 21.029 47.370
14.792 19.894 47.441
16.646 23.153 46.802
13.995 24.873 48.921
14.878 22.835 52.028
18.559 23.529 51.206
17.709 27.259 51.404
15.603 26.686 54.533
18.754 25.343 56.182
20.760 28.409 55.167
18.069 30.672 56.642
18.308 28.727 59.885
22.064 29.131 59.860
22.106 32.896 59.162
19.417 33.315 61.816
21.788 31.748 64.362
24.591 33.993 63.140
22.423 37.096 63.558
21.670 36.061 67.134
25.351 35.423 68.022
26.584 38.681 66.471
24.778 40.788 69.106
26.902 39.120 71.847
30.111 40.382 70.249
29.563 43.815 71.795
30.174 42.267 75.240
