8.012 -12.894 46.319
7.933 -16.669 46.728
5.277 -16.724 49.462
1.505 -16.406 49.031
0.175 -12.869 48.668
-1.093 -11.376 51.921
-4.634 -10.043 52.264
-3.154 -6.549 52.052
-1.165 -7.329 48.908
-4.210 -8.840 47.216
-6.210 -5.684 47.917
-3.479 -3.537 46.367
-2.508 -5.694 43.383
-5.469 -7.756 42.175
-7.946 -4.912 41.509
-5.764 -3.618 38.690
-5.529 -7.055 37.101
-9.272 -7.592 37.440
-9.763 -4.232 35.740
-7.518 -5.519 32.956
-9.658 -8.606 32.460
-8.033 -11.209 34.689
-10.193 -13.332 36.963
-9.448 -15.415 40.051
-10.133 -19.094 39.382
-12.756 -20.795 41.530
-10.836 -24.033 42.132
-7.268 -22.746 42.497
-5.461 -19.758 43.944
-4.541 -18.548 40.470
-5.464 -15.850 37.961
-6.733 -16.490 34.435
-7.233 -14.528 31.223
-7.802 -15.317 27.568
-6.085 -13.204 24.931
-7.335 -13.032 21.354
-5.215 -11.903 18.421
-5.747 -11.426 14.697
-4.083 -14.742 13.843
-1.522 -17.327 14.984
1.408 -15.217 13.774
0.483 -12.416 16.195
-0.427 -14.893 18.952
2.898 -16.727 18.845
4.889 -13.504 18.568
3.176 -12.574 21.827
3.970 -16.001 23.296
7.650 -15.600 22.401
7.816 -12.337 24.342
6.151 -13.989 27.333
8.536 -16.953 27.026
11.529 -14.603 27.100
10.221 -12.896 30.250
9.497 -16.262 31.862
13.157 -17.202 31.524
14.291 -13.743 32.614
12.364 -14.060 35.887
12.500 -17.866 36.208
8.714 -18.097 36.559
6.475 -19.875 34.073
2.825 -19.710 32.992
0.339 -22.480 32.322
-1.067 -21.789 28.878
-3.195 -23.200 26.106
-3.118 -22.030 22.497
-5.356 -22.724 19.516
-4.533 -20.530 16.518
-5.251 -16.925 17.575
-6.308 -17.679 21.153
-3.965 -17.826 24.148
-5.440 -18.808 27.520
-3.097 -18.070 30.410
-3.261 -19.246 34.032
-0.741 -17.878 36.513
0.077 -19.492 39.845
3.192 -20.643 41.713
3.426 -24.434 41.893
6.325 -24.326 44.356
3.900 -23.169 47.058
0.505 -23.906 45.528
-0.775 -20.354 45.374
-0.556 -16.830 43.999
2.683 -14.925 44.640
4.251 -11.573 43.730
5.948 -13.435 40.875
2.548 -14.162 39.323
1.505 -10.517 39.613
4.769 -9.381 38.003
4.376 -11.840 35.137
0.752 -10.765 34.647
1.790 -7.116 34.442
4.419 -7.946 31.815
1.898 -9.971 29.848
-0.445 -6.966 29.760
2.370 -4.843 28.316
3.195 -7.472 25.699
-0.458 -7.817 24.691
-0.621 -4.038 24.250
2.654 -3.962 22.297
4.479 -1.971 24.976
