16.595 8.052 5.590
13.196 8.251 3.866
14.685 7.824 0.386
17.190 5.072 1.286
15.839 2.823 4.079
18.509 0.079 3.582
21.369 2.218 2.218
22.873 1.735 -1.263
24.447 -1.207 -3.149
28.195 -1.736 -2.594
29.966 -3.424 -5.554
32.885 -5.811 -5.108
35.341 -7.701 -7.329
34.966 -10.912 -5.335
31.583 -12.585 -5.220
31.464 -16.241 -4.178
29.360 -19.031 -5.671
27.398 -19.281 -2.421
26.699 -15.534 -2.503
25.557 -15.619 -6.132
23.345 -18.655 -5.487
21.790 -16.941 -2.446
21.097 -13.725 -4.367
19.395 -15.776 -7.114
17.131 -17.330 -4.485
16.430 -13.911 -2.945
15.639 -12.489 -6.402
13.184 -15.304 -7.156
11.403 -14.525 -3.859
11.118 -10.715 -4.419
7.709 -10.679 -6.168
6.051 -12.635 -3.352
7.511 -10.286 -0.770
6.323 -7.256 -2.745
2.860 -8.790 -3.128
2.704 -9.391 0.656
3.337 -5.683 1.230
0.939 -4.301 -1.362
-2.068 -6.671 -1.420
-3.312 -5.246 1.920
-3.808 -1.813 0.435
-6.952 -0.117 -0.842
-6.807 2.377 -3.740
-6.319 5.425 -1.534
-3.468 3.643 0.312
-1.890 2.648 -3.028
-2.080 6.298 -4.091
-0.292 7.525 -0.994
3.243 8.869 -1.536
5.833 6.703 0.211
7.491 9.955 1.311
6.779 13.651 0.850
7.343 14.563 -2.802
7.838 10.928 -3.837
6.117 8.231 -5.848
2.971 6.505 -4.648
3.066 2.790 -3.767
1.217 2.100 -7.012
3.937 3.922 -8.972
6.656 1.997 -7.113
5.071 -1.343 -8.058
4.890 -0.400 -11.745
8.423 0.969 -11.581
9.773 -2.341 -10.269
8.224 -4.109 -13.262
9.581 -1.586 -15.768
13.050 -1.437 -14.182
13.413 -5.171 -13.949
12.218 -5.783 -17.538
14.962 -3.335 -18.588
17.463 -5.194 -16.390
16.604 -8.607 -17.845
17.172 -7.219 -21.325
20.488 -5.728 -20.252
21.564 -9.169 -18.995
20.796 -10.755 -22.392
22.573 -7.908 -24.229
25.630 -8.492 -22.004
25.630 -12.204 -22.689
25.431 -11.727 -26.485
27.575 -8.604 -27.124
30.968 -7.565 -25.754
30.427 -4.979 -23.022
27.421 -3.366 -24.680
26.377 0.196 -24.119
22.863 -0.213 -22.681
19.768 1.901 -23.322
18.846 4.208 -20.450
15.237 5.155 -19.793
13.751 8.197 -18.002
12.292 6.440 -14.951
10.608 9.608 -13.713
8.814 10.131 -17.040
7.790 6.452 -17.176
6.232 6.759 -13.704
4.202 9.792 -14.765
2.376 8.007 -17.579
-1.362 7.702 -16.839
-1.097 3.916 -16.748
1.670 4.023 -14.100
-0.496 6.282 -11.928
-3.784 4.317 -12.275
-3.287 0.607 -13.206
-4.094 -1.958 -10.531
-0.907 -3.445 -9.063
-2.090 -7.024 -9.732
-0.865 -7.110 -13.363
2.595 -5.835 -12.454
2.819 -8.144 -9.477
2.013 -11.122 -11.729
4.426 -9.913 -14.403
7.196 -9.578 -11.817
6.614 -13.109 -10.541
6.943 -14.558 -14.017
9.791 -12.212 -14.976
11.881 -13.068 -11.943
11.141 -16.722 -12.739
12.691 -16.453 -16.218
15.475 -14.161 -14.979
16.572 -16.554 -12.254
16.360 -19.438 -14.731
18.729 -17.530 -17.016
21.024 -16.794 -14.072
21.228 -20.445 -13.078
22.555 -21.351 -16.558
25.471 -18.921 -16.439
29.105 -19.968 -16.057
31.508 -18.047 -13.816
33.008 -16.443 -16.941
29.583 -15.288 -18.104
28.996 -13.700 -14.683
32.197 -11.671 -15.247
30.838 -10.175 -18.465
29.555 -6.642 -18.081
27.764 -3.690 -19.610
28.406 0.019 -19.861
25.940 2.696 -18.742
26.271 5.622 -21.207
25.246 8.358 -18.732
27.286 7.293 -15.685
30.091 5.865 -17.859
30.496 2.973 -15.395
30.915 -0.690 -16.320
29.127 -3.250 -14.141
29.629 -7.021 -14.165
26.630 -9.347 -14.201
27.464 -10.688 -10.733
27.409 -7.101 -9.379
24.246 -6.372 -11.372
22.620 -9.352 -9.625
23.607 -7.857 -6.256
22.392 -4.442 -7.388
18.940 -5.690 -8.314
18.541 -7.686 -5.109
19.264 -4.326 -3.445
16.876 -2.415 -5.757
14.091 -4.873 -5.031
14.427 -4.600 -1.273
15.051 -0.861 -1.317
11.668 -0.259 -2.927
9.922 -2.954 -0.849
11.217 -1.169 2.259
9.761 2.148 1.006
6.379 0.478 0.972
6.554 -1.462 4.259
7.946 1.587 6.054
4.990 3.642 4.859
2.590 0.865 5.902
4.128 0.681 9.381
4.171 4.481 9.816
0.476 4.745 8.910
-0.738 1.782 11.008
-1.897 -0.220 7.992
-1.308 -4.005 7.989
