43.534 -158.490 39.872
46.580 -160.809 39.829
49.248 -159.871 37.332
51.386 -162.930 36.466
54.257 -160.844 35.178
56.993 -158.664 36.681
60.065 -156.763 35.384
63.395 -157.604 36.967
65.332 -155.068 34.964
68.697 -156.055 33.660
70.504 -155.597 30.388
72.414 -158.198 28.373
74.702 -157.996 25.360
75.962 -160.538 22.872
78.667 -159.864 20.310
79.963 -162.382 17.827
83.636 -162.166 16.956
85.442 -163.921 14.090
86.274 -167.022 16.085
84.596 -166.183 19.376
81.404 -164.717 20.798
80.567 -163.027 24.087
77.370 -162.772 26.067
77.502 -160.214 28.827
74.903 -159.055 31.281
74.718 -156.912 34.362
74.330 -158.567 37.699
71.638 -156.364 39.238
68.107 -157.711 39.888
65.433 -155.127 40.733
61.750 -154.622 41.518
60.379 -151.136 40.967
62.764 -148.932 42.935
64.422 -151.610 45.079
67.483 -153.755 44.439
66.760 -157.407 45.035
70.315 -158.561 44.571
73.549 -156.942 43.447
74.802 -160.335 42.306
72.275 -162.654 40.667
73.851 -164.218 37.547
71.761 -163.908 34.392
74.015 -165.439 31.737
74.599 -169.189 31.859
76.799 -171.918 30.301
74.265 -174.451 29.044
76.747 -177.080 28.034
77.892 -177.803 24.490
79.640 -174.467 24.209
76.363 -172.502 24.259
75.738 -169.539 26.551
72.255 -168.124 27.069
70.397 -165.330 28.844
66.645 -164.897 28.994
66.183 -161.357 30.213
62.998 -159.682 31.409
60.684 -161.256 33.961
63.172 -163.372 35.871
60.764 -166.150 36.749
60.199 -166.824 33.042
63.850 -166.348 32.265
64.685 -168.992 34.907
62.073 -171.401 33.607
63.124 -171.054 29.979
66.833 -171.541 30.783
66.036 -174.577 32.962
63.946 -176.054 30.080
66.646 -175.475 27.505
69.472 -176.969 29.572
67.162 -179.928 29.930
66.564 -179.985 26.175
70.318 -180.307 25.768
70.433 -183.225 28.254
67.728 -185.146 26.352
69.139 -184.343 22.936
72.265 -186.242 23.999
70.170 -189.066 25.428
67.928 -189.328 22.387
70.652 -188.815 19.784
73.702 -190.751 20.956
75.607 -187.897 22.628
75.535 -185.721 19.503
76.661 -182.140 20.114
73.864 -179.603 19.806
74.898 -176.966 17.320
74.030 -173.322 17.953
71.645 -173.154 14.961
69.902 -176.203 16.324
69.786 -174.759 19.815
68.193 -171.648 18.303
65.485 -173.485 16.413
64.796 -175.583 19.481
64.394 -172.437 21.605
61.956 -171.085 19.033
59.751 -174.042 19.777
60.082 -173.623 23.525
59.083 -170.027 23.258
56.296 -170.454 20.728
54.974 -173.267 22.838
53.763 -170.470 25.115
52.413 -168.170 22.377
49.200 -167.439 24.258
50.822 -166.839 27.685
54.356 -165.777 26.689
57.653 -165.989 28.497
58.163 -162.250 29.000
61.842 -162.384 28.096
64.217 -161.317 25.338
66.574 -164.274 24.982
70.027 -164.401 23.431
72.303 -167.367 23.027
75.910 -167.176 21.845
78.454 -169.755 20.775
80.241 -170.952 17.636
78.665 -172.286 14.478
79.735 -175.421 12.642
82.532 -173.652 10.759
83.890 -172.379 14.068
82.840 -168.751 13.516
81.241 -166.705 16.306
77.473 -166.705 16.542
74.739 -164.846 18.345
71.044 -165.436 17.969
68.330 -163.236 19.503
64.661 -164.037 20.223
61.272 -162.377 20.598
59.264 -163.282 23.652
57.315 -165.606 21.351
60.065 -167.153 19.317
60.981 -164.997 16.359
64.744 -165.353 15.993
67.539 -164.283 13.691
71.286 -164.732 13.662
73.037 -161.451 14.369
76.356 -159.658 14.717
75.616 -158.008 18.034
72.523 -157.460 20.103
71.863 -155.650 23.371
68.780 -156.678 25.255
66.712 -155.461 28.145
66.363 -152.158 29.918
69.285 -150.257 28.413
69.192 -151.940 25.034
68.253 -148.572 23.524
71.318 -146.907 25.027
73.764 -149.611 23.949
72.586 -150.543 20.457
73.245 -147.212 18.701
76.782 -147.288 20.134
77.516 -150.789 18.854
76.172 -149.823 15.436
78.743 -147.047 15.410
81.636 -148.885 16.991
81.176 -152.536 15.934
79.537 -152.168 12.491
81.117 -148.713 11.820
77.842 -147.123 10.664
77.929 -143.444 9.643
81.723 -143.417 9.723
83.547 -142.504 6.489
87.241 -142.269 5.354
88.735 -138.839 6.112
89.116 -136.945 2.855
86.723 -138.873 0.600
83.801 -136.407 0.785
81.785 -139.133 2.552
81.974 -141.341 -0.509
84.038 -144.250 0.878
82.718 -146.098 4.005
85.172 -147.001 6.785
86.357 -150.571 6.034
84.849 -153.316 8.212
87.920 -154.776 10.018
87.059 -157.398 12.589
87.617 -156.927 16.277
89.543 -159.166 18.607
88.106 -160.444 21.869
90.165 -157.821 23.652
88.632 -154.899 21.720
85.094 -156.353 21.999
85.390 -156.583 25.774
86.422 -152.926 25.819
83.214 -152.070 23.984
81.184 -154.242 26.314
82.598 -152.615 29.453
82.115 -149.167 27.997
78.589 -150.027 26.856
77.848 -150.994 30.419
79.453 -148.167 32.335
77.705 -145.718 30.027
74.402 -147.469 30.511
74.972 -147.478 34.244
75.381 -143.724 34.250
72.012 -143.165 32.657
69.738 -146.106 33.461
68.718 -146.693 37.071
68.261 -150.415 36.535
71.754 -151.007 35.254
74.638 -151.330 37.681
76.289 -153.360 40.437
78.195 -155.837 38.315
78.928 -156.985 34.816
79.630 -160.655 34.122
80.849 -161.575 30.656
80.897 -165.132 29.318
83.378 -165.631 26.417
83.191 -168.655 24.080
86.008 -170.008 21.868
87.050 -173.416 20.492
88.710 -173.931 23.882
85.429 -173.568 25.762
83.590 -171.073 27.971
85.589 -168.557 30.048
84.092 -166.043 32.571
85.141 -162.430 33.438
83.581 -160.119 36.084
83.813 -156.375 36.626
82.164 -154.129 39.165
79.752 -151.355 38.150
78.483 -148.345 40.150
76.114 -149.287 42.951
73.827 -146.236 43.029
