26.707 -78.538 36.628
23.299 -80.197 37.298
22.212 -83.847 36.855
20.289 -85.372 33.952
17.470 -86.916 36.000
16.955 -83.905 38.296
13.423 -82.592 38.981
12.519 -78.937 38.554
10.905 -76.967 41.384
7.562 -77.560 39.615
8.013 -81.343 39.544
9.001 -81.741 35.892
12.094 -83.618 34.751
14.345 -81.077 33.098
15.639 -83.262 30.296
12.139 -84.492 29.370
10.684 -80.964 29.095
13.640 -79.787 26.978
13.209 -82.946 24.910
9.662 -81.764 24.200
11.084 -78.512 22.847
13.258 -80.258 20.269
10.113 -81.979 19.041
8.436 -78.613 18.370
11.116 -77.978 15.694
10.358 -81.058 13.647
8.279 -81.686 10.562
4.584 -82.023 11.130
3.062 -85.456 11.196
-0.606 -86.122 11.436
-2.572 -89.269 12.044
-6.338 -89.658 11.795
-8.303 -92.651 13.035
-11.530 -93.746 11.365
-13.472 -97.032 11.273
-11.972 -98.082 7.944
-8.350 -97.357 8.789
-5.903 -94.912 10.360
-4.115 -92.378 8.176
-0.623 -91.145 8.884
0.741 -88.248 6.901
3.965 -86.360 7.268
5.701 -83.281 5.946
8.956 -84.295 4.277
10.779 -80.936 4.561
13.986 -81.308 2.576
16.749 -78.863 3.519
17.650 -78.276 -0.135
16.360 -79.134 -3.668
19.210 -81.553 -4.507
17.944 -83.997 -1.886
16.148 -87.018 -3.321
12.920 -86.756 -1.317
12.033 -90.455 -1.488
14.874 -91.195 0.899
13.186 -89.246 3.682
11.720 -91.933 5.927
9.354 -90.455 8.456
6.634 -93.053 8.190
7.763 -96.631 8.984
6.171 -100.057 9.201
6.463 -101.688 12.605
4.557 -104.819 11.551
1.919 -105.677 8.987
-0.684 -104.238 11.325
1.214 -101.345 12.875
2.888 -98.339 11.339
4.227 -95.124 12.735
5.158 -91.539 11.935
7.866 -89.508 13.595
8.657 -85.908 14.411
11.713 -84.389 16.071
15.278 -85.608 15.954
14.452 -88.387 13.503
17.769 -90.238 13.967
16.739 -90.898 17.591
13.801 -92.939 16.363
15.912 -95.528 14.581
16.653 -97.426 17.771
13.016 -97.010 18.796
11.741 -98.559 15.570
14.230 -101.395 15.947
12.826 -102.106 19.402
9.192 -101.879 18.302
9.753 -104.241 15.380
11.640 -106.746 17.516
8.895 -106.596 20.170
6.185 -107.370 17.666
8.028 -110.211 15.978
9.077 -111.606 19.330
5.479 -111.500 20.505
4.439 -113.454 17.462
7.112 -116.082 18.138
6.190 -116.551 21.799
2.427 -116.415 21.300
1.532 -117.196 17.652
-0.630 -114.056 17.287
-0.354 -110.336 16.518
0.787 -108.017 19.334
-1.887 -105.605 20.501
-1.244 -101.997 19.472
-1.429 -100.700 23.038
1.144 -103.321 24.042
3.478 -102.423 21.238
3.120 -98.771 22.258
3.626 -99.409 25.965
6.772 -101.434 25.173
8.201 -98.483 23.244
7.308 -96.070 26.042
9.132 -98.219 28.581
12.369 -97.100 26.910
11.604 -93.412 27.453
12.796 -92.671 31.020
15.615 -95.289 30.796
18.185 -92.515 30.748
20.592 -91.203 33.355
23.977 -91.493 35.050
23.742 -94.512 37.367
20.216 -93.590 38.533
19.803 -95.915 41.549
16.863 -98.179 40.702
17.898 -100.386 37.728
20.462 -100.144 34.824
19.401 -97.330 32.455
22.131 -96.365 30.017
21.143 -93.697 27.546
22.660 -90.329 28.358
19.490 -88.467 27.503
15.817 -88.875 26.649
14.749 -89.333 23.047
14.254 -86.185 21.024
11.460 -87.491 18.817
7.767 -88.187 19.259
5.934 -90.951 17.512
2.518 -91.525 16.228
1.818 -95.199 16.286
-1.214 -96.417 14.476
-2.506 -99.866 13.851
-5.271 -102.436 14.228
-5.898 -105.416 16.513
-9.002 -107.576 17.111
-9.993 -106.401 20.608
-9.889 -102.587 20.195
-9.957 -102.090 16.438
-8.287 -99.086 14.895
-6.058 -97.071 17.167
-3.712 -94.151 16.979
-1.244 -93.411 19.772
1.096 -90.523 20.525
4.234 -91.736 22.314
6.359 -89.029 24.035
9.912 -89.110 25.529
8.345 -88.723 28.946
7.079 -92.268 28.698
3.437 -91.270 28.635
1.306 -92.144 25.637
-2.303 -91.248 24.898
-4.804 -92.752 22.479
-6.185 -90.155 20.035
-8.923 -90.027 17.425
-6.652 -87.641 15.494
-3.336 -86.043 16.388
-0.715 -83.732 15.031
2.816 -83.376 16.268
5.652 -81.258 14.999
6.099 -77.566 14.223
2.599 -76.910 12.969
0.948 -78.883 15.757
-0.913 -76.182 17.758
-2.491 -74.944 14.552
-3.016 -78.364 13.022
-4.443 -79.857 16.186
-6.965 -77.041 16.242
-8.197 -77.919 12.750
-8.382 -81.640 13.652
-10.474 -80.804 16.719
-13.117 -79.270 14.461
-12.998 -81.585 11.414
-12.998 -85.011 13.141
-16.212 -86.959 13.666
-17.059 -90.592 14.478
-18.090 -91.278 10.900
-15.209 -90.158 8.709
-14.295 -92.306 5.740
-10.785 -93.402 4.851
-10.993 -91.159 1.785
-12.203 -88.229 3.876
-9.396 -88.811 6.394
-6.753 -88.895 3.705
-8.157 -85.597 2.446
-8.120 -83.927 5.819
-4.572 -84.989 6.581
-3.645 -83.610 3.193
-5.518 -80.370 3.785
-4.176 -79.690 7.206
-0.636 -80.560 6.199
-1.173 -78.130 3.342
-2.134 -75.372 5.783
0.754 -75.515 8.270
3.527 -76.262 5.801
5.862 -73.470 4.736
6.267 -74.883 1.237
3.423 -75.642 -1.199
2.274 -79.229 -0.717
2.820 -81.566 -3.629
3.339 -85.311 -3.892
7.098 -84.901 -3.363
7.229 -83.085 -0.037
4.463 -84.861 1.876
3.707 -88.509 2.494
0.519 -90.373 3.348
-0.044 -93.882 4.599
-2.787 -95.858 6.232
-3.308 -99.099 8.026
-6.357 -101.225 7.412
-7.495 -104.614 8.734
-7.586 -106.020 5.205
-4.357 -104.727 3.683
-2.357 -103.733 6.725
0.181 -100.936 6.728
0.895 -99.476 3.299
2.911 -96.355 2.473
1.086 -94.554 -0.383
3.348 -94.177 -3.399
3.660 -90.683 -4.903
1.170 -91.373 -7.715
-1.643 -92.348 -5.372
-1.059 -89.171 -3.367
-0.800 -86.784 -6.340
-4.310 -87.920 -7.349
-5.495 -87.260 -3.812
-3.866 -83.809 -3.766
-5.556 -82.983 -7.095
-8.854 -84.235 -5.652
-8.226 -81.740 -2.856
-7.523 -78.644 -5.021
-10.913 -79.312 -6.540
-12.900 -79.954 -3.371
-11.521 -76.773 -1.747
-12.181 -74.678 -4.847
-15.972 -74.779 -4.363
-17.013 -72.845 -1.213
