6.156 65.991 13.312
3.484 66.697 15.871
0.621 67.497 13.524
-1.993 65.052 12.303
-1.221 63.761 8.842
-4.092 65.227 6.871
-5.135 63.435 3.716
-8.020 61.875 1.857
-8.545 58.169 2.043
-9.295 56.693 -1.331
-10.791 53.271 -1.662
-12.881 51.405 -4.214
-13.459 52.911 -7.639
-11.014 55.576 -6.547
-13.808 56.859 -4.346
-13.189 58.728 -1.135
-14.178 57.969 2.427
-16.564 60.696 3.541
-18.006 61.560 6.932
-21.281 63.258 7.750
-22.241 63.265 11.409
-21.555 59.844 12.903
-21.862 58.182 9.497
-19.050 57.414 7.063
-19.496 56.071 3.545
-17.770 56.124 0.151
-18.393 59.062 -2.181
-16.741 60.385 -5.383
-13.741 62.548 -4.544
-14.173 66.349 -4.765
-11.285 68.879 -4.465
-13.131 71.085 -1.943
-15.188 68.740 0.277
-13.882 68.847 3.867
-15.987 65.782 4.590
-13.384 63.813 2.640
-10.473 65.193 4.674
-9.016 62.861 7.287
-6.459 63.595 9.977
-4.327 60.597 10.830
-3.303 61.023 14.466
-0.108 59.530 15.851
-2.270 57.565 18.267
-3.586 55.458 15.392
-6.913 57.234 15.181
-8.538 58.401 11.958
-10.430 61.598 12.503
-12.657 63.676 10.231
-11.082 67.078 9.711
-14.557 68.537 10.306
-14.438 67.409 13.925
-11.183 66.125 15.399
-13.044 65.195 18.552
-14.589 62.271 16.648
-13.150 58.942 15.549
-13.430 56.349 12.831
-14.939 53.777 15.145
-16.057 50.160 14.999
-18.368 49.604 18.019
-17.898 45.822 17.761
-15.207 43.284 16.867
-17.230 40.968 14.616
-17.631 40.691 10.863
-20.163 42.938 9.229
-19.897 45.490 11.997
-20.624 48.754 10.224
-18.002 51.435 10.974
-19.145 54.804 12.361
-17.811 58.248 13.331
-17.938 58.289 17.152
-16.441 60.389 19.941
-12.767 59.583 20.565
-13.082 60.035 24.316
-12.848 56.235 24.834
-9.658 55.977 22.785
-10.805 52.359 22.460
-9.329 49.530 20.478
-12.065 50.000 17.909
-10.801 53.523 17.248
-7.125 52.771 16.618
-6.262 51.772 13.080
-3.233 50.525 11.271
-2.558 51.181 7.588
-0.931 47.936 6.498
1.617 47.464 3.727
-1.042 45.620 1.739
-3.265 48.675 1.355
-5.720 47.583 4.044
-6.672 49.579 7.118
-6.487 47.089 9.943
-7.785 47.098 13.497
-4.967 45.500 15.497
-7.346 44.402 18.234
-9.998 42.359 16.358
-7.838 41.783 13.299
-10.494 42.851 10.811
-9.963 45.351 8.053
-11.976 48.170 6.610
-14.179 46.919 3.830
-16.732 48.550 1.505
-19.543 46.030 2.014
-20.730 44.190 -1.118
-17.997 46.171 -2.965
-20.969 48.448 -3.359
-20.425 52.102 -2.391
-24.138 52.644 -3.044
-24.796 50.851 0.229
-23.087 53.802 1.942
-21.519 51.353 4.373
-17.940 50.557 5.209
-17.581 47.599 7.510
-14.924 45.515 9.244
-14.389 42.152 7.614
-11.818 39.353 7.613
-8.996 40.384 5.302
-9.260 38.972 1.768
-7.319 41.590 -0.212
-9.909 42.539 -2.784
-9.990 46.148 -3.992
-12.996 46.818 -1.755
-10.611 46.373 1.192
-7.860 48.402 -0.480
-7.276 51.966 0.590
-4.772 54.664 -0.180
-4.055 57.824 1.838
-3.949 60.127 -1.144
-2.325 63.250 0.298
