-17.578 -131.496 24.307
-17.488 -134.569 22.124
-19.800 -133.148 19.448
-17.470 -130.108 19.350
-14.422 -132.249 18.506
-15.971 -134.306 15.684
-16.358 -130.764 14.308
-12.671 -129.745 14.448
-11.727 -132.854 12.462
-13.852 -131.413 9.624
-11.227 -128.779 8.776
-7.563 -118.071 4.279
-9.610 -119.685 1.502
-12.267 -121.077 3.865
-15.658 -119.296 3.974
-18.113 -117.845 6.466
-20.077 -120.887 5.388
-17.467 -123.209 6.968
-18.064 -121.367 10.251
-21.846 -121.603 9.971
-21.289 -125.386 9.801
-18.524 -125.792 12.394
-20.873 -124.226 14.968
-23.432 -126.914 14.049
