-30.400 67.854 18.819
-33.995 66.692 19.431
-36.872 66.507 16.934
-37.860 69.977 18.104
-34.528 71.597 17.129
-34.363 69.688 13.791
-36.672 71.877 11.719
-35.150 72.770 8.363
-34.229 76.391 7.738
-34.924 76.772 3.999
-33.133 80.153 3.903
-29.705 78.569 3.389
-27.521 77.318 0.496
-28.405 73.789 -0.685
-25.136 72.513 0.800
-25.961 73.714 4.311
-29.448 72.208 3.967
-27.786 68.966 2.853
-25.431 69.148 5.877
-28.407 69.856 8.188
-30.376 66.829 6.933
-27.410 64.448 7.069
-26.323 65.895 10.394
-29.705 64.838 11.810
-29.820 61.704 9.783
-31.446 59.028 11.355
-31.799 60.535 14.830
-33.581 62.826 15.284
-34.588 63.325 11.608
-34.661 66.692 9.819
-38.166 67.838 8.906
-40.478 70.522 7.549
-44.231 71.172 7.649
-45.923 70.386 4.334
-48.969 68.353 3.223
-50.507 68.915 6.633
-47.694 67.265 8.551
-44.067 67.052 9.609
-42.152 65.565 6.717
-38.878 63.899 7.723
-36.031 63.542 5.247
-33.349 60.855 5.031
-30.497 60.017 2.643
-29.673 63.432 1.181
-27.048 63.989 -1.520
-25.752 67.023 -3.469
-24.744 64.871 -6.436
-27.643 65.748 -8.759
-25.453 65.738 -11.890
-27.438 64.122 -14.705
-30.600 63.723 -12.620
-33.942 64.683 -14.248
-36.258 67.314 -12.666
-39.452 65.610 -13.945
-42.595 64.626 -12.098
-44.913 66.031 -9.498
-44.178 69.231 -7.600
-44.293 69.118 -3.796
-45.101 72.467 -2.137
-43.054 73.491 0.900
-43.823 76.640 2.902
-40.485 78.423 3.366
-38.483 76.813 0.537
-37.042 78.925 -2.317
-38.574 76.540 -4.869
-41.202 73.785 -4.352
-39.201 70.705 -5.260
-40.120 67.792 -7.356
-40.830 64.160 -6.639
-38.808 62.395 -9.316
-38.126 58.743 -9.982
-34.728 59.134 -8.220
-36.147 60.877 -5.132
-37.119 64.372 -4.027
-35.202 67.308 -5.504
-34.811 70.272 -3.140
-33.569 73.839 -3.515
-31.462 76.257 -1.456
-31.773 80.070 -1.336
-28.973 79.862 -3.928
-31.249 77.710 -6.122
-28.788 74.800 -6.138
-30.281 71.323 -5.785
-30.126 68.505 -3.309
-31.702 65.075 -3.480
-33.559 63.396 -0.642
-33.958 59.671 -1.307
-36.232 58.768 1.646
-39.191 60.418 3.402
-41.067 59.434 6.549
-44.610 60.717 7.085
-45.766 62.081 10.458
-47.789 58.905 11.051
-44.614 56.795 10.818
-44.791 55.494 7.232
-41.319 55.055 5.683
-40.893 55.325 1.885
-38.510 55.999 -1.007
-39.063 59.690 -1.761
-39.791 58.680 -5.398
-43.223 57.332 -4.430
-44.514 60.223 -2.341
-47.592 60.276 -4.592
-47.235 56.462 -4.698
