59.170 47.332 -0.551
55.541 47.812 0.442
54.605 45.485 -2.465
56.367 42.538 -0.852
55.123 43.450 2.608
51.529 43.717 1.388
51.722 40.342 -0.362
53.247 38.684 2.732
50.452 40.073 4.878
47.804 38.699 2.480
49.583 35.322 2.377
49.871 34.961 6.172
46.834 36.837 7.567
44.349 36.653 4.701
43.824 40.422 5.088
44.192 43.517 2.943
47.306 45.213 4.325
46.161 48.760 3.569
42.615 48.552 4.910
43.331 46.293 7.905
46.821 47.503 8.951
47.414 50.837 7.183
46.179 52.720 10.220
45.869 50.499 13.271
46.670 51.464 16.827
49.697 53.558 17.699
52.236 51.792 15.459
50.662 50.313 12.318
50.951 52.918 9.536
52.808 55.963 8.278
53.512 58.428 11.060
52.138 56.147 13.807
54.171 56.214 17.037
53.159 55.418 20.574
52.895 52.655 23.105
51.186 49.575 21.616
47.488 49.163 22.399
47.447 45.389 21.812
49.456 42.487 20.340
48.747 43.436 16.716
49.970 46.972 17.418
53.037 45.537 19.165
53.812 43.590 15.983
53.959 46.903 14.114
56.141 48.487 16.779
58.648 45.639 16.583
58.537 45.885 12.769
59.419 49.567 12.754
62.207 48.975 15.268
63.486 46.256 12.937
63.637 48.172 9.687
64.428 51.637 11.000
67.922 50.531 12.017
68.823 49.743 8.386
70.813 52.484 6.682
71.705 51.127 3.270
68.344 50.665 1.566
64.728 51.889 1.634
61.911 49.896 3.253
59.129 51.522 1.277
60.394 51.433 -2.300
63.252 48.946 -2.709
61.964 45.622 -3.983
63.473 42.346 -2.904
63.192 38.660 -3.755
61.283 36.188 -1.603
59.293 33.010 -2.176
55.991 31.825 -0.703
57.073 28.166 -0.648
55.243 25.355 1.153
52.871 27.942 2.617
55.637 29.959 4.332
57.921 32.914 3.562
61.528 32.424 2.508
63.773 35.469 2.060
65.868 34.806 -1.068
67.566 38.141 -1.394
71.271 38.668 -2.186
71.478 42.333 -1.163
72.324 42.127 2.584
70.264 45.223 3.458
67.285 44.010 1.430
67.585 40.561 3.036
67.247 42.283 6.430
64.231 44.257 5.121
62.720 40.990 4.009
63.293 39.427 7.436
61.606 42.388 9.132
58.619 42.085 6.787
58.389 38.296 7.136
58.407 38.725 10.920
55.580 41.235 10.982
53.424 39.142 8.630
53.865 36.090 10.872
53.313 38.177 14.000
50.096 39.711 12.666
48.838 36.255 11.689
49.636 34.765 15.113
47.711 37.630 16.762
44.582 37.620 14.598
42.667 36.303 17.621
42.822 39.739 19.289
42.586 41.987 16.204
40.111 44.746 17.118
38.561 47.080 14.524
38.289 49.880 17.143
42.008 50.598 16.648
41.484 51.570 12.984
40.081 55.019 13.990
42.638 57.460 15.482
40.050 59.504 17.425
38.743 56.429 19.309
41.896 55.931 21.439
44.884 57.673 23.031
48.572 56.956 22.461
51.031 57.081 25.360
54.694 57.975 24.826
56.619 55.386 22.749
58.690 52.761 24.532
62.261 52.038 23.428
63.016 49.356 20.838
