25.715 37.601 -10.819
26.761 34.575 -12.910
27.352 30.910 -12.185
29.167 29.001 -14.934
28.352 25.326 -15.019
29.323 22.932 -17.864
29.890 25.886 -20.207
26.627 27.622 -19.450
26.623 31.102 -17.945
23.639 30.975 -15.608
22.059 34.063 -14.044
21.893 34.390 -10.255
20.251 37.100 -8.214
22.228 38.990 -5.548
21.169 36.413 -2.918
22.635 33.594 -5.050
19.380 32.103 -6.372
19.248 30.655 -9.883
17.048 32.876 -12.071
17.547 30.476 -15.002
15.817 27.863 -12.793
14.921 25.676 -15.783
18.691 25.050 -16.285
19.075 23.299 -12.925
20.477 19.779 -12.705
22.528 17.865 -10.162
25.811 19.451 -11.289
24.314 22.906 -10.939
23.153 21.921 -7.430
26.724 20.947 -6.568
28.037 24.283 -7.861
25.424 26.152 -5.800
26.304 24.090 -2.687
29.970 25.066 -3.071
29.313 28.761 -3.997
31.232 30.616 -1.278
30.061 33.953 -2.668
26.761 33.188 -1.039
27.690 31.029 1.945
30.573 30.934 4.423
29.968 27.207 5.035
29.878 25.359 1.697
28.128 22.005 1.883
28.826 18.405 1.010
25.565 17.000 -0.373
25.074 13.666 1.432
22.178 11.290 0.788
20.226 13.194 3.454
20.775 16.525 1.692
19.753 15.011 -1.653
16.457 13.659 -0.211
15.571 17.173 0.906
16.714 18.828 -2.338
14.718 16.381 -4.448
11.562 16.980 -2.424
11.947 20.737 -2.568
12.591 20.761 -6.306
9.658 18.439 -7.016
7.344 20.539 -4.863
8.393 23.693 -6.670
7.834 22.169 -10.135
4.400 20.775 -9.131
2.994 23.470 -6.983
4.925 26.511 -8.313
6.456 27.846 -5.098
8.820 26.709 -2.354
7.154 24.576 0.309
6.794 25.936 3.816
9.330 24.743 6.371
6.461 22.731 7.957
6.327 20.526 4.829
10.078 20.126 4.657
10.104 18.914 8.293
7.188 16.567 7.553
9.318 14.974 4.749
12.566 14.896 6.727
10.742 12.937 9.473
9.621 10.176 7.092
12.510 9.957 4.728
15.614 11.160 6.682
15.154 10.413 10.424
12.007 10.355 12.670
13.518 12.783 15.126
14.225 15.308 12.400
13.654 18.859 13.509
14.719 22.421 12.700
18.105 21.915 14.392
18.826 18.997 12.087
17.726 20.917 8.988
20.167 23.701 9.954
22.945 21.135 10.558
22.426 20.002 6.951
21.811 23.503 5.543
23.639 25.956 7.827
22.016 29.120 6.489
18.648 27.469 6.728
16.069 25.948 4.419
15.362 29.187 2.550
18.857 30.566 2.022
20.623 27.233 1.484
18.202 24.409 0.625
15.924 26.333 -1.771
19.000 27.963 -3.335
20.776 24.632 -3.911
17.539 23.141 -5.313
17.605 25.792 -8.035
14.552 27.802 -7.105
14.621 31.395 -8.344
13.500 32.807 -4.985
13.012 31.544 -1.433
9.519 33.041 -1.341
7.189 30.946 0.835
9.884 28.840 2.558
8.835 29.931 6.003
