-11.663 35.505 32.484
-9.728 38.123 30.555
-7.008 36.661 28.406
-4.491 38.721 26.470
-2.386 37.803 23.493
0.523 40.132 22.759
2.346 40.006 19.458
5.538 37.836 19.616
8.517 40.152 19.466
11.334 37.663 19.449
13.347 37.816 16.242
11.951 35.620 13.488
9.104 34.378 15.685
5.889 34.420 13.656
3.690 32.167 15.610
0.955 33.491 17.904
-0.367 32.352 21.298
-3.940 31.701 20.081
-5.409 31.149 16.710
-8.844 32.447 15.700
-10.440 29.028 16.205
-9.062 28.906 19.701
-10.304 32.329 20.443
-13.770 31.371 19.307
-13.816 28.427 21.710
-12.652 30.489 24.647
-15.230 33.149 23.922
-17.980 30.475 23.717
-16.979 29.526 27.278
-17.712 33.031 28.626
-14.164 34.294 28.514
-12.998 37.479 26.913
-9.833 37.760 24.847
-7.734 40.742 23.942
-5.254 40.453 21.151
-2.707 42.961 20.019
-3.318 44.122 16.478
-1.078 42.317 13.923
-0.326 39.605 16.531
-1.543 36.842 14.131
-0.394 38.286 10.908
2.912 36.331 10.607
0.910 33.107 11.022
-1.653 34.162 8.422
-4.453 35.376 10.794
-5.711 38.910 10.240
-7.283 41.017 12.955
-10.714 40.608 11.272
-10.284 36.929 11.635
-9.917 37.602 15.330
-12.867 39.913 15.328
-15.195 37.349 13.756
-14.109 34.953 16.475
-15.087 37.266 19.367
-11.809 38.888 20.255
-11.331 42.491 21.054
-8.318 43.642 19.049
-6.046 45.868 21.143
-3.752 48.557 19.700
-0.795 47.947 22.005
1.190 45.260 23.786
0.501 47.047 27.065
-3.175 46.441 26.478
-2.496 42.765 25.822
-0.177 42.301 28.845
-2.509 43.964 31.272
-4.702 40.869 31.530
-5.150 38.160 34.149
-3.842 35.544 31.783
-1.252 35.989 29.166
-0.957 33.245 26.564
2.224 33.405 24.421
4.592 31.210 22.394
8.111 32.457 23.496
9.510 33.712 26.761
9.107 37.337 27.770
11.958 39.532 26.737
13.525 42.432 28.717
11.625 44.933 26.595
8.450 43.407 28.104
9.664 43.166 31.655
7.784 46.324 32.662
4.531 45.054 31.092
4.200 42.150 33.449
1.899 42.412 36.470
1.786 40.948 39.960
-1.150 38.604 39.913
-0.886 37.334 36.320
-0.983 33.867 35.029
1.663 33.461 32.328
1.546 30.429 30.005
4.188 30.048 27.295
7.472 28.315 26.510
9.951 29.551 29.162
13.136 27.436 29.273
14.093 28.963 32.629
17.076 26.634 33.153
18.789 28.732 30.550
17.707 32.214 31.709
18.795 33.319 35.173
17.653 36.886 34.678
14.250 35.999 33.290
13.862 33.618 36.192
14.799 36.327 38.655
12.584 38.747 36.814
9.547 36.526 37.147
10.416 36.028 40.767
10.491 39.781 41.460
7.119 40.463 39.887
5.341 37.600 41.697
3.095 36.282 38.879
2.593 32.575 38.410
4.383 31.241 35.371
3.443 27.955 33.749
5.871 26.619 31.125
4.506 24.632 28.150
7.577 22.464 28.125
7.172 21.129 31.693
3.476 20.279 31.698
4.002 16.548 32.100
1.935 13.386 32.039
2.275 10.358 34.275
4.100 8.718 31.379
6.588 11.508 31.609
5.452 12.545 28.124
5.471 16.283 27.461
2.290 16.800 25.536
3.054 20.418 24.722
6.438 19.820 23.073
5.435 16.871 20.884
3.578 18.920 18.321
6.740 20.842 17.653
8.867 17.718 17.574
6.658 16.201 14.886
6.993 19.317 12.741
5.719 27.169 9.150
3.888 29.453 11.627
0.440 28.809 10.158
0.748 25.059 10.633
2.745 25.360 13.952
0.319 27.739 15.682
-2.621 25.399 15.118
-0.673 22.325 16.088
0.356 24.003 19.331
-3.130 25.311 20.079
-4.662 21.926 19.521
-2.627 20.791 22.428
-2.575 23.849 24.707
-6.200 24.623 24.266
-7.726 22.294 26.860
-5.210 23.711 29.370
-5.910 27.280 28.534
-9.598 26.668 29.074
-9.063 24.928 32.436
-6.953 27.798 33.621
-9.508 30.296 32.387
-12.218 28.454 34.233
-10.612 27.358 37.491
-7.820 29.873 37.612
-5.227 28.686 40.116
-7.301 25.749 41.417
-6.703 23.934 38.161
-3.250 23.152 39.447
-4.843 21.035 42.156
-7.201 19.332 39.801
-4.526 18.823 37.108
-1.310 17.052 37.845
0.188 17.808 34.424
-0.529 21.458 34.883
0.808 21.326 38.407
4.055 20.052 36.867
4.094 22.962 34.462
4.255 25.447 37.327
7.682 27.045 37.394
7.355 30.268 39.450
4.751 31.514 41.864
4.499 34.201 44.477
8.170 35.091 44.084
9.269 31.507 44.662
10.962 29.266 42.117
8.810 26.089 42.347
10.186 23.959 39.586
12.351 21.172 40.898
14.475 20.939 37.799
15.067 24.659 37.679
15.910 24.801 41.361
18.550 22.211 40.679
19.961 24.707 38.208
19.742 27.766 40.407
20.065 26.011 43.763
20.593 29.425 45.350
17.462 30.659 43.771
15.430 28.112 45.709
