29.811 63.019 10.459
26.385 61.906 9.268
26.725 59.567 6.305
24.246 60.446 3.578
21.881 57.910 1.954
23.169 55.716 -0.875
26.724 56.682 0.220
29.539 54.590 1.751
32.251 55.267 4.368
34.842 53.066 6.122
35.425 53.284 9.866
38.585 52.013 11.556
38.618 51.048 15.231
41.612 49.824 17.210
40.440 47.436 19.953
42.644 48.701 22.827
43.218 46.929 26.139
40.790 49.407 27.722
38.055 47.658 25.743
38.978 44.075 26.556
37.725 42.020 29.558
39.351 41.564 32.956
42.476 39.546 33.750
40.507 36.894 35.680
37.216 35.802 34.101
34.947 35.803 31.056
37.086 35.616 27.935
34.991 38.265 26.215
33.376 41.637 27.120
30.272 43.296 25.678
29.813 46.766 24.193
27.504 48.047 21.488
27.487 49.963 18.225
24.623 52.071 16.839
23.921 55.103 14.670
24.831 58.328 16.420
23.499 61.131 14.199
20.638 61.177 16.721
21.247 58.327 19.203
17.790 58.081 20.782
15.683 58.574 17.637
18.039 56.192 15.888
18.300 53.340 18.355
14.506 53.464 18.637
14.362 53.155 14.869
16.334 49.907 14.984
20.003 50.774 14.390
21.826 48.938 17.149
24.077 45.892 17.322
26.346 43.931 19.700
30.118 44.588 19.709
32.297 42.022 21.487
35.947 42.361 22.491
37.772 39.181 23.582
41.282 38.577 24.852
43.834 37.169 22.400
43.194 33.564 21.416
39.482 33.481 22.124
38.360 33.740 18.501
38.971 31.079 15.861
40.271 31.457 12.279
36.710 32.497 11.341
35.995 34.629 14.485
33.709 32.696 16.912
34.244 31.587 20.535
35.460 27.946 20.874
36.046 27.547 24.619
