11.675 -0.289 4.759
10.076 -0.009 8.132
6.494 -0.612 9.167
6.389 3.173 9.241
7.405 3.477 5.626
4.234 1.566 4.770
2.400 3.933 7.092
3.355 6.839 4.864
1.609 4.793 2.198
-1.602 3.661 3.870
-1.892 6.339 6.581
-2.186 8.956 3.860
-4.674 6.942 1.859
-6.724 6.081 4.967
-8.350 9.509 4.627
-10.041 8.141 1.554
-9.553 4.436 2.082
-11.665 4.642 5.236
-13.551 7.848 4.526
-13.511 8.581 0.808
-13.075 12.331 0.749
-10.414 12.653 -1.936
-7.091 11.132 -3.014
-4.253 13.554 -2.200
-0.838 13.568 -3.979
0.399 12.382 -0.598
-1.395 9.070 -0.539
-0.348 8.534 -4.156
3.261 9.407 -3.421
3.451 7.094 -0.408
1.823 4.255 -2.318
4.076 4.697 -5.330
6.952 4.998 -2.862
6.352 1.628 -1.197
5.780 0.135 -4.638
8.396 1.734 -6.887
10.681 3.689 -4.579
11.039 0.625 -2.354
13.877 -0.482 -4.646
15.385 -3.249 -2.534
14.332 -6.856 -2.023
13.860 -6.201 1.684
11.867 -3.139 0.674
9.575 -5.410 -1.331
9.071 -8.629 0.601
9.249 -7.080 4.065
7.211 -4.053 2.991
4.331 -6.348 2.084
4.759 -8.076 5.447
3.881 -4.678 6.966
1.109 -3.907 4.487
-0.719 -6.864 6.028
-1.259 -5.191 9.419
-1.437 -1.706 7.961
-4.317 -2.867 5.780
-5.292 -4.877 8.825
-5.607 -1.739 10.921
-8.670 -0.984 8.808
-11.295 0.152 11.313
-14.418 1.163 9.429
-12.520 0.928 6.166
-13.745 0.474 2.596
-12.319 -2.511 0.651
-13.383 -0.973 -2.655
-10.896 1.830 -1.974
-8.121 -0.690 -1.317
-7.981 -1.649 -4.988
-8.560 1.973 -5.969
-5.561 2.931 -3.842
-2.851 1.794 -6.363
-4.984 2.814 -9.328
-5.349 6.455 -8.315
-1.576 6.964 -8.100
-0.875 5.078 -11.309
0.862 1.990 -10.013
-0.514 -1.220 -11.497
1.514 -3.672 -9.435
1.577 -7.487 -9.977
0.892 -8.276 -6.319
-2.116 -6.585 -4.742
-3.198 -4.640 -1.677
-4.585 -7.923 -0.373
-3.703 -8.714 3.233
-2.643 -12.167 2.055
-1.223 -11.524 -1.421
1.828 -13.604 -0.368
4.822 -11.377 0.259
7.723 -13.806 -0.217
7.053 -15.128 -3.726
6.873 -11.582 -5.100
10.671 -11.509 -5.291
