29.528 4.835 41.019
30.299 3.352 37.573
27.190 3.251 35.410
25.711 -0.054 34.360
24.384 -0.320 30.787
22.109 -3.339 30.210
22.542 -4.674 26.668
20.837 -7.372 24.600
22.864 -8.912 21.782
20.096 -9.230 19.214
22.879 -10.633 17.008
25.011 -12.781 19.287
27.464 -13.473 16.446
28.960 -9.997 17.106
31.300 -9.178 20.005
29.937 -7.043 22.809
30.787 -3.379 22.135
34.003 -2.401 23.976
36.252 0.595 24.567
39.302 0.352 22.277
41.595 1.724 25.042
41.187 2.567 28.781
39.629 5.997 29.347
38.005 6.021 25.883
34.679 7.815 25.893
32.796 5.385 23.681
32.332 1.705 22.997
32.558 0.728 19.315
29.430 -0.536 17.614
29.613 -3.305 15.033
27.803 -3.692 11.772
25.532 -6.785 11.639
25.547 -6.558 7.835
27.527 -6.260 4.666
26.691 -2.953 2.966
28.170 -1.120 -0.073
27.606 2.635 -0.256
28.118 4.322 -3.615
29.247 7.965 -3.414
26.520 10.062 -1.856
24.343 7.141 -0.770
23.185 6.358 2.753
21.962 3.220 4.532
20.358 2.418 7.868
22.655 -0.266 9.275
21.758 -2.679 12.071
24.274 -2.970 14.925
22.869 -6.145 16.522
22.410 -4.559 19.964
19.688 -2.993 22.076
20.503 -1.062 25.254
18.757 0.441 28.264
20.240 3.905 28.734
19.396 4.935 32.304
16.783 7.574 32.976
18.542 10.934 33.255
21.054 9.871 30.589
21.364 9.735 26.814
23.268 7.448 24.416
25.099 9.245 21.636
26.179 7.622 18.346
29.315 9.282 16.965
31.330 8.530 13.794
34.835 7.059 14.002
37.561 9.475 12.892
39.672 7.041 10.855
37.008 5.980 8.385
35.774 9.586 8.209
39.102 10.786 6.908
40.252 7.740 4.944
37.063 7.045 3.006
34.584 9.833 3.811
32.285 7.724 6.020
29.862 9.791 8.072
26.529 9.504 9.862
23.566 11.512 8.551
21.971 12.260 11.923
25.239 12.512 13.886
25.319 12.614 16.799
22.515 10.044 16.939
20.380 10.373 20.057
19.446 7.159 21.908
16.772 7.881 24.458
16.459 6.319 27.899
13.084 4.702 27.044
14.272 3.152 23.762
14.410 -0.629 23.722
14.745 -1.277 19.984
17.847 -2.124 17.995
20.439 0.664 17.633
20.739 1.543 13.937
23.410 3.730 12.304
22.625 6.003 9.371
25.876 5.674 7.437
26.550 7.924 4.456
29.386 8.037 1.910
30.573 11.653 1.616
33.338 10.770 -0.859
32.687 12.013 -4.419
33.926 8.924 -6.269
34.969 5.854 -4.276
32.349 3.407 -2.911
32.590 2.311 0.746
32.289 -1.385 1.608
31.188 -2.234 5.126
31.544 -5.840 6.233
29.629 -7.616 8.960
31.792 -7.379 12.081
33.385 -4.020 11.188
33.294 -1.240 13.827
31.248 1.499 12.199
30.434 3.967 15.004
30.939 4.576 18.724
28.396 4.871 21.534
28.863 7.342 24.382
26.615 7.627 27.458
26.212 10.981 29.170
23.928 12.632 31.715
21.350 14.982 30.211
19.264 17.714 31.879
15.610 16.837 31.497
14.596 20.454 31.446
11.398 22.075 32.468
10.621 24.849 29.980
9.279 28.045 31.484
7.770 30.363 28.946
8.518 34.013 29.675
7.448 37.162 27.827
11.056 38.402 27.730
14.349 37.383 29.406
14.431 40.401 31.647
11.269 38.944 33.234
13.198 35.821 34.184
16.094 38.073 35.290
18.236 36.897 32.382
18.774 39.671 29.834
22.180 41.408 29.740
24.859 39.004 28.509
28.299 38.481 26.978
26.573 37.976 23.647
22.983 39.184 23.480
20.900 37.943 20.508
24.223 37.538 18.666
25.937 34.430 17.383
