30.703 -1.576 20.412
30.798 1.124 17.722
27.085 1.961 18.112
28.371 4.529 20.607
32.169 4.820 20.159
31.956 5.456 16.438
34.623 4.367 13.996
38.146 5.221 12.798
38.288 7.017 9.447
37.692 4.720 6.514
35.315 2.539 8.476
31.769 2.674 9.763
29.691 0.867 12.340
28.077 -2.486 11.563
24.820 -2.460 13.463
24.631 -6.220 13.559
28.100 -7.064 14.885
28.755 -3.691 16.499
32.233 -3.769 14.952
33.676 -1.135 12.538
33.849 -3.418 9.538
31.771 -1.282 7.193
33.080 1.106 4.587
30.761 3.939 5.472
28.359 6.024 3.397
30.154 7.652 0.451
27.927 10.722 0.641
26.515 13.476 2.831
22.846 13.161 1.864
20.265 14.169 4.495
17.940 11.185 5.032
14.951 12.009 7.329
14.724 8.372 8.397
18.397 7.512 8.080
20.322 5.358 5.591
19.332 1.908 4.405
21.552 -0.951 5.397
22.649 -4.130 3.700
21.208 -7.253 5.332
24.719 -7.830 6.766
24.551 -4.519 8.612
26.294 -1.709 6.684
24.776 1.703 5.771
24.828 2.884 2.189
23.748 6.136 0.567
20.043 5.522 -0.032
17.347 6.902 2.329
15.003 4.604 4.282
11.370 5.001 3.378
10.181 4.588 7.014
11.889 4.774 10.446
13.771 1.850 12.032
