3.463 -6.829 -4.153
3.343 -8.497 -0.838
5.999 -10.140 1.312
4.665 -12.158 4.271
6.934 -13.696 6.901
6.122 -16.647 9.092
7.470 -19.010 11.664
8.519 -16.693 14.462
8.148 -17.666 18.134
9.698 -17.991 21.604
12.751 -20.224 21.891
15.365 -20.936 24.581
19.033 -20.406 23.936
20.307 -23.367 21.913
17.015 -23.419 20.123
16.315 -23.739 16.416
13.498 -22.456 14.119
12.683 -21.822 10.529
11.101 -18.717 9.170
9.321 -18.533 5.915
8.489 -15.640 3.604
6.195 -15.809 0.631
6.247 -13.181 -2.088
3.474 -12.266 -4.447
2.518 -9.640 -6.979
5.913 -9.716 -8.804
8.478 -12.086 -10.239
10.182 -13.315 -7.097
12.574 -15.473 -9.198
14.160 -12.317 -10.733
15.442 -10.727 -7.515
17.751 -11.575 -4.714
16.133 -11.752 -1.269
17.586 -10.755 2.175
16.755 -11.238 5.831
17.074 -8.206 8.049
16.186 -8.134 11.784
15.146 -5.313 14.106
16.190 -5.352 17.844
15.899 -2.545 20.545
19.603 -2.677 21.457
20.694 -2.812 17.802
18.269 -1.095 15.433
18.439 -2.758 11.923
20.884 -5.550 11.294
21.327 -7.309 7.968
21.538 -10.996 8.431
21.687 -12.816 5.031
21.163 -12.558 1.264
20.504 -15.187 -1.426
20.994 -14.629 -5.120
19.300 -16.095 -8.199
19.023 -19.580 -9.558
21.525 -18.526 -12.237
23.890 -17.552 -9.399
23.553 -21.171 -8.120
21.467 -19.805 -5.191
24.694 -18.199 -3.833
24.500 -16.552 -0.372
26.265 -14.223 2.005
25.875 -13.909 5.761
26.639 -11.382 8.424
29.557 -12.439 10.577
27.304 -12.651 13.691
25.239 -15.311 12.066
27.688 -17.213 9.966
27.700 -20.919 10.761
24.336 -20.780 12.624
21.905 -19.393 10.055
21.135 -20.635 6.488
19.048 -18.766 3.956
17.478 -20.679 1.081
14.771 -20.200 -1.545
12.275 -22.064 -3.477
11.183 -20.241 -6.506
8.521 -22.992 -7.159
6.859 -21.536 -4.058
7.840 -17.868 -4.412
9.328 -18.216 -0.955
12.553 -17.452 0.903
13.408 -19.077 4.283
15.756 -18.731 7.274
16.809 -21.750 9.279
18.239 -20.590 12.561
20.234 -22.884 14.806
22.093 -22.461 18.068
19.930 -19.385 18.761
21.172 -16.854 21.323
19.259 -14.191 23.263
21.087 -11.588 21.103
19.166 -13.055 18.066
15.948 -11.788 19.506
14.200 -9.359 17.178
11.638 -8.868 14.444
12.766 -10.682 11.279
11.882 -9.261 7.869
12.499 -10.597 4.354
13.120 -7.666 2.031
14.395 -7.122 -1.486
14.454 -5.327 -4.858
16.722 -2.351 -5.505
17.931 -3.133 -2.860
15.365 -3.030 -0.021
12.252 -1.628 -1.609
9.998 -4.423 -0.366
9.710 -5.489 3.242
7.304 -7.969 4.775
5.373 -7.251 8.007
8.029 -9.065 10.056
7.855 -12.055 12.387
9.039 -11.937 16.025
11.605 -14.332 17.261
12.306 -14.238 21.009
15.217 -16.191 22.409
15.002 -16.385 26.179
15.786 -18.966 28.831
