-30.002 95.493 16.394
-33.266 97.053 15.202
-33.090 98.685 11.764
-35.288 101.007 9.724
-34.856 99.087 6.499
-33.293 95.923 5.116
-33.736 94.873 1.519
-31.805 93.234 -1.273
-31.286 95.809 -4.008
-29.223 93.520 -6.253
-29.657 89.747 -6.532
-28.031 87.032 -8.655
-27.766 83.279 -8.182
-24.802 83.480 -10.550
-23.045 86.027 -8.328
-23.510 88.617 -11.080
-23.526 91.610 -8.728
-20.538 92.577 -6.604
-18.510 95.538 -5.375
-21.093 97.937 -3.881
-20.690 101.717 -3.743
-23.140 104.047 -2.032
-23.537 107.800 -2.404
-25.850 110.127 -0.481
-27.104 113.323 -2.149
-27.888 115.747 0.728
-30.037 118.192 -1.217
-32.143 115.594 -3.018
-32.120 113.363 0.070
-31.536 110.390 -2.193
-29.051 107.556 -2.545
-27.236 106.177 -5.552
-26.393 102.488 -5.174
-23.763 101.263 -7.645
-22.488 97.754 -8.294
-20.475 95.817 -10.833
-22.527 93.505 -13.046
-20.636 90.573 -14.558
-18.307 92.670 -20.568
-18.400 93.804 -16.947
-20.292 97.062 -16.483
-21.490 99.313 -13.687
-25.172 99.363 -12.763
-27.070 101.793 -10.588
-30.282 102.126 -8.612
-31.570 105.488 -7.422
-33.450 105.647 -4.138
-35.303 108.543 -2.541
-35.598 108.834 1.226
-39.343 109.005 1.812
-39.593 110.956 5.061
-43.285 110.107 5.695
-42.425 106.398 5.781
-38.726 106.800 6.662
-37.836 104.294 3.960
-35.720 104.565 0.840
-37.818 103.864 -2.247
-35.520 102.149 -4.735
-36.164 102.704 -8.428
-35.456 100.376 -11.354
-31.901 99.228 -12.033
-30.093 100.916 -14.918
-26.727 100.447 -16.582
-24.348 103.400 -16.399
-23.708 103.145 -20.139
-21.275 106.076 -20.156
-19.005 104.481 -17.542
-17.202 102.278 -20.039
-14.387 102.299 -22.584
-14.785 100.342 -25.818
-13.342 96.853 -25.451
-12.894 97.270 -21.696
-14.458 95.867 -18.543
-15.568 98.496 -16.015
-15.072 97.954 -12.306
-14.697 99.502 -8.869
-17.365 102.225 -8.871
-16.059 105.064 -6.666
-18.650 107.864 -6.338
-18.340 111.355 -4.926
-20.655 114.322 -4.417
-18.972 117.720 -4.766
-20.683 120.016 -2.251
-19.271 123.165 -3.829
-20.612 122.565 -7.342
-23.231 119.893 -6.710
-21.573 117.801 -9.412
-21.325 114.046 -8.969
-18.192 112.116 -9.879
-18.109 108.401 -10.589
-14.516 107.216 -10.776
-13.936 103.718 -12.067
-11.364 101.332 -13.484
-11.322 100.013 -17.057
-9.369 96.926 -18.138
-9.210 95.282 -21.590
-11.763 92.506 -21.995
-9.130 90.212 -23.500
-5.367 89.726 -23.305
-3.752 92.492 -25.359
-0.850 92.193 -27.794
1.266 94.111 -25.281
0.430 91.599 -22.541
1.302 88.701 -24.845
4.883 90.017 -24.846
5.012 91.406 -21.294
2.759 89.479 -18.911
2.820 92.211 -16.254
2.343 95.161 -18.609
-0.006 97.768 -17.138
-3.137 98.111 -19.287
-5.444 99.387 -16.549
-7.151 102.759 -16.998
-8.436 105.272 -14.442
-11.671 106.879 -15.649
-14.494 109.134 -14.588
-17.929 110.240 -15.683
-19.667 113.200 -14.104
-23.258 114.286 -13.629
-24.749 117.743 -13.201
-28.331 116.516 -12.854
-28.095 114.461 -9.661
-26.917 111.334 -11.451
-29.767 111.035 -13.942
-27.433 111.427 -16.921
-23.665 111.122 -17.194
-20.911 112.723 -19.247
-18.846 110.777 -21.754
-15.979 108.990 -19.974
-12.744 110.852 -19.258
-9.494 108.877 -19.039
-7.510 110.353 -16.135
-4.688 107.801 -16.267
-1.913 109.969 -17.699
-2.880 113.059 -15.696
-3.239 111.326 -12.324
-0.581 108.602 -12.387
2.068 109.944 -14.735
5.431 108.131 -15.181
4.748 105.715 -12.311
2.261 103.894 -14.558
4.828 101.515 -16.061
6.066 100.642 -12.568
2.777 98.914 -11.708
1.091 95.783 -13.081
-2.382 97.184 -12.325
-4.186 99.370 -9.783
-7.666 100.304 -8.619
-9.629 102.995 -6.832
-11.962 102.361 -3.933
-14.222 100.528 -4.211
-16.875 102.620 -2.565
-17.387 106.308 -1.933
-14.474 108.753 -1.994
-13.852 111.841 0.094
-14.224 115.618 -0.056
-12.349 117.617 2.564
-13.655 120.571 4.526
-10.582 122.631 3.712
-10.817 125.956 1.874
-10.472 124.262 -1.522
-12.965 121.476 -0.702
-10.356 119.040 -2.005
-11.203 115.665 -3.520
-9.409 112.588 -2.177
-9.751 109.270 -3.988
-8.522 106.159 -2.134
-6.576 103.711 -4.264
-3.968 100.983 -4.386
-1.427 99.711 -6.883
0.401 96.437 -7.472
4.030 97.522 -7.592
6.422 95.618 -9.850
9.367 95.890 -7.468
10.744 92.378 -7.999
11.313 90.954 -11.522
10.498 87.389 -10.460
8.409 87.787 -7.322
4.766 88.774 -7.711
3.841 92.481 -7.555
2.865 93.656 -4.075
-0.064 96.032 -3.539
0.166 99.264 -1.566
-2.568 101.788 -0.812
-2.367 105.520 -1.492
-4.546 108.510 -2.397
-5.129 110.711 -5.429
-5.664 114.362 -4.450
-7.228 117.317 -6.265
-7.682 120.848 -4.918
-9.535 122.065 -8.003
-12.549 119.782 -8.290
-10.782 117.257 -10.486
-9.057 119.592 -12.919
-5.606 118.485 -11.763
-4.486 115.491 -9.726
-1.563 114.567 -7.511
-0.595 111.000 -6.634
0.176 110.532 -2.955
2.910 108.352 -1.496
2.241 104.705 -0.703
1.457 103.555 2.830
2.813 100.220 4.116
3.318 97.378 1.656
0.693 94.669 1.201
-2.286 96.940 1.773
-5.221 96.673 -0.636
-8.634 98.203 -0.943
-8.888 101.231 1.381
-11.203 104.118 2.206
-10.444 107.521 3.656
-12.237 109.909 5.972
-11.419 113.295 7.474
-11.517 114.060 11.195
-10.425 116.687 13.721
-7.604 115.795 16.117
-5.999 120.007 13.151
-7.783 118.092 10.389
-6.248 114.807 9.301
-7.078 112.251 6.654
-7.345 108.715 7.998
-6.832 105.794 5.619
-8.208 102.382 6.635
-6.942 99.524 4.471
-7.435 95.828 3.879
-4.399 93.706 4.765
-3.207 90.114 4.654
-2.616 90.187 8.404
-5.040 89.582 11.264
-5.899 93.249 11.704
-6.718 96.304 9.617
-4.001 98.764 8.676
-4.493 102.477 9.291
-2.450 105.605 8.664
-3.059 109.318 9.036
-1.944 112.250 6.905
-1.612 115.913 7.809
-1.233 117.032 4.197
-4.489 115.851 2.601
-3.236 112.348 1.829
-0.037 113.243 -0.011
2.091 111.687 2.729
1.063 109.343 5.520
2.657 108.908 8.919
3.771 105.413 9.940
1.111 102.796 9.234
-0.381 101.113 12.300
-2.083 97.773 12.906
-5.535 98.259 14.395
-5.912 95.093 16.451
-9.454 96.000 17.516
-10.550 95.726 13.870
-10.137 92.112 12.808
-9.111 91.028 9.309
-9.701 87.369 8.250
-6.394 85.922 6.979
-4.907 85.199 4.642
-6.881 87.341 2.185
-8.613 89.924 4.355
-11.729 91.763 3.228
-12.703 95.234 2.109
-14.385 97.424 4.732
-15.896 100.914 4.835
-15.250 103.960 6.999
-16.939 107.352 7.241
-16.838 110.287 9.602
-19.938 111.992 10.962
-20.587 114.872 13.386
-20.104 113.874 17.020
-23.462 113.286 18.769
-22.003 115.181 21.728
-15.041 116.896 22.628
-13.886 115.796 19.143
-15.811 117.279 16.201
-16.303 113.981 14.359
-16.650 110.301 15.158
-15.994 107.435 12.768
-18.278 104.565 11.817
-16.777 101.497 10.121
-18.275 98.276 8.727
-16.533 94.977 7.987
-17.018 91.263 8.733
-16.277 90.394 12.372
-15.371 86.697 12.101
-11.697 85.974 12.842
-11.063 83.928 9.690
-14.210 84.011 7.559
-16.092 86.698 5.658
-19.086 86.594 7.954
-21.067 88.551 10.519
-20.957 92.135 9.255
-20.390 94.474 12.156
-20.501 98.203 12.759
-17.753 99.791 14.851
-17.568 103.267 16.357
-14.531 105.437 17.116
-15.410 108.403 19.407
-11.822 109.687 19.549
-10.690 109.231 15.918
-8.489 108.074 14.544
-6.865 106.580 17.663
-6.588 102.815 17.003
-7.260 102.006 20.658
-10.530 103.967 20.708
-12.456 101.635 18.406
-15.512 100.092 20.025
-16.490 96.450 20.081
-18.661 95.823 17.013
-22.443 95.600 16.912
-23.762 92.876 14.615
-25.535 94.290 11.559
-26.014 90.977 9.757
-25.365 87.346 10.666
-23.918 84.913 8.151
-22.003 85.427 4.911
-21.097 89.055 4.307
-18.365 90.627 2.406
-17.617 94.092 0.934
-19.596 97.066 2.167
-20.004 100.809 1.747
-21.369 103.359 4.204
-22.970 106.778 3.883
-24.286 109.182 6.496
-27.785 110.344 5.518
-28.500 113.299 7.767
-30.675 112.915 10.855
-32.853 109.859 11.449
-36.502 109.796 12.676
-35.376 109.179 16.262
-33.174 112.262 16.235
-29.834 110.453 15.955
-27.540 110.200 12.890
-28.968 108.156 10.016
-26.804 105.706 8.078
-27.117 103.685 4.921
-25.023 100.580 4.267
-24.741 98.511 1.105
-23.068 95.118 1.552
-22.452 91.828 -0.217
-24.269 88.890 1.339
-25.166 85.223 1.051
-22.077 83.962 -0.758
-22.134 86.914 -3.172
-25.692 86.153 -4.270
-26.945 89.606 -3.377
-26.161 93.139 -2.273
-28.257 94.287 0.651
-29.207 97.802 1.690
-29.463 98.465 5.407
-30.612 101.730 6.962
-30.258 102.371 10.682
-29.546 105.136 13.167
-26.776 105.585 15.712
-29.353 105.170 18.474
-30.492 101.822 17.078
-26.945 100.511 16.613
-25.368 101.902 19.786
-28.185 102.352 22.352
-25.673 102.723 25.198
-24.836 106.111 23.698
-28.404 107.183 24.452
