33.999 43.192 -20.394
33.768 46.571 -18.610
30.553 47.688 -16.823
29.447 51.356 -16.452
26.222 53.233 -15.854
24.618 55.396 -18.525
24.961 58.729 -16.705
21.730 60.347 -15.556
22.674 61.500 -12.051
20.603 60.122 -9.198
17.107 60.367 -10.599
15.281 58.960 -7.563
14.416 59.465 -3.898
17.331 59.772 -1.450
16.061 58.570 1.950
19.110 59.252 4.190
22.624 60.686 4.249
24.753 59.616 7.266
28.186 60.726 8.396
30.684 59.157 10.762
31.201 61.223 13.937
35.009 60.629 14.030
36.190 60.115 10.408
36.191 63.048 7.929
34.339 62.493 4.639
33.087 59.050 5.730
29.536 59.401 4.376
26.798 56.991 3.248
23.434 57.238 1.491
20.354 55.046 1.506
17.608 54.916 -1.154
14.214 53.240 -1.293
14.702 51.000 -4.381
18.448 51.396 -5.055
20.395 50.076 -2.089
23.183 52.006 -0.345
26.254 54.003 -1.387
29.556 55.092 0.106
31.014 58.536 -0.569
34.465 58.574 -2.066
36.239 61.856 -1.364
39.148 60.847 -3.623
37.019 60.897 -6.773
34.014 62.973 -5.490
31.665 60.094 -6.343
29.273 57.783 -4.538
30.111 54.080 -4.831
27.210 51.587 -5.042
27.568 48.920 -2.320
24.885 46.382 -3.233
25.430 45.301 -6.856
25.877 41.602 -5.981
22.127 41.376 -5.301
20.489 38.708 -7.495
17.459 38.945 -9.751
15.516 36.703 -7.346
16.392 39.144 -4.507
15.283 42.332 -6.229
13.210 43.379 -3.202
16.468 43.335 -1.154
17.729 46.269 -3.271
16.382 48.827 -0.839
18.109 50.169 2.250
15.748 50.626 5.189
18.392 51.948 7.585
22.154 52.638 7.877
24.039 52.460 11.172
27.690 53.313 11.793
29.722 52.351 14.857
31.110 55.582 16.337
34.052 53.772 17.961
35.009 51.719 14.872
34.690 53.561 11.516
35.385 50.567 9.220
32.100 48.984 10.419
28.819 49.364 8.602
25.401 47.860 9.234
22.616 47.906 6.623
19.011 46.853 7.061
17.950 45.737 3.582
14.454 45.176 2.189
11.794 47.029 0.175
8.408 45.930 1.568
7.067 44.405 4.765
5.284 41.723 2.742
8.614 40.623 1.185
9.798 37.003 1.101
12.756 37.972 3.317
14.546 40.987 4.734
18.256 41.064 5.524
21.132 42.550 7.493
24.367 43.360 5.729
27.358 43.555 8.075
30.712 44.808 6.867
34.070 45.364 8.584
35.579 47.129 5.579
33.348 50.165 4.873
31.055 48.241 2.548
33.812 46.674 0.384
32.490 43.291 1.638
29.458 42.122 3.641
28.308 38.985 5.303
24.526 38.565 5.097
21.992 37.464 7.724
18.317 36.776 7.206
16.318 39.276 9.334
13.878 37.774 11.880
11.514 40.626 11.019
10.265 42.553 7.937
11.650 45.828 6.549
10.188 48.478 4.232
12.825 50.686 2.613
10.236 51.460 -0.052
7.149 51.706 2.285
5.369 54.751 3.729
7.477 56.684 6.220
10.849 55.633 4.773
11.669 59.304 5.011
11.923 58.891 8.767
15.396 58.231 9.670
17.624 55.684 11.177
15.875 52.829 12.901
19.221 51.060 13.271
21.816 52.065 15.859
25.039 50.856 17.460
25.564 51.194 21.215
28.445 53.662 21.624
29.214 51.879 24.976
28.915 48.320 23.622
30.039 47.783 20.001
28.639 44.222 20.021
25.179 45.676 20.560
22.946 46.832 17.723
19.322 48.025 18.067
16.568 48.350 15.495
13.193 50.042 15.398
11.057 47.773 13.283
7.891 48.493 11.327
5.709 45.585 12.545
7.293 44.000 15.604
8.517 46.716 17.959
12.137 47.071 19.104
14.852 44.410 18.819
18.402 44.166 20.153
21.307 42.130 18.901
24.214 41.424 21.207
26.314 39.795 18.428
26.693 42.582 15.852
23.419 41.903 13.976
23.844 38.114 13.531
20.864 37.261 15.765
18.188 39.349 17.466
15.784 39.341 20.444
12.667 41.467 20.858
12.661 44.038 23.650
9.342 43.323 25.331
9.787 46.011 27.982
8.551 48.663 25.501
4.946 49.702 24.953
3.561 49.044 21.443
4.981 48.777 17.885
2.932 51.886 17.338
1.255 52.520 13.913
1.699 49.082 12.424
3.769 49.026 9.247
5.351 52.354 10.286
6.590 51.359 13.743
9.615 52.832 15.501
11.313 55.212 13.127
14.270 56.176 15.279
16.644 54.818 17.887
19.303 57.219 19.256
21.926 56.650 21.976
23.204 59.385 24.266
26.924 59.310 23.291
27.652 61.045 26.641
25.729 58.674 28.939
25.867 54.871 29.056
22.479 53.175 29.352
20.401 56.078 27.912
18.515 55.541 24.643
15.594 57.247 22.896
13.232 55.099 20.794
10.616 57.085 18.897
7.614 55.898 16.923
5.916 57.955 14.227
2.619 57.862 16.095
0.746 60.114 18.581
3.039 60.477 21.632
5.480 57.965 20.119
8.612 58.988 22.112
10.126 56.694 24.765
13.321 56.824 26.779
15.337 54.368 28.779
18.166 55.066 31.198
18.939 51.470 32.172
20.088 50.230 28.738
16.573 49.290 27.672
15.465 47.072 30.587
12.708 49.639 31.302
11.109 52.463 29.294
9.095 55.599 30.155
7.200 57.945 27.803
9.062 61.238 27.446
7.022 63.581 29.645
4.813 66.320 28.160
4.776 65.354 24.498
2.215 67.156 22.321
-1.181 65.480 22.749
-2.869 67.962 20.465
-2.240 70.310 17.536
-1.598 73.962 18.331
-4.346 76.401 17.303
-1.744 78.333 15.297
-1.243 75.130 13.213
-4.835 73.963 12.476
-6.175 77.520 12.445
-4.367 78.625 9.263
-6.795 76.320 7.375
-9.833 75.666 9.657
-11.682 73.918 6.798
-9.066 71.068 6.853
-8.634 68.184 9.369
-5.110 66.925 10.233
-4.841 63.202 9.524
-3.653 62.360 13.070
-5.145 63.154 16.478
-1.850 64.663 17.714
1.522 65.665 16.206
3.638 62.584 15.228
7.451 62.495 15.636
9.243 62.364 12.299
12.874 62.835 13.179
14.564 63.278 16.522
18.042 64.685 17.157
19.939 64.483 20.439
22.246 67.086 22.101
23.410 67.455 25.771
20.792 70.198 26.462
18.022 69.550 23.964
15.988 66.992 22.171
14.820 68.469 18.848
11.814 66.843 17.095
10.114 67.450 13.733
6.433 66.590 13.600
3.715 66.067 10.972
0.274 64.421 10.714
1.180 61.566 8.343
4.324 59.428 7.985
5.230 60.733 4.530
6.910 61.016 2.206
3.684 62.279 0.620
0.252 62.900 2.177
1.459 65.216 4.954
-0.618 68.365 5.544
0.301 69.721 9.019
3.309 69.926 11.316
5.281 71.656 14.051
8.845 71.511 15.456
9.449 71.218 19.216
12.415 71.313 21.568
12.677 69.522 24.914
14.965 70.676 27.709
16.736 67.465 28.826
17.448 68.943 32.306
14.191 70.748 33.270
11.744 68.865 31.008
10.359 72.084 29.489
8.899 71.931 25.967
9.347 74.864 23.592
7.568 75.386 20.287
10.339 76.189 17.809
8.238 75.867 14.587
9.637 78.249 11.918
6.727 80.684 11.613
5.625 84.282 11.307
7.563 86.144 13.978
10.659 83.876 14.438
11.993 83.675 10.859
13.529 85.893 8.176
12.596 86.520 5.447
9.031 85.991 6.730
6.870 83.070 5.543
5.143 83.684 2.210
1.970 85.654 3.045
-1.119 83.822 1.699
0.006 80.173 1.846
-1.769 77.611 -0.370
-3.062 74.534 1.475
-1.254 72.619 2.613
1.594 74.188 4.582
2.780 70.603 5.009
4.742 69.398 8.023
8.374 69.014 9.047
10.808 66.124 8.665
14.339 66.895 7.571
16.489 67.698 10.646
20.241 67.854 11.274
22.266 69.301 14.164
25.717 70.812 13.698
28.050 68.368 15.521
30.321 71.252 16.434
27.471 73.430 17.763
24.369 71.862 19.342
22.633 75.237 19.048
23.119 75.241 15.265
20.578 73.075 13.389
18.424 72.929 10.237
14.863 71.750 9.857
12.920 71.237 6.647
9.249 71.211 5.630
7.598 68.138 4.128
4.896 68.342 1.419
4.493 72.115 1.440
3.205 71.475 -2.021
1.816 72.353 -4.478
2.340 75.939 -3.269
2.962 78.810 -3.741
5.319 78.893 -1.057
7.039 75.666 -1.933
9.113 73.674 0.664
11.705 75.512 2.803
14.931 74.706 4.664
15.461 76.733 7.831
18.740 77.348 9.698
19.050 78.450 13.356
22.099 79.370 15.413
20.161 79.845 18.688
18.662 76.402 19.246
15.570 77.225 17.289
14.665 80.608 18.855
15.122 82.240 15.420
15.341 80.988 11.822
16.771 81.981 8.455
14.857 80.634 5.470
17.798 79.216 3.404
15.473 78.309 0.531
14.152 81.874 0.171
17.647 83.339 0.424
18.889 80.939 -2.264
16.052 82.003 -4.561
16.119 84.538 -7.385
13.625 87.323 -6.577
10.106 87.922 -7.903
8.925 84.258 -7.797
5.894 84.677 -5.516
6.466 81.726 -3.173
7.745 79.299 -5.819
11.325 79.111 -4.593
14.074 77.620 -6.718
17.628 77.231 -7.845
18.836 78.753 -11.134
19.253 75.974 -13.668
22.928 76.956 -14.073
23.436 75.484 -10.563
22.246 72.041 -11.603
25.810 70.797 -12.110
28.192 68.361 -10.377
30.942 70.210 -8.476
33.372 69.525 -11.375
30.948 71.494 -13.573
29.027 68.676 -15.363
25.434 69.794 -16.116
22.445 67.618 -15.237
20.075 69.101 -17.865
16.976 66.861 -17.285
16.837 68.112 -13.650
14.880 71.110 -14.910
12.118 68.793 -16.245
11.967 71.214 -19.234
9.806 73.536 -17.079
6.815 71.521 -18.354
3.326 71.461 -16.779
2.462 70.174 -13.323
-0.627 68.033 -12.626
-2.270 65.982 -9.844
0.550 63.956 -8.278
3.242 65.514 -10.550
5.000 68.605 -9.211
8.590 68.173 -10.404
9.100 70.980 -13.012
9.369 74.560 -11.880
7.043 76.838 -13.905
9.545 79.631 -14.443
11.913 78.979 -17.373
15.548 78.781 -16.282
14.628 77.477 -12.841
14.834 74.151 -11.088
12.735 73.513 -7.933
14.726 73.925 -4.697
13.387 70.514 -3.756
10.463 68.368 -2.645
10.620 65.419 -0.200
13.761 66.874 1.362
13.687 64.372 4.223
17.402 63.546 4.021
19.736 66.295 5.197
23.139 66.509 6.809
25.219 69.409 8.085
28.715 67.929 7.720
30.325 67.147 11.133
33.794 67.965 9.707
32.636 71.033 7.792
29.715 72.988 9.291
29.559 75.132 6.118
28.858 71.973 4.118
25.188 70.984 3.917
23.709 68.332 1.691
20.047 67.414 1.161
18.238 64.649 -0.703
15.093 65.267 -2.748
12.904 62.925 -4.761
15.367 63.304 -7.674
18.920 64.088 -6.417
21.274 65.446 -3.733
21.842 69.192 -3.557
24.811 70.589 -1.571
26.544 73.818 -0.581
29.976 74.572 0.870
28.874 78.082 1.938
25.858 77.564 4.197
26.548 80.496 6.591
26.016 83.024 3.770
22.452 83.191 5.180
23.858 84.876 8.272
24.262 88.034 6.163
20.975 87.356 4.349
