36.207 69.006 12.732
35.937 65.337 13.591
32.209 65.218 14.312
32.761 62.777 11.481
33.152 60.487 14.510
29.682 61.385 15.882
28.043 60.606 12.548
29.973 57.353 11.909
29.214 56.099 15.436
25.495 56.865 14.959
25.511 55.097 11.559
27.117 52.027 13.203
24.577 52.080 16.053
21.774 52.222 13.464
23.140 49.104 11.765
23.483 47.352 15.122
19.912 48.239 16.079
18.607 46.757 12.800
20.738 43.731 13.735
19.178 43.448 17.211
15.816 43.752 15.409
16.462 40.677 13.168
17.935 38.828 16.135
14.482 39.259 17.730
12.721 38.423 14.429
14.533 35.103 14.166
13.696 34.364 17.806
10.048 35.200 17.090
9.859 33.102 13.894
11.157 29.986 15.643
8.812 30.710 18.614
5.830 30.916 16.235
6.789 27.384 15.101
7.218 25.801 18.522
4.247 27.544 20.170
2.151 27.422 16.972
1.295 31.088 17.354
-0.364 32.417 14.194
-0.158 36.036 15.359
3.562 35.916 16.136
4.241 34.476 12.668
2.156 37.267 11.119
4.164 39.865 13.104
7.397 38.451 11.612
5.939 38.653 8.085
4.963 42.298 8.741
8.378 43.045 10.361
10.151 41.990 7.172
8.866 45.233 5.605
10.238 47.180 8.607
13.638 45.688 7.802
13.336 46.643 4.116
12.887 50.209 5.417
15.881 49.906 7.785
18.045 48.866 4.820
16.862 51.938 2.888
17.617 54.215 5.867
21.104 52.695 6.413
21.921 53.148 2.767
20.680 56.763 2.844
22.800 57.532 5.928
25.898 55.940 4.487
25.537 58.205 1.437
25.098 61.278 3.654
28.244 60.480 5.669
30.339 59.611 2.610
29.123 62.613 0.639
29.645 65.245 3.356
32.765 63.986 5.171
34.473 62.086 2.348
36.189 59.776 4.874
39.319 57.640 4.470
40.810 54.696 6.340
38.970 53.388 9.387
35.746 55.501 9.114
35.489 54.665 5.360
35.894 50.946 6.114
33.242 51.206 8.812
30.729 52.851 6.499
31.253 50.454 3.558
31.159 47.542 6.021
27.852 48.909 7.303
26.463 48.957 3.743
27.350 45.252 3.380
26.060 44.234 6.815
22.694 45.925 6.184
22.081 43.700 3.118
22.969 40.651 5.196
20.474 41.824 7.831
17.791 42.449 5.249
18.313 38.945 3.778
18.146 37.371 7.242
14.800 39.105 7.596
13.674 37.566 4.265
14.565 34.150 5.644
12.701 34.810 8.900
9.701 35.930 6.829
9.876 32.640 4.909
10.050 30.584 8.149
6.927 32.386 9.369
5.117 31.657 6.076
5.958 28.006 6.586
4.690 28.120 10.206
1.288 29.423 9.041
1.059 26.592 6.484
2.162 23.976 9.072
-0.637 25.160 11.369
-3.221 23.981 8.761
-2.772 20.408 9.974
-1.785 18.584 13.171
1.824 18.530 14.476
3.960 16.005 12.565
6.389 15.040 15.314
8.425 16.277 18.297
10.845 19.125 17.493
14.387 18.744 18.847
16.975 19.221 16.090
15.263 22.301 14.569
15.069 24.153 17.935
18.743 23.189 18.445
19.688 24.527 15.015
17.907 27.797 15.899
19.555 28.032 19.284
23.021 27.678 17.757
22.097 30.119 15.047
20.842 32.733 17.469
24.179 32.390 19.358
25.985 33.020 16.052
23.808 36.046 15.241
24.440 37.565 18.679
28.151 36.898 18.361
28.296 38.369 14.822
26.626 41.596 15.908
29.031 41.859 18.832
31.962 41.443 16.489
30.505 44.217 14.287
30.217 46.455 17.369
33.802 45.676 18.477
35.907 43.338 16.311
38.153 40.717 17.915
39.842 38.871 15.028
41.316 36.151 17.238
37.852 35.280 18.651
35.930 35.862 15.400
37.366 32.454 14.354
34.754 30.869 16.658
31.792 31.625 14.361
33.145 29.122 11.780
33.131 26.251 14.274
29.623 27.265 15.370
28.442 26.976 11.784
29.722 23.409 11.500
27.260 22.459 14.231
24.455 23.975 12.207
25.641 22.151 9.038
25.721 18.764 10.862
22.252 19.290 12.355
20.865 20.312 8.964
22.187 17.103 7.355
20.586 15.018 10.147
17.251 16.809 9.878
17.302 16.493 6.072
17.849 12.723 6.219
15.213 12.232 8.946
12.569 14.302 7.136
13.239 12.453 3.868
12.404 9.266 5.741
9.132 10.799 7.031
8.216 11.893 3.497
8.751 8.299 2.316
6.863 6.662 5.195
3.440 8.012 4.315
1.904 10.532 1.875
0.169 12.223 4.847
3.555 13.206 6.359
4.904 14.752 3.125
3.679 18.366 3.306
4.610 18.915 6.968
7.989 17.214 6.522
8.723 19.454 3.517
7.664 22.611 5.333
9.838 21.668 8.322
12.769 20.830 6.027
12.467 24.218 4.346
12.495 25.885 7.764
15.717 23.996 8.639
17.244 25.160 5.326
16.344 28.786 6.082
18.014 28.478 9.561
21.112 27.031 7.854
21.244 30.000 5.467
20.682 32.484 8.321
23.664 30.914 10.088
25.715 31.393 6.864
24.688 35.068 6.902
25.868 35.329 10.535
29.279 33.999 9.464
29.288 36.586 6.616
28.626 39.394 9.156
31.719 38.205 11.051
33.772 38.041 7.834
32.713 41.583 6.864
33.460 42.837 10.399
37.001 41.405 10.180
37.523 43.141 6.813
36.317 46.357 8.455
39.478 46.440 10.600
41.834 44.455 8.337
40.983 46.040 4.976
41.693 42.460 3.812
39.212 39.622 3.107
38.906 36.664 5.500
36.538 33.708 4.986
35.272 30.747 7.026
36.598 27.494 5.599
34.666 24.944 7.643
36.038 25.468 11.195
38.861 27.842 10.123
38.749 31.597 9.517
41.539 32.153 6.967
42.787 34.967 4.773
40.782 34.646 1.572
43.026 32.086 -0.097
42.308 32.404 -3.796
43.722 32.974 -7.286
3.045 25.212 0.921
