40.797 25.343 127.160
37.818 23.013 126.599
35.303 21.481 129.025
32.402 19.277 127.960
29.866 16.960 129.588
28.456 13.916 127.758
25.177 12.053 128.276
23.988 9.158 126.093
21.112 6.689 125.687
18.664 8.467 128.020
15.739 6.547 126.504
13.102 8.597 128.318
14.362 8.069 131.908
13.263 11.123 133.910
15.445 10.345 136.987
18.601 9.990 134.891
17.668 13.268 133.160
17.172 15.310 136.321
20.486 14.045 137.699
22.352 14.749 134.437
20.955 18.261 134.547
21.974 18.927 138.165
25.483 17.670 137.415
25.638 19.765 134.246
24.666 22.911 136.140
27.546 22.279 138.584
30.179 21.218 136.030
31.012 24.592 134.546
31.056 22.821 131.150
30.635 24.960 128.028
28.190 22.483 126.423
26.077 19.439 127.269
26.715 16.862 124.543
23.858 14.394 124.028
24.870 11.351 121.949
21.387 10.139 120.967
18.303 8.077 121.885
16.600 10.730 123.962
12.900 9.908 124.537
12.026 6.506 123.064
12.801 3.453 125.204
13.503 1.409 122.096
11.321 -1.512 120.887
14.096 -3.934 121.887
14.369 -2.589 125.457
12.193 -2.896 128.544
11.097 0.480 129.877
13.900 1.984 131.957
13.371 3.167 135.552
11.243 6.312 135.738
10.183 6.268 132.071
8.480 9.640 131.530
9.180 11.001 127.966
6.822 13.966 128.187
8.491 15.237 131.354
12.035 14.609 130.104
11.170 17.006 127.253
10.190 19.908 129.532
13.386 19.411 131.531
15.813 19.195 128.600
14.293 22.328 127.050
15.196 24.449 130.082
18.802 24.232 128.887
18.198 24.017 125.097
20.599 26.876 124.314
23.517 24.819 125.639
22.900 21.425 124.061
24.876 19.887 121.177
23.299 16.576 120.081
23.534 13.855 117.403
20.821 11.505 116.099
20.353 8.056 117.626
18.663 5.058 115.957
15.697 5.439 118.318
15.103 9.160 117.794
12.304 10.202 115.409
10.899 13.489 114.122
8.159 13.715 116.768
11.090 13.954 119.201
12.564 16.795 117.177
9.256 18.664 117.195
9.173 18.388 121.019
12.809 19.248 121.819
14.022 22.828 121.326
17.542 22.028 120.157
18.777 20.333 116.908
18.926 16.533 117.175
18.872 15.371 113.511
22.571 15.735 112.608
24.227 12.276 112.239
27.609 13.589 113.440
29.346 16.805 114.527
32.873 17.849 115.523
35.016 19.328 118.267
38.444 20.710 117.399
41.222 20.899 119.984
44.810 22.085 119.411
46.006 19.215 117.250
43.210 16.700 117.761
39.723 16.035 116.521
36.697 14.571 118.356
34.166 12.810 116.116
30.712 12.753 117.792
28.158 10.169 116.573
25.527 7.842 118.113
27.024 4.532 117.067
24.632 2.916 114.603
26.014 4.677 111.484
29.701 4.971 112.419
31.240 3.121 115.346
33.781 0.552 116.664
32.910 -1.794 113.804
32.626 0.861 111.090
35.211 3.573 111.668
34.993 7.044 110.118
38.203 8.207 108.455
40.307 9.785 111.203
43.855 10.979 111.780
46.265 9.593 114.373
45.391 10.684 117.933
41.798 11.608 117.057
38.844 10.408 119.126
35.782 8.425 118.085
33.034 9.490 120.547
29.900 7.291 120.566
27.073 5.678 122.573
24.528 3.076 121.420
26.182 -0.028 122.942
25.467 1.054 126.535
28.998 -0.150 127.351
31.496 2.423 128.713
34.859 2.713 126.994
37.907 4.943 127.393
41.060 3.692 125.722
43.448 3.941 122.810
42.600 1.398 120.118
45.289 1.264 117.474
46.077 4.812 116.383
42.921 6.537 117.618
41.036 6.883 120.899
37.596 5.379 121.567
35.291 6.993 124.141
31.769 5.866 125.156
29.964 7.430 128.249
27.796 4.360 128.495
24.058 4.780 129.166
22.698 7.060 131.900
19.685 4.769 132.233
20.243 1.213 130.984
23.891 0.193 131.428
24.976 -3.267 130.258
27.751 -5.596 131.389
27.052 -5.021 135.069
28.253 -1.405 134.922
26.673 1.528 136.816
24.582 4.157 135.029
27.121 6.693 133.701
27.936 9.984 131.964
31.131 11.461 130.538
33.329 14.520 130.767
36.169 16.156 128.852
38.400 18.280 131.033
40.893 19.770 128.613
42.983 16.653 127.866
41.295 13.760 129.688
38.077 11.905 128.901
36.315 10.197 131.824
33.364 7.840 132.251
31.722 8.666 135.619
29.094 6.789 137.659
25.892 8.833 137.909
25.214 8.048 141.596
28.683 7.768 143.192
30.458 10.198 140.839
33.253 7.644 140.900
35.579 7.028 137.933
34.577 4.010 135.829
37.184 4.604 133.102
39.355 7.410 131.773
41.966 8.102 129.101
44.414 10.925 128.490
44.541 12.009 124.855
47.756 14.088 125.028
49.915 13.766 121.886
