80.981 -9.340 52.390
79.306 -11.200 55.323
78.704 -8.023 57.336
77.285 -6.281 54.266
74.938 -9.232 53.863
73.668 -9.007 57.447
73.171 -5.249 57.120
71.082 -5.679 53.968
69.074 -8.390 55.720
68.201 -6.003 58.536
67.704 -2.929 56.345
65.613 -4.674 53.711
64.118 -7.645 55.584
60.721 -6.137 54.806
59.273 -3.969 52.029
61.146 -0.641 51.967
59.047 2.126 53.525
57.877 4.930 51.241
59.607 8.236 51.962
57.061 10.948 52.740
57.788 14.678 52.663
57.572 14.572 56.452
60.235 11.861 56.677
62.433 13.623 54.127
62.129 16.750 56.295
63.899 14.857 59.091
67.230 14.678 57.254
68.216 18.192 58.318
67.461 17.895 62.049
68.827 14.342 62.178
72.011 15.521 60.451
72.620 18.100 63.184
72.124 15.617 66.016
74.332 12.984 64.397
76.914 15.704 63.784
77.396 16.623 67.450
76.953 13.062 68.754
79.551 12.008 66.188
81.548 9.957 68.684
78.538 8.074 70.041
76.914 4.798 68.971
74.037 5.305 66.520
71.548 3.034 68.309
72.193 4.670 71.692
71.743 8.122 70.171
68.458 7.197 68.469
67.083 5.969 71.793
68.405 8.948 73.715
66.748 11.133 71.077
63.397 9.435 71.685
63.736 9.944 75.436
64.804 13.569 74.994
61.965 14.619 72.665
59.564 12.255 74.458
58.975 10.310 71.230
57.475 6.854 70.713
59.803 3.936 71.486
62.106 3.321 68.519
60.785 6.287 66.530
64.111 7.872 65.601
65.735 4.580 64.557
62.756 3.775 62.324
63.196 7.113 60.567
66.946 6.605 60.163
66.309 3.074 58.927
63.869 4.241 56.235
66.095 7.099 55.065
69.107 4.773 54.966
67.307 2.043 52.986
66.266 4.674 50.448
69.848 5.908 50.170
69.503 9.388 51.677
71.724 8.161 54.487
74.740 5.942 53.872
76.940 4.327 56.516
79.916 2.032 57.043
78.286 -1.068 55.546
81.383 -3.111 56.350
80.525 -2.748 60.025
77.266 -3.901 61.595
74.922 -0.911 61.467
74.245 -1.258 65.206
77.999 -0.832 65.728
78.314 2.336 63.634
79.102 5.598 65.407
77.087 8.657 64.381
80.089 10.060 62.515
79.971 6.949 60.297
76.673 8.105 58.828
76.661 10.458 55.860
73.412 12.389 55.493
72.442 14.103 52.259
70.838 17.561 52.148
67.998 17.140 49.682
65.252 19.394 48.408
61.840 17.933 47.658
61.324 19.261 44.126
57.576 19.149 44.850
57.480 22.879 45.549
60.217 24.607 43.552
