11.181 -15.963 33.797
12.683 -19.382 34.329
13.107 -21.893 37.125
14.408 -25.371 37.418
12.233 -26.857 40.137
13.394 -30.200 41.548
10.494 -31.949 43.222
12.348 -34.361 45.716
9.545 -35.566 47.798
8.728 -38.542 45.513
8.680 -39.702 41.991
7.730 -42.528 39.724
8.066 -45.192 42.289
5.388 -43.813 44.421
3.067 -43.113 41.707
3.361 -46.529 40.049
2.779 -48.096 43.674
-0.495 -46.384 43.395
-1.305 -48.045 40.209
-1.298 -44.761 38.299
0.602 -43.549 35.355
3.420 -41.138 36.128
2.728 -38.960 33.081
-1.025 -38.784 33.738
-0.607 -38.035 37.373
1.824 -35.182 36.617
-0.649 -33.800 34.068
-3.466 -33.762 36.584
-0.987 -32.122 39.207
-0.352 -29.373 36.543
-4.039 -28.748 36.104
-4.483 -28.454 39.963
-1.505 -25.988 40.098
-3.073 -23.889 37.452
-6.563 -23.930 39.095
-5.309 -23.168 42.648
-3.601 -19.996 41.139
-6.245 -18.886 38.668
-9.573 -20.516 39.770
-10.183 -21.780 36.157
-8.510 -24.302 33.689
-7.184 -23.118 30.359
-6.428 -24.915 26.951
-3.356 -27.067 27.562
-0.971 -28.711 25.120
0.789 -31.931 26.002
2.957 -33.523 23.187
1.997 -37.121 22.257
4.217 -38.972 19.827
2.645 -40.468 16.765
6.056 -42.098 15.751
4.259 -45.420 15.495
3.194 -44.045 12.130
5.072 -43.232 8.878
6.691 -39.798 9.238
4.955 -39.367 12.508
5.734 -36.395 14.771
3.304 -35.472 17.501
-0.431 -34.798 18.232
-1.846 -33.045 21.221
-3.217 -34.535 24.535
-5.735 -31.940 25.841
-5.218 -32.495 29.523
-7.641 -29.643 30.620
-10.517 -32.280 30.783
-13.910 -31.817 32.319
-12.992 -34.521 34.730
-9.827 -32.634 35.828
-12.058 -29.523 36.430
-14.417 -31.766 38.527
-11.427 -32.855 40.757
-9.584 -29.508 41.116
-12.845 -27.655 42.079
-12.736 -29.957 45.418
-9.455 -28.913 46.574
-9.669 -25.258 46.609
-13.102 -25.082 46.780
-14.733 -25.822 49.584
-12.453 -28.113 51.175
-13.733 -27.406 54.466
-15.843 -30.346 54.318
-15.851 -32.786 51.731
-14.322 -36.153 52.617
-10.878 -36.958 51.302
-12.343 -40.318 49.977
-14.716 -38.447 47.848
-11.793 -36.360 46.515
-9.893 -39.526 45.772
-12.737 -40.935 43.624
-12.646 -37.459 41.598
-8.804 -38.055 41.329
-9.411 -41.520 39.963
-11.958 -40.363 37.404
-9.598 -37.543 36.126
-6.754 -40.116 35.796
-8.848 -42.395 33.858
-9.827 -39.603 31.577
-6.160 -38.524 31.155
-5.062 -42.071 30.446
-7.914 -42.504 27.835
-7.046 -39.141 25.931
-3.277 -40.218 25.982
-4.175 -43.540 24.076
-6.395 -41.755 21.849
-3.673 -39.306 20.805
-0.758 -41.857 20.411
-2.981 -44.011 18.145
-3.957 -41.160 15.819
-7.427 -40.761 17.124
-7.325 -37.350 18.870
-8.441 -34.042 17.237
-5.767 -31.450 16.658
-4.066 -32.808 13.645
-7.526 -33.704 12.022
-8.928 -30.228 12.542
-5.720 -28.726 11.169
-5.927 -30.680 7.973
-9.672 -29.884 7.461
-8.829 -26.181 8.117
-5.967 -26.285 5.479
-7.946 -28.198 2.986
-10.725 -25.460 3.428
-8.159 -22.820 2.773
-7.362 -24.339 -0.361
-9.713 -25.248 -3.118
-12.820 -24.384 -1.199
-12.753 -20.687 -0.681
-13.147 -17.966 1.993
-13.075 -19.066 5.539
-15.471 -21.131 7.124
-17.437 -20.249 10.153
-16.114 -23.472 11.907
-12.467 -22.183 11.945
-13.247 -18.443 12.410
-15.147 -19.343 15.489
-13.657 -17.831 18.750
-13.954 -21.324 20.261
-11.688 -22.701 17.672
-9.202 -19.974 18.112
-9.237 -20.166 21.930
-8.750 -23.825 21.605
-5.284 -23.385 20.169
-4.068 -20.680 22.424
-1.992 -23.068 24.791
-1.590 -21.050 27.941
-0.294 -24.259 29.491
2.207 -25.920 27.098
3.829 -29.150 28.435
5.863 -32.213 27.443
7.476 -35.136 29.233
11.176 -35.384 28.186
12.445 -38.372 30.317
16.234 -39.181 30.594
18.679 -41.732 31.793
21.479 -39.356 31.865
21.666 -36.636 34.439
20.379 -33.825 32.074
17.160 -31.930 31.608
15.206 -30.333 28.595
13.600 -26.762 28.787
11.808 -24.296 26.499
9.894 -21.042 26.684
6.123 -20.546 26.584
4.128 -20.550 23.417
1.785 -17.576 24.070
2.439 -14.294 25.858
0.338 -15.093 28.770
1.576 -18.739 28.942
3.815 -21.113 30.724
6.083 -23.735 29.312
6.428 -26.793 31.576
8.900 -29.584 30.645
9.257 -32.506 33.207
11.757 -35.375 33.699
10.067 -37.935 36.072
12.636 -40.152 37.852
11.888 -42.943 40.483
12.433 -40.601 43.477
12.186 -37.134 42.094
10.598 -35.084 39.193
12.453 -32.193 37.601
10.130 -29.388 36.299
11.404 -26.751 34.002
8.914 -23.851 34.282
9.025 -20.766 31.854
6.924 -17.650 31.671
7.307 -14.071 30.440
7.896 -11.125 32.888
5.789 -8.949 30.460
2.700 -10.771 31.429
1.791 -9.671 34.950
-0.511 -12.484 35.707
2.121 -15.288 35.413
5.133 -16.069 37.598
7.351 -19.149 37.089
8.358 -19.429 40.852
4.664 -19.084 41.787
3.523 -21.834 39.473
6.483 -24.081 40.241
5.634 -23.747 43.884
1.967 -24.541 43.140
3.005 -27.765 41.350
4.814 -28.949 44.457
2.024 -28.145 46.767
-0.378 -29.893 44.220
1.864 -33.033 44.318
2.087 -32.926 48.026
-1.765 -32.709 48.334
-2.436 -35.435 45.727
-0.075 -37.987 47.510
-1.933 -37.110 50.854
-5.148 -38.123 49.014
-3.784 -41.407 47.991
-3.289 -42.347 51.722
-6.574 -42.273 53.098
