-7.280 -25.376 -17.343
-4.129 -27.489 -18.441
-2.778 -29.905 -15.839
-0.500 -32.781 -16.764
0.422 -35.733 -14.630
3.620 -37.470 -15.791
4.631 -40.909 -14.423
8.345 -41.421 -15.063
9.078 -37.709 -14.693
12.616 -38.260 -13.350
13.591 -40.196 -16.495
15.002 -38.879 -19.781
11.653 -38.254 -21.540
9.784 -37.078 -18.511
12.457 -34.390 -17.873
12.115 -33.012 -21.379
8.352 -33.324 -21.475
7.979 -31.454 -18.167
10.027 -28.569 -19.649
8.064 -28.669 -22.907
4.727 -28.447 -20.953
5.893 -25.804 -18.420
6.824 -23.603 -21.425
3.189 -23.842 -22.498
1.949 -22.838 -19.120
0.848 -26.205 -17.822
0.619 -27.037 -14.099
2.862 -30.122 -14.217
2.673 -32.923 -11.669
5.022 -35.908 -11.575
5.070 -39.224 -9.755
8.499 -39.947 -8.249
9.691 -43.104 -6.677
10.900 -43.100 -3.060
14.690 -43.763 -3.199
17.384 -43.864 -0.493
19.391 -41.418 -2.743
18.634 -38.134 -4.514
16.976 -39.221 -7.803
15.575 -35.955 -9.273
18.801 -34.789 -10.991
17.222 -34.348 -14.410
14.510 -32.082 -13.148
15.950 -30.293 -10.137
16.448 -27.096 -12.160
12.661 -26.997 -12.494
12.464 -27.194 -8.600
4.487 -24.820 -11.657
5.862 -28.341 -11.098
4.757 -30.471 -8.151
6.147 -33.923 -7.217
4.220 -36.806 -5.588
5.755 -40.022 -4.158
4.258 -43.155 -5.686
4.875 -46.375 -7.538
3.178 -47.987 -10.504
2.902 -51.180 -8.536
0.695 -49.602 -5.802
-2.844 -48.816 -7.030
-4.006 -46.996 -3.903
-1.212 -44.395 -4.256
-2.208 -43.755 -7.941
-5.876 -43.214 -7.087
-4.824 -40.788 -4.336
-2.603 -38.780 -6.664
-5.005 -38.667 -9.578
-7.791 -37.558 -7.179
-5.683 -34.698 -5.902
-4.337 -33.588 -9.251
-7.387 -34.031 -11.538
-5.214 -33.863 -14.636
-6.476 -32.982 -18.083
-3.530 -35.040 -19.503
-1.676 -38.080 -18.205
1.578 -39.330 -19.761
2.518 -42.850 -18.555
6.289 -42.771 -19.144
7.149 -44.666 -15.919
8.837 -48.062 -16.634
11.759 -50.387 -16.001
12.876 -49.374 -19.529
16.083 -51.344 -20.097
15.887 -54.373 -22.396
18.930 -56.261 -21.182
17.903 -55.852 -17.562
14.447 -57.164 -18.363
15.845 -60.655 -18.999
16.756 -61.120 -15.356
14.080 -58.825 -13.907
11.228 -60.248 -16.022
8.513 -60.363 -13.403
9.257 -56.914 -11.975
9.335 -55.551 -15.551
5.962 -57.178 -16.269
4.430 -55.782 -13.039
5.554 -52.258 -13.679
5.432 -51.950 -17.458
2.473 -54.108 -18.144
0.255 -54.425 -15.128
1.267 -50.972 -13.918
-0.303 -49.502 -17.045
-3.557 -51.320 -16.192
-3.354 -49.928 -12.632
-2.966 -46.362 -13.863
-5.892 -46.802 -16.304
-8.071 -48.321 -13.575
-7.138 -45.437 -11.277
-8.287 -42.930 -13.907
-11.587 -44.834 -14.104
-11.966 -45.145 -10.300
-11.322 -41.362 -10.040
-14.309 -40.636 -12.386
-12.100 -39.105 -15.096
-12.589 -41.602 -17.911
-14.328 -38.959 -20.049
-12.252 -35.935 -19.137
-8.627 -37.031 -19.229
-6.449 -37.707 -22.260
-3.931 -40.530 -21.695
-0.666 -41.133 -23.463
1.004 -44.587 -23.230
4.793 -44.866 -23.765
4.737 -47.695 -26.374
7.879 -48.551 -28.303
9.550 -49.911 -31.452
10.693 -52.855 -29.293
7.102 -54.158 -29.913
8.197 -54.955 -33.544
11.169 -56.981 -32.227
12.043 -59.522 -35.013
10.581 -57.118 -37.595
7.814 -58.410 -39.801
7.985 -55.526 -42.419
10.650 -52.960 -43.218
10.090 -50.151 -42.505
7.751 -50.635 -39.575
4.523 -48.699 -39.412
1.360 -48.752 -37.288
-0.128 -51.764 -39.056
3.118 -53.855 -38.995
2.450 -56.978 -36.783
4.293 -56.981 -33.405
6.870 -59.682 -32.559
8.483 -58.876 -29.115
11.883 -60.295 -28.286
12.257 -59.777 -24.558
10.323 -59.637 -21.226
10.347 -55.803 -21.713
8.725 -56.085 -25.151
6.123 -58.630 -23.979
5.241 -56.380 -21.003
4.908 -53.302 -23.207
2.766 -55.293 -25.632
0.322 -56.150 -22.787
0.302 -52.417 -21.973
-0.270 -51.399 -25.595
-3.354 -53.576 -25.805
-4.835 -52.908 -22.364
-4.717 -49.152 -23.388
-6.514 -49.997 -26.567
-9.111 -51.888 -24.502
-9.819 -48.907 -22.204
-10.180 -46.711 -25.303
-12.653 -49.067 -26.935
-14.494 -50.318 -23.884
-14.904 -47.063 -22.017
-14.294 -44.243 -24.594
-11.154 -43.113 -22.815
-9.134 -40.774 -25.051
-6.003 -42.920 -24.839
-3.217 -43.327 -27.359
-0.119 -45.440 -27.909
2.979 -43.484 -29.029
5.037 -46.192 -30.764
8.322 -44.386 -30.396
11.544 -45.614 -31.886
14.826 -45.207 -29.900
15.501 -41.619 -28.784
18.559 -40.398 -26.924
20.039 -37.131 -25.589
22.769 -35.942 -23.195
20.241 -37.103 -20.407
19.890 -40.652 -21.695
20.518 -43.368 -19.068
24.193 -44.357 -18.921
23.401 -48.048 -19.462
21.864 -47.513 -22.932
24.299 -48.036 -25.761
24.498 -44.493 -27.095
25.191 -42.844 -23.733
27.559 -45.647 -22.792
29.535 -44.830 -25.926
29.446 -41.028 -25.609
30.460 -41.187 -21.887
33.288 -43.670 -22.576
34.628 -41.800 -25.584
34.520 -38.519 -23.619
36.535 -40.160 -20.781
39.013 -41.449 -23.335
39.419 -37.988 -24.792
40.104 -36.644 -21.299
42.540 -39.430 -20.359
40.240 -40.814 -17.684
39.746 -44.171 -19.376
41.613 -46.155 -22.077
39.195 -48.812 -23.253
35.614 -49.986 -22.839
33.607 -53.060 -23.922
30.334 -53.398 -25.859
28.141 -56.309 -26.868
26.619 -56.644 -30.370
28.273 -54.080 -32.667
26.101 -54.973 -35.635
22.700 -54.059 -34.240
20.970 -51.445 -36.305
18.719 -48.701 -34.943
16.604 -45.716 -35.836
17.944 -43.080 -33.379
16.223 -39.726 -32.850
16.564 -36.991 -30.145
14.303 -37.225 -27.125
13.486 -33.482 -27.058
11.916 -33.772 -30.556
9.968 -36.875 -29.506
8.274 -35.595 -26.433
6.746 -32.889 -28.582
5.034 -35.722 -30.512
3.527 -37.129 -27.328
1.851 -33.798 -26.644
0.712 -33.515 -30.295
-0.994 -36.932 -30.084
-3.100 -35.691 -27.151
-4.083 -32.492 -29.096
-5.431 -34.606 -32.059
-9.241 -34.591 -32.387
-9.484 -38.368 -32.136
-7.288 -40.749 -30.135
-5.021 -42.632 -32.566
-1.770 -44.598 -32.268
1.318 -43.335 -34.079
4.841 -44.435 -34.939
7.353 -41.612 -34.219
10.842 -42.157 -35.708
13.496 -40.813 -38.020
13.309 -43.493 -40.779
17.166 -43.446 -40.923
19.193 -46.371 -39.711
22.719 -46.805 -38.261
24.635 -49.543 -36.515
26.176 -49.507 -33.059
29.503 -49.746 -34.884
28.753 -46.473 -36.741
27.729 -44.730 -33.515
31.158 -45.814 -32.047
33.004 -44.654 -35.226
31.279 -41.262 -35.343
31.763 -40.629 -31.615
35.561 -41.284 -31.833
35.727 -39.012 -34.895
34.408 -36.198 -32.691
37.364 -36.613 -30.417
39.870 -36.743 -33.309
40.192 -40.460 -33.668
39.595 -42.979 -36.380
38.636 -46.361 -35.144
39.762 -49.463 -37.050
38.186 -52.852 -36.371
39.971 -56.200 -36.200
38.969 -59.679 -35.286
35.562 -61.292 -35.064
32.697 -62.006 -32.696
33.654 -61.650 -29.079
37.290 -61.178 -30.120
36.677 -58.139 -32.264
38.382 -54.904 -31.150
38.343 -51.251 -32.273
41.875 -49.808 -32.379
43.043 -46.194 -32.858
44.354 -45.784 -36.432
47.040 -43.283 -35.364
48.294 -44.779 -32.141
47.219 -48.353 -32.573
45.780 -48.318 -29.019
42.795 -50.640 -28.387
39.828 -48.553 -27.254
36.839 -50.923 -27.763
36.472 -54.626 -26.999
33.477 -56.985 -27.062
32.106 -59.001 -24.140
29.299 -61.551 -24.618
27.845 -60.525 -21.266
26.380 -57.415 -23.030
24.577 -59.531 -25.686
20.841 -60.358 -25.330
19.510 -64.002 -25.682
17.088 -62.795 -28.375
18.416 -59.726 -30.157
16.356 -57.142 -32.059
18.607 -56.866 -35.057
17.134 -53.987 -36.944
14.555 -51.204 -36.537
13.488 -48.459 -39.033
10.315 -46.549 -38.423
7.884 -45.133 -40.954
6.282 -42.067 -39.404
4.204 -41.039 -42.503
0.959 -41.092 -40.497
2.367 -38.747 -37.773
3.836 -36.432 -40.376
0.505 -36.096 -42.132
-1.850 -35.947 -39.196
0.245 -34.205 -36.539
2.601 -32.104 -38.617
5.453 -33.649 -36.571
8.901 -34.183 -38.043
12.233 -35.237 -36.481
14.616 -32.229 -36.319
17.884 -33.576 -34.952
19.521 -36.046 -37.387
21.974 -38.735 -36.349
25.250 -36.921 -36.979
24.190 -34.012 -34.844
22.780 -36.302 -32.135
26.181 -38.023 -31.798
28.117 -34.764 -31.752
25.845 -33.255 -29.115
26.121 -36.295 -26.824
29.869 -36.637 -27.052
30.364 -32.882 -26.612
28.057 -32.754 -23.574
29.823 -35.739 -21.998
33.258 -34.170 -22.575
32.021 -31.033 -20.695
30.393 -33.125 -18.007
33.497 -35.305 -17.429
35.898 -32.351 -17.597
34.207 -31.282 -14.382
33.279 -34.572 -12.556
