-64.189 -1.098 2.974
-67.012 -1.376 5.568
-64.625 -2.505 8.349
-62.007 0.123 7.470
-64.851 2.625 7.960
-65.669 1.047 11.353
-62.002 1.454 12.370
-61.950 5.106 11.196
-65.273 5.841 12.910
-64.286 4.671 16.339
-60.850 6.357 16.014
-62.537 9.639 15.082
-64.601 9.322 18.235
-61.499 8.831 20.369
-59.984 11.918 18.765
-63.135 13.886 19.223
-63.110 12.960 22.898
-59.436 13.889 23.326
-60.166 17.186 21.614
-63.128 17.983 23.851
-61.203 17.129 26.980
-58.364 19.391 25.791
-60.753 22.404 25.533
-60.197 23.582 29.070
-56.537 22.492 29.331
-53.779 25.086 29.726
-51.648 26.113 26.859
-48.427 24.060 26.699
-46.675 26.625 24.500
-47.404 29.277 21.858
-45.952 29.704 18.373
-45.761 32.352 15.788
-45.988 30.717 12.366
-43.523 31.236 9.572
-45.710 29.433 6.983
-49.398 29.289 5.988
-51.240 25.981 6.296
-54.525 25.019 4.626
-56.404 21.867 5.785
-58.877 22.048 2.895
-57.351 19.098 1.029
-56.357 16.352 3.330
-57.237 13.087 4.985
-55.801 11.456 8.109
-56.818 14.596 9.934
-57.901 13.120 13.305
-61.420 14.551 13.056
-62.738 15.625 9.664
-63.194 19.397 9.332
-61.321 20.093 12.557
-57.847 20.907 11.293
-56.686 24.436 11.977
-55.764 26.444 8.968
-53.537 29.484 9.472
-51.576 32.122 7.702
-47.881 32.972 8.080
-47.267 35.143 11.199
-50.310 33.840 12.960
-50.224 32.854 16.614
-51.172 29.389 17.778
-51.760 28.011 21.235
-50.719 24.375 21.560
-52.334 22.435 24.358
-51.469 18.765 23.767
-49.861 16.161 21.501
-52.355 13.982 19.632
-49.681 12.086 17.669
-46.420 12.639 15.660
-48.433 14.378 12.961
-50.939 16.488 14.939
-51.141 18.608 18.040
-54.286 19.933 19.661
-54.685 23.643 19.985
-56.095 26.783 18.569
-55.609 29.832 16.435
-55.358 32.854 18.666
-58.390 34.581 17.218
-61.689 35.545 18.805
-63.909 32.661 17.749
-61.408 29.814 17.027
-62.021 26.748 19.072
-59.785 23.807 19.671
-58.669 21.809 16.663
-55.853 19.836 15.138
-52.669 21.658 14.261
-50.089 19.948 12.041
-46.786 19.222 13.779
-43.531 20.542 12.345
-42.680 16.978 11.265
-45.918 16.851 9.285
-45.339 20.243 7.753
-41.817 19.255 6.759
-43.105 15.981 5.333
-45.682 18.022 3.424
-42.833 20.209 2.172
-40.798 17.198 0.938
-43.918 15.743 -0.743
-44.453 19.090 -2.442
-40.799 19.068 -3.607
-41.173 15.476 -4.932
-44.332 16.489 -6.749
-42.432 19.458 -8.178
-39.649 17.324 -9.617
-42.199 14.891 -11.024
-43.800 17.533 -13.251
-40.595 17.589 -15.377
-41.068 21.206 -16.443
