-12.374 42.545 -6.930
-9.984 43.377 -4.087
-12.207 41.694 -1.492
-12.727 38.630 -3.687
-8.965 38.445 -4.175
-8.449 38.744 -0.404
-11.073 36.103 0.355
-9.537 33.770 -2.233
-6.170 34.385 -0.603
-7.640 33.548 2.822
-9.140 30.341 1.418
-5.763 29.257 0.035
-4.173 29.887 3.419
-6.830 27.852 5.247
-6.522 24.921 2.822
-2.709 24.818 2.800
-2.685 25.283 6.562
-5.269 22.523 7.218
-3.644 20.048 4.828
-2.172 16.934 6.329
-0.290 16.542 3.026
1.273 18.963 0.477
-1.556 20.451 -1.614
-1.223 20.891 -5.356
-2.617 23.300 -7.929
-5.288 20.784 -9.022
-6.701 20.347 -5.526
-6.591 24.037 -4.613
-8.360 25.068 -7.860
-11.100 22.424 -7.471
-11.957 23.352 -3.893
-11.867 27.143 -4.333
-13.719 26.731 -7.635
-11.061 29.052 -9.137
-9.215 28.202 -12.377
-5.729 29.013 -11.082
-2.853 29.233 -13.537
0.443 27.812 -12.164
1.844 31.318 -12.228
-1.224 32.903 -10.616
-1.147 30.362 -7.763
2.512 30.970 -6.987
1.835 34.734 -7.017
-0.943 34.303 -4.441
1.353 32.175 -2.308
4.092 34.839 -2.581
1.683 37.493 -1.262
0.791 35.360 1.764
4.497 34.739 2.460
5.016 38.504 2.181
2.341 39.049 4.864
3.999 36.416 7.102
7.297 38.260 6.784
5.524 41.583 7.437
3.634 40.530 10.583
6.515 38.504 12.023
5.146 34.966 11.656
7.465 32.017 12.335
6.359 29.952 9.332
6.281 30.124 5.520
4.604 28.339 2.641
7.026 26.293 0.500
6.531 24.821 -2.969
8.035 21.334 -2.759
7.677 19.092 -5.838
4.385 20.631 -6.930
2.886 20.486 -3.436
2.585 23.512 -1.137
2.982 23.179 2.639
3.827 25.304 5.671
7.234 24.917 7.316
8.632 26.732 10.370
11.582 29.101 9.895
15.156 27.736 10.265
15.562 30.172 13.125
13.649 27.748 15.343
15.144 24.543 13.979
16.729 23.609 17.299
13.461 24.050 19.190
11.540 22.032 16.612
14.130 19.275 16.877
13.621 19.021 20.643
9.883 18.655 20.066
9.607 16.341 17.059
12.764 14.327 17.705
