63.291 31.926 13.474
61.517 28.773 12.280
62.105 25.253 13.546
61.429 22.339 11.234
61.260 22.531 7.461
60.495 25.524 5.290
60.048 26.412 1.635
63.237 27.856 0.127
63.629 31.517 -0.771
64.639 30.235 -4.230
61.148 28.808 -4.812
59.688 32.305 -4.282
61.818 33.546 -7.169
60.486 30.884 -9.542
56.924 31.748 -8.583
57.637 35.465 -9.141
58.833 34.800 -12.700
55.868 32.586 -13.490
53.515 35.465 -12.765
55.579 38.235 -14.291
56.169 40.431 -11.233
59.905 40.611 -11.889
62.818 40.027 -9.518
62.602 39.882 -5.748
65.161 41.264 -3.349
66.796 38.482 -1.297
65.249 39.757 1.934
61.787 39.852 0.302
62.072 36.246 -0.973
63.346 35.041 2.443
60.489 36.769 4.243
57.898 35.252 1.899
59.428 31.770 2.106
59.301 32.035 5.870
55.770 33.415 5.932
54.372 30.781 3.578
56.076 28.031 5.602
54.425 29.381 8.756
51.076 29.366 6.909
51.649 25.803 5.699
52.317 24.573 9.260
49.119 26.312 10.465
47.032 24.792 7.644
48.410 21.291 8.300
47.987 21.678 12.072
44.333 22.786 11.807
43.637 20.082 9.216
45.068 17.437 11.585
42.833 18.845 14.352
39.790 18.409 12.073
40.938 14.895 11.182
41.304 13.948 14.867
38.075 15.640 15.899
36.511 13.180 13.414
38.458 10.300 14.995
40.476 9.568 11.834
44.238 9.005 11.554
44.802 9.745 7.883
44.679 13.359 6.727
42.316 13.927 3.812
41.976 16.601 1.152
38.654 17.372 2.886
40.522 18.166 6.131
42.776 20.524 4.127
39.762 22.251 2.523
38.177 22.754 5.960
41.479 24.172 7.241
41.753 26.567 4.273
38.289 27.842 5.147
39.514 28.704 8.673
