12.848 -4.040 -40.877
14.029 -2.514 -37.583
12.937 1.135 -37.253
9.267 1.806 -37.989
7.412 5.103 -37.901
4.213 6.698 -39.110
2.990 10.269 -39.406
-0.628 10.781 -40.483
-3.105 13.669 -40.658
-5.992 11.719 -39.097
-5.938 9.019 -36.403
-5.326 5.846 -38.471
-5.493 2.125 -37.678
-2.319 0.030 -37.415
-2.593 -3.667 -36.559
0.584 -5.363 -35.421
0.544 -9.121 -35.729
3.618 -10.803 -34.296
3.798 -14.284 -35.797
3.896 -16.602 -32.785
7.243 -18.268 -32.070
8.222 -21.307 -34.178
11.117 -23.652 -34.994
12.791 -22.165 -38.106
15.953 -21.862 -40.198
17.145 -18.808 -38.289
15.612 -15.695 -36.759
12.738 -16.082 -34.323
12.967 -19.722 -33.234
12.537 -20.683 -29.572
13.255 -16.988 -28.825
12.157 -13.518 -30.031
14.198 -10.358 -30.551
13.342 -7.264 -28.526
10.756 -4.780 -29.794
9.025 -1.522 -28.965
6.039 0.434 -30.215
5.097 3.885 -28.961
2.213 5.907 -30.342
0.159 8.978 -29.483
-3.437 9.596 -28.464
-3.538 13.355 -28.392
-0.573 14.550 -26.295
-0.567 11.286 -24.372
1.685 8.389 -25.399
1.304 4.609 -25.144
4.343 2.346 -24.899
4.531 -1.427 -25.345
8.013 -2.957 -25.348
9.870 -6.133 -24.448
13.527 -7.207 -24.441
14.743 -10.629 -25.613
12.010 -13.304 -24.982
11.844 -17.132 -25.066
8.095 -17.087 -24.721
5.140 -15.223 -26.284
4.804 -12.568 -23.552
1.715 -10.691 -22.306
3.065 -7.354 -23.584
3.479 -8.988 -27.004
-0.181 -9.968 -26.798
-1.132 -6.524 -25.510
0.044 -4.621 -28.629
-1.895 -7.035 -30.812
-5.172 -6.904 -28.855
-5.255 -3.106 -28.496
-7.196 -1.296 -31.245
-4.475 1.216 -32.128
-5.358 4.458 -33.915
-2.907 7.382 -33.981
-1.173 10.057 -36.054
2.330 9.344 -34.740
3.962 5.947 -34.279
7.595 5.208 -33.461
8.873 1.675 -33.025
11.966 -0.510 -33.106
11.647 -4.215 -33.900
14.342 -6.914 -33.689
16.750 -4.834 -31.655
20.257 -6.309 -31.712
20.867 -8.678 -28.799
24.250 -6.902 -28.536
25.319 -5.859 -25.126
22.947 -5.966 -22.158
19.404 -7.137 -21.618
16.446 -5.953 -19.639
13.569 -3.537 -20.176
15.726 -0.489 -19.391
17.697 -1.268 -22.561
14.713 -1.708 -24.893
13.664 0.966 -27.454
11.936 3.277 -27.878
12.642 5.747 -25.026
10.357 8.479 -23.645
11.083 11.728 -21.789
9.122 14.960 -21.412
10.553 18.285 -22.518
8.437 21.421 -22.747
5.258 19.684 -21.642
5.421 17.218 -24.538
6.403 13.531 -24.364
9.396 12.914 -26.597
9.897 9.502 -28.206
13.241 8.219 -29.539
14.290 5.138 -31.510
17.838 4.488 -32.722
19.245 1.813 -35.025
23.002 1.446 -35.238
26.108 1.414 -33.062
28.190 4.238 -31.564
31.878 3.837 -30.709
33.655 5.785 -27.959
30.471 7.700 -27.144
30.703 9.530 -23.809
28.378 12.576 -23.581
28.700 14.943 -20.617
26.077 14.090 -17.940
23.282 16.642 -17.857
19.639 17.305 -16.982
18.470 14.054 -18.554
20.203 10.837 -17.554
19.760 7.354 -19.026
18.086 4.708 -16.846
19.585 1.878 -18.922
23.077 1.363 -20.304
22.360 1.664 -24.027
24.331 4.085 -26.166
20.975 4.852 -27.779
19.507 6.225 -24.539
22.714 8.107 -23.725
22.343 9.726 -27.158
18.661 10.490 -26.536
19.285 12.252 -23.237
22.275 14.156 -24.623
20.251 15.412 -27.592
17.565 16.394 -25.095
20.140 18.286 -23.028
21.262 20.282 -26.055
17.683 21.199 -26.921
16.907 22.136 -23.306
20.075 24.253 -22.981
19.617 26.083 -26.289
15.846 26.492 -25.750
14.814 26.847 -22.067
11.301 27.737 -23.177
9.081 26.009 -25.796
10.098 27.092 -29.276
8.506 26.269 -32.689
9.884 23.258 -34.611
11.931 25.181 -37.166
13.819 26.910 -34.368
14.858 23.738 -32.533
15.398 21.933 -35.861
19.065 23.025 -36.256
20.017 21.635 -32.845
18.492 18.272 -33.825
20.488 18.082 -37.061
23.657 19.169 -35.282
23.533 16.443 -32.648
22.710 13.779 -35.240
25.672 14.909 -37.340
28.009 14.530 -34.384
26.665 11.120 -33.408
27.105 9.757 -36.949
30.782 10.723 -36.724
31.092 7.976 -34.077
29.061 5.252 -35.791
25.722 4.381 -37.412
22.962 6.733 -36.307
19.576 6.096 -37.890
16.961 7.681 -35.634
13.316 8.608 -35.211
12.287 11.385 -32.817
8.914 12.899 -32.098
7.152 15.121 -29.624
3.758 13.776 -30.704
3.285 16.427 -33.400
6.110 16.069 -35.879
8.275 13.054 -36.543
11.938 13.808 -37.109
13.894 11.218 -39.143
17.640 10.957 -39.659
19.431 8.501 -41.928
23.044 7.377 -41.587
22.945 3.827 -42.949
19.549 3.151 -44.475
16.000 4.383 -44.006
13.049 4.684 -46.374
9.476 5.963 -46.589
6.252 5.997 -48.581
3.415 8.518 -48.508
-0.080 7.317 -49.330
-2.717 9.859 -50.351
-6.466 9.287 -50.270
-8.010 7.451 -51.881
-5.992 4.370 -50.963
-6.913 0.778 -50.185
-5.694 -1.483 -47.350
-2.003 -2.357 -47.387
-0.106 -5.091 -45.603
3.475 -4.449 -44.630
5.472 -7.322 -43.287
8.735 -8.666 -41.872
9.543 -12.336 -41.657
7.854 -12.709 -38.262
5.660 -9.615 -38.306
2.703 -8.073 -40.131
1.336 -4.549 -39.879
-1.915 -3.953 -41.704
-3.341 -0.637 -42.825
-6.973 0.002 -43.783
-8.691 2.148 -46.412
-9.032 5.938 -46.111
-11.062 7.567 -43.320
-11.727 10.798 -45.245
-11.034 11.882 -48.843
-8.150 14.003 -47.524
-6.115 11.337 -45.731
-2.326 11.383 -45.955
-0.335 8.690 -44.154
3.417 8.170 -44.314
5.266 5.061 -43.219
8.999 5.103 -42.451
11.058 1.905 -42.129
14.704 0.834 -42.210
13.882 -0.499 -45.681
10.758 -0.991 -47.848
8.302 -3.484 -46.393
6.123 -3.504 -49.514
7.378 -4.212 -53.045
8.816 -0.850 -54.175
6.135 1.587 -55.319
6.580 5.143 -54.101
9.188 3.914 -51.647
11.777 6.658 -51.558
15.199 5.615 -50.254
17.102 7.976 -47.970
20.877 8.476 -48.214
23.460 9.040 -45.491
23.063 12.457 -43.851
19.488 13.016 -44.984
16.899 14.133 -42.474
13.200 14.797 -42.945
10.671 16.478 -40.693
7.197 15.040 -40.958
3.924 16.320 -39.578
0.484 15.327 -40.797
2.075 12.873 -43.223
3.535 15.810 -45.123
7.158 16.811 -45.464
7.673 20.068 -43.529
11.410 20.398 -44.258
14.337 18.178 -45.298
