25.972 32.218 107.017
26.287 28.846 108.767
23.667 28.757 111.514
24.207 25.013 111.938
27.985 24.999 112.412
28.152 28.249 114.368
29.595 31.803 114.159
33.264 30.785 114.295
33.589 27.751 112.000
34.311 29.488 108.679
36.829 32.211 107.909
37.080 34.812 105.165
38.891 32.921 102.401
37.053 32.995 99.055
36.323 29.251 99.151
34.909 29.595 102.670
32.781 32.635 101.810
31.346 30.579 98.938
30.673 27.621 101.230
32.925 25.293 99.205
34.143 23.631 102.415
30.770 21.895 102.745
29.661 18.488 101.397
29.175 18.252 97.629
30.909 21.447 96.456
30.474 22.547 92.786
33.718 21.035 91.457
32.605 20.376 87.866
34.806 23.158 86.446
37.571 22.858 89.058
41.069 21.658 88.191
42.089 18.073 88.894
45.030 18.849 91.165
45.785 17.560 94.664
47.478 19.066 97.745
50.307 16.597 97.083
51.088 18.671 93.991
50.258 21.919 95.773
51.510 25.352 94.744
54.773 26.308 93.061
54.588 29.895 94.308
53.029 31.935 97.134
49.245 31.775 97.119
46.258 29.904 98.503
44.404 26.980 96.951
41.365 25.048 98.136
41.092 21.278 97.709
38.206 18.841 97.737
37.701 15.084 97.587
35.369 12.481 99.039
35.603 8.918 100.285
33.227 6.316 101.667
33.672 4.516 104.966
32.106 1.236 106.046
33.886 0.491 109.301
33.193 -2.534 111.565
29.945 -1.968 113.444
30.092 -2.591 117.179
33.506 -0.949 117.511
34.578 2.481 118.772
37.425 3.383 116.406
39.482 6.593 116.720
40.393 8.159 113.374
43.116 10.781 112.904
44.334 12.853 109.959
48.139 12.878 110.075
50.410 15.388 108.326
54.043 14.532 107.681
56.917 16.688 108.937
60.137 14.687 108.565
62.114 17.531 106.970
64.745 19.377 109.025
63.999 22.904 107.786
60.193 23.243 107.629
58.453 24.842 104.662
56.226 27.783 105.585
52.592 26.942 104.881
49.199 26.907 106.612
46.395 24.387 106.236
42.783 24.335 107.419
41.228 20.873 107.641
37.540 20.502 106.757
35.608 17.248 107.256
31.932 17.421 106.124
31.974 21.206 106.504
33.367 21.204 110.052
36.808 22.745 110.423
38.760 20.293 112.557
42.287 21.554 112.281
44.656 24.426 111.695
48.067 23.148 110.649
51.075 25.472 110.516
54.020 23.512 109.150
56.632 26.003 110.346
55.297 26.447 113.891
53.701 23.223 115.143
53.441 21.163 117.202
50.320 19.342 115.993
50.575 16.873 113.111
47.832 14.437 114.150
44.222 15.631 114.082
41.533 13.394 115.580
37.995 13.781 114.216
35.120 11.996 115.992
32.594 9.590 114.553
29.495 11.753 114.135
31.495 14.380 112.268
32.977 11.576 110.167
30.405 9.145 108.759
31.566 5.566 109.383
28.971 4.070 107.031
28.571 6.703 104.355
30.202 9.337 102.186
32.611 11.874 103.652
33.702 15.168 102.164
37.249 16.274 102.884
38.426 19.799 102.094
41.621 21.734 102.719
42.896 25.253 102.226
46.652 25.348 101.532
48.324 28.719 102.039
51.943 28.809 100.835
53.929 31.527 102.606
57.288 31.030 100.914
58.614 31.803 97.440
59.053 28.108 96.636
55.358 27.365 97.095
54.182 24.396 99.156
52.750 20.882 99.007
51.937 17.999 101.321
54.503 15.200 101.276
52.508 12.879 103.518
48.842 13.173 104.526
46.951 10.126 105.755
43.823 9.007 107.574
44.736 6.424 110.197
43.056 4.615 113.073
44.148 3.447 116.501
42.982 0.328 118.385
39.375 -0.622 117.501
37.492 -0.971 120.792
34.820 -3.693 120.973
32.071 -1.512 122.445
28.613 -1.511 124.002
28.316 2.162 123.084
25.197 2.775 121.013
25.420 3.683 117.329
26.709 7.233 116.892
24.295 9.471 115.001
25.869 11.731 112.386
25.359 15.394 113.193
23.687 17.773 110.747
26.079 18.322 107.816
24.553 21.035 105.553
25.602 20.532 101.935
27.004 23.299 99.757
24.384 25.683 98.367
25.093 28.710 96.173
25.078 31.687 98.548
23.384 34.978 97.739
25.666 38.002 97.895
28.761 35.804 97.974
32.074 37.110 96.627
