25.346 10.150 119.935
29.054 9.112 119.765
31.666 11.671 118.526
34.946 13.598 119.146
35.128 17.225 120.354
38.909 17.368 119.864
38.825 18.141 116.170
37.272 21.564 116.718
33.729 20.417 116.225
30.861 18.095 116.528
27.758 16.639 115.084
24.922 19.127 115.573
21.946 16.834 116.153
18.171 16.796 116.552
16.015 14.136 118.379
15.610 11.842 115.341
19.325 10.891 115.334
19.707 8.763 118.501
16.015 7.939 118.861
12.738 6.860 117.354
11.762 10.528 116.980
11.977 13.527 114.671
12.744 17.053 113.586
10.216 19.512 115.001
11.533 22.645 113.324
9.400 25.614 112.239
10.220 28.516 109.963
11.386 31.636 111.754
13.324 34.822 110.991
13.489 37.098 114.002
16.965 35.876 114.993
18.912 37.744 112.353
21.742 40.065 113.119
20.267 42.832 110.893
16.614 42.651 112.036
17.550 42.215 115.689
19.826 45.237 116.108
17.447 47.264 113.904
15.600 48.838 116.832
16.081 52.036 118.849
17.963 52.235 122.156
19.047 55.076 124.471
22.812 55.709 124.897
22.713 58.969 126.834
21.190 62.435 126.875
21.897 66.011 125.981
21.762 69.018 128.222
22.246 72.527 126.920
24.950 74.590 128.667
23.550 77.648 126.892
20.792 79.641 125.151
19.849 79.620 121.509
21.277 83.162 121.362
24.823 82.639 122.485
28.242 81.237 121.917
28.399 77.537 122.686
30.752 76.109 125.277
31.505 72.636 126.524
29.557 72.139 129.680
29.053 69.433 132.211
26.491 69.141 134.979
25.808 66.188 137.215
27.330 63.914 134.568
25.256 65.568 131.839
26.892 67.067 128.744
26.019 69.621 126.056
27.724 67.309 123.616
27.881 63.626 122.821
29.813 60.884 121.101
27.984 58.634 118.658
29.204 55.154 119.557
27.737 52.093 121.294
30.849 51.847 123.398
31.362 53.705 126.673
32.188 57.395 126.569
32.860 60.528 128.570
34.842 63.673 129.212
38.448 62.372 128.863
39.791 60.703 131.986
42.878 61.920 133.917
45.028 60.842 136.919
43.355 63.872 138.501
39.753 63.167 137.261
37.812 63.410 133.944
38.597 66.706 132.176
35.090 68.188 131.940
35.931 71.253 129.908
36.189 68.954 126.910
34.375 66.917 124.349
33.608 63.328 125.304
35.790 60.537 123.999
35.761 56.781 123.974
36.454 55.147 127.321
37.715 51.600 127.988
35.263 50.712 130.712
31.882 51.541 132.182
31.708 53.670 135.338
29.310 54.573 138.147
28.296 58.243 138.327
28.966 57.980 142.079
28.952 55.705 145.160
26.132 53.274 144.255
26.310 51.557 140.820
23.758 53.864 139.184
23.453 55.990 137.385
26.452 55.827 135.190
29.067 58.502 134.660
29.608 57.044 131.212
27.327 56.968 128.200
26.769 53.928 126.002
24.490 51.264 124.530
24.272 48.970 127.597
22.188 46.457 125.630
24.751 46.252 122.851
27.571 45.845 125.401
25.852 43.073 127.411
25.197 41.406 124.045
27.602 41.803 121.108
28.501 38.207 120.120
31.024 39.529 117.584
34.489 41.035 117.035
33.797 43.626 114.363
30.746 45.377 112.982
29.447 47.988 110.659
26.348 49.831 109.714
24.666 53.137 109.276
23.355 54.902 112.338
19.851 56.214 112.830
19.688 58.860 115.535
16.733 60.085 117.548
16.697 63.107 119.850
13.654 63.357 122.127
12.685 66.243 124.415
12.616 65.539 128.157
10.685 68.709 129.008
7.308 70.331 128.318
8.076 73.961 127.489
7.754 75.458 124.036
11.091 74.394 122.577
13.854 76.480 121.030
16.790 74.334 120.063
19.710 73.837 117.751
21.590 70.652 117.009
24.892 70.219 115.242
26.330 67.007 113.837
29.717 66.033 112.489
31.432 62.920 111.114
34.145 61.068 113.034
37.461 63.002 112.927
36.024 66.392 111.894
36.982 69.709 113.508
34.765 70.633 116.474
34.850 74.257 115.299
33.668 75.146 118.787
34.422 78.810 118.042
32.701 82.153 118.774
29.356 83.487 117.585
29.906 85.376 114.311
26.389 86.885 114.289
25.162 88.325 117.613
22.065 86.966 119.372
22.158 83.752 117.344
23.425 80.201 118.000
27.121 79.586 117.284
26.442 75.877 116.631
24.166 76.851 113.685
27.098 78.698 112.090
28.511 75.885 109.969
28.240 74.148 106.589
27.953 70.894 108.480
24.637 69.176 108.907
22.720 71.127 111.515
19.138 71.104 112.729
16.786 73.850 113.891
13.793 73.039 116.042
11.403 75.563 117.472
7.811 76.100 118.488
4.904 74.585 120.378
4.379 70.898 119.469
7.774 70.753 117.704
9.773 68.513 120.021
11.711 65.651 118.488
14.535 65.322 116.042
15.094 62.228 113.970
17.638 61.304 111.320
20.124 58.946 109.775
23.848 59.147 109.126
26.184 57.012 107.013
28.941 54.720 108.116
31.445 57.600 108.127
34.609 56.023 109.481
38.042 55.865 107.839
38.170 52.247 108.969
36.752 49.326 106.955
34.995 47.860 110.013
34.562 48.772 113.678
35.622 47.011 116.856
32.518 45.777 118.708
34.467 45.775 121.984
38.245 45.820 121.961
41.117 47.003 119.812
44.261 45.126 120.798
46.687 47.890 119.900
47.937 51.415 120.666
46.186 54.468 119.196
49.415 56.438 118.667
52.527 55.657 116.647
54.594 56.061 119.790
52.521 53.263 121.328
52.217 55.087 124.631
48.588 55.941 124.611
45.009 54.745 124.735
45.571 51.035 124.191
42.419 48.983 123.343
40.768 51.903 121.520
40.732 52.156 117.724
40.926 55.665 116.222
37.903 57.214 114.551
35.997 54.110 115.564
32.742 56.074 115.892
29.907 57.749 113.996
30.791 61.347 114.743
29.137 63.667 117.166
26.458 65.857 118.484
26.486 69.311 119.985
23.434 71.023 121.408
22.318 74.507 122.382
19.000 76.130 123.317
16.350 75.699 126.002
15.740 71.984 126.006
17.298 68.796 127.291
16.881 65.584 125.337
17.084 61.824 125.514
19.318 60.436 122.782
18.792 57.094 121.112
20.588 55.197 118.371
19.511 52.496 115.895
21.684 50.042 113.934
20.861 50.375 110.233
21.750 47.574 107.837
24.057 46.074 110.375
26.765 43.580 109.646
28.885 41.541 111.926
32.079 39.519 111.807
34.297 36.975 113.553
32.199 35.662 116.480
33.350 36.088 120.066
32.248 35.745 123.683
29.525 37.865 125.242
29.643 39.776 128.514
29.860 37.500 131.530
26.822 36.747 133.641
27.013 36.293 137.410
26.654 32.765 138.750
23.835 32.459 141.342
25.298 32.554 144.942
