204.921 257.873 140.023
208.419 256.464 139.501
210.815 256.871 142.431
207.838 257.619 144.683
207.389 256.272 148.215
207.478 258.689 151.156
206.745 255.856 153.595
207.651 258.004 156.600
210.296 260.484 157.776
209.038 262.090 161.002
210.793 260.377 163.886
214.025 260.219 161.900
213.949 263.998 161.366
212.828 264.894 164.904
215.690 262.887 166.407
218.520 263.874 164.032
218.013 267.588 164.838
219.348 267.009 168.368
222.112 264.523 167.533
225.356 265.918 166.106
226.778 264.756 162.736
229.044 262.232 164.469
226.385 261.033 166.921
223.695 260.697 164.261
226.110 258.812 161.998
226.435 256.025 164.586
222.667 255.624 164.611
222.609 255.950 160.810
224.681 252.784 160.657
222.630 251.166 163.418
219.468 252.067 161.481
220.854 250.603 158.255
220.569 253.938 156.451
224.234 253.947 155.401
223.840 250.923 153.102
220.199 249.937 153.562
220.926 247.086 155.972
220.374 247.690 159.732
223.355 246.640 161.833
223.851 246.274 165.580
225.827 248.782 167.638
228.703 246.295 167.732
229.156 246.788 163.983
228.896 250.580 164.166
231.020 251.216 167.245
233.654 248.721 166.149
233.518 250.303 162.693
234.646 253.610 164.181
236.670 253.266 167.393
234.209 252.935 170.275
232.082 250.319 172.047
228.319 250.257 172.643
228.955 252.782 175.409
229.411 255.548 172.820
225.926 255.199 171.334
224.816 254.375 174.862
226.127 257.815 175.783
224.459 259.495 172.792
221.086 257.926 173.630
221.417 259.465 177.095
222.500 262.971 176.068
220.052 262.767 173.171
217.281 262.338 175.727
218.466 265.422 177.605
218.601 267.435 174.387
215.224 266.087 173.226
213.499 267.550 176.291
212.620 270.765 174.468
212.110 270.364 170.680
210.299 267.016 170.856
208.212 265.472 173.648
209.824 262.035 173.354
209.976 260.967 169.701
213.291 259.203 170.378
211.635 256.949 172.934
208.620 256.016 170.810
210.705 255.705 167.637
213.288 253.537 169.394
210.521 251.529 171.040
208.730 250.955 167.730
212.015 250.199 165.951
213.121 247.358 168.262
211.341 244.268 169.656
210.108 246.230 172.689
206.574 245.721 171.378
204.537 242.707 172.494
203.502 240.171 169.872
