-12.014 -4.913 -105.228
-15.046 -6.099 -103.286
-16.642 -9.209 -101.871
-17.812 -10.013 -105.403
-14.219 -10.619 -106.520
-13.908 -13.188 -103.748
-17.401 -14.633 -104.231
-16.562 -15.250 -107.880
-13.573 -17.320 -106.780
-15.765 -19.105 -104.205
-18.475 -19.977 -106.753
-15.800 -21.354 -109.035
-14.347 -23.621 -106.346
-17.829 -24.798 -105.409
-18.335 -26.047 -108.952
-15.327 -28.370 -108.936
-14.099 -31.335 -106.956
-12.605 -30.331 -103.624
-8.819 -30.205 -103.581
-7.549 -31.638 -100.315
-4.742 -29.398 -99.068
-1.300 -30.992 -98.948
1.207 -30.288 -96.188
4.320 -28.413 -97.300
6.151 -28.669 -93.979
9.516 -30.455 -93.937
10.907 -31.914 -90.686
8.986 -30.356 -84.569
8.766 -30.080 -80.788
6.556 -27.346 -79.347
9.454 -25.843 -77.392
11.354 -25.101 -80.608
8.261 -23.615 -82.207
7.830 -21.142 -79.340
11.270 -19.900 -80.417
10.033 -18.639 -83.795
8.904 -15.104 -83.067
7.789 -12.261 -85.351
10.301 -9.367 -85.449
8.113 -6.515 -84.210
10.358 -4.142 -86.188
9.005 -5.848 -89.316
5.309 -5.079 -88.770
3.533 -4.530 -92.076
2.742 -0.815 -92.439
5.253 0.090 -89.724
6.356 2.664 -92.304
2.860 3.877 -93.159
0.823 6.567 -91.474
-1.959 4.391 -90.089
-2.790 3.191 -86.588
-3.285 -0.396 -87.837
-0.312 -2.760 -88.173
0.004 -6.384 -89.308
2.183 -9.212 -88.013
2.395 -12.797 -89.203
2.383 -16.343 -87.898
4.944 -18.906 -88.938
4.138 -22.417 -90.082
5.090 -25.420 -87.975
3.550 -28.371 -86.116
-0.129 -28.708 -87.030
-0.164 -25.491 -89.063
1.077 -27.567 -91.986
-0.643 -25.596 -94.748
-0.236 -21.880 -95.503
-2.725 -19.103 -96.120
-2.133 -16.589 -98.908
-2.193 -12.976 -97.805
-2.662 -10.034 -100.178
-2.696 -6.294 -99.530
-5.283 -4.194 -101.351
-4.039 -0.673 -102.010
-5.848 2.077 -103.928
-4.426 0.934 -107.258
-3.370 -2.680 -106.804
-3.699 -6.087 -105.205
-0.215 -7.049 -104.015
0.611 -10.512 -102.721
2.337 -10.251 -99.340
5.173 -12.726 -99.889
6.417 -14.973 -97.091
9.965 -14.442 -95.843
11.932 -15.878 -92.905
13.254 -12.339 -92.415
9.967 -11.369 -90.755
10.883 -13.635 -87.868
13.654 -14.547 -85.459
14.294 -18.277 -85.076
17.254 -18.483 -82.751
17.652 -22.258 -82.463
15.688 -23.490 -85.519
16.998 -24.034 -89.071
15.210 -21.475 -91.309
17.628 -21.763 -94.254
16.587 -19.778 -97.332
16.418 -23.251 -98.885
14.737 -25.218 -96.108
11.863 -22.719 -95.916
11.548 -22.436 -99.704
7.963 -23.712 -99.889
6.738 -22.097 -96.667
4.074 -19.432 -96.399
2.372 -17.587 -93.550
0.301 -19.700 -91.150
-1.973 -16.780 -90.336
-1.862 -13.142 -89.278
-2.745 -10.713 -86.497
-3.812 -7.066 -86.449
-2.229 -4.448 -84.168
-3.804 -1.219 -82.983
-3.195 1.357 -80.214
-6.454 0.311 -78.542
-5.086 0.665 -75.011
-2.544 3.492 -75.343
-1.166 5.670 -78.157
2.424 4.452 -77.755
1.666 0.736 -78.052
0.390 -1.356 -80.950
-1.566 -4.063 -79.136
-3.100 -7.111 -80.799
-6.829 -6.827 -81.446
-7.285 -9.662 -83.937
-5.733 -13.049 -84.561
-6.693 -15.059 -87.637
-5.161 -18.532 -87.340
-6.197 -22.135 -87.973
-9.167 -23.395 -89.968
-11.531 -20.434 -90.188
-10.991 -19.397 -86.562
-10.090 -15.954 -85.275
-9.790 -14.239 -81.910
-10.778 -10.657 -81.174
-10.483 -8.248 -78.253
-11.581 -4.794 -77.212
-9.761 -2.305 -74.977
-8.322 -3.617 -71.730
-9.197 -7.187 -72.692
-7.257 -10.426 -72.935
-7.843 -13.133 -75.550
-10.651 -15.515 -74.682
-13.281 -17.108 -76.927
-12.942 -17.494 -80.692
-15.282 -17.041 -83.627
-15.156 -18.899 -86.945
-16.225 -18.155 -90.460
-18.249 -21.361 -90.558
-18.978 -24.687 -88.839
-20.046 -27.971 -90.436
-21.599 -31.086 -88.866
-20.482 -30.065 -85.386
-21.399 -32.687 -82.771
-22.712 -35.124 -85.409
-21.561 -38.761 -84.901
-20.341 -38.810 -88.509
-17.704 -36.248 -87.546
-17.379 -32.481 -87.763
-15.918 -30.994 -90.947
-13.612 -27.988 -90.442
-13.518 -25.433 -93.263
-10.575 -23.059 -93.498
-9.689 -19.600 -94.749
-7.140 -20.145 -97.522
-6.665 -16.566 -98.693
-7.020 -13.043 -97.341
-7.250 -9.585 -98.887
-6.461 -6.841 -96.404
-6.975 -3.328 -97.694
-4.480 -0.625 -96.757
-6.262 1.834 -94.444
-6.115 5.586 -94.930
-4.129 7.379 -92.175
-7.437 8.755 -90.934
-9.266 5.388 -90.901
-10.421 3.812 -87.633
-11.605 0.648 -89.365
-9.757 -2.148 -91.148
-11.364 -4.182 -93.952
-10.423 -7.820 -94.502
-11.694 -10.136 -97.232
-11.420 -13.914 -96.878
-11.898 -16.939 -99.128
-13.176 -20.035 -97.341
-12.843 -23.577 -98.678
-14.151 -26.813 -97.203
-14.806 -30.338 -98.549
-18.495 -29.583 -99.039
-18.579 -25.778 -98.890
-16.877 -22.534 -99.927
-17.422 -18.893 -99.055
-16.530 -15.234 -99.451
-16.232 -12.938 -96.461
-15.866 -9.246 -95.860
-14.813 -8.302 -92.341
-14.769 -4.758 -90.977
-12.923 -4.554 -87.674
-13.775 -1.554 -85.514
-11.571 -1.410 -82.376
-12.684 0.412 -79.245
-13.883 -0.250 -75.692
-15.747 -2.939 -77.593
-14.110 -4.154 -80.772
-16.981 -4.690 -83.211
-16.548 -6.841 -86.298
-18.952 -6.431 -89.193
-19.450 -9.642 -91.171
-20.933 -10.233 -94.616
-20.682 -13.655 -96.200
-21.696 -15.544 -99.308
-21.646 -19.290 -98.761
-21.881 -21.979 -101.429
-22.375 -25.677 -100.799
-20.271 -27.901 -103.029
-22.541 -30.656 -101.709
-25.281 -31.247 -99.130
-24.301 -31.288 -95.457
-26.051 -32.508 -92.350
-25.512 -29.312 -90.380
-24.442 -25.769 -91.206
-23.257 -23.513 -88.387
-23.557 -19.795 -89.114
-21.701 -17.129 -87.078
-20.069 -19.730 -84.785
-18.413 -18.958 -81.444
-16.128 -21.296 -79.527
-15.309 -20.949 -75.865
-14.266 -22.820 -72.764
-15.796 -23.617 -69.376
-13.966 -25.763 -66.799
-15.908 -25.174 -63.579
-17.862 -22.506 -61.686
-20.337 -22.020 -58.824
-23.002 -23.931 -60.783
-20.662 -26.933 -60.871
-17.611 -26.304 -58.638
-14.237 -27.933 -59.165
-14.132 -31.439 -57.631
-10.413 -30.986 -56.923
-9.222 -28.283 -54.541
-8.349 -25.118 -56.465
-7.656 -21.645 -55.103
-9.585 -20.426 -58.139
-13.318 -20.256 -57.377
-14.102 -20.383 -61.110
-12.271 -21.011 -64.393
-13.878 -20.206 -67.761
-13.841 -17.910 -70.819
-17.647 -17.811 -70.882
-20.252 -18.978 -68.382
-23.478 -18.765 -70.352
-25.257 -18.638 -73.711
-27.427 -15.552 -74.062
-30.207 -15.396 -76.635
-32.653 -12.712 -77.713
-35.252 -14.961 -79.321
-37.237 -14.272 -82.434
-40.286 -13.600 -80.265
-38.510 -11.144 -77.996
-37.872 -13.421 -75.026
-34.412 -13.280 -73.462
-32.943 -16.681 -72.583
-29.900 -17.477 -70.446
-28.381 -20.956 -70.539
-25.580 -21.299 -67.950
-22.756 -23.471 -69.299
-21.719 -26.890 -68.020
-18.755 -29.219 -68.407
-20.843 -32.430 -68.744
-19.478 -35.944 -68.409
-20.952 -36.609 -71.874
-21.276 -34.589 -75.099
-24.287 -32.279 -74.798
-26.201 -30.658 -77.663
-28.943 -28.137 -76.860
-31.170 -26.640 -79.531
-33.296 -23.530 -79.217
-35.637 -23.668 -82.208
-37.027 -20.376 -83.404
-37.553 -18.133 -86.403
-35.581 -14.953 -87.099
-33.227 -14.855 -84.090
-32.619 -11.325 -82.839
-29.276 -12.175 -81.247
-27.152 -14.652 -79.295
-23.692 -14.824 -77.764
-21.362 -16.574 -75.308
-21.102 -14.226 -72.340
-18.777 -13.802 -69.398
-21.069 -12.380 -66.686
-19.396 -11.518 -63.382
-16.031 -9.838 -63.846
-14.816 -9.211 -60.304
-11.323 -10.669 -60.099
-12.284 -12.535 -56.924
-14.358 -14.959 -58.995
-11.148 -16.117 -60.695
-8.116 -15.136 -58.654
-5.770 -16.035 -61.549
-3.123 -13.360 -62.190
-1.563 -15.047 -65.230
-4.628 -15.845 -67.335
-6.955 -13.026 -66.208
-10.253 -14.708 -67.170
-11.939 -11.657 -65.645
-10.682 -9.608 -68.610
-11.781 -12.028 -71.369
-14.498 -10.850 -73.825
-18.121 -11.784 -74.211
-19.084 -12.157 -77.871
-22.515 -11.127 -79.080
-23.746 -11.890 -82.591
-26.358 -9.586 -84.104
-27.963 -10.822 -87.338
-28.819 -8.203 -89.951
-32.152 -9.295 -91.347
-34.399 -12.297 -90.900
-32.539 -15.587 -90.765
-35.697 -17.676 -90.849
-36.241 -21.101 -89.320
-33.477 -22.859 -87.461
-31.787 -23.157 -84.090
-29.298 -21.381 -81.903
-27.378 -24.493 -80.916
-25.079 -25.066 -77.936
-22.494 -27.837 -77.797
-20.806 -28.697 -74.494
-17.860 -31.070 -74.588
-16.439 -32.990 -71.601
-12.982 -31.726 -70.646
-10.630 -32.120 -67.677
-8.406 -29.264 -68.750
-8.783 -25.593 -69.596
-6.275 -26.055 -72.429
-8.830 -27.086 -75.026
-12.072 -25.255 -75.872
-15.160 -27.285 -75.014
-17.958 -24.868 -75.888
-19.472 -24.158 -79.285
-22.432 -21.988 -80.265
-24.036 -21.026 -83.550
-27.103 -20.540 -85.653
-27.969 -23.527 -87.784
-30.773 -23.217 -90.391
-33.451 -25.898 -90.595
-33.191 -26.164 -94.361
-30.426 -25.464 -96.804
-30.777 -24.541 -100.489
-29.467 -26.764 -103.302
-25.656 -27.034 -103.704
-24.227 -24.158 -105.726
-27.022 -21.867 -104.570
-25.797 -18.681 -102.856
-26.479 -17.952 -99.199
-26.114 -14.435 -97.816
-25.456 -13.819 -94.116
-24.807 -10.409 -92.608
-24.084 -9.862 -88.923
-21.854 -8.075 -86.428
-19.908 -9.648 -83.594
-19.357 -7.448 -80.540
-16.459 -8.371 -78.248
-17.232 -6.655 -74.969
-16.808 -6.572 -71.171
-20.032 -4.621 -70.667
-22.526 -7.465 -70.348
-25.260 -5.158 -69.040
-25.011 -3.283 -72.360
-25.508 -6.551 -74.228
-28.923 -6.928 -72.590
-32.192 -5.026 -72.704
