14.427 4.241 17.967
14.788 7.736 16.515
11.289 8.869 15.587
11.934 10.187 12.082
13.581 6.884 11.181
10.490 5.000 12.344
8.711 7.464 10.078
10.647 6.176 7.071
9.710 2.609 7.977
6.020 3.515 8.095
6.227 4.986 4.606
8.179 1.987 3.308
5.637 -0.396 4.836
2.885 1.460 2.967
4.855 0.963 -0.255
5.218 -2.747 0.458
1.904 -3.771 1.983
-0.637 -0.999 1.569
-2.352 1.679 3.645
-4.925 -0.714 5.118
-2.330 -3.024 6.696
-0.301 -0.042 7.958
-3.250 1.988 9.231
-4.597 -1.032 11.134
-1.178 -1.733 12.633
-0.651 1.864 13.758
-4.169 1.862 15.203
-3.301 -1.204 17.290
-0.649 0.834 19.125
-2.707 4.006 19.448
-0.885 5.979 16.764
-2.681 9.235 15.993
-4.017 9.356 12.399
-1.682 11.217 10.034
0.717 11.462 12.973
3.766 13.594 12.206
6.995 12.634 13.969
9.476 15.360 14.911
13.334 15.319 14.806
13.769 15.179 18.600
11.235 12.387 19.079
12.168 8.871 20.169
9.819 5.923 19.670
9.932 2.953 22.053
11.581 -0.072 20.399
8.779 -2.240 21.765
6.195 -0.076 20.023
8.072 -0.623 16.769
8.177 -4.362 17.486
4.418 -4.407 18.018
3.737 -2.487 14.801
5.790 -5.015 12.827
4.155 -7.925 14.642
0.764 -6.677 13.381
2.049 -6.288 9.824
3.338 -9.869 10.065
-0.040 -11.088 11.327
-1.952 -9.280 8.580
0.299 -10.130 5.652
1.126 -13.650 6.780
4.808 -12.867 6.259
7.499 -13.710 8.805
8.808 -10.647 10.668
12.371 -11.318 9.504
11.284 -11.370 5.862
9.477 -8.077 6.462
12.590 -6.459 7.933
14.636 -7.706 4.993
12.165 -6.214 2.488
11.931 -2.982 4.490
15.725 -2.678 4.468
15.854 -3.205 0.706
13.148 -0.601 0.071
14.009 1.924 2.762
17.087 3.217 0.938
14.754 4.777 -1.636
12.779 6.353 1.201
15.992 7.673 2.793
17.101 9.130 -0.564
13.877 11.163 -0.668
13.717 12.278 2.973
17.460 12.672 3.594
18.829 13.532 0.109
21.981 15.243 1.426
23.469 11.895 2.490
23.342 10.613 -1.093
24.359 13.575 -3.258
27.670 13.241 -5.065
28.721 9.998 -3.401
29.873 6.558 -4.499
28.617 3.433 -2.727
31.875 2.833 -0.838
31.916 6.409 0.506
28.262 6.099 1.509
28.873 2.888 3.443
32.012 4.138 5.189
30.263 7.221 6.592
27.326 5.327 8.089
28.887 4.729 11.498
29.395 8.467 11.956
25.939 9.331 10.634
24.266 7.064 13.163
26.249 8.598 16.023
25.299 12.082 14.819
21.576 11.447 14.463
21.274 9.915 17.946
23.545 12.255 19.948
20.706 14.122 21.642
18.498 11.166 22.534
18.435 10.024 26.169
20.206 6.690 26.508
21.479 6.649 22.931
22.107 3.155 21.605
22.687 3.495 17.861
24.011 0.526 15.938
27.754 0.643 15.246
28.555 0.084 11.561
32.331 0.359 11.353
33.668 -0.363 7.889
37.332 -0.894 7.092
39.116 -1.431 3.765
40.535 -4.949 3.478
41.528 -4.991 -0.195
41.591 -2.723 -3.247
38.079 -3.939 -4.064
36.546 -4.728 -0.669
35.623 -3.557 2.821
34.525 -5.354 5.966
31.510 -3.868 7.686
30.640 -4.962 11.199
27.144 -4.452 12.560
27.072 -4.234 16.376
23.831 -3.694 18.307
21.740 -5.178 21.099
18.793 -5.009 18.685
20.078 -7.834 16.452
18.432 -6.443 13.315
20.484 -8.576 10.909
17.857 -8.731 8.167
17.315 -4.971 8.111
21.091 -4.397 8.037
21.569 -6.812 5.107
18.547 -5.392 3.325
19.855 -1.824 3.497
23.168 -2.971 2.043
21.396 -4.685 -0.861
19.183 -1.638 -1.371
22.247 0.615 -1.300
23.860 -1.446 -4.057
20.710 -1.066 -6.153
20.371 2.673 -5.524
23.989 3.457 -6.391
23.942 1.029 -9.315
27.145 -0.608 -8.080
27.205 -4.399 -8.005
28.647 -5.999 -4.898
28.938 -9.468 -3.433
28.295 -9.890 0.275
29.746 -12.744 2.319
29.346 -13.276 6.037
32.684 -13.382 7.820
31.298 -14.147 11.270
28.515 -13.434 13.732
28.124 -13.602 17.490
26.454 -12.394 20.665
27.981 -11.270 23.970
26.656 -9.279 26.923
23.483 -8.535 24.997
25.227 -7.213 21.880
24.755 -9.018 18.569
27.418 -8.682 15.877
27.434 -9.473 12.172
30.560 -8.939 10.080
30.296 -9.094 6.308
32.815 -8.714 3.506
31.589 -6.425 0.727
33.418 -6.907 -2.579
32.959 -4.486 -5.483
33.265 -5.473 -9.153
35.798 -2.716 -9.785
38.567 -1.507 -7.438
37.623 1.347 -5.112
40.891 1.802 -3.212
44.595 2.157 -3.951
47.559 1.869 -1.578
48.942 5.110 -0.169
51.734 5.758 2.333
50.549 6.021 5.940
