24.686 29.584 17.616
23.586 28.232 14.252
21.423 25.693 15.539
19.767 27.845 17.984
19.066 30.488 15.423
17.618 27.655 13.280
15.263 26.933 16.127
14.266 30.426 16.824
13.579 30.951 13.147
11.066 28.020 13.286
9.713 29.391 16.553
9.099 32.772 14.964
7.463 31.231 11.856
5.158 29.321 14.203
4.172 31.963 16.661
4.021 34.729 14.147
2.528 32.923 11.041
1.301 29.515 11.751
-0.834 30.798 14.697
-2.073 33.741 12.699
-5.791 33.227 11.925
-6.011 30.502 14.482
-8.859 30.559 16.882
-7.132 31.336 20.144
-8.198 32.268 23.731
-7.724 35.874 24.742
-4.933 34.825 27.097
-3.116 32.903 24.294
-3.502 35.978 21.923
-1.950 38.267 24.406
0.835 35.869 24.987
1.518 35.413 21.382
1.999 39.155 21.017
4.355 39.105 23.827
6.444 36.334 22.560
6.760 38.029 19.171
8.177 41.189 20.787
10.594 39.133 22.840
11.694 37.265 19.782
12.334 40.510 18.109
14.473 41.947 20.829
16.571 38.947 21.321
18.042 39.352 17.749
20.336 42.061 18.853
22.137 39.664 20.912
23.888 38.027 18.074
25.459 41.388 16.997
28.871 40.819 18.621
29.127 37.755 16.523
29.234 39.790 13.409
31.576 42.544 14.921
14.921 50.220 -0.318
12.395 52.140 1.732
13.128 55.315 3.818
14.037 54.641 7.421
15.325 56.874 10.187
18.896 56.675 11.394
17.842 55.677 14.929
15.498 52.943 13.791
18.047 50.946 11.766
17.968 47.396 12.936
21.072 45.141 13.614
23.608 47.991 13.229
26.901 46.195 12.920
28.890 49.372 12.577
28.158 53.018 12.380
30.166 56.226 12.391
30.964 59.566 10.663
32.983 59.300 7.498
33.704 61.584 4.560
32.189 60.085 1.420
32.538 60.715 -2.267
31.680 58.782 -5.358
34.585 58.173 -7.826
32.735 59.475 -10.702
32.104 62.756 -8.804
35.679 63.006 -7.816
36.857 63.190 -11.384
34.653 66.287 -11.707
36.158 67.830 -8.610
33.245 67.425 -6.112
33.963 67.913 -2.487
33.838 65.122 0.086
30.525 65.132 2.114
30.380 64.399 5.819
27.990 61.428 6.230
26.839 59.211 9.132
27.344 55.795 7.728
25.711 52.616 8.977
26.007 49.049 8.161
22.595 47.597 8.977
22.688 43.909 8.344
24.109 43.585 4.749
23.150 47.131 3.746
25.204 50.127 3.866
23.383 53.388 4.659
24.357 56.978 4.617
22.731 59.961 6.224
23.286 63.704 6.884
23.710 62.980 10.609
22.787 60.279 13.070
19.432 61.941 13.889
17.997 62.192 10.400
14.681 60.520 9.697
15.570 59.354 6.245
18.775 58.288 4.334
20.514 60.158 1.539
21.197 56.786 -0.253
22.137 53.220 0.538
23.444 50.076 -1.186
23.582 46.341 -0.476
27.174 45.218 -0.225
26.813 41.792 -1.687
29.362 41.514 -4.389
31.313 44.596 -3.539
34.955 44.737 -2.817
36.620 46.934 -0.271
40.232 48.178 0.262
42.512 50.685 1.723
43.591 53.094 -0.917
46.087 55.810 0.016
46.035 57.555 -3.354
42.590 59.172 -3.113
43.750 62.271 -1.479
46.820 64.595 -1.689
46.861 65.891 1.966
47.928 64.512 5.412
44.612 62.620 5.798
45.364 60.239 2.903
46.105 57.250 5.251
42.457 57.375 6.264
41.064 56.245 3.025
39.218 53.193 1.625
36.910 52.456 -1.141
33.849 50.215 -1.690
33.635 48.933 -5.202
30.080 48.022 -6.818
29.744 45.153 -9.654
27.822 47.661 -11.942
31.135 49.612 -11.761
29.962 52.289 -8.987
32.670 53.284 -6.552
32.328 54.891 -3.140
35.336 56.613 -1.553
35.703 57.344 2.069
37.954 59.219 4.508
37.775 58.000 7.973
38.737 60.012 11.069
42.052 58.136 11.596
44.128 55.401 10.031
42.698 53.024 12.514
39.159 54.084 11.904
39.618 53.220 8.339
41.263 49.902 8.907
38.417 48.862 11.295
35.847 49.743 8.591
37.735 47.742 5.914
38.125 44.760 8.351
34.413 44.802 9.380
33.291 45.166 5.834
35.695 42.535 4.571
34.450 40.122 7.246
30.828 40.542 6.167
31.755 40.309 2.441
33.445 37.024 2.716
32.583 35.253 5.733
28.929 34.843 4.937
29.699 33.430 1.517
