34.381 0.429 1.402
31.968 -0.214 4.260
30.906 -3.789 5.006
27.235 -2.807 4.912
26.803 0.308 2.773
23.240 -0.847 2.125
22.155 0.189 5.628
23.433 3.744 5.108
21.399 6.093 2.890
22.257 9.560 1.600
20.160 12.681 1.996
19.554 12.443 -1.756
18.245 8.879 -1.394
15.860 9.931 1.353
14.476 12.905 -0.574
13.817 10.642 -3.568
11.964 8.092 -1.422
9.679 10.491 0.462
6.679 8.944 -1.295
7.875 5.329 -1.416
4.976 3.309 0.041
7.460 0.882 1.598
9.508 3.606 3.325
8.879 5.102 6.773
11.248 7.867 7.892
11.625 8.551 11.618
13.429 11.463 13.314
15.066 10.371 16.573
16.582 13.259 18.543
18.102 13.673 21.981
16.073 16.898 21.973
12.510 15.560 21.910
11.097 18.943 20.845
13.213 19.561 17.748
10.955 17.542 15.422
8.017 19.818 16.192
9.843 22.852 14.773
10.390 21.202 11.402
11.240 17.812 9.927
11.636 15.805 6.731
8.296 15.524 4.889
6.414 12.372 5.844
8.771 11.736 8.754
7.448 10.701 12.153
8.787 11.456 15.603
10.275 9.065 18.128
10.463 10.279 21.736
13.027 7.766 23.032
12.255 7.557 26.758
8.499 7.555 26.246
8.467 5.251 23.210
11.320 2.799 23.856
11.643 2.666 27.659
9.370 0.913 30.135
7.634 3.634 32.156
8.765 2.262 35.531
11.683 -0.177 35.301
15.015 0.242 33.543
14.375 -1.831 30.441
13.040 -1.392 26.931
9.398 -1.921 26.022
8.317 -5.511 25.373
8.238 -7.215 21.973
4.458 -6.889 22.084
4.657 -3.165 22.833
7.210 -2.690 20.067
4.786 -4.241 17.570
1.988 -1.876 18.627
4.295 1.115 18.279
5.230 0.055 14.738
1.604 -0.351 13.652
0.722 3.090 15.000
3.644 4.476 12.996
2.385 2.766 9.844
5.327 0.369 9.916
5.129 -3.302 8.893
7.689 -6.135 8.989
8.801 -5.563 5.386
8.925 -1.769 5.746
12.175 0.028 4.924
12.628 2.125 8.077
14.896 5.165 7.709
16.338 6.883 10.773
17.892 10.328 11.226
18.374 12.824 14.030
20.517 15.543 15.575
23.984 15.138 17.126
25.646 13.284 14.227
22.863 10.661 14.440
23.714 9.807 18.036
20.105 8.966 18.957
19.196 7.735 15.499
21.927 5.091 15.846
20.360 4.148 19.152
17.025 3.632 17.402
18.888 1.580 14.783
20.233 -0.667 17.544
16.813 -1.030 19.143
15.139 -1.904 15.835
17.780 -4.578 15.262
17.321 -5.774 18.843
13.721 -6.417 17.786
14.899 -8.075 14.572
13.729 -5.515 12.014
15.254 -6.646 8.723
15.429 -3.391 6.778
16.600 -0.438 8.863
18.782 2.310 7.419
20.544 5.395 8.782
20.709 8.672 6.833
24.364 9.662 6.582
24.824 13.177 7.949
21.623 13.156 9.961
19.325 16.120 10.489
22.418 18.332 10.415
23.268 17.619 6.781
19.651 17.741 5.563
19.192 21.185 7.124
22.589 22.435 5.954
21.693 21.480 2.371
18.331 23.245 2.558
16.226 20.229 1.639
12.425 20.141 2.298
11.261 20.775 5.869
7.725 20.914 7.223
5.869 21.084 10.528
3.071 18.997 9.053
2.829 15.578 10.669
1.825 12.499 8.598
-1.273 10.339 9.088
-0.424 6.872 7.776
-2.756 3.873 7.797
-1.974 1.321 10.541
0.880 -1.012 9.745
0.862 -4.787 10.149
3.689 -5.760 12.485
4.028 -9.313 13.784
5.410 -9.688 17.317
9.240 -9.743 17.099
11.767 -11.936 18.898
14.557 -10.054 20.717
18.072 -10.693 19.389
20.204 -11.130 22.511
