-14.967 -10.059 -5.424
-13.017 -12.138 -2.934
-10.070 -9.763 -2.881
-10.273 -7.063 -0.201
-9.307 -3.533 -1.167
-5.910 -2.324 -0.018
-6.247 0.568 2.401
-2.925 2.130 3.325
-3.372 4.135 6.504
-0.632 6.603 7.357
-0.214 5.987 11.068
3.167 7.686 10.995
5.335 9.734 8.664
4.758 13.176 7.135
1.367 11.961 5.972
0.504 10.612 9.401
-3.275 10.805 9.506
-3.817 10.004 5.846
-5.357 6.920 4.284
-5.768 5.575 0.770
-7.786 2.827 -0.875
-7.182 0.763 -3.989
-8.822 -2.085 -5.867
-7.575 -5.685 -5.872
-4.970 -6.413 -8.520
-3.764 -2.828 -8.650
-0.036 -2.395 -8.163
0.700 0.425 -5.748
4.222 1.719 -6.250
5.141 3.494 -3.036
8.070 5.858 -3.436
9.229 9.365 -2.610
8.436 11.155 -5.849
4.951 11.047 -7.321
6.572 10.565 -10.708
5.558 7.056 -11.700
4.308 6.062 -8.268
0.938 5.350 -6.698
2.048 6.920 -3.438
4.825 9.388 -2.715
6.086 10.346 0.723
8.452 13.236 1.335
10.111 11.713 4.378
13.516 11.652 2.726
14.082 8.178 4.118
11.956 7.142 1.163
13.494 7.004 -2.293
11.896 7.524 -5.685
11.743 3.780 -6.215
11.670 2.520 -2.647
9.294 -0.400 -3.034
6.201 -1.501 -4.918
2.943 -3.031 -3.745
1.177 -5.726 -5.731
-1.366 -8.499 -5.320
-1.109 -12.214 -5.997
-4.218 -13.636 -7.620
-6.453 -12.982 -4.637
-4.032 -11.652 -2.050
-1.781 -8.699 -1.317
1.998 -8.883 -1.197
4.828 -6.449 -0.572
8.294 -6.340 -2.088
11.213 -4.179 -1.022
12.801 -2.896 -4.209
16.174 -3.024 -2.496
15.391 0.384 -1.048
18.181 2.438 0.477
17.361 1.597 4.075
15.033 -1.387 4.130
11.341 -1.969 4.728
9.842 -3.169 7.990
6.671 -5.188 8.430
5.101 -5.119 11.874
8.378 -6.194 13.434
10.519 -7.700 10.700
12.805 -6.287 8.035
11.647 -7.235 4.558
14.026 -8.432 1.869
14.478 -7.617 -1.825
14.918 -11.241 -2.823
11.945 -12.103 -0.644
8.235 -11.411 -0.924
5.807 -11.354 1.980
2.025 -11.503 1.974
0.213 -8.498 3.392
-2.391 -8.974 6.098
-5.042 -7.154 8.094
-3.369 -4.762 10.504
0.125 -4.971 9.064
2.293 -1.983 9.902
4.798 -0.958 7.256
7.673 1.040 8.694
9.688 2.559 5.873
11.957 5.563 5.479
12.829 7.238 8.759
9.604 7.633 10.701
6.956 6.561 8.217
4.471 3.865 9.154
1.699 2.499 6.969
-1.195 0.397 8.208
-2.672 -2.276 5.972
-6.438 -2.597 6.168
-8.559 -4.944 4.089
-11.702 -3.155 2.972
