-7.471 29.049 81.466
-4.249 28.759 79.469
-2.694 25.630 78.006
0.546 26.112 79.923
-0.300 22.779 81.520
0.511 21.055 78.219
3.527 23.171 77.259
6.073 20.532 78.314
6.340 16.954 79.594
9.247 15.013 81.070
11.124 11.908 79.924
13.743 9.317 80.807
17.283 9.941 79.563
17.549 10.875 75.885
19.554 7.758 75.093
16.365 5.834 75.801
14.597 7.773 73.028
16.438 5.390 70.710
14.062 2.640 71.887
11.186 1.357 69.766
9.057 1.216 72.923
9.918 4.844 73.656
9.055 6.141 70.193
5.800 4.167 69.863
4.775 5.492 73.274
5.726 9.101 72.562
3.637 9.078 69.371
0.703 7.504 71.226
0.882 10.292 73.813
1.131 13.062 71.199
-2.017 11.804 69.466
-3.928 12.475 72.677
-2.088 15.337 74.433
-0.399 18.058 72.357
2.781 18.673 74.383
5.100 21.153 72.680
8.342 20.304 74.491
10.021 17.346 76.178
12.563 17.603 79.022
15.066 14.911 79.973
18.697 14.453 81.048
21.581 12.783 79.248
22.115 15.053 76.238
25.880 14.867 76.647
26.059 11.500 78.386
28.277 8.960 76.676
25.513 6.585 75.637
24.285 9.255 73.205
28.045 9.544 72.647
28.558 13.091 71.365
31.981 13.740 72.986
34.965 11.554 71.983
38.754 11.886 71.576
40.963 10.668 68.756
44.554 9.864 69.629
46.861 10.588 66.717
50.484 9.902 67.531
50.655 11.882 70.753
47.971 14.465 70.024
44.478 14.193 71.500
41.911 15.580 69.063
38.275 15.961 70.153
35.440 14.499 68.082
31.720 15.276 68.120
29.595 12.310 67.028
26.018 13.259 66.176
24.810 9.892 64.904
22.398 9.451 67.842
21.064 12.913 68.811
20.405 13.459 65.147
18.305 10.298 65.066
16.779 11.292 68.427
15.924 14.895 67.544
14.610 13.944 64.095
12.066 11.617 65.654
10.998 14.361 68.056
10.540 16.953 65.300
8.916 14.304 63.142
6.399 13.602 65.908
5.774 17.309 66.426
7.495 17.912 69.749
10.567 19.999 70.500
13.247 19.392 73.086
13.394 21.540 76.208
17.149 21.029 76.143
18.985 20.292 79.368
22.759 20.624 79.104
24.384 17.702 80.871
25.833 15.730 82.247
29.624 15.435 82.013
31.013 13.265 79.249
33.595 10.931 80.781
36.476 12.336 78.729
35.956 15.885 80.041
35.060 14.874 83.603
37.238 16.183 86.424
35.995 13.657 88.962
34.697 10.087 88.963
31.427 10.561 90.828
28.352 9.284 88.948
24.580 9.304 89.426
21.889 6.712 88.662
21.966 3.160 87.345
23.337 4.484 84.062
26.168 6.405 85.761
25.871 9.978 84.496
29.104 11.685 85.592
28.249 14.658 87.790
31.634 16.348 88.288
32.671 19.693 86.744
34.844 19.764 83.584
38.615 19.281 83.760
38.928 22.196 81.309
36.083 24.721 81.009
37.471 25.593 77.582
36.785 22.156 76.162
33.347 22.291 77.770
32.544 25.554 75.982
33.836 24.129 72.701
31.703 20.988 73.085
28.730 23.243 73.705
29.249 25.404 70.607
30.083 22.371 68.479
26.753 20.781 69.441
24.712 23.973 68.964
26.174 24.718 65.540
25.418 21.195 64.337
21.833 21.586 65.503
21.713 24.903 63.629
23.199 23.276 60.562
20.780 20.364 60.667
17.484 21.993 61.649
18.043 25.652 60.855
18.357 28.649 63.164
14.626 29.358 62.972
13.978 25.964 64.552
16.801 25.743 67.091
15.742 29.192 68.300
12.497 27.778 69.677
14.499 25.480 71.981
15.201 26.606 75.552
18.455 25.584 77.233
18.460 24.518 80.892
21.876 24.236 82.488
22.521 21.003 84.368
20.019 19.422 86.771
19.339 19.997 90.491
22.884 21.250 91.277
21.682 21.957 94.819
21.905 18.201 95.462
25.168 16.304 96.039
23.715 13.503 93.886
23.747 15.483 90.625
26.477 18.066 91.318
29.698 17.216 93.186
29.435 18.735 96.674
26.359 20.654 95.536
28.989 23.370 95.007
26.882 26.475 94.404
29.952 28.429 93.294
31.026 25.992 90.558
27.507 25.749 89.173
27.393 29.528 88.808
30.660 29.351 86.891
29.669 26.382 84.732
26.433 28.275 84.091
28.312 31.486 83.301
30.525 29.743 80.770
27.724 27.616 79.323
25.160 30.420 79.114
27.922 32.424 77.453
29.143 29.947 74.828
25.504 29.500 73.844
25.017 33.234 73.376
28.215 33.447 71.322
26.494 31.103 68.870
23.400 33.302 68.820
22.151 35.974 71.249
18.525 34.887 70.921
19.022 31.345 72.191
17.032 31.161 75.439
19.096 30.038 78.436
18.199 29.455 82.071
18.468 27.682 85.393
19.253 26.800 88.099
16.862 23.837 87.836
17.065 23.061 91.554
14.666 20.886 93.538
12.500 22.401 96.258
13.729 23.430 99.683
16.891 25.227 98.565
15.184 28.274 97.048
18.022 30.414 98.347
19.724 29.121 95.195
17.357 31.000 92.905
18.083 34.259 94.755
21.842 33.773 94.688
21.412 32.821 91.036
19.379 35.877 90.002
21.913 38.063 91.833
24.916 36.266 90.370
23.650 36.998 86.867
22.807 40.603 87.718
26.218 41.371 89.205
28.577 39.274 87.073
26.621 40.266 83.959
25.593 36.778 82.855
22.583 36.280 80.545
19.340 34.670 81.730
16.103 34.132 79.859
14.256 31.956 82.383
14.252 30.389 85.846
13.670 26.652 86.239
12.755 24.690 89.361
11.255 21.322 90.316
8.397 20.451 92.661
7.487 17.301 94.600
5.109 16.617 97.479
6.419 13.228 98.558
7.984 12.858 101.987
11.144 10.852 102.618
10.964 7.073 102.509
13.035 3.926 102.849
13.669 1.920 99.701
13.354 -1.852 99.736
15.386 -3.378 96.922
12.180 -3.287 94.830
10.138 -0.228 95.745
9.449 2.607 98.141
6.352 4.115 99.728
6.103 7.769 100.663
3.393 9.862 102.255
2.241 12.446 99.701
1.429 15.887 101.050
-1.564 17.836 99.671
-1.264 19.581 96.299
-1.469 22.845 98.266
2.187 22.457 99.211
3.227 22.412 95.553
0.972 25.265 94.449
2.293 27.403 97.295
5.855 26.794 96.149
4.943 27.856 92.614
3.335 30.935 94.137
6.375 31.472 96.368
9.297 31.139 93.953
7.347 33.292 91.483
7.451 36.053 94.080
11.207 35.755 94.533
11.515 36.545 90.832
9.163 39.528 90.798
11.190 40.765 93.774
14.566 40.258 92.110
16.520 42.226 89.517
14.953 40.072 86.807
11.241 40.595 87.692
9.945 39.635 84.263
11.764 36.330 83.810
9.576 33.384 82.813
9.245 30.623 85.397
9.511 26.990 84.319
8.751 23.964 86.486
10.854 21.596 84.386
10.096 18.567 86.553
7.228 17.647 88.867
4.983 14.843 90.139
3.782 13.585 93.524
6.679 11.280 94.332
10.183 11.945 93.017
10.915 8.219 92.936
10.677 5.916 89.870
9.498 3.090 92.135
6.687 4.582 94.162
3.427 2.694 93.405
1.510 5.934 93.951
2.279 7.010 90.346
0.392 3.989 88.942
-2.752 4.786 90.944
-6.182 6.443 90.451
-5.203 8.619 93.409
-2.194 10.088 91.634
-4.611 11.128 88.884
-7.251 12.872 90.987
-4.375 14.551 92.830
-2.679 15.973 89.740
-6.030 17.214 88.455
-5.980 20.312 90.663
-2.425 21.201 89.640
-3.127 21.069 85.901
-6.014 23.311 86.944
-4.041 25.912 88.935
-0.353 25.525 88.148
-0.787 27.774 85.125
-1.584 30.714 87.399
2.017 30.894 88.621
4.357 29.364 86.057
4.980 29.582 82.329
5.012 25.780 82.335
5.193 22.689 84.516
6.469 19.421 83.067
5.047 16.138 84.348
7.936 13.787 85.067
7.442 11.704 83.051
5.465 10.773 79.911
6.411 7.084 80.006
7.702 4.266 82.202
10.555 3.792 79.709
13.093 4.721 82.408
16.329 3.318 83.894
17.482 5.589 86.721
17.009 2.675 89.086
17.675 -0.090 86.563
15.338 -1.811 84.128
11.787 -1.990 85.495
10.939 -5.404 86.942
7.165 -5.456 86.401
4.232 -4.140 84.361
3.466 -1.756 87.253
6.401 -0.655 89.395
5.590 2.896 90.397
7.381 4.451 87.442
6.998 8.175 86.703
5.158 7.515 83.445
1.674 8.651 82.444
1.776 5.569 80.293
2.906 2.185 81.585
4.992 -0.115 79.388
3.229 -1.847 76.466
1.484 1.505 76.000
-0.960 1.010 78.834
-2.201 4.431 79.980
-2.315 5.012 83.736
-5.235 6.980 85.176
-3.082 10.124 85.308
-2.762 9.940 81.528
-6.507 10.577 81.264
-6.353 13.556 83.603
-4.185 15.356 81.056
-6.311 13.940 78.243
-9.465 15.313 79.900
-8.001 18.805 80.055
-7.968 19.040 76.249
-11.716 19.581 76.489
-10.992 22.818 78.374
-11.654 26.173 76.750
-9.820 29.411 77.597
