-17.803 -19.990 -10.850
-15.087 -21.663 -8.814
-16.570 -22.432 -5.418
-13.712 -24.841 -4.824
-11.091 -22.478 -3.456
-10.476 -22.577 0.277
-7.362 -22.017 2.354
-6.252 -22.763 5.894
-3.601 -20.392 7.189
-3.205 -18.465 3.956
-6.683 -17.231 4.799
-5.329 -15.734 8.001
-1.966 -14.591 6.693
-3.439 -12.533 3.879
-1.958 -12.437 0.397
-1.809 -8.660 0.195
1.301 -7.638 -1.704
2.315 -4.022 -2.175
1.202 -4.678 -5.732
-2.109 -6.302 -4.878
-2.951 -3.784 -2.179
-2.282 -1.052 -4.712
-4.521 -2.424 -7.438
-7.051 -3.596 -4.879
-7.233 -0.050 -3.567
-7.977 1.255 -7.041
-10.353 -1.668 -7.409
-12.225 -0.681 -4.272
-12.604 2.802 -5.704
-13.715 1.367 -9.025
-16.289 -1.047 -7.657
-17.720 1.445 -5.194
-17.062 4.129 -7.782
-15.303 6.086 -5.061
-12.578 8.603 -5.809
-9.206 8.713 -4.093
-5.720 9.770 -5.125
-2.271 9.994 -3.582
-0.474 13.026 -2.203
3.186 12.956 -3.165
5.342 15.277 -1.093
8.866 15.806 -2.367
11.381 16.145 0.442
15.143 16.211 0.849
17.624 17.548 -1.715
17.342 16.895 -5.433
20.463 14.753 -5.469
18.562 12.650 -2.960
14.874 13.446 -2.655
11.788 11.414 -1.836
8.127 11.814 -2.709
6.088 11.222 0.425
2.997 9.555 -0.985
0.157 10.068 1.464
-3.434 8.952 1.028
-6.561 9.156 3.151
-9.888 7.394 2.757
-13.097 7.335 4.764
-15.333 4.337 5.346
-19.008 5.041 5.919
-19.759 1.388 6.567
-17.414 1.833 9.505
-18.102 5.464 10.322
-14.401 6.254 10.400
-11.499 6.937 8.068
-7.953 5.678 7.665
-4.962 7.769 6.658
-1.563 6.828 5.286
1.729 8.578 4.629
4.827 6.741 3.467
8.074 7.800 1.835
8.674 5.391 -1.021
11.248 5.902 -3.749
9.216 6.682 -6.846
5.612 7.801 -7.133
4.883 4.149 -7.813
6.661 2.787 -4.761
5.524 5.492 -2.370
2.044 5.021 -3.782
2.153 1.258 -3.393
3.254 1.482 0.222
0.568 4.088 0.787
-2.073 1.829 -0.714
-0.964 -1.272 1.150
-1.106 1.071 4.119
-4.806 1.741 3.690
-5.338 -1.843 2.594
-3.778 -3.305 5.717
-5.917 -0.946 7.763
-9.049 -1.761 5.800
-8.470 -5.448 6.429
-7.873 -4.531 10.053
-11.039 -2.522 10.569
-12.990 -5.070 8.563
-13.626 -3.753 5.072
-11.577 -5.932 2.753
-10.820 -9.637 2.910
-7.728 -11.789 2.546
-6.703 -12.300 -1.061
-6.711 -15.560 -2.983
