59.699 51.348 103.229
56.308 50.274 104.557
53.685 50.234 101.837
50.388 48.707 100.749
50.001 46.376 97.775
48.723 49.289 95.676
51.801 51.357 96.538
54.105 48.410 95.822
52.479 47.760 92.435
52.590 51.462 91.590
56.279 51.547 92.527
57.016 48.516 90.349
55.373 50.159 87.336
57.137 53.485 87.936
60.529 51.758 88.230
60.149 49.607 85.123
58.902 52.573 83.093
61.853 54.680 84.234
64.193 51.850 83.166
62.655 51.025 79.783
60.935 53.525 77.419
59.160 50.572 75.788
57.094 49.909 78.909
53.618 51.363 78.463
50.407 51.100 80.470
46.971 50.870 78.854
43.445 50.215 80.004
40.202 51.795 81.115
40.678 54.775 83.443
44.409 54.222 84.049
45.390 57.748 83.031
44.195 60.951 84.662
42.020 58.930 87.057
45.088 56.989 88.155
43.134 53.737 88.037
39.938 52.781 89.853
42.184 51.265 92.535
44.921 53.918 92.175
47.522 51.395 91.006
48.612 53.674 88.148
48.222 56.939 90.069
50.663 59.626 88.949
52.142 57.663 86.047
50.397 59.695 83.338
51.587 62.958 84.882
55.143 61.625 84.963
55.419 59.692 81.685
52.845 61.296 79.392
49.757 60.099 77.452
51.885 58.110 74.988
52.952 55.757 77.775
49.891 55.696 80.013
46.823 55.534 77.826
43.150 55.421 78.643
41.477 53.106 76.169
37.950 52.742 74.817
35.771 50.355 76.831
36.756 47.118 75.071
38.693 44.230 76.575
39.208 42.728 73.112
40.784 46.012 71.998
42.894 46.182 75.176
44.233 42.615 75.143
44.578 42.383 71.360
46.202 45.794 70.904
48.581 44.932 73.738
49.444 41.745 71.856
50.103 43.729 68.681
52.223 46.247 70.602
54.249 43.461 72.218
54.859 41.676 68.931
56.109 44.893 67.330
58.381 46.485 69.919
56.706 47.743 73.082
56.359 45.992 76.437
52.725 46.718 77.372
51.162 46.263 80.766
47.462 46.023 79.988
44.877 46.367 82.706
41.490 44.674 82.757
39.504 46.679 85.308
38.126 43.590 87.056
39.162 39.999 86.385
35.435 39.385 85.858
35.660 41.409 82.666
38.393 39.465 80.905
35.750 37.522 78.963
34.846 40.088 76.301
38.530 39.885 75.367
38.797 36.138 75.920
39.475 35.132 72.329
42.262 37.695 72.084
43.803 36.243 75.236
43.543 32.542 74.388
43.665 32.572 70.574
46.096 35.410 69.847
48.215 36.028 72.957
48.683 32.513 74.312
49.395 30.877 70.950
51.483 33.487 69.127
54.943 32.065 69.858
53.785 28.485 69.246
51.811 28.992 66.027
54.552 31.163 64.505
57.332 28.695 65.228
58.855 31.290 67.526
58.985 33.992 64.835
56.692 36.302 66.834
56.576 36.766 70.607
54.296 38.360 73.197
56.243 40.184 75.941
53.123 41.585 77.582
51.500 41.600 80.991
47.774 41.601 81.683
47.019 42.949 85.172
43.627 42.471 86.810
42.095 42.876 90.288
40.444 39.636 91.434
38.899 37.680 94.301
35.813 37.982 96.458
35.227 39.282 99.964
34.443 42.780 98.689
30.653 42.626 98.225
31.212 42.571 94.472
28.437 40.182 93.502
28.749 38.258 90.222
31.164 40.598 88.429
33.394 42.335 90.986
34.470 39.141 92.766
35.560 36.424 90.310
38.788 34.400 90.423
39.079 33.097 86.805
42.685 31.847 87.015
41.577 28.313 86.036
40.597 29.623 82.592
44.144 30.910 82.149
46.046 27.960 83.616
44.106 25.649 81.273
45.314 27.727 78.303
48.777 26.632 77.161
51.097 29.563 76.545
50.100 31.801 79.442
52.080 32.254 82.641
49.761 32.991 85.566
50.675 34.795 88.791
48.513 35.707 91.805
50.151 37.759 94.579
49.161 38.168 98.229
51.717 40.539 99.794
53.082 44.004 98.962
56.609 42.565 98.793
55.635 39.906 96.237
53.484 42.395 94.322
56.434 44.631 93.439
58.940 41.826 92.929
56.759 39.637 90.742
55.216 42.439 88.662
58.742 43.647 87.891
59.686 40.057 87.023
56.625 39.739 84.771
57.444 42.965 82.920
60.923 41.593 82.222
59.632 38.129 81.276
59.267 37.662 77.501
56.379 35.211 77.941
52.803 36.553 78.318
51.863 36.879 81.997
48.364 37.187 83.476
48.908 38.991 86.787
46.078 38.718 89.334
45.799 41.154 92.245
43.305 40.126 94.992
41.551 43.452 95.510
40.579 42.763 99.122
44.342 42.802 99.756
45.110 46.098 97.964
45.441 48.038 101.245
44.749 45.402 103.900
48.299 45.650 105.229
51.482 47.706 105.062
54.583 45.543 104.663
58.254 46.459 104.265
59.050 46.873 100.582
62.605 47.773 99.494
62.836 50.939 97.400
65.845 49.454 95.608
