29.417 28.085 37.418
28.151 26.690 34.180
29.437 23.223 33.223
31.003 23.441 29.782
29.691 20.175 28.384
31.661 20.698 25.173
34.940 20.822 27.098
34.194 18.322 29.860
31.677 15.838 28.377
32.452 15.804 24.651
30.826 12.396 24.374
27.430 14.147 24.630
27.868 15.032 20.955
30.052 12.390 19.357
30.678 13.100 15.711
28.807 16.410 16.045
29.391 20.140 16.653
28.973 21.170 20.307
28.140 24.712 21.430
28.167 25.393 25.154
25.414 27.456 26.729
24.683 28.842 30.203
23.033 25.886 31.927
22.929 23.651 28.828
24.607 23.019 25.437
23.618 22.244 21.918
24.679 19.472 19.574
24.423 19.792 15.776
25.121 16.733 13.663
26.770 17.197 10.277
24.739 16.929 7.124
23.544 13.376 6.481
23.799 12.300 10.126
21.285 12.589 12.956
21.657 12.690 16.732
20.814 9.366 18.400
19.085 10.777 21.477
19.985 7.588 23.418
23.684 7.106 22.771
24.518 10.744 22.012
26.266 9.748 18.791
25.617 11.379 15.435
24.253 8.346 13.889
