4.230 10.128 64.353
7.605 10.730 62.643
10.335 8.168 62.113
14.043 8.832 62.512
15.691 9.335 59.164
18.500 6.881 58.370
21.871 8.475 57.605
24.536 7.646 55.070
26.294 4.500 56.199
23.097 2.582 57.118
23.092 -0.412 54.717
19.338 -0.180 54.275
19.976 2.799 51.984
21.880 0.545 49.584
19.556 -2.465 49.326
17.282 -3.081 46.379
13.843 -2.465 47.910
11.116 -5.110 47.577
7.873 -4.510 45.710
4.849 -3.617 47.702
2.238 -6.412 47.647
-0.062 -5.833 50.592
-1.477 -2.327 50.389
-3.741 -2.546 53.474
-1.410 -0.428 55.701
0.226 1.714 53.008
-2.048 4.752 53.475
-1.245 4.950 57.192
2.491 4.312 56.668
2.528 6.910 53.910
0.892 9.401 56.320
3.757 8.945 58.818
6.278 9.255 55.987
4.712 12.562 54.929
4.756 13.827 58.531
8.430 12.892 58.709
9.237 14.549 55.391
7.332 17.722 56.326
9.003 18.083 59.759
12.413 17.711 58.082
11.409 20.289 55.448
11.797 17.874 52.542
9.830 17.470 49.316
10.301 13.675 49.056
11.021 10.716 51.297
11.572 7.045 50.418
10.795 4.067 52.578
14.460 2.987 52.885
15.131 6.402 54.584
12.915 5.249 57.493
14.360 1.751 57.642
11.863 -0.059 55.384
13.242 -1.808 52.236
9.980 -1.386 50.281
9.346 0.206 46.885
7.429 3.178 48.314
8.012 6.926 48.453
6.031 10.075 49.120
6.574 13.466 47.552
4.875 16.819 47.289
4.444 19.657 44.825
2.660 22.567 55.408
0.179 19.825 54.431
-2.146 22.794 53.694
0.381 24.458 51.277
0.859 21.550 48.857
-0.516 21.626 45.275
-0.231 17.823 44.829
0.625 14.949 47.194
2.065 11.732 45.735
2.081 8.344 47.381
3.979 6.172 44.983
4.433 2.399 45.226
6.245 0.175 42.769
7.323 2.999 40.463
8.903 2.272 37.063
10.202 4.944 34.722
8.903 3.927 31.291
10.097 6.993 29.341
12.704 9.698 29.744
13.721 12.643 27.603
16.315 15.369 27.954
19.169 15.981 30.331
19.368 18.893 32.781
21.944 19.484 35.559
20.577 20.768 38.834
20.966 21.087 42.632
20.131 18.211 44.977
20.762 17.298 48.580
19.338 14.498 50.756
18.083 14.214 54.289
20.309 11.139 54.762
23.338 13.350 53.908
22.372 16.512 55.800
23.965 19.695 54.584
25.626 18.123 51.556
24.663 19.245 48.022
25.718 18.948 44.428
24.737 21.682 41.923
25.410 19.526 38.822
23.283 16.353 39.196
22.139 15.271 35.723
18.496 14.150 35.381
15.966 13.521 32.649
13.940 16.700 31.968
10.756 14.703 31.348
9.681 11.265 32.527
6.772 8.888 32.407
6.235 6.772 35.488
3.992 3.744 36.093
3.091 3.151 39.730
0.452 2.110 42.202
-1.229 4.471 44.595
-1.846 3.928 48.288
-4.840 1.635 47.496
-2.759 -0.406 45.042
-4.445 1.152 41.978
-2.340 1.379 38.804
-1.502 4.884 37.630
0.559 6.500 34.915
1.993 9.997 35.286
4.220 12.288 33.213
6.362 14.929 34.947
8.814 17.565 33.738
11.328 19.780 35.457
11.516 19.962 39.254
8.973 17.255 40.022
10.635 14.872 37.476
13.889 15.416 39.350
12.225 14.702 42.710
10.693 11.481 41.366
14.050 10.343 39.856
15.803 10.994 43.158
13.185 9.093 45.188
13.010 6.146 42.808
16.784 5.988 43.021
16.490 5.368 46.780
14.498 2.220 46.011
17.401 0.977 43.881
19.968 1.706 46.611
21.334 4.772 44.782
22.211 8.229 46.157
22.419 11.405 44.150
26.193 11.675 43.948
26.232 8.374 42.028
24.448 10.133 39.205
27.403 12.481 38.806
29.968 11.709 36.090
32.935 9.969 37.593
35.312 12.945 38.026
32.530 14.985 39.646
31.466 12.076 41.855
35.044 11.569 43.013
35.413 15.319 43.708
32.204 15.266 45.753
33.302 12.321 47.845
36.811 13.830 48.453
35.519 17.321 49.270
32.944 16.023 51.770
35.008 13.176 53.150
34.939 14.246 56.794
31.178 14.765 56.951
30.573 11.457 55.118
32.726 9.665 57.697
30.803 11.337 60.505
27.429 10.207 59.123
28.635 6.629 58.828
29.792 6.630 62.450
26.452 8.045 63.555
24.506 5.546 61.380
