89.117 36.169 -45.363
85.721 35.025 -46.626
85.055 32.557 -43.797
84.305 33.880 -40.318
85.434 32.154 -37.116
83.902 33.387 -33.884
85.779 32.827 -30.635
83.317 33.025 -27.754
84.526 33.342 -24.154
83.799 35.383 -21.042
86.646 35.235 -18.515
90.212 36.524 -18.441
91.756 33.034 -18.168
89.794 31.960 -21.246
90.802 35.091 -23.158
94.457 34.341 -22.413
94.269 30.809 -23.791
92.268 31.940 -26.830
94.419 34.940 -27.826
97.053 32.684 -29.462
94.304 31.028 -31.514
92.801 34.361 -32.577
96.143 35.682 -33.813
97.000 32.438 -35.608
93.632 32.528 -37.400
94.205 36.120 -38.497
97.252 34.838 -40.354
95.345 32.303 -42.434
94.123 33.444 -45.884
90.388 33.060 -46.380
89.642 33.278 -42.658
88.685 36.153 -40.391
88.553 35.674 -36.613
85.955 37.486 -34.512
85.418 37.742 -30.764
82.104 37.397 -28.950
82.369 38.148 -25.225
79.965 36.115 -23.101
80.767 37.175 -19.535
79.869 39.724 -16.858
82.854 42.076 -16.944
83.066 43.656 -20.394
85.534 46.411 -19.510
87.641 44.007 -17.441
87.974 41.415 -20.209
88.362 44.225 -22.738
91.532 45.340 -20.969
92.864 41.783 -20.763
92.648 41.357 -24.531
94.521 44.658 -24.919
97.905 43.097 -24.140
97.508 40.827 -27.149
96.217 43.623 -29.354
92.723 42.150 -29.657
89.351 43.924 -29.555
85.960 42.240 -29.188
83.383 42.406 -31.969
80.237 41.779 -29.935
79.085 41.214 -26.345
76.195 39.228 -24.889
73.946 40.916 -22.317
74.656 39.208 -18.994
73.394 40.112 -15.515
75.994 40.956 -12.858
74.043 39.347 -10.027
74.384 35.674 -9.109
71.791 33.519 -10.886
70.382 29.969 -10.794
71.916 27.717 -13.445
68.700 27.020 -15.398
67.938 30.746 -15.598
71.472 31.608 -16.699
71.402 29.047 -19.508
68.008 30.342 -20.642
69.369 33.905 -20.601
72.391 32.972 -22.716
70.969 30.582 -25.314
68.702 32.837 -27.437
70.934 35.890 -27.578
73.958 33.687 -28.313
72.193 32.022 -31.248
71.185 35.424 -32.623
74.661 36.893 -32.153
76.360 34.016 -33.974
73.884 34.210 -36.847
74.103 38.005 -37.156
77.911 37.855 -37.045
77.745 35.403 -39.954
79.800 32.733 -38.199
81.001 29.819 -40.325
82.690 28.204 -37.338
82.599 28.691 -33.577
85.364 28.052 -31.066
84.694 27.696 -27.355
86.955 26.934 -24.424
86.390 25.649 -20.936
83.689 23.888 -18.990
81.318 26.652 -17.866
77.539 26.588 -18.297
77.823 29.600 -20.619
80.310 27.746 -22.807
77.894 24.876 -23.332
74.966 27.242 -23.869
76.960 28.982 -26.610
78.009 25.686 -28.206
74.395 24.496 -28.181
73.244 27.804 -29.696
75.800 27.366 -32.485
74.694 23.787 -33.067
71.021 24.821 -33.223
71.912 27.466 -35.816
73.785 24.855 -37.835
77.249 26.293 -37.164
80.153 23.838 -36.618
81.760 24.085 -33.181
85.338 23.515 -32.079
86.298 22.937 -28.439
89.744 24.159 -27.337
91.597 22.295 -24.557
89.001 19.505 -24.634
89.101 16.041 -23.090
89.884 16.564 -19.411
87.567 14.458 -17.241
86.865 13.716 -13.580
84.683 10.732 -14.390
82.110 12.016 -11.908
79.008 14.042 -12.844
78.716 15.174 -9.213
82.295 16.439 -8.963
82.904 18.896 -10.381
79.273 19.981 -10.758
78.151 21.152 -13.244
81.509 21.377 -15.065
81.987 17.676 -15.826
78.497 17.591 -17.340
79.102 20.874 -19.155
82.180 19.602 -20.965
80.676 16.234 -21.845
77.560 17.965 -23.226
79.689 20.422 -25.204
81.733 17.596 -26.723
78.637 15.768 -27.919
78.118 18.772 -30.222
81.710 19.447 -31.270
82.904 19.107 -34.853
86.559 19.243 -33.832
88.036 18.664 -30.374
91.474 20.112 -29.676
92.922 17.863 -26.967
95.882 19.156 -24.938
97.242 15.652 -24.283
97.072 12.036 -25.519
95.161 11.231 -22.324
92.540 13.857 -23.151
92.182 12.283 -26.598
91.784 8.876 -24.958
88.936 10.281 -22.845
87.168 11.687 -25.905
87.377 8.400 -27.803
85.896 6.733 -24.730
82.854 8.993 -25.173
82.179 8.014 -28.772
84.186 10.774 -30.433
85.785 9.657 -33.698
89.504 9.879 -34.500
89.056 12.338 -37.370
87.244 14.640 -34.971
90.157 14.919 -32.536
93.463 16.786 -32.868
96.144 16.676 -30.147
97.482 20.228 -29.983
99.306 20.643 -26.688
98.353 23.630 -24.516
97.676 27.047 -26.029
98.646 28.361 -22.602
102.268 27.885 -23.652
101.753 30.094 -26.721
100.097 32.675 -24.460
103.079 33.077 -22.136
105.469 33.452 -25.083
103.158 36.079 -26.580
102.727 37.920 -23.279
106.505 37.995 -22.821
107.022 39.455 -26.287
104.308 42.103 -25.936
105.044 42.890 -22.307
107.541 45.303 -20.789
109.863 44.694 -17.866
109.435 46.710 -14.654
110.863 50.233 -14.810
114.219 51.300 -13.401
115.758 47.862 -12.936
119.550 47.672 -12.621
121.513 46.152 -15.504
121.101 42.361 -15.642
121.558 39.398 -15.583
118.468 38.674 -13.496
117.036 35.919 -11.331
113.282 36.185 -10.801
112.026 35.257 -7.350
108.478 34.418 -6.284
107.263 33.033 -2.914
103.572 32.927 -1.995
102.420 29.354 -1.343
100.253 29.746 1.753
101.703 26.631 3.405
105.209 28.097 3.116
104.000 31.269 4.898
105.718 30.446 8.232
108.926 29.445 6.438
109.198 32.702 4.488
111.591 34.371 6.912
113.920 31.338 6.924
113.686 30.999 3.128
114.262 34.730 2.647
117.461 34.464 4.694
118.618 31.632 2.445
117.921 33.766 -0.626
119.798 36.648 1.009
122.813 34.322 1.293
122.473 33.458 -2.387
122.329 37.141 -3.339
125.479 37.853 -1.334
127.270 35.013 -3.142
126.340 36.409 -6.585
126.913 40.197 -6.452
126.802 40.488 -10.248
123.254 39.137 -10.461
120.121 41.085 -9.624
117.338 39.192 -7.855
113.910 40.582 -8.730
111.098 39.662 -6.371
107.504 40.890 -6.931
106.214 40.366 -3.380
102.546 39.547 -2.815
100.482 42.145 -0.928
99.549 39.835 1.956
100.906 41.547 5.112
101.863 38.120 6.498
104.231 37.657 3.557
105.717 41.143 3.772
106.268 41.039 7.521
108.381 37.957 6.888
110.360 38.968 3.796
110.774 42.755 4.019
112.916 42.786 7.188
115.267 40.255 5.599
115.501 41.410 1.984
115.060 45.187 2.277
118.496 46.738 2.166
120.075 43.816 0.325
122.058 45.553 -2.424
121.170 43.257 -5.335
117.611 42.342 -4.394
114.790 44.397 -5.916
111.421 44.087 -4.198
108.415 45.003 -6.326
104.635 44.921 -6.061
102.781 42.172 -7.976
103.259 42.483 -11.745
100.749 42.203 -14.581
100.694 39.063 -16.735
102.779 40.607 -19.508
105.312 42.432 -17.353
105.966 39.270 -15.338
106.366 37.149 -18.474
108.859 39.672 -19.846
110.825 39.663 -16.583
111.015 35.871 -16.536
112.082 35.726 -20.179
114.929 38.133 -19.366
116.034 36.015 -16.395
118.666 33.279 -16.094
116.566 31.419 -13.556
113.192 31.446 -11.806
112.972 30.635 -8.089
109.420 29.880 -6.967
107.055 27.737 -4.907
104.147 28.172 -7.308
103.091 25.471 -9.747
101.561 28.026 -12.085
104.704 30.129 -12.294
106.855 27.031 -12.694
104.835 26.156 -15.778
105.167 29.700 -17.086
108.931 29.524 -16.735
108.924 26.301 -18.741
106.919 27.936 -21.540
109.668 30.546 -21.851
112.453 27.983 -21.604
113.599 29.502 -18.319
115.193 27.129 -15.761
113.107 26.808 -12.608
114.084 25.925 -9.050
111.140 24.979 -6.827
111.211 25.742 -3.116
109.259 22.643 -2.115
110.104 19.105 -1.030
107.807 17.566 -3.643
106.182 18.598 -6.937
102.446 19.039 -7.525
102.996 17.467 -10.948
105.491 14.773 -12.037
105.572 15.857 -15.696
107.838 18.840 -15.066
110.330 17.010 -12.863
110.348 14.087 -15.297
110.905 16.409 -18.267
113.836 18.073 -16.506
112.415 21.591 -16.713
112.613 22.184 -12.965
114.763 21.254 -9.990
113.525 20.759 -6.431
115.384 22.675 -3.747
113.328 21.590 -0.748
112.389 24.005 2.049
115.398 23.566 4.331
117.336 26.901 4.324
120.830 25.383 4.073
119.637 23.061 1.316
117.992 25.872 -0.647
121.230 27.853 -0.534
123.281 24.849 -1.667
120.949 23.963 -4.540
120.479 27.479 -5.881
124.156 28.390 -5.548
125.158 25.097 -7.163
122.797 25.603 -10.096
123.878 29.206 -10.713
127.459 27.925 -10.909
126.562 25.091 -13.311
125.924 26.687 -16.720
125.593 23.238 -18.295
122.738 22.233 -16.000
120.963 25.538 -16.599
121.413 25.000 -20.348
119.983 21.465 -20.208
116.902 22.821 -18.484
116.437 25.534 -21.130
116.761 22.911 -23.879
114.420 20.372 -22.271
111.299 19.508 -24.258
108.278 21.277 -22.758
105.896 18.465 -21.674
102.898 20.810 -21.979
103.234 22.064 -25.545
105.652 23.430 -28.147
104.327 26.997 -28.047
102.469 26.602 -31.330
99.214 24.986 -30.173
97.338 28.070 -31.337
98.613 27.627 -34.872
97.510 23.990 -34.854
94.023 24.898 -33.627
93.831 27.557 -36.349
94.993 25.104 -39.007
92.539 22.532 -37.697
89.693 24.986 -38.294
91.000 25.962 -41.740
91.049 22.254 -42.595
87.424 21.802 -41.515
86.497 24.809 -43.640
88.397 23.360 -46.598
91.111 26.029 -46.602
94.096 23.777 -45.983
95.384 20.305 -44.964
95.025 18.664 -41.539
97.928 19.667 -39.275
99.948 16.939 -37.568
99.323 16.215 -33.880
101.683 17.589 -31.243
103.854 14.817 -29.821
104.728 14.612 -26.113
