114.901 37.093 -44.511
113.554 34.227 -42.417
110.359 32.632 -43.727
109.520 35.402 -46.192
110.125 33.203 -49.250
108.758 30.041 -47.635
105.498 31.893 -47.003
105.529 33.092 -50.616
106.181 29.536 -51.790
103.277 28.346 -49.639
100.934 30.969 -51.119
102.107 29.923 -54.597
101.397 26.233 -53.945
98.065 27.123 -52.366
97.301 29.235 -55.417
98.099 26.439 -57.830
95.853 24.216 -55.711
92.809 26.524 -55.719
93.392 27.965 -59.167
93.892 31.601 -58.172
96.698 34.173 -57.973
99.037 33.737 -54.974
98.371 37.301 -53.851
94.768 36.259 -53.085
95.789 33.192 -51.094
96.754 33.987 -47.541
98.876 31.739 -45.372
101.745 32.168 -42.948
104.802 30.015 -42.319
106.661 31.184 -39.217
109.339 30.209 -36.719
112.660 28.615 -37.539
113.437 28.791 -41.260
113.355 25.338 -42.811
112.214 21.922 -41.577
111.005 23.172 -38.204
108.970 26.084 -39.550
105.312 26.343 -38.513
102.381 26.713 -40.920
99.629 28.601 -39.079
96.565 26.760 -40.358
94.195 29.140 -38.566
95.272 31.975 -40.854
94.979 30.175 -44.199
92.192 31.908 -46.102
90.852 33.403 -49.340
88.842 36.615 -49.116
88.727 36.151 -45.352
87.199 32.671 -45.507
88.917 30.325 -43.002
89.876 27.160 -44.854
90.314 25.479 -41.450
86.728 26.484 -40.804
85.679 24.394 -43.819
88.002 21.536 -42.854
88.929 21.465 -39.145
91.119 18.384 -39.722
93.295 20.557 -41.972
96.963 19.891 -41.346
96.475 16.850 -39.089
96.460 13.073 -39.637
92.684 13.187 -40.018
93.121 15.661 -42.882
91.723 13.985 -45.968
93.064 16.617 -48.360
96.573 16.299 -46.869
97.436 19.998 -46.535
100.506 18.978 -44.550
102.038 17.912 -47.852
101.827 21.525 -49.005
103.958 22.690 -46.084
106.275 19.745 -46.636
106.638 20.841 -50.291
107.589 24.313 -49.092
110.371 23.107 -46.802
111.577 20.718 -49.531
111.531 23.433 -52.237
115.163 24.578 -52.064
116.334 20.961 -51.955
114.358 20.083 -55.109
115.518 23.101 -57.102
119.065 22.400 -55.944
119.172 18.854 -57.260
117.598 19.925 -60.584
119.641 22.982 -61.553
122.385 22.966 -58.924
121.348 25.963 -56.826
118.451 28.358 -56.178
118.506 32.081 -56.870
115.538 33.664 -58.665
112.854 33.232 -55.986
115.215 34.433 -53.268
116.194 37.423 -55.381
112.579 38.427 -55.945
111.917 37.921 -52.220
114.763 40.226 -51.134
113.728 42.930 -53.625
110.215 42.752 -52.166
111.567 43.330 -48.639
113.767 46.199 -49.875
110.804 47.939 -51.479
108.801 47.943 -48.245
111.834 49.349 -46.462
112.950 51.897 -49.070
109.430 53.199 -49.696
108.386 53.197 -46.025
105.321 51.082 -46.813
104.837 49.740 -43.267
103.867 46.442 -44.895
103.580 43.122 -43.058
106.249 40.490 -43.866
107.175 37.237 -42.139
110.776 38.106 -41.178
113.371 36.974 -38.663
113.613 39.221 -35.607
114.248 39.010 -31.854
111.415 37.086 -30.198
112.539 36.794 -26.562
109.385 37.252 -24.503
106.968 35.983 -27.156
105.142 32.660 -27.146
107.267 31.454 -24.239
110.704 32.025 -25.754
113.048 33.200 -22.976
116.409 33.578 -24.675
117.709 36.129 -27.151
116.995 34.269 -30.380
115.667 35.344 -33.774
112.737 33.513 -35.355
110.262 34.507 -38.058
107.010 36.266 -37.196
104.905 38.855 -39.040
106.521 42.305 -38.709
105.866 45.785 -40.094
108.713 47.160 -42.276
109.515 50.726 -43.351
112.414 53.179 -43.701
112.953 52.984 -39.938
113.294 49.232 -40.322
111.364 46.597 -38.390
109.289 48.894 -36.171
106.441 46.603 -35.065
105.773 42.920 -34.511
102.374 41.260 -34.843
101.240 38.976 -32.037
99.511 35.999 -33.593
97.245 33.957 -31.390
98.832 30.527 -31.751
97.802 27.079 -30.535
99.818 25.905 -27.509
101.112 23.198 -29.900
102.328 25.791 -32.368
104.105 27.713 -29.585
105.735 24.464 -28.424
107.554 24.145 -31.754
108.700 27.775 -31.472
110.094 27.145 -27.982
111.813 23.948 -29.080
113.410 25.937 -31.934
114.442 28.748 -29.622
116.097 26.189 -27.359
117.890 24.536 -30.288
119.121 27.925 -31.524
120.253 29.127 -28.085
122.105 25.866 -27.620
124.232 26.669 -30.652
124.676 30.371 -29.907
126.234 29.761 -26.448
128.891 27.552 -28.056
129.880 30.224 -30.614
132.864 32.590 -30.364
131.955 36.145 -31.389
