14.406 -17.734 -12.428
16.703 -14.879 -11.409
15.010 -11.781 -12.828
13.116 -8.890 -11.240
10.587 -6.576 -12.889
10.840 -2.991 -11.645
8.955 0.046 -12.944
8.585 3.789 -12.382
5.850 5.841 -10.713
3.559 7.830 -13.005
3.470 11.559 -12.261
-0.325 11.316 -12.344
-0.062 9.026 -9.318
2.962 10.476 -7.522
1.195 13.827 -7.189
-1.484 12.048 -5.157
1.059 10.319 -2.917
2.848 13.604 -2.228
-0.406 15.201 -1.071
-1.237 12.158 1.056
1.650 12.916 3.414
1.011 16.665 3.292
-2.752 16.121 3.390
-4.715 18.963 4.985
-7.664 16.701 5.795
-8.741 15.040 9.044
-10.466 11.857 7.879
-8.643 8.770 6.606
-7.619 7.930 3.041
-6.468 5.079 0.803
-4.569 5.247 -2.487
-4.405 2.136 -4.668
-1.941 1.525 -7.500
-1.453 -1.094 -10.215
0.934 -1.968 -13.044
0.058 -2.594 -16.691
1.689 -4.879 -19.258
2.042 -2.183 -21.917
2.238 0.891 -19.684
4.944 -0.865 -17.669
4.442 2.050 -15.277
2.745 2.399 -11.891
-0.418 4.468 -12.311
-3.223 5.599 -10.005
-5.881 2.906 -9.613
-8.305 4.713 -7.304
-8.558 7.101 -4.354
-10.600 6.437 -1.213
-11.740 8.925 1.428
-12.834 8.530 5.037
-12.472 4.756 4.848
-11.565 2.044 7.356
-8.811 -0.611 7.446
-11.521 -3.277 7.576
-13.503 -1.951 4.612
-10.488 -0.957 2.516
-9.321 -4.552 2.082
-12.701 -5.080 0.418
-11.752 -2.695 -2.389
-8.611 -4.790 -2.859
-8.025 -7.976 -4.898
-7.886 -11.295 -3.046
-6.096 -13.124 -5.860
-3.491 -10.698 -7.201
-1.048 -8.404 -5.353
-2.009 -4.726 -5.266
-0.608 -1.519 -3.773
-2.501 0.480 -1.149
-1.442 3.494 0.915
-3.570 3.847 4.046
-3.218 6.349 6.889
-4.355 5.134 10.308
-5.144 7.489 13.189
-2.819 7.001 16.159
-4.362 9.003 19.001
-2.252 9.845 22.052
-3.636 9.811 25.595
-2.242 13.301 26.185
-4.742 14.426 23.565
-2.665 14.802 20.410
-3.337 12.484 17.469
-1.374 11.950 14.256
-2.028 9.864 11.144
1.140 7.877 10.331
1.336 6.984 6.638
2.141 3.317 6.024
2.410 1.089 2.954
0.302 -2.076 3.012
1.478 -4.516 0.343
-1.696 -6.548 -0.175
-0.378 -9.869 -1.480
-2.897 -12.749 -1.538
-1.353 -16.178 -0.972
-3.406 -17.242 -3.976
-1.137 -15.131 -6.168
1.564 -16.295 -8.580
5.321 -15.641 -8.246
5.746 -14.325 -11.789
3.690 -11.383 -10.530
5.094 -11.107 -7.007
8.435 -10.220 -8.595
6.869 -7.307 -10.476
4.982 -5.839 -7.517
7.849 -6.796 -5.209
10.626 -4.917 -6.978
8.194 -2.160 -7.926
6.927 -1.745 -4.363
10.327 -0.743 -2.982
10.529 2.213 -5.368
7.029 3.293 -4.339
7.977 3.393 -0.656
10.477 6.009 -1.828
8.061 7.987 -3.999
5.373 8.320 -1.331
8.136 8.732 1.250
6.662 5.975 3.417
8.640 4.812 6.451
6.399 1.948 7.565
5.877 -0.900 5.098
3.724 -3.885 6.057
2.574 -6.838 3.955
-0.429 -9.145 4.311
-0.740 -12.701 2.999
-4.486 -12.122 2.675
-6.647 -9.030 2.186
-8.758 -10.376 5.049
-5.858 -9.893 7.462
-6.020 -6.158 6.757
-8.230 -5.084 9.660
-8.491 -2.415 12.357
-6.752 -4.493 15.026
-4.052 -5.731 12.651
-3.544 -2.065 11.770
-2.531 -0.844 15.227
-0.490 -4.048 15.427
1.934 -2.929 12.718
2.188 0.587 14.148
2.801 -0.875 17.593
