34.221 25.890 3.784
31.237 26.447 6.025
28.556 23.890 5.299
25.389 23.033 7.206
22.455 20.647 6.996
19.559 23.063 7.529
17.325 20.133 8.469
19.532 19.575 11.524
19.562 23.244 12.578
15.768 23.519 12.655
14.389 24.167 16.142
11.454 25.979 17.744
10.982 28.432 20.613
7.767 28.399 22.692
8.249 32.050 23.726
8.618 33.660 20.274
9.676 33.009 16.693
13.111 31.410 16.552
15.772 33.050 14.383
18.460 30.508 13.557
21.680 31.905 12.034
23.181 29.639 9.378
25.852 31.879 7.818
26.643 35.556 8.330
28.926 38.257 6.972
28.727 42.013 6.525
27.346 41.190 3.089
24.388 39.051 4.152
22.405 37.237 6.805
21.388 33.688 5.883
18.902 32.503 8.506
16.140 30.048 9.240
12.962 31.395 10.850
10.950 28.801 12.770
7.399 29.857 13.588
4.970 27.946 15.768
1.266 28.701 15.176
0.526 32.287 16.184
4.139 33.438 16.079
5.455 36.146 13.791
8.131 38.568 12.807
6.763 41.985 13.594
6.483 44.406 10.699
9.545 46.538 10.252
11.620 48.514 7.781
15.255 48.045 6.789
16.675 51.346 5.547
19.214 49.757 3.222
18.721 45.993 3.143
16.601 43.771 0.912
15.057 40.606 2.325
13.686 37.436 0.756
11.486 34.869 2.516
11.378 31.307 1.141
8.982 28.715 2.576
10.656 25.390 3.408
7.797 23.880 5.465
4.294 24.979 6.376
2.608 28.171 5.305
2.841 31.752 6.489
1.240 35.070 5.657
3.889 37.459 4.366
3.240 41.200 4.378
5.200 43.559 2.141
4.047 47.132 1.730
0.273 47.256 1.228
-0.036 43.613 0.126
-0.170 40.216 1.847
0.412 36.752 0.424
0.111 33.143 1.525
3.593 31.693 1.209
3.441 27.897 0.816
6.441 25.535 0.440
8.507 26.396 -2.624
7.331 30.009 -2.778
9.482 33.091 -2.205
8.588 36.736 -1.560
10.840 39.790 -1.942
10.778 42.703 0.533
12.800 45.621 -0.882
14.641 48.068 1.364
12.297 50.724 2.704
9.177 48.575 2.492
7.432 47.610 5.740
7.466 43.815 5.921
6.719 40.938 8.250
5.538 37.343 8.405
2.872 35.634 10.530
2.019 31.972 11.057
-1.784 31.983 11.026
-1.993 28.229 10.407
-2.402 25.376 12.886
1.025 23.888 12.130
4.664 24.989 12.435
6.400 26.778 9.566
10.069 27.012 8.590
11.501 29.718 6.342
14.885 30.322 4.745
15.423 34.079 5.071
18.141 36.131 3.407
18.879 39.768 4.233
21.476 41.812 2.345
23.485 43.607 3.291
23.574 42.795 7.009
21.462 45.436 8.814
