-16.251 35.600 20.210
-14.340 38.532 21.697
-12.641 39.890 18.589
-10.582 42.276 20.724
-9.081 39.430 22.775
-5.521 39.899 21.505
-5.687 43.654 21.972
-7.060 43.246 25.503
-4.174 40.891 26.236
-1.693 43.532 25.087
-3.304 46.095 27.388
-3.112 43.731 30.362
0.574 43.323 29.544
1.373 47.026 29.234
-0.290 47.596 32.618
1.912 44.807 33.995
-1.132 42.830 35.157
0.342 39.806 33.359
4.022 39.031 32.699
5.851 38.992 29.373
5.921 35.194 29.562
2.185 34.991 30.275
1.505 37.434 27.453
3.696 35.548 24.964
1.910 32.275 25.714
-1.672 33.559 25.894
-1.236 35.540 22.668
-0.753 32.211 20.852
-3.943 30.790 22.361
-5.969 33.861 21.385
-4.463 34.072 17.898
-5.350 30.436 17.257
-8.867 31.160 18.509
-9.361 34.046 16.059
-7.599 32.370 13.126
-9.856 32.374 10.075
-12.685 34.137 11.893
-14.436 35.989 9.080
-16.099 39.310 9.896
-12.930 40.588 11.556
-11.475 44.052 10.994
-8.218 43.919 8.997
-6.845 46.589 11.328
-7.482 44.332 14.322
-6.346 41.229 12.443
-2.995 42.659 11.392
-2.444 44.318 14.758
-2.689 40.879 16.331
-0.239 39.351 13.849
2.311 42.014 14.701
1.728 41.465 18.428
2.183 37.727 17.772
5.507 38.316 16.004
6.686 40.772 18.665
6.062 38.082 21.271
7.980 35.518 19.183
11.110 37.690 19.527
10.828 37.757 23.331
13.276 35.680 25.388
13.602 36.006 29.191
17.084 34.458 29.384
19.987 36.909 29.638
21.822 34.886 26.993
19.112 35.566 24.389
20.142 36.027 20.747
21.139 39.554 19.728
17.913 39.903 17.708
15.729 38.811 20.627
14.298 41.176 23.252
13.670 41.207 27.005
10.373 42.081 28.687
11.140 45.813 28.733
11.775 45.699 24.995
8.572 43.733 24.453
6.649 46.391 26.375
8.076 49.105 24.125
7.186 47.148 20.972
3.659 46.230 22.081
2.894 49.882 22.848
4.376 50.919 19.509
2.248 48.316 17.720
-1.004 49.405 19.353
-0.313 53.056 18.554
0.547 52.152 14.964
-2.894 50.601 14.534
-4.453 53.307 16.701
-5.834 50.715 19.111
