35.822 10.573 19.655
35.302 6.832 19.846
32.958 5.636 17.071
29.371 4.983 18.110
26.980 2.475 16.558
23.260 2.560 17.323
21.557 -0.767 16.675
17.838 -0.658 15.983
16.246 -3.988 16.895
12.882 -4.057 15.088
10.318 -6.445 13.612
8.359 -6.046 10.352
5.098 -6.436 12.249
5.865 -3.615 14.669
3.998 -0.309 14.260
6.111 1.967 16.481
9.237 0.642 14.747
7.898 2.221 11.566
7.987 5.633 13.301
11.424 5.253 14.770
13.400 3.821 11.902
13.291 6.932 9.626
14.055 9.142 12.634
17.154 7.030 13.333
18.309 7.213 9.714
17.863 10.978 9.742
19.979 11.083 12.923
22.774 9.031 11.339
22.745 11.259 8.317
22.816 14.335 10.554
25.743 13.040 12.679
27.444 10.950 10.012
30.945 11.592 11.320
30.269 10.177 14.787
27.287 7.874 14.466
26.486 4.713 12.469
22.975 3.180 12.636
22.352 -0.521 11.882
18.926 -2.176 11.753
18.563 -5.741 13.008
15.341 -7.604 12.221
14.758 -9.660 15.384
12.852 -12.353 13.432
15.786 -12.672 11.026
18.371 -12.853 13.834
16.752 -14.095 17.089
20.061 -15.280 18.529
21.512 -11.803 18.192
18.389 -10.267 19.755
18.713 -12.706 22.661
22.464 -12.051 23.057
21.649 -8.406 23.765
18.542 -9.031 25.860
16.017 -7.683 23.394
12.561 -8.748 24.602
10.408 -6.215 22.766
10.654 -3.889 19.804
11.815 -1.357 19.047
14.871 -1.588 21.290
17.779 0.728 20.572
21.232 -0.283 21.764
24.213 2.117 21.654
27.658 0.516 21.247
30.965 2.134 22.131
34.208 0.190 21.822
32.189 -2.792 20.608
29.995 -3.166 23.692
26.604 -1.731 24.687
26.772 1.367 26.878
23.063 2.230 26.780
19.784 0.547 25.796
16.423 2.316 25.428
13.210 0.334 25.074
10.264 1.567 23.015
9.608 4.326 20.499
10.304 7.958 21.393
9.974 11.280 19.546
12.927 12.668 17.582
13.666 15.315 20.230
13.871 12.712 22.985
16.256 10.472 20.968
18.470 13.441 20.026
18.813 14.387 23.644
19.623 10.824 24.748
22.406 10.579 22.157
23.860 14.096 22.569
26.021 13.382 25.664
27.622 10.374 23.918
28.117 12.362 20.701
29.740 15.139 22.744
31.763 12.722 24.850
35.027 10.863 24.274
