31.136 -12.828 26.533
30.189 -14.853 23.478
32.161 -13.110 20.757
31.791 -13.984 17.093
28.397 -14.139 15.424
26.333 -17.222 14.556
25.540 -18.510 11.087
22.122 -17.157 10.185
20.025 -17.522 13.314
20.356 -19.615 16.481
17.529 -22.119 16.740
14.422 -21.841 14.597
15.367 -21.387 10.960
13.719 -18.695 8.871
11.096 -19.582 6.291
9.978 -18.178 2.959
7.680 -15.282 3.772
8.736 -11.925 2.378
7.072 -9.123 0.404
7.772 -8.225 -3.206
8.292 -4.837 -4.812
5.002 -4.787 -6.683
5.538 -3.899 -10.322
2.465 -1.691 -10.215
3.447 0.213 -7.095
6.993 0.436 -8.401
6.019 1.220 -11.973
3.959 3.994 -10.426
6.737 5.306 -8.216
9.364 4.861 -10.904
7.013 7.075 -12.878
6.382 9.630 -10.158
10.089 10.367 -10.364
11.671 7.911 -7.958
14.369 5.260 -8.092
13.075 1.831 -9.039
15.431 0.238 -6.541
13.884 2.379 -3.830
10.426 2.170 -5.355
10.907 -1.544 -4.806
12.174 -1.414 -1.241
9.566 1.157 -0.284
6.684 -0.966 -1.513
8.293 -4.081 -0.087
8.890 -2.276 3.185
5.157 -1.665 3.045
4.374 -5.061 1.567
3.217 -2.976 -1.373
0.218 -2.053 0.744
-0.273 0.909 -1.561
1.591 3.332 -3.793
1.070 5.867 -1.030
2.537 3.506 1.539
5.517 2.678 -0.643
6.231 6.336 -1.303
5.578 7.306 2.297
8.370 4.911 3.186
10.535 6.514 0.527
9.773 9.897 2.043
11.077 8.291 5.212
13.838 6.314 3.540
14.925 8.877 0.976
17.906 10.069 2.981
19.069 6.672 4.180
22.123 4.500 3.491
19.967 1.430 2.983
18.107 3.228 0.220
21.369 2.658 -1.613
21.920 -0.854 -0.313
20.829 -3.609 -2.708
17.599 -5.503 -2.152
