38.239 19.839 50.127
38.148 20.241 53.897
34.824 18.555 54.534
32.084 21.071 55.279
28.379 20.171 55.361
25.488 22.491 56.261
21.704 22.666 56.064
20.062 25.994 55.245
16.431 27.072 55.485
16.159 29.007 52.216
13.737 31.961 52.049
11.911 33.220 48.955
13.558 35.928 46.872
17.005 34.374 46.555
18.681 31.962 44.169
21.031 29.015 44.564
24.055 30.137 42.549
27.057 32.465 42.627
25.663 34.775 39.939
19.322 38.794 39.105
18.484 38.153 42.766
20.651 37.842 45.873
22.019 34.331 46.441
21.856 31.885 49.336
25.587 32.437 49.856
24.744 35.866 51.266
23.814 33.935 54.408
27.427 32.827 54.843
30.493 34.922 55.601
33.598 34.896 53.426
35.751 33.043 52.660
33.437 30.154 53.609
30.726 31.461 51.280
33.152 31.104 48.385
34.049 27.471 49.026
30.566 25.960 49.085
28.116 24.599 46.546
24.743 22.896 46.875
23.512 19.314 46.731
20.237 20.135 45.018
19.094 23.631 44.112
15.703 25.252 44.744
14.002 27.897 42.593
13.941 31.562 43.620
10.585 31.393 45.403
10.820 27.825 46.680
11.743 27.677 50.370
13.315 25.154 52.677
16.113 22.643 52.860
19.265 23.280 50.860
22.417 21.341 51.677
25.695 23.232 51.268
29.068 21.496 51.081
32.581 21.593 49.614
32.409 17.836 48.926
31.803 17.303 45.217
31.409 13.528 45.419
28.919 13.706 48.284
26.797 16.334 46.536
26.990 14.629 43.142
25.605 11.356 44.515
22.656 13.216 46.043
21.653 14.904 42.775
22.819 12.226 40.317
20.103 10.913 37.950
21.792 7.514 38.260
20.967 7.621 41.959
17.520 7.916 43.524
17.858 10.208 46.532
14.385 11.122 47.805
13.300 14.749 48.212
10.099 15.662 50.068
8.157 18.879 49.485
5.193 20.502 51.179
3.231 21.647 48.119
0.474 24.259 48.253
-1.930 24.311 45.295
-4.145 26.966 43.697
-7.080 24.595 43.199
-8.335 21.716 45.397
-6.442 18.419 45.323
-8.178 15.457 43.710
-8.597 11.867 44.860
-6.645 10.428 41.923
-3.553 12.565 42.622
-2.000 9.800 44.732
-2.462 7.126 42.068
-1.184 9.456 39.343
2.036 10.202 41.222
2.517 6.556 42.169
1.950 5.241 38.639
3.724 7.888 36.580
2.842 11.036 34.657
3.956 11.701 31.077
5.042 15.347 30.976
5.211 17.454 27.832
8.848 17.508 26.759
9.660 14.099 28.232
10.143 10.761 26.478
9.229 8.720 29.553
6.742 9.139 32.416
7.860 10.303 35.838
9.203 7.561 38.102
7.079 6.351 41.054
6.505 9.157 43.563
4.672 9.246 46.892
1.944 11.797 47.520
0.304 12.416 50.888
-2.775 14.641 51.095
-2.698 17.000 54.088
-5.819 19.057 53.333
-7.789 20.445 50.393
-4.909 22.583 49.089
-1.796 20.982 50.603
0.121 17.757 50.064
3.548 16.260 50.690
5.257 14.936 47.562
8.347 12.746 47.629
10.236 12.286 44.358
13.530 10.525 43.700
14.036 12.355 40.411
15.352 15.754 39.443
13.823 16.662 36.102
13.640 20.331 35.131
10.960 22.042 37.274
9.541 18.581 37.930
7.214 19.286 40.833
5.643 22.313 39.156
5.211 20.423 35.884
3.692 17.381 37.553
0.933 19.406 39.182
0.440 21.461 36.023
-0.090 18.171 34.174
-2.769 17.257 36.720
-4.488 20.554 35.960
-3.411 22.439 39.079
-0.793 25.085 39.898
1.866 25.183 42.602
1.543 28.436 44.544
3.691 27.342 47.470
6.668 24.989 47.679
8.764 24.121 50.737
11.332 21.317 50.872
11.691 19.760 54.299
13.484 16.476 53.681
16.295 15.003 51.573
16.925 11.315 52.078
16.258 10.706 55.770
17.571 14.141 56.761
14.866 16.532 57.952
15.173 20.317 57.892
15.815 21.550 61.449
12.503 23.188 62.385
14.326 25.602 64.706
16.092 27.300 61.799
14.572 30.639 60.826
14.702 31.477 57.128
18.226 32.520 56.229
19.701 30.522 59.103
21.871 27.429 58.754
23.665 24.879 60.904
26.333 22.256 60.270
25.103 18.721 59.634
25.834 16.123 62.289
28.085 13.211 61.359
24.974 11.031 61.448
23.198 13.223 58.898
26.268 13.376 56.649
26.482 9.584 56.681
22.746 9.099 56.094
23.165 10.946 52.797
26.161 8.812 51.803
