42.445 95.625 130.486
44.339 96.485 127.304
43.102 99.454 125.274
43.053 98.793 121.520
43.121 101.493 118.822
39.740 100.209 117.681
37.230 97.768 119.169
38.962 94.319 119.110
36.109 92.895 117.033
36.988 95.375 114.283
40.463 93.830 114.017
38.980 90.337 113.890
36.274 91.327 111.416
39.087 92.636 109.195
40.920 89.326 109.491
44.270 90.799 110.592
44.711 87.800 112.893
44.443 85.292 110.036
47.901 83.972 109.205
48.893 81.195 106.801
49.592 77.447 107.018
53.265 78.308 107.529
55.029 79.521 110.673
58.597 80.830 110.850
60.856 80.964 113.877
60.880 84.742 113.576
57.080 84.976 113.829
56.520 82.440 116.635
56.524 85.172 119.291
53.522 86.782 117.547
51.482 83.633 116.988
48.620 83.257 119.441
47.750 79.714 118.405
47.328 77.316 115.514
43.831 76.489 114.292
42.675 72.927 113.704
42.568 73.704 109.981
46.319 74.318 110.183
46.090 78.112 109.912
48.213 80.091 112.352
46.533 82.901 114.278
48.304 86.158 115.075
48.151 88.052 118.393
46.026 91.208 117.986
47.373 92.657 121.231
50.847 92.574 119.699
49.624 93.986 116.384
47.977 96.914 118.174
51.122 97.624 120.209
53.230 97.513 117.034
50.939 99.821 115.054
51.242 102.402 117.840
55.031 102.008 117.938
55.356 102.176 114.138
53.253 105.348 113.995
55.602 107.002 116.515
58.637 105.556 114.719
57.539 106.995 111.371
56.499 110.353 112.827
60.208 110.882 113.574
60.825 111.436 109.837
59.822 114.213 107.474
56.999 112.767 105.288
58.761 113.108 101.931
61.622 110.990 103.296
59.328 108.016 103.906
59.035 105.531 101.032
56.285 102.902 101.013
56.683 99.880 98.753
54.132 97.245 97.717
53.900 94.931 94.717
50.897 93.054 96.167
47.740 94.252 94.395
45.452 94.571 97.449
48.047 96.827 99.069
48.146 99.469 96.314
45.083 101.482 97.366
45.935 101.347 101.114
49.516 102.425 100.327
48.419 105.297 98.062
45.798 106.495 100.572
48.319 106.276 103.414
50.637 108.406 101.277
47.825 110.861 100.496
47.414 111.411 104.245
51.007 111.153 105.487
52.749 112.769 102.517
55.101 109.836 102.045
56.504 108.747 98.689
55.525 105.329 97.312
56.191 102.735 94.644
53.479 100.189 93.874
53.678 97.426 91.297
57.070 96.170 90.125
59.987 97.740 92.008
62.823 98.396 89.545
66.198 97.012 90.699
68.518 99.940 91.377
65.753 102.270 92.540
67.603 102.742 95.845
71.156 101.939 94.734
71.568 103.526 91.277
71.666 107.372 91.422
71.271 107.510 87.643
67.872 105.806 87.297
64.956 108.184 86.837
63.274 106.198 89.625
66.177 106.717 92.038
65.259 108.082 95.461
66.919 108.658 98.816
64.334 108.020 101.540
65.399 107.869 105.186
63.027 104.975 105.965
61.375 102.293 103.811
58.051 100.594 104.658
57.198 97.460 102.683
54.014 95.420 102.532
55.685 91.997 102.508
59.423 91.195 102.859
59.055 88.174 100.565
57.200 89.972 97.765
59.058 93.279 98.140
62.421 91.587 98.716
64.226 93.743 96.144
63.282 96.914 98.045
64.178 95.347 101.404
67.588 94.148 100.188
68.482 97.493 98.589
67.310 99.606 101.532
69.361 97.408 103.852
72.417 97.604 101.575
72.241 101.404 101.736
71.650 101.524 105.503
68.017 102.648 105.353
65.790 101.322 108.181
63.089 98.935 106.957
59.583 98.719 108.439
57.410 95.831 107.277
54.094 94.046 107.652
54.944 90.417 108.448
52.568 87.455 108.229
53.157 84.055 109.870
55.027 82.825 106.773
57.431 85.786 106.720
60.984 85.883 108.039
63.646 88.444 107.209
66.892 89.412 108.920
66.653 92.628 106.918
63.437 93.949 108.507
64.178 96.360 111.366
60.656 97.124 112.590
57.966 94.440 112.350
54.180 94.880 112.265
52.787 91.326 112.754
49.625 91.021 110.701
47.817 89.306 107.861
49.503 91.221 105.007
47.511 89.585 102.229
43.834 90.184 102.996
42.014 93.062 101.315
40.293 94.253 104.490
43.249 93.437 106.732
45.538 95.677 104.680
42.926 98.439 104.568
42.518 98.674 108.338
46.254 98.415 109.094
47.378 101.176 106.695
44.313 103.211 107.693
45.207 102.927 111.394
48.856 103.802 110.782
47.864 106.890 108.789
45.266 107.821 111.401
47.771 107.655 114.256
50.470 109.529 112.344
47.950 112.269 111.529
46.935 112.434 115.216
50.538 112.884 116.343
50.953 115.561 113.672
47.740 117.317 114.701
46.391 116.817 111.185
42.635 116.390 110.651
41.758 112.857 109.544
38.206 111.812 108.647
38.822 108.867 106.308
37.007 105.584 106.864
38.520 102.108 106.524
36.429 101.696 103.359
38.273 104.659 101.833
41.533 102.683 102.088
40.171 99.361 100.848
41.131 97.978 97.435
38.316 97.464 94.934
36.649 94.075 94.308
