70.448 45.816 39.286
69.363 42.425 40.622
65.866 41.012 39.953
63.293 41.578 42.709
61.204 38.416 43.200
58.959 39.788 45.988
55.836 39.665 43.763
56.891 36.465 41.917
53.818 34.462 42.914
53.983 30.678 42.752
50.621 29.852 41.191
48.807 26.685 40.187
46.902 26.406 36.892
43.701 28.465 36.671
40.678 27.148 38.587
37.427 29.139 38.806
33.992 28.437 40.298
31.044 27.664 38.042
28.466 30.433 37.939
25.131 30.762 36.255
25.334 34.404 35.267
21.817 35.870 35.484
22.852 39.420 36.301
23.076 42.596 34.222
26.161 41.040 32.419
28.257 39.308 31.408
26.197 36.269 30.458
27.584 32.702 30.090
29.090 32.493 26.606
27.950 29.550 24.412
30.395 26.527 24.612
31.240 26.601 20.845
32.139 30.310 21.163
34.491 29.568 24.049
36.045 26.700 22.027
36.645 29.115 19.123
38.967 31.177 21.345
41.196 28.113 21.754
42.472 28.235 18.154
45.941 29.432 17.118
46.033 33.110 16.049
46.831 34.403 12.577
47.971 37.951 11.839
45.570 40.905 12.150
46.263 41.702 8.450
46.383 38.074 7.203
43.845 37.704 4.326
42.200 34.914 6.310
41.645 37.221 9.247
40.457 40.023 6.929
37.968 37.477 5.464
36.781 36.785 8.988
36.280 40.479 9.616
34.278 40.750 6.426
32.077 37.974 7.807
31.651 39.772 11.175
30.594 42.928 9.337
27.961 41.119 7.248
26.560 39.256 10.262
26.457 42.427 12.403
24.547 44.123 9.581
22.083 41.210 9.664
21.702 41.048 13.461
21.223 44.838 13.828
19.048 45.170 10.676
21.243 47.788 9.079
22.992 48.047 5.739
25.557 50.608 7.018
28.991 49.994 5.469
30.697 51.227 8.660
29.447 48.419 10.896
32.372 46.874 12.785
33.487 45.474 16.124
35.395 47.762 18.470
38.326 46.112 20.309
36.989 47.002 23.749
33.920 46.345 25.897
30.492 48.065 25.537
31.889 51.239 27.192
34.482 51.537 24.420
31.892 51.265 21.615
29.734 53.688 23.616
32.601 56.155 23.881
33.398 55.726 20.188
29.902 56.971 19.261
30.447 60.075 21.406
34.045 60.806 20.266
33.161 60.432 16.553
29.879 62.461 16.757
30.691 65.256 19.220
32.779 68.378 18.534
33.333 71.068 21.233
30.261 73.238 21.483
27.875 70.744 19.921
24.604 70.635 21.840
23.957 67.041 22.900
20.574 66.129 24.353
20.481 62.954 26.499
17.264 61.195 27.625
18.270 60.086 31.141
16.110 57.313 32.611
18.794 55.156 34.167
22.439 54.690 35.021
23.674 54.611 31.382
21.924 57.882 30.613
24.048 59.505 33.301
27.188 57.875 31.905
26.391 59.367 28.463
26.066 62.825 30.150
29.544 62.403 31.698
31.141 61.224 28.438
29.554 63.875 26.294
30.896 66.684 28.557
34.418 65.259 28.240
34.293 65.735 24.442
33.260 69.427 24.916
29.508 69.078 24.376
27.024 71.573 25.659
25.047 68.846 27.528
21.253 69.057 27.888
19.091 66.435 29.600
15.555 65.338 30.053
14.693 62.841 32.790
12.219 60.089 33.623
11.973 58.012 36.827
14.101 54.870 36.448
11.893 52.161 34.892
9.920 54.673 32.776
10.435 55.742 29.157
10.054 58.933 27.059
7.062 59.579 24.803
7.323 61.066 21.292
5.744 64.272 22.538
8.290 64.531 25.419
11.096 64.111 22.940
9.581 66.642 20.530
9.315 69.213 23.319
12.956 68.555 24.286
14.088 68.912 20.638
12.135 72.179 20.369
13.815 73.485 23.531
17.395 72.383 22.938
17.712 72.239 19.144
20.555 69.709 19.635
23.110 68.249 17.181
22.626 64.805 18.733
19.825 63.067 20.660
21.147 60.113 22.718
18.898 57.390 24.132
19.399 54.045 25.802
17.285 51.429 24.062
17.482 48.830 26.804
18.245 50.299 30.263
20.072 47.504 32.071
19.804 49.471 35.324
15.987 49.694 35.213
14.627 46.816 33.064
12.901 49.159 30.567
12.834 49.223 26.786
12.663 52.713 25.202
10.339 52.710 22.109
12.081 54.226 19.102
9.295 54.282 16.477
8.955 57.799 15.073
12.125 59.051 16.792
14.325 59.031 13.679
11.701 60.987 11.686
11.401 63.389 14.620
15.187 63.852 14.675
15.246 64.521 10.918
12.705 67.345 11.414
15.186 69.045 13.771
18.437 68.200 11.936
19.465 66.000 14.839
21.533 62.734 14.765
20.037 59.789 16.688
22.554 57.925 18.888
21.347 54.744 20.607
22.748 52.269 23.211
21.718 48.652 22.249
24.110 46.867 24.634
21.250 44.962 26.327
18.882 44.634 23.352
21.065 43.346 20.508
20.177 39.723 19.787
17.388 39.417 22.360
15.046 42.330 21.559
13.854 43.369 18.046
15.973 46.192 16.638
15.598 47.701 13.151
18.315 50.359 13.050
17.750 51.583 9.509
13.941 51.547 9.676
14.210 53.562 12.896
16.649 56.057 11.347
19.322 55.491 13.984
22.589 57.288 13.069
25.047 55.828 15.567
24.590 52.669 17.611
26.660 50.504 19.865
26.338 47.169 21.606
28.521 44.581 23.443
29.526 41.007 22.781
28.723 39.502 26.218
24.893 39.533 26.330
22.411 38.658 23.547
25.319 37.755 21.291
26.382 34.953 23.675
30.066 35.796 23.466
32.889 36.917 25.838
33.196 40.759 26.497
35.475 42.797 24.329
34.417 42.717 20.679
31.706 45.343 20.774
29.444 46.156 17.749
29.503 49.745 16.464
27.777 51.322 13.465
27.344 54.749 11.808
24.853 55.848 9.170
25.689 57.981 6.148
24.359 61.082 8.008
26.707 60.322 10.912
29.729 59.896 8.589
28.875 63.237 6.919
29.049 64.826 10.368
32.382 63.124 11.067
33.636 64.352 7.672
32.996 67.992 8.459
34.892 67.989 11.779
37.224 70.943 12.202
39.653 68.938 14.348
40.803 65.339 14.555
38.622 62.962 16.599
39.939 63.398 20.144
40.398 59.639 20.647
43.049 57.856 18.600
42.068 54.261 19.475
38.442 54.919 18.551
38.867 57.283 15.594
36.642 55.950 12.829
38.678 57.835 10.215
41.437 55.369 11.090
39.355 52.275 12.019
37.424 52.686 8.761
40.729 52.166 6.856
41.385 48.845 8.597
37.846 47.462 8.210
37.688 48.895 4.666
39.555 47.929 1.534
42.651 50.068 2.272
43.614 47.579 5.014
45.876 50.091 6.810
47.277 48.986 10.209
45.618 50.784 13.140
45.795 48.317 16.030
46.546 44.580 16.419
42.990 43.196 16.632
42.242 40.736 19.491
42.460 37.788 17.170
40.925 35.156 19.467
38.052 37.391 20.619
37.180 38.031 16.944
37.209 34.263 16.371
34.670 34.017 19.199
32.492 36.883 17.811
32.403 35.350 14.303
31.264 32.031 15.823
28.711 33.743 18.090
27.234 35.546 15.081
27.231 32.349 13.041
25.130 30.717 15.768
22.632 33.609 15.794
22.363 33.560 11.978
21.681 29.792 12.152
18.940 30.149 14.790
17.609 33.161 12.925
16.723 36.574 14.312
12.950 36.042 14.612
13.547 32.795 16.463
16.074 34.394 18.796
13.663 37.229 19.700
10.876 34.742 20.175
13.013 32.563 22.482
13.960 35.565 24.676
10.348 36.733 24.956
9.001 33.234 25.746
11.708 32.740 28.379
11.085 36.076 30.094
7.328 35.312 30.261
8.122 32.028 32.027
10.376 34.034 34.388
7.530 36.483 35.153
5.189 33.565 35.921
7.553 31.718 38.231
8.302 35.023 40.044
4.589 35.724 40.500
4.163 32.094 41.711
6.568 32.836 44.561
4.975 36.190 45.384
7.447 38.592 43.774
6.333 41.659 41.790
7.754 43.455 38.722
8.935 47.082 38.570
8.390 47.940 34.911
5.073 48.493 33.084
4.439 45.323 31.031
4.662 46.992 27.598
8.238 48.235 28.220
9.673 45.220 30.071
12.928 43.955 28.574
13.050 40.228 27.817
16.801 40.400 28.542
16.705 42.208 31.912
13.906 42.027 34.473
13.702 44.261 37.545
12.021 42.405 40.405
10.882 44.368 43.485
12.613 43.601 46.788
9.888 43.004 49.415
9.924 44.993 52.584
11.818 43.138 55.301
14.301 41.607 52.785
17.994 42.517 52.526
18.499 42.539 48.773
22.340 42.402 48.911
22.313 39.512 51.405
19.937 37.569 49.131
22.243 38.160 46.164
25.358 37.018 48.141
23.574 33.873 49.317
22.446 33.108 45.773
26.073 33.457 44.607
27.765 31.505 47.409
25.125 28.871 48.281
23.690 28.395 44.783
26.293 29.586 42.261
23.771 31.992 40.690
24.621 35.611 39.944
21.819 38.181 39.899
22.113 41.955 40.052
21.158 44.454 42.719
19.713 47.953 42.244
21.620 51.206 41.703
20.697 54.881 42.040
16.943 55.464 42.384
16.512 51.700 42.506
19.186 50.951 45.149
17.690 48.456 47.592
14.404 48.398 45.684
14.997 45.873 42.892
17.019 42.862 41.835
18.007 42.597 38.213
17.638 39.244 36.502
19.460 38.879 33.138
18.142 36.266 30.660
20.400 36.809 27.691
21.810 34.860 24.773
22.902 31.373 25.830
21.341 31.904 29.276
17.927 32.664 27.783
16.697 29.120 28.447
14.126 27.453 30.746
16.905 25.785 32.751
18.054 29.271 33.887
14.735 30.148 35.422
14.508 26.646 36.861
17.796 27.073 38.694
16.935 30.617 39.857
13.441 30.151 41.206
13.830 27.359 43.803
17.148 28.984 44.830
15.377 32.295 45.374
12.617 30.512 47.322
15.102 28.747 49.604
17.027 31.994 50.172
13.830 33.948 50.967
12.758 31.446 53.640
