93.122 52.794 69.917
95.828 50.424 71.002
93.871 48.451 73.623
90.802 48.029 71.395
93.015 46.750 68.603
94.679 44.244 70.913
91.250 42.895 71.883
90.280 42.541 68.229
93.551 40.771 67.499
93.045 38.317 70.344
89.530 37.616 69.040
90.798 37.000 65.541
93.577 34.626 66.610
91.101 32.662 68.768
88.622 32.615 65.872
91.220 31.142 63.598
91.958 28.450 66.153
88.312 27.720 66.746
87.395 27.492 63.080
90.374 25.283 62.301
89.494 23.008 65.252
85.886 22.729 64.031
86.874 21.858 60.502
89.529 19.380 61.614
86.860 17.654 63.708
84.645 17.289 60.649
87.421 15.993 58.491
88.823 13.472 60.921
91.899 12.680 58.776
93.894 15.772 57.894
94.993 18.687 60.043
95.781 22.332 59.311
99.454 23.132 58.894
100.582 26.682 59.803
102.899 28.823 57.606
103.825 31.885 59.721
105.242 34.713 57.607
106.468 38.329 58.006
107.203 41.234 55.680
109.777 43.885 56.451
108.211 46.800 58.307
104.871 45.443 57.341
103.594 42.902 59.883
102.811 39.382 58.747
100.356 36.546 59.192
99.583 32.953 60.065
98.244 31.020 57.065
96.782 27.613 58.049
96.069 25.168 55.255
94.531 21.728 54.889
95.042 19.501 51.841
93.750 16.095 50.797
91.559 15.494 53.833
88.745 12.953 54.004
86.323 15.916 53.671
88.377 19.058 52.875
90.345 18.792 49.680
91.729 22.315 49.891
91.089 24.648 52.830
92.796 27.788 54.065
92.176 29.889 57.154
94.409 32.981 57.124
95.126 35.456 59.904
96.969 38.609 58.873
98.065 41.711 60.695
99.763 44.198 58.331
101.268 47.571 59.126
102.046 50.258 56.587
103.172 53.917 56.249
100.929 55.200 53.429
94.262 58.755 54.317
96.849 58.113 51.634
99.760 59.186 53.807
98.629 57.645 57.039
100.189 54.988 59.175
97.738 52.098 59.235
97.160 48.650 60.589
94.858 46.070 59.029
94.023 42.749 60.671
91.656 39.982 59.784
90.791 36.337 59.282
89.806 35.165 55.761
89.085 31.603 54.752
87.931 29.527 51.825
87.023 25.839 52.096
86.844 23.550 49.026
85.394 20.146 49.960
86.191 16.931 48.171
82.558 15.792 47.929
80.546 17.861 45.440
77.543 17.677 47.748
79.302 19.842 50.365
79.340 23.459 49.283
82.413 25.632 49.102
82.346 28.420 51.618
84.158 31.678 52.371
84.240 33.942 55.380
86.156 37.066 56.468
86.270 39.443 59.434
88.611 42.391 59.456
89.468 45.767 60.983
91.327 48.673 59.435
92.717 51.559 61.502
94.518 54.625 60.139
96.245 57.098 62.466
95.785 60.709 61.550
97.955 63.700 62.160
96.029 65.960 64.518
92.971 63.819 64.790
91.157 60.779 66.008
91.959 57.585 64.175
89.760 56.439 61.263
88.629 52.838 61.526
86.156 50.420 60.033
85.277 46.746 60.031
84.437 44.510 57.142
83.528 40.900 56.560
80.878 38.361 55.972
80.331 34.785 54.916
78.820 33.047 51.924
77.949 29.658 50.575
78.813 28.223 47.139
76.964 25.008 46.475
77.348 22.601 43.548
74.504 20.224 44.366
72.435 22.614 46.513
69.734 21.609 48.891
66.832 23.882 49.717
66.785 23.393 53.445
70.599 23.970 53.709
70.255 27.273 51.869
67.448 28.297 54.147
69.265 27.219 57.322
72.405 29.122 56.235
70.424 32.317 55.776
68.507 31.735 58.991
71.780 31.671 60.946
72.758 34.887 59.203
69.448 36.554 59.901
69.387 35.458 63.506
72.882 36.738 64.309
72.004 40.176 62.887
68.813 40.688 64.838
70.394 42.033 68.112
72.084 44.761 66.011
69.121 46.207 64.159
66.019 45.283 62.272
67.413 46.023 58.829
70.993 44.682 59.284
70.300 41.279 57.685
68.476 42.817 54.764
71.208 45.298 54.140
74.149 42.911 54.333
72.403 39.992 52.660
71.579 42.314 49.781
75.164 43.622 49.706
76.363 40.019 49.460
74.118 39.351 46.464
75.360 42.558 44.770
79.037 41.898 45.474
79.369 38.151 44.706
78.118 38.425 41.164
79.838 37.960 37.759
78.182 40.534 35.458
79.590 39.246 32.195
78.054 35.854 32.898
74.979 37.276 34.630
75.576 34.770 37.412
75.816 34.840 41.177
78.845 33.140 42.750
76.648 31.295 45.268
73.483 31.439 47.352
74.557 34.428 49.350
75.135 35.168 53.000
76.340 38.438 54.518
78.775 41.019 53.225
79.692 44.391 54.763
82.480 46.920 54.514
83.208 50.412 55.849
81.376 49.472 59.036
81.773 52.255 61.560
78.259 53.725 61.916
77.852 52.209 65.401
80.131 52.701 68.350
83.287 50.606 68.188
82.140 48.107 70.775
78.886 47.397 68.932
80.740 46.924 65.609
83.170 44.588 67.405
80.296 42.634 68.846
78.751 42.321 65.420
81.930 40.965 63.835
82.267 38.461 66.681
78.716 37.417 65.911
79.630 37.002 62.257
82.601 34.830 63.101
80.586 32.576 65.362
77.832 32.531 62.758
80.072 31.173 60.071
80.636 28.062 62.110
77.002 27.870 63.109
75.939 28.155 59.454
78.526 26.016 57.680
79.574 23.235 60.018
76.140 21.582 60.206
75.991 21.481 56.423
79.366 19.852 56.198
78.341 17.247 58.759
75.002 16.593 56.949
76.465 16.310 53.439
80.007 15.031 53.600
79.028 11.364 53.310
76.526 11.753 50.465
77.445 9.351 47.695
78.864 10.938 44.563
80.143 10.068 41.092
83.031 11.084 38.803
80.507 12.961 36.649
79.533 15.036 39.701
83.199 15.836 40.299
83.484 16.968 36.666
80.567 19.341 37.218
82.200 20.552 40.449
85.365 21.312 38.487
83.611 23.297 35.752
81.805 25.202 38.508
85.136 25.839 40.174
86.261 27.567 36.959
83.461 30.014 37.617
84.723 30.480 41.131
88.262 31.137 39.959
86.989 33.686 37.477
85.150 35.661 40.181
88.159 35.670 42.416
90.649 36.622 39.737
88.577 38.994 37.576
86.055 40.586 39.941
87.048 40.328 43.620
88.524 43.609 44.759
90.573 42.385 47.678
92.300 39.721 45.595
92.942 42.187 42.750
94.319 44.913 45.003
96.327 42.468 47.094
98.109 40.933 44.103
98.610 44.395 42.528
100.031 45.957 45.699
102.549 43.668 47.402
100.399 41.181 49.240
101.496 37.618 49.924
100.495 35.704 46.842
100.005 32.254 48.334
98.048 33.599 51.267
95.786 35.610 48.969
95.221 32.774 46.545
93.997 30.152 49.051
90.667 30.989 47.440
91.570 29.172 44.234
90.160 25.647 43.755
92.317 22.551 43.684
91.140 21.710 40.139
89.069 23.701 37.692
87.852 23.065 34.171
86.882 25.376 31.316
85.239 24.566 27.997
84.058 26.683 25.093
80.351 27.489 25.608
80.275 24.884 28.448
76.925 24.725 30.149
75.284 22.129 32.310
72.950 19.670 30.536
69.380 20.955 30.565
66.921 19.272 32.830
69.423 17.996 35.309
70.303 18.744 38.896
73.403 20.409 37.488
71.371 22.876 35.532
69.088 23.602 38.466
71.985 25.225 40.385
71.965 28.193 37.916
68.324 27.993 36.848
66.902 28.012 40.376
69.300 28.136 43.329
71.541 31.031 42.207
68.631 33.291 41.250
66.219 32.612 44.116
67.821 35.142 46.493
65.012 34.916 49.002
65.778 32.264 51.616
64.171 33.463 54.858
