10.437 9.301 3.833
7.630 8.217 6.072
6.890 10.656 8.927
4.048 8.643 10.379
4.124 8.810 14.183
6.248 11.979 14.042
5.329 15.374 15.532
6.308 18.705 13.962
6.048 22.263 15.249
5.716 24.830 12.463
5.927 28.476 13.403
4.549 30.650 10.669
2.483 27.568 9.694
-0.776 29.515 9.302
-0.105 30.658 5.703
2.444 31.135 2.939
5.640 29.093 2.910
5.259 27.694 6.447
1.808 26.430 5.501
3.114 24.742 2.321
5.796 23.033 4.434
3.209 22.010 7.063
1.171 20.402 4.253
4.233 18.493 3.016
4.944 17.151 6.505
1.277 16.224 7.081
1.087 14.491 3.708
4.077 12.301 4.761
2.155 11.399 7.925
3.443 13.930 10.440
1.251 15.381 13.211
1.518 19.167 13.084
1.398 22.020 15.570
0.695 25.310 13.825
1.869 28.431 15.634
1.348 32.044 14.670
0.109 35.339 16.186
-3.395 34.967 14.788
-5.181 32.029 16.530
-8.040 31.955 13.958
-5.628 31.672 11.101
-3.495 29.049 12.836
-6.599 27.016 13.857
-8.034 27.145 10.347
-4.683 26.113 8.847
-4.396 23.213 11.331
-7.942 22.009 10.588
-7.220 22.092 6.809
-4.196 19.834 7.460
-6.333 17.359 9.438
-9.116 17.391 6.813
-6.922 16.954 3.803
-4.275 14.651 5.232
-5.993 12.929 8.182
-3.243 13.813 10.694
-3.541 15.111 14.286
-3.015 18.821 14.631
-3.066 21.602 17.106
-2.956 25.392 16.764
-1.384 27.641 19.385
-1.034 31.414 19.426
2.546 32.599 19.826
4.545 35.681 19.024
7.983 34.095 18.637
9.711 37.396 19.603
8.195 36.883 23.054
10.270 34.315 24.913
7.627 33.461 27.538
5.076 32.830 24.787
7.590 30.464 23.105
8.201 28.636 26.381
4.393 28.198 26.712
4.180 27.001 23.042
6.631 24.188 23.780
4.798 23.254 26.976
1.652 23.024 24.844
3.446 20.676 22.366
4.584 18.455 25.248
1.025 18.427 26.723
-0.692 17.568 23.445
1.845 15.040 22.078
4.468 14.227 24.715
7.118 14.375 22.009
8.617 16.455 19.234
10.730 15.345 16.276
10.785 18.322 13.908
10.818 22.083 14.173
10.211 24.412 11.259
10.950 28.059 12.095
9.017 29.842 9.358
7.715 32.778 11.419
9.156 35.923 9.943
8.519 39.554 9.127
10.010 42.166 6.835
9.970 45.993 6.969
11.301 48.023 4.026
13.187 51.317 4.504
16.422 52.797 3.269
19.129 51.739 5.783
20.087 55.325 6.553
16.434 56.103 7.509
15.349 52.720 8.968
13.388 53.321 12.219
15.438 51.806 15.060
12.508 50.068 16.720
11.524 48.393 13.424
15.134 47.416 12.705
15.305 45.588 16.053
11.796 44.163 15.681
12.651 42.324 12.418
15.674 40.720 14.164
13.597 39.996 17.296
11.056 37.975 15.256
13.338 36.421 12.648
16.469 35.665 14.621
15.783 35.886 18.396
12.418 34.111 17.847
14.067 31.353 15.818
16.638 30.974 18.633
13.962 30.900 21.425
12.025 28.138 19.615
15.189 26.028 19.104
16.216 26.598 22.757
12.823 25.569 24.164
12.406 22.621 21.784
15.755 21.141 22.842
14.507 19.072 25.774
11.901 17.244 23.620
14.147 16.991 20.560
16.734 15.226 22.785
14.196 12.490 23.384
13.566 11.921 19.667
15.360 9.201 17.712
15.033 11.458 14.611
15.405 15.151 15.628
15.553 17.783 12.900
15.362 21.565 13.164
14.677 23.405 9.900
15.241 27.146 9.924
13.942 29.368 7.068
16.601 31.586 5.542
16.449 33.723 2.432
18.687 34.660 -0.497
20.001 37.368 1.905
22.062 34.659 3.634
24.272 34.919 0.534
23.278 38.081 -1.318
20.976 41.096 -0.973
19.183 41.542 -4.283
16.806 44.311 -3.218
17.315 47.608 -1.518
15.564 48.601 1.702
15.824 45.276 3.498
18.974 45.697 5.736
17.267 44.484 8.960
15.817 41.449 7.253
19.133 40.553 5.591
20.935 40.846 8.952
18.310 38.576 10.572
18.679 35.862 7.909
22.517 35.864 7.925
22.114 35.613 11.666
19.856 32.613 11.231
22.392 30.914 8.911
25.241 31.259 11.442
22.989 30.332 14.388
22.053 27.191 12.473
25.705 26.227 12.128
26.362 26.884 15.836
23.438 24.667 16.804
24.473 21.979 14.351
27.914 22.084 15.896
26.728 21.894 19.552
23.789 19.545 19.182
25.240 17.033 16.684
26.377 15.039 19.695
22.660 14.524 20.616
21.885 13.558 17.013
19.940 16.787 16.464
20.292 18.055 12.914
19.981 21.758 12.247
19.663 23.009 8.681
18.342 26.018 6.726
15.961 26.038 3.816
16.731 29.304 1.975
13.913 30.015 -0.501
14.505 32.145 -3.573
11.559 34.308 -4.681
7.987 33.140 -3.927
4.822 35.242 -4.209
3.390 35.559 -0.700
1.992 38.305 1.554
5.581 39.163 2.481
6.697 39.693 -1.171
3.497 40.957 -2.760
4.787 44.521 -3.147
7.847 43.290 -5.142
5.759 40.953 -7.298
3.321 43.799 -8.044
6.090 45.843 -9.767
6.418 44.445 -13.368
9.985 45.856 -13.700
11.174 44.069 -10.568
9.409 40.806 -11.518
10.930 40.904 -14.974
14.373 41.372 -13.365
13.755 38.522 -10.946
12.715 36.099 -13.735
15.919 37.022 -15.725
17.941 35.682 -12.758
15.987 32.363 -12.429
17.310 29.594 -14.772
14.110 27.586 -14.296
12.155 30.592 -15.633
9.539 30.883 -12.909
9.082 32.034 -9.338
8.492 29.635 -6.480
5.282 28.290 -5.078
4.765 26.782 -1.575
4.625 23.231 -3.054
8.325 23.673 -4.125
9.364 23.503 -0.445
7.446 20.370 0.546
9.980 17.788 -0.647
13.028 19.371 0.888
11.250 19.795 4.304
10.117 16.175 4.311
13.555 15.046 3.163
15.329 16.975 5.976
12.801 15.805 8.589
13.132 12.177 7.492
15.413 9.489 8.768
16.960 9.536 5.251
18.631 12.919 6.052
20.351 11.745 9.225
23.867 12.733 8.026
22.758 16.152 6.779
23.409 18.959 9.286
24.634 22.554 9.332
23.635 23.068 5.679
22.084 26.067 3.942
20.014 24.615 1.065
18.664 27.106 -1.492
15.382 26.289 -3.227
15.553 29.050 -5.717
15.197 27.735 -9.297
18.944 28.285 -9.759
19.123 31.924 -8.635
22.326 31.424 -6.597
24.035 29.548 -9.442
23.878 32.486 -11.834
