36.311 24.993 39.313
34.198 21.912 38.808
34.485 19.591 35.868
31.592 18.613 33.647
30.817 15.002 32.682
28.398 12.974 30.626
27.575 9.383 31.391
25.452 7.379 28.980
24.214 3.992 30.068
22.008 1.410 28.266
19.682 -0.975 30.101
18.830 -4.348 28.690
15.466 -4.507 26.991
14.233 -7.532 28.999
14.221 -5.473 32.213
10.660 -4.317 32.984
10.193 -0.624 32.440
9.532 0.211 36.104
12.750 -1.622 37.044
14.493 0.382 34.303
13.254 3.575 35.895
14.497 2.417 39.309
17.981 1.715 37.821
18.024 5.273 36.529
17.227 6.502 40.059
20.040 4.332 41.454
22.544 5.852 39.028
21.438 9.368 40.028
21.926 8.488 43.688
25.384 7.016 43.022
26.409 10.287 41.312
24.891 12.436 44.114
26.008 10.475 47.192
29.218 8.645 46.067
30.707 10.639 43.136
29.550 13.755 45.047
28.386 15.214 41.767
25.661 17.752 41.033
23.260 16.549 38.373
22.478 19.121 35.631
20.264 17.086 33.319
18.900 13.554 32.904
17.894 12.718 29.300
15.757 9.584 29.110
16.272 8.683 25.438
14.233 5.502 25.671
14.517 2.326 23.576
16.853 2.462 20.559
18.136 -0.213 18.072
21.884 -0.986 17.844
23.830 -1.314 14.603
24.768 -4.883 15.628
24.222 -6.846 18.883
25.439 -5.827 22.336
25.346 -8.704 24.907
23.162 -10.549 22.475
20.498 -7.726 22.453
19.561 -5.720 19.364
18.169 -2.688 21.283
18.385 -1.111 24.713
17.030 1.737 26.839
19.321 4.802 26.693
19.837 7.406 29.356
22.453 10.194 29.498
23.172 12.088 32.729
25.097 15.359 32.707
26.785 16.200 35.977
29.619 18.218 37.556
32.064 17.178 40.184
35.720 17.628 41.195
36.727 14.550 39.219
38.101 12.745 42.280
35.423 10.093 42.845
34.419 9.043 39.345
35.345 5.440 40.090
32.227 5.256 42.305
30.111 5.447 39.178
32.269 3.120 37.171
32.190 0.551 39.957
28.355 0.694 40.179
28.162 -0.044 36.455
30.700 -2.886 36.753
28.395 -4.776 39.198
25.098 -4.167 37.423
24.565 -6.635 34.549
21.237 -5.097 33.617
23.296 -2.168 32.309
24.776 -3.711 29.092
26.831 -0.729 27.979
28.012 2.558 29.474
30.437 5.318 28.732
31.564 8.286 30.726
33.302 11.352 29.336
34.597 14.649 30.547
32.926 17.373 28.518
35.774 19.801 27.935
33.654 21.511 25.264
30.975 22.378 27.870
33.593 23.676 30.343
34.990 25.910 27.604
31.486 27.110 26.726
30.753 28.062 30.322
33.977 30.015 30.641
32.958 31.796 27.437
29.429 32.537 28.712
30.895 34.018 31.896
33.243 36.014 29.591
