43.728 198.742 106.414
45.927 197.942 109.427
49.383 196.763 110.520
49.725 193.189 111.780
52.651 191.064 113.019
52.720 187.522 111.591
54.492 184.809 113.611
56.198 182.363 111.219
57.328 179.853 113.844
55.114 177.206 112.237
57.333 177.160 109.169
59.614 175.095 111.410
57.312 172.118 110.787
58.357 172.047 107.114
61.787 170.718 106.111
64.558 173.278 106.633
65.513 173.700 102.982
61.984 174.912 102.123
60.994 177.192 105.018
60.790 180.286 102.801
57.996 178.635 100.804
56.020 177.542 103.849
56.371 181.051 105.261
54.719 182.630 102.220
51.832 180.254 102.854
51.503 181.035 106.554
51.408 184.747 105.689
48.538 184.271 103.251
46.623 182.072 105.702
47.105 184.556 108.541
45.741 187.512 106.549
42.928 185.423 105.103
41.832 184.545 108.627
42.385 187.837 110.428
40.838 189.866 107.596
38.013 187.377 107.055
38.593 186.642 103.372
39.363 183.677 101.104
43.070 182.889 100.751
42.653 183.146 96.974
41.704 186.796 97.473
44.784 187.704 99.513
47.407 189.471 97.394
50.990 189.543 98.641
53.179 192.384 97.431
56.599 191.193 96.183
58.093 193.247 99.038
56.816 190.533 101.357
58.286 187.867 99.097
61.736 189.404 99.195
61.511 189.803 102.959
60.823 186.115 103.558
63.460 184.965 101.042
66.127 187.437 102.239
68.504 184.776 103.633
67.679 182.173 101.016
65.131 179.356 101.030
66.098 177.864 104.398
66.317 180.931 106.688
63.030 182.721 107.325
62.529 185.633 109.739
60.647 184.519 112.869
58.047 187.292 112.442
57.088 189.963 109.943
55.269 193.282 110.315
52.744 193.530 107.505
50.490 196.385 106.347
47.245 195.059 104.841
44.186 196.775 103.329
40.748 195.164 102.839
37.984 196.107 100.359
35.873 195.570 97.189
32.547 193.818 96.433
33.804 190.211 96.622
36.133 191.060 99.491
39.888 190.916 99.018
43.116 191.958 100.721
46.267 193.691 99.544
49.412 193.365 101.610
52.968 194.671 101.741
55.997 195.110 104.000
56.657 198.012 106.386
