25.970 20.181 29.032
25.483 21.067 32.688
27.962 23.693 33.959
30.433 23.274 36.779
28.730 24.623 39.921
28.664 24.320 43.640
25.656 26.662 43.936
22.236 26.552 42.258
19.473 29.082 42.795
16.068 29.564 41.131
13.583 32.420 41.343
10.408 32.954 39.354
9.676 36.598 38.690
6.627 38.034 36.900
8.669 38.657 33.760
10.541 35.364 33.888
12.149 32.502 35.629
15.893 32.937 36.416
18.053 29.893 37.267
21.654 30.442 38.279
24.414 27.853 38.399
27.540 29.347 40.085
30.958 27.941 40.933
32.181 29.899 43.958
35.776 29.436 45.112
37.624 31.616 47.583
34.393 33.615 48.119
34.277 34.773 44.454
32.360 33.808 41.310
34.775 31.460 39.532
32.163 30.597 36.866
28.470 31.281 36.348
25.738 30.218 33.916
22.207 31.590 33.808
19.152 29.818 32.436
15.526 30.844 32.188
12.573 32.002 30.117
13.203 35.722 30.706
13.500 37.779 27.553
16.405 39.979 26.601
17.336 41.294 23.169
21.014 40.326 23.761
22.556 37.098 25.051
22.848 36.730 28.861
26.542 35.740 28.372
27.409 39.439 28.821
25.949 39.379 32.339
27.800 36.117 33.164
30.934 37.925 31.938
30.578 40.910 34.278
29.903 38.661 37.289
32.890 36.392 36.840
35.545 37.241 39.501
33.066 39.280 41.563
32.774 38.696 45.308
29.889 36.328 46.084
27.997 38.854 48.157
24.734 40.621 47.267
26.314 44.091 47.531
29.178 43.359 45.137
27.015 41.490 42.672
24.540 44.383 42.615
27.347 46.922 42.128
28.558 44.929 39.091
25.061 44.798 37.669
24.769 48.611 37.906
27.722 48.836 35.432
25.547 47.436 32.594
22.213 48.031 30.922
20.123 45.332 32.542
17.190 45.966 30.208
19.139 44.487 27.282
19.284 41.140 29.114
16.266 40.763 31.432
13.196 42.690 30.295
11.001 43.580 33.285
13.395 42.291 35.940
15.512 44.605 38.097
19.197 44.522 39.020
18.149 43.988 42.634
16.054 41.036 41.550
18.869 39.530 39.429
21.347 39.996 42.323
18.905 38.095 44.524
18.777 35.238 41.963
22.601 35.161 41.880
23.215 35.263 45.641
21.336 34.997 48.962
