20.344 23.652 17.089
23.525 21.558 17.418
23.482 19.070 20.279
26.498 19.523 22.492
25.899 16.221 24.232
26.005 14.218 21.038
29.039 15.943 19.462
31.065 15.103 22.578
29.692 11.532 22.796
30.462 10.787 19.132
33.925 12.321 19.550
34.570 10.101 22.569
33.726 6.946 20.528
36.527 7.731 18.037
34.218 8.613 15.123
34.644 11.199 12.409
31.429 13.058 11.535
29.990 15.970 9.601
27.406 18.301 11.134
24.248 19.914 9.739
24.930 18.460 6.316
23.022 20.330 3.625
24.114 17.839 0.923
21.630 15.191 2.202
17.819 15.225 2.450
16.562 16.814 5.670
19.963 18.373 6.501
20.809 15.730 9.117
22.314 16.982 12.370
25.189 14.459 12.330
26.481 12.309 9.438
29.011 9.461 9.966
30.288 8.536 6.490
32.349 5.612 7.746
29.273 3.691 8.940
26.808 5.054 6.364
24.468 6.491 8.963
22.877 9.837 9.795
21.416 11.058 13.097
18.614 13.589 13.544
17.941 15.312 16.873
14.266 16.251 16.619
12.349 18.580 18.922
9.286 16.782 20.330
6.861 19.644 19.718
7.879 20.509 16.196
8.130 16.912 14.953
4.972 15.680 16.772
6.320 13.110 19.206
3.914 11.184 21.432
5.551 12.017 24.765
4.940 14.436 27.622
6.791 17.282 25.836
4.092 17.488 23.187
1.596 20.225 24.098
-1.176 21.577 21.857
-1.076 25.412 21.942
-4.295 27.000 23.263
-4.149 29.820 20.734
-4.605 29.244 16.969
-4.808 25.488 17.699
-5.911 24.417 14.217
-3.139 26.406 12.596
-0.518 24.725 14.817
-1.796 21.174 14.305
-1.854 21.675 10.525
1.703 23.069 10.514
3.172 20.311 12.678
1.361 17.695 10.539
3.146 19.083 7.459
6.520 18.847 9.265
5.871 15.129 9.863
5.070 14.507 6.191
8.282 16.255 5.195
10.269 14.174 7.718
8.829 10.952 6.267
9.922 11.846 2.752
13.429 12.902 3.854
13.842 9.556 5.706
12.631 7.595 2.691
15.038 9.432 0.359
17.942 8.798 2.733
17.196 5.062 2.897
16.856 4.813 -0.884
20.359 6.326 -1.080
21.729 3.638 1.263
21.868 5.552 4.550
20.700 4.133 7.879
18.762 6.673 9.947
18.616 7.209 13.692
16.278 9.750 15.310
17.179 10.770 18.869
14.107 12.532 20.284
14.501 15.578 22.546
12.827 13.788 25.476
15.819 11.368 25.553
18.338 14.219 25.543
16.958 16.901 27.867
14.476 17.434 30.651
13.234 15.256 33.500
13.280 11.843 31.821
16.496 12.180 29.795
18.885 9.239 29.449
22.175 9.168 31.277
25.329 9.625 29.222
26.056 5.919 29.923
22.703 4.600 28.610
22.798 7.004 25.669
26.413 6.081 24.850
25.646 2.347 24.892
22.675 2.646 22.603
24.753 4.740 20.174
27.657 2.316 20.218
25.490 -0.735 19.455
23.450 1.002 16.730
26.305 2.713 14.862
28.984 0.023 15.050
26.605 -2.998 15.058
24.978 -1.728 11.836
21.447 -1.642 13.295
18.422 -0.997 11.077
16.950 2.543 11.045
15.536 3.327 14.476
14.574 5.962 16.993
15.582 6.496 20.603
13.228 7.900 23.256
12.879 7.691 27.055
11.826 3.988 26.736
14.794 2.770 24.669
15.413 2.059 20.998
12.614 1.189 18.544
12.700 0.379 14.833
11.318 3.021 12.481
9.441 0.289 10.565
