28.934 9.303 57.997
29.619 12.925 57.166
31.499 14.622 54.336
35.112 15.332 53.411
36.418 18.213 51.305
39.567 17.368 49.316
41.499 19.046 46.484
43.818 17.253 44.047
46.156 18.402 41.233
47.938 16.065 38.783
51.304 17.503 37.674
51.287 15.357 34.460
54.755 16.409 33.136
56.426 15.594 36.498
54.498 12.545 37.738
53.462 14.037 41.091
49.990 14.321 42.498
49.236 16.866 45.172
46.418 16.066 47.567
44.992 18.524 50.090
42.811 17.282 52.920
40.829 20.435 53.640
37.925 19.825 56.097
35.378 17.286 57.256
31.842 18.073 58.445
28.732 16.369 59.861
30.843 13.585 61.377
28.758 11.061 63.431
32.439 13.719 69.921
35.217 12.228 67.860
38.855 13.394 67.577
39.260 13.107 63.802
42.359 12.780 61.647
42.651 11.616 58.078
44.884 8.939 56.642
45.594 8.997 52.923
46.792 5.802 51.124
48.015 5.805 47.505
47.620 2.567 45.483
49.165 1.496 42.191
46.751 -1.180 41.040
46.225 -2.985 44.349
49.567 -2.297 45.954
49.860 0.544 48.490
52.824 2.602 47.373
52.593 5.557 49.804
50.736 6.747 52.900
50.242 10.109 54.709
48.254 11.289 57.678
47.032 14.575 59.080
47.200 15.908 62.592
44.249 15.209 64.758
41.530 17.720 65.590
40.091 17.163 69.125
36.414 16.496 70.063
34.468 17.858 67.049
32.023 16.768 64.221
33.691 19.445 61.946
37.444 19.905 61.549
39.660 22.088 59.357
42.796 20.076 58.461
44.315 22.090 55.550
47.095 19.558 54.986
48.791 19.367 51.583
50.679 16.215 50.609
52.819 15.507 47.591
52.799 11.969 46.063
55.291 10.590 43.549
53.525 8.720 40.737
55.762 5.875 39.520
54.038 5.555 36.135
53.238 7.786 33.190
49.555 8.264 33.963
46.909 7.972 36.689
45.091 5.082 34.944
45.962 2.492 37.688
46.420 4.942 40.536
43.832 5.380 43.252
43.732 7.398 46.516
41.974 6.201 49.672
40.972 8.660 52.417
40.125 7.354 55.888
38.607 9.582 58.551
39.545 7.975 61.912
38.824 8.811 65.502
41.985 9.083 67.584
41.434 7.203 70.830
44.144 6.319 73.352
44.169 2.707 74.580
42.245 1.096 71.631
42.446 0.728 67.852
41.295 4.008 66.216
37.898 3.494 64.562
37.286 4.348 60.907
34.558 7.012 60.904
34.269 7.039 57.109
36.041 6.273 53.904
36.369 7.838 50.453
38.031 6.377 47.378
39.011 8.240 44.183
40.144 6.273 41.151
39.288 5.328 37.589
36.771 2.668 38.582
35.493 4.367 41.749
31.692 4.266 41.982
30.452 7.897 41.624
31.610 10.999 43.498
35.180 9.616 43.625
34.878 8.567 39.984
33.905 12.027 38.606
36.471 13.899 40.694
39.224 11.539 39.438
38.073 11.937 35.801
38.302 15.734 36.148
41.832 15.392 37.740
42.958 13.349 34.691
41.132 15.597 32.201
42.673 18.800 33.661
46.320 18.174 34.574
47.915 21.086 36.547
44.558 22.401 37.738
43.837 22.013 41.476
40.265 20.839 41.785
38.306 20.723 45.131
35.070 18.794 45.848
32.960 17.719 48.813
32.298 13.969 48.989
29.979 11.878 51.199
31.917 9.386 53.304
31.134 5.640 53.191
31.460 2.872 55.740
35.082 1.700 56.170
38.339 9.920 70.482
51.651 11.099 30.675
32.897 -0.231 59.361
