10.088 62.379 59.306
8.616 59.105 57.973
9.804 60.560 54.652
12.144 57.657 53.856
9.555 54.966 54.541
6.836 56.710 52.537
9.049 57.687 49.632
10.242 54.111 49.720
6.658 52.855 49.633
6.467 54.695 46.348
9.527 52.872 44.980
7.609 49.761 45.949
4.556 50.998 44.045
2.356 50.733 47.079
1.107 54.296 46.997
1.531 57.239 44.722
3.530 60.471 44.839
0.307 62.364 45.362
-0.468 60.455 48.554
2.903 60.981 50.143
3.276 64.610 48.957
-0.184 65.223 50.307
0.744 63.482 53.512
4.033 65.396 53.813
2.768 68.927 53.316
-0.381 68.618 55.444
1.140 66.750 58.369
4.860 66.211 57.938
5.560 68.265 61.047
3.176 66.261 63.226
3.109 62.910 64.938
4.077 60.470 62.166
0.920 58.710 63.116
-1.251 61.462 61.596
1.217 61.586 58.701
0.551 57.984 57.918
-3.191 58.374 58.059
-3.138 61.143 55.461
-0.964 59.002 53.102
-3.374 56.094 53.363
-6.425 58.304 53.373
-5.361 59.782 50.028
-4.549 56.279 48.947
-7.901 54.681 49.618
-9.137 57.940 48.227
-7.371 57.046 44.943
-9.164 53.728 44.854
-12.500 55.503 44.969
-13.037 55.069 48.687
-14.795 58.034 50.117
-13.447 57.725 53.633
-11.030 55.755 55.781
-12.619 53.903 58.769
-10.534 54.348 61.914
-11.122 50.642 62.181
-9.236 49.677 58.943
-6.621 51.610 60.936
-6.695 50.064 64.466
-4.520 46.861 64.665
-6.283 45.094 61.801
-4.111 46.566 59.083
-1.311 44.756 60.907
-2.579 42.300 58.229
-3.932 44.884 55.731
-2.246 47.997 54.145
1.379 46.854 53.928
2.614 49.767 56.004
2.160 47.838 59.246
5.933 48.438 59.348
7.038 50.804 62.109
9.347 52.108 64.835
7.028 55.086 65.109
3.739 53.209 65.591
3.752 53.521 69.371
1.545 50.593 70.352
-2.064 50.293 69.146
-2.071 53.981 70.218
-5.866 53.453 70.740
-6.348 57.221 71.107
-6.028 57.285 67.332
-9.031 59.495 67.575
-7.061 61.718 69.965
-3.807 61.825 68.060
-5.627 62.754 64.891
-7.902 65.438 66.350
-4.834 66.952 68.149
-2.995 67.382 64.870
-4.680 70.199 63.186
-5.026 69.091 59.622
-7.980 67.171 61.078
-10.945 68.747 62.795
-14.345 67.459 63.795
-15.713 69.608 61.031
-15.743 73.037 62.583
-12.497 74.553 61.253
-11.910 74.591 57.485
-9.625 71.565 57.231
-7.877 69.224 54.850
-9.332 66.281 56.818
-12.537 65.501 58.767
-13.049 62.936 61.588
-16.814 62.308 61.633
-17.939 58.969 62.938
-14.771 57.032 63.541
-14.151 57.842 59.967
-11.362 59.954 58.473
-12.288 61.958 55.434
-10.787 64.146 52.827
-12.828 67.303 53.449
-14.188 67.247 49.921
-15.633 63.718 50.465
-17.327 64.469 53.793
-18.799 67.550 52.192
-20.023 65.490 49.302
-21.518 62.885 51.627
-23.547 65.396 53.766
-24.774 67.012 50.567
-26.305 63.661 49.717
-27.714 63.129 53.179
-29.303 66.564 53.121
-30.972 65.761 49.724
-32.796 62.746 51.041
-33.735 64.361 54.465
-35.235 67.428 52.768
-37.462 65.710 50.109
-40.859 67.310 50.673
-44.329 65.863 49.811
-45.743 66.377 46.341
-48.887 68.106 47.705
-50.341 67.000 44.353
-52.751 64.789 46.223
-56.447 64.280 45.520
-55.629 60.689 46.311
-59.086 60.114 44.949
-57.822 61.104 41.472
-54.333 59.655 41.738
-55.864 56.378 42.808
-58.117 56.398 39.741
-55.350 57.176 37.282
-53.330 54.375 38.890
-56.195 51.849 39.042
-56.518 52.615 35.274
-52.821 52.091 34.615
-52.433 49.039 36.799
-55.211 46.398 36.366
-53.960 43.221 38.073
-53.829 45.172 41.365
-55.811 42.360 43.075
-52.679 40.881 44.731
-50.359 43.774 45.861
-48.794 45.255 42.762
-45.368 46.559 43.740
-45.007 48.473 40.496
-48.225 50.163 41.367
-46.752 51.091 44.727
-43.481 52.439 43.209
-45.518 54.695 41.014
-47.593 56.026 43.986
-44.449 56.565 46.043
-42.733 58.368 43.274
-45.785 60.516 42.341
-46.150 61.790 45.903
-42.523 62.687 46.447
-39.974 65.097 45.046
-37.091 62.667 44.998
-37.635 58.952 44.722
-35.663 55.748 44.317
-36.991 52.567 42.669
-34.654 49.583 43.079
-35.230 46.352 41.229
-33.643 43.253 39.820
-33.486 42.546 36.063
-36.509 40.298 36.293
-38.688 43.353 37.029
-40.772 45.822 35.069
-38.711 48.750 36.284
-38.788 49.848 32.717
-42.573 49.518 32.332
-43.169 50.996 35.810
-41.262 54.246 35.110
-43.302 54.304 31.941
-46.817 54.180 33.487
-45.246 56.253 36.223
-44.794 59.158 33.806
-47.931 58.607 31.683
-49.611 59.416 34.934
-47.463 62.472 35.497
-48.392 63.751 32.087
-52.079 62.741 32.483
-52.236 64.679 35.814
-50.731 67.905 34.392
-53.945 70.023 34.199
-52.774 72.644 31.753
-49.077 72.319 31.049
-45.401 72.730 32.011
-43.907 69.337 32.672
-40.625 68.712 30.802
-39.313 65.245 31.336
-35.707 64.553 30.555
-34.130 61.116 30.830
-30.460 60.232 31.607
-28.021 57.514 32.600
-24.506 57.735 33.876
-22.984 55.764 30.982
-23.838 56.489 27.387
-24.288 52.808 26.701
-27.021 52.970 29.310
-28.532 56.244 28.132
-28.891 54.338 24.887
-31.144 51.595 26.265
-33.132 53.990 28.413
-34.604 55.438 25.201
-34.893 52.357 23.108
-37.099 50.847 25.872
-38.522 53.833 27.779
-39.933 54.916 24.457
-40.999 51.512 23.168
-42.909 50.670 26.327
-44.084 54.307 26.415
-45.608 54.882 22.965
-47.987 52.011 23.830
-50.122 52.588 26.944
-53.424 54.557 26.569
-52.125 58.111 26.368
-52.537 60.339 23.357
-53.530 63.625 24.951
-50.624 65.051 23.038
-47.462 63.162 23.571
-44.869 65.824 24.257
-43.276 62.832 25.903
-39.992 62.287 27.675
-37.954 64.346 25.217
-36.600 60.878 24.019
-33.100 62.347 24.153
-31.326 60.734 27.091
-27.799 61.963 27.493
-25.205 60.617 29.800
-25.288 62.267 33.169
-21.710 63.569 32.395
-23.001 65.311 29.303
-26.094 67.208 30.282
-24.301 69.119 33.048
-20.890 71.051 32.845
-25.108 73.564 37.465
-26.326 75.306 40.720
-26.353 78.903 39.653
-27.598 77.584 36.342
-30.026 74.763 37.271
-31.243 72.469 34.609
-34.306 73.076 32.457
-36.863 70.502 33.500
-39.587 69.542 35.956
-38.835 65.864 36.254
-35.505 64.026 35.790
-35.389 60.249 35.440
-31.920 58.839 36.088
-31.577 55.146 35.103
-28.690 52.764 36.066
-28.519 54.783 39.234
-26.380 52.006 40.701
-23.403 53.559 38.862
-23.787 57.099 40.243
-20.775 57.702 42.470
-20.531 60.077 45.445
-19.145 62.987 43.351
-21.521 62.419 40.434
-24.407 62.584 42.923
-23.503 65.812 44.589
-22.853 67.324 41.182
-26.228 66.309 39.770
-27.863 67.393 42.978
-26.575 70.896 42.489
-27.667 71.122 38.864
-31.217 70.536 40.208
-33.702 73.412 40.622
-35.741 73.136 43.878
-38.981 72.617 41.863
-37.858 69.463 40.096
-38.621 65.864 40.544
-36.026 63.177 40.344
-36.835 59.454 39.965
-33.719 57.192 40.233
-33.887 53.625 38.963
-31.363 50.954 39.903
-30.243 47.585 41.272
-29.466 47.775 44.946
-27.512 44.492 45.058
-25.498 44.959 41.963
-21.738 45.308 42.674
-21.674 48.893 41.332
-23.977 49.790 44.186
-21.427 48.567 46.693
-17.915 49.090 45.426
-15.821 52.047 46.493
-17.525 55.424 46.091
-21.064 54.215 45.399
-24.200 55.433 47.065
-27.208 53.557 45.754
-26.404 50.617 48.003
-26.353 52.761 51.168
-29.371 54.857 50.124
-31.452 51.703 49.539
-30.191 50.107 52.684
-33.109 51.644 54.554
-35.508 49.930 52.270
-35.492 46.863 54.516
-36.843 49.235 57.112
-40.153 49.426 55.295
-42.395 52.519 55.233
-43.491 54.388 58.325
-47.087 53.421 59.229
-48.615 56.644 58.073
-46.919 56.314 54.659
-47.994 52.735 54.425
-51.577 53.651 55.155
-51.469 56.314 52.487
-50.012 53.944 49.871
-52.537 51.327 50.640
-55.136 54.059 50.218
-53.535 55.021 46.866
-53.251 51.548 45.416
-56.117 49.227 46.283
-54.050 46.998 48.530
-52.740 46.845 52.028
-49.114 47.817 52.133
-46.958 46.774 55.102
-44.993 49.126 57.352
-43.343 48.413 60.672
-40.524 49.561 62.947
-41.042 53.083 64.239
-39.769 56.053 62.187
-35.972 56.272 62.198
-34.913 57.745 58.803
-38.552 58.311 57.948
-37.937 60.756 55.091
-35.758 58.260 53.207
-37.765 55.112 53.894
-41.001 56.796 52.867
-39.653 57.478 49.391
-37.875 54.239 48.428
-39.500 51.135 46.983
-37.987 48.023 45.617
-39.681 45.810 43.124
-40.172 42.099 43.006
-40.761 39.722 40.127
-44.555 38.906 39.692
-46.841 35.855 39.139
-46.773 33.250 36.323
