45.531 80.082 8.496
45.373 81.254 12.132
47.947 83.892 12.970
50.358 82.177 15.316
51.218 85.495 17.020
47.809 87.166 17.581
45.267 84.466 16.604
43.318 86.519 14.061
43.114 85.232 10.443
46.474 84.876 8.714
47.178 85.196 4.974
50.984 85.198 5.050
53.993 83.218 6.168
56.791 84.805 8.194
60.242 83.161 8.338
61.632 83.069 11.898
65.351 82.843 11.044
67.683 85.090 9.019
68.118 82.765 6.009
67.767 84.739 2.790
67.252 81.939 0.243
63.697 81.362 -0.936
63.733 77.577 -0.517
64.123 76.576 3.123
62.196 73.439 3.980
60.597 73.511 7.426
57.505 73.695 9.555
56.254 75.746 12.476
59.796 75.602 13.879
61.021 77.845 11.017
57.823 79.685 9.941
54.703 81.282 11.415
51.411 81.935 9.653
50.694 85.613 10.345
48.294 88.438 9.670
49.495 91.694 8.064
50.120 93.380 11.449
52.215 90.528 12.831
54.070 90.116 9.565
55.503 93.645 9.907
56.286 93.081 13.615
