33.100 46.142 115.704
30.351 44.245 113.929
28.740 41.067 115.203
26.845 38.094 113.900
24.409 35.486 115.245
24.273 32.153 113.419
22.305 28.946 113.854
23.688 25.752 112.241
21.453 22.677 111.773
22.391 19.183 110.665
19.919 16.305 110.113
21.122 12.854 109.058
18.695 10.105 108.010
19.364 6.727 109.620
17.489 3.857 107.857
16.645 0.967 110.223
18.323 2.777 113.144
15.005 4.660 113.218
14.858 8.427 113.700
17.299 10.888 112.117
20.119 12.439 114.054
19.387 16.146 114.639
21.851 18.659 116.022
21.494 22.416 116.190
24.081 24.897 117.419
23.823 28.644 117.913
26.733 31.133 117.892
27.300 34.790 118.546
30.417 35.594 116.537
32.806 32.664 117.367
31.133 31.785 120.655
28.699 28.878 120.807
25.859 29.645 123.267
23.308 26.863 122.766
22.826 23.379 121.458
20.060 20.919 120.760
21.021 17.300 120.111
18.571 14.421 119.484
21.211 11.983 120.752
21.989 13.994 123.913
20.177 13.006 127.092
18.379 16.363 127.708
15.603 16.843 125.073
15.840 20.632 125.572
17.838 23.423 123.999
20.741 23.921 126.384
23.236 26.584 127.354
26.846 26.518 126.109
27.927 29.919 127.428
27.370 31.328 130.957
25.594 34.536 129.767
22.697 32.652 128.061
21.765 31.282 131.521
20.518 34.776 132.403
17.465 33.867 130.218
14.403 32.620 132.146
12.212 29.497 131.836
10.039 31.051 129.074
13.025 31.582 126.804
14.108 27.983 127.311
10.568 26.639 126.713
10.172 28.745 123.553
13.628 27.896 122.107
13.112 24.205 122.964
9.835 24.200 120.999
11.561 25.905 118.093
14.242 23.210 118.107
11.672 20.429 118.286
9.671 22.077 115.440
12.758 22.585 113.261
13.809 18.972 113.833
10.433 17.768 112.575
10.658 19.996 109.507
14.041 18.580 108.526
12.863 15.056 109.157
9.904 15.690 106.842
12.242 17.324 104.314
14.612 14.327 104.277
11.650 12.136 103.214
10.570 14.795 100.727
14.008 15.084 99.122
14.431 11.323 98.816
11.136 11.508 96.909
12.002 14.479 94.673
15.332 12.951 93.656
13.964 9.382 93.351
16.627 8.037 95.697
16.577 4.562 97.253
15.584 3.963 100.884
18.770 2.166 101.993
21.282 5.040 101.907
21.814 7.852 104.402
21.295 11.544 103.498
21.965 14.887 105.134
20.323 18.287 105.355
22.198 21.388 106.599
20.704 24.828 107.238
22.524 27.956 108.352
20.752 31.189 109.152
21.449 34.415 111.014
22.046 38.134 110.925
24.863 40.703 111.147
24.658 44.020 113.016
26.969 47.021 112.989
28.956 48.414 115.939
25.873 50.368 117.070
23.459 47.460 116.597
22.153 48.438 113.165
21.001 45.526 110.990
23.579 44.865 108.241
22.183 41.705 106.700
20.587 38.315 107.055
21.203 34.851 105.638
19.264 31.616 105.102
20.858 28.772 103.130
20.060 25.084 102.845
22.187 22.165 101.576
21.419 18.521 100.730
24.193 15.972 100.889
26.737 18.802 101.356
25.732 20.741 98.232
23.638 23.892 97.863
19.913 23.208 97.721
18.177 26.587 98.160
19.261 29.974 99.510
17.529 33.252 100.359
19.265 36.013 98.331
20.747 39.123 99.981
17.707 41.258 99.154
15.782 38.830 101.442
12.991 38.914 98.853
13.922 36.081 96.478
15.536 32.637 96.250
18.255 30.835 94.330
17.498 27.146 93.744
20.602 25.005 92.975
18.743 22.396 90.910
15.450 21.197 89.549
14.228 19.680 92.848
14.972 22.945 94.662
12.819 24.625 91.910
9.816 22.739 93.252
10.656 24.183 96.650
11.303 27.657 95.204
7.981 27.906 93.410
5.954 26.824 96.433
7.888 29.188 98.694
7.343 32.081 96.314
3.578 31.310 96.206
3.355 31.548 100.031
5.671 34.583 100.303
8.140 32.686 102.463
10.850 35.314 101.881
8.718 37.932 103.655
8.430 35.556 106.653
12.206 35.009 106.792
12.924 38.717 106.358
10.570 39.495 109.231
12.608 37.064 111.348
16.095 38.190 110.180
15.351 41.921 110.513
13.282 41.484 113.702
13.848 38.870 116.437
17.155 37.753 114.997
18.489 41.281 115.511
16.670 41.778 118.842
18.083 38.470 120.064
21.624 39.235 118.898
21.639 42.687 120.498
20.380 41.353 123.824
23.016 38.584 123.797
25.698 41.167 123.031
24.592 43.182 126.087
24.149 40.245 128.485
27.345 38.615 127.324
29.312 41.829 126.764
32.096 40.867 129.185
33.133 38.050 126.807
31.488 38.739 123.431
32.520 42.434 123.353
36.003 41.743 124.643
