8.306 -20.981 -28.937
5.531 -18.432 -28.581
5.347 -15.480 -26.219
1.689 -15.156 -27.139
1.031 -15.967 -23.501
3.506 -17.579 -21.135
2.121 -19.888 -18.475
4.050 -18.038 -15.795
2.586 -14.947 -17.417
-1.093 -15.676 -17.926
-0.929 -17.154 -14.446
0.245 -13.983 -12.744
-1.534 -12.034 -15.457
-4.764 -12.288 -13.501
-3.014 -11.318 -10.288
-1.716 -8.364 -12.266
-5.224 -7.422 -13.329
-6.293 -7.348 -9.699
-3.481 -5.049 -8.636
-4.035 -3.044 -11.799
-7.754 -2.973 -11.097
-7.359 -1.513 -7.627
-4.661 0.780 -8.965
-7.245 2.452 -11.167
-9.731 2.230 -8.321
-7.556 4.463 -6.175
-5.872 6.323 -9.009
-9.264 7.611 -10.086
-9.847 8.665 -6.498
-6.424 10.274 -6.634
-7.056 12.226 -9.815
-10.624 12.969 -8.791
-9.088 15.079 -6.050
-7.038 16.967 -8.611
-10.195 17.395 -10.654
-11.758 19.728 -8.117
-8.344 21.166 -7.342
-7.768 21.660 -11.050
-11.346 22.761 -11.608
-9.973 26.268 -11.232
-7.941 25.463 -14.322
-11.289 25.246 -16.074
-12.009 28.743 -14.819
-13.561 28.030 -11.441
-15.186 24.954 -9.952
-18.679 26.385 -10.234
-18.314 26.630 -13.993
-20.105 24.352 -16.427
-16.725 23.859 -18.058
-15.127 21.988 -15.182
-18.473 20.276 -14.738
-18.385 18.645 -18.153
-14.916 17.507 -17.154
-16.085 16.051 -13.862
-18.769 13.919 -15.465
-16.431 13.161 -18.343
-13.913 12.047 -15.747
-16.302 9.863 -13.785
-17.764 8.838 -17.122
-14.964 6.873 -18.742
-13.772 6.409 -15.180
-16.387 4.040 -13.810
-16.468 2.745 -17.365
-12.879 1.563 -17.154
-13.263 0.857 -13.455
-16.203 -1.451 -14.049
-14.613 -2.996 -17.117
-11.612 -3.634 -14.902
-13.763 -5.240 -12.234
-15.727 -7.316 -14.716
-12.414 -8.071 -16.382
-10.649 -9.085 -13.191
-13.867 -10.862 -12.290
-13.373 -13.287 -15.154
-9.609 -12.909 -15.261
-8.694 -13.254 -11.605
-10.392 -16.626 -11.871
-7.470 -17.500 -14.111
-5.390 -18.564 -11.133
-8.463 -18.680 -8.926
-11.177 -20.676 -10.653
-9.981 -21.192 -14.206
-6.982 -22.863 -12.613
-8.995 -24.745 -10.019
-11.126 -26.738 -12.430
-13.767 -26.479 -15.129
-17.315 -25.771 -14.016
-15.840 -24.188 -10.910
-15.424 -20.865 -12.672
-17.340 -17.830 -11.471
-19.636 -18.579 -14.385
-21.154 -21.218 -12.136
-19.703 -20.590 -8.697
-21.018 -17.454 -7.035
