130.496 67.498 8.961
127.335 65.851 10.309
128.261 62.350 9.176
131.682 62.597 10.841
130.205 63.640 14.186
127.754 60.764 14.066
130.207 58.189 12.734
132.809 58.935 15.420
130.143 58.590 18.111
131.610 61.540 20.015
128.837 62.008 22.652
126.020 59.902 21.103
126.277 56.357 19.726
124.688 55.419 16.412
121.586 54.006 18.101
120.989 57.133 20.217
122.419 56.300 23.667
125.293 57.768 25.714
127.099 54.415 26.049
130.236 53.325 24.101
131.014 56.855 22.943
134.316 58.685 23.065
132.910 60.686 25.984
131.954 57.516 27.914
135.687 56.686 27.854
137.365 60.121 28.268
134.918 61.769 30.672
135.868 61.035 34.284
135.627 64.646 35.348
134.282 65.203 38.806
132.231 68.431 38.415
129.203 68.899 36.149
130.735 72.039 34.621
133.914 70.103 33.758
131.888 67.318 32.164
130.096 69.839 29.933
133.336 71.667 29.038
135.080 68.482 27.963
132.162 67.509 25.720
132.280 70.993 24.092
136.038 70.467 23.463
135.583 67.044 21.925
133.015 68.561 19.623
135.174 71.571 18.789
138.851 70.820 18.177
140.999 73.922 18.261
143.573 74.966 15.599
145.586 77.463 17.744
149.007 75.795 18.185
149.825 77.737 21.351
146.579 76.717 23.144
147.193 73.047 22.209
150.794 73.084 23.447
149.643 74.714 26.675
147.019 72.003 27.211
149.519 69.237 26.413
152.019 70.732 28.921
149.333 70.959 31.615
148.402 67.278 31.168
152.044 66.197 31.574
152.732 68.347 34.600
149.509 67.290 36.380
149.877 63.509 36.079
151.235 62.788 39.565
148.761 65.240 41.124
145.442 63.846 39.846
144.616 61.668 42.907
145.082 64.634 45.276
143.258 67.263 43.192
140.200 65.239 42.109
138.508 64.668 45.529
138.851 68.415 46.271
137.742 69.594 42.830
134.692 67.372 43.246
133.698 69.432 46.283
133.533 72.596 44.158
130.423 71.310 42.327
128.609 73.185 39.600
129.676 76.664 40.614
129.071 77.781 37.040
125.283 77.263 37.237
125.046 78.593 40.816
126.663 81.805 39.604
123.985 82.067 36.895
121.238 81.815 39.515
123.114 84.526 41.499
123.112 86.739 38.396
119.362 86.155 37.864
118.663 86.646 41.611
117.026 83.225 41.831
119.837 81.527 43.782
118.395 79.420 46.647
119.904 79.031 50.156
121.596 75.701 49.269
123.096 77.399 46.195
124.724 79.960 48.429
125.792 77.187 50.827
127.398 75.257 47.951
129.034 78.465 46.827
130.471 78.785 50.350
131.593 75.104 50.283
133.368 75.777 46.970
135.190 78.847 48.397
136.404 76.568 51.228
138.224 74.335 48.715
140.217 77.126 47.086
143.067 77.408 49.634
143.607 73.604 49.380
143.546 73.738 45.572
145.983 76.695 45.657
148.419 74.687 47.843
148.302 71.565 45.705
148.843 73.642 42.514
151.656 75.833 43.828
154.164 73.042 43.390
153.054 72.079 39.845
155.801 73.397 37.535
153.793 74.670 34.592
153.017 78.233 33.625
149.547 77.369 32.225
148.651 75.665 35.508
149.813 78.674 37.525
147.711 80.927 35.266
144.656 78.754 36.031
145.529 78.718 39.738
145.589 82.519 39.667
142.316 82.773 37.733
140.484 80.491 40.217
141.064 83.133 42.881
140.164 82.735 46.549
137.356 85.062 47.735
138.229 84.921 51.451
136.016 87.965 52.101
132.973 86.381 50.381
133.647 83.041 52.040
133.606 84.777 55.417
130.365 86.626 54.566
128.505 83.398 53.685
129.907 81.643 56.756
128.448 84.385 58.971
125.251 84.973 56.998
123.921 81.480 56.438
123.493 78.416 58.676
125.388 75.144 58.068
122.488 73.339 56.310
119.801 75.889 55.304
116.335 74.848 54.046
115.558 74.464 50.304
113.688 77.740 50.128
113.944 81.138 51.821
110.147 81.660 51.936
109.678 79.993 55.411
112.880 81.526 56.897
115.417 79.645 59.011
118.243 80.580 56.594
120.091 83.550 58.070
122.340 82.583 60.982
122.153 84.028 64.482
124.750 86.760 65.047
124.491 88.195 61.520
121.884 90.854 62.263
121.008 91.962 65.800
117.486 93.151 64.905
116.764 89.633 63.532
118.027 87.938 66.704
115.765 90.281 68.733
112.652 89.367 66.695
113.532 85.675 66.919
114.078 85.647 70.693
110.487 86.878 70.934
109.240 83.791 69.096
111.486 81.704 71.428
110.559 82.500 75.037
107.285 81.613 73.333
107.608 77.767 73.468
108.510 77.939 77.193
105.774 80.475 78.051
103.083 78.187 76.603
104.204 75.174 78.587
104.095 77.240 81.818
100.710 78.773 81.000
99.493 75.263 80.401
100.639 73.692 83.648
99.536 76.771 85.585
96.056 76.789 84.071
95.729 73.027 84.474
96.687 73.135 88.224
94.521 76.192 88.915
91.357 74.881 87.221
91.986 71.315 88.427
91.071 70.015 84.952
93.606 67.377 84.067
92.768 67.276 80.305
93.693 70.945 79.844
96.298 71.509 77.084
97.577 74.608 75.288
97.847 74.328 71.500
97.895 76.273 68.239
95.732 75.910 65.119
96.467 77.870 61.930
92.768 78.674 61.276
91.691 79.465 64.867
94.984 80.524 66.572
96.267 79.625 70.050
93.842 78.000 72.489
93.321 76.273 75.789
91.680 72.886 75.195
89.549 70.926 77.676
87.842 67.566 77.106
84.095 67.639 76.432
83.342 65.787 79.732
85.309 68.405 81.723
84.325 71.466 79.590
81.203 72.344 81.612
83.647 73.076 84.475
85.785 75.649 82.627
86.128 79.161 84.071
83.310 81.535 82.943
86.189 83.821 81.964
87.262 81.346 79.249
86.023 82.624 75.892
84.974 79.893 73.455
87.095 79.817 70.269
86.664 76.412 68.593
84.403 73.402 69.307
85.354 69.839 68.352
83.568 66.525 68.721
85.125 65.698 72.121
86.928 68.854 73.151
86.247 72.551 73.584
88.890 75.170 72.893
89.002 78.548 74.534
90.952 81.828 74.530
91.732 84.300 77.367
93.252 87.842 77.156
96.749 86.666 78.246
96.957 84.049 75.486
95.438 86.370 72.857
98.042 89.027 73.618
100.769 86.377 73.318
99.264 85.232 70.007
99.388 88.810 68.628
103.028 89.364 69.580
104.317 85.952 68.423
102.653 86.319 65.021
103.563 89.991 64.586
107.163 89.066 65.511
107.235 85.973 63.229
106.138 88.070 60.244
108.694 90.738 61.150
111.514 88.196 61.468
110.593 86.612 58.146
110.464 89.870 56.215
113.811 90.920 57.692
115.355 87.577 56.644
114.171 88.040 53.048
115.617 91.552 52.993
118.997 90.373 54.326
118.987 87.439 51.866
118.366 89.803 48.946
121.100 91.969 50.450
123.576 89.052 50.064
123.002 89.233 46.313
123.947 92.942 46.375
127.241 92.108 48.125
128.104 89.097 45.955
127.129 90.555 42.563
129.828 93.292 42.267
132.247 90.316 42.141
130.410 88.409 39.418
133.063 88.808 36.713
135.830 87.263 38.875
133.403 84.649 40.173
132.602 83.597 36.578
136.278 83.445 35.633
136.883 81.346 38.751
134.228 78.777 37.766
135.651 78.648 34.255
139.171 78.005 35.610
137.812 75.344 38.000
136.027 73.699 35.085
139.117 73.749 32.845
141.279 72.371 35.685
138.775 69.527 36.070
138.949 68.775 32.307
142.765 68.874 32.171
143.308 66.910 35.404
140.906 64.316 33.950
142.768 64.239 30.649
146.010 63.697 32.583
144.494 60.803 34.515
143.103 59.317 31.236
146.420 59.660 29.422
148.088 57.743 32.249
145.452 55.093 32.836
144.731 54.240 29.157
148.366 54.449 28.017
