17.670 46.606 49.078
18.039 49.753 51.342
20.453 52.515 50.355
23.107 51.830 53.020
22.957 48.208 51.896
22.996 49.043 48.192
25.963 51.243 49.081
27.744 48.397 50.952
27.562 46.100 47.878
29.223 48.696 45.678
32.275 48.473 47.963
32.117 44.692 48.160
31.808 44.717 44.382
34.932 46.841 43.763
37.090 44.500 45.883
35.678 41.417 44.186
36.290 43.217 40.882
39.978 42.556 41.253
41.122 43.896 37.855
38.848 46.948 38.035
37.196 46.673 34.645
33.677 46.810 36.071
32.553 43.212 35.560
33.306 40.285 37.763
34.909 37.295 35.912
35.725 33.752 37.030
39.281 35.003 37.319
38.410 37.866 39.710
36.331 35.711 42.038
39.299 33.225 42.091
41.899 35.901 42.718
39.847 37.444 45.610
38.838 33.996 47.010
42.355 32.646 47.105
43.201 35.875 48.843
40.612 35.360 51.649
41.208 31.660 52.307
40.562 28.356 50.532
39.018 29.245 47.227
35.976 27.250 46.005
36.594 24.638 43.327
36.413 25.885 39.752
33.305 23.792 39.157
31.735 26.030 41.864
33.163 29.244 40.402
31.778 28.279 37.008
28.396 27.801 38.492
27.983 31.022 40.552
28.747 32.901 37.335
26.046 30.965 35.518
23.787 32.800 37.945
24.183 36.127 36.082
22.059 36.111 32.783
24.476 38.440 31.034
27.651 40.366 31.887
28.365 40.818 35.584
28.547 44.542 36.197
27.274 46.073 39.444
23.694 46.377 38.170
23.495 42.659 37.496
25.355 42.089 40.852
22.940 44.081 42.930
20.137 42.227 41.184
21.202 38.616 41.938
21.515 39.585 45.635
18.191 41.410 45.668
16.446 38.391 44.147
18.017 36.090 46.705
17.530 38.465 49.560
13.852 39.088 49.041
10.689 37.148 49.893
11.633 36.965 53.531
9.881 38.571 56.523
10.935 41.753 58.287
12.764 41.569 61.623
9.735 42.817 63.472
7.538 40.111 61.929
10.036 37.395 62.905
10.557 38.742 66.423
6.775 38.901 66.989
6.292 35.343 65.789
8.746 34.118 68.485
7.082 36.405 71.061
3.802 34.545 70.631
5.537 31.822 72.593
6.896 34.177 75.258
3.790 35.403 77.154
5.632 37.094 80.037
7.699 39.001 77.533
10.925 37.675 79.026
12.490 37.949 75.510
13.909 34.412 75.761
12.572 30.937 75.191
13.749 27.917 77.149
16.121 25.983 74.945
14.068 22.771 75.199
10.816 24.461 74.246
12.089 26.059 70.984
13.794 22.782 69.854
10.552 20.943 70.521
8.500 23.465 68.550
10.860 23.324 65.524
11.582 19.665 65.404
8.336 18.059 66.418
5.708 20.382 65.202
4.624 22.304 62.158
6.736 21.591 59.113
9.302 19.644 61.222
13.056 20.409 60.981
15.200 17.323 60.278
18.302 16.556 62.331
20.490 18.556 60.009
18.412 21.686 59.861
18.301 21.270 63.674
22.022 20.729 63.909
22.607 23.840 61.701
20.177 26.227 63.350
21.485 25.712 66.832
25.182 25.527 65.839
24.798 29.301 65.532
22.185 30.155 68.184
22.645 32.505 71.176
21.921 30.143 74.168
22.889 30.912 77.829
21.683 29.388 81.055
19.202 27.252 79.167
17.655 30.271 77.439
17.576 30.869 73.695
17.801 34.619 72.858
15.285 35.027 70.007
15.732 38.762 69.810
19.408 38.280 69.028
18.859 35.270 66.904
16.391 37.284 64.782
18.994 40.046 64.237
21.538 37.310 63.328
19.022 35.737 60.943
18.302 39.136 59.335
21.774 40.681 59.512
20.972 43.536 61.905
23.368 41.449 63.893
24.873 38.783 61.675
