-25.452 -6.130 0.973
-23.111 -3.523 -0.509
-23.195 0.040 -1.838
-22.644 -0.058 -5.624
-21.218 2.976 -7.394
-20.102 4.586 -4.142
-16.975 6.613 -4.901
-16.924 9.629 -2.583
-15.265 12.370 -4.633
-12.023 13.786 -3.237
-10.674 17.217 -4.172
-7.267 16.644 -2.585
-5.092 13.775 -3.813
-4.834 10.856 -1.388
-1.145 10.448 -0.558
-1.212 8.579 2.755
1.241 5.679 2.974
-0.936 2.602 3.483
1.574 -0.061 2.446
2.318 -3.175 4.542
5.884 -2.186 5.416
7.801 1.085 5.116
11.560 1.590 4.823
11.771 5.351 4.299
13.125 6.785 7.551
10.390 9.412 7.256
7.726 6.801 6.579
5.359 9.714 6.011
3.236 11.013 3.133
6.407 12.271 1.450
7.494 11.310 -2.066
9.642 12.556 -4.947
8.981 13.121 -8.650
11.293 10.284 -9.687
12.595 7.440 -7.543
11.664 4.483 -5.352
10.094 6.978 -2.948
7.624 8.064 -5.629
3.958 8.364 -4.659
2.196 5.499 -6.434
-1.589 5.461 -6.810
-3.638 2.294 -7.295
-4.404 1.307 -10.888
-7.780 -0.385 -10.436
-9.686 2.250 -8.466
-6.815 4.687 -8.019
-7.581 5.771 -4.462
-4.745 4.434 -2.308
-1.315 6.048 -2.405
2.033 4.809 -1.117
5.735 4.598 -1.968
7.130 2.078 -4.452
9.458 -0.131 -2.411
7.103 0.363 0.536
4.324 -1.512 -1.262
6.760 -4.411 -1.615
6.827 -4.064 -5.403
9.438 -4.785 -8.072
11.995 -2.387 -9.611
10.337 -3.058 -12.968
6.652 -2.827 -12.055
4.328 -0.977 -14.432
1.391 -0.233 -12.131
0.360 -1.132 -8.582
-3.057 -1.848 -7.072
-4.253 -1.278 -3.506
-4.980 -4.157 -1.128
-8.782 -4.218 -1.232
-8.232 -4.455 -4.989
-5.464 -7.066 -4.989
-6.445 -10.721 -4.415
-5.869 -10.959 -0.663
