-5.617 -15.222 -0.133
-1.864 -15.847 -0.096
-1.246 -13.391 2.744
-3.586 -14.333 5.591
-4.349 -17.727 4.048
-8.040 -16.936 4.416
-11.025 -17.350 2.107
-13.062 -14.299 1.106
-15.621 -13.275 -1.550
-14.574 -11.236 -4.586
-16.541 -8.467 -2.875
-13.846 -7.963 -0.238
-10.939 -8.568 -2.614
-8.770 -6.564 -5.012
-7.305 -7.917 -8.250
-4.032 -6.200 -9.142
-3.975 -5.185 -12.805
-0.185 -5.489 -12.722
0.498 -9.111 -11.782
-3.005 -10.591 -11.849
-2.643 -10.941 -8.078
-5.800 -10.897 -5.958
-5.868 -10.212 -2.217
-8.372 -9.412 0.533
-8.719 -5.663 1.078
-7.863 -6.123 4.755
-4.427 -7.586 4.031
-3.603 -5.319 1.089
-4.544 -2.460 3.415
-2.219 -3.553 6.219
0.455 -4.263 3.610
0.531 -0.906 1.824
-0.002 0.797 5.182
2.798 -0.910 7.110
5.109 0.040 4.241
4.110 3.695 3.927
3.934 4.182 7.696
7.670 3.467 7.715
8.627 6.278 5.355
11.558 4.720 3.511
10.027 3.567 0.226
7.062 4.902 -1.748
6.830 2.185 -4.398
4.279 -0.363 -3.187
5.589 -3.631 -4.627
3.491 -6.802 -4.704
2.614 -8.260 -1.275
3.598 -11.641 -2.714
7.208 -12.759 -2.291
6.632 -15.555 -4.804
5.584 -13.217 -7.615
7.184 -14.083 -10.983
6.021 -10.723 -12.334
6.871 -8.699 -9.227
4.167 -6.183 -10.087
3.607 -2.912 -8.242
0.595 -1.159 -6.716
-0.390 1.967 -8.648
-1.416 5.134 -6.807
-5.106 4.859 -7.696
-5.175 1.523 -5.869
-3.510 2.838 -2.713
-5.573 6.033 -2.679
-8.678 3.919 -2.083
-6.911 1.159 -0.153
-5.912 3.634 2.558
-7.638 6.742 3.906
-6.773 10.352 3.073
-4.939 10.775 6.379
-2.716 7.849 5.396
-2.472 8.510 1.659
-0.847 11.851 2.472
2.090 9.950 3.964
2.550 8.083 0.681
1.922 11.209 -1.392
4.814 13.015 0.295
6.974 9.901 -0.040
6.595 9.998 -3.824
8.105 13.471 -4.164
11.036 12.588 -1.906
12.035 10.085 -4.590
