10.883 3.453 4.831
12.214 3.529 1.269
10.916 6.734 -0.316
11.579 5.223 -3.744
9.206 2.396 -2.824
6.740 4.756 -1.146
6.229 7.140 -4.066
5.919 4.302 -6.582
3.030 3.096 -4.424
1.504 6.497 -3.669
1.066 6.875 -7.428
-1.770 4.365 -7.069
-3.472 6.660 -4.575
-2.042 5.545 -1.240
-1.853 7.928 1.720
1.825 8.604 2.414
1.157 7.616 6.026
-0.335 4.302 4.904
2.305 3.372 2.328
5.041 4.713 4.603
4.249 2.594 7.662
3.353 -0.460 5.580
6.722 -0.482 3.814
8.462 -0.164 7.181
6.287 -2.984 8.517
7.031 -5.274 5.572
10.720 -4.415 5.749
10.784 -1.797 3.000
8.944 -4.328 0.837
7.897 -2.584 -2.377
5.413 -5.354 -3.168
4.350 -6.482 0.305
3.609 -2.804 0.928
0.654 -2.638 -1.463
-0.648 -6.047 -0.391
-1.145 -4.652 3.113
-2.443 -1.252 2.008
-4.972 -3.213 -0.049
-5.922 -6.168 2.149
-6.807 -3.653 4.861
-8.596 -1.329 2.439
-12.041 -2.444 1.272
-10.920 -3.738 -2.125
-11.293 -6.955 -4.120
-8.321 -8.921 -5.516
-7.976 -8.478 -9.278
-5.747 -11.171 -10.775
-6.290 -10.842 -14.513
-8.590 -13.392 -16.186
-9.692 -16.587 -14.389
