-4.139 18.166 22.368
-4.171 14.965 24.402
-3.654 11.549 22.842
-4.248 8.720 25.353
-2.577 6.054 23.214
0.518 8.162 22.545
0.740 8.780 26.287
0.273 5.082 27.074
3.089 4.201 24.655
5.393 6.819 26.170
5.627 8.842 22.969
6.717 12.479 22.861
6.605 15.197 20.217
9.980 16.555 19.103
8.616 18.887 16.440
5.332 20.218 15.108
4.911 22.826 12.390
2.588 23.368 9.419
2.476 20.092 7.495
5.144 18.297 9.527
5.839 16.538 12.815
8.389 14.368 14.592
7.330 11.896 17.284
9.799 9.904 19.362
9.704 6.963 21.711
11.735 4.160 23.223
11.062 0.467 22.707
10.066 -0.844 26.134
9.642 -4.426 27.321
5.873 -4.211 26.799
6.414 -3.177 23.164
8.058 -6.429 22.088
6.320 -9.074 19.990
6.489 -12.876 19.936
9.828 -12.530 18.123
11.407 -10.446 20.872
11.647 -7.388 18.629
9.612 -4.181 18.500
6.048 -5.147 17.560
5.035 -3.896 14.123
2.070 -2.233 15.780
4.315 -0.176 18.032
6.420 1.089 15.133
3.270 1.757 13.127
1.653 3.576 16.061
4.734 5.795 16.242
4.612 6.635 12.532
0.832 7.014 12.565
1.074 9.468 15.458
3.501 11.718 13.558
1.242 11.318 10.496
-1.807 12.331 12.546
-0.164 15.411 14.028
1.355 16.596 10.747
-1.874 16.152 8.802
-4.063 17.795 11.427
-1.992 20.988 11.373
-3.912 21.631 8.133
-7.298 21.034 9.727
-9.311 17.986 10.906
-8.306 14.874 8.979
-8.676 11.114 9.317
-6.623 8.337 7.766
-7.867 6.593 4.641
-4.969 4.375 3.531
-1.532 3.813 5.047
1.423 1.677 3.999
4.196 0.545 6.314
7.419 -0.909 4.891
9.723 -2.540 7.456
13.485 -2.622 6.868
15.259 -3.329 10.159
14.166 -4.891 13.470
14.594 -3.057 16.782
15.204 -4.418 20.255
14.262 -3.236 23.728
15.900 0.064 24.611
16.085 1.372 21.057
15.343 5.081 20.682
13.191 5.648 17.610
11.718 8.660 15.803
9.023 9.104 13.160
9.536 12.122 10.893
6.448 13.162 8.935
6.601 15.480 5.931
3.856 16.614 3.563
3.961 15.147 0.046
0.680 16.499 -1.320
-2.051 18.770 -0.014
-5.343 18.753 -1.916
-8.751 20.180 -1.031
-10.234 16.980 0.412
-7.187 14.718 0.787
-3.507 14.957 1.722
-0.546 12.578 1.678
2.461 12.322 3.988
5.720 10.393 4.084
6.950 9.286 7.493
10.493 8.034 7.964
11.055 5.856 11.031
14.648 6.295 12.174
16.790 4.845 14.956
20.437 5.747 15.517
20.675 7.278 12.049
19.259 4.231 10.261
15.983 4.070 8.325
14.050 1.356 10.164
10.792 1.721 8.228
8.926 3.903 5.747
5.294 4.921 6.225
3.173 6.443 3.458
-0.313 7.657 4.310
-3.256 9.556 2.884
-5.946 11.334 4.881
-9.423 12.583 4.107
-9.841 16.232 5.104
-13.059 16.776 7.053
