-7.501 2.036 -6.465
-6.450 5.200 -4.635
-7.599 5.835 -1.064
-7.535 8.905 1.182
-9.260 7.945 4.417
-6.931 6.593 7.092
-4.100 7.481 9.484
-1.274 7.459 6.930
-1.406 4.122 5.132
-0.011 4.653 1.649
2.838 6.476 3.405
4.303 3.762 5.709
3.936 1.427 2.739
5.011 3.715 -0.099
8.360 3.826 1.652
8.585 0.053 1.307
6.760 -0.474 -2.007
7.363 2.900 -3.582
4.928 4.201 -6.184
1.894 6.166 -4.846
-0.352 3.293 -5.930
-1.991 0.944 -3.441
-4.175 -2.152 -3.149
-6.198 -0.546 -0.361
-9.834 -1.570 -0.778
-12.734 -0.954 1.558
-12.009 -0.221 5.139
-9.264 -2.730 4.529
-5.997 -1.039 3.540
-3.283 -2.791 1.536
-0.562 -0.887 -0.333
0.497 -1.816 -3.820
3.319 -4.036 -5.030
5.938 -1.911 -6.760
