2.959 2.299 -10.314
3.618 3.568 -13.906
1.112 5.692 -15.822
0.499 7.912 -18.823
-2.156 10.600 -18.433
-3.038 14.110 -19.541
-3.236 17.074 -17.200
-6.210 19.454 -17.264
-4.085 21.948 -19.187
-3.638 19.426 -21.989
-0.075 18.640 -20.935
1.014 15.009 -20.909
2.594 13.472 -17.808
3.832 10.073 -16.693
4.987 8.723 -13.354
8.534 9.589 -14.493
7.734 13.335 -14.796
6.917 13.518 -11.076
10.154 11.945 -9.852
11.989 14.011 -7.256
8.618 15.235 -6.001
6.430 14.295 -3.060
2.903 13.417 -4.103
-0.494 13.155 -2.460
-2.899 11.386 -4.827
-6.681 11.116 -4.853
-8.834 9.003 -7.176
-12.368 10.276 -7.678
-14.648 11.938 -10.194
-16.013 15.449 -10.569
-19.680 14.407 -10.255
-19.163 13.045 -6.744
-21.634 15.077 -4.639
-20.156 14.969 -1.069
-17.132 12.669 -0.580
-14.875 13.990 -3.357
-15.147 17.696 -2.520
-14.487 16.802 1.121
-11.418 14.706 0.360
-9.944 17.354 -1.970
-10.512 20.192 0.490
-8.863 18.102 3.206
-5.981 17.385 0.838
-5.591 21.064 -0.025
-5.377 21.971 3.684
-2.713 19.301 4.161
-0.662 20.415 1.192
-0.953 24.000 2.446
0.314 22.997 5.892
3.381 21.134 4.683
4.120 23.798 2.052
4.168 26.593 4.655
6.740 24.644 6.651
10.004 25.885 5.167
11.972 23.012 6.744
9.953 20.389 4.818
9.789 20.040 1.005
6.652 20.719 -1.019
3.770 18.383 -1.553
2.270 18.179 -5.039
-1.449 17.346 -4.880
-2.947 15.241 -7.719
-6.535 14.423 -8.612
-6.912 11.519 -11.026
-10.383 11.064 -12.439
-11.703 7.512 -12.763
-14.856 8.502 -14.696
-13.265 9.402 -18.101
-16.688 9.019 -19.688
-17.906 12.304 -18.077
-14.647 13.871 -16.883
-12.982 15.575 -19.859
-9.833 17.717 -19.816
-12.011 20.831 -19.607
-14.492 19.578 -17.040
-11.609 18.611 -14.756
-9.910 21.967 -15.364
-12.976 23.839 -14.123
-13.334 21.538 -11.113
-9.756 21.583 -9.873
-9.672 25.383 -9.965
-12.321 25.566 -7.238
-9.975 23.992 -4.623
-6.507 25.471 -5.139
-4.220 26.854 -7.883
-1.885 24.033 -6.891
-4.174 21.047 -7.573
-3.496 19.268 -10.827
-6.167 17.153 -12.464
-5.300 14.102 -14.531
-7.371 11.961 -16.955
-7.062 9.808 -20.001
-8.676 7.012 -21.919
-10.503 4.098 -20.306
-7.331 2.043 -20.777
-4.948 4.707 -19.481
-7.185 5.142 -16.455
-7.436 1.395 -15.869
-3.634 1.195 -15.931
-3.147 3.740 -13.164
-6.003 2.232 -11.166
-4.283 -1.154 -11.262
-0.864 0.226 -10.353
-2.414 1.650 -7.165
-4.808 -1.219 -6.501
-7.779 1.113 -6.725
-11.159 -0.576 -6.712
-13.700 1.234 -8.828
-16.885 0.431 -10.743
-19.498 2.749 -12.294
-22.869 2.339 -10.635
-26.347 1.958 -12.164
-27.181 4.863 -14.471
-30.583 6.102 -13.238
-32.840 8.495 -15.165
-31.369 11.782 -16.347
-28.419 9.563 -17.337
-26.643 10.234 -14.005
-24.653 7.841 -11.794
-21.926 7.607 -9.185
-18.706 5.693 -9.569
-17.973 3.387 -6.640
-14.380 3.314 -5.549
-12.248 2.969 -2.433
-11.899 6.375 -0.665
-8.121 6.507 -0.240
-5.389 9.158 -0.253
-1.915 8.071 -1.400
1.498 9.435 -0.362
4.081 8.833 -3.070
7.721 9.528 -2.289
10.164 11.473 -4.511
11.610 8.208 -5.891
8.190 7.115 -7.068
7.433 4.515 -4.435
4.328 4.046 -2.336
4.967 5.442 1.147
1.561 5.577 2.756
-2.218 5.902 2.334
-4.910 7.712 4.354
-8.557 6.839 4.880
-11.604 9.094 4.917
-11.793 8.808 8.692
-8.439 10.606 8.922
-8.176 14.243 9.977
-6.023 16.912 8.325
-3.713 17.132 11.339
-3.168 13.369 11.443
-2.385 13.071 7.746
0.042 15.985 7.997
2.091 14.607 10.901
2.151 11.220 9.232
3.571 12.915 6.116
6.217 14.911 8.040
7.142 11.656 9.780
8.014 10.309 6.304
9.861 13.404 5.055
11.945 14.475 8.078
14.087 11.304 8.170
14.108 10.812 4.389
