14.347 30.950 128.539
15.760 29.057 131.551
18.972 27.041 131.412
18.323 23.473 132.459
21.907 22.239 132.485
25.467 22.951 131.454
27.976 20.573 129.897
31.690 21.434 130.175
33.756 19.667 127.553
37.545 19.827 127.837
39.260 19.177 124.506
42.685 19.675 122.970
43.392 19.962 119.228
46.797 19.217 117.628
48.233 22.290 116.001
49.804 21.745 112.600
52.702 23.977 113.667
53.737 25.196 117.153
52.305 28.552 118.198
54.705 30.860 120.007
53.434 32.830 123.011
55.334 35.354 125.147
56.903 32.874 127.601
55.847 29.648 125.917
55.123 27.689 122.763
51.807 26.002 122.137
51.742 22.602 120.502
47.957 22.547 120.534
44.780 24.462 121.469
43.677 23.403 124.936
40.168 24.736 125.496
36.720 24.155 126.901
33.356 24.012 125.268
30.562 25.451 127.320
27.350 23.746 126.227
24.362 25.530 127.743
21.115 23.591 127.337
17.756 25.356 127.213
14.631 24.170 128.996
13.035 23.727 125.558
15.874 21.582 124.250
18.091 24.209 122.611
21.869 23.912 122.902
24.009 27.030 123.128
27.773 26.777 122.573
30.603 28.910 123.876
34.343 28.394 123.937
36.795 29.237 126.725
39.831 30.752 124.988
42.175 31.307 127.952
45.751 30.221 127.284
47.437 27.677 129.598
49.971 30.165 131.002
49.269 33.666 132.320
51.717 35.030 129.783
49.046 36.818 127.728
46.551 38.173 130.293
46.099 37.116 133.947
43.612 34.406 133.028
44.441 30.778 132.368
42.307 27.858 131.169
42.486 25.984 134.491
41.708 29.044 136.605
39.051 30.402 134.235
37.068 27.194 133.990
37.293 27.214 137.795
35.691 30.686 137.918
33.035 29.459 135.438
32.088 26.590 137.744
32.360 28.469 140.999
31.199 31.878 139.875
29.333 32.170 136.580
27.201 29.050 136.284
25.666 29.367 139.757
24.164 32.717 138.734
22.238 31.181 135.824
20.948 28.326 137.966
17.806 30.029 139.151
17.388 32.767 136.541
15.039 33.487 133.693
16.904 35.156 130.853
15.046 37.511 128.508
17.840 39.104 126.489
21.233 37.590 125.794
22.546 40.951 126.989
21.208 40.365 130.506
24.251 38.112 130.946
26.868 40.867 131.031
24.750 42.474 133.735
24.538 39.688 136.270
28.263 39.168 135.734
28.867 42.920 136.074
29.737 42.763 139.775
32.561 40.419 138.861
35.948 42.090 138.470
38.082 40.944 135.542
37.749 37.315 134.547
36.528 38.369 131.089
37.476 35.215 129.227
35.481 33.114 131.669
32.467 35.392 131.234
32.829 35.288 127.450
32.783 31.500 127.220
29.474 31.397 129.107
27.878 34.543 127.687
28.639 33.682 124.048
26.910 30.383 124.713
23.814 32.256 125.859
23.809 34.351 122.670
24.022 31.305 120.392
21.111 29.843 122.372
18.953 32.883 121.610
19.843 33.278 117.950
18.907 29.588 117.728
15.559 30.268 119.380
14.886 33.043 116.853
15.755 30.858 113.854
18.416 33.396 112.843
22.148 33.368 112.205
24.042 34.754 115.167
25.385 37.121 112.528
21.910 38.092 111.298
20.793 38.655 114.895
23.568 41.021 116.026
22.583 42.949 112.900
25.381 42.072 110.474
