7.664 24.006 36.200
4.819 26.460 36.949
4.396 28.071 40.364
1.344 30.121 41.284
1.682 33.228 43.431
-0.205 33.008 46.743
-2.079 36.356 47.070
-2.438 35.814 50.827
1.333 35.843 51.382
2.471 38.210 48.684
3.030 41.846 49.616
3.698 44.895 47.577
4.904 47.875 49.597
5.899 51.270 48.255
7.312 54.593 49.521
7.056 58.136 48.088
8.818 61.214 49.477
6.507 63.760 51.141
7.526 67.463 51.302
11.162 66.340 51.084
11.313 65.535 54.835
9.422 62.245 55.159
7.940 59.276 53.312
4.341 58.154 52.780
4.076 54.352 52.694
1.426 52.315 50.960
0.549 48.830 49.734
-1.138 47.068 46.856
-2.810 43.616 46.768
-1.964 40.990 44.146
-4.907 39.265 42.405
-2.876 36.520 40.724
0.458 35.654 39.297
2.810 32.915 38.262
6.449 32.030 37.791
7.855 29.508 35.316
11.170 27.867 36.193
13.553 26.041 33.883
14.886 22.496 34.362
17.537 23.989 36.702
14.798 25.692 38.786
15.787 29.202 37.773
12.868 31.579 37.225
12.437 32.241 33.446
9.051 33.981 33.148
6.972 35.851 35.724
3.635 37.664 35.509
1.350 39.299 38.048
-1.989 41.111 38.158
-2.476 43.691 40.894
-5.752 45.151 42.168
-5.501 48.898 41.447
-8.436 49.654 43.721
-6.530 48.066 46.649
-4.014 50.937 46.932
-3.804 51.872 50.603
-1.777 54.512 52.398
-3.738 54.675 55.648
-5.867 57.749 54.985
-9.238 57.187 53.269
-9.493 60.597 51.565
-5.982 60.303 50.153
-6.717 56.713 49.030
-9.915 57.959 47.386
-7.835 60.550 45.493
-5.348 57.839 44.469
-8.149 55.627 43.094
-10.014 58.537 41.428
-10.201 59.657 37.828
-7.582 62.249 38.941
-4.972 59.537 39.437
-5.138 55.708 39.015
-8.738 55.792 37.805
-9.317 52.337 39.251
-12.949 52.200 38.124
-11.860 52.375 34.446
-8.568 50.498 34.982
-9.062 47.861 37.679
-5.612 46.272 37.244
-1.894 47.037 37.281
-0.054 44.338 35.298
3.541 43.109 35.275
4.973 40.708 32.665
8.681 39.828 32.544
10.635 40.120 29.284
14.040 38.861 30.474
15.330 37.209 33.617
19.102 37.277 34.228
20.683 34.947 36.836
23.305 36.959 38.736
24.727 34.134 40.785
23.650 32.498 43.971
19.977 33.176 44.589
20.025 36.565 42.804
18.159 37.436 39.557
17.571 40.691 37.645
14.065 40.741 36.158
13.313 43.122 33.301
9.630 43.475 32.532
6.777 45.643 31.388
4.557 47.367 33.936
1.077 48.585 32.901
-0.694 51.282 34.875
-3.924 52.548 33.312
-3.353 52.477 29.563
0.456 52.985 29.670
3.077 50.216 29.669
6.772 50.994 30.442
9.870 48.867 31.205
10.821 48.300 34.878
13.703 46.403 36.531
13.357 44.239 39.649
16.230 42.912 41.737
15.087 39.633 43.220
16.453 37.003 45.666
14.800 33.544 45.675
14.632 31.027 48.554
14.947 27.252 48.407
11.526 25.580 48.093
10.023 23.743 51.026
7.305 21.162 51.475
4.737 23.162 53.402
2.587 21.899 56.286
-0.354 21.228 53.830
0.944 19.012 51.007
2.168 21.780 48.647
5.634 22.800 47.400
6.260 26.427 48.427
8.958 28.936 47.563
9.600 32.581 48.559
11.307 35.578 47.056
12.006 39.199 47.856
12.475 41.894 45.245
13.110 45.637 45.122
12.957 48.392 42.533
11.916 51.939 41.771
9.832 53.687 39.116
9.135 57.271 38.227
5.390 57.849 38.284
5.624 60.537 35.589
6.625 57.801 33.088
2.975 56.701 33.371
1.629 60.264 33.209
0.668 60.064 36.882
1.150 63.710 37.827
0.380 65.544 41.064
0.138 69.317 41.582
0.943 73.051 41.455
3.558 71.917 43.985
5.806 74.564 45.473
8.197 74.542 48.460
11.414 76.050 47.032
10.825 74.411 43.667
10.904 71.187 45.735
8.076 68.610 45.745
5.090 67.904 47.975
4.903 64.458 46.408
8.012 62.862 45.044
8.303 61.446 41.543
10.166 58.281 42.605
8.154 55.318 43.850
10.430 52.857 45.656
8.933 49.438 46.185
9.554 46.122 47.928
7.919 42.805 47.138
7.639 39.745 49.430
6.407 36.754 47.423
5.269 33.179 48.192
4.445 30.825 45.339
3.036 27.279 45.352
2.930 24.143 43.195
0.985 20.850 43.790
2.637 17.961 45.744
5.499 15.865 44.289
3.022 15.621 41.369
2.049 18.377 38.893
