0.349 12.536 55.671
1.079 9.930 53.000
-1.331 11.454 50.478
0.572 14.763 50.435
3.972 13.041 50.360
2.854 10.816 47.457
1.692 13.805 45.413
4.969 15.646 46.066
7.330 12.652 45.668
5.811 11.650 42.316
5.455 15.160 40.831
8.327 14.893 38.317
7.463 11.450 36.891
3.756 12.351 36.894
4.299 15.554 34.872
6.450 13.684 32.357
3.907 10.873 31.862
0.929 13.220 31.592
2.725 15.463 29.070
3.945 12.646 26.790
3.699 13.453 23.073
1.139 10.677 22.587
-1.245 11.937 25.285
-0.690 15.561 24.366
-1.545 14.851 20.724
-4.471 12.645 21.690
-6.052 15.302 23.937
-5.528 18.068 21.330
-7.437 16.103 18.663
-4.394 15.388 16.489
-4.830 11.582 16.467
-7.986 9.496 15.967
-10.335 6.930 17.465
-7.833 4.225 16.349
-5.161 5.589 18.715
-7.651 5.878 21.583
-8.599 2.248 20.925
-4.939 1.137 20.925
-4.484 2.909 24.262
-7.507 1.098 25.742
-6.261 -2.267 24.444
-2.910 -1.808 26.179
-4.731 -0.599 29.284
-6.881 -3.734 29.317
-3.658 -5.779 29.458
-2.191 -3.849 32.381
-5.501 -3.457 34.281
-5.983 -7.209 34.017
-2.549 -7.685 35.660
-3.147 -4.875 38.153
-6.437 -6.371 39.300
-4.823 -9.794 39.880
-2.342 -8.036 42.169
-5.152 -6.049 43.888
-7.135 -9.263 44.433
-4.130 -10.965 46.085
-3.347 -8.039 48.382
-7.005 -7.537 49.377
-7.344 -11.283 50.097
-4.258 -11.075 52.326
-6.075 -8.553 54.550
-4.003 -5.485 53.612
-5.532 -2.051 52.803
-8.970 -3.632 52.362
-11.011 -0.411 52.528
-8.746 1.289 49.962
-8.948 -1.666 47.533
-12.611 -1.093 46.712
-13.712 -3.737 44.145
-16.120 -1.156 42.658
-12.963 0.369 41.131
-12.287 -2.712 38.950
-11.855 -1.576 35.334
-10.937 -4.674 33.337
-14.467 -6.000 32.598
-15.817 -2.511 31.834
-12.849 -1.911 29.553
-13.500 -5.178 27.671
-17.061 -4.007 26.990
-15.721 -0.661 25.735
-13.295 -2.522 23.437
-16.118 -4.718 22.137
-17.910 -1.526 21.055
-14.834 0.318 19.749
-13.633 -2.676 17.730
-17.109 -3.909 16.767
-16.434 -7.544 17.629
-14.474 -9.740 20.067
-11.598 -9.899 17.486
-9.393 -7.794 19.692
-8.864 -10.489 22.324
-6.824 -12.658 19.944
-5.184 -9.745 18.103
-3.792 -7.608 20.913
-0.420 -8.122 22.528
1.619 -6.164 25.053
4.002 -3.496 23.819
7.528 -3.661 25.311
6.634 -1.119 28.034
3.409 -2.995 28.830
5.375 -6.268 29.166
7.658 -4.608 31.745
4.711 -3.028 33.572
2.766 -6.321 33.644
5.890 -8.188 34.789
6.239 -5.824 37.758
2.537 -6.170 38.591
2.908 -9.961 38.506
5.914 -9.750 40.862
3.792 -7.636 43.237
0.951 -10.157 42.946
3.186 -13.185 43.641
5.038 -11.453 46.525
1.678 -10.134 47.782
3.534 -6.827 48.184
0.886 -4.610 49.785
2.816 -1.302 49.904
3.920 -1.642 46.252
0.365 -2.542 45.199
-1.064 0.552 46.910
1.405 2.695 44.913
0.153 1.206 41.618
-3.477 1.503 42.780
-2.996 5.226 43.490
-1.385 5.901 40.105
-4.087 4.155 38.075
-7.358 4.467 39.980
-6.921 7.882 41.589
-5.762 9.025 38.151
-8.890 7.577 36.555
-11.110 9.190 39.221
-9.333 12.539 38.921
-8.953 12.976 35.164
-11.463 10.502 33.731
-14.165 13.059 32.970
-11.641 15.280 31.192
-10.273 12.477 28.999
-13.748 11.136 28.210
-14.902 14.634 27.226
-11.902 14.932 24.897
-12.630 11.569 23.283
-16.170 12.690 22.472
-15.136 16.205 21.441
-12.272 15.176 19.167
-13.064 11.656 18.000
-16.834 11.248 18.312
-16.467 8.245 20.621
-19.793 6.748 21.704
-20.281 7.595 25.420
-21.418 3.984 25.905
-17.859 2.999 24.828
-16.367 5.198 27.570
-17.555 3.028 30.467
-13.926 2.884 31.638
-14.225 6.538 32.709
-17.498 6.055 34.638
-17.591 4.492 38.096
-20.992 2.864 38.545
-20.686 2.213 42.281
-19.719 5.821 43.144
-22.364 8.543 43.644
-19.975 11.515 44.083
-16.391 11.572 42.762
-15.170 14.544 44.821
-16.133 12.939 48.136
-14.750 9.569 46.995
-11.357 11.060 46.088
-11.216 12.876 49.430
-12.092 9.619 51.247
-9.469 7.763 49.184
-6.747 10.206 50.244
-7.812 9.894 53.885
-7.542 6.092 53.613
-3.969 6.581 52.354
-3.249 8.793 55.368
-4.644 6.150 57.736
-2.692 3.187 56.358
-0.440 1.712 59.028
3.000 1.614 57.420
6.491 1.205 58.801
9.121 3.613 57.489
10.447 0.769 55.307
6.965 0.099 53.849
6.316 3.814 53.246
9.640 4.303 51.429
8.946 1.189 49.349
5.498 2.546 48.405
6.803 6.025 47.520
9.545 4.580 45.311
7.044 2.289 43.589
4.679 5.170 42.833
7.364 6.969 40.812
8.164 3.681 39.034
4.424 3.304 38.215
4.275 6.746 36.586
7.413 5.892 34.604
5.894 2.617 33.360
2.853 4.552 32.140
5.021 7.173 30.425
6.704 4.317 28.547
3.311 2.859 27.547
2.482 6.215 25.927
5.930 6.335 24.252
5.278 2.940 22.636
1.799 3.991 21.511
3.166 7.152 19.917
6.015 5.494 17.985
5.771 6.008 14.221
2.690 8.220 14.301
-4.783 13.704 36.818
