-17.258 13.333 -26.625
-16.595 12.239 -23.042
-15.478 14.447 -20.152
-12.990 13.031 -17.611
-13.748 12.232 -13.970
-12.396 14.249 -11.044
-11.447 11.541 -8.547
-10.510 13.084 -5.199
-9.168 11.567 -1.979
-10.882 11.182 1.394
-7.955 10.167 3.602
-7.892 12.430 6.689
-4.109 12.556 7.065
-1.313 11.551 4.692
-0.196 9.327 7.568
-1.745 8.039 10.795
0.165 8.330 14.098
-1.581 5.384 15.752
-2.215 1.968 14.204
-5.030 -0.379 15.307
-3.237 -3.309 13.673
-0.229 -4.603 15.606
1.666 -7.866 15.125
0.686 -10.371 17.815
3.931 -12.339 17.562
5.495 -11.964 21.009
8.538 -9.939 20.001
7.620 -7.992 16.873
7.512 -4.192 16.732
5.524 -3.805 13.513
2.107 -2.533 12.430
0.116 -1.324 9.423
-2.878 1.021 9.369
-4.352 -0.972 6.487
-5.350 -4.575 7.186
-3.974 -5.540 3.774
-0.533 -3.968 4.169
-0.504 -5.931 7.428
-0.977 -9.282 5.694
2.188 -9.216 3.585
4.112 -8.134 6.683
3.565 -11.651 8.026
4.613 -13.110 4.674
7.584 -10.750 4.410
8.819 -11.234 7.974
7.612 -14.672 9.065
6.747 -15.800 5.536
3.328 -16.831 6.847
-0.330 -15.793 6.933
-2.227 -14.269 9.857
-3.755 -16.710 12.379
-7.419 -17.675 12.699
-9.540 -16.303 15.543
-12.991 -16.443 13.948
-15.369 -18.471 11.781
-17.509 -18.098 8.659
-19.346 -14.984 9.841
-20.128 -11.650 8.189
-22.062 -9.821 10.907
-21.368 -6.853 13.183
