-11.682 -12.099 17.065
-10.676 -8.434 16.943
-8.719 -7.742 13.756
-7.840 -4.959 11.317
-8.166 -1.351 12.477
-11.479 0.314 13.325
-12.266 3.389 11.229
-12.893 5.289 14.463
-9.458 4.241 15.716
-7.591 5.021 12.495
-9.308 8.390 12.098
-7.555 9.681 15.216
-4.302 7.759 15.639
-2.521 10.768 14.142
-3.442 14.459 14.078
-6.046 15.383 11.431
-3.635 17.952 9.997
-1.091 15.345 8.898
-2.862 12.730 6.778
-0.467 10.211 5.234
-0.717 6.579 4.133
2.364 4.357 4.294
1.871 1.376 1.982
4.616 -1.215 2.344
4.722 -4.684 0.837
5.273 -4.656 -2.918
8.775 -5.505 -4.132
8.655 -6.606 -7.771
5.612 -4.534 -8.673
6.034 -1.022 -7.295
4.942 1.759 -9.647
3.440 5.231 -9.248
0.623 4.221 -11.597
-0.069 1.284 -9.280
-0.378 3.189 -6.002
-2.198 5.995 -7.814
-4.748 3.628 -9.352
-4.999 1.646 -6.115
-5.739 4.683 -3.949
-7.228 6.590 -6.884
-10.771 5.519 -5.910
-10.129 5.136 -2.181
-9.906 8.919 -2.305
-7.951 11.928 -3.544
-4.167 11.603 -3.742
-1.810 14.547 -3.242
1.716 13.126 -3.374
2.957 9.645 -4.274
6.413 8.186 -3.652
7.298 4.681 -4.837
10.415 3.031 -3.414
11.106 -0.139 -5.444
14.493 -0.296 -3.719
13.166 -0.227 -0.156
9.904 -2.076 -0.722
7.489 0.664 0.315
5.589 3.700 -0.965
3.960 6.919 0.240
0.441 8.262 -0.289
-0.911 11.432 1.319
-4.562 12.440 0.964
-6.176 15.882 1.115
-8.254 14.701 4.074
-7.913 12.360 7.052
-11.112 10.431 6.332
-10.214 9.218 2.840
-6.783 8.262 4.172
-8.290 6.341 7.088
-10.629 4.473 4.741
-7.895 3.272 2.386
-5.826 2.407 5.457
-8.413 0.372 7.364
-8.886 -1.572 4.130
-5.465 -1.746 2.478
-4.251 -2.672 5.962
-3.983 -6.400 5.320
-4.528 -6.589 1.568
-2.570 -8.516 -1.061
-1.541 -6.605 -4.184
-0.223 -8.691 -7.078
0.256 -11.465 -4.538
2.209 -9.298 -2.107
0.872 -8.357 1.329
0.903 -4.602 1.935
0.789 -2.560 5.142
-1.067 0.747 5.445
0.127 3.067 8.212
0.042 6.758 9.125
3.108 8.139 7.376
4.690 10.259 10.099
7.294 12.914 9.298
10.740 11.951 10.588
12.142 13.958 13.530
14.334 16.680 12.029
15.250 18.417 15.287
14.874 17.198 18.870
