8.776 -9.474 -1.590
10.110 -10.209 1.921
12.894 -7.621 1.780
11.399 -4.173 2.370
12.984 -0.734 2.727
12.765 1.387 5.879
13.143 4.820 4.288
10.791 4.344 1.337
8.179 1.801 0.250
10.711 -0.045 -1.907
10.383 -3.832 -1.785
12.587 -6.307 -3.652
12.651 -10.105 -3.851
16.422 -10.012 -3.363
18.788 -9.257 -0.452
21.295 -7.473 -2.689
18.690 -5.468 -4.603
17.759 -3.836 -1.295
21.313 -3.363 -0.023
22.527 -1.506 -3.112
19.201 0.340 -3.127
19.836 1.630 0.395
22.842 3.612 -0.834
21.574 4.026 -4.397
18.854 6.344 -3.093
19.523 6.754 0.630
23.297 6.986 0.347
24.140 10.686 0.426
21.861 11.231 3.422
