2.624 -3.238 -5.552
6.104 -1.768 -5.985
6.653 1.480 -7.889
9.723 0.291 -9.792
9.347 -3.424 -10.516
5.649 -3.293 -9.634
5.915 -6.585 -7.747
3.036 -8.055 -5.743
3.424 -6.686 -2.215
0.102 -8.118 -1.040
2.084 -9.769 1.740
5.812 -9.113 2.032
8.507 -6.757 3.319
8.471 -3.389 1.552
9.594 0.208 2.065
7.983 3.652 1.967
9.577 6.554 0.096
7.790 9.618 -1.276
4.403 8.048 -0.547
5.403 5.004 -2.599
6.088 1.298 -2.084
9.490 -0.261 -2.759
10.161 -3.969 -2.244
13.224 -4.821 -0.155
14.933 -5.868 -3.374
14.358 -2.554 -5.136
14.965 -0.408 -2.055
18.427 -1.981 -2.046
18.882 -1.613 -5.803
18.026 2.093 -5.764
20.912 2.697 -3.361
23.455 1.396 -5.874
