42.581 -2.415 17.499
43.716 0.017 14.795
44.934 2.690 17.169
48.373 1.669 18.416
49.866 -0.904 16.051
52.882 -0.226 13.819
52.067 1.906 10.804
53.442 -0.357 8.076
51.827 -3.393 9.613
48.359 -1.786 9.877
48.560 -0.589 6.333
49.766 -3.882 4.891
47.141 -5.835 6.786
44.267 -3.567 5.786
45.498 -3.299 2.230
45.831 0.477 1.934
49.077 2.496 1.752
47.675 4.998 4.351
46.024 4.286 7.760
42.275 4.257 7.257
41.903 6.479 10.308
44.206 9.233 9.001
42.039 9.051 5.893
38.535 9.242 7.358
39.602 11.836 9.919
40.893 14.278 7.387
37.890 13.620 5.133
35.656 15.047 7.872
37.958 17.821 9.061
37.969 19.038 5.467
34.248 18.486 4.967
33.517 20.557 8.061
35.666 23.052 9.918
38.479 23.758 7.507
37.858 27.366 8.444
37.293 26.708 12.142
39.645 28.821 14.249
42.893 27.426 15.601
42.658 24.049 13.836
44.914 21.451 15.463
46.022 23.993 18.084
42.799 24.032 20.092
42.089 20.837 22.012
38.762 19.046 22.203
37.217 17.135 25.092
40.013 14.707 25.846
37.461 12.205 27.139
35.589 12.647 23.862
38.589 12.034 21.713
38.968 8.693 23.507
35.422 7.960 22.370
36.441 8.492 18.749
39.576 6.365 18.888
37.588 3.667 20.644
35.262 4.017 17.690
37.918 3.378 15.057
38.979 0.315 16.999
36.213 -1.985 15.729
32.755 -0.741 16.791
32.931 0.522 13.216
36.630 0.426 12.386
36.392 1.473 8.721
32.842 2.626 9.429
33.257 5.221 12.187
31.608 8.617 12.437
30.619 12.099 11.296
29.962 15.765 12.020
27.219 15.529 14.611
27.680 12.792 17.241
31.031 14.608 17.573
30.201 18.295 16.744
33.345 19.973 18.107
35.693 19.074 15.258
38.600 19.763 17.594
37.710 16.289 18.812
38.482 14.743 15.434
41.499 16.977 14.922
42.385 15.631 18.343
41.715 11.996 17.557
43.856 12.294 14.449
46.625 13.864 16.459
46.066 11.041 18.931
46.491 8.399 16.273
49.917 9.718 15.326
50.727 9.860 19.018
49.740 6.216 19.561
51.977 4.763 16.841
54.714 2.482 18.291
57.019 3.904 15.670
56.741 7.655 14.825
55.619 8.818 11.431
59.119 10.266 11.114
60.683 7.031 12.470
63.618 6.963 14.788
66.246 5.742 12.344
65.517 9.008 10.537
64.989 11.414 13.438
68.694 12.135 13.766
69.205 12.762 10.042
66.056 14.908 9.783
67.620 17.237 12.322
71.033 17.427 10.649
69.035 19.080 7.876
67.147 21.796 9.728
70.630 23.029 10.637
71.808 24.252 7.227
70.520 27.839 7.653
70.824 28.151 3.861
67.200 27.435 2.866
68.428 26.303 -0.564
70.176 23.236 0.841
67.703 22.664 3.701
64.947 21.607 1.338
67.246 19.403 -0.725
68.644 17.942 2.494
65.173 17.219 3.846
64.196 15.577 0.565
67.335 13.416 0.680
66.287 11.892 4.009
62.550 12.204 3.330
63.439 9.458 0.892
65.004 7.202 3.531
61.555 6.809 5.048
59.665 3.500 5.021
56.858 3.491 2.393
53.990 3.501 4.854
55.492 6.327 6.840
56.301 8.412 3.793
52.876 8.058 2.200
51.155 8.845 5.497
53.337 11.899 5.999
52.771 13.072 2.414
49.007 12.982 2.810
49.020 14.640 6.246
50.965 17.491 4.797
48.241 18.711 2.526
44.845 17.968 4.121
47.022 19.779 6.613
48.898 22.281 4.335
45.536 23.171 2.750
44.941 24.545 6.219
47.794 26.953 5.586
45.683 28.191 2.677
43.192 29.566 5.218
44.922 31.380 8.077
42.569 34.220 7.208
39.952 32.090 8.931
41.738 29.666 11.268
44.928 31.552 12.147
46.969 28.428 11.506
50.055 28.473 9.272
53.229 26.480 8.569
55.379 27.723 11.472
52.113 27.661 13.412
51.209 24.006 12.793
54.871 23.032 12.651
54.543 23.503 16.382
51.467 21.418 17.112
52.894 18.541 15.020
56.676 18.576 15.314
56.540 16.935 18.797
54.158 14.162 17.735
55.236 13.406 14.159
58.720 12.984 15.624
60.330 11.457 18.673
63.904 11.182 20.018
65.553 7.744 20.369
66.339 8.865 23.936
68.917 7.500 26.425
71.100 10.484 25.438
68.916 13.296 26.788
70.909 16.538 27.051
71.012 18.205 23.630
67.679 16.478 22.989
66.011 19.601 24.353
68.261 21.763 22.178
66.729 19.873 19.253
62.993 19.984 20.023
63.117 23.298 18.177
64.180 21.844 14.845
61.405 19.248 15.078
58.743 21.925 14.811
60.841 23.449 12.060
61.072 20.290 9.968
57.300 19.862 10.103
56.703 23.521 9.266
59.157 23.195 6.384
57.374 20.096 5.089
54.055 21.908 5.261
55.505 24.926 3.465
57.313 23.314 0.532
54.658 20.614 0.473
54.249 20.436 -3.293
57.932 20.082 -4.160
58.841 17.121 -1.928
55.795 14.953 -2.677
