3.869 62.719 79.497
7.692 63.072 79.197
9.577 66.040 80.909
13.360 65.496 80.982
15.105 63.476 78.211
17.674 60.700 78.563
20.247 63.056 77.056
19.618 65.374 79.981
21.977 63.086 81.881
24.650 63.032 79.162
27.643 65.012 80.636
29.203 66.211 77.351
26.054 68.304 77.041
26.864 70.446 80.050
30.245 71.273 78.632
29.979 74.149 76.218
31.227 73.216 72.781
33.998 75.194 71.060
32.573 75.414 67.558
30.105 77.748 65.927
28.566 74.751 64.171
28.427 72.364 67.126
27.494 74.848 69.857
24.667 75.941 67.562
23.181 72.431 67.809
24.023 71.846 71.458
22.176 75.046 72.283
19.101 74.007 70.314
19.118 70.763 72.297
19.079 72.842 75.492
16.473 75.210 74.170
14.434 72.113 73.422
14.996 70.495 76.798
13.766 73.701 78.436
10.499 73.970 76.567
9.750 70.294 76.953
10.476 70.537 80.631
8.452 73.634 81.407
5.703 72.418 79.155
5.175 69.102 80.902
5.578 70.489 84.373
3.265 73.328 83.372
5.883 75.853 84.442
6.144 79.417 83.193
9.062 81.215 84.793
12.754 80.419 84.685
15.356 82.555 86.448
18.342 83.446 84.262
20.516 81.066 86.274
18.121 78.224 85.589
16.047 78.208 88.763
12.410 77.210 88.276
9.748 79.337 89.895
6.525 77.693 91.081
3.136 79.357 90.480
14.710 73.230 91.579
17.191 74.246 88.876
17.309 72.880 85.334
20.902 73.789 84.420
22.337 72.189 87.526
22.125 68.419 87.229
22.510 66.920 90.689
22.333 63.288 89.539
25.008 63.849 86.886
27.036 66.210 89.050
27.327 68.761 86.229
26.288 72.339 85.594
26.182 74.668 82.618
28.327 77.748 82.999
26.369 80.966 83.274
28.353 82.115 80.269
26.836 79.351 78.194
23.393 79.670 79.777
23.344 83.271 78.602
24.160 82.139 75.111
21.281 79.700 75.499
18.785 82.389 76.488
19.647 84.930 73.807
19.516 82.172 71.215
16.165 81.093 72.605
15.096 84.703 72.631
16.182 85.271 69.069
14.038 82.227 68.190
11.023 83.473 70.109
10.973 80.382 72.354
11.202 82.508 75.515
10.413 85.982 76.713
12.786 88.203 78.707
11.036 89.880 81.666
12.305 91.833 84.667
10.617 92.381 88.019
7.455 92.376 85.868
7.204 93.231 82.137
9.041 92.541 78.873
12.655 93.629 79.430
16.045 92.312 78.246
16.429 96.556 81.639
17.811 93.930 83.982
15.865 90.913 82.756
15.600 88.778 85.878
13.609 85.758 84.586
11.990 84.156 81.557
8.487 83.316 80.448
9.009 80.039 78.653
6.994 79.983 75.455
6.365 76.374 74.548
