53.006 -35.563 46.588
53.959 -32.469 44.603
53.544 -28.740 45.195
53.882 -25.575 43.136
55.194 -22.401 44.749
54.473 -19.235 42.765
55.205 -15.508 42.773
54.467 -12.564 40.493
56.603 -9.454 41.015
55.371 -5.936 40.208
51.754 -7.012 40.494
48.989 -4.810 39.135
45.758 -4.171 40.961
42.706 -5.405 39.063
40.092 -7.193 41.266
37.747 -7.874 38.344
40.048 -10.639 37.080
39.452 -13.223 39.820
42.404 -15.503 40.624
44.601 -13.992 37.919
47.779 -12.172 38.976
49.539 -9.860 36.516
52.999 -8.348 36.687
56.443 -7.921 35.179
58.019 -11.143 36.540
56.442 -14.518 37.200
57.929 -17.697 38.651
56.806 -21.232 39.341
58.778 -23.578 41.601
57.817 -27.239 41.365
58.428 -29.188 44.568
58.110 -32.743 45.853
56.707 -32.952 49.373
54.384 -34.905 51.663
53.742 -31.860 53.879
50.198 -30.457 53.752
49.833 -27.749 51.111
47.940 -25.646 53.653
51.220 -25.062 55.571
53.410 -24.138 52.573
51.940 -20.875 51.269
54.730 -18.626 52.604
57.477 -21.061 51.694
55.978 -21.346 48.222
55.888 -17.565 47.778
59.429 -17.260 49.094
60.824 -19.824 46.687
59.138 -17.859 43.904
60.682 -14.626 45.195
64.087 -16.276 45.163
63.682 -17.380 41.534
62.646 -13.870 40.422
65.417 -12.134 42.360
68.273 -14.585 41.767
67.309 -15.896 38.320
68.921 -19.363 38.599
69.756 -21.166 35.339
69.304 -24.681 36.744
68.088 -26.542 39.829
71.512 -27.845 40.825
71.984 -30.158 43.797
72.161 -30.270 47.580
75.480 -32.118 47.246
77.222 -29.148 45.636
78.892 -26.493 47.789
77.651 -22.889 48.187
78.381 -20.841 45.072
78.472 -17.199 46.107
76.510 -14.239 44.733
77.252 -15.375 41.174
76.008 -18.978 41.464
73.823 -20.422 38.678
72.488 -23.623 40.294
69.377 -22.731 42.307
70.084 -25.012 45.272
73.637 -23.623 45.757
72.679 -19.927 45.424
72.805 -17.635 48.458
69.194 -17.658 49.689
67.486 -14.400 48.729
66.244 -13.402 52.174
69.370 -14.697 54.019
72.638 -15.029 51.991
74.249 -16.753 54.965
72.641 -19.975 53.792
72.020 -21.467 50.370
68.517 -21.986 49.010
68.907 -25.713 49.564
69.677 -25.183 53.248
66.672 -22.878 53.493
64.183 -25.286 51.962
65.421 -28.712 53.138
64.206 -28.180 56.766
60.632 -27.542 55.596
60.358 -31.067 54.198
60.421 -29.814 50.637
62.713 -30.577 47.705
62.898 -28.388 44.594
62.733 -30.430 41.391
62.069 -27.811 38.663
61.110 -24.159 38.003
59.901 -21.622 35.415
60.888 -17.953 35.315
59.136 -15.437 33.018
60.421 -11.860 32.720
58.274 -9.655 30.439
60.127 -8.639 27.298
63.199 -10.771 28.003
65.162 -11.962 24.988
