20.623 -1.010 16.017
19.359 1.783 18.264
21.738 4.384 16.870
23.105 5.878 13.666
26.558 7.490 13.709
27.511 10.557 11.646
28.933 9.719 8.233
26.483 6.819 8.040
23.002 6.365 6.620
19.938 4.211 6.861
18.996 2.720 3.513
15.357 2.630 2.432
13.224 0.800 4.995
16.170 0.914 7.385
15.496 1.760 10.999
16.546 2.323 14.537
14.804 0.015 16.975
14.487 -0.171 20.752
11.969 -2.660 22.102
8.585 -1.695 20.671
9.912 1.597 19.278
10.743 1.865 15.607
12.215 4.906 13.868
12.102 4.165 10.181
12.784 5.878 6.863
10.044 4.488 4.660
9.854 3.742 0.962
7.228 6.506 0.734
9.931 8.916 2.057
8.135 9.516 5.360
10.377 9.396 8.410
8.229 7.885 11.156
8.415 6.951 14.821
6.171 3.998 15.703
5.240 3.097 19.249
4.187 -0.551 19.043
2.933 -0.031 15.460
1.209 3.299 16.180
2.677 6.385 14.450
3.534 9.043 17.051
5.841 11.331 15.044
6.553 11.858 11.362
8.497 14.201 9.112
5.339 14.387 6.974
7.257 13.799 3.745
5.279 10.816 2.437
4.952 11.051 -1.328
7.703 13.678 -1.839
9.729 11.003 -3.615
10.489 7.302 -3.152
13.498 5.162 -2.249
14.644 7.619 0.412
17.618 7.257 2.708
18.350 8.924 6.034
21.805 10.453 6.468
23.291 11.476 9.804
25.827 14.018 8.542
29.192 15.026 9.981
27.952 18.616 10.302
25.231 17.455 12.691
22.430 17.760 10.144
19.971 14.886 9.737
18.785 14.735 6.173
16.418 12.678 4.083
17.672 12.153 0.520
16.182 10.463 -2.515
19.260 9.788 -4.604
20.974 13.189 -4.759
17.827 15.245 -4.003
17.350 16.651 -0.482
13.824 16.116 0.866
13.870 17.204 4.515
16.403 18.185 7.172
16.585 18.679 10.927
18.374 21.966 10.069
20.829 21.336 12.898
23.926 21.832 10.724
26.877 23.224 12.679
30.630 22.560 12.802
31.885 19.149 11.702
32.309 16.589 14.451
31.204 13.209 15.734
27.452 13.073 16.220
25.007 10.216 16.616
21.270 9.768 16.336
19.770 7.507 19.000
16.364 6.026 19.747
16.247 6.163 23.546
14.503 3.822 25.959
12.284 6.781 26.982
11.084 6.947 23.329
12.895 10.236 22.594
14.907 10.307 19.373
17.914 12.553 19.896
21.093 13.676 18.136
24.044 14.015 20.522
27.549 15.337 20.198
30.425 13.550 21.941
29.755 15.260 25.293
26.157 14.306 26.200
24.777 17.490 24.634
21.553 17.111 22.659
21.453 19.168 19.458
18.087 17.873 18.194
15.172 15.793 19.475
11.750 14.613 18.313
10.500 15.358 21.848
8.664 12.059 21.899
9.917 11.250 25.402
7.392 9.532 27.651
7.561 9.364 31.432
9.853 12.374 31.962
