35.848 -5.236 63.282
37.929 -4.057 60.260
38.028 -5.552 56.836
39.858 -4.418 53.754
38.106 -2.266 51.190
39.193 -1.261 47.656
37.992 -0.210 44.249
39.363 0.745 40.894
37.931 3.720 38.875
38.885 4.349 35.191
37.566 6.180 32.150
35.407 3.202 31.182
34.255 2.463 34.733
33.944 5.768 36.544
31.860 4.842 39.597
31.862 2.476 42.536
28.771 2.249 44.696
29.288 1.263 48.384
26.126 0.025 50.060
25.483 -2.172 53.050
22.522 -4.587 53.448
20.337 -4.386 56.517
22.513 -6.693 58.563
23.090 -5.887 62.170
25.540 -3.204 63.053
26.756 0.329 62.399
28.965 0.340 59.300
31.671 2.862 58.340
33.844 3.090 55.303
37.177 4.593 56.351
39.133 5.811 53.309
42.894 5.442 53.528
44.539 6.093 50.191
43.908 7.166 46.623
46.664 6.173 44.126
47.288 6.210 40.420
47.916 3.053 38.504
51.058 2.477 36.461
49.230 3.044 33.193
47.536 6.353 34.093
47.967 9.249 31.748
49.884 12.310 32.900
46.950 14.606 33.649
45.034 15.629 36.755
42.744 12.918 38.069
39.971 13.896 40.474
38.063 11.514 42.757
34.828 12.615 44.433
32.516 11.093 46.903
28.686 11.346 46.741
26.619 10.894 49.864
24.367 12.410 52.594
24.978 15.749 54.326
23.535 16.269 57.791
20.302 17.629 56.278
19.815 14.271 54.514
20.590 15.712 51.104
22.912 14.183 48.519
26.103 16.200 47.970
29.283 15.630 45.956
32.672 16.439 47.530
36.135 16.201 46.004
38.470 13.796 47.950
41.684 14.130 45.984
43.446 15.542 42.944
46.388 13.443 41.771
48.850 13.431 38.774
51.490 10.827 38.060
54.364 13.106 37.550
53.462 15.347 40.568
51.574 13.476 43.317
50.526 9.914 42.395
49.237 8.966 45.930
47.326 10.804 48.620
46.814 9.297 52.066
43.430 10.401 53.462
44.328 9.106 56.968
40.998 7.513 57.708
38.172 9.658 56.236
35.173 7.862 57.656
31.958 7.921 55.608
28.612 6.418 56.512
27.099 4.266 53.704
25.779 4.529 51.200
28.342 6.423 49.242
29.447 6.522 45.590
33.095 7.047 44.667
33.601 8.662 41.237
36.391 9.540 38.874
35.172 13.122 38.101
38.118 13.837 35.784
41.003 12.019 34.239
41.567 8.573 32.596
42.606 6.464 35.527
43.068 3.867 36.599
42.663 5.209 40.113
42.519 3.055 43.194
40.903 3.733 46.453
41.864 1.768 49.571
40.484 1.623 53.028
38.729 -0.219 55.777
35.207 -1.380 56.134
34.481 -1.016 59.846
31.646 -3.027 61.508
30.352 -2.466 65.120
