12.913 16.191 41.254
10.447 18.796 42.467
11.983 21.819 44.163
9.468 23.749 46.218
8.171 24.524 49.668
5.220 23.751 51.912
4.031 27.312 51.224
2.992 28.952 47.953
5.202 30.929 45.555
4.219 34.616 45.402
4.525 34.757 41.605
1.981 31.984 41.073
-0.465 32.283 43.928
-3.309 30.390 42.274
-1.219 27.537 40.841
-0.998 23.995 42.297
1.247 23.625 45.346
4.663 21.905 45.272
3.410 18.811 47.088
0.309 18.574 44.876
2.494 18.557 41.745
4.866 16.058 43.329
1.971 13.741 44.138
0.365 14.313 40.738
3.536 13.787 38.734
4.121 10.273 40.074
0.858 8.658 38.883
0.886 10.686 35.685
4.193 9.251 34.488
3.486 5.746 35.785
0.426 5.809 33.528
1.718 7.503 30.372
5.183 5.924 30.434
4.636 2.438 31.973
7.920 1.104 30.646
10.101 3.916 31.943
11.453 3.902 35.469
11.454 7.140 37.446
12.734 7.868 40.927
11.137 10.849 42.672
12.566 13.355 45.119
11.124 16.425 46.795
13.361 19.237 47.945
11.974 21.884 50.279
14.070 24.984 49.508
13.559 25.789 53.197
14.540 22.702 55.217
18.102 22.572 53.851
22.340 18.819 48.164
24.018 18.406 44.744
25.716 21.181 42.765
22.571 21.015 40.677
20.077 20.991 43.537
21.875 23.993 44.903
22.074 25.385 41.373
18.293 25.365 40.848
17.487 26.373 44.434
19.660 29.436 43.826
17.640 30.529 40.773
14.434 30.110 42.729
15.800 32.063 45.687
16.758 34.909 43.361
13.251 34.904 41.826
14.569 33.848 38.425
12.651 30.576 38.474
9.425 29.844 40.353
8.381 26.745 42.248
7.223 24.075 42.063
10.228 23.485 39.817
10.455 20.164 38.000
13.719 18.697 36.727
14.448 15.298 35.186
18.018 14.051 35.284
19.029 17.556 36.404
17.565 19.182 33.303
15.039 22.028 33.562
11.535 20.910 32.625
8.955 23.270 34.187
8.577 25.874 36.960
5.644 27.609 38.660
2.575 27.314 36.474
2.953 23.830 34.987
1.143 22.208 32.068
0.851 18.475 31.520
2.037 18.879 27.918
5.302 20.426 29.134
6.010 17.243 31.061
4.927 14.893 28.270
6.487 16.759 25.374
9.792 16.874 27.254
9.825 13.080 27.638
8.243 12.324 24.244
10.881 14.462 22.580
13.541 12.235 24.175
11.825 8.972 23.199
11.524 10.158 19.603
15.042 11.493 19.220
17.322 9.802 21.733
