-8.636 12.817 15.010
-10.519 10.813 12.405
-8.978 11.690 9.052
-6.006 13.819 10.062
-3.562 12.172 7.683
-4.445 12.365 3.995
-3.385 8.739 3.544
-6.889 7.849 2.429
-6.485 8.729 -1.233
-4.033 6.739 -3.364
-3.345 3.590 -1.326
-2.930 3.595 2.447
0.184 2.747 4.417
1.184 2.542 8.059
4.253 4.410 9.332
6.045 1.144 10.223
5.454 -0.260 6.728
6.742 3.013 5.358
9.854 2.676 7.510
10.662 -0.719 5.993
10.611 0.664 2.439
13.145 3.266 3.511
15.443 0.787 5.228
15.173 -1.633 2.328
16.135 1.048 -0.187
19.315 1.746 1.772
20.122 -1.847 2.749
18.993 -3.659 -0.415
18.943 -0.853 -2.921
16.184 1.011 -4.735
14.674 -1.440 -7.185
14.870 -4.686 -5.223
11.270 -4.301 -4.100
10.645 -8.048 -4.370
13.521 -8.841 -2.007
12.266 -6.205 0.421
8.749 -7.638 0.320
10.110 -11.103 1.087
12.516 -10.240 3.906
10.486 -7.409 5.425
7.174 -8.198 7.186
5.116 -6.637 4.375
1.657 -8.133 4.700
-0.634 -7.936 1.636
1.656 -5.202 0.267
3.117 -6.357 -3.035
6.498 -5.387 -4.468
4.743 -2.970 -6.829
3.097 -1.279 -3.865
6.515 -0.812 -2.259
7.932 0.338 -5.593
5.139 2.878 -5.935
5.354 3.698 -2.222
9.048 4.584 -2.303
8.347 6.825 -5.287
5.524 8.467 -3.353
7.727 8.800 -0.247
10.390 10.594 -2.282
7.757 12.859 -3.815
6.421 13.778 -0.379
10.003 14.491 0.634
10.269 11.564 3.009
13.444 9.967 1.682
