5.140 3.438 -10.568
5.100 0.664 -7.975
2.393 0.840 -5.329
1.207 -1.299 -2.418
-2.263 -2.813 -2.718
-4.020 -2.727 0.641
-7.469 -2.987 -0.884
-7.925 -6.782 -0.940
-5.871 -9.101 -3.159
-8.838 -8.879 -5.501
-7.815 -5.222 -6.013
-9.850 -3.107 -8.430
-9.645 -2.576 -12.193
-10.689 1.000 -11.657
-11.390 2.196 -15.173
-8.961 0.166 -17.283
-5.342 0.993 -16.381
-5.390 -1.132 -13.236
-5.904 -4.361 -15.172
-3.951 -3.459 -18.284
-0.467 -2.243 -17.337
-0.774 -3.727 -13.862
2.052 -6.221 -13.496
1.696 -8.618 -10.595
5.100 -8.551 -8.948
3.901 -10.856 -6.223
2.326 -10.936 -2.798
4.107 -9.143 -0.048
2.793 -8.906 3.480
4.431 -6.242 5.630
4.722 -6.532 9.367
4.700 -3.606 11.808
1.773 -1.993 9.982
-1.918 -1.781 10.843
-5.012 -1.218 8.706
-7.844 1.210 9.432
-11.353 1.102 8.057
-12.850 4.593 7.990
-16.094 3.696 6.266
-15.340 3.564 2.573
-11.653 3.240 1.805
-9.046 1.765 4.187
-5.911 3.325 5.650
-2.533 1.923 6.632
0.239 3.069 8.984
3.314 1.824 10.918
2.299 -0.082 14.026
1.980 -3.723 15.055
0.481 -6.069 12.501
1.073 -8.007 9.306
-0.531 -6.352 6.286
-1.260 -9.204 3.898
-1.123 -7.043 0.792
0.052 -7.399 -2.785
2.662 -5.370 -4.694
2.076 -4.217 -8.272
4.031 -2.443 -10.968
1.771 -0.043 -12.818
2.561 2.649 -15.388
4.107 5.870 -14.030
1.425 8.103 -15.573
-1.190 5.748 -14.164
0.332 6.608 -10.763
-0.306 10.297 -11.301
-3.848 9.287 -12.231
-4.392 7.482 -8.926
-2.715 10.211 -6.864
-4.608 13.033 -8.548
-7.869 11.194 -7.929
-7.185 10.122 -4.368
-5.479 12.990 -2.557
-6.408 15.966 -4.748
-6.540 18.636 -2.125
-4.572 16.894 0.594
-6.078 13.716 2.003
-3.134 11.392 2.685
0.651 11.400 2.729
2.911 9.420 0.432
5.040 6.918 2.316
7.544 5.398 -0.064
8.470 1.954 1.177
11.376 -0.006 -0.236
10.132 -3.506 -1.071
12.273 -6.362 -2.531
10.132 -5.977 -5.649
10.856 -2.266 -5.791
10.004 0.852 -3.830
6.228 1.170 -3.596
4.005 4.065 -2.572
2.048 3.589 0.645
-0.677 6.101 1.523
-0.774 6.905 5.231
-3.650 8.316 7.220
-3.227 12.076 7.332
-6.473 13.073 9.046
-7.635 12.063 12.591
-8.428 8.360 13.100
-10.766 9.313 15.931
-13.594 6.794 15.842
-12.176 4.495 13.176
-11.971 0.717 13.103
-8.615 -0.997 13.424
-7.543 -4.260 11.853
-4.517 -5.076 13.994
-4.355 -8.326 12.043
-3.314 -6.604 8.833
-5.498 -8.615 6.474
-8.795 -7.478 4.974
-10.459 -10.802 5.461
-8.771 -12.656 8.356
-11.978 -13.998 9.876
-11.955 -17.169 7.850
-9.137 -18.108 10.274
