26.892 18.308 9.790
23.686 16.226 9.428
24.863 14.477 6.246
28.365 13.930 7.628
27.067 12.198 10.778
24.806 10.049 8.582
27.726 8.901 6.419
29.948 8.324 9.480
27.373 5.765 10.742
29.162 3.420 8.281
32.610 4.126 9.842
33.197 0.433 10.664
31.939 -0.776 7.271
33.472 -1.393 3.864
30.577 0.488 2.255
31.550 3.832 3.832
31.618 6.540 1.158
34.737 8.672 1.642
33.808 10.999 -1.276
30.710 12.011 0.731
32.806 12.557 3.882
35.162 14.826 1.943
32.211 16.879 0.641
30.912 17.585 4.144
34.274 18.279 5.898
35.661 21.172 3.804
37.914 18.855 1.847
39.640 17.514 4.967
38.569 13.833 4.720
41.821 12.577 6.255
41.586 14.803 9.300
37.841 13.924 9.666
38.177 10.144 9.244
41.286 9.845 11.415
39.572 11.710 14.251
36.481 9.469 13.839
38.664 6.338 13.798
40.791 7.331 16.798
37.664 8.209 18.801
35.953 4.945 17.830
38.962 2.872 19.003
39.678 5.005 22.086
43.253 5.633 20.900
43.458 9.219 22.170
42.675 7.970 25.701
44.867 4.849 25.484
47.932 6.761 24.309
47.283 10.083 26.134
47.151 11.975 22.849
45.654 15.443 23.234
42.856 16.241 20.765
44.325 19.634 19.826
47.740 18.075 19.126
46.181 15.281 17.093
44.098 17.667 14.959
47.056 19.974 14.358
49.204 17.029 13.251
46.484 15.567 11.016
45.578 18.926 9.415
49.256 19.631 8.659
49.694 16.095 7.258
46.574 16.492 5.163
47.779 19.807 3.802
50.981 18.047 2.690
48.984 15.895 0.251
48.629 17.792 -3.063
45.040 18.779 -3.878
45.909 19.160 -7.622
47.022 15.493 -7.916
44.024 13.523 -9.185
44.410 10.256 -7.329
47.222 10.480 -4.735
45.614 13.312 -2.750
44.298 13.242 0.858
41.073 11.455 -0.181
43.145 8.347 -1.120
44.941 8.490 2.270
41.597 8.790 4.066
40.286 5.770 2.115
43.326 3.628 2.943
43.099 4.648 6.629
39.365 3.782 6.815
39.833 0.517 4.921
42.681 -0.424 7.265
40.436 0.423 10.195
37.812 -2.015 8.848
40.445 -4.753 8.179
41.829 -4.573 11.718
38.400 -5.637 12.989
37.953 -8.755 10.800
36.820 -11.571 13.154
39.802 -13.817 12.251
42.156 -11.214 13.810
40.230 -10.518 17.028
42.597 -9.723 19.934
45.674 -10.606 17.846
47.177 -7.112 17.739
48.257 -4.819 20.538
46.930 -1.262 20.791
50.362 -0.066 19.586
50.130 -2.261 16.461
46.626 -0.982 15.699
47.890 2.569 16.158
50.884 1.919 13.902
48.818 0.476 11.032
46.251 3.287 10.922
48.967 5.942 11.269
50.924 4.238 8.446
47.826 4.290 6.275
47.299 8.040 6.925
50.880 9.065 6.008
51.574 6.451 3.365
51.380 8.714 0.240
51.997 12.139 1.794
53.505 14.749 -0.560
52.988 12.419 -3.567
53.680 14.432 -6.763
51.360 12.436 -9.085
54.143 10.670 -10.999
55.649 7.237 -10.419
58.966 6.166 -8.864
60.234 5.231 -12.331
59.361 8.649 -13.745
61.287 10.238 -10.860
64.275 7.944 -11.585
64.247 8.506 -15.370
64.054 12.315 -15.069
66.916 12.383 -12.495
64.703 14.113 -9.945
66.021 15.427 -6.672
63.993 12.794 -4.812
65.508 9.877 -6.732
69.011 11.282 -6.146
68.284 11.593 -2.450
66.974 8.016 -2.186
69.308 6.212 -4.616
66.438 4.940 -6.863
65.085 2.612 -4.128
61.446 2.997 -3.057
61.884 6.700 -3.746
58.357 7.876 -2.994
57.764 5.561 -0.037
60.975 6.611 1.707
59.858 10.201 1.083
56.280 9.676 2.505
57.836 8.244 5.675
60.385 11.034 6.012
57.648 13.678 5.701
55.290 11.938 8.152
57.992 11.459 10.785
59.543 14.914 10.219
56.132 16.437 11.055
56.202 14.633 14.463
59.344 16.615 15.442
57.783 19.681 17.082
55.899 19.493 20.416
52.870 21.216 18.793
52.524 18.048 16.649
54.137 15.151 18.565
51.081 12.916 18.943
53.395 10.136 20.263
54.766 12.310 23.107
53.178 10.118 25.774
54.269 6.714 24.436
57.295 5.124 26.177
60.688 5.281 24.431
60.417 1.570 23.582
56.898 2.173 22.269
58.014 4.968 19.853
60.888 2.783 18.595
58.608 -0.217 18.007
55.947 1.970 16.331
58.531 3.606 14.025
59.961 0.219 13.063
56.454 -1.014 12.254
55.335 2.091 10.321
58.477 2.196 8.166
57.953 -1.495 7.384
54.297 -0.973 6.348
54.819 2.114 4.181
57.824 0.605 2.364
55.596 -2.394 1.659
53.173 -0.167 -0.348
55.821 0.127 -3.126
54.228 -1.922 -5.934
57.690 -3.173 -7.034
57.554 -5.399 -3.903
54.012 -6.707 -4.693
55.090 -10.151 -5.951
57.405 -10.776 -2.976
54.769 -9.663 -0.483
52.267 -12.030 -2.079
54.681 -14.994 -2.210
55.420 -14.367 1.481
51.707 -14.089 2.359
50.971 -17.394 0.564
53.631 -19.091 2.688
51.902 -17.644 5.770
48.518 -19.038 4.683
50.187 -22.460 4.197
51.449 -22.618 7.811
48.284 -20.971 9.213
47.331 -21.990 12.761
44.198 -21.037 14.744
42.586 -21.283 18.185
39.549 -23.575 18.556
37.447 -20.388 17.999
38.782 -19.697 14.478
41.170 -16.875 15.445
44.601 -16.699 13.833
47.608 -17.583 15.959
50.614 -15.312 15.371
53.793 -16.514 17.187
55.821 -13.280 17.565
56.532 -9.901 15.998
57.720 -11.312 12.659
54.362 -12.932 11.884
52.345 -9.998 13.241
54.168 -7.355 11.195
53.874 -9.588 8.094
50.068 -9.622 8.370
49.988 -5.852 9.037
52.208 -5.035 5.997
49.934 -7.087 3.806
46.810 -5.546 5.363
47.926 -2.029 4.501
48.897 -3.231 0.988
45.424 -4.780 0.580
43.893 -1.500 1.771
45.977 0.345 -0.797
44.748 -2.139 -3.437
41.140 -2.084 -2.217
39.426 0.158 -4.833
38.139 -2.761 -7.008
36.621 -4.455 -3.893
34.336 -1.491 -3.079
30.868 -0.786 -4.531
30.956 -0.164 -8.299
29.884 3.488 -7.812
33.028 4.085 -5.680
35.392 1.949 -7.767
34.464 3.786 -10.966
35.370 7.117 -9.321
38.733 5.722 -8.190
39.403 4.508 -11.742
38.543 7.939 -13.237
41.106 9.407 -10.805
44.012 7.013 -11.368
43.561 7.282 -15.116
43.546 11.109 -14.939
46.782 10.990 -12.934
48.442 8.354 -15.164
47.468 10.160 -18.391
48.910 13.459 -17.039
52.168 11.574 -16.378
52.045 10.325 -19.982
51.586 13.862 -21.260
54.604 14.907 -19.159
56.584 12.020 -20.656
55.609 13.071 -24.219
56.510 16.746 -23.610
60.020 15.764 -22.416
60.575 13.383 -25.362
60.822 10.316 -23.093
59.235 6.994 -23.979
55.530 6.910 -23.085
54.673 4.346 -20.412
51.875 2.325 -22.146
49.231 2.571 -19.409
49.886 6.402 -19.141
49.329 6.911 -22.915
45.894 8.546 -23.337
45.941 7.962 -27.121
46.259 4.156 -26.818
45.421 2.736 -23.392
42.039 1.142 -22.813
40.798 2.164 -19.334
38.554 -0.920 -19.209
41.174 -3.486 -20.210
43.575 -1.952 -17.746
41.175 -2.468 -14.847
40.475 -6.067 -15.986
44.243 -6.778 -15.983
44.767 -4.962 -12.678
42.119 -7.191 -11.070
43.216 -10.445 -12.782
46.975 -10.265 -12.163
47.309 -8.037 -9.088
44.204 -7.355 -6.993
42.410 -10.693 -7.130
45.505 -12.850 -6.444
46.280 -10.715 -3.393
42.707 -10.661 -2.014
42.192 -14.369 -2.737
45.186 -14.991 -0.455
43.986 -12.489 2.143
40.574 -14.230 2.067
42.271 -17.583 2.684
44.087 -16.144 5.707
40.900 -14.773 7.306
38.195 -17.144 5.935
35.361 -16.750 5.642
35.422 -13.013 6.582
36.447 -11.700 3.139
34.078 -13.696 0.868
31.747 -10.690 0.296
34.762 -8.660 -0.868
35.804 -11.444 -3.239
32.268 -11.588 -4.655
32.216 -7.808 -5.196
35.629 -8.031 -6.862
34.293 -10.639 -9.323
31.188 -8.578 -10.151
33.272 -5.410 -10.695
35.675 -7.309 -12.970
32.787 -8.602 -15.051
31.362 -5.072 -15.363
34.646 -3.625 -16.729
34.981 -6.668 -19.040
31.419 -6.068 -20.309
32.470 -2.482 -21.225
35.202 -3.817 -23.587
33.647 -4.093 -27.073
49.307 -16.816 -14.829
52.452 -16.196 -12.752
54.092 -14.802 -15.908
51.310 -12.262 -16.536
51.379 -11.517 -12.798
54.897 -10.162 -13.262
53.944 -8.500 -16.566
51.243 -6.336 -14.987
53.551 -5.458 -12.078
56.077 -4.179 -14.649
53.434 -2.183 -16.564
52.569 -0.277 -13.383
56.123 0.172 -12.031
58.330 -0.065 -15.143
60.866 -1.798 -12.891
