-24.477 -20.549 23.034
-25.654 -16.946 23.833
-23.808 -13.877 22.343
-21.749 -11.389 24.399
-20.285 -7.987 23.765
-17.733 -5.663 25.315
-18.682 -2.194 26.478
-16.234 0.409 27.910
-17.328 3.484 29.807
-14.572 6.001 28.876
-13.004 8.408 31.320
-15.419 11.385 30.673
-18.438 9.135 31.322
-16.913 7.535 34.457
-16.040 11.046 35.796
-19.504 12.413 35.209
-21.052 9.601 37.327
-22.761 7.806 34.432
-21.861 4.307 35.341
-25.169 3.612 37.014
-27.324 5.395 34.462
-25.741 3.363 31.611
-25.889 0.075 33.519
-29.591 0.787 34.091
-30.393 0.947 30.321
-28.815 -2.453 29.715
-30.457 -4.129 32.728
-33.797 -2.772 31.574
-33.411 -4.240 28.104
-32.765 -7.711 29.427
-28.967 -7.843 29.058
-27.007 -9.489 31.928
-23.604 -8.079 33.062
-21.269 -11.141 33.222
-17.964 -9.182 33.733
-17.312 -5.757 35.216
-14.216 -3.916 36.409
-12.920 -0.345 36.889
-9.389 -0.075 35.341
-6.671 2.517 34.922
-5.323 1.454 31.507
-1.753 2.050 30.324
-0.892 3.565 26.933
0.456 0.200 25.589
-2.756 -1.578 26.603
-4.922 0.819 24.647
-2.388 0.649 21.739
-2.962 -3.106 21.601
-6.714 -3.051 22.252
-7.410 -0.966 19.141
-6.590 -2.585 15.794
-3.418 -1.739 13.976
-4.584 -3.060 10.617
-3.988 -0.708 7.654
-7.628 -1.303 6.838
-8.853 0.090 10.166
-6.341 2.984 10.179
-7.233 3.875 6.591
-10.959 4.112 7.270
-10.559 6.010 10.604
-8.479 8.408 8.483
-10.992 8.982 5.654
-13.776 9.900 8.129
-11.551 12.632 9.672
-10.521 13.778 6.185
-14.177 14.043 5.104
-14.821 15.916 8.372
-11.946 18.403 7.629
-13.228 18.949 4.073
-16.837 19.936 5.090
-15.222 22.223 7.691
-12.691 23.552 5.150
-9.755 22.612 7.433
-6.577 21.750 5.545
-5.357 18.478 7.141
-1.798 19.320 6.007
-1.784 22.608 8.037
-3.706 20.980 10.880
-1.888 17.671 11.518
0.979 17.590 9.034
-0.307 14.882 6.667
-3.264 13.964 4.413
-2.380 10.290 4.100
-5.421 8.192 5.389
-3.236 5.589 7.251
-0.954 8.282 8.800
-4.125 10.119 9.879
-5.484 6.854 11.362
-2.246 6.604 13.363
-2.723 10.160 14.646
-6.342 9.400 15.641
-5.172 6.189 17.336
-2.689 8.272 19.439
-5.506 10.623 20.390
-7.719 7.652 21.203
-4.942 6.388 23.453
-4.520 9.725 25.286
-8.234 10.078 26.049
-8.780 6.391 27.199
-5.693 6.764 29.296
-6.702 10.035 30.918
-8.615 8.462 33.854
-10.417 5.336 35.053
-12.496 3.309 32.557
-15.097 0.709 33.465
-15.196 -2.375 31.255
-18.220 -4.705 31.131
-19.363 -7.717 29.187
-23.028 -7.851 28.322
-24.716 -11.129 27.392
-28.035 -11.566 25.664
-29.757 -12.334 22.386
-27.937 -10.365 19.591
-26.034 -8.390 22.164
-23.685 -6.706 19.729
-26.341 -5.036 17.586
-28.600 -4.406 20.651
-25.808 -2.511 22.462
-24.850 -0.750 19.238
-28.526 0.234 18.837
-28.865 1.433 22.450
-25.636 3.507 22.307
-26.369 5.407 19.097
-24.217 6.770 16.233
-20.733 8.058 16.581
-21.566 11.796 17.055
-23.645 12.523 20.163
-24.823 15.734 18.573
-26.783 13.812 15.917
-27.497 10.755 18.032
-31.264 10.532 18.438
-32.899 10.981 21.895
-33.348 7.639 23.669
-29.846 6.443 22.727
-26.997 6.668 25.199
-24.971 9.157 23.107
-27.968 11.461 22.402
-29.163 11.611 26.000
-25.763 12.085 27.727
-23.537 14.108 25.473
-23.596 17.154 23.213
-20.165 16.605 21.675
-19.597 16.830 17.931
-16.831 16.037 15.416
-16.268 19.705 14.411
-15.445 20.720 17.964
-13.272 17.651 18.453
-11.368 18.563 15.221
-11.091 22.249 16.081
-9.601 21.020 19.419
-7.066 18.342 18.224
-8.783 15.347 19.936
-11.304 12.549 19.356
-15.037 12.850 20.064
-15.958 12.392 23.715
-18.655 9.830 22.898
-18.869 8.078 26.308
-18.428 4.457 25.265
-16.856 1.859 23.015
-18.975 -1.099 21.909
-17.793 -4.141 19.973
-18.822 -3.616 16.383
-19.154 -7.325 15.552
-19.247 -10.745 17.399
-15.814 -11.487 15.924
-14.404 -8.315 17.378
-16.318 -8.961 20.656
-14.717 -12.394 21.311
-11.373 -10.570 20.846
-12.038 -7.480 22.980
-13.533 -9.818 25.644
-10.372 -12.056 25.842
-8.190 -8.923 25.802
-9.632 -7.562 29.108
-10.789 -10.731 30.964
-9.271 -14.102 31.903
-11.686 -17.041 31.498
-12.364 -16.986 35.253
-13.640 -13.379 35.209
-16.262 -13.899 32.443
-18.642 -15.862 34.557
-21.052 -18.518 33.173
