27.014 9.092 -5.530
28.105 8.012 -2.014
17.583 12.757 -2.452
13.866 12.102 -2.785
13.594 9.133 -5.157
10.469 6.987 -5.137
10.704 4.016 -2.769
9.248 0.959 -4.468
8.170 -2.272 -2.823
5.696 -5.087 -2.849
3.321 -7.091 -0.705
3.588 -10.647 0.521
1.143 -11.859 -2.158
3.511 -10.454 -4.785
1.768 -7.275 -5.895
4.435 -4.678 -6.677
4.540 -0.910 -6.421
6.530 1.813 -8.094
6.302 4.039 -4.981
4.915 4.301 -1.440
2.499 6.943 -2.696
1.024 4.423 -5.117
0.783 1.811 -2.313
-1.000 4.007 0.246
-3.583 4.857 -2.456
-4.173 1.087 -2.779
-4.072 0.206 0.897
-5.810 3.167 2.618
-9.309 2.862 1.176
-12.565 3.115 3.125
-12.907 3.142 6.875
-9.360 2.383 8.083
-10.728 0.669 11.200
-13.026 -1.741 9.347
-11.846 -5.209 10.582
-11.993 -6.831 7.127
-11.173 -3.895 4.839
-9.312 -1.383 6.954
-5.527 -0.941 7.095
-5.666 -0.504 10.879
-8.781 -2.595 11.457
-7.329 -5.703 9.844
-4.257 -5.506 12.102
-6.336 -5.106 15.263
-8.537 -7.970 14.120
-5.448 -10.089 13.547
-4.181 -9.394 17.049
-7.562 -10.082 18.649
-6.897 -13.818 18.328
-3.115 -13.835 18.997
-2.412 -15.497 22.374
-1.398 -13.038 25.071
1.912 -14.863 25.548
5.561 -14.088 24.846
5.368 -16.561 21.953
2.400 -14.563 20.649
4.135 -11.183 20.704
7.349 -12.667 19.298
5.601 -14.416 16.415
6.603 -17.842 17.689
10.268 -16.707 17.898
10.467 -16.962 21.714
14.213 -17.637 21.798
15.203 -14.205 20.486
13.931 -12.596 23.686
17.108 -12.671 25.786
19.368 -11.250 23.076
16.783 -8.595 22.213
16.489 -7.383 25.809
20.283 -7.335 26.367
20.856 -5.356 23.121
18.269 -2.754 24.164
19.701 -2.479 27.675
23.267 -1.939 26.359
21.999 0.542 23.750
19.964 2.587 26.258
22.871 2.541 28.747
25.008 4.249 26.146
22.689 7.232 25.556
24.204 10.473 26.935
22.284 12.210 29.680
19.288 9.867 29.305
16.811 10.392 32.154
15.585 7.542 34.391
12.176 8.661 35.799
9.315 7.915 33.466
9.026 5.524 30.495
6.247 4.661 28.008
5.966 1.279 26.277
4.033 1.817 23.010
2.352 -1.156 21.354
3.248 -2.892 24.627
1.336 -6.122 24.016
1.619 -8.175 27.215
4.265 -5.797 28.647
7.338 -7.873 27.751
9.685 -4.926 27.337
8.322 -3.182 30.466
8.590 -6.379 32.546
12.132 -7.325 31.517
13.791 -3.958 30.871
11.984 -0.785 31.768
11.045 -1.768 35.333
14.803 -2.183 36.014
15.751 1.241 34.593
12.819 3.634 35.152
11.059 4.741 38.320
7.657 4.464 36.581
6.627 2.921 33.262
3.296 3.533 31.456
1.882 1.125 28.808
0.036 1.914 25.562
-1.714 -1.000 23.807
-4.955 -1.080 21.772
-5.799 -4.774 22.127
-7.840 -5.444 25.230
-6.778 -9.007 26.031
-3.118 -8.015 25.504
-3.386 -5.036 27.878
-5.327 -7.065 30.463
-2.660 -9.745 30.501
0.025 -7.040 30.889
-1.805 -5.861 34.044
-1.519 -9.400 35.471
2.067 -9.938 34.371
3.065 -6.564 35.818
1.343 -6.895 39.198
3.407 -5.334 42.027
5.872 -3.602 39.698
6.716 0.127 39.182
4.075 0.562 36.476
1.762 3.573 36.100
-1.040 3.890 33.554
-2.452 1.188 31.256
-3.618 3.057 28.189
-6.039 1.220 25.904
-5.376 3.022 22.650
-3.609 2.791 19.313
-0.571 5.010 18.816
-2.302 7.007 16.103
-5.241 7.884 18.422
-3.279 8.474 21.642
-2.770 11.868 23.277
0.443 12.151 25.276
1.150 15.001 27.717
4.118 17.264 26.997
7.462 17.046 28.764
6.783 13.734 30.556
8.896 10.814 29.382
12.606 10.074 29.705
12.103 7.088 27.362
9.455 6.282 24.763
9.739 2.745 23.464
8.392 1.871 19.984
9.419 -1.705 19.206
7.906 -4.059 16.633
4.817 -1.836 16.401
5.474 1.100 14.050
4.995 -1.429 11.216
1.221 -0.934 11.784
1.308 2.833 11.263
0.681 4.478 7.896
3.543 6.773 6.928
1.343 9.806 7.547
0.541 8.571 11.070
4.190 7.498 11.648
5.234 11.069 10.915
2.494 12.506 13.196
3.143 10.089 16.019
6.932 10.574 16.205
6.515 14.361 16.340
3.887 13.880 19.068
6.297 11.622 21.001
8.941 14.312 20.688
6.817 16.863 22.552
6.040 14.232 25.210
9.774 13.866 25.989
11.606 15.595 28.803
14.864 17.417 27.969
16.757 14.201 28.886
14.348 12.009 26.969
14.746 9.846 23.888
12.457 7.848 21.636
13.817 4.322 21.586
12.724 2.936 18.183
13.509 -0.739 17.505
12.273 -2.368 14.326
12.856 -4.767 11.466
14.724 -3.120 8.598
14.586 -4.123 4.889
15.727 -0.046 -0.061
12.236 -1.500 -0.808
9.252 -2.013 1.487
7.208 -5.130 2.125
3.517 -4.927 3.004
2.545 -7.960 5.112
-0.983 -8.825 3.967
-1.471 -11.222 6.871
-1.299 -8.729 9.788
-1.739 -5.477 7.747
1.675 -3.928 8.379
4.851 -3.040 6.513
8.598 -3.347 6.863
10.522 -0.327 5.701
14.165 0.410 4.849
16.528 2.547 6.911
16.296 5.255 4.193
12.484 5.042 4.406
12.579 5.481 8.246
14.938 8.456 7.915
12.709 10.103 5.335
9.935 9.794 7.932
12.179 11.056 10.775
13.120 14.100 8.733
9.473 14.854 7.987
8.702 14.484 11.717
11.395 17.002 12.718
13.027 14.289 14.807
16.830 13.672 14.721
18.882 10.489 15.038
21.321 10.758 17.952
22.425 7.154 17.899
21.677 4.060 15.812
22.821 0.445 15.802
21.962 -2.988 14.502
21.106 -5.615 17.095
24.193 -7.852 17.368
23.957 -11.645 17.564
20.656 -11.522 15.647
19.676 -14.716 13.750
20.852 -14.380 10.196
17.628 -15.635 8.621
15.517 -12.874 10.187
15.181 -9.264 9.060
17.934 -7.192 10.623
16.758 -5.404 13.760
17.823 -1.760 14.057
17.683 0.528 17.088
17.455 4.306 16.841
17.707 6.854 19.661
15.769 9.940 18.547
15.314 13.449 20.001
