42.853 -16.135 28.969
39.890 -14.933 31.073
37.932 -17.138 33.485
34.419 -16.545 34.770
33.216 -19.613 36.735
30.230 -19.424 39.095
31.996 -21.853 41.452
34.621 -19.135 42.067
32.107 -16.326 42.569
31.895 -14.892 39.036
29.531 -15.204 36.081
29.280 -13.932 32.530
26.130 -11.810 32.451
24.559 -12.149 29.007
22.344 -9.080 29.539
25.200 -6.742 30.561
27.788 -8.491 28.359
30.453 -8.586 31.104
31.890 -10.771 33.880
30.229 -9.852 37.202
31.434 -10.651 40.742
28.760 -12.490 42.788
30.083 -10.983 46.061
29.237 -7.458 44.807
25.529 -8.272 44.300
24.674 -10.846 47.023
21.010 -10.379 48.087
20.077 -9.162 44.597
21.813 -12.030 42.852
20.564 -14.207 39.989
20.524 -18.016 40.000
24.156 -18.266 38.762
25.254 -16.842 42.105
23.180 -19.138 44.350
26.122 -21.412 45.256
28.453 -18.545 46.173
25.977 -16.146 47.849
23.961 -18.613 49.940
