28.239 30.425 52.736
24.512 31.040 53.140
21.597 28.974 51.881
18.464 31.062 51.357
15.010 29.532 51.525
11.653 31.198 50.955
8.821 29.230 52.503
9.212 25.554 53.382
8.603 22.135 51.842
6.299 21.005 54.632
3.996 24.019 54.311
3.955 23.685 50.521
2.998 20.008 50.930
0.240 21.179 53.275
-1.510 22.954 50.414
-0.323 26.558 50.632
0.566 27.051 46.981
0.037 30.817 46.688
2.954 32.667 45.107
4.474 34.763 47.887
7.831 35.825 46.463
9.001 37.039 43.062
11.595 35.339 40.838
13.525 38.622 40.751
13.421 38.835 44.548
14.845 35.313 44.822
17.653 36.069 42.369
18.744 38.826 44.742
19.813 36.048 47.116
21.445 33.675 44.641
22.273 32.301 41.204
21.791 28.564 41.743
18.760 26.777 43.126
15.348 25.211 42.700
11.712 26.218 43.122
8.263 26.153 41.562
5.612 28.710 40.612
2.247 29.724 42.047
0.007 26.680 42.444
3.229 24.659 42.444
3.261 25.091 38.693
6.153 23.227 37.140
9.811 23.157 38.046
12.053 26.171 38.525
15.798 25.774 38.032
18.091 28.649 39.003
21.183 28.233 36.835
23.973 30.758 36.297
21.825 33.617 37.584
19.077 32.757 35.103
15.648 31.374 36.008
14.184 28.558 33.912
10.791 26.868 34.018
9.748 23.410 32.846
6.032 22.668 33.051
3.636 19.742 32.745
3.232 20.478 29.030
6.868 19.802 28.123
7.393 23.542 27.710
10.706 25.051 28.828
11.403 28.778 29.050
13.363 31.501 30.823
11.156 33.295 33.340
10.529 37.024 32.943
11.192 37.677 36.619
7.824 38.863 37.930
6.411 35.350 38.349
5.630 34.426 41.954
6.867 31.382 43.898
5.427 29.629 46.996
8.662 27.784 47.833
12.255 28.326 46.713
15.838 27.528 47.729
18.763 29.515 46.330
22.411 30.388 46.909
25.383 32.343 45.583
27.181 29.175 44.527
30.825 29.163 45.588
32.176 25.627 45.112
34.403 24.589 48.001
35.163 21.240 46.368
35.207 19.911 42.803
35.673 16.373 41.450
34.732 14.171 38.461
32.560 11.052 38.213
31.904 8.584 35.405
29.569 5.676 34.651
27.697 5.698 37.984
24.118 5.305 39.208
22.203 7.967 41.118
22.704 6.111 44.420
26.442 5.793 43.787
26.681 9.467 42.833
24.911 10.511 46.029
27.183 8.223 48.059
30.170 10.070 46.590
28.709 13.468 47.449
27.954 12.154 50.942
31.657 11.289 51.184
32.978 14.612 49.889
30.620 17.000 51.697
31.870 18.552 54.944
29.087 17.007 57.011
25.700 15.366 56.606
24.697 17.399 59.663
24.891 20.554 57.529
23.049 21.936 54.523
25.005 21.801 51.257
24.601 22.681 47.597
25.575 20.573 44.602
26.133 21.093 40.913
26.592 18.142 38.570
27.386 19.092 34.972
28.231 16.948 31.962
26.705 14.038 30.062
24.072 11.723 31.535
23.469 8.214 30.244
20.003 8.361 31.767
17.843 11.197 33.114
14.396 10.846 34.682
12.394 13.883 35.830
8.863 14.946 36.670
7.144 18.258 35.986
4.799 19.055 38.856
1.350 19.753 37.358
-0.105 23.119 38.357
-3.102 23.462 40.676
-5.798 26.141 40.588
-7.216 27.629 43.818
-8.753 26.496 46.085
-5.619 24.399 46.629
-5.243 20.885 48.048
-2.312 18.968 49.529
0.568 18.875 47.036
0.645 15.069 47.192
-2.391 15.102 44.895
-0.380 16.856 42.197
2.569 14.488 42.504
0.270 11.484 42.046
-0.776 12.735 38.600
2.556 14.275 37.615
3.952 13.697 34.144
7.438 12.182 33.875
9.919 12.347 31.011
13.133 10.393 30.501
16.107 11.058 28.237
19.340 9.248 27.356
22.859 10.530 26.681
21.851 14.116 27.365
24.134 16.995 28.302
23.022 19.387 31.023
23.301 20.345 34.669
21.748 19.137 37.899
21.481 21.627 40.750
20.079 21.081 44.204
20.578 20.981 47.941
21.125 18.483 50.715
19.074 18.938 53.876
20.296 17.407 57.172
17.986 15.032 59.068
16.804 17.395 61.825
15.652 19.803 59.128
13.515 17.287 57.254
10.214 19.059 56.609
11.635 22.582 56.517
13.628 21.264 53.594
13.570 17.810 52.001
14.864 14.539 53.436
18.321 14.440 51.877
18.977 15.529 48.287
16.581 17.714 46.315
17.735 18.309 42.753
16.422 19.694 39.476
17.847 19.332 35.969
18.157 21.581 32.913
19.699 20.411 29.647
22.182 22.543 27.700
19.605 23.001 24.942
17.337 24.677 27.520
14.473 22.554 26.180
14.079 19.774 28.748
14.194 19.648 32.528
12.440 19.144 35.836
12.629 17.623 39.315
15.093 14.704 39.164
13.684 11.315 40.199
16.582 9.241 38.901
19.683 9.511 36.719
22.896 7.863 35.567
26.041 9.890 34.915
28.227 9.210 31.886
30.913 11.834 32.399
30.374 14.775 34.747
31.999 17.174 37.192
30.608 17.557 40.710
30.800 20.817 42.657
29.850 21.049 46.327
29.358 23.948 48.733
28.939 23.509 52.489
26.730 26.029 54.310
27.464 27.648 57.663
24.233 29.654 57.675
20.663 28.776 56.692
18.446 31.816 56.096
14.718 31.020 56.254
12.301 33.671 54.978
8.558 33.706 55.677
5.758 35.469 53.722
4.588 37.672 56.603
2.540 39.775 54.167
0.538 36.853 52.809
-2.846 36.633 54.514
-3.452 32.975 53.667
-0.187 31.875 55.281
-0.652 34.167 58.297
-4.211 32.991 59.066
-3.884 29.364 57.964
-4.249 26.454 60.368
-1.626 24.220 58.774
-2.111 20.458 59.079
1.207 18.613 58.873
-0.350 15.208 59.509
1.576 12.632 57.451
3.644 15.369 55.796
6.845 13.367 56.336
5.406 10.311 54.576
3.943 12.381 51.743
7.269 14.109 51.072
8.885 10.690 50.619
6.196 9.593 48.154
6.041 12.878 46.235
9.699 13.761 45.696
