68.702 53.018 -13.246
65.216 54.100 -12.179
63.313 52.499 -15.047
65.318 49.382 -14.224
64.320 49.532 -10.558
60.621 49.512 -11.397
61.362 46.567 -13.687
62.767 44.514 -10.812
60.069 45.526 -8.351
57.801 44.219 -11.073
59.719 40.966 -11.257
59.791 40.650 -7.454
56.022 40.378 -7.507
55.722 38.218 -10.632
58.200 36.092 -8.674
56.023 35.802 -5.567
53.302 34.668 -7.942
55.481 32.074 -9.642
55.978 30.522 -6.182
52.434 30.955 -4.839
51.441 29.346 -8.171
53.447 26.271 -7.339
52.387 26.163 -3.718
48.814 26.232 -4.919
49.467 23.472 -7.452
50.850 21.133 -4.805
48.525 22.112 -1.988
45.620 20.761 -4.045
47.395 17.695 -5.399
48.526 16.935 -1.858
44.973 17.148 -0.610
43.292 15.188 -3.404
45.861 12.410 -3.283
46.066 12.717 0.478
49.853 13.157 0.519
51.075 14.189 3.989
54.690 14.539 2.931
53.514 16.934 0.257
51.151 18.944 2.481
54.318 19.589 4.554
56.387 20.707 1.571
53.711 23.400 1.348
53.886 24.459 4.997
57.658 24.354 5.484
58.289 26.338 2.354
55.911 29.242 2.939
57.550 31.693 5.323
59.682 32.205 2.215
56.944 34.261 0.497
56.266 36.282 3.636
59.950 37.097 3.076
59.405 38.356 -0.451
56.490 40.526 0.594
58.640 42.341 3.116
61.231 42.834 0.397
58.616 44.283 -1.878
57.439 46.783 0.727
60.927 47.854 1.776
61.950 48.265 -1.849
58.824 50.184 -2.908
58.690 52.385 0.214
62.274 53.221 -0.520
61.618 54.397 -4.082
58.616 56.373 -2.863
61.009 58.112 -0.515
64.261 58.157 -2.532
63.995 58.256 -6.353
60.844 60.438 -6.079
58.417 58.529 -8.392
56.183 60.571 -10.657
52.393 60.056 -10.485
52.204 57.176 -13.002
55.226 55.337 -11.589
53.870 56.029 -8.148
50.589 54.233 -8.851
52.476 51.205 -10.177
54.651 51.082 -7.074
51.581 51.321 -4.842
49.524 48.717 -6.616
52.741 46.673 -6.366
52.326 46.573 -2.604
48.582 45.914 -2.577
49.020 43.022 -4.984
51.951 41.566 -3.001
49.658 41.222 0.021
46.970 39.483 -1.999
49.611 37.114 -3.320
50.666 36.593 0.306
47.143 35.873 1.576
46.456 33.450 -1.242
49.725 31.697 -0.467
48.608 31.517 3.130
45.283 29.830 2.283
47.412 27.318 0.436
49.301 26.597 3.620
45.884 26.103 5.210
44.413 23.795 2.612
47.624 21.876 3.317
46.998 21.788 7.069
43.444 20.570 6.380
44.801 17.839 4.121
46.613 16.647 7.221
43.661 17.261 9.541
42.001 14.305 7.827
44.970 11.933 7.484
44.429 9.085 5.018
40.945 7.535 5.402
39.529 8.191 1.885
36.972 10.979 1.478
33.368 10.458 2.622
32.385 11.541 -0.879
33.717 12.595 -4.275
36.154 15.524 -4.135
35.879 16.073 -7.881
33.801 19.295 -7.966
35.865 20.735 -5.103
39.084 20.030 -6.995
37.676 21.844 -10.034
36.509 24.704 -7.821
40.074 25.019 -6.547
41.699 24.931 -9.985
39.106 27.450 -11.238
40.240 29.879 -8.549
43.894 29.003 -9.098
43.512 30.034 -12.741
41.835 33.249 -11.650
45.140 33.899 -9.868
47.445 33.035 -12.759
45.175 35.237 -14.902
45.169 38.164 -12.471
48.938 37.900 -12.015
49.442 37.558 -15.757
47.196 40.583 -16.172
49.465 42.413 -13.751
52.605 41.328 -15.534
51.560 42.436 -18.999
49.475 45.136 -17.325
46.409 44.056 -19.303
43.334 45.599 -17.631
40.862 43.556 -19.678
41.601 40.022 -18.541
39.674 41.197 -15.519
36.133 40.952 -16.914
37.136 37.431 -17.953
38.164 36.629 -14.393
34.670 37.806 -13.459
33.202 34.793 -15.247
35.519 32.254 -13.683
33.941 33.619 -10.551
30.348 32.878 -11.555
31.764 29.479 -12.304
33.274 29.261 -8.847
29.865 30.150 -7.482
27.805 27.589 -9.389
30.680 25.220 -8.624
30.216 26.003 -4.901
26.488 25.406 -4.717
27.178 22.128 -6.491
29.357 21.548 -3.436
26.857 22.048 -0.625
24.681 19.814 -2.788
26.646 16.536 -2.709
27.515 17.517 0.872
24.532 18.451 3.093
22.493 15.808 1.206
24.601 12.639 1.858
23.095 10.985 4.949
25.485 8.917 7.096
25.632 11.102 10.224
28.505 10.263 12.600
31.148 12.099 14.660
34.168 11.002 12.590
32.438 11.492 9.213
31.058 14.897 10.218
34.378 16.201 11.536
35.275 15.076 8.042
32.651 17.072 6.111
33.661 20.182 8.064
37.247 20.070 6.882
35.801 19.735 3.365
33.620 22.793 4.040
36.584 24.710 5.436
38.507 23.915 2.237
35.569 25.111 0.151
35.809 28.472 1.967
39.580 28.903 1.524
38.989 28.331 -2.173
36.459 31.133 -2.179
38.864 33.429 -0.287
41.534 32.601 -2.872
39.090 33.582 -5.603
38.098 36.821 -3.989
41.740 37.766 -3.814
42.401 37.081 -7.486
39.462 39.386 -7.908
41.083 41.860 -5.582
44.275 41.819 -7.621
42.138 42.342 -10.709
40.584 45.375 -9.105
43.989 47.030 -8.569
45.160 46.220 -12.026
41.946 47.789 -13.349
41.905 50.939 -11.212
45.605 51.543 -11.861
44.873 51.375 -15.603
41.249 52.367 -16.324
40.913 54.474 -13.163
37.457 52.802 -13.302
36.244 49.752 -11.365
36.360 45.979 -11.765
33.098 44.785 -13.352
30.527 42.230 -12.142
