22.510 18.698 15.497
23.414 17.411 18.961
26.442 16.857 21.185
28.432 13.781 20.210
29.374 13.178 23.851
26.281 13.755 26.005
23.666 13.760 23.246
22.106 17.037 24.370
20.930 19.746 21.987
22.072 23.366 21.769
20.026 26.405 22.820
21.665 28.023 19.794
23.059 25.662 17.142
25.494 28.394 16.092
27.175 27.905 19.464
27.948 24.221 19.020
31.679 23.515 19.340
33.406 21.556 16.580
36.429 19.522 17.672
39.454 20.313 15.499
40.596 16.690 15.798
37.567 14.418 15.353
35.489 17.193 13.760
32.335 16.173 15.619
30.076 18.683 17.438
30.073 19.121 21.237
28.754 21.196 24.136
30.963 23.935 25.496
30.903 21.793 28.653
31.999 18.768 26.631
35.073 20.442 25.128
38.022 22.498 26.362
40.821 25.213 26.284
42.520 24.747 19.429
38.992 23.798 20.507
38.978 20.066 21.289
36.471 17.654 22.800
37.484 16.212 26.177
38.595 12.852 24.781
40.679 14.254 21.924
42.215 16.698 24.408
43.060 13.786 26.708
44.731 11.853 23.904
46.784 14.826 22.732
48.090 15.062 26.297
49.568 11.570 25.952
51.821 12.846 23.156
