-15.180 -4.650 5.343
-15.528 -7.911 7.268
-17.132 -6.227 10.285
-19.711 -4.563 8.047
-20.442 -7.912 6.428
-20.717 -9.650 9.792
-22.960 -6.845 11.018
-25.344 -7.546 8.146
-25.440 -11.245 9.048
-26.673 -10.245 12.481
-29.385 -8.015 11.027
-30.522 -10.491 8.399
-30.042 -13.274 10.955
-32.672 -11.653 13.167
-35.126 -12.156 10.284
-36.278 -15.759 9.655
-38.656 -14.548 6.938
-36.217 -13.427 4.239
-34.951 -16.450 2.312
-32.254 -14.238 0.809
-31.076 -13.324 4.280
-30.450 -16.980 5.050
-28.555 -17.742 1.862
-26.927 -14.321 2.159
-25.702 -15.008 5.684
-24.139 -18.291 4.604
-22.284 -16.681 1.706
-21.167 -13.771 3.878
-20.043 -16.194 6.604
-17.753 -18.587 4.698
-14.102 -17.588 5.404
-13.572 -17.394 1.625
-15.497 -14.146 1.221
-13.952 -13.106 4.535
-10.466 -13.710 3.157
-11.042 -11.285 0.297
-12.572 -8.831 2.755
-9.476 -9.408 4.883
-7.425 -8.031 2.006
-9.834 -5.099 2.025
-8.893 -4.117 5.578
-5.206 -5.038 5.285
-4.655 -2.477 2.530
-7.193 0.137 3.638
-5.676 -0.131 7.108
-2.166 0.337 5.739
-3.492 3.006 3.353
-4.943 5.635 5.677
-6.533 4.134 8.783
-4.123 5.543 11.351
