32.367 -1.642 26.822
32.242 -5.418 27.347
29.685 -5.163 30.159
26.390 -3.336 30.231
22.671 -3.590 29.676
21.507 -2.320 26.297
18.054 -0.819 25.751
17.540 -1.058 21.948
14.316 0.689 20.874
13.932 0.720 17.125
11.019 0.878 14.755
9.633 -2.602 15.281
10.733 -3.825 18.692
12.321 -2.663 21.971
14.702 -5.092 23.691
16.605 -4.939 26.965
19.762 -7.032 26.742
22.111 -7.545 29.714
25.652 -8.335 28.679
28.453 -9.461 30.959
32.105 -9.576 29.948
31.206 -9.830 26.289
28.318 -12.275 26.531
24.611 -11.505 26.573
22.573 -13.263 29.294
19.652 -14.779 27.324
17.613 -15.727 30.399
17.424 -11.994 31.292
16.594 -10.568 27.881
13.201 -8.872 27.882
11.179 -7.582 24.971
8.704 -4.705 24.909
6.369 -4.877 21.912
6.129 -1.130 21.494
8.600 0.837 19.321
8.971 3.806 16.961
6.254 2.691 14.573
3.797 2.648 17.477
4.909 6.098 18.618
4.371 7.644 15.190
0.903 6.103 15.005
0.172 7.374 18.527
1.297 10.944 17.767
-0.859 10.696 14.613
-3.875 9.941 16.855
-3.371 12.674 19.481
-2.463 15.229 16.832
-5.658 14.189 15.077
-7.649 14.845 18.219
-6.254 18.393 18.438
-8.204 19.110 15.280
-5.669 18.232 12.617
-5.638 15.514 9.925
-3.002 12.905 9.117
-4.029 9.493 7.752
-2.210 8.995 4.489
1.424 7.842 4.291
2.762 11.357 3.441
0.773 12.705 6.301
2.071 9.904 8.520
5.586 10.815 7.303
4.866 14.390 8.469
3.891 13.079 11.917
7.041 10.949 11.948
8.933 14.178 11.209
7.118 16.006 13.996
7.984 13.089 16.303
11.690 13.087 15.443
12.002 16.866 15.622
9.673 18.288 18.263
8.915 15.419 20.669
10.744 14.908 23.988
10.531 12.917 27.156
9.266 14.897 30.156
11.341 14.589 33.365
8.112 14.664 35.382
5.071 14.013 33.203
2.408 15.431 35.560
4.213 18.641 36.316
5.109 18.980 32.628
1.495 18.651 31.502
0.148 21.621 33.432
3.205 23.675 32.570
1.660 23.587 29.051
-1.686 24.325 30.618
-0.680 27.674 32.161
1.909 28.620 29.565
2.739 28.456 25.873
6.367 27.926 26.918
6.405 24.367 25.573
4.672 25.059 22.278
6.677 24.965 19.079
5.344 25.700 15.618
5.628 23.216 12.795
5.562 24.371 9.193
3.691 21.843 7.100
4.770 20.904 3.522
1.794 22.908 2.296
3.135 26.115 3.856
0.461 26.007 6.555
2.025 26.262 9.997
0.782 24.463 13.089
1.427 24.437 16.795
2.352 21.271 18.632
2.070 21.606 22.390
1.991 18.846 25.007
1.686 16.121 22.388
5.413 16.800 22.290
5.957 14.854 25.518
2.755 12.835 25.598
3.710 10.595 22.673
7.068 9.316 23.936
5.541 8.883 27.397
4.042 5.683 26.037
7.596 4.235 26.336
7.317 4.576 30.122
3.621 3.612 30.267
2.609 1.294 27.392
-0.814 1.241 29.026
-1.594 4.332 26.985
-1.779 2.102 23.925
-4.055 -0.401 25.605
-0.776 -2.263 25.895
-0.231 -4.243 29.076
3.546 -4.331 29.287
5.989 -2.727 31.687
7.576 0.515 30.425
11.248 0.800 29.459
12.401 1.906 32.915
10.660 -0.900 34.778
11.692 -3.469 32.170
15.337 -2.443 32.498
15.113 -2.957 36.273
13.269 -6.297 35.772
16.011 -7.566 33.453
18.812 -6.480 35.774
16.971 -8.279 38.608
17.042 -11.526 36.653
20.819 -11.321 36.672
23.297 -12.528 39.241
24.030 -10.070 42.045
27.726 -9.667 41.190
26.674 -8.474 37.760
23.865 -6.045 38.718
26.173 -3.244 39.964
27.976 -3.123 36.654
24.711 -3.247 34.739
23.188 -0.365 36.704
26.326 1.607 35.978
26.276 0.886 32.242
22.742 1.264 30.881
23.379 1.855 27.190
20.765 3.345 24.878
20.651 2.417 21.196
18.156 2.818 18.384
16.248 5.678 16.813
13.473 5.520 19.364
15.880 6.350 22.190
16.742 9.630 20.447
14.074 11.633 22.297
15.600 14.615 24.139
15.179 14.089 27.896
15.017 10.288 27.727
18.402 9.708 29.448
17.592 12.202 32.217
14.210 10.525 32.739
15.749 6.993 32.750
18.422 8.063 35.245
15.708 9.289 37.612
13.430 6.316 37.242
16.182 3.716 37.562
17.745 5.518 40.534
14.344 5.222 42.256
14.151 1.467 41.648
17.808 0.681 42.421
19.337 0.531 45.935
20.240 4.039 47.212
23.915 3.138 47.352
23.909 2.099 43.686
25.651 4.206 41.086
23.218 4.431 38.181
24.506 5.721 34.857
22.738 6.149 31.473
24.883 6.290 28.298
23.179 7.760 25.277
25.649 8.060 22.385
24.688 10.849 19.958
25.213 8.334 17.110
22.941 5.677 18.591
20.816 5.430 15.448
23.900 3.787 13.898
25.511 2.201 17.014
24.626 -1.305 15.872
26.075 -0.746 12.400
29.243 0.966 13.729
29.805 -1.916 16.136
29.683 -4.276 13.174
32.009 -2.079 11.124
34.608 -2.173 13.922
34.228 -5.911 14.606
34.611 -6.976 10.963
37.704 -4.782 10.522
39.692 -6.343 13.396
42.775 -8.264 12.358
41.700 -10.827 14.942
38.280 -11.319 13.325
39.654 -12.806 10.165
39.518 -16.377 11.510
36.043 -15.919 13.052
34.081 -15.943 9.749
32.150 -19.030 8.783
33.867 -20.122 5.532
32.215 -21.396 2.369
34.217 -24.590 2.877
32.797 -24.986 6.406
29.256 -24.388 5.239
29.762 -26.903 2.414
30.779 -29.661 4.773
28.540 -29.077 7.784
25.636 -26.985 6.492
23.581 -24.078 7.942
23.139 -25.466 11.509
26.764 -24.548 12.244
25.808 -20.844 12.445
24.650 -20.988 16.071
27.854 -22.057 17.757
30.140 -20.450 15.168
28.635 -17.011 15.931
28.124 -17.498 19.704
