82.352 30.212 97.974
83.099 32.385 94.948
83.138 35.466 97.191
84.114 36.290 100.803
81.456 37.624 103.195
83.680 40.672 103.685
85.741 41.652 100.644
88.824 43.471 101.944
89.947 44.172 98.359
93.316 42.505 98.960
93.320 40.891 95.503
94.299 42.839 92.387
91.330 41.237 90.611
87.731 42.376 91.084
85.635 39.522 92.449
83.823 37.596 89.692
80.484 38.441 91.356
81.136 42.133 90.669
80.102 43.741 87.390
80.128 47.174 85.785
77.601 48.923 83.561
78.104 48.422 79.815
81.861 49.081 79.767
84.886 47.196 81.178
86.473 48.089 84.518
89.636 49.968 83.537
92.208 52.212 85.260
90.054 55.089 83.997
87.095 53.998 86.142
88.966 52.751 89.192
91.880 50.894 90.745
92.711 48.138 93.233
96.445 48.897 93.165
96.707 52.691 93.651
95.244 52.440 97.148
96.177 48.954 98.472
93.374 47.079 100.245
90.830 49.546 98.809
88.563 49.857 95.780
89.254 53.322 94.406
86.550 54.639 92.090
87.182 57.811 90.092
84.040 59.911 89.793
82.389 59.870 86.377
78.840 60.235 85.032
75.642 60.033 87.097
73.433 56.998 87.718
71.145 58.085 84.856
73.887 57.759 82.223
73.967 54.929 79.690
77.640 55.590 78.974
80.387 55.843 81.604
79.567 55.094 85.252
82.126 54.399 87.985
79.781 51.841 89.542
80.837 48.366 90.724
77.873 46.240 91.822
76.691 42.727 92.645
73.280 41.022 92.405
70.605 40.763 95.092
70.517 36.983 95.497
68.125 36.849 98.434
65.289 38.905 99.903
66.944 38.719 103.320
70.477 40.096 103.339
72.785 42.837 104.582
75.208 44.802 102.375
77.855 47.148 103.792
80.823 49.308 102.762
83.076 52.074 104.139
84.114 55.044 102.014
86.749 57.757 102.423
85.516 60.685 100.332
86.370 64.396 100.421
84.100 66.152 97.865
84.785 69.838 97.181
81.654 70.604 95.121
78.003 69.489 94.921
78.666 67.648 91.653
80.738 65.021 93.471
79.076 62.115 95.303
80.028 58.572 96.348
78.385 55.814 98.368
76.174 52.733 98.540
73.666 52.213 95.719
70.781 49.793 95.151
70.111 49.848 91.411
67.963 48.304 88.666
68.375 50.696 85.716
69.153 54.362 84.924
65.568 55.299 85.813
65.177 53.165 88.944
67.551 53.323 91.918
68.265 54.674 95.405
71.620 56.086 96.540
73.142 56.981 99.900
76.143 59.134 99.027
78.690 61.387 100.706
78.520 64.760 98.956
79.330 68.458 99.427
76.986 71.262 100.482
78.094 74.896 100.136
76.766 75.843 103.583
77.105 72.582 105.538
80.212 71.055 103.963
80.318 67.255 103.752
76.854 65.710 104.053
75.307 62.267 103.588
72.473 62.524 101.071
69.790 60.071 99.928
68.659 60.410 96.303
65.778 58.435 94.787
64.901 57.828 91.133
61.481 56.195 90.933
60.717 55.461 87.262
62.505 58.724 86.403
60.776 60.651 89.205
63.593 62.197 91.255
63.524 63.079 94.947
65.792 63.811 97.929
63.326 63.224 100.857
65.667 64.106 103.731
64.564 67.541 104.963
67.218 67.625 107.691
70.560 67.034 105.965
72.976 64.621 107.641
76.163 66.572 108.388
79.459 64.660 108.425
82.149 65.951 110.851
85.472 66.956 109.266
87.478 64.475 111.355
85.541 61.477 110.004
87.854 59.380 107.820
85.462 56.563 106.865
81.694 56.819 106.433
80.132 53.398 106.987
77.072 52.690 104.833
74.743 49.717 105.245
71.486 48.449 103.742
69.161 45.795 105.174
66.824 43.995 102.774
63.796 42.523 104.538
61.531 40.980 101.884
59.184 43.752 100.723
61.187 46.587 102.323
64.810 47.674 102.826
66.455 50.322 105.012
69.656 52.363 104.912
72.010 52.757 107.885
75.136 54.867 108.404
77.923 55.327 110.943
81.025 57.466 111.583
82.969 55.132 113.920
81.992 51.510 113.261
80.134 51.076 116.610
77.082 53.400 116.563
74.703 52.945 113.620
71.998 55.443 112.652
68.874 54.412 110.751
67.480 56.549 107.939
63.790 56.405 108.854
62.418 55.640 105.372
60.970 52.219 104.516
62.066 51.787 100.898
60.059 49.310 98.813
61.903 46.381 97.233
59.241 46.143 94.522
60.588 49.342 92.989
63.719 47.460 91.958
61.889 44.620 90.202
61.187 43.512 86.616
57.461 43.947 87.250
57.679 47.584 88.364
60.028 49.404 85.990
58.676 50.956 82.779
59.879 50.347 79.239
60.190 47.512 76.756
63.279 46.288 78.563
62.643 44.757 82.000
65.050 41.823 81.957
67.629 42.337 84.722
67.241 42.550 88.500
68.234 44.470 91.626
71.931 45.179 92.258
73.857 46.628 95.207
77.289 48.229 95.009
79.836 50.995 95.439
79.621 54.122 93.296
81.275 57.500 92.714
80.234 60.327 90.421
81.911 63.584 89.489
79.879 65.620 87.041
82.287 68.503 87.651
85.102 67.023 85.590
87.661 66.478 88.354
87.276 62.662 88.454
87.578 62.761 92.256
88.535 59.356 93.758
86.509 57.551 96.436
88.184 54.830 98.496
86.046 51.895 99.613
87.750 49.902 102.386
85.577 46.803 101.971
82.290 45.374 100.727
80.269 42.988 102.868
77.361 40.860 101.642
75.701 38.384 103.994
72.459 36.534 103.326
70.290 35.576 106.315
