8.865 119.624 28.512
5.321 119.414 27.120
6.215 121.730 24.258
9.162 119.514 23.443
7.076 116.363 23.496
4.484 117.950 21.164
7.283 119.110 18.868
8.675 115.551 18.663
5.157 114.248 17.791
4.919 117.024 15.214
8.263 116.089 13.652
6.927 112.566 13.235
4.174 113.934 10.938
6.933 114.414 8.355
7.024 110.593 8.030
3.379 111.036 6.992
3.880 113.974 4.590
4.517 112.859 1.004
7.127 114.542 -1.193
4.269 115.869 -3.391
5.955 116.486 -6.727
6.041 112.758 -7.354
2.312 112.148 -6.988
1.413 113.679 -10.349
3.828 111.260 -12.019
1.636 108.445 -10.698
4.108 107.185 -8.090
1.739 105.867 -5.459
3.680 105.646 -2.230
6.424 108.131 -2.809
9.195 109.013 -0.339
8.058 111.105 2.668
9.540 114.532 3.502
11.270 112.764 6.455
13.003 110.329 4.033
14.121 113.203 1.737
15.646 115.073 4.800
17.310 111.897 6.018
19.280 111.346 2.878
19.789 115.044 2.202
21.370 115.276 5.683
23.785 112.473 4.891
24.574 114.098 1.539
25.177 117.495 3.237
27.656 115.751 5.583
29.401 114.314 2.511
29.463 117.674 0.678
31.107 119.386 3.649
33.756 116.726 4.093
34.565 116.557 0.380
34.769 120.361 0.394
37.566 120.100 2.922
35.464 121.225 5.929
35.866 119.655 9.390
33.844 116.752 10.773
32.286 119.173 13.232
31.414 121.361 10.292
30.086 118.331 8.327
27.900 117.309 11.318
26.472 120.819 11.456
25.603 120.747 7.782
23.810 117.423 8.252
21.843 118.779 11.191
20.868 121.900 9.343
19.607 119.715 6.491
17.377 117.835 8.964
15.692 121.100 9.996
15.418 122.361 6.421
11.786 121.557 5.633
10.654 121.200 9.180
7.965 123.820 8.782
6.394 121.650 6.037
4.917 119.642 8.930
2.440 122.522 9.002
2.693 123.857 5.441
3.005 120.679 3.361
5.577 120.072 0.629
4.489 122.803 -1.795
5.521 121.434 -5.206
6.639 123.578 -8.185
3.207 123.832 -9.812
1.610 124.813 -6.508
4.138 127.536 -5.789
2.771 129.353 -8.838
-0.484 129.955 -6.961
0.539 129.299 -3.353
2.375 131.670 -1.030
3.578 130.441 2.335
4.810 132.263 5.419
7.718 129.918 6.076
9.400 132.092 8.719
6.077 132.402 10.516
5.659 128.615 10.421
9.205 127.988 11.636
8.912 130.657 14.312
5.911 129.089 16.015
7.173 125.579 15.362
10.458 126.248 17.190
9.009 128.370 20.014
10.183 125.711 22.466
13.810 126.602 21.729
15.274 129.163 24.108
17.385 130.161 21.136
17.775 128.926 17.552
21.224 127.825 16.320
22.535 129.559 13.233
23.076 127.420 10.206
23.849 130.378 7.952
27.387 129.059 7.539
26.224 125.740 6.070
23.201 126.879 4.129
25.044 126.298 0.886
25.701 122.648 1.709
22.056 122.264 2.756
20.855 123.885 -0.462
23.051 121.702 -2.694
22.187 118.556 -0.681
18.417 119.216 -1.049
18.806 119.412 -4.850
21.253 116.514 -5.121
18.954 114.298 -3.012
16.133 115.115 -5.464
18.360 114.290 -8.460
19.315 110.904 -6.934
15.622 110.158 -6.202
14.778 111.248 -9.761
17.291 108.765 -11.225
15.964 106.027 -8.888
12.322 106.685 -9.790
13.110 106.925 -13.527
13.316 103.118 -13.522
9.509 103.106 -12.776
8.409 106.242 -14.571
10.717 107.590 -17.234
9.718 111.203 -16.749
11.053 111.141 -13.159
14.481 111.807 -14.713
13.470 115.417 -15.344
13.788 116.135 -11.615
17.480 115.254 -11.976
18.064 117.359 -15.104
19.272 120.964 -15.350
20.086 121.045 -11.656
21.813 124.209 -10.520
24.284 123.297 -7.779
26.641 125.821 -6.178
29.513 123.759 -4.755
32.225 121.975 -6.699
31.714 118.894 -4.534
28.003 118.749 -5.397
28.778 119.338 -9.099
31.259 116.456 -9.165
28.868 114.011 -7.434
26.025 115.125 -9.732
28.184 114.629 -12.831
28.942 111.021 -11.861
25.287 110.398 -10.816
24.185 111.370 -14.326
27.060 109.635 -16.135
26.140 106.369 -14.434
22.341 106.703 -14.087
22.550 103.414 -12.285
20.788 103.025 -8.939
21.929 99.456 -8.523
24.435 99.771 -5.704
24.530 96.113 -4.710
26.008 94.636 -7.894
