11.000 33.798 9.959
14.056 35.506 8.472
16.105 33.672 11.073
14.941 30.260 9.855
16.464 30.927 6.418
19.998 31.665 7.655
19.887 28.866 10.273
18.702 26.357 7.673
21.442 27.490 5.283
24.178 26.741 7.842
22.230 23.629 8.867
22.953 22.154 5.420
26.673 22.292 6.229
27.477 23.771 2.811
27.648 27.315 4.279
29.087 28.180 7.701
28.049 31.852 8.048
25.206 33.821 6.488
23.498 37.180 6.930
20.382 38.638 5.313
20.507 42.404 4.972
17.786 44.699 3.707
18.357 45.600 0.011
19.770 48.965 1.094
22.274 47.136 3.340
21.222 49.301 6.293
19.574 46.623 8.494
20.451 43.094 9.613
17.324 40.909 9.296
18.981 37.617 10.218
22.486 36.328 11.005
23.860 32.859 11.668
27.471 31.815 12.343
28.710 35.250 13.335
29.498 36.702 9.922
30.184 40.383 10.471
30.606 43.114 7.880
31.689 46.699 8.484
29.258 49.363 7.146
31.504 50.280 4.182
32.111 46.621 3.263
28.349 46.090 2.877
28.060 49.366 0.961
30.624 48.203 -1.614
28.785 44.891 -2.116
25.379 46.566 -2.474
26.743 48.904 -5.148
28.641 46.150 -6.933
25.335 44.615 -8.116
24.866 47.658 -10.345
28.523 48.339 -11.128
31.058 45.600 -10.286
33.949 47.749 -11.577
35.108 48.687 -8.087
34.866 45.128 -6.796
36.837 43.874 -9.837
39.669 46.261 -9.049
39.929 46.144 -5.235
38.161 42.894 -4.383
35.469 41.952 -1.875
36.314 42.698 1.739
34.488 40.578 4.306
35.659 41.127 7.917
38.845 42.742 6.640
39.664 39.627 4.603
39.987 40.216 0.842
38.094 38.043 -1.596
38.681 38.116 -5.346
35.623 38.754 -7.503
34.893 35.818 -9.808
31.404 36.333 -11.210
29.020 39.308 -10.987
25.697 40.308 -12.464
22.554 42.135 -11.311
21.667 39.367 -8.839
24.822 37.404 -7.950
28.402 38.145 -6.944
30.791 35.279 -6.103
34.210 35.665 -4.508
37.050 33.424 -3.393
40.077 33.492 -1.067
42.132 30.300 -1.432
39.693 27.383 -1.036
36.976 29.343 0.781
34.514 31.789 -0.706
31.592 34.153 -0.453
28.225 34.202 -2.255
26.241 37.445 -2.402
22.790 37.442 -3.908
20.343 40.298 -4.262
16.596 39.666 -4.148
13.678 42.095 -4.358
14.044 43.302 -0.746
17.234 41.718 0.653
20.931 41.055 0.080
22.057 37.623 1.244
25.742 37.048 1.980
27.091 33.599 2.789
30.522 32.182 3.446
31.664 28.643 2.715
34.787 26.948 4.182
37.623 25.116 2.296
36.039 21.727 3.000
33.146 22.641 0.703
33.020 22.782 -3.112
31.912 26.187 -4.480
29.248 24.528 -6.596
27.340 23.185 -3.600
27.527 26.394 -1.537
26.406 28.460 -4.515
23.454 26.223 -5.363
21.976 26.202 -1.849
22.192 30.003 -1.469
20.807 30.552 -4.999
17.885 28.249 -4.161
16.936 30.454 -1.123
17.131 33.485 -3.461
14.805 31.708 -5.905
12.330 31.056 -3.105
12.327 34.612 -1.685
12.120 36.168 -5.142
9.131 34.069 -6.190
7.437 35.289 -3.025
8.125 39.035 -3.617
11.129 39.225 -1.295
