2.093 -0.001 -1.242
2.445 3.679 -2.136
4.716 2.495 -4.948
2.613 0.629 -7.511
-0.908 1.275 -6.226
-3.836 1.455 -8.684
-4.604 4.746 -10.428
-6.318 5.848 -13.640
-5.826 9.209 -15.352
-9.148 10.858 -16.199
-9.216 11.094 -19.995
-12.169 13.482 -19.768
-14.303 15.451 -17.312
-16.837 13.321 -15.438
-19.699 14.554 -13.258
-21.671 11.988 -11.282
-25.185 12.609 -9.987
-25.067 11.924 -6.247
-22.426 10.913 -3.704
-22.570 7.346 -5.020
-21.300 8.799 -8.298
-17.807 10.297 -8.471
-17.037 13.508 -10.360
-13.520 14.133 -11.667
-11.947 16.280 -14.384
-9.782 15.708 -17.459
-6.440 15.020 -15.807
-7.595 14.477 -12.232
-6.248 10.941 -11.835
-7.889 8.779 -9.172
-6.432 6.218 -6.768
-9.240 3.733 -7.412
-10.984 2.314 -4.344
-12.460 -0.794 -5.967
-14.229 -2.238 -9.008
-17.985 -2.444 -9.567
-18.361 -4.789 -12.537
-16.293 -3.970 -15.623
-17.535 -0.720 -17.161
-17.875 1.049 -13.811
-15.308 1.487 -11.038
-14.801 3.330 -7.750
-12.230 5.892 -6.651
-11.558 9.044 -4.646
-10.314 12.208 -6.351
-10.367 15.906 -5.468
-11.661 15.019 -2.015
-14.643 13.383 -3.699
-15.629 9.710 -3.666
-18.002 7.611 -5.748
-18.234 5.467 -8.871
-17.268 6.304 -12.453
-17.165 4.702 -15.927
-13.853 3.017 -16.744
-14.413 4.190 -20.319
-13.748 7.725 -19.082
-10.411 6.957 -17.426
-7.022 5.545 -18.417
-6.197 2.632 -16.116
-2.517 3.324 -15.450
-2.445 0.525 -12.875
-4.720 -2.405 -12.033
-5.872 -3.299 -8.519
-3.734 -5.487 -6.220
-4.895 -8.921 -7.374
-2.939 -11.532 -5.418
