33.833 10.405 21.265
30.810 8.517 22.595
30.266 11.127 25.310
30.533 13.961 22.777
27.984 12.326 20.476
25.579 11.986 23.413
26.226 15.542 24.595
25.622 17.043 21.162
22.498 14.975 20.542
21.112 15.897 23.963
21.725 19.559 23.140
19.991 19.145 19.781
16.976 17.679 21.571
16.955 20.581 24.036
17.016 23.144 21.227
14.299 21.347 19.267
12.322 21.059 22.487
12.126 24.832 22.837
10.430 24.876 19.420
8.076 21.956 20.010
9.996 19.923 17.429
10.977 16.280 17.959
14.282 14.878 16.695
14.428 11.741 14.553
17.140 9.798 16.362
17.445 7.231 13.558
18.255 10.000 11.065
20.623 11.894 13.346
22.625 9.559 15.578
24.293 7.658 12.698
25.379 10.997 11.253
26.813 12.306 14.543
28.547 8.981 15.150
30.093 9.062 11.674
31.514 12.527 12.407
32.135 12.081 16.145
35.760 13.213 15.814
34.592 16.755 15.029
32.359 17.107 18.099
35.095 17.999 20.597
34.714 21.472 22.109
37.174 23.975 20.685
37.921 24.370 17.002
34.372 23.183 16.321
31.369 25.238 15.202
27.868 23.875 15.840
24.692 25.867 15.238
21.049 24.966 15.867
18.727 27.219 13.848
15.052 28.147 14.104
12.864 30.039 11.622
9.580 31.963 11.476
6.381 31.643 9.482
5.887 28.525 7.392
9.430 27.379 8.179
8.978 27.187 11.965
8.312 23.448 12.318
11.932 22.565 11.627
15.242 22.923 13.436
18.361 22.967 11.279
21.810 21.986 12.481
25.241 22.694 11.057
28.466 21.040 12.211
31.944 22.019 11.014
34.219 19.305 9.608
37.945 19.822 9.007
39.209 19.202 5.466
41.564 16.574 6.893
38.528 14.377 7.514
37.876 14.400 3.780
34.953 15.294 1.506
31.939 14.872 3.819
29.492 14.299 0.959
31.628 11.446 -0.338
31.556 10.092 3.204
27.788 10.076 3.634
27.251 8.527 0.193
29.888 5.814 0.627
28.591 4.939 4.101
25.026 4.680 2.837
23.694 7.618 4.846
22.554 9.583 1.783
21.784 8.696 -1.873
23.553 10.378 -4.782
21.095 12.639 -6.639
22.276 11.913 -10.179
22.510 15.676 -10.708
25.483 18.091 -10.985
25.132 19.004 -7.299
26.680 15.577 -6.585
29.977 16.841 -7.993
29.971 20.442 -6.790
31.617 20.078 -3.379
34.378 17.938 -4.906
34.752 20.291 -7.877
34.984 23.273 -5.552
37.864 21.749 -3.599
39.456 20.810 -6.929
39.347 24.340 -8.369
39.657 26.489 -5.220
41.438 26.461 -1.843
38.909 25.106 0.660
39.844 25.686 4.301
37.021 23.803 6.033
33.771 21.931 5.359
30.511 21.638 7.247
27.584 19.235 7.175
24.024 20.373 7.712
20.597 18.844 8.136
17.139 19.035 9.696
16.357 17.303 12.991
13.269 15.655 11.474
14.646 15.033 7.986
18.351 14.304 8.410
21.381 15.293 6.317
20.778 17.559 3.326
23.569 20.115 2.916
27.317 20.752 2.872
29.394 23.935 3.055
32.768 24.786 1.566
34.729 27.556 3.325
37.481 29.604 1.691
40.474 31.369 3.311
39.490 34.840 4.502
42.577 36.365 2.863
42.148 34.434 -0.396
38.452 34.349 -1.219
37.188 33.611 -4.737
35.188 36.077 -6.798
32.180 35.412 -9.013
34.496 34.808 -11.980
36.437 32.021 -10.249
33.227 30.395 -9.006
31.385 30.575 -12.335
34.235 28.568 -13.899
33.606 25.460 -11.783
32.030 22.897 -14.192
29.226 21.782 -11.873
28.311 25.256 -10.619
24.838 26.414 -11.690
25.108 28.455 -14.915
23.016 31.035 -13.033
26.130 32.135 -11.119
27.906 33.300 -14.282
24.649 34.649 -15.717
24.127 36.950 -12.714
27.744 38.135 -12.672
27.004 41.582 -14.094
24.274 42.070 -11.492
26.531 40.956 -8.627
29.259 43.360 -9.749
26.775 46.243 -9.953
25.946 45.855 -6.252
29.435 45.197 -4.938
28.805 41.505 -4.299
32.320 40.284 -5.044
34.208 38.160 -2.501
32.652 34.895 -1.319
33.573 33.532 2.129
31.830 30.180 1.668
29.211 28.326 -0.338
26.565 25.800 0.571
24.994 23.019 -1.465
21.493 21.699 -0.799
21.237 18.158 -2.187
17.485 17.820 -1.720
16.480 21.163 -3.255
19.412 21.259 -5.697
20.283 24.836 -4.765
23.443 26.777 -3.991
24.049 29.714 -1.637
26.933 32.157 -2.165
27.959 33.865 1.085
29.335 37.289 0.162
31.731 38.975 2.576
33.808 42.156 2.971
30.579 44.022 2.229
30.975 47.719 1.454
28.913 50.243 3.407
27.423 51.339 0.078
26.178 47.829 -0.656
24.251 47.714 2.612
22.853 51.246 2.395
19.081 51.416 1.931
19.213 52.750 -1.643
21.415 49.856 -2.770
19.402 47.180 -0.970
16.119 48.463 -2.433
17.523 48.603 -5.966
18.880 45.060 -5.634
15.639 43.568 -4.323
13.846 45.419 -7.127
15.993 43.913 -9.876
15.614 40.438 -8.360
11.865 40.838 -7.925
11.954 40.060 -4.205
9.931 41.257 -1.198
10.570 44.943 -0.425
11.859 45.411 3.148
10.541 48.210 5.355
12.384 50.547 7.745
13.021 47.873 10.382
14.182 45.421 7.729
16.544 47.919 6.095
18.036 48.856 9.472
18.751 45.149 9.964
20.292 44.860 6.480
22.644 47.774 7.201
23.982 45.859 10.219
24.668 42.672 8.229
28.051 40.947 8.089
27.070 38.486 5.335
24.647 38.460 2.379
23.696 35.357 0.414
21.566 34.727 -2.688
20.236 31.255 -3.497
20.576 29.937 -7.065
19.522 26.764 -8.918
20.368 24.736 -12.065
16.998 25.036 -13.826
16.848 28.789 -14.383
19.091 31.823 -14.142
16.739 33.507 -11.681
17.855 33.983 -8.075
15.454 32.169 -5.723
15.866 34.345 -2.625
18.279 36.661 -0.781
19.325 36.560 2.892
21.007 39.184 5.105
22.765 37.884 8.228
23.593 39.677 11.500
25.871 38.271 14.233
25.379 39.426 17.845
25.118 38.666 21.580
21.919 40.745 21.782
18.869 38.397 22.111
16.360 41.035 20.946
17.261 41.618 17.284
14.687 39.668 15.268
13.639 42.216 12.592
9.947 41.485 12.992
7.039 43.584 14.230
5.073 40.438 15.109
4.641 40.117 18.887
4.790 36.350 18.485
8.149 36.401 16.710
9.584 38.923 19.179
8.746 36.723 22.155
9.639 33.388 20.535
12.995 34.457 19.115
13.994 36.114 22.405
12.998 32.952 24.284
15.144 30.794 21.996
17.988 33.335 22.084
18.138 33.217 25.896
17.548 29.486 26.433
19.205 27.632 23.552
21.905 25.179 24.674
25.542 26.287 24.595
28.721 24.630 25.852
30.844 27.766 26.289
29.451 28.993 29.616
31.384 32.039 30.798
30.608 34.001 27.648
27.344 35.242 26.171
25.650 33.092 23.534
26.689 33.795 19.942
23.644 34.413 17.747
23.243 34.781 13.983
19.965 36.301 12.789
18.737 36.122 9.221
16.290 38.171 7.159
15.245 36.280 4.039
13.551 37.922 1.078
11.793 35.743 -1.501
9.539 36.805 -4.395
6.387 36.249 -2.333
7.441 37.021 1.248
9.980 37.747 3.976
10.845 35.481 6.914
13.273 35.373 9.836
15.899 32.948 11.102
17.999 32.576 14.238
20.980 30.309 14.709
22.123 29.794 18.289
25.708 28.602 18.428
26.218 25.556 20.651
29.964 25.543 19.851
31.989 28.630 18.850
35.587 29.363 17.832
37.727 32.498 17.663
36.235 33.177 14.220
32.926 34.025 15.902
34.673 35.982 18.676
36.393 38.115 16.045
33.169 38.650 14.120
31.404 39.897 17.256
34.184 42.410 17.933
33.976 43.664 14.350
30.206 43.632 13.845
28.585 43.725 17.301
