-3.270 26.844 3.625
-3.592 23.684 1.549
-5.835 21.237 3.363
-5.675 17.739 1.848
-8.274 14.995 2.117
-7.039 11.424 2.445
-7.456 10.816 -1.293
-5.779 14.178 -2.108
-2.948 13.282 0.282
-2.523 9.869 -1.371
-2.229 11.482 -4.833
0.297 14.212 -3.909
2.908 11.595 -2.931
3.383 10.924 -6.665
3.598 14.705 -7.223
7.074 15.781 -6.101
7.125 18.660 -8.593
4.174 20.382 -6.879
5.513 19.733 -3.362
8.839 21.427 -4.232
7.132 24.686 -5.340
4.659 24.452 -2.452
7.579 24.081 -0.032
9.450 26.944 -1.768
6.439 29.255 -1.114
6.901 28.898 2.698
9.242 31.490 4.276
11.858 30.052 6.650
11.209 32.644 9.394
14.845 32.620 10.556
15.430 35.182 13.271
17.407 38.326 12.612
20.517 38.094 14.887
19.658 41.588 16.225
16.256 40.316 17.517
18.061 38.214 20.137
19.594 40.500 22.774
21.617 37.977 24.753
25.343 38.722 24.548
27.377 35.573 23.763
24.396 33.411 22.951
26.563 32.283 19.990
28.762 30.308 22.364
25.719 28.092 23.097
24.690 27.616 19.411
25.831 24.700 17.292
24.948 26.478 14.052
25.438 30.200 14.228
22.487 31.095 11.975
20.059 28.522 13.420
18.781 30.505 16.364
15.772 30.220 18.632
12.996 32.717 17.915
12.920 34.738 21.165
9.116 34.748 21.599
9.068 30.966 21.894
12.554 30.239 23.276
12.935 27.951 26.249
14.216 30.037 29.111
16.326 28.167 31.610
15.461 28.937 35.211
18.724 28.704 37.142
18.869 30.277 40.614
21.193 33.043 41.810
22.502 34.189 38.449
21.754 37.708 37.141
22.665 37.416 33.415
20.393 36.628 30.434
22.936 34.187 28.966
22.240 31.946 31.992
18.660 31.518 30.742
19.685 30.771 27.187
19.377 27.464 25.372
18.926 26.993 21.591
15.462 25.523 21.995
11.928 26.662 21.300
8.554 25.581 22.505
6.511 24.212 19.637
2.740 24.333 19.567
0.955 21.066 18.872
-2.273 20.136 17.207
-4.919 22.892 17.695
-2.202 25.337 18.806
-1.614 23.312 22.001
1.142 25.287 23.744
4.381 23.470 24.634
3.469 20.187 22.921
7.120 19.972 21.896
10.482 21.499 22.324
12.674 21.590 19.242
16.322 21.972 20.130
19.813 21.488 18.723
22.064 18.568 19.536
23.712 19.389 22.865
27.298 20.598 22.707
29.963 19.822 25.269
29.292 23.199 26.943
25.477 22.870 26.854
24.784 19.346 28.232
23.928 20.591 31.748
21.782 23.301 30.097
19.962 20.593 28.154
19.145 18.587 31.275
18.191 21.752 33.179
15.606 22.179 30.399
14.365 18.560 30.486
14.034 18.736 34.279
12.448 22.221 34.547
9.925 21.557 31.751
9.031 18.062 33.120
9.553 16.503 29.693
8.573 12.805 29.608
10.326 11.908 26.353
13.442 12.864 24.448
13.523 12.025 20.764
17.050 12.035 19.324
17.179 11.852 15.493
20.908 11.935 14.777
24.066 9.886 15.058
26.719 11.610 17.219
28.980 11.850 14.172
27.786 11.909 10.576
31.045 12.971 8.964
30.870 16.074 11.162
30.139 16.090 14.871
26.361 16.494 15.053
25.691 15.941 18.729
27.577 15.104 21.898
27.014 12.032 24.098
24.943 13.762 26.789
23.522 10.823 28.780
25.320 8.323 31.040
25.632 4.518 30.884
24.377 4.134 34.496
24.370 7.477 36.249
25.606 10.988 35.678
25.320 14.369 37.338
24.547 17.280 35.088
24.530 20.502 37.027
21.797 20.124 39.647
20.182 17.214 37.826
21.110 13.569 38.391
20.227 11.212 35.555
19.892 7.489 36.210
19.539 4.845 33.507
16.845 2.465 34.760
16.710 0.274 31.656
17.603 0.006 28.014
15.181 -1.341 25.468
16.271 -2.324 21.944
13.822 -1.916 19.051
14.118 -2.644 15.329
14.702 1.006 14.389
15.774 2.681 17.635
16.969 2.004 21.154
15.315 3.384 24.269
16.933 4.402 27.545
14.444 4.618 30.369
15.782 7.396 32.564
14.937 9.028 35.804
16.037 12.568 36.627
16.478 13.470 40.316
16.962 16.679 42.280
16.627 16.232 46.042
13.381 14.407 46.877
11.975 14.811 43.379
12.024 12.244 40.585
10.955 12.538 36.944
10.851 9.757 34.376
12.223 10.422 30.932
12.048 8.119 27.947
15.035 8.720 25.612
14.597 7.403 22.051
17.594 7.137 19.737
16.854 6.883 16.005
20.231 6.528 14.264
19.429 5.309 10.721
18.554 8.659 9.061
21.009 9.272 6.120
23.426 12.235 6.206
21.626 14.353 3.569
18.889 12.089 2.240
15.578 11.376 3.849
15.040 7.694 4.640
13.689 5.528 1.813
10.961 4.277 4.190
8.842 6.299 6.568
7.790 3.162 8.502
10.677 3.444 11.010
9.852 7.091 11.757
6.104 6.342 11.999
6.904 3.528 14.448
8.826 6.056 16.551
6.026 8.630 16.227
3.470 6.057 17.399
5.579 4.886 20.370
6.095 8.511 21.411
2.380 9.202 20.866
1.618 6.369 23.366
4.094 8.003 25.812
2.291 11.348 25.594
-1.083 9.655 26.317
0.641 7.944 29.284
2.108 11.304 30.393
-0.941 13.500 31.014
-0.118 16.924 32.445
3.596 16.522 31.876
5.795 18.767 29.817
6.717 18.921 26.129
8.286 16.073 24.219
11.861 17.198 23.562
12.895 16.502 19.974
16.291 17.162 18.517
18.661 16.273 15.763
21.761 18.469 15.241
20.448 21.915 14.332
17.013 20.988 15.681
14.969 22.070 12.654
15.317 19.560 9.769
14.661 16.025 11.009
13.182 17.488 14.210
10.717 19.512 12.112
9.922 16.356 10.156
9.165 14.393 13.290
6.997 17.115 14.782
5.189 17.976 11.519
4.400 14.272 11.073
3.245 13.877 14.702
0.791 16.800 14.434
-0.330 15.953 10.894
-1.116 12.360 11.860
-3.042 13.821 14.774
-5.032 15.998 12.332
-5.531 12.904 10.127
-6.900 11.003 13.141
-9.268 13.771 14.357
-10.389 15.569 11.180
-9.815 13.029 8.376
-7.705 15.618 6.561
-4.261 17.149 6.810
-2.915 20.651 6.142
0.833 19.936 5.970
1.522 23.374 4.468
-0.142 25.110 7.429
1.530 22.795 9.898
5.002 23.590 8.608
4.206 27.342 8.585
3.071 27.231 12.209
6.149 25.184 13.102
8.276 27.961 11.578
6.297 30.478 13.610
7.664 28.533 16.600
11.217 27.997 15.343
12.708 29.321 12.101
13.533 26.788 9.408
11.499 23.829 10.719
11.429 21.203 7.925
14.563 22.409 6.272
14.466 20.956 2.718
11.744 20.113 0.149
12.903 16.484 0.278
12.014 16.554 4.022
8.645 18.131 3.215
7.943 15.265 0.785
9.115 12.749 3.334
6.591 14.130 5.806
3.931 13.474 3.163
5.187 9.873 2.765
4.821 9.417 6.514
1.362 11.032 6.648
0.385 8.800 3.716
1.696 5.698 5.421
-0.265 6.687 8.529
-3.429 7.222 6.516
-3.408 3.649 5.118
-3.826 2.370 8.713
-6.836 4.583 9.479
-10.301 3.041 9.431
-12.184 3.774 6.189
-13.243 7.410 6.008
-17.080 7.625 6.500
