22.989 18.556 29.189
21.767 17.427 32.602
18.380 16.613 34.137
17.579 16.989 37.839
15.519 14.905 40.282
14.510 15.736 43.835
14.406 12.997 46.486
10.854 13.427 47.862
8.808 13.627 51.034
9.724 13.090 54.724
12.611 10.719 55.375
11.721 8.541 58.339
14.340 5.822 57.889
16.246 3.429 60.136
19.944 3.585 59.261
19.338 2.789 55.576
21.256 4.174 52.610
18.744 6.425 50.850
21.314 7.825 48.417
22.949 4.414 48.022
19.625 2.780 47.122
19.207 5.248 44.274
22.709 5.535 42.828
23.609 1.837 43.066
21.380 0.759 40.152
22.615 3.694 38.080
26.359 3.519 38.752
26.499 -0.265 38.359
24.859 0.148 34.957
27.013 2.809 33.307
25.016 5.882 34.301
27.040 8.806 35.604
25.602 10.482 38.686
25.884 13.932 40.259
24.554 14.181 43.806
23.823 17.262 45.853
22.773 16.587 49.430
21.024 19.403 51.275
19.729 19.965 54.783
16.301 18.568 53.780
17.517 15.693 51.644
19.112 15.205 48.242
18.914 16.036 44.564
20.337 13.887 41.770
21.361 14.900 38.280
22.070 12.569 35.377
22.828 13.425 31.770
19.620 14.116 29.892
20.464 11.490 27.297
20.407 8.956 30.165
16.915 9.958 31.314
15.040 7.015 29.779
17.532 4.408 30.993
17.634 6.040 34.423
13.863 5.814 34.773
13.814 2.137 33.733
16.612 1.240 36.144
15.135 3.110 39.096
11.667 1.626 38.602
13.081 -1.899 38.398
14.928 -1.135 41.649
11.585 -0.401 43.305
11.663 3.388 43.345
8.703 5.592 42.457
9.094 8.324 39.866
6.990 11.447 39.411
