1.925 -0.455 -2.027
2.938 -3.141 -4.526
5.737 -5.682 -4.598
8.357 -4.827 -7.197
11.524 -6.703 -8.114
14.719 -5.790 -9.916
16.549 -8.591 -11.703
20.184 -7.754 -11.146
22.502 -8.787 -14.017
25.240 -11.339 -13.350
28.259 -9.029 -13.245
30.315 -10.112 -10.267
33.757 -9.338 -11.613
32.522 -7.901 -14.890
32.176 -4.593 -13.087
32.563 -2.900 -9.692
28.885 -2.940 -8.742
27.167 -5.384 -6.387
25.654 -7.156 -9.386
25.718 -10.945 -8.962
22.665 -12.045 -10.905
20.422 -11.874 -7.844
16.995 -10.268 -7.636
16.169 -7.171 -5.616
12.774 -6.996 -3.945
11.281 -3.659 -2.990
7.786 -2.502 -2.128
6.520 0.824 -3.420
3.102 2.396 -4.028
1.830 2.434 -7.605
1.971 6.217 -7.290
5.779 6.232 -7.406
7.793 6.055 -10.598
10.837 4.596 -12.344
12.800 7.591 -11.063
12.735 5.947 -7.634
13.968 2.634 -9.039
16.879 4.051 -11.037
18.105 6.113 -8.082
17.777 3.281 -5.547
19.827 0.990 -7.800
22.409 3.735 -8.297
22.681 3.903 -4.504
22.733 0.147 -3.997
25.122 -0.886 -6.761
26.635 2.425 -7.761
25.537 2.521 -11.395
23.746 5.742 -12.396
20.629 5.634 -14.574
22.853 7.089 -17.293
23.745 3.555 -18.347
21.408 1.538 -16.165
18.278 0.409 -17.977
15.236 -1.011 -16.274
13.137 -3.387 -18.326
9.618 -4.124 -17.139
8.008 -7.019 -18.924
10.369 -6.411 -21.820
9.972 -2.645 -21.844
12.920 -0.345 -21.217
11.177 1.991 -18.816
12.459 5.521 -18.293
12.592 8.081 -15.466
9.774 9.997 -17.157
7.407 7.072 -16.599
5.868 5.720 -13.449
4.796 2.462 -11.898
1.139 3.319 -12.486
2.040 4.177 -16.092
3.069 0.564 -16.693
0.454 -0.758 -14.243
3.105 -2.331 -12.026
0.813 -4.318 -9.749
1.985 -6.634 -6.970
4.660 -8.777 -8.522
6.247 -6.443 -11.055
9.412 -8.081 -12.332
11.861 -5.505 -13.621
15.045 -6.526 -15.380
18.152 -4.485 -14.754
20.586 -4.394 -17.646
23.472 -2.256 -18.805
22.439 0.019 -21.663
25.678 -0.182 -23.627
28.702 -2.274 -22.681
31.635 -0.284 -23.926
