-13.022 4.060 12.543
-10.644 6.422 10.708
-7.256 5.079 9.756
-4.318 6.001 11.871
-2.589 9.076 10.339
0.847 7.296 10.546
-0.577 4.604 8.282
-1.940 7.045 5.742
1.441 8.853 5.806
3.343 5.614 5.201
1.268 4.927 2.085
1.480 8.505 0.856
5.297 8.383 1.146
5.403 4.990 -0.484
3.625 6.448 -3.509
4.893 10.095 -3.638
8.121 10.228 -1.678
11.562 9.648 -2.997
12.947 6.163 -2.425
15.155 7.532 0.360
12.234 9.302 2.004
10.179 6.118 1.977
12.907 3.679 3.083
14.046 5.934 5.881
10.480 6.207 7.073
10.322 2.453 7.077
13.546 2.305 9.064
11.968 4.491 11.799
9.620 1.514 12.463
11.725 -1.525 11.548
15.401 -1.339 10.901
16.092 -4.979 9.955
18.354 -4.921 6.970
16.178 -7.438 5.065
13.102 -5.204 5.566
14.937 -2.099 4.294
16.377 -3.948 1.314
12.895 -5.324 0.395
11.274 -1.962 0.875
13.724 -0.383 -1.595
13.085 -3.067 -4.265
9.359 -2.497 -3.902
9.581 1.299 -3.976
11.891 1.313 -7.023
9.413 -1.029 -8.781
6.371 1.148 -8.021
8.186 4.327 -9.202
9.281 2.611 -12.481
5.969 0.803 -13.137
3.535 3.660 -12.188
3.125 6.897 -14.180
2.025 10.129 -12.553
-1.551 9.353 -13.668
-1.277 5.889 -12.083
-0.077 7.476 -8.803
-2.932 10.026 -8.965
-5.402 7.187 -9.455
-3.965 5.168 -6.470
-4.305 8.248 -4.328
-7.915 8.855 -5.382
-8.749 5.239 -4.639
-7.088 5.421 -1.261
-9.188 8.485 -0.528
-12.297 6.432 -1.352
-11.112 3.832 1.197
-10.351 6.300 3.954
-13.808 7.919 3.613
-15.803 4.704 3.025
-18.384 3.628 5.682
-16.619 0.254 5.526
-13.614 2.120 6.927
-15.024 4.841 9.126
-18.261 3.477 10.476
