32.474 5.709 63.990
30.966 5.144 67.426
29.504 1.665 67.779
26.107 0.909 69.374
25.985 -0.272 72.964
23.251 -2.887 72.495
21.069 -5.125 74.687
17.638 -6.755 74.937
14.714 -6.315 77.344
11.815 -8.608 78.285
8.404 -7.075 78.934
5.208 -8.874 79.951
1.785 -8.071 78.490
5.366 -10.853 75.586
7.332 -8.029 73.964
11.104 -8.197 73.477
12.932 -4.911 72.842
16.311 -4.586 71.055
18.183 -1.399 72.079
21.060 0.361 70.289
22.590 3.337 72.114
25.231 6.042 71.686
26.065 5.168 68.106
27.316 7.496 65.399
26.777 7.807 62.401
23.018 7.508 62.611
22.692 4.929 59.845
21.937 1.716 61.705
19.943 -1.523 61.232
17.735 -3.408 63.713
15.770 -6.519 62.736
14.187 -9.554 64.420
13.869 -13.138 63.244
11.563 -15.955 64.285
13.876 -18.950 64.058
16.437 -17.242 61.841
13.703 -16.168 59.418
13.196 -12.540 58.329
10.217 -11.877 60.609
8.299 -8.853 59.289
4.984 -7.192 60.168
4.336 -8.407 63.732
7.109 -6.074 64.964
7.596 -2.375 65.792
10.067 -0.053 64.015
10.354 3.398 65.709
12.676 6.208 64.635
16.262 7.007 65.506
16.307 9.734 68.164
19.272 11.753 69.508
21.047 10.751 72.703
21.780 14.427 73.230
25.566 14.142 73.053
25.907 13.907 69.284
25.169 10.193 68.957
21.866 8.368 68.526
19.474 5.779 69.896
17.078 3.367 68.257
15.007 0.357 69.245
12.844 -2.367 67.742
10.511 -4.772 69.443
8.215 -7.689 68.789
5.384 -9.623 70.355
5.961 -13.303 71.106
3.942 -16.006 73.026
4.719 -16.149 76.784
7.748 -18.381 77.154
7.953 -19.223 73.434
10.597 -16.472 73.323
14.007 -17.855 72.257
12.692 -18.484 68.726
13.468 -14.766 68.178
16.830 -13.050 67.674
17.628 -9.448 66.770
20.432 -8.532 64.414
22.253 -5.215 64.679
24.256 -3.828 61.770
26.362 -0.668 62.059
29.374 1.014 60.515
31.262 1.007 63.801
31.072 -2.726 64.504
33.568 -5.500 63.680
30.698 -7.344 62.051
26.988 -8.227 62.525
25.844 -8.650 66.102
23.157 -11.047 67.236
21.078 -10.906 70.408
18.475 -13.119 72.082
16.626 -12.810 75.386
19.377 -13.322 77.952
