47.474 101.262 -10.242
48.464 102.556 -6.801
46.966 101.180 -3.587
46.417 102.961 -0.290
44.723 101.358 2.704
42.789 104.275 4.188
41.441 102.307 7.142
42.259 98.879 8.547
38.995 97.490 9.836
37.950 96.085 13.158
35.087 95.087 15.391
33.123 96.786 18.069
30.214 94.724 19.275
28.404 94.330 22.518
25.285 92.114 22.119
22.135 94.231 22.523
24.014 97.517 23.096
26.617 98.397 20.534
27.242 97.654 16.942
30.141 99.572 15.490
31.849 97.073 13.208
33.864 98.850 10.555
35.525 97.497 7.441
38.894 98.114 5.940
38.712 100.829 3.265
40.869 100.468 0.152
41.638 103.322 -2.210
43.056 102.862 -5.719
44.214 105.326 -8.336
44.357 104.205 -11.963
44.463 106.647 -14.848
41.597 109.087 -14.164
39.791 106.743 -11.783
39.643 107.150 -8.037
38.351 103.878 -6.695
37.136 102.742 -3.293
36.598 99.121 -2.309
34.347 98.862 0.780
33.845 102.531 1.818
33.251 101.460 5.384
31.218 102.554 8.341
30.304 105.827 9.996
32.667 105.197 12.884
35.705 105.614 10.526
34.692 109.195 9.669
37.616 110.893 11.470
40.175 108.540 9.904
38.684 109.036 6.460
38.646 112.808 6.920
42.354 112.727 7.705
43.242 110.416 4.774
41.160 112.369 2.244
42.883 115.546 3.467
46.308 113.930 3.010
45.355 112.777 -0.497
44.038 116.231 -1.402
40.710 114.834 -2.577
37.051 115.189 -1.759
34.315 112.535 -1.742
33.111 114.198 -4.986
36.283 112.968 -6.710
35.517 109.303 -6.141
34.525 107.759 -9.492
34.027 104.076 -8.598
32.993 102.157 -5.492
33.012 98.368 -5.253
31.476 96.233 -2.515
32.627 92.864 -1.294
29.098 92.562 -0.009
26.032 94.382 1.255
26.632 94.598 4.984
26.301 97.979 6.603
29.801 98.053 8.168
31.203 97.808 4.595
28.763 99.988 2.634
27.431 102.770 4.872
29.937 105.429 3.747
28.764 104.901 0.132
26.294 107.713 0.925
29.243 110.156 0.698
30.087 109.470 -2.957
27.472 111.181 -5.129
29.481 110.938 -8.369
30.534 107.299 -8.171
29.466 104.247 -10.072
28.724 101.430 -7.655
29.646 97.783 -8.323
27.980 94.881 -6.570
27.079 91.253 -7.310
23.689 90.980 -9.014
22.235 88.518 -6.498
21.982 91.297 -3.851
18.726 92.251 -5.585
17.219 88.909 -4.445
17.492 89.843 -0.752
14.663 91.530 1.107
16.512 94.146 3.160
13.259 95.404 4.714
12.993 92.057 6.423
16.261 92.743 8.391
14.155 94.483 11.066
12.123 97.658 11.058
15.034 99.958 12.047
17.957 98.096 10.446
15.976 97.420 7.264
15.271 101.133 7.004
18.947 102.006 7.210
19.890 99.385 4.544
17.145 100.628 2.272
18.208 104.252 2.538
21.856 103.421 1.822
21.045 101.137 -1.108
18.616 103.703 -2.549
21.370 106.296 -2.661
23.245 104.335 -5.367
22.104 106.051 -8.557
24.499 104.327 -10.994
25.064 100.660 -10.354
26.981 98.013 -12.286
25.809 94.477 -11.519
28.595 91.884 -11.393
28.449 88.083 -11.786
32.030 87.107 -10.924
35.053 86.491 -13.178
34.969 90.057 -14.611
38.280 91.799 -15.209
37.929 95.534 -14.581
40.025 98.710 -15.010
42.191 97.551 -17.899
42.407 94.115 -16.281
43.964 95.474 -13.060
41.040 94.217 -10.966
39.802 90.646 -11.106
36.394 89.887 -9.552
35.655 86.567 -7.881
32.271 85.372 -6.625
33.026 84.045 -3.172
29.620 83.299 -1.581
30.920 81.792 1.712
29.531 84.485 3.952
26.703 86.065 1.913
25.205 85.079 -1.447
26.432 88.308 -3.110
29.914 88.158 -1.668
32.887 89.115 -3.841
36.650 89.098 -3.470
38.961 91.270 -5.594
42.471 90.543 -6.861
44.453 93.666 -7.653
47.623 94.101 -9.699
49.216 97.115 -8.048
52.489 98.905 -8.717
53.309 99.634 -5.073
52.046 96.522 -3.261
52.250 93.832 -5.925
49.390 91.335 -6.258
46.839 92.040 -3.525
43.790 90.024 -2.523
40.909 91.950 -0.945
39.327 88.918 0.745
36.198 90.365 2.201
34.428 88.557 4.992
35.198 85.037 3.867
38.353 85.626 6.003
37.517 88.531 8.328
40.855 88.620 10.104
44.271 86.967 10.458
43.028 84.257 12.806
40.449 83.089 10.262
43.188 82.887 7.684
45.419 80.916 10.048
42.526 78.490 10.668
42.459 77.751 6.936
46.221 77.210 6.838
46.001 74.891 9.849
43.445 72.750 7.947
40.222 73.217 9.902
38.706 76.257 8.207
36.355 76.459 5.201
37.233 74.009 2.474
35.713 76.408 -0.078
37.815 79.326 1.090
40.897 77.148 1.170
40.239 75.988 -2.428
39.709 79.610 -3.439
43.047 80.722 -2.014
44.679 77.790 -3.835
43.084 78.947 -7.080
44.311 82.518 -6.595
47.849 81.254 -6.012
50.909 83.344 -5.102
50.126 86.868 -3.904
52.038 89.613 -2.100
49.329 90.769 0.335
46.095 89.658 1.960
43.824 92.565 2.844
41.265 91.462 5.429
38.122 93.513 6.180
38.536 93.517 10.002
42.244 93.282 10.615
45.594 94.651 9.492
46.801 93.053 6.208
49.228 90.191 6.025
51.946 88.892 3.713
50.959 85.308 3.090
52.831 82.187 4.156
55.236 80.943 1.454
