-39.436 -20.853 24.055
-43.248 -20.627 23.771
-42.962 -17.233 22.071
-39.548 -17.519 20.384
-40.006 -14.531 18.097
-41.216 -12.218 20.853
-38.302 -13.138 23.084
-35.822 -12.704 20.223
-37.350 -9.360 19.273
-36.789 -8.002 22.786
-33.208 -9.233 22.836
-32.393 -7.960 19.324
-33.873 -4.537 20.176
-31.755 -4.389 23.370
-28.654 -5.435 21.396
-29.386 -2.885 18.655
-29.770 -0.164 21.289
-26.385 -1.094 22.788
-24.673 -1.295 19.370
-26.005 2.150 18.439
-24.092 3.630 21.415
-20.709 2.827 19.867
-21.724 2.525 16.224
-19.187 4.202 13.905
-21.975 4.994 11.446
-25.740 5.443 11.646
-27.368 2.210 10.512
-30.546 2.874 8.568
-31.464 -0.762 7.903
-31.456 -3.576 10.460
-33.246 -6.824 11.173
-35.935 -6.907 13.835
-37.772 -10.241 14.047
-41.221 -9.815 12.503
-43.416 -11.523 15.074
-47.031 -12.515 14.982
-49.268 -11.766 17.954
-48.830 -15.327 19.261
-45.105 -14.737 19.628
-44.041 -16.855 16.655
-42.510 -15.656 13.361
-44.506 -14.387 10.431
-43.670 -16.549 7.404
-42.385 -13.389 5.776
-39.378 -11.791 7.495
-38.214 -8.405 6.339
-35.329 -6.135 7.117
-36.491 -2.906 8.735
-35.652 0.098 6.569
-35.541 3.760 7.639
-33.813 5.221 4.574
-36.435 4.930 1.821
-34.919 1.737 0.436
-36.930 -1.464 0.380
-35.681 -3.958 2.953
-34.698 -7.501 1.995
-37.399 -10.044 2.750
-37.248 -13.833 2.928
-39.392 -16.746 4.098
-39.066 -18.644 7.343
-40.664 -21.476 9.245
-43.073 -19.762 11.645
-42.017 -21.932 14.609
-38.306 -21.097 14.506
-37.758 -18.087 12.223
-35.112 -19.871 10.180
-35.032 -19.241 6.453
-36.732 -21.980 4.443
-34.077 -23.545 2.194
-34.688 -22.774 -1.498
-37.074 -19.919 -0.753
-36.466 -16.520 -2.325
-34.884 -13.381 -0.884
-35.799 -10.073 -2.557
-36.307 -6.407 -1.692
-40.071 -6.875 -1.757
-42.718 -9.308 -0.564
-41.440 -12.781 -1.537
-44.994 -14.144 -1.252
-44.154 -16.675 1.466
