18.835 37.830 75.507
22.584 38.294 75.100
22.467 37.969 71.300
19.813 40.718 71.087
21.699 43.022 73.382
25.200 42.666 71.970
24.532 42.206 68.275
22.676 44.048 65.565
20.432 41.108 64.548
18.390 42.897 61.827
21.633 44.040 60.090
23.258 40.598 60.428
20.211 38.749 59.074
20.068 41.100 56.083
23.831 40.615 55.579
23.509 36.812 55.550
20.896 37.036 52.793
22.891 39.536 50.740
26.539 38.440 51.126
26.515 35.133 53.067
28.487 34.222 56.192
32.041 34.232 54.772
32.362 37.991 54.456
31.068 38.290 58.065
33.485 35.664 59.423
36.446 37.051 57.474
35.633 40.591 58.713
35.365 39.252 62.251
38.807 37.590 62.004
40.292 40.925 60.994
38.466 42.690 63.877
39.901 40.192 66.360
43.476 40.779 65.192
43.213 44.556 65.364
41.327 44.981 68.623
44.230 44.221 70.969
46.163 47.135 69.480
43.128 49.477 69.383
42.468 48.864 73.089
46.158 49.351 73.940
46.103 52.734 72.141
42.934 53.731 74.058
44.671 52.898 77.339
47.909 54.713 76.552
45.917 57.811 75.554
43.859 57.549 78.761
47.118 57.519 80.765
48.537 60.512 78.889
45.176 62.310 79.337
45.204 62.912 75.559
41.536 63.702 74.830
41.972 63.965 71.043
43.779 60.582 71.030
40.991 58.947 73.040
38.187 60.372 70.870
40.022 59.415 67.643
40.534 55.800 68.744
36.951 55.599 70.043
35.713 56.650 66.556
37.931 54.041 64.880
36.542 51.273 67.066
32.924 52.489 66.647
33.278 52.135 62.892
35.149 48.803 63.070
32.625 47.247 65.396
29.557 48.577 63.555
30.921 47.031 60.341
30.561 43.521 61.796
27.346 44.007 63.843
28.842 44.387 67.322
26.125 46.863 68.365
27.141 47.144 72.040
30.832 47.691 71.265
29.711 50.284 68.713
27.684 52.083 71.371
30.659 52.083 73.762
32.859 53.580 71.056
30.126 56.191 70.397
30.217 57.174 74.081
34.062 57.270 74.120
34.146 59.609 71.144
31.516 61.977 72.666
33.256 64.489 75.010
30.094 66.653 74.760
28.352 64.264 77.195
28.123 65.569 80.751
29.351 62.200 82.113
32.340 61.867 79.731
35.131 62.955 82.059
33.704 60.861 84.889
33.079 57.724 82.857
35.471 57.490 79.910
38.039 55.409 81.848
35.158 53.053 82.960
33.963 52.668 79.347
37.546 51.935 78.217
37.931 49.255 80.903
34.467 47.810 80.094
35.548 47.552 76.456
38.902 45.957 77.379
37.263 43.348 79.576
34.422 42.294 77.256
35.371 42.544 73.618
36.645 38.987 73.261
33.362 37.752 74.782
31.255 39.839 72.410
33.255 38.315 69.497
32.549 34.812 70.828
28.786 35.584 71.016
28.789 36.748 67.348
30.749 33.656 66.258
28.157 31.436 67.914
25.219 33.321 66.391
26.678 33.054 62.903
27.284 29.330 63.433
23.623 28.785 64.436
22.070 31.017 61.785
23.932 29.201 58.999
