8.080 -14.064 -12.787
4.416 -14.923 -12.166
4.606 -14.070 -8.462
1.692 -13.872 -6.032
1.515 -12.669 -2.381
-0.074 -14.427 0.580
-3.417 -12.625 0.542
-4.561 -15.143 3.158
-1.659 -14.103 5.371
-2.035 -10.463 4.330
-5.751 -10.323 5.185
-6.294 -7.045 7.014
-3.699 -4.982 5.158
-5.126 -1.459 5.154
-1.855 0.477 5.105
1.893 0.193 4.559
5.033 1.697 6.092
8.648 1.395 4.968
11.298 0.951 7.662
14.914 1.907 6.957
18.006 3.299 8.686
17.610 7.070 8.646
21.286 7.716 9.268
22.102 5.350 6.413
21.909 5.546 2.619
20.873 3.099 -0.103
23.473 4.228 -2.642
24.165 0.594 -3.489
20.417 0.082 -3.857
19.966 3.082 -6.194
16.640 1.576 -7.197
15.340 1.020 -3.655
16.438 4.514 -2.559
14.238 5.904 -5.329
11.030 4.194 -4.190
11.829 5.443 -0.701
12.402 9.086 -1.655
10.099 10.135 -4.496
7.075 7.860 -4.933
6.930 6.847 -1.260
5.451 10.312 -0.623
3.056 10.121 -3.552
1.716 6.755 -2.417
-1.159 7.295 0.013
-1.166 5.408 3.331
2.480 4.680 2.499
4.950 6.547 4.699
8.707 6.261 5.162
10.444 5.587 8.478
13.879 6.406 9.874
15.046 3.654 12.229
18.366 3.661 14.170
19.801 0.979 11.906
17.458 -1.351 10.032
16.965 -2.679 6.499
14.631 -1.076 3.890
11.599 -3.354 4.210
7.915 -2.631 3.599
5.474 -3.099 6.482
1.913 -3.891 5.427
0.098 -3.059 8.660
-3.598 -3.371 9.520
-4.974 0.169 9.895
-4.245 0.414 13.640
-0.567 -0.082 12.747
-0.998 -3.806 13.339
2.061 -4.906 11.352
0.770 -7.924 9.432
3.755 -8.639 7.195
7.164 -7.267 6.240
8.980 -7.882 2.952
12.507 -6.787 1.881
12.913 -4.270 -0.939
16.717 -4.168 -1.116
16.583 -7.291 -3.260
14.000 -6.064 -5.769
14.216 -2.971 -7.974
12.156 0.231 -7.766
10.240 -0.802 -10.895
9.371 -4.132 -9.258
8.720 -2.690 -5.802
6.243 -0.248 -7.361
4.458 -3.074 -9.136
3.761 -4.752 -5.801
2.333 -1.593 -4.212
-0.022 -1.264 -7.171
-0.871 -4.954 -6.973
-2.182 -4.396 -3.447
-4.276 -1.339 -4.233
-2.247 1.613 -2.946
-3.001 4.983 -4.549
-0.445 7.164 -6.335
-0.685 10.918 -6.932
1.448 13.547 -8.659
2.047 15.542 -5.482
1.777 15.135 -1.672
-0.689 18.016 -1.458
-2.805 16.301 -4.117
-6.201 14.770 -3.358
-7.674 11.306 -3.905
-10.920 10.373 -5.760
-13.754 8.554 -3.895
-12.771 5.394 -5.767
-9.541 5.124 -3.783
-10.619 7.433 -0.959
-10.204 4.709 1.675
-7.843 2.633 -0.462
-6.270 0.233 -0.058
-9.056 -0.377 2.461
-12.717 -0.992 1.628
-15.489 1.606 2.248
-17.741 1.258 5.352
-20.791 -0.994 5.132
-23.304 1.668 6.139
-22.785 3.910 3.108
-23.707 2.040 -0.072
-26.579 0.125 1.523
-30.157 1.390 1.260
-33.587 -0.162 1.807
-35.730 2.620 3.271
