25.855 86.998 11.956
22.655 87.269 9.875
20.879 90.618 10.323
17.715 90.536 8.246
16.304 87.057 7.824
13.634 85.495 5.619
12.165 82.278 7.032
9.938 79.935 5.024
8.203 77.128 6.938
7.960 78.881 10.310
4.891 76.839 11.319
6.621 73.459 10.923
8.313 72.121 14.046
11.875 72.887 12.882
10.661 76.314 11.728
9.102 77.081 15.116
12.312 76.212 16.976
14.382 78.195 14.467
12.131 81.267 14.647
12.231 81.313 18.452
16.057 81.057 18.286
16.340 83.814 15.630
14.204 86.162 17.776
16.407 85.543 20.825
19.607 86.676 19.082
20.607 90.166 20.249
22.187 91.050 16.854
19.094 90.086 14.816
17.724 93.161 13.014
14.534 91.783 11.428
12.857 88.483 10.512
10.205 88.147 7.836
8.192 84.963 8.297
5.344 84.564 5.806
3.103 81.766 7.128
-0.412 80.229 7.014
-0.988 81.161 10.659
-0.396 84.133 12.949
2.781 83.890 14.971
3.158 85.729 18.293
4.000 89.401 17.808
7.543 90.701 18.238
8.883 94.159 17.322
11.483 92.581 14.989
9.035 90.156 13.340
7.140 90.813 10.107
4.595 88.008 9.783
2.211 88.266 6.834
-0.456 85.541 7.053
-1.695 83.615 4.008
-0.500 81.214 1.282
3.267 81.499 0.721
3.227 81.623 -3.109
0.890 84.662 -3.098
2.716 86.332 -0.181
6.221 86.229 -1.725
5.618 89.084 -4.220
4.067 91.212 -1.425
7.203 91.156 0.750
8.779 94.534 1.389
12.147 94.990 3.069
15.708 93.805 2.661
17.140 90.360 3.497
20.713 89.108 3.848
19.990 85.535 4.935
17.147 83.138 4.060
16.101 79.773 5.528
13.793 77.217 3.949
12.307 74.608 6.304
9.621 73.282 3.905
9.096 69.617 3.099
6.188 67.208 2.704
5.591 63.651 1.432
3.612 62.195 -1.489
1.129 60.669 0.970
0.497 63.930 2.869
0.410 66.016 -0.323
-1.846 63.580 -2.201
0.104 63.373 -5.462
3.587 63.579 -6.938
2.547 66.943 -8.425
1.423 68.367 -5.057
4.625 67.080 -3.475
6.758 68.759 -6.166
4.920 72.029 -5.552
5.989 72.055 -1.857
9.427 70.429 -2.041
10.660 71.882 -5.356
8.638 74.856 -6.591
8.247 76.737 -3.323
11.828 76.475 -2.054
12.959 77.665 -5.484
10.478 80.584 -5.428
11.594 81.565 -1.909
15.217 81.568 -3.110
14.459 83.655 -6.196
12.561 86.222 -4.154
15.205 86.312 -1.380
17.857 87.217 -3.981
15.620 90.044 -5.258
15.423 91.326 -1.672
19.231 91.375 -1.455
20.013 88.026 0.141
23.580 86.664 0.041
23.127 83.317 1.862
20.363 80.709 1.492
20.137 77.743 3.863
17.798 75.006 2.701
16.624 71.780 4.300
17.098 69.014 1.753
17.624 65.372 2.811
20.159 62.593 3.145
20.609 60.930 -0.268
19.251 63.819 -2.341
20.330 63.044 -5.921
18.741 64.116 -9.198
19.786 60.797 -10.773
18.231 58.641 -8.050
15.522 56.088 -8.928
13.892 57.071 -5.634
11.274 59.749 -6.350
11.683 61.650 -3.070
15.501 61.705 -3.351
15.296 62.639 -7.031
13.101 65.694 -6.423
15.355 66.837 -3.576
18.389 66.496 -5.842
16.623 68.393 -8.638
15.973 71.217 -6.181
19.630 71.253 -5.094
20.772 71.552 -8.713
18.200 74.256 -9.498
19.306 76.275 -6.446
22.887 76.162 -7.702
21.752 77.974 -10.870
20.117 80.920 -9.067
23.358 82.881 -8.437
23.778 82.490 -4.660
26.982 84.001 -3.280
26.601 81.390 -0.527
24.351 78.349 -0.452
24.173 75.859 2.412
22.195 72.675 1.844
21.391 70.625 4.949
20.844 66.912 4.360
19.346 65.552 7.607
18.559 61.868 7.972
15.440 60.673 6.162
14.307 58.688 9.195
14.574 59.152 12.945
13.276 57.605 16.162
14.424 54.458 17.996
13.327 52.221 15.091
13.750 54.811 12.287
9.949 54.932 12.257
9.513 58.694 11.839
10.092 60.601 8.609
12.067 63.834 8.328
9.064 65.593 6.755
7.184 65.274 10.084
9.405 68.023 11.525
9.020 70.115 8.402
5.701 70.689 6.595
4.114 67.224 6.955
3.423 66.527 10.630
1.202 63.589 11.523
-0.214 64.069 15.059
6.106 63.736 19.600
9.040 63.383 22.037
11.740 62.518 19.463
10.182 65.059 17.104
10.939 67.963 19.439
14.510 66.780 19.966
15.125 66.405 16.221
13.542 69.773 15.406
15.468 71.492 18.166
18.765 69.982 16.961
18.134 70.736 13.294
17.140 74.343 14.030
20.311 74.839 16.096
22.426 73.401 13.272
20.792 75.712 10.709
21.444 78.841 12.769
25.068 77.801 13.437
25.575 77.225 9.711
24.234 80.727 9.045
27.100 82.158 11.135
29.726 80.615 8.892
30.935 83.113 6.307
31.790 81.582 2.962
31.448 81.647 -0.790
29.948 78.865 -2.881
28.007 75.723 -2.050
28.202 73.500 1.042
26.321 70.239 1.598
26.040 69.424 5.309
25.414 65.751 5.956
23.571 64.107 8.841
26.628 63.450 11.086
27.759 67.068 10.642
24.283 68.336 11.474
24.259 66.113 14.588
27.542 67.623 15.807
26.346 71.162 15.098
22.865 70.565 16.499
23.659 68.503 19.604
