-39.258 -38.486 -42.424
-36.491 -39.124 -39.846
-32.757 -38.308 -40.213
-31.823 -34.776 -41.521
-28.132 -35.453 -41.873
-29.089 -36.833 -45.297
-32.222 -34.954 -46.562
-31.870 -33.591 -50.041
-32.302 -30.070 -51.265
-35.836 -29.145 -52.522
-37.616 -25.841 -53.152
-40.253 -23.310 -52.303
-42.440 -20.277 -52.063
-44.324 -21.066 -48.850
-44.688 -17.496 -47.639
-47.766 -17.987 -45.370
-47.518 -20.905 -42.892
-49.921 -23.883 -42.408
-51.377 -25.576 -39.277
-53.823 -28.323 -40.392
-53.407 -32.093 -40.659
-54.839 -35.491 -39.840
-56.434 -35.350 -36.404
-57.030 -39.000 -35.153
-59.853 -39.148 -32.554
-60.126 -42.175 -30.142
-61.542 -41.273 -26.678
-62.095 -44.522 -24.565
-64.556 -44.863 -21.620
-63.577 -46.394 -18.307
-63.566 -49.471 -16.024
-63.868 -49.922 -12.225
-60.131 -49.380 -12.064
-60.675 -45.687 -12.306
-59.472 -46.044 -8.754
-56.060 -45.993 -10.275
-56.430 -42.836 -12.227
-57.558 -41.527 -8.878
-54.217 -42.725 -7.432
-52.423 -40.936 -10.195
-54.368 -37.817 -9.324
-53.010 -37.860 -5.741
-49.380 -38.329 -6.722
-50.039 -35.717 -9.306
-51.354 -33.329 -6.671
-48.754 -34.144 -4.064
-45.935 -33.222 -6.349
-47.764 -29.929 -6.991
-48.368 -29.122 -3.328
-44.535 -29.296 -2.866
-42.280 -28.356 -5.617
-41.728 -24.683 -4.952
-42.580 -22.072 -7.624
-42.291 -18.255 -7.764
-45.662 -16.727 -6.770
-45.092 -14.170 -9.621
-43.553 -15.535 -12.879
-40.738 -14.196 -15.137
-42.973 -12.925 -17.987
-45.058 -10.932 -15.418
-41.919 -8.909 -14.599
-43.348 -5.750 -12.862
-21.789 -2.784 -19.226
-20.019 -5.339 -16.918
-21.725 -7.612 -14.340
-20.692 -6.789 -10.726
-21.030 -4.500 -7.625
-23.645 -2.088 -6.135
-24.503 -1.503 -2.434
-27.742 -2.568 -0.726
-27.705 -3.165 3.030
-31.356 -3.602 3.956
-31.634 -5.592 7.184
-34.521 -8.008 7.863
-33.348 -10.851 10.081
-33.060 -14.156 11.902
-32.271 -17.559 10.362
-32.698 -20.048 13.145
-32.290 -23.471 11.458
-34.369 -26.033 13.389
-33.855 -29.763 12.557
-31.957 -29.216 9.279
-34.830 -27.053 8.139
-34.053 -23.309 8.554
-36.861 -21.061 9.782
-36.159 -17.356 9.228
-38.737 -15.650 11.562
-40.295 -12.263 10.820
-37.599 -9.533 10.350
-37.993 -8.532 14.009
-38.834 -11.532 16.156
-41.977 -13.518 15.603
-43.141 -16.957 16.745
-44.539 -18.453 13.546
-41.873 -17.470 10.946
-42.512 -17.121 7.190
-44.387 -20.282 8.327
-43.771 -22.565 5.360
-42.439 -26.040 4.406
-43.684 -29.523 5.284
-41.545 -31.488 7.712
-39.101 -34.268 6.897
-41.277 -37.156 8.020
-44.334 -36.631 5.922
-42.226 -36.144 2.899
-41.024 -39.631 3.793
-44.519 -41.024 4.298
-45.782 -39.360 1.096
-42.752 -40.954 -0.500
-43.816 -44.319 0.619
-47.260 -43.517 -0.641
-45.961 -42.809 -4.132
-43.714 -45.790 -3.783
-46.731 -48.017 -3.265
-48.981 -46.935 -6.118
-45.822 -46.882 -8.187
-45.468 -50.680 -8.080
-49.012 -51.627 -7.302
-50.165 -54.264 -9.810
-52.999 -52.969 -11.973
-51.686 -49.434 -12.108
-48.354 -50.581 -13.602
-50.484 -52.214 -16.270
-52.701 -49.255 -17.035
-49.739 -46.939 -17.362
-47.796 -49.284 -19.626
-50.893 -49.613 -21.819
-51.198 -45.835 -21.922
-47.505 -45.102 -22.604
-47.089 -47.463 -25.436
-50.453 -46.223 -26.607
-48.900 -42.776 -26.444
-46.094 -43.898 -28.775
-48.252 -45.402 -31.459
-50.255 -42.282 -31.859
-47.162 -40.212 -32.318
-45.966 -42.703 -34.966
-49.317 -42.820 -36.733
-49.212 -39.040 -36.727
-45.794 -39.124 -38.267
-47.210 -41.368 -40.914
-49.949 -38.927 -41.717
-48.137 -35.669 -41.305
-44.333 -35.811 -41.372
-44.317 -34.008 -44.674
-46.875 -31.560 -43.508
-44.278 -30.807 -40.821
-41.366 -30.926 -43.157
-42.819 -28.294 -45.348
-44.149 -25.927 -42.693
-40.515 -25.432 -41.704
-39.934 -24.112 -45.204
-42.036 -21.073 -44.547
-39.527 -19.887 -41.960
-36.792 -19.847 -44.644
-34.327 -18.345 -42.362
-34.355 -20.689 -39.461
-32.878 -24.138 -39.785
-30.944 -26.250 -37.254
-27.897 -24.088 -36.710
-29.932 -20.834 -36.270
-31.981 -22.319 -33.476
-30.592 -21.722 -29.990
-30.069 -24.978 -28.139
-28.936 -25.399 -24.503
-26.559 -27.961 -22.979
-28.883 -28.575 -20.085
-26.499 -30.920 -18.202
-22.756 -30.304 -18.288
-20.207 -30.560 -15.571
-17.907 -27.605 -15.573
-14.454 -28.995 -15.833
-15.183 -31.744 -18.267
-16.373 -28.930 -20.521
-13.369 -28.618 -22.824
-11.817 -30.697 -25.545
-8.576 -32.294 -24.789
-6.803 -30.932 -27.865
-7.542 -27.493 -26.307
-7.006 -28.404 -22.625
-3.866 -30.232 -23.510
-2.488 -27.460 -25.659
-3.341 -25.092 -22.808
-1.056 -27.095 -20.552
1.548 -28.075 -23.098
1.907 -24.293 -23.596
1.789 -22.854 -20.071
4.728 -25.192 -19.474
6.871 -23.944 -22.329
6.016 -20.260 -21.868
6.477 -20.296 -18.081
8.198 -23.313 -16.481
9.691 -22.046 -13.202
6.422 -20.606 -11.773
5.424 -21.850 -8.312
2.179 -23.714 -8.725
1.824 -26.131 -5.920
3.407 -26.995 -2.617
3.264 -30.693 -1.958
5.904 -33.056 -0.454
8.101 -30.551 1.376
8.548 -27.498 -0.822
6.773 -25.400 -3.413
7.486 -26.771 -6.847
7.672 -24.819 -10.105
5.872 -26.237 -13.121
8.849 -27.934 -14.719
9.258 -29.580 -11.345
5.799 -31.041 -10.902
6.166 -32.494 -14.401
9.603 -34.100 -14.196
8.347 -34.952 -10.745
5.697 -37.187 -12.235
8.219 -37.925 -14.930
5.961 -38.901 -17.841
5.661 -35.271 -19.038
5.398 -32.742 -21.895
5.087 -33.963 -25.478
3.936 -37.180 -23.823
1.153 -35.659 -21.781
-2.383 -36.745 -22.612
-5.797 -36.557 -21.031
-5.717 -40.250 -20.044
-4.725 -41.097 -16.429
-1.950 -38.573 -16.714
-3.193 -37.137 -13.446
-0.871 -39.418 -11.526
-0.714 -37.758 -8.048
0.538 -36.608 -4.742
2.288 -39.462 -6.340
3.365 -42.899 -5.225
1.890 -46.220 -4.199
-0.559 -44.480 -1.903
-4.020 -45.831 -2.499
-6.745 -43.995 -4.243
-9.345 -45.362 -6.600
-9.734 -43.260 -9.691
-12.790 -44.654 -11.259
-14.523 -41.520 -12.460
-16.995 -40.156 -10.002
-14.267 -39.725 -7.452
-12.077 -38.283 -10.108
-14.484 -35.291 -10.283
-16.820 -35.572 -7.281
-14.257 -36.193 -4.515
-12.308 -33.073 -3.586
-9.385 -34.836 -2.003
-6.855 -37.508 -2.709
-6.505 -35.504 -5.842
-3.743 -35.527 -8.445
-1.251 -32.807 -9.271
-1.977 -31.360 -12.708
-5.612 -31.822 -11.782
-5.217 -29.677 -8.658
-3.425 -27.083 -10.729
-5.426 -26.980 -13.967
-8.804 -28.355 -13.174
-9.721 -26.810 -9.839
-10.255 -23.436 -8.128
-9.756 -24.033 -4.401
-6.107 -24.656 -5.162
-2.917 -22.633 -4.713
-2.660 -20.142 -7.525
-6.317 -19.422 -6.694
-7.646 -20.670 -10.023
-5.557 -18.491 -12.306
-5.513 -21.570 -14.550
-8.983 -23.177 -14.381
-10.577 -19.789 -14.679
-8.147 -18.707 -17.308
-9.355 -21.753 -19.231
-13.021 -21.183 -18.695
-12.718 -17.807 -20.328
-11.486 -19.131 -23.635
-14.245 -21.629 -23.323
-16.830 -18.889 -23.006
-15.327 -16.783 -25.811
-15.543 -19.714 -28.263
-18.942 -20.497 -26.785
-20.123 -16.977 -27.460
-18.590 -17.536 -30.860
-21.095 -19.954 -32.346
-23.782 -17.722 -30.857
-26.470 -20.397 -30.474
-25.110 -23.008 -28.054
-25.770 -22.215 -24.422
-24.530 -23.969 -21.297
-25.779 -24.856 -17.851
-22.391 -25.652 -16.312
-22.342 -27.603 -13.048
-19.993 -26.237 -10.315
-19.365 -27.896 -6.938
-19.694 -27.194 -3.225
-19.018 -30.016 -0.858
-20.104 -28.304 2.286
-17.093 -29.205 4.417
-16.094 -25.527 4.783
-18.381 -22.504 5.306
-15.984 -20.687 3.015
-16.682 -22.706 -0.157
-19.633 -20.468 -1.074
-17.962 -17.021 -0.731
-14.703 -18.763 -1.588
-16.139 -19.838 -4.895
-18.087 -16.632 -5.468
-14.964 -14.563 -5.373
-13.428 -17.019 -7.814
-16.044 -15.999 -10.364
-15.692 -12.282 -9.939
-11.982 -11.741 -9.561
-11.763 -13.578 -12.904
-14.699 -11.796 -14.597
-16.439 -15.079 -15.400
-19.670 -14.185 -17.079
-21.386 -14.922 -20.315
-24.793 -14.371 -21.746
-24.795 -18.037 -22.758
-23.656 -19.560 -19.465
-25.426 -19.905 -16.123
-24.549 -22.131 -13.180
-25.915 -24.848 -11.020
-24.266 -25.737 -7.752
-23.552 -29.446 -7.376
-23.020 -30.882 -3.974
-21.577 -34.389 -4.057
-23.298 -36.749 -1.556
-19.993 -37.686 0.170
-20.694 -37.058 3.818
-19.368 -40.494 4.731
-15.965 -39.388 3.436
-16.173 -36.071 5.231
-16.942 -38.108 8.406
-13.837 -40.171 8.327
-11.770 -37.149 7.564
-13.170 -35.845 10.854
-13.794 -32.437 9.206
-17.494 -32.692 9.902
-19.303 -34.369 12.759
-22.953 -34.872 11.769
-24.873 -34.487 8.522
-26.253 -31.219 9.853
-22.836 -29.515 9.380
-23.296 -29.744 5.635
-26.740 -28.215 5.526
-24.996 -25.575 7.544
-22.146 -25.110 5.031
-24.451 -24.466 2.048
-27.726 -23.200 3.410
-26.351 -20.384 5.465
-23.409 -18.860 3.667
-26.343 -18.053 1.465
-29.259 -16.850 3.490
-26.650 -14.774 5.166
-26.012 -13.324 1.769
-29.753 -12.881 1.252
-30.621 -11.019 4.414
-27.575 -8.815 4.235
-26.360 -8.640 0.671
-23.257 -6.744 1.725
-22.255 -9.263 4.399
-21.533 -11.557 1.459
-21.064 -9.207 -1.507
-19.740 -10.489 -4.885
-21.331 -13.702 -3.776
-24.446 -11.856 -4.803
-23.102 -10.848 -8.178
-22.550 -14.586 -8.426
-25.971 -15.875 -7.315
-27.640 -13.678 -9.982
-25.968 -16.190 -12.201
-26.608 -19.323 -10.174
-29.818 -20.914 -11.390
-30.257 -24.244 -9.626
-28.957 -26.745 -7.084
-27.804 -30.134 -8.548
-26.622 -32.926 -6.145
-24.469 -35.981 -7.133
-22.296 -39.179 -7.134
-22.330 -42.772 -8.411
-26.027 -43.539 -8.194
-25.377 -47.254 -7.816
-23.516 -47.233 -4.522
-25.800 -49.317 -2.240
-28.093 -47.831 0.424
-30.643 -48.567 3.157
-33.803 -46.966 1.754
-35.106 -44.596 4.520
-38.065 -45.449 6.702
-40.559 -42.961 8.166
-39.496 -42.359 11.749
-36.141 -41.008 10.491
-33.170 -39.577 12.543
-32.855 -35.796 12.302
-29.901 -34.336 10.365
-28.010 -33.692 13.613
-28.752 -37.091 15.188
-27.005 -38.489 12.176
-23.529 -39.074 13.490
-23.161 -42.705 12.534
-20.528 -43.835 10.045
-22.725 -44.124 6.925
-23.868 -41.829 4.157
-27.476 -40.830 4.450
-29.720 -42.272 1.793
-30.700 -40.373 -1.372
-34.243 -39.441 -0.461
-32.836 -38.057 2.752
-30.403 -35.918 0.858
-32.935 -34.275 -1.407
-35.400 -33.754 1.366
-33.361 -31.473 3.593
-31.823 -30.218 0.354
-35.310 -29.353 -0.706
-36.824 -27.646 2.306
-33.846 -25.416 2.816
-33.589 -24.627 -0.847
-37.335 -23.983 -0.560
-37.776 -21.893 2.550
-34.746 -19.938 1.379
-36.319 -19.585 -2.081
-39.586 -18.300 -0.663
-37.679 -15.285 0.650
-35.047 -14.371 -1.949
-38.325 -14.107 -3.774
-39.739 -12.175 -0.856
-36.811 -9.704 -1.033
-36.981 -9.644 -4.815
-33.715 -11.502 -5.517
-32.964 -14.366 -7.935
-34.065 -17.858 -6.836
-32.509 -21.290 -7.323
-34.180 -24.415 -8.519
-33.701 -28.000 -7.434
-32.354 -29.883 -10.467
-30.940 -33.249 -9.111
-28.997 -35.837 -11.049
-31.445 -38.754 -10.606
-32.305 -42.172 -11.959
-29.121 -42.973 -13.838
-28.571 -46.179 -11.908
-29.556 -47.238 -8.405
-32.984 -47.780 -6.931
-36.346 -46.833 -8.374
-37.219 -44.609 -5.402
-34.718 -41.951 -6.392
-37.143 -40.934 -9.090
-40.265 -41.373 -6.957
-38.869 -38.814 -4.480
-37.298 -36.733 -7.148
-40.792 -36.592 -8.778
-42.344 -35.174 -5.628
-39.824 -32.436 -5.129
-37.804 -31.170 -8.097
-37.893 -29.140 -11.250
-35.895 -30.722 -14.133
-33.769 -33.867 -13.548
-30.537 -35.066 -14.966
-31.051 -38.586 -15.858
-34.251 -40.563 -15.949
-32.634 -43.595 -17.581
-34.487 -45.554 -14.987
-37.927 -44.277 -15.762
-37.588 -47.117 -18.257
-38.238 -49.644 -15.525
-41.435 -48.176 -14.100
-44.515 -47.655 -16.221
-46.081 -45.607 -13.561
-43.317 -43.077 -12.787
-42.750 -42.752 -16.449
-46.389 -41.988 -16.938
-46.437 -39.325 -14.228
-43.407 -37.635 -15.550
-45.404 -37.483 -18.806
-48.430 -35.814 -17.307
-46.544 -33.559 -14.994
-44.149 -32.782 -17.872
-41.105 -33.022 -15.668
-38.435 -32.733 -18.332
-35.302 -34.837 -18.577
-31.800 -33.594 -19.445
-30.165 -36.752 -20.909
-26.644 -37.636 -21.985
-26.893 -40.794 -24.113
-23.397 -40.714 -25.299
-22.148 -40.593 -21.746
-24.740 -43.002 -20.296
-23.254 -45.294 -22.914
-19.861 -45.256 -21.158
-20.772 -47.321 -18.114
-24.447 -47.820 -17.225
-26.058 -48.452 -20.626
-25.473 -49.596 -24.223
-26.187 -46.779 -26.638
-28.760 -48.579 -28.663
-30.560 -49.731 -25.496
-30.999 -46.173 -24.179
-34.586 -45.060 -23.723
-34.303 -41.481 -24.967
-35.809 -41.897 -28.462
-38.637 -43.750 -26.862
-39.164 -41.189 -24.157
-39.134 -38.747 -26.995
-41.789 -40.527 -28.993
-44.086 -40.706 -26.091
-43.738 -36.978 -25.607
-41.807 -36.798 -22.354
-40.015 -33.485 -21.832
-36.625 -34.780 -22.979
-33.445 -32.875 -23.881
-30.075 -33.965 -25.145
-27.112 -33.051 -22.979
-23.445 -33.610 -22.742
-21.992 -34.452 -19.286
-18.201 -34.649 -19.846
-17.263 -33.279 -23.228
-13.660 -33.823 -22.256
-13.853 -37.568 -21.857
-16.687 -38.128 -24.291
-16.688 -36.204 -27.580
-14.538 -36.125 -30.725
-15.516 -32.721 -32.097
-14.713 -29.114 -31.653
-18.491 -28.715 -31.215
-19.454 -31.135 -28.367
-23.232 -31.144 -28.014
-24.133 -30.487 -31.602
-22.185 -33.656 -32.162
-24.516 -35.146 -29.576
-27.630 -34.157 -31.453
-25.892 -35.364 -34.600
-25.050 -38.963 -33.622
-28.439 -39.073 -31.959
-30.278 -37.961 -35.035
-28.418 -40.699 -36.915
-28.786 -43.801 -34.822
-32.343 -43.058 -33.761
-33.316 -41.545 -37.161
-34.533 -38.082 -36.180
-35.720 -35.351 -38.580
-34.978 -31.681 -38.053
-38.452 -30.954 -36.812
-37.366 -33.634 -34.359
-34.029 -32.083 -33.300
-35.507 -28.649 -33.435
-38.318 -29.885 -31.285
-35.651 -31.090 -28.937
-33.376 -28.079 -28.989
-36.443 -25.873 -28.636
-37.607 -27.522 -25.438
-34.060 -27.765 -24.166
-34.571 -24.042 -23.631
-37.958 -24.391 -21.977
-36.163 -26.593 -19.500
-33.419 -23.988 -19.063
-32.889 -21.388 -16.328
-32.304 -18.183 -18.316
-34.014 -14.760 -18.127
-37.412 -14.160 -19.653
-35.604 -11.481 -21.608
-33.595 -14.078 -23.409
-36.127 -16.836 -23.681
-38.485 -14.435 -25.466
-35.732 -13.419 -27.773
-34.652 -16.994 -28.467
-37.913 -18.794 -28.786
-40.857 -16.358 -28.752
-42.404 -13.515 -26.780
-45.413 -15.714 -26.365
-43.404 -18.661 -25.132
-45.028 -18.499 -21.695
-48.160 -19.818 -23.395
-49.259 -23.384 -22.804
-49.469 -25.060 -26.193
-49.147 -24.332 -29.924
-50.143 -20.710 -29.817
-47.070 -20.433 -27.663
-44.307 -21.196 -30.209
-43.019 -18.730 -32.891
-41.833 -21.031 -35.637
-39.880 -18.135 -37.044
-37.512 -18.373 -34.112
-38.120 -22.038 -33.185
-38.346 -23.741 -36.577
-40.760 -26.292 -35.382
-44.185 -26.742 -36.982
-47.033 -25.244 -35.145
-48.519 -28.588 -36.080
-46.002 -30.753 -34.196
-46.633 -28.989 -30.979
-50.369 -28.747 -31.595
-50.243 -32.515 -31.915
-48.299 -32.683 -28.694
-50.414 -30.242 -26.782
-53.626 -31.965 -27.791
-52.460 -35.543 -27.054
-51.353 -34.382 -23.637
-54.555 -32.398 -23.047
-56.290 -35.674 -24.003
-54.353 -37.864 -21.599
-54.842 -35.333 -18.775
-58.495 -35.517 -19.450
-58.323 -39.262 -19.291
-56.827 -39.124 -15.820
-58.671 -36.205 -14.210
-61.569 -38.097 -15.792
-63.158 -35.167 -17.505
-62.452 -32.674 -14.742
-59.099 -31.174 -15.764
-56.818 -28.587 -14.254
-56.233 -26.799 -17.594
-53.843 -23.746 -17.158
-53.183 -21.515 -20.148
-49.586 -20.787 -19.416
-46.606 -23.079 -19.167
-44.703 -22.793 -15.890
-41.444 -20.894 -14.933
