5.513 12.565 4.974
3.672 11.178 1.946
0.643 8.907 2.319
2.326 5.960 0.595
2.053 3.110 3.085
3.478 -0.359 2.621
1.305 -3.293 1.561
2.386 -5.031 4.766
1.565 -2.174 7.141
-1.734 -1.258 5.486
-2.640 -4.944 5.231
-1.892 -5.756 8.870
-3.193 -2.341 9.925
-6.419 -1.786 7.999
-6.677 -5.402 6.878
-6.402 -7.503 3.729
-10.090 -7.270 2.860
-10.510 -3.534 3.451
-7.496 -2.919 1.219
-8.441 -5.266 -1.620
-11.890 -3.664 -1.506
-10.760 -0.038 -1.749
-8.198 -0.997 -4.388
-10.710 -3.034 -6.368
-8.605 -6.192 -6.477
-8.951 -9.778 -5.264
-7.684 -10.984 -1.892
-5.906 -13.720 -3.846
-3.498 -11.230 -5.417
-2.873 -9.508 -2.084
-1.759 -12.747 -0.439
0.537 -13.455 -3.386
2.012 -9.973 -3.129
3.174 -10.379 0.471
3.907 -14.082 -0.005
6.697 -13.161 -2.406
7.657 -9.914 -0.687
6.487 -7.691 -3.534
7.595 -4.126 -2.810
4.530 -1.902 -3.176
3.027 1.295 -1.770
-0.668 2.160 -1.650
-1.617 5.833 -1.400
-4.738 7.011 0.417
-6.925 9.590 -1.321
-9.062 12.334 0.220
-12.240 10.607 -0.969
-11.680 7.268 0.740
-10.060 5.334 -2.102
-6.643 3.682 -2.316
-4.355 2.735 -5.204
-1.306 0.467 -5.035
1.743 2.086 -6.630
4.433 -0.144 -8.133
8.117 0.792 -8.199
10.155 0.889 -11.410
13.682 -0.423 -10.633
16.485 -0.618 -13.197
15.554 -2.430 -16.461
18.232 -5.128 -16.413
16.427 -8.354 -17.312
13.191 -9.027 -19.195
12.286 -12.469 -17.844
9.623 -13.567 -15.358
9.770 -16.552 -13.002
8.214 -15.638 -9.653
