200.275 -12.993 81.070
197.169 -14.946 82.072
194.964 -13.684 84.883
195.131 -10.179 83.538
192.661 -10.848 80.787
190.449 -12.823 83.141
190.302 -9.821 85.442
189.548 -7.365 82.645
186.988 -9.786 81.179
184.934 -9.717 84.367
185.327 -6.010 84.846
184.175 -5.320 81.276
181.281 -7.739 81.377
179.703 -6.460 84.582
181.051 -2.969 85.349
181.883 -1.313 82.024
181.865 2.114 83.609
184.485 1.025 86.127
186.356 -0.749 83.326
186.806 2.462 81.387
187.740 4.231 84.617
190.620 1.808 85.061
191.756 2.840 81.548
191.666 6.482 82.716
194.085 6.085 85.656
196.127 3.256 84.112
197.854 6.072 82.498
198.919 8.210 85.301
200.098 5.354 87.136
200.058 2.076 87.449
199.927 -0.031 84.551
201.486 -1.860 87.437
198.602 -0.985 89.897
195.846 -1.140 87.268
197.477 -4.456 86.405
197.273 -5.726 89.968
193.602 -4.805 90.245
192.826 -6.692 87.070
195.272 -9.519 87.887
194.881 -9.983 91.629
191.736 -8.179 92.792
189.347 -9.590 90.243
190.592 -12.661 88.427
192.327 -14.055 91.486
190.226 -13.352 94.574
186.845 -12.086 93.342
186.449 -14.902 90.824
186.662 -17.419 93.671
183.258 -18.975 94.260
182.849 -20.212 97.826
180.432 -17.339 98.396
177.261 -16.601 96.407
177.896 -13.986 93.734
175.332 -11.686 95.408
176.958 -12.097 98.834
180.446 -11.368 97.514
178.987 -8.074 96.294
177.319 -6.956 99.525
180.509 -7.607 101.509
182.356 -5.200 99.225
179.693 -2.624 100.044
179.904 -3.316 103.764
183.638 -2.858 103.736
183.613 0.351 101.679
180.966 1.933 103.937
183.212 1.537 106.976
186.239 2.993 105.169
184.120 5.944 103.982
185.450 5.504 100.439
182.711 7.501 98.695
184.381 7.022 95.324
184.705 3.207 95.261
181.286 2.975 96.934
179.319 4.469 94.018
181.146 2.210 91.587
180.478 -0.980 93.529
176.839 -0.128 93.946
176.663 0.073 90.163
178.176 -3.399 90.004
175.896 -4.519 92.832
172.735 -3.694 90.941
174.409 -5.318 87.955
174.844 -8.516 89.984
171.156 -8.697 90.762
171.280 -7.027 94.141
167.971 -5.240 94.691
168.013 -1.652 95.847
166.306 -2.917 98.990
169.347 -5.080 99.627
171.949 -2.352 99.105
170.301 -0.028 101.592
169.811 -2.809 104.142
173.518 -3.522 104.460
174.268 0.171 104.919
171.561 0.489 107.559
173.260 -2.375 109.325
176.648 -0.691 109.163
175.248 1.999 111.406
175.494 -0.452 114.235
179.003 -1.789 113.770
180.642 1.361 112.366
178.380 4.197 113.465
175.536 6.337 112.124
177.853 8.734 110.235
179.180 5.823 108.169
175.748 4.674 107.064
174.204 8.092 106.488
177.277 8.900 104.427
177.025 5.680 102.371
173.257 5.795 101.826
173.544 9.324 100.453
176.196 7.963 98.149
173.856 5.180 97.082
171.164 7.771 96.404
173.248 9.557 93.755
173.681 6.235 91.918
170.029 5.165 92.038
169.375 8.329 90.045
170.683 7.599 86.553
