12.420 9.959 -5.096
9.775 12.682 -5.605
11.454 15.961 -6.675
12.459 18.255 -9.572
16.187 18.964 -9.705
17.319 21.978 -11.802
18.045 19.622 -14.735
14.459 18.288 -14.591
13.153 21.877 -14.347
15.225 22.782 -17.450
13.840 19.704 -19.288
10.279 20.702 -18.247
10.932 24.283 -19.481
12.307 23.031 -22.848
9.353 20.614 -23.212
6.930 23.424 -22.285
8.439 25.764 -24.899
8.384 23.031 -27.572
4.772 22.068 -26.803
3.859 25.780 -26.970
4.461 25.579 -30.756
2.260 28.693 -31.133
4.618 30.628 -28.807
1.518 31.995 -27.006
3.376 31.875 -23.658
0.828 29.212 -22.601
0.159 25.714 -24.045
-3.342 25.689 -25.604
-5.555 22.664 -24.725
-5.041 21.415 -28.326
-1.241 21.699 -27.951
-1.569 19.826 -24.625
-3.526 17.081 -26.456
-0.700 16.944 -29.050
1.814 16.775 -26.156
-0.145 13.882 -24.610
-0.093 12.130 -28.003
3.711 12.682 -28.027
3.678 11.122 -24.506
1.869 8.139 -26.159
-1.445 8.733 -24.331
-4.971 7.809 -25.502
-7.100 10.975 -24.895
-10.623 10.519 -23.444
-12.818 13.671 -23.438
-14.069 13.600 -19.813
-10.680 12.634 -18.295
-8.890 15.217 -20.483
-11.397 17.955 -19.549
-11.217 17.188 -15.809
-7.394 16.887 -15.760
-7.092 20.117 -17.786
-9.522 21.838 -15.365
-7.461 20.738 -12.324
-4.207 21.999 -13.887
-5.904 25.103 -15.391
-6.048 27.183 -12.207
-5.822 30.445 -14.237
-4.626 29.708 -17.820
-8.279 29.633 -19.077
-8.070 27.103 -21.950
-4.262 27.368 -21.960
-1.698 25.982 -19.465
0.950 28.445 -18.168
4.551 27.376 -17.423
3.819 27.263 -13.660
0.634 25.212 -14.222
2.559 22.817 -16.525
5.391 22.674 -13.955
2.803 21.812 -11.261
1.373 19.034 -13.486
4.903 17.701 -14.114
5.699 17.922 -10.362
2.571 15.853 -9.608
2.830 13.288 -12.436
6.622 13.066 -12.997
