-0.621 -8.350 11.780
2.761 -9.673 12.903
3.718 -12.447 10.474
4.310 -15.757 12.243
5.822 -17.289 9.116
8.571 -16.336 6.684
6.142 -17.199 3.904
3.648 -14.755 5.426
6.184 -11.903 5.617
7.387 -12.343 2.038
3.859 -12.600 0.614
2.852 -9.524 2.588
5.978 -7.856 1.206
5.228 -8.959 -2.376
1.747 -7.486 -2.020
2.770 -3.948 -1.110
5.225 -3.766 -3.999
4.025 -1.174 -6.491
2.071 0.854 -3.969
2.838 4.525 -3.391
3.567 5.841 0.086
0.210 7.620 -0.174
-1.811 4.494 -0.848
-0.129 2.517 1.934
-0.186 5.368 4.427
-3.880 5.717 3.556
-4.674 2.079 4.352
-2.820 2.330 7.653
-4.474 5.662 8.437
-1.007 7.139 8.649
-0.677 10.824 7.781
1.984 11.657 5.165
4.357 14.607 5.755
5.179 17.078 2.963
8.729 15.716 2.809
11.323 13.835 4.867
13.313 16.809 6.195
11.751 16.432 9.676
10.554 12.848 9.381
13.754 11.213 8.224
12.609 7.761 9.357
8.980 8.002 8.209
9.361 5.633 5.264
11.251 3.018 7.300
8.576 3.266 9.974
5.853 3.090 7.332
7.157 -0.239 6.061
7.565 -1.623 9.598
3.861 -1.026 10.259
2.798 -2.553 6.967
4.993 -5.599 7.587
4.235 -6.376 11.223
7.441 -5.115 12.822
7.142 -3.515 16.270
7.609 0.263 16.296
10.524 1.438 18.420
11.645 -2.124 19.143
15.282 -2.535 20.229
15.483 -6.241 19.283
18.590 -7.473 17.456
16.360 -7.901 14.392
12.957 -6.634 13.286
11.608 -10.200 13.220
13.508 -12.142 15.883
11.320 -15.236 15.533
12.309 -15.398 11.866
15.849 -14.070 12.036
14.970 -11.342 9.535
16.022 -7.688 9.520
13.925 -5.184 7.571
15.564 -2.195 5.860
14.303 0.371 3.345
16.773 1.417 0.638
16.169 4.727 -1.183
16.848 4.462 -4.928
17.202 7.208 -7.511
15.540 7.549 -10.895
18.138 5.251 -12.464
17.906 2.469 -9.886
20.926 3.615 -7.871
21.100 3.909 -4.040
20.456 7.522 -2.956
21.937 7.175 0.529
24.194 4.849 2.466
22.417 2.349 4.740
22.617 2.677 8.524
23.319 -0.706 10.104
23.915 -0.289 13.819
25.642 1.735 16.539
29.329 0.993 16.961
29.982 -0.231 20.528
32.596 2.277 21.741
33.103 0.730 25.196
32.772 -2.781 26.623
34.331 -3.901 23.340
37.092 -6.003 24.980
37.888 -8.989 22.773
34.753 -8.778 20.644
34.567 -11.038 17.588
32.866 -10.617 14.218
30.816 -13.798 14.660
28.809 -12.359 17.560
28.706 -8.747 16.310
25.533 -6.695 15.982
26.537 -5.854 12.430
26.737 -9.513 11.456
23.462 -10.298 13.236
21.672 -7.479 11.418
23.129 -8.244 7.989
22.888 -12.057 8.097
19.390 -11.977 6.616
17.885 -8.802 5.221
14.520 -8.130 3.656
15.423 -5.121 1.525
12.513 -2.909 0.507
13.773 -0.553 -2.243
11.799 2.694 -2.294
11.918 5.722 -4.601
13.740 8.603 -2.981
14.049 11.191 -5.762
13.406 14.683 -4.395
11.485 15.725 -7.511
8.757 13.208 -6.694
6.248 14.323 -4.034
6.470 12.013 -1.008
2.881 10.776 -1.387
3.636 9.568 -4.912
6.875 7.644 -4.414
6.698 3.916 -5.120
7.668 0.905 -3.040
9.783 -1.520 -5.023
9.800 -5.299 -5.059
11.344 -6.981 -1.998
14.847 -8.466 -2.146
15.339 -11.223 0.431
19.090 -11.154 0.916
21.898 -13.224 2.448
25.428 -11.940 2.024
27.536 -14.047 -0.344
30.756 -15.571 0.977
32.625 -12.689 -0.630
30.319 -9.991 0.728
30.628 -11.354 4.245
34.423 -11.489 4.011
34.373 -7.834 2.951
32.066 -6.836 5.831
34.149 -8.774 8.342
37.372 -7.157 7.172
35.947 -3.642 7.511
34.352 -4.439 10.855
37.659 -5.728 12.221
39.632 -2.755 10.892
37.146 -0.212 12.227
36.777 -1.987 15.575
40.555 -2.255 16.093
40.667 1.513 15.676
37.917 1.934 18.264
39.290 -0.509 20.832
42.754 1.080 20.648
41.400 4.504 21.554
42.313 5.741 18.076
38.940 7.464 17.595
40.687 10.655 16.496
42.015 8.764 13.475
38.541 7.677 12.370
37.057 9.193 9.228
34.262 8.009 6.912
36.972 7.283 4.352
37.998 4.074 6.138
36.448 0.778 5.053
36.064 -0.891 1.679
32.276 -1.514 1.765
31.254 -0.353 5.253
32.167 2.853 7.102
31.768 4.692 10.381
29.940 8.043 10.319
28.212 9.970 13.129
24.896 8.677 14.522
23.104 11.044 16.882
21.117 14.268 17.333
23.920 16.486 16.053
27.686 17.049 16.236
27.334 17.704 19.971
25.845 14.354 20.914
28.159 12.334 23.187
28.524 8.780 24.472
31.297 7.008 26.394
34.356 5.929 24.423
38.027 5.050 24.865
40.713 7.729 24.911
44.308 7.557 23.654
45.408 6.241 27.052
42.464 4.062 27.979
40.474 6.575 30.004
36.737 6.608 29.405
35.994 9.820 27.523
33.043 11.677 26.052
32.865 11.234 22.298
30.645 11.558 19.254
28.486 8.415 18.884
29.222 6.534 15.674
27.309 4.051 13.558
28.266 1.538 10.863
26.934 2.379 7.387
27.021 0.301 4.226
28.454 2.231 1.300
26.313 2.890 -1.766
28.584 0.726 -3.906
27.847 -2.215 -1.631
24.059 -1.975 -1.765
24.271 -1.105 -5.468
25.942 -4.492 -5.871
23.007 -6.151 -4.123
20.536 -4.428 -6.457
22.654 -5.416 -9.484
22.882 -9.101 -8.543
19.114 -9.048 -8.124
18.467 -7.519 -11.552
20.811 -10.092 -13.088
18.431 -12.798 -11.875
12.899 -2.114 14.052
15.086 -2.521 10.553
