47.781 7.076 41.773
44.566 5.446 40.472
43.615 6.549 36.971
40.079 7.185 35.769
37.855 8.280 32.917
35.559 11.265 33.235
32.445 10.114 31.436
29.573 12.293 30.296
26.077 11.583 31.522
24.756 13.382 28.423
26.159 10.847 25.873
28.590 8.406 27.555
31.576 9.969 25.706
34.627 10.751 27.804
36.918 13.739 28.236
39.781 13.441 25.782
42.925 15.433 25.023
42.345 16.056 21.288
44.695 14.065 19.128
46.615 12.827 22.135
48.562 16.030 21.781
51.095 16.592 24.622
51.516 20.309 23.916
50.097 23.081 26.120
46.856 24.473 24.733
45.546 21.206 23.343
41.782 21.188 23.451
39.941 18.889 25.826
36.970 17.467 23.909
34.436 14.624 24.210
35.329 11.398 22.380
34.302 7.738 22.266
35.906 5.804 25.133
39.047 3.824 24.238
40.889 1.183 26.276
44.525 0.031 26.342
47.722 2.088 26.209
46.338 4.539 23.554
43.708 5.643 26.108
46.303 7.664 28.049
44.791 10.933 26.670
41.419 9.929 28.222
42.875 9.046 31.647
43.153 11.294 34.653
44.199 11.260 38.337
43.897 13.546 41.296
47.066 15.075 42.770
47.683 15.589 46.480
45.355 18.676 46.461
42.547 16.718 44.781
43.332 18.551 41.564
42.778 16.710 38.330
45.698 16.020 36.029
46.189 14.060 32.821
47.931 10.694 32.682
49.469 11.920 29.351
51.754 14.710 30.597
50.483 15.527 34.111
48.883 18.715 32.788
45.937 20.427 34.522
42.622 21.323 33.013
42.787 25.052 32.166
39.712 27.343 31.832
41.476 30.678 31.050
39.892 30.827 27.527
36.270 30.216 26.348
36.992 26.510 25.769
38.987 24.297 28.090
42.485 23.133 27.218
45.540 21.510 28.879
48.175 23.546 30.643
50.850 22.598 33.088
49.515 22.726 36.661
50.151 25.956 38.530
48.798 26.225 42.077
48.454 30.021 41.774
46.056 30.022 38.742
42.572 29.171 40.106
41.317 28.302 36.599
43.749 25.296 36.523
42.356 23.650 39.745
39.405 21.378 38.923
38.290 18.701 41.309
35.738 15.917 41.394
32.586 17.048 43.234
29.756 14.520 43.135
28.906 14.035 39.566
30.469 17.357 38.572
34.015 18.644 37.745
34.081 21.806 39.849
36.560 24.668 40.170
38.357 24.186 43.503
37.860 27.898 44.516
34.325 28.128 43.322
32.411 24.875 43.436
29.424 26.370 41.623
31.531 26.738 38.488
31.668 23.369 36.694
32.744 21.807 33.439
30.059 21.934 30.737
29.799 20.458 27.227
29.085 23.623 25.129
25.413 23.807 23.911
25.020 20.129 24.956
26.731 19.185 21.692
26.261 15.368 21.521
28.735 14.745 18.664
32.328 13.570 19.155
34.824 16.348 19.176
32.653 18.702 21.274
34.330 21.462 23.289
33.894 22.006 26.999
33.491 25.303 28.930
33.257 26.470 32.520
29.763 27.538 33.416
27.683 28.050 36.546
26.082 24.749 37.724
22.416 24.432 36.551
21.563 20.755 36.823
21.685 19.972 33.109
23.119 16.639 31.935
25.806 18.500 29.944
27.531 19.320 33.284
27.206 15.736 34.789
30.013 13.233 34.760
30.590 9.614 35.923
34.029 8.757 37.251
35.094 5.379 35.819
38.181 3.602 37.064
40.693 2.445 34.428
