40.237 21.995 31.805
39.271 21.153 35.384
35.668 21.962 36.270
33.143 21.974 39.102
30.010 19.840 39.121
27.494 21.169 41.631
24.458 19.061 42.474
23.072 22.097 44.291
19.342 22.292 44.893
16.667 24.027 46.916
13.569 22.099 45.884
10.578 23.642 47.583
12.113 27.088 47.207
12.443 28.215 43.591
13.331 31.791 44.514
16.325 30.570 46.525
17.320 28.208 43.709
17.430 31.140 41.295
19.489 33.090 43.851
22.047 30.292 43.757
22.334 30.701 39.978
22.958 34.441 40.122
25.253 33.923 43.105
27.634 31.540 41.309
27.522 33.818 38.255
28.217 37.089 40.091
30.838 35.573 42.389
32.744 34.135 39.410
36.056 35.703 38.365
37.776 35.367 34.996
40.061 32.346 35.247
38.044 30.423 37.866
37.016 26.799 37.270
33.983 26.421 34.969
30.792 25.453 36.828
27.992 23.089 35.782
25.090 22.938 38.209
22.115 20.569 38.066
18.922 21.285 39.991
15.147 20.979 40.046
12.169 23.174 40.986
8.764 22.028 42.228
5.601 23.424 40.605
6.283 27.013 39.567
6.378 29.589 36.776
9.583 31.535 36.107
9.279 34.800 34.213
12.068 36.642 32.433
13.790 39.738 33.760
11.913 42.087 31.423
8.475 40.631 32.106
5.705 41.535 34.542
3.876 38.659 36.249
0.383 39.992 35.495
0.979 40.140 31.730
2.352 36.630 31.284
0.517 34.523 33.854
-2.761 34.076 35.707
-1.808 34.775 39.316
-5.273 33.546 40.330
-4.847 30.155 38.652
-1.361 29.574 40.063
-2.476 30.548 43.554
-5.313 28.020 43.434
-2.964 25.272 42.247
-0.169 26.134 44.667
2.203 27.159 41.884
5.116 29.359 42.969
5.843 32.531 41.011
9.475 33.528 40.517
11.409 35.944 38.322
14.890 35.141 37.032
17.929 37.305 36.351
18.070 36.416 32.656
15.788 37.719 29.914
13.460 35.627 27.779
9.932 34.314 28.207
7.957 32.572 30.934
8.285 28.850 31.555
6.616 26.257 33.735
8.740 23.986 35.917
7.963 20.924 38.025
9.991 18.016 39.349
9.764 16.467 35.895
12.102 19.156 34.576
15.871 18.882 34.814
17.426 22.318 35.116
21.112 23.029 34.642
23.360 26.057 34.462
26.873 26.709 33.219
29.197 29.516 34.317
32.501 30.072 32.512
35.148 32.707 31.801
34.260 34.925 28.855
36.402 36.883 26.393
33.579 38.488 24.393
29.870 39.366 24.400
28.808 37.048 21.565
25.411 35.785 22.752
24.660 33.741 19.630
27.948 31.893 19.943
27.345 30.966 23.588
23.959 29.423 22.798
25.354 27.651 19.748
28.158 26.048 21.759
25.890 24.942 24.616
23.349 23.511 22.168
26.096 21.519 20.455
26.907 20.084 23.878
23.227 19.290 24.461
22.761 17.615 21.066
25.816 15.422 21.706
24.510 14.489 25.152
21.076 13.430 23.878
22.680 11.518 21.004
24.237 9.276 23.673
20.712 8.275 24.713
19.527 7.746 21.142
17.498 10.965 20.933
18.213 13.074 17.832
17.725 16.750 18.664
18.510 20.124 17.085
18.435 23.831 17.990
15.436 25.930 16.991
15.944 28.241 14.026
14.434 31.653 14.809
15.759 34.712 16.648
12.539 35.859 18.297
12.481 35.927 22.087
8.697 36.252 21.971
7.749 32.966 20.280
6.955 29.796 22.321
9.063 27.319 20.347
11.595 26.968 17.521
13.965 29.632 18.868
17.713 29.221 18.469
17.798 28.996 22.273
15.423 26.019 22.207
16.299 22.390 21.585
13.800 20.507 19.420
13.078 16.810 18.920
11.539 16.928 15.473
8.906 19.654 15.673
8.494 19.403 19.456
10.391 21.540 21.973
12.020 19.515 24.764
14.290 22.198 26.228
14.508 25.957 26.615
17.405 28.180 27.678
18.441 31.729 28.571
21.659 33.520 29.443
23.599 36.595 30.485
27.084 37.933 29.822
29.339 40.481 31.510
33.021 41.338 31.284
34.920 38.253 32.416
32.058 35.766 32.687
28.918 34.283 31.153
25.868 32.411 32.438
23.771 29.926 30.467
20.964 27.904 32.031
18.342 25.544 30.654
15.272 23.562 31.640
14.746 20.255 29.905
11.390 18.513 29.877
12.037 14.925 31.010
8.684 13.880 32.505
6.925 17.162 33.205
3.161 17.681 33.131
2.917 19.093 29.602
-0.776 19.812 30.080
-0.274 21.851 33.233
2.596 23.540 31.411
0.316 24.729 28.615
-2.560 25.592 30.971
-0.536 27.866 33.270
1.288 29.731 30.505
-0.885 32.476 29.014
-1.795 23.609 19.735
0.866 24.839 22.155
0.646 21.452 23.859
1.163 19.921 20.412
4.426 21.822 20.119
6.237 20.450 23.174
7.337 17.048 24.412
9.110 15.154 27.177
12.373 13.307 26.637
10.552 10.255 27.991
8.097 10.393 25.088
11.066 9.128 23.047
13.384 7.294 25.437
12.609 5.684 28.785
15.339 7.282 30.899
15.478 8.656 34.439
16.546 12.166 35.464
19.928 10.861 36.617
20.495 9.125 33.281
19.789 12.376 31.470
22.051 14.201 33.919
24.925 11.762 33.414
24.555 12.020 29.633
24.724 15.806 29.863
27.808 15.537 32.071
29.468 13.436 29.359
28.291 15.609 26.478
29.464 18.858 28.030
32.722 17.415 29.285
33.466 15.978 25.839
32.254 18.984 23.856
33.732 21.709 26.076
36.764 19.602 26.981
36.182 20.201 30.680
36.596 17.589 33.387
33.605 18.442 35.582
34.264 16.884 38.992
31.702 16.778 41.802
32.294 19.668 44.187
30.360 21.877 46.585
29.317 25.514 46.676
31.794 27.745 48.549
30.924 29.675 51.710
31.513 32.827 49.660
29.020 31.768 46.967
26.559 30.489 49.578
26.737 33.775 51.483
26.101 35.786 48.326
23.118 33.551 47.477
21.577 34.100 50.909
22.121 37.843 50.573
20.505 37.882 47.105
17.562 35.856 48.375
17.062 37.990 51.491
17.320 41.334 49.685
15.832 40.478 46.295
14.572 37.045 45.264
12.398 36.685 48.367
10.728 40.074 47.837
7.479 40.789 46.009
8.650 43.881 44.160
11.267 41.696 42.455
9.116 38.682 41.574
6.447 40.956 40.121
8.819 42.996 37.967
8.625 46.277 39.881
12.011 46.460 41.642
