-11.858 106.748 -0.862
-11.230 104.267 1.995
-13.907 101.959 0.592
-12.621 102.279 -2.972
-9.080 101.580 -1.832
-10.385 98.571 0.127
-12.203 97.242 -2.934
-9.079 97.810 -4.999
-6.927 95.565 -2.786
-9.327 92.713 -3.401
-8.914 93.129 -7.170
-5.344 92.019 -6.585
-6.727 88.504 -6.214
-8.726 88.896 -9.404
-5.681 90.197 -11.230
-3.605 87.244 -10.123
-6.602 84.982 -10.654
-6.890 85.478 -14.391
-9.396 88.315 -14.267
-8.895 91.372 -16.473
-9.010 94.972 -15.220
-12.222 95.352 -17.207
-14.124 92.700 -15.259
-12.932 93.568 -11.773
-16.139 95.344 -10.781
-18.326 92.603 -12.300
-16.517 89.913 -10.323
-16.740 91.936 -7.107
-20.371 92.976 -7.519
-21.473 89.346 -7.727
-19.663 88.239 -4.610
-20.564 91.376 -2.698
-24.225 90.916 -3.517
-24.334 87.339 -2.217
-22.401 88.463 0.879
-24.795 91.371 1.448
-27.863 89.169 1.107
-26.586 87.091 3.943
-25.746 90.185 6.039
-29.297 91.297 5.442
-30.500 88.378 7.530
-33.168 87.328 5.045
-31.154 85.728 2.235
-33.900 83.125 2.330
-36.108 85.627 0.516
-33.603 86.604 -2.179
-31.478 83.519 -2.962
-32.559 79.885 -3.419
-31.562 77.285 -0.864
-28.313 75.476 -1.690
-26.903 78.525 -3.447
-26.169 81.127 -0.786
-23.125 82.847 0.664
-22.372 80.017 3.098
-22.507 77.440 0.289
-19.808 79.313 -1.627
-17.797 80.724 1.288
-17.476 77.335 3.024
-16.075 75.540 -0.010
-12.409 75.701 -1.088
-10.187 75.230 -4.129
-11.436 73.773 -7.395
-14.420 72.352 -5.570
-15.242 76.021 -4.879
-14.542 77.487 -8.341
-16.726 74.862 -9.949
-19.457 75.504 -7.426
-19.233 79.186 -8.186
-19.685 78.505 -11.905
-22.636 76.232 -11.195
-24.084 78.866 -8.893
-23.715 81.663 -11.446
-25.633 79.537 -13.902
-28.340 78.491 -11.515
-29.028 82.076 -10.455
-29.103 83.481 -13.956
-31.847 81.082 -15.004
-35.197 80.885 -13.208
-38.631 82.481 -12.844
-37.435 84.551 -9.846
-36.390 87.019 -12.497
-35.781 89.504 -9.679
-32.422 88.026 -8.780
-32.121 86.490 -12.228
-31.854 89.977 -13.726
-28.641 90.415 -11.735
-26.938 87.174 -12.824
-28.254 86.892 -16.378
-25.414 86.202 -18.838
-23.060 86.606 -15.895
-19.952 84.460 -15.634
-16.665 84.613 -13.738
-13.291 84.962 -15.418
-11.382 83.380 -12.550
-9.161 80.422 -13.412
-6.769 80.142 -10.456
-8.586 78.083 -7.760
-6.303 79.402 -5.025
-7.312 82.958 -5.991
-11.052 82.581 -5.559
-10.583 80.987 -2.151
-8.378 83.960 -1.262
-10.971 86.409 -2.548
-14.135 85.075 -0.968
-12.487 84.807 2.434
-10.874 88.185 2.018
-14.094 90.103 1.644
-15.942 87.750 3.922
-13.929 89.431 6.648
-14.474 92.941 5.254
-16.407 95.714 7.020
-19.469 97.738 5.929
-4.903 85.794 20.817
-3.632 82.572 22.456
-5.272 83.184 25.840
-7.762 80.837 27.465
-9.470 81.461 30.812
-7.470 79.445 33.368
-10.655 78.254 35.071
-11.785 76.914 31.664
-8.598 74.964 31.177
-8.753 73.513 34.662
-12.408 72.543 34.078
-11.800 71.030 30.690
-8.990 68.793 31.991
-11.001 67.971 35.098
-13.867 66.624 32.994
-11.550 64.722 30.622
-9.714 63.132 33.563
-6.549 62.140 31.673
-4.974 58.924 32.969
-1.333 57.922 32.714
-0.371 56.051 29.518
-2.916 58.158 27.632
-1.516 60.387 24.898
-2.955 63.899 25.184
-2.694 66.021 22.042
-3.096 69.760 21.359
-3.283 70.736 17.616
-3.118 74.384 18.626
-0.744 74.143 21.569
-0.135 77.866 21.844
1.854 78.172 25.050
0.978 74.585 25.989
-1.681 75.618 28.488
-3.813 72.471 28.160
-0.906 70.086 28.139
0.673 71.580 31.228
-2.663 71.310 33.029
-3.240 67.780 31.823
0.171 66.846 33.139
-0.551 68.607 36.448
-3.762 66.627 36.819
-1.999 63.341 36.128
0.694 64.148 38.659
-1.924 65.071 41.254
-3.304 61.542 41.007
-0.028 59.661 41.123
2.113 61.466 43.688
4.046 63.246 40.946
4.518 60.035 39.005
5.916 58.248 42.052
3.025 55.767 42.084
4.058 54.596 38.647
6.870 52.357 37.483
9.874 54.021 35.920
8.786 52.982 32.441
5.406 54.617 32.736
7.159 57.665 34.154
9.269 57.806 31.038
6.114 57.585 28.949
4.558 60.525 30.776
7.763 62.465 30.368
8.412 61.745 26.707
5.267 60.451 25.061
2.169 61.367 27.039
1.853 64.920 25.759
2.171 66.288 22.288
1.505 69.693 20.802
1.843 71.508 17.497
2.305 75.294 17.103
2.542 77.277 13.861
4.230 80.408 15.148
7.863 79.616 16.006
7.970 82.479 18.483
5.050 81.060 20.412
6.313 77.494 20.127
9.532 78.661 21.809
7.694 80.076 24.776
5.656 76.831 24.856
8.838 74.762 24.790
10.277 76.631 27.746
6.973 76.117 29.544
7.033 72.303 29.256
10.722 72.138 29.983
10.364 73.836 33.370
7.390 71.548 33.966
9.534 68.506 33.301
7.830 67.632 30.025
10.605 66.577 27.654
8.656 65.015 24.829
10.513 63.817 21.744
14.028 65.138 21.095
13.667 64.428 17.402
11.166 67.246 17.166
12.676 69.584 19.718
10.433 68.502 22.584
6.781 68.172 23.516
5.588 70.954 21.216
6.393 70.411 17.573
6.724 73.312 15.129
4.417 73.229 12.124
1.007 73.569 10.470
-1.866 71.422 11.747
-3.615 72.038 8.435
-0.486 71.036 6.544
1.865 68.093 6.253
2.807 68.359 9.906
-0.779 67.898 10.904
-1.143 64.462 9.357
2.331 63.440 10.462
1.216 63.929 14.043
0.690 60.741 16.095
-2.827 59.603 17.060
-4.110 60.423 20.542
-6.372 59.103 23.318
-7.379 62.595 24.437
-7.520 66.002 22.704
-8.053 69.298 24.569
-7.562 72.356 22.448
-8.692 75.934 21.747
-7.889 76.425 18.036
-7.515 79.949 16.561
-10.528 82.126 15.880
-11.282 84.005 12.674
-9.442 83.228 9.470
-6.420 82.602 11.756
-2.808 83.570 10.916
-0.742 82.409 7.941
-2.091 78.860 7.832
-2.606 77.515 4.317
-4.823 74.435 4.185
-2.509 72.278 2.091
-4.035 69.047 3.382
-7.000 67.105 2.118
-9.895 66.433 4.471
-13.018 64.330 4.268
-14.826 67.596 3.456
-12.548 70.337 2.042
-13.417 73.717 3.561
-12.151 77.276 3.760
-13.134 77.414 7.362
-10.028 77.102 9.503
-11.985 76.069 12.585
-13.963 73.383 10.761
-10.622 72.089 9.473
-9.324 71.685 12.959
-12.445 69.752 13.811
-11.765 67.355 10.939
-8.203 66.885 12.152
-9.302 66.253 15.727
-11.812 63.638 14.551
-9.031 61.927 12.568
-6.203 61.700 15.156
-8.382 60.319 17.885
-7.927 56.610 18.539
-11.166 54.620 18.525
-12.803 55.361 21.860
-10.838 58.579 22.146
-12.321 61.632 23.813
-11.996 65.343 23.299
-13.089 68.788 24.488
-12.798 71.505 21.864
-13.347 75.227 22.353
-15.120 76.570 19.282
-16.869 79.737 17.937
-20.593 79.922 17.268
-19.951 79.750 13.487
-18.856 76.093 13.709
-22.277 75.331 15.136
-24.455 77.200 12.637
-22.397 77.676 9.459
-24.021 76.111 6.413
-22.681 74.632 3.185
-19.749 72.375 3.977
-20.352 73.313 7.601
-23.451 71.162 7.648
-21.609 68.234 6.068
-18.785 68.362 8.601
-21.216 68.642 11.498
-23.062 65.583 10.242
-19.717 63.839 9.852
-18.825 64.671 13.442
-22.103 63.302 14.811
-21.649 60.233 12.647
-18.048 59.337 13.475
-18.236 60.672 17.031
-20.600 60.595 19.930
-21.116 64.285 20.698
-22.775 64.270 24.073
-22.270 67.681 25.629
-22.183 71.283 24.481
-21.215 74.129 26.792
-22.143 77.616 25.569
-19.658 79.996 27.163
-20.370 83.575 28.350
-18.963 86.662 26.685
-16.060 88.824 27.774
-14.047 85.962 29.272
-11.595 86.097 26.386
-9.014 88.819 25.791
-11.021 89.365 22.610
-14.602 90.462 23.328
-17.421 90.060 20.822
-16.706 86.378 20.324
-19.316 83.778 21.113
-17.610 80.574 22.155
-18.575 77.053 23.103
-16.956 73.810 24.224
-17.905 70.571 22.475
-17.414 67.325 24.377
-17.431 64.092 22.408
-16.059 60.589 22.029
-14.515 58.967 18.923
-17.060 56.233 18.132
-18.851 55.020 21.251
-17.667 53.465 24.502
-19.541 50.288 23.577
-18.355 50.282 19.957
-15.054 52.200 19.672
-15.095 51.716 15.928
-18.631 52.690 15.025
-18.679 54.738 11.820
-22.208 56.049 11.910
-25.074 57.165 14.111
-22.759 57.560 17.083
-24.536 60.602 18.396
-27.965 60.145 19.928
-28.667 62.636 22.710
-26.905 65.964 22.957
-26.862 67.860 26.253
-26.473 71.624 26.132
-25.614 73.929 29.037
-26.454 77.608 28.583
-23.875 79.481 30.627
-24.106 82.575 28.382
-27.525 84.218 28.214
-28.439 86.339 31.207
-24.989 86.162 32.779
-23.059 88.787 34.786
-21.073 91.046 32.428
-17.560 89.646 32.982
-14.495 91.871 33.095
-11.627 92.914 35.372
-14.441 94.109 37.612
-16.525 90.930 37.286
-13.899 88.117 36.963
-14.758 84.700 35.522
-13.855 82.103 38.173
-14.088 78.367 38.761
-17.226 79.091 40.742
-19.080 79.893 37.519
-18.239 76.464 36.126
-19.022 74.266 39.169
-22.774 73.928 38.421
-22.082 72.736 34.904
-19.405 70.320 36.000
-21.809 68.925 38.615
-24.619 68.070 36.198
-22.040 66.905 33.639
-21.229 63.786 35.648
-18.021 62.134 36.841
-17.671 59.920 33.804
-15.208 61.378 31.248
-17.335 59.980 28.424
-20.417 61.815 29.602
-22.175 58.578 30.422
-22.952 59.415 34.028
-26.716 59.588 34.675
-28.147 62.995 33.712
-31.526 64.679 34.193
-32.565 67.999 32.682
-32.843 70.673 35.328
-30.383 73.322 36.397
-31.392 76.844 37.348
-28.265 78.677 38.432
-27.323 82.314 37.829
-30.984 83.373 37.996
-32.139 80.975 35.328
-35.709 81.245 36.618
-35.757 85.011 36.066
-34.510 84.728 32.484
-36.799 85.363 29.526
-37.758 82.168 27.663
-37.505 82.242 23.854
-40.302 81.019 21.618
-38.634 78.482 19.322
-38.635 74.821 18.391
-36.419 74.142 21.387
-39.129 75.226 23.835
-41.981 73.665 21.903
-44.172 71.475 24.143
-41.900 72.347 27.069
-43.232 73.139 30.550
-42.544 76.405 32.322
-39.879 74.963 34.638
-37.776 73.239 31.984
-37.926 76.126 29.510
-35.913 78.143 32.002
-33.320 75.488 32.787
-29.725 76.072 31.697
-29.355 72.277 31.344
-31.397 70.609 28.587
-31.090 67.604 26.238
-31.974 67.351 22.559
-32.336 64.257 20.395
-30.447 63.519 17.197
-33.663 63.290 15.213
-34.742 66.632 16.633
-31.479 68.314 15.672
-31.833 66.729 12.237
-35.431 67.838 11.703
-36.102 71.033 13.636
-32.546 72.312 13.524
-31.673 70.985 10.080
-28.471 69.664 11.603
-27.352 72.850 13.285
-25.882 72.815 16.759
-26.590 76.480 17.432
-29.163 75.408 20.016
-30.589 78.137 22.222
-33.814 78.464 24.200
-33.311 81.552 26.329
-33.750 85.194 25.338
-31.429 87.818 26.770
-32.788 91.049 28.294
-33.589 94.093 26.128
-29.627 99.649 14.233
-30.874 96.597 12.320
-29.310 93.966 10.020
-31.546 94.382 6.965
-31.309 98.130 7.596
-27.550 98.350 8.036
-26.975 96.023 5.104
-29.243 98.161 2.944
-27.494 101.444 3.698
-24.170 99.616 3.405
-25.031 98.297 -0.069
-25.822 101.826 -1.190
-22.255 102.828 -0.458
-20.624 99.728 -1.937
-22.550 100.409 -5.112
-21.324 104.001 -5.028
-17.755 102.799 -4.455
-18.040 100.135 -7.116
-19.046 102.710 -9.745
-16.160 105.029 -8.954
-13.847 102.035 -8.960
-15.112 101.037 -12.389
-14.452 104.533 -13.771
-10.775 104.159 -12.858
-10.924 101.233 -15.271
-13.462 102.394 -17.855
-11.452 105.603 -18.026
-8.061 103.920 -17.873
-7.287 104.769 -21.508
-4.806 102.021 -22.389
-1.655 103.355 -24.044
1.929 104.211 -23.067
0.644 107.695 -22.132
-0.663 106.819 -18.682
2.519 104.695 -18.261
4.933 107.640 -18.519
2.439 110.386 -17.581
1.790 108.742 -14.206
5.546 108.356 -13.561
6.080 111.920 -14.799
4.224 112.979 -11.649
6.482 110.638 -9.696
9.202 112.463 -11.665
8.077 115.371 -9.507
9.372 113.756 -6.305
6.792 113.149 -3.588
5.935 113.992 0.014
7.282 116.822 2.197
