64.049 67.503 22.903
67.570 67.056 24.274
70.296 69.467 25.385
73.997 68.999 25.929
75.959 70.747 28.656
79.752 70.972 28.737
81.600 70.892 32.035
85.073 71.010 33.493
86.111 69.754 36.895
88.370 71.747 39.205
90.317 69.492 41.522
93.621 68.658 43.089
93.647 65.220 41.448
92.527 63.347 38.325
89.300 61.378 37.939
88.157 58.607 35.558
85.044 58.172 33.403
83.522 55.761 35.903
84.146 58.037 38.897
82.661 61.285 37.677
79.928 59.229 35.991
78.831 57.839 39.350
79.192 61.250 41.000
76.973 62.923 38.386
74.352 60.341 39.184
74.379 60.591 42.980
74.290 64.354 42.491
70.962 64.185 40.650
69.633 61.571 43.051
70.284 63.639 46.159
69.136 66.922 44.654
66.401 65.866 42.243
65.247 62.617 43.842
64.438 59.416 41.973
61.450 61.058 40.296
63.374 64.190 39.343
66.261 62.179 37.947
63.751 60.178 35.929
62.368 63.293 34.302
65.793 64.905 33.726
67.288 61.783 32.117
70.942 62.694 32.776
73.441 60.880 30.548
77.228 61.176 30.545
77.976 60.935 26.827
81.768 61.545 26.962
84.475 62.462 29.466
88.054 63.361 28.475
90.144 61.907 31.316
93.155 63.906 30.201
91.662 67.411 30.320
89.054 66.610 33.017
86.363 67.835 30.636
83.107 66.221 29.559
79.591 66.359 28.139
76.203 65.536 29.657
72.830 65.099 27.964
69.492 65.899 29.603
65.836 66.564 28.816
65.431 69.974 27.247
63.218 71.085 30.141
65.532 70.049 32.945
68.859 71.474 31.926
69.001 73.901 34.820
68.079 71.154 37.282
70.983 68.985 36.207
73.204 72.048 36.453
71.789 72.994 39.855
72.598 69.439 40.956
76.154 69.321 39.671
76.931 72.627 41.336
76.160 71.285 44.795
78.855 68.640 44.370
81.198 69.333 47.287
83.631 66.484 46.849
83.702 63.496 44.535
85.015 60.213 45.968
86.513 61.621 49.160
88.669 64.007 47.136
87.611 67.638 47.366
86.610 68.907 43.939
84.027 71.119 42.299
82.591 70.768 38.812
81.392 73.815 36.871
79.442 74.068 33.640
80.969 75.814 30.657
77.728 76.058 28.729
74.648 74.348 27.291
73.829 73.805 23.633
71.489 72.285 21.065
73.733 69.831 19.211
77.002 68.239 20.294
79.083 69.577 17.412
77.678 73.025 18.210
78.525 72.579 21.935
81.903 70.930 21.345
82.489 74.082 19.297
81.813 77.138 21.462
83.365 75.547 24.577
85.486 72.425 24.319
87.316 72.903 21.026
89.558 75.277 23.089
90.653 72.267 25.214
91.748 69.027 23.621
88.425 68.724 21.727
87.258 68.779 18.073
