60.014 -14.115 51.887
60.151 -14.277 48.080
63.741 -14.234 46.781
66.863 -16.242 47.635
67.853 -14.037 50.583
64.418 -14.326 52.162
64.453 -18.094 51.749
67.817 -18.202 53.544
66.942 -15.837 56.397
63.785 -17.923 56.817
65.764 -21.167 56.868
67.437 -20.024 60.109
64.333 -20.633 62.241
64.001 -24.196 60.981
67.687 -24.967 61.549
67.432 -23.601 65.088
64.905 -26.277 66.041
66.669 -29.010 64.053
70.468 -28.409 64.271
71.207 -31.476 62.124
70.541 -29.166 59.189
73.140 -26.654 60.396
76.318 -28.222 59.005
75.265 -28.674 55.370
73.573 -25.275 55.157
76.362 -23.519 57.030
78.759 -24.805 54.377
76.763 -22.880 51.785
76.269 -19.679 53.772
79.726 -19.330 55.361
81.392 -18.765 51.944
78.711 -16.257 50.913
78.743 -14.295 54.183
80.182 -11.191 52.505
78.117 -11.267 49.304
75.915 -8.616 50.903
75.025 -7.133 54.272
71.961 -9.388 54.272
73.997 -12.578 53.852
76.363 -11.363 56.540
73.374 -10.920 58.835
72.203 -14.441 57.976
75.736 -15.726 58.584
75.783 -14.349 62.138
72.449 -16.124 62.462
74.258 -19.428 62.033
77.037 -18.429 64.433
74.396 -17.703 67.053
72.835 -21.138 66.538
76.226 -22.862 66.837
77.110 -20.990 70.035
73.821 -22.304 71.409
73.968 -26.015 70.578
77.688 -25.824 71.332
78.652 -26.493 67.721
82.254 -25.843 66.670
82.702 -22.875 64.320
86.497 -22.307 64.308
86.291 -20.311 61.074
84.344 -17.661 62.985
87.115 -16.467 65.306
89.569 -16.877 62.437
87.742 -14.424 60.164
85.389 -12.230 62.192
87.751 -9.328 62.904
88.753 -9.351 59.238
85.125 -9.431 58.058
84.057 -6.467 60.179
86.943 -4.339 58.885
86.147 -5.346 55.320
82.526 -4.283 55.798
82.968 -1.160 57.930
86.406 0.412 57.319
85.138 2.720 54.546
81.543 3.431 55.624
80.090 6.942 56.128
76.323 6.292 56.308
74.523 3.270 57.685
71.265 1.523 56.860
68.704 -0.592 58.689
70.541 -3.812 57.896
73.680 -2.303 59.474
71.834 -1.869 62.762
70.497 -5.412 62.373
74.059 -6.680 61.906
75.228 -4.771 64.982
72.457 -6.387 67.016
73.425 -9.834 65.728
77.043 -9.134 66.753
76.135 -8.190 70.327
74.780 -11.736 70.415
77.929 -13.650 69.451
80.779 -11.311 70.364
82.184 -9.717 73.532
80.652 -6.262 73.959
83.958 -4.440 73.394
84.510 -5.869 69.893
81.138 -4.505 68.810
80.709 -1.227 70.687
83.229 0.632 68.523
81.209 -0.463 65.483
77.908 0.821 66.887
78.907 4.345 67.941
79.461 5.590 64.350
75.896 4.621 63.476
74.421 6.990 66.041
72.837 9.359 66.697
69.970 8.794 64.264
68.865 11.903 62.363
66.068 10.777 60.024
63.287 8.192 60.227
62.929 5.961 57.180
59.826 3.903 57.938
58.517 1.697 60.748
60.744 -1.256 59.785
63.834 0.965 59.915
62.654 2.559 63.177
62.331 -0.830 64.905
65.785 -1.964 63.824
67.620 1.146 64.993
65.833 0.744 68.346
66.606 -2.938 68.871
70.330 -2.150 68.906
70.025 0.353 71.712
67.812 -1.876 73.833
70.138 -4.856 73.455
73.226 -2.715 73.911
71.775 -1.067 77.028
70.785 -4.401 78.561
74.357 -5.636 78.248
75.735 -2.342 79.575
73.643 -2.480 82.747
74.594 -6.122 83.282
78.305 -5.174 83.246
77.617 -2.229 85.539
79.196 -0.083 82.814
77.405 3.129 83.792
78.893 5.443 81.183
78.006 3.111 78.310
74.486 2.703 79.683
73.961 6.462 79.724
75.229 6.615 76.159
72.486 4.293 74.920
69.806 5.762 77.177
70.672 9.091 75.551
70.615 7.698 72.012
67.210 6.134 72.627
65.757 9.269 74.171
67.025 11.321 71.261
65.050 9.138 68.841
61.918 10.658 70.388
62.801 14.051 68.875
62.838 12.726 65.319
60.038 13.709 62.945
57.567 10.890 62.196
59.503 8.365 64.308
57.728 5.215 65.501
58.970 4.468 69.003
58.255 0.875 70.060
56.102 0.961 73.173
57.525 -2.275 74.564
61.068 -0.968 74.101
60.156 2.373 75.672
58.923 0.440 78.694
61.891 -1.923 78.948
64.504 0.757 78.280
62.828 2.968 80.896
63.176 0.053 83.312
66.891 -0.138 82.509
67.024 3.602 83.140
65.439 3.076 86.560
68.129 0.470 87.232
70.781 2.909 85.979
69.555 5.507 88.492
69.646 2.960 91.309
73.153 1.835 90.411
74.304 5.470 90.394
72.775 6.640 93.675
70.991 3.756 95.437
67.597 5.390 95.014
64.756 3.239 96.351
62.034 4.943 94.277
64.044 3.961 91.209
64.140 0.398 92.467
60.387 0.416 92.983
59.753 1.958 89.551
61.784 -0.853 87.981
59.904 -3.525 89.935
56.641 -1.827 89.014
57.570 -1.950 85.340
58.405 -5.668 85.567
54.905 -6.062 86.997
53.288 -4.208 84.078
54.770 -6.696 81.622
53.124 -9.421 83.670
49.716 -7.757 83.612
49.596 -7.122 79.862
50.728 -10.657 79.077
54.338 -10.285 77.886
55.650 -13.324 79.779
58.992 -13.888 78.027
59.905 -10.267 78.713
58.578 -10.492 82.277
60.626 -13.646 82.695
63.863 -12.095 81.404
63.462 -8.912 83.451
62.915 -10.883 86.659
66.106 -12.857 86.015
67.896 -9.617 85.154
66.850 -7.794 88.319
67.720 -10.868 90.399
71.315 -10.808 89.180
71.565 -7.028 89.364
70.326 -7.103 92.969
72.774 -9.839 93.972
75.831 -7.929 92.717
74.605 -4.985 94.777
73.975 -7.254 97.777
70.276 -6.330 97.804
67.545 -8.936 98.248
64.859 -8.280 95.595
61.142 -8.121 96.582
59.154 -11.232 97.518
57.371 -10.949 94.184
60.365 -11.220 91.843
62.031 -14.062 93.774
58.906 -16.228 93.567
58.902 -16.034 89.760
62.650 -16.457 89.235
62.901 -19.287 91.767
60.271 -21.177 89.752
