-42.934 71.573 44.468
-42.245 75.229 43.645
-38.875 76.778 42.877
-38.234 80.517 43.157
-35.662 82.362 41.038
-34.794 85.905 42.006
-33.339 88.427 39.599
-31.054 90.083 39.444
-28.841 87.850 41.571
-27.305 91.119 42.763
-27.563 94.792 41.832
-25.901 98.155 42.377
-27.750 101.467 42.508
-27.440 105.069 43.695
-29.445 106.626 46.518
-32.665 108.077 45.136
-32.878 105.411 42.450
-36.069 103.438 41.981
-35.099 99.751 42.415
-37.211 96.695 41.485
-36.403 93.073 42.441
-38.139 90.153 40.766
-39.220 86.706 41.966
-40.496 84.154 39.461
-42.149 80.921 40.571
-41.960 77.669 38.582
-45.717 77.305 39.093
-48.361 79.904 39.940
-48.886 81.022 43.545
-51.459 83.490 44.858
-49.132 85.325 47.280
-45.452 86.063 47.863
-43.477 87.023 50.943
-40.196 88.859 51.393
-37.547 89.165 54.062
-34.562 91.455 54.462
-31.299 90.079 55.810
-28.208 92.106 56.666
-24.716 90.609 57.294
-24.549 88.468 60.414
-28.197 88.930 61.327
-31.465 87.017 61.411
-33.816 87.536 58.458
-36.532 90.145 59.107
-40.180 89.978 57.955
-40.415 92.657 55.286
-43.423 92.175 53.031
-46.288 89.703 53.384
-49.439 88.795 51.469
-47.693 90.208 48.415
-47.898 93.921 49.300
-48.306 94.516 53.046
-45.315 96.070 54.811
-44.369 94.455 58.117
-44.383 96.854 61.073
-41.366 99.161 60.969
-40.719 98.759 57.245
-40.320 102.276 55.812
-42.862 103.587 53.279
-40.438 103.602 50.341
-40.946 99.821 50.130
-43.787 98.154 48.218
-44.659 94.732 46.825
-46.660 93.560 43.828
-47.304 90.646 41.512
-49.563 87.757 40.567
-49.361 84.445 38.769
-45.708 83.426 38.635
-44.177 86.916 38.767
-43.930 88.977 41.977
-41.796 92.015 42.716
-40.474 94.148 45.558
-39.816 97.829 44.843
-37.873 100.543 46.676
-39.082 103.981 45.491
-35.957 105.826 46.676
-32.988 103.625 47.538
-31.472 104.771 50.835
-28.014 103.735 52.054
-29.639 101.702 54.852
-31.405 99.401 52.358
-28.268 97.467 51.421
-28.935 93.811 52.161
-29.962 90.509 50.662
-33.716 90.288 50.011
-35.425 86.894 49.884
-38.826 86.083 48.413
-40.641 83.038 49.776
-43.782 81.049 48.986
-46.150 79.094 51.218
-48.246 77.557 48.442
-46.170 74.499 47.630
-44.371 71.947 49.793
-41.813 72.175 50.943
-42.105 75.905 51.614
-39.103 77.586 49.956
-37.146 80.810 49.573
-35.621 82.378 46.493
-31.822 82.384 46.362
-32.096 86.097 47.158
-31.078 89.430 45.621
-28.071 91.151 47.178
-28.459 94.908 46.842
-25.536 97.290 47.230
-25.256 101.109 47.287
-23.151 103.130 44.860
-20.818 105.889 46.033
-17.768 107.840 44.897
-14.797 105.719 43.853
