5.462 71.754 -6.596
3.806 68.598 -5.146
0.133 68.587 -6.209
-2.516 67.691 -3.633
-6.318 68.002 -3.538
-6.742 69.443 -7.051
-10.170 67.815 -6.575
-11.873 67.789 -3.155
-14.441 65.190 -1.980
-17.074 67.959 -2.142
-16.751 68.374 -5.956
-14.791 65.490 -7.458
-13.587 65.295 -11.052
-15.842 63.158 -13.244
-13.745 60.593 -15.097
-14.421 58.018 -17.739
-13.368 54.405 -17.444
-11.408 53.535 -20.566
-10.023 50.221 -19.474
-10.575 47.529 -16.917
-8.671 44.259 -17.098
-8.026 41.220 -14.931
-4.446 40.930 -13.597
-4.664 37.471 -11.981
-4.027 34.749 -14.551
-5.985 31.499 -14.781
-5.283 29.291 -11.798
-4.683 32.320 -9.585
-6.740 33.305 -6.579
-8.976 36.325 -6.217
-9.563 39.135 -8.635
-7.362 42.178 -9.047
-8.044 44.568 -11.860
-6.156 47.305 -13.658
-8.585 50.188 -14.096
-7.737 53.266 -16.136
-9.556 56.563 -16.514
-9.441 59.420 -18.956
-8.940 62.635 -16.953
-8.147 64.914 -19.879
-11.193 67.135 -19.186
-9.842 68.372 -15.824
-6.577 69.529 -14.219
-5.758 66.272 -12.419
-1.938 66.140 -12.283
-0.086 63.760 -10.023
3.280 62.313 -9.094
4.383 58.693 -8.830
3.604 57.232 -5.363
0.476 59.321 -4.775
-3.132 58.168 -4.429
-6.535 59.205 -5.659
-9.909 58.894 -4.007
-12.938 57.198 -5.497
-16.475 57.872 -4.311
-18.555 54.795 -5.157
-22.121 55.633 -6.187
-25.230 55.460 -4.040
-25.961 56.388 -0.454
-25.745 55.259 3.125
-28.702 54.783 5.458
-29.140 58.559 5.882
-29.416 59.356 2.155
-25.785 60.354 2.392
-22.953 59.986 -0.172
-20.406 57.224 0.572
-16.937 58.151 1.862
-14.138 58.133 -0.666
-11.723 55.252 -0.659
-8.062 55.768 -1.549
-6.251 53.799 -4.245
-2.539 54.113 -4.937
-1.887 55.371 -8.434
-0.369 52.598 -10.571
0.690 54.787 -13.525
3.435 57.386 -13.946
2.454 61.088 -14.079
1.986 60.706 -17.829
-0.412 57.767 -17.547
-0.154 54.407 -19.314
-0.802 56.072 -22.614
2.129 58.475 -22.095
-0.008 61.438 -23.118
-0.765 62.913 -19.686
-4.445 62.178 -20.249
-5.024 59.215 -17.981
-4.634 57.640 -14.532
-4.618 53.978 -13.537
-5.368 51.929 -10.434
-4.688 48.393 -9.205
-7.838 47.260 -7.387
-8.376 44.067 -5.391
-11.894 42.971 -4.661
-12.498 42.805 -0.940
-14.574 39.826 0.318
-15.287 38.509 3.767
-17.815 36.326 5.568
-19.957 37.392 8.490
-19.118 35.365 11.586
-22.720 34.948 12.660
-24.768 34.518 9.455
-21.958 33.144 7.278
-23.028 35.597 4.524
-20.470 36.797 2.037
-19.931 40.533 1.929
-18.181 42.362 -0.918
-16.449 45.674 -0.338
-18.523 48.497 -1.748
-15.909 50.524 -3.601
-13.668 47.676 -4.755
-16.746 45.884 -6.167
-17.817 49.047 -7.897
-14.428 49.398 -9.565
-13.921 45.740 -10.405
-17.233 45.571 -12.180
-16.877 49.013 -13.771
-17.625 48.702 -17.469
-15.377 50.324 -20.017
-17.254 53.368 -21.367
-18.680 54.247 -17.951
-18.760 57.956 -17.249
-19.349 59.973 -14.063
-16.594 58.377 -12.002
-16.051 60.576 -8.949
-12.337 61.088 -8.444
-10.552 63.167 -5.802
-7.329 65.162 -6.157
-4.039 63.520 -5.591
-2.927 62.871 -2.018
0.271 61.755 -0.329
3.887 62.773 0.032
5.201 59.741 1.896
