5.648 57.415 -1.073
7.282 59.844 -3.495
10.360 58.858 -5.435
13.549 60.548 -4.248
15.072 63.381 -6.218
18.497 61.764 -6.015
18.889 60.018 -9.431
21.605 57.850 -7.791
19.385 56.573 -4.936
19.147 52.914 -4.102
15.458 52.079 -3.939
14.236 48.989 -2.072
10.569 48.203 -2.526
8.695 45.670 -0.449
5.305 44.702 -1.850
2.425 42.317 -1.194
-0.713 42.346 -3.396
-1.981 45.740 -4.655
1.054 47.152 -2.856
2.851 46.673 -6.142
1.011 49.696 -7.542
3.238 52.680 -6.711
6.277 50.553 -7.573
4.902 49.875 -11.017
4.767 53.654 -11.363
8.273 54.063 -9.960
9.727 51.463 -12.217
8.108 52.781 -15.407
9.562 56.169 -14.549
12.940 54.586 -13.764
13.398 52.194 -16.689
10.590 52.506 -19.233
10.531 56.270 -19.888
12.959 58.893 -21.153
12.609 62.303 -19.527
13.946 65.691 -20.443
15.551 66.143 -17.027
15.522 63.019 -14.921
17.417 59.770 -15.524
17.704 57.095 -12.866
21.255 55.750 -12.425
20.763 53.937 -9.116
19.942 50.440 -8.006
16.358 49.295 -7.622
15.292 46.118 -5.838
11.720 44.881 -5.708
10.694 42.114 -3.373
7.132 41.161 -4.252
5.030 38.575 -2.405
2.114 36.720 -3.868
0.671 33.249 -3.416
1.020 31.855 -6.950
2.815 32.671 -10.207
-0.612 33.542 -11.663
-0.932 36.197 -8.983
2.216 38.041 -9.987
0.576 41.348 -10.937
2.202 42.858 -14.054
4.622 39.880 -14.295
5.518 40.499 -17.939
6.382 44.201 -17.452
8.689 43.557 -14.501
10.373 40.613 -16.141
11.021 42.632 -19.249
12.480 45.475 -17.191
14.645 42.933 -15.378
15.948 41.397 -18.620
16.699 44.878 -20.039
18.261 46.397 -16.909
20.202 43.470 -15.516
22.537 45.499 -13.264
20.260 48.201 -12.013
17.062 46.352 -11.454
16.689 43.287 -9.259
13.405 41.412 -9.097
12.908 39.045 -6.156
9.738 36.982 -5.842
8.215 35.422 -2.764
5.620 32.905 -4.010
3.924 31.501 -0.952
2.167 28.417 -2.356
5.007 27.511 -4.741
8.286 28.121 -2.891
9.394 26.601 0.397
11.547 27.733 3.269
14.407 25.570 4.576
11.988 24.589 7.438
9.485 23.615 4.711
7.258 26.653 5.326
5.779 29.154 2.848
8.033 31.859 1.468
6.767 35.373 2.196
8.315 38.792 1.672
9.541 38.573 5.303
11.297 35.293 4.386
13.267 37.149 1.721
14.128 39.960 4.087
15.458 37.322 6.481
17.399 35.461 3.753
18.974 38.764 2.591
19.146 40.546 5.970
22.908 41.043 5.743
22.601 42.629 2.300
19.678 44.813 3.295
21.508 46.137 6.345
24.613 46.845 4.220
22.361 48.763 1.867
20.511 50.585 4.623
23.875 51.831 5.870
24.347 53.868 2.729
22.832 57.339 3.028
21.447 57.260 -0.540
19.244 54.184 0.258
15.435 54.305 0.519
13.156 51.536 1.722
9.493 51.513 0.728
6.798 49.125 1.959
3.281 48.925 0.515
0.330 46.558 0.753
-2.216 45.459 3.376
-1.506 46.200 7.068
-0.867 42.487 7.620
2.458 42.618 5.797
3.869 44.999 8.407
4.066 43.178 11.704
6.014 40.208 10.360
8.285 42.403 8.256
9.017 44.720 11.177
9.711 41.648 13.273
12.053 39.997 10.837
14.047 43.209 10.672
14.046 43.368 14.469
15.070 39.772 14.957
17.738 39.920 12.245
19.037 43.130 13.825
19.407 41.585 17.329
21.155 38.572 15.776
23.739 41.080 14.534
23.904 43.189 17.673
22.207 46.036 15.805
19.165 48.001 17.017
16.386 48.154 14.478
14.245 50.743 16.247
17.283 52.999 16.118
17.999 52.439 12.453
14.384 53.048 11.635
14.149 56.244 13.695
17.181 57.703 11.909
15.908 56.500 8.556
12.625 58.235 9.256
14.525 61.411 10.200
16.548 61.185 6.964
13.178 60.585 5.127
14.536 57.309 3.695
11.911 54.938 5.120
8.412 54.973 3.638
5.329 52.967 4.581
1.827 53.000 3.003
-0.029 50.056 4.396
-3.792 49.690 4.507
