-25.640 -31.572 -61.095
-28.292 -32.358 -58.487
-31.786 -32.756 -59.912
-35.256 -34.113 -59.232
-36.725 -36.306 -61.899
-38.081 -34.025 -64.651
-41.802 -33.628 -63.989
-44.425 -35.411 -66.097
-45.977 -31.905 -65.486
-49.489 -31.007 -64.634
-52.201 -28.484 -65.317
-50.472 -25.395 -64.140
-49.409 -22.427 -66.217
-46.498 -22.383 -63.717
-43.695 -24.484 -65.159
-41.973 -26.651 -62.576
-38.206 -26.784 -63.441
-35.518 -29.188 -62.161
-31.673 -28.677 -62.283
-31.545 -31.099 -65.281
-33.830 -29.063 -67.601
-33.177 -25.576 -66.170
-30.711 -24.072 -68.666
-32.387 -25.140 -71.929
-35.676 -23.570 -70.997
-34.526 -20.439 -69.178
-32.117 -19.737 -72.079
-34.637 -20.003 -74.912
-34.587 -16.699 -76.999
-38.322 -16.830 -77.900
-38.974 -16.203 -74.140
-39.429 -13.907 -71.443
-38.790 -16.399 -68.584
-39.478 -15.716 -64.936
-38.021 -18.209 -62.531
-38.973 -18.366 -58.892
-36.325 -20.141 -56.874
-37.797 -21.595 -53.700
-37.900 -24.018 -50.791
-41.080 -25.640 -49.423
-39.529 -25.047 -45.959
-40.438 -21.361 -46.683
-43.520 -19.312 -45.626
-42.941 -16.353 -48.005
-42.654 -18.666 -51.036
-45.972 -20.257 -50.050
-47.524 -16.795 -49.474
-46.615 -15.971 -53.068
-48.139 -19.121 -54.630
-51.607 -17.671 -55.418
-50.019 -14.480 -56.821
-47.488 -16.485 -58.868
-50.367 -18.669 -60.213
-52.525 -15.661 -61.205
-49.531 -14.105 -62.933
-49.000 -17.348 -64.884
-52.679 -17.562 -65.764
-52.668 -13.927 -67.010
-50.016 -14.849 -69.602
-51.280 -18.356 -70.432
-54.665 -16.850 -71.311
-53.280 -14.225 -73.692
-49.661 -14.907 -74.842
-46.889 -17.418 -75.466
-44.149 -14.678 -75.209
-43.735 -15.306 -71.450
-42.818 -18.402 -69.375
-43.512 -18.313 -65.623
-41.542 -21.135 -63.905
-40.462 -22.331 -60.465
-37.518 -24.430 -59.231
-37.127 -26.070 -55.803
-33.516 -25.083 -55.065
-33.595 -27.362 -52.020
-33.660 -30.290 -54.529
-31.853 -28.882 -57.579
-28.480 -27.294 -58.378
-28.395 -24.241 -60.627
-25.416 -22.207 -61.939
-24.915 -18.428 -61.982
-27.899 -17.359 -59.853
-27.470 -18.199 -56.187
-29.140 -15.536 -54.013
-28.979 -16.671 -50.371
-32.651 -16.693 -49.423
-36.053 -17.470 -50.792
-38.017 -16.415 -52.638
-35.477 -15.452 -55.329
-36.790 -14.339 -58.749
-34.835 -13.896 -61.935
-35.939 -12.812 -65.342
-34.357 -14.315 -68.367
-35.428 -12.151 -71.326
-33.432 -13.597 -74.268
-30.423 -15.490 -75.672
-29.041 -12.182 -76.997
-30.112 -10.282 -73.851
-28.277 -9.868 -70.511
-29.731 -11.837 -67.557
-28.687 -9.204 -64.956
-32.340 -8.735 -64.055
-32.742 -10.164 -60.609
-35.968 -8.733 -59.246
-36.144 -6.516 -56.229
-39.481 -5.238 -54.879
-42.667 -6.381 -53.177
-43.834 -9.580 -54.833
-46.984 -7.729 -55.681
-48.690 -8.753 -58.860
-48.269 -5.270 -60.338
-44.569 -5.019 -59.417
-44.126 -8.389 -61.129
-46.253 -7.427 -64.177
-44.318 -4.184 -64.429
-40.991 -5.958 -64.018
-41.692 -8.281 -66.923
-43.011 -5.316 -68.910
-40.047 -3.011 -68.173
-37.202 -5.574 -68.376
-38.721 -8.018 -70.873
-37.589 -8.419 -74.475
-41.203 -8.549 -75.675
-42.470 -5.587 -73.597
-45.470 -7.711 -72.592
-47.754 -5.310 -70.678
-49.343 -7.736 -68.171
-51.060 -4.941 -66.255
-52.985 -3.778 -69.376
-53.509 -7.399 -70.359
-54.802 -8.109 -66.797
-57.209 -5.142 -67.136
-58.390 -6.612 -70.436
-59.362 -10.023 -69.029
-61.324 -8.211 -66.318
-63.421 -6.127 -68.752
-63.926 -9.112 -71.112
-65.084 -11.177 -68.103
-67.705 -8.488 -67.456
-69.111 -9.841 -70.749
-67.691 -6.834 -72.581
