26.471 22.518 9.070
27.967 26.017 8.938
30.410 27.697 11.308
28.493 29.908 13.752
30.259 32.926 12.252
28.289 32.361 9.040
25.053 32.064 11.016
25.873 35.523 12.390
26.199 36.849 8.827
22.846 35.360 7.861
21.121 36.732 10.970
22.616 40.156 10.214
21.431 39.976 6.617
17.860 39.333 7.753
18.057 41.945 10.519
19.360 44.621 8.151
16.574 43.943 5.659
13.956 44.068 8.422
15.205 47.201 10.180
15.429 48.853 6.762
11.689 49.541 6.824
11.275 49.565 10.612
14.318 50.087 12.836
12.106 49.140 15.772
12.004 45.482 14.738
13.834 43.169 17.134
15.634 40.301 15.370
17.348 37.438 17.204
19.140 34.299 16.007
17.958 31.333 18.050
18.399 27.563 17.844
21.895 26.095 18.178
23.341 29.541 17.501
21.852 31.021 20.669
22.744 27.867 22.601
26.357 28.704 21.744
27.258 25.820 19.423
30.335 26.084 17.191
28.371 25.011 14.115
24.746 25.461 13.057
22.343 23.597 10.787
19.260 25.765 10.207
19.670 29.471 11.048
16.631 30.452 13.132
15.627 34.106 13.233
12.848 35.350 15.496
11.385 38.769 14.713
9.044 40.872 16.833
8.409 44.496 17.807
8.147 46.238 21.226
5.038 48.232 20.266
3.154 44.955 19.972
1.664 45.803 16.577
4.326 46.623 13.968
5.062 42.908 13.526
1.823 42.454 11.589
2.017 41.787 7.865
5.742 42.339 7.366
6.646 38.996 5.791
5.885 39.895 2.179
7.886 43.106 2.568
10.770 41.368 4.347
10.831 38.395 1.991
10.548 40.587 -1.105
13.472 42.649 0.150
15.581 39.540 0.735
14.656 38.293 -2.743
15.549 41.640 -4.303
19.174 41.203 -3.256
19.192 37.572 -4.377
19.721 36.332 -0.817
16.730 33.984 -0.793
17.085 31.307 -3.479
14.131 29.003 -2.787
11.054 28.801 -0.562
9.950 25.621 1.215
7.162 26.891 3.482
5.782 30.407 3.091
2.058 31.138 3.182
2.173 34.667 1.788
-1.505 34.735 0.780
-2.362 34.982 4.460
-1.464 38.179 6.265
-1.385 35.931 9.330
1.717 34.050 8.177
3.792 32.943 11.161
6.811 31.281 9.597
9.108 31.129 6.589
11.254 28.072 5.909
13.580 28.539 2.975
17.009 28.612 1.403
19.537 31.434 1.259
23.129 31.993 0.195
25.478 34.815 1.135
27.254 36.737 -1.677
30.749 35.995 -2.945
32.761 32.847 -3.774
32.966 29.740 -1.621
29.408 30.117 -0.357
26.937 27.276 0.124
23.146 27.279 0.193
21.883 27.287 3.775
18.532 26.620 5.433
16.877 29.701 6.931
13.847 29.660 9.225
12.133 32.904 10.202
9.245 33.398 12.610
7.436 36.681 13.254
5.598 36.902 16.560
3.615 39.480 18.556
5.518 40.988 21.494
3.205 39.382 24.072
4.440 35.955 22.959
8.103 36.955 22.676
9.287 34.936 25.684
7.505 31.723 24.711
8.522 32.106 21.059
12.138 32.713 22.086
12.151 29.743 24.450
10.673 27.552 21.724
12.992 28.674 18.907
16.081 28.419 21.113
15.395 24.777 21.982
16.806 22.271 21.928
13.898 20.231 20.581
14.281 17.576 23.258
14.583 20.296 25.898
11.317 21.818 24.660
9.541 18.465 24.754
10.785 17.803 28.291
9.681 21.240 29.465
6.239 20.919 27.860
5.847 17.427 29.325
6.604 18.851 32.765
4.068 21.627 32.263
1.372 19.056 31.467
2.047 17.172 34.714
1.233 20.413 36.522
-2.101 20.971 34.798
-0.504 23.604 32.585
0.381 23.789 28.889
3.411 25.261 27.157
3.779 26.158 23.485
5.581 28.697 21.310
2.524 30.917 21.802
2.063 30.813 25.560
2.248 29.165 28.953
-1.238 28.469 30.301
-2.536 27.352 33.682
-5.707 25.522 34.733
-5.806 23.661 31.432
-8.589 21.099 30.995
-7.605 17.747 29.495
-9.408 14.505 28.652
-8.448 11.005 29.807
-6.006 10.915 26.887
-4.141 14.025 28.004
-5.456 16.091 25.093
-6.247 19.752 25.733
-10.021 20.229 25.860
-10.120 23.422 27.919
-7.788 26.404 27.208
-7.344 27.502 30.812
-5.732 30.904 31.375
-2.692 32.335 29.590
-0.064 33.385 32.138
1.884 36.661 31.848
5.370 35.691 30.644
7.341 38.841 29.734
10.663 36.970 29.930
12.081 33.459 29.649
12.868 33.561 33.366
9.149 33.960 34.023
8.378 30.728 32.174
10.869 28.776 34.283
9.665 30.488 37.470
5.998 29.704 36.807
7.002 26.074 36.212
8.880 25.894 39.505
12.134 25.423 37.607
15.534 27.082 38.086
16.345 29.311 35.118
18.756 27.850 32.575
20.977 29.780 30.184
20.515 28.784 26.528
23.818 26.896 26.652
22.297 24.741 29.400
19.332 23.710 27.251
21.471 21.795 24.755
19.669 18.484 25.293
