-1.049 22.418 75.450
-3.887 24.859 76.086
-2.289 27.816 77.777
-3.272 31.424 78.336
-1.620 33.242 75.396
-1.196 36.257 77.719
0.829 34.316 80.308
4.427 32.975 80.040
7.322 33.440 77.653
7.073 34.258 73.885
9.672 31.597 73.375
11.493 29.215 75.602
15.022 28.040 74.737
16.156 24.702 76.129
19.930 24.867 76.048
23.052 23.342 77.568
25.405 20.465 76.738
25.658 16.725 77.314
28.977 14.891 77.894
29.113 11.750 75.864
32.173 10.443 77.746
34.756 12.028 80.119
36.273 14.351 77.478
33.760 14.907 74.636
30.409 16.697 74.592
27.904 18.364 72.327
25.875 21.537 72.750
22.159 21.854 71.936
19.692 24.652 71.707
15.950 24.206 71.027
13.241 26.812 70.608
9.727 26.112 71.953
6.371 27.893 71.897
4.623 28.166 75.291
2.187 25.494 73.934
5.082 22.993 73.962
5.752 22.737 70.275
9.375 22.762 69.047
10.014 25.523 66.419
13.730 25.006 65.716
16.677 22.981 66.846
20.487 23.081 66.513
23.101 20.662 67.898
26.877 21.464 67.788
29.468 19.020 66.414
31.127 16.828 69.087
33.830 18.919 70.682
36.016 18.737 73.745
35.094 20.256 77.156
37.577 23.052 76.711
35.412 24.226 73.743
32.100 24.253 75.675
31.415 28.024 76.053
32.502 28.825 72.484
30.029 26.299 71.049
27.284 27.054 73.581
27.134 30.676 72.395
27.195 29.788 68.651
24.679 26.997 68.821
22.186 29.331 70.620
22.779 32.102 68.049
22.226 29.629 65.197
19.002 28.369 66.686
17.629 31.942 67.125
18.847 32.986 63.554
16.932 29.912 62.353
13.777 30.631 64.321
13.868 34.302 63.183
14.363 33.600 59.480
11.285 31.328 59.487
9.266 33.592 61.859
10.302 37.151 60.873
7.362 38.803 62.646
7.354 36.793 65.888
8.342 39.500 68.446
10.167 38.211 71.514
9.527 40.461 74.499
9.643 37.682 77.134
12.321 35.089 76.902
13.283 32.199 79.195
16.331 29.929 79.017
15.998 26.454 80.405
19.642 25.228 80.983
20.160 21.498 81.489
22.468 18.503 80.894
25.610 16.829 82.406
28.022 19.511 81.270
31.286 21.016 82.631
30.921 22.837 86.023
31.469 26.399 85.164
28.365 28.166 86.437
29.575 31.767 86.655
31.415 31.606 83.331
28.412 29.921 81.759
25.922 32.532 83.072
28.195 35.328 81.815
28.344 33.772 78.336
24.547 33.232 78.259
23.949 36.880 79.260
26.445 37.974 76.503
24.594 35.831 73.914
21.213 37.515 74.741
22.969 40.962 74.549
24.289 40.083 71.096
20.834 38.813 69.927
19.296 42.174 71.177
21.962 44.152 69.108
21.079 42.045 66.024
17.244 42.638 66.479
16.535 38.907 66.904
14.699 39.626 70.163
13.419 42.979 71.614
16.074 45.410 72.799
13.988 45.560 75.976
13.408 41.861 76.283
12.553 40.585 79.847
14.374 37.377 80.345
15.338 34.799 82.891
18.013 32.193 82.757
17.050 29.092 84.736
18.867 25.828 85.744
16.480 22.818 85.630
17.824 19.737 87.450
16.102 16.426 88.245
16.622 15.616 91.930
16.211 12.409 94.041
12.592 11.046 94.261
10.730 10.902 97.636
7.448 9.417 98.977
4.584 11.109 100.685
3.414 8.543 103.286
1.078 17.502 92.708
1.826 20.587 90.692
3.151 22.072 93.966
5.549 25.045 93.950
8.079 25.201 96.810
10.365 28.124 97.442
13.652 27.185 99.071
15.247 30.650 98.833
14.530 33.849 96.783
16.314 32.166 93.794
15.796 28.367 94.374
12.510 26.597 93.773
11.164 23.026 93.514
8.319 21.901 91.375
6.943 18.580 92.488
5.256 16.159 90.162
3.680 12.751 90.495
5.755 9.970 89.062
4.711 9.241 85.457
4.246 5.535 86.535
3.155 5.807 99.731
2.830 8.412 96.954
6.021 8.754 94.775
7.158 12.252 93.756
9.744 13.399 91.235
10.946 16.905 92.112
12.486 19.265 89.662
14.902 21.855 90.940
14.593 25.329 89.403
17.162 28.010 90.032
16.981 31.563 88.693
20.644 32.350 88.003
20.023 35.616 86.114
17.025 37.823 85.208
16.461 41.525 84.422
13.060 41.580 86.253
12.053 44.558 88.439
11.637 44.050 92.177
7.873 44.756 91.609
7.344 42.230 88.705
9.464 39.639 90.498
7.064 37.375 92.513
4.494 37.450 89.741
7.069 36.355 87.100
8.277 33.577 89.370
4.724 32.121 89.462
4.429 32.349 85.625
7.773 30.659 84.898
6.998 27.834 87.406
3.524 27.317 85.920
5.068 27.194 82.427
7.606 24.555 83.508
4.655 22.499 84.858
2.694 22.854 81.529
5.830 21.825 79.487
6.194 18.712 81.692
2.918 17.571 80.242
4.090 17.775 76.607
5.587 14.519 75.180
5.252 13.435 71.492
7.101 10.165 72.117
3.838 8.384 73.114
0.474 8.977 74.920
1.693 8.999 78.470
3.051 12.287 79.895
6.829 12.100 80.785
6.219 14.516 83.704
9.491 16.146 82.597
9.708 19.495 80.824
9.962 19.009 77.023
12.898 21.517 77.107
14.856 19.059 79.310
13.428 15.782 77.869
13.950 16.288 74.087
17.693 17.216 74.508
18.152 13.943 76.478
16.624 12.021 73.549
19.147 13.648 71.068
22.088 12.881 73.381
21.339 9.200 73.409
21.491 9.155 69.607
24.502 11.515 69.249
26.506 9.478 71.886
25.783 6.020 70.389
26.131 7.003 66.779
29.614 8.229 67.735
30.424 5.071 69.736
29.210 2.636 66.973
30.640 4.647 64.076
27.344 5.411 62.218
26.761 8.450 59.922
27.084 11.766 61.892
23.825 13.658 62.178
18.967 20.510 56.025
16.121 22.811 57.241
14.200 19.526 57.599
16.127 18.182 60.662
15.927 21.697 62.161
12.121 21.712 62.340
11.422 17.978 62.775
11.540 15.865 65.973
13.812 13.149 64.435
15.053 12.217 67.933
11.753 10.769 69.218
