-9.229 23.816 30.070
-5.549 22.865 29.859
-3.145 25.281 28.173
-0.486 23.393 26.195
1.789 26.433 26.063
1.970 26.601 29.836
2.264 22.800 29.911
5.388 22.871 27.737
7.115 25.014 30.376
5.904 22.847 33.280
7.290 19.812 31.464
10.738 21.068 32.489
9.904 19.247 35.802
9.466 16.006 33.819
12.296 16.090 31.277
15.017 14.992 33.689
13.411 11.575 33.368
11.248 11.666 30.240
11.637 12.650 26.621
8.988 13.482 24.048
10.334 12.047 20.795
8.334 11.271 17.664
8.425 7.799 16.002
10.781 9.212 13.318
13.322 10.187 16.011
12.537 13.895 16.093
12.943 15.361 19.587
10.035 17.532 20.713
11.578 17.656 24.163
15.037 16.220 24.610
14.991 14.409 27.919
16.062 11.484 30.009
15.357 7.782 29.700
14.635 6.984 33.350
10.919 7.109 32.472
9.402 6.111 29.141
8.980 8.315 26.065
5.777 10.341 26.509
5.191 11.154 22.857
1.789 9.650 22.057
0.956 8.831 25.657
-2.612 10.160 25.476
-4.746 7.156 24.503
-1.803 4.762 24.908
-2.291 1.426 26.683
-1.057 1.676 30.274
2.577 0.548 30.669
3.063 -0.557 27.049
6.247 1.119 25.798
8.469 -1.498 24.126
11.601 -2.225 26.104
10.771 -0.122 29.147
11.174 -1.810 32.524
8.018 -0.883 34.431
7.397 -1.345 38.151
5.120 -4.105 39.456
2.181 -1.874 40.334
1.698 -0.198 36.966
2.125 -3.592 35.251
-0.641 -4.949 37.507
-2.894 -2.082 36.503
-2.400 -3.005 32.857
-2.690 -6.777 33.467
-5.966 -6.521 35.347
-7.435 -3.916 33.014
-6.444 -5.012 29.500
-8.437 -2.290 27.761
-7.145 0.530 29.922
-5.421 3.457 28.200
-4.174 6.843 29.414
-7.155 9.130 29.332
-6.772 12.826 29.969
-8.595 12.407 33.323
-6.347 9.555 34.483
-3.227 11.464 33.372
-4.215 14.491 35.417
-4.703 12.302 38.509
-1.497 10.298 38.003
0.627 13.427 37.350
-0.844 14.985 40.480
0.059 12.028 42.734
1.254 8.750 41.143
1.247 6.389 44.131
-2.357 6.686 45.281
-3.461 6.430 41.640
-1.731 3.041 41.475
-3.259 1.985 44.792
-6.683 3.012 43.498
-6.390 1.085 40.243
-4.774 -2.061 41.702
-6.736 -2.181 44.958
-3.370 -2.860 46.636
-2.102 -0.497 49.339
1.390 -1.968 48.770
1.470 -1.325 45.022
5.532 -0.972 44.086
6.864 2.043 42.232
9.906 4.288 42.741
8.030 7.036 40.881
6.369 9.320 43.427
7.015 12.707 41.814
3.955 14.928 42.354
3.116 17.943 40.227
1.363 20.467 42.424
-0.073 22.851 39.877
-0.751 23.249 36.186
-1.511 19.550 35.837
-4.186 19.962 33.170
-1.715 22.226 31.338
1.010 19.568 31.193
-1.584 17.008 30.073
-2.706 19.413 27.285
0.931 19.567 26.171
1.071 15.740 26.154
-2.178 15.665 24.143
-0.746 18.128 21.608
2.025 15.585 21.039
-0.399 12.657 20.817
-1.826 13.647 17.405
-3.266 10.213 16.707
-5.084 9.699 20.022
