-6.152 20.735 -2.699
-8.338 20.033 0.315
-8.831 17.280 2.844
-12.531 16.385 2.938
-14.504 14.888 5.858
-17.202 12.222 5.879
-19.448 11.938 8.910
-21.136 8.640 9.700
-24.155 9.542 11.833
-25.605 7.121 14.379
-27.918 7.376 17.371
-27.281 5.825 20.785
-29.707 5.321 23.663
-27.841 6.759 26.621
-24.277 7.885 26.730
-22.059 6.559 23.853
-18.677 7.837 24.989
-19.164 10.165 27.999
-17.507 13.201 26.365
-17.952 15.579 23.424
-14.876 14.504 21.445
-12.838 11.317 21.494
-9.755 11.160 19.258
-8.491 7.839 17.881
-4.798 8.436 17.231
-3.950 5.057 15.652
-4.103 4.188 11.946
-5.535 0.860 13.180
-8.755 2.863 13.655
-10.230 4.199 10.327
-12.102 7.171 11.809
-10.090 10.103 13.247
-12.555 10.873 16.035
-16.047 10.322 17.341
-18.092 13.338 18.430
-21.071 13.018 20.799
-23.034 16.185 20.112
-25.156 16.373 23.275
-21.927 16.972 25.261
-21.635 20.380 23.555
-24.755 21.433 25.491
-24.157 20.413 29.159
-27.104 22.632 30.224
-29.418 20.256 28.308
-30.334 16.652 29.077
-31.082 14.093 26.376
-31.877 10.387 26.664
-30.967 9.672 23.049
-27.596 10.613 21.652
-26.554 11.577 18.111
-22.913 10.772 17.356
-20.548 11.217 14.396
-17.766 8.920 13.334
-15.479 11.234 11.380
-13.328 10.082 8.419
-10.722 12.105 6.513
-9.880 11.769 2.793
-8.650 13.568 -0.357
-11.284 16.038 -1.549
-12.783 14.898 -4.860
-15.540 15.968 -7.276
-18.589 17.360 -5.450
-17.001 16.767 -2.028
-17.390 19.572 0.512
-13.956 21.173 1.157
-12.790 21.163 4.782
-9.021 21.524 5.421
-6.860 23.305 2.780
-3.621 21.388 2.109
