0.207 -3.487 22.813
0.512 -0.143 24.562
3.716 1.155 22.954
4.776 3.578 25.683
3.970 1.000 28.385
6.017 -1.697 26.561
8.876 0.817 26.275
8.795 1.256 30.038
9.030 -2.551 30.438
12.046 -2.633 28.135
13.618 0.173 30.198
13.011 -1.889 33.300
13.819 -5.494 32.303
15.337 -5.242 28.796
18.197 -3.319 27.242
18.091 -0.365 24.871
20.039 2.559 23.489
18.897 5.964 22.198
19.666 8.384 19.442
21.218 8.359 15.994
24.923 7.582 16.695
24.363 4.738 19.165
21.536 3.278 17.086
23.680 3.260 13.957
26.423 1.502 15.940
23.909 -1.070 17.147
22.887 -1.804 13.536
26.400 -1.966 12.043
27.442 -4.233 14.938
24.283 -6.407 14.873
23.171 -5.772 18.508
19.772 -4.267 17.602
16.586 -6.345 17.576
14.303 -3.505 16.398
14.486 0.230 15.920
11.645 2.651 16.631
11.953 5.893 14.653
10.124 9.153 15.481
7.963 10.496 12.682
9.808 13.834 12.565
13.344 12.581 12.805
15.579 14.770 10.697
15.124 13.336 7.195
18.808 12.603 6.463
19.213 10.847 9.773
15.914 8.986 9.165
17.047 7.837 5.751
20.379 6.637 7.272
18.599 4.727 10.002
16.262 3.028 7.543
19.242 2.240 5.295
21.258 0.586 8.055
18.196 -1.320 9.365
17.604 -2.731 5.888
21.278 -3.471 5.460
21.412 -5.392 8.742
17.999 -7.081 8.390
16.699 -5.328 11.531
13.006 -4.489 11.728
11.819 -0.866 11.868
8.685 0.477 13.569
7.599 4.012 12.646
6.483 5.729 15.827
3.472 7.853 14.907
4.426 10.630 17.319
7.139 13.229 17.388
10.642 13.031 18.779
9.186 15.071 21.633
6.586 12.404 22.372
9.132 9.598 21.929
11.416 11.216 24.542
8.533 11.455 26.969
7.732 7.750 26.308
11.254 6.740 27.361
11.380 9.075 30.396
13.874 11.583 28.965
13.629 15.394 29.213
14.770 15.839 25.623
13.715 14.723 22.165
14.562 11.179 21.115
14.837 10.412 17.364
15.127 6.681 17.653
15.138 3.844 20.209
17.161 0.732 19.536
16.008 -2.390 21.332
19.018 -4.489 22.356
17.062 -6.924 24.529
13.237 -7.074 24.789
13.353 -8.170 28.460
9.885 -9.134 29.701
8.221 -6.778 27.182
6.167 -7.418 24.038
8.057 -4.649 22.219
9.177 -6.987 19.398
5.565 -7.312 18.226
6.100 -3.800 16.765
8.417 -5.368 14.141
5.398 -6.346 12.040
5.452 -8.721 9.092
8.709 -10.421 8.075
