145.904 120.093 6.364
143.242 119.064 8.860
144.709 116.949 11.638
143.165 114.998 14.495
145.383 114.231 17.498
144.608 111.205 19.672
146.468 111.758 22.967
146.568 108.660 25.163
145.204 108.957 28.658
148.205 107.242 30.231
150.526 109.746 28.562
148.389 112.654 29.767
147.814 111.231 33.262
150.471 108.552 34.129
149.489 108.714 37.804
148.519 112.308 38.475
148.219 114.750 35.574
151.627 115.103 33.900
151.785 118.914 33.858
155.039 119.020 31.906
153.700 116.904 29.054
150.408 118.823 28.997
152.209 122.161 28.804
154.584 120.884 26.130
152.001 119.136 23.970
149.800 122.257 24.271
152.656 124.397 22.879
153.189 121.916 20.032
149.474 121.806 19.164
149.374 125.611 19.218
152.318 125.809 16.804
150.722 123.268 14.503
147.385 125.114 14.586
149.116 128.182 13.116
149.177 126.478 9.707
146.632 123.683 10.090
143.175 122.930 11.422
143.610 120.973 14.654
141.167 118.854 16.681
141.981 116.759 19.758
140.719 113.704 21.659
142.210 112.702 25.049
141.944 109.463 27.050
141.371 108.685 30.729
144.622 107.253 32.063
145.391 106.264 35.655
142.544 108.310 37.129
140.073 106.500 34.867
141.348 103.094 35.954
141.151 104.056 39.641
137.545 105.236 39.424
136.580 102.329 37.198
138.126 99.808 39.608
136.180 101.315 42.501
133.014 100.796 40.455
133.963 97.172 39.816
134.192 96.610 43.574
130.490 97.513 43.758
129.610 95.186 40.889
128.521 97.969 38.549
127.797 97.004 34.942
130.526 97.432 32.330
128.344 100.103 30.713
128.355 102.259 33.843
132.108 101.721 34.060
132.577 103.072 30.541
130.389 106.057 31.453
132.664 106.736 34.405
135.686 106.529 32.149
134.110 108.962 29.721
133.466 111.372 32.588
137.149 111.171 33.601
138.364 111.772 30.027
136.372 115.011 29.944
137.942 116.290 33.167
141.275 115.464 31.517
140.170 117.260 28.349
139.564 120.367 30.451
143.197 120.360 31.524
144.281 120.469 27.862
141.716 123.195 27.060
143.162 125.170 29.981
146.627 124.630 28.480
145.556 125.658 24.947
144.404 128.993 26.392
142.711 131.342 23.896
143.270 128.894 21.027
140.964 126.299 22.554
137.232 125.858 22.051
136.055 126.626 25.672
134.068 123.491 26.279
134.657 119.766 26.145
133.211 118.750 22.790
130.764 115.839 23.039
129.847 115.156 19.427
131.460 115.410 16.000
129.437 118.227 14.430
130.285 120.405 17.436
133.968 119.722 16.722
133.318 120.751 13.114
131.852 123.976 14.497
134.922 124.725 16.646
137.082 124.289 13.546
134.911 126.780 11.635
135.595 129.256 14.451
139.367 128.740 14.116
139.493 127.132 17.550
140.792 123.794 18.782
138.059 121.421 19.917
139.111 118.931 22.603
137.020 115.788 23.079
136.846 113.192 25.818
134.910 109.960 25.266
131.430 109.745 23.718
129.768 106.334 23.966
130.149 103.119 26.030
131.963 100.270 24.289
134.455 102.539 22.512
137.809 103.897 23.526
139.080 107.400 22.819
141.068 105.807 19.976
137.775 104.911 18.276
136.482 108.416 18.988
139.587 109.916 17.330
139.174 107.739 14.258
135.469 108.561 13.855
136.262 112.251 14.404
138.967 112.124 11.710
136.595 110.286 9.385
133.815 112.820 10.034
136.075 115.846 9.452
137.684 114.130 6.459
140.987 114.869 8.175
144.178 114.382 6.219
145.868 112.816 9.194
145.315 110.965 12.467
148.214 111.196 14.914
148.096 108.757 17.830
150.437 109.774 20.681
150.618 106.854 23.109
152.763 104.937 25.630
154.755 103.132 22.899
157.321 104.031 20.212
154.969 102.832 17.485
153.432 99.565 16.317
155.363 96.382 17.110
154.999 92.703 16.223
154.252 92.188 19.927
154.049 94.091 23.217
157.451 95.952 23.444
157.081 96.373 27.190
156.968 92.582 27.582
157.924 90.389 24.604
161.696 90.593 23.810
161.175 89.679 20.152
158.819 92.613 19.559
160.000 94.424 16.430
158.709 97.781 15.190
156.899 97.878 11.853
157.703 101.256 10.272
154.959 101.045 7.632
151.828 98.996 7.033
148.344 98.996 5.523
145.071 99.016 7.493
144.674 95.286 6.829
147.942 94.518 8.598
147.045 96.719 11.563
143.804 94.743 11.794
145.755 91.471 11.924
148.199 92.698 14.569
145.373 94.219 16.622
143.028 91.241 16.494
145.831 88.924 17.608
146.920 96.313 21.578
148.355 99.720 20.651
145.012 100.524 19.019
141.756 98.665 19.690
139.612 96.740 17.105
136.848 99.303 16.572
139.362 102.129 16.063
141.256 99.796 13.729
138.103 98.929 11.768
137.294 102.618 11.322
140.802 103.354 10.077
140.438 100.453 7.634
136.928 101.311 6.374
137.935 104.886 5.471
141.649 104.481 4.786
142.624 107.215 7.274
146.352 107.991 7.165
147.419 107.251 10.733
150.678 107.922 12.553
151.511 106.203 15.836
154.226 107.825 17.945
155.446 107.984 21.545
155.926 111.169 23.530
159.563 111.554 22.460
158.534 112.190 18.847
155.608 114.225 20.226
158.150 116.854 21.314
158.174 118.177 17.709
154.822 117.845 15.883
155.870 119.855 12.826
158.454 117.193 12.010
156.047 114.377 12.844
153.508 115.883 10.427
156.118 115.857 7.652
156.737 112.145 8.133
159.951 112.734 10.087
159.501 110.425 13.088
160.457 106.992 14.384
156.888 105.820 14.774
154.548 103.755 12.603
152.632 105.049 9.585
149.436 103.242 8.599
147.797 104.005 5.243
146.157 102.240 2.251
