-0.632 -61.042 52.202
0.186 -58.053 49.894
3.555 -57.899 48.094
6.076 -55.170 48.800
5.790 -53.968 45.175
2.049 -53.579 45.640
2.382 -51.743 48.986
4.674 -49.266 47.357
2.202 -48.654 44.521
-0.479 -48.169 47.152
1.579 -45.563 48.985
2.336 -43.982 45.592
-1.382 -43.399 45.071
-1.760 -41.934 48.533
1.191 -39.637 48.310
-0.107 -38.250 45.074
-3.434 -37.865 46.849
-1.566 -35.830 49.427
-2.260 -38.372 52.175
1.350 -38.106 53.464
1.003 -39.692 56.899
-0.922 -42.585 55.282
1.407 -43.181 52.325
4.432 -43.057 54.602
2.925 -45.757 56.815
2.294 -47.643 53.575
5.961 -47.577 52.609
6.726 -48.867 56.106
4.999 -52.169 55.471
6.783 -52.515 52.149
10.056 -51.999 53.952
9.399 -54.584 56.612
8.535 -56.897 53.711
11.837 -56.252 51.908
14.425 -53.883 53.423
16.778 -54.281 50.490
15.154 -51.722 48.152
16.346 -48.116 47.979
13.224 -46.644 46.328
11.059 -47.350 49.410
13.284 -45.503 51.813
13.718 -42.396 49.626
10.015 -42.323 49.033
9.182 -42.524 52.692
11.800 -39.879 53.264
9.779 -37.492 51.055
6.656 -38.161 53.119
8.430 -37.275 56.298
9.686 -34.046 54.784
6.189 -33.066 53.588
5.122 -34.047 57.086
7.738 -31.586 58.392
9.815 -34.153 60.293
13.428 -34.230 58.999
14.261 -36.329 62.040
12.849 -39.418 60.351
13.668 -38.547 56.754
17.319 -38.048 57.719
17.428 -41.603 59.078
15.565 -43.168 56.108
18.002 -41.531 53.682
20.837 -42.809 55.771
19.652 -46.252 54.681
18.684 -45.756 51.071
22.277 -44.742 50.551
23.556 -47.888 52.268
21.921 -49.777 49.389
22.848 -47.189 46.728
25.477 -44.593 47.423
24.918 -43.292 43.943
21.280 -42.343 44.616
20.617 -38.850 43.285
17.331 -38.574 45.086
18.740 -39.937 48.361
21.486 -37.261 48.264
19.129 -34.522 47.266
16.690 -35.305 50.066
19.381 -35.946 52.594
20.728 -32.473 51.924
17.230 -31.090 52.097
16.822 -32.393 55.688
20.130 -31.029 56.851
18.723 -27.633 55.849
15.983 -27.936 58.467
18.486 -29.194 61.043
20.399 -26.054 60.077
23.578 -27.830 58.998
23.939 -25.415 56.111
27.451 -26.597 55.272
26.659 -30.300 54.822
23.296 -29.584 53.237
24.773 -27.533 50.378
27.442 -30.221 50.038
25.042 -33.092 49.458
22.982 -30.922 47.148
26.224 -30.053 45.371
27.003 -33.772 45.108
23.453 -34.786 44.283
23.831 -32.328 41.407
26.981 -33.818 39.979
25.580 -37.338 40.115
22.419 -36.208 38.357
24.510 -34.568 35.657
26.753 -37.647 35.480
23.858 -40.127 35.247
22.466 -37.986 32.477
19.282 -37.384 34.491
17.151 -34.298 34.091
15.256 -32.237 36.673
16.286 -28.701 35.861
16.147 -25.871 38.399
14.939 -28.317 40.970
18.570 -28.746 42.070
20.483 -25.526 41.290
17.436 -23.725 42.662
17.268 -25.474 46.028
21.015 -25.341 45.944
20.991 -21.593 45.436
18.293 -21.385 48.074
20.321 -23.343 50.606
23.261 -21.051 49.859
21.116 -18.010 50.580
19.561 -19.376 53.783
23.052 -20.274 54.963
24.517 -16.825 54.348
21.491 -15.381 56.102
22.747 -17.130 59.155
26.302 -15.918 59.545
25.088 -12.571 58.293
22.763 -11.949 61.215
25.625 -13.327 63.220
27.929 -10.393 62.489
28.561 -7.685 65.060
29.025 -4.656 62.779
30.572 -2.872 65.815
28.431 0.133 66.791
30.589 3.278 66.800
32.190 5.955 68.908
29.546 8.651 68.344
26.866 6.009 68.008
27.207 4.223 71.323
27.022 7.768 72.734
24.000 9.350 71.055
22.369 5.944 71.161
22.044 6.210 74.928
21.519 10.001 74.954
18.117 9.269 73.464
17.268 6.335 75.738
18.108 8.811 78.516
15.816 11.611 77.355
13.180 8.879 77.179
13.414 7.952 80.884
13.193 11.636 81.880
9.715 11.492 80.351
8.263 7.991 80.698
9.738 7.615 84.185
9.963 11.323 85.074
6.957 13.070 83.571
4.447 10.235 83.231
3.566 9.885 86.903
3.434 13.733 86.852
-0.385 13.423 86.889
-1.460 10.019 88.310
-4.932 11.498 88.727
-5.377 13.739 85.661
-4.122 10.775 83.571
-5.020 7.285 84.898
-4.032 3.963 83.270
-5.967 4.371 80.016
-4.701 7.900 79.305
-0.932 7.789 79.762
-0.997 4.189 78.505
-1.321 5.850 75.082
0.574 8.980 76.146
3.407 6.518 76.790
3.815 4.893 73.413
2.883 8.367 72.111
6.295 9.778 73.005
8.052 6.394 72.710
7.343 6.443 68.992
8.613 10.058 68.857
11.975 8.792 70.088
11.898 5.393 68.345
11.661 7.373 65.130
14.023 10.198 65.996
16.540 7.413 66.467
15.234 5.551 63.463
16.306 8.447 61.207
19.667 8.246 62.927
20.347 4.572 62.245
19.856 5.247 58.559
22.510 7.920 58.970
25.194 5.640 60.342
24.331 3.169 57.606
24.364 5.472 54.596
27.472 7.198 55.948
29.892 5.101 53.878
29.228 2.282 56.352
29.318 -1.368 55.311
26.908 -2.068 58.178
24.236 -2.288 55.451
