-3.877 -4.671 4.524
-2.807 -6.825 7.416
0.206 -4.862 8.579
3.133 -6.574 10.274
5.917 -4.655 12.010
9.664 -4.935 12.334
10.020 -7.501 15.134
12.417 -9.774 17.087
12.905 -10.892 20.681
13.259 -8.285 23.414
16.933 -9.317 23.974
17.644 -9.090 20.225
16.131 -5.611 20.090
18.316 -4.428 23.012
21.427 -5.119 20.935
19.983 -4.045 17.572
21.195 -0.950 15.641
17.849 -0.664 13.872
16.496 2.882 14.136
12.669 3.012 13.954
11.186 6.077 12.206
9.265 8.607 14.244
5.982 6.750 15.247
7.061 3.548 13.493
6.188 0.570 15.672
8.570 -2.330 16.505
7.391 -5.423 18.273
9.002 -7.729 20.876
7.974 -11.209 19.730
8.502 -12.948 23.120
6.825 -10.302 25.260
4.010 -9.054 22.996
5.004 -5.418 23.719
5.481 -2.608 21.208
7.538 0.580 21.238
7.399 3.397 18.746
10.445 5.115 17.187
11.500 8.735 17.677
13.627 8.649 14.505
16.929 8.484 16.383
16.949 6.302 19.487
17.740 2.622 19.447
14.930 0.314 20.564
16.145 -0.238 24.102
16.007 3.504 24.571
12.387 3.839 23.407
9.516 3.846 25.826
6.499 1.524 25.604
3.494 2.708 23.609
1.228 3.164 26.634
1.885 4.691 30.091
3.547 2.811 32.909
3.227 5.593 35.497
1.518 4.596 38.758
0.042 8.119 39.058
-1.972 7.573 35.856
-3.713 4.346 36.945
-7.437 4.102 37.650
-8.761 2.113 40.644
-5.701 2.863 42.723
-5.639 1.483 46.275
-6.179 3.966 49.080
-2.460 4.335 49.920
-2.969 7.466 51.989
-5.264 5.449 54.295
-2.549 2.905 55.160
-0.392 3.291 58.292
3.383 3.781 57.867
5.880 1.766 59.897
7.300 5.037 61.193
4.009 6.556 62.368
2.973 3.272 63.984
6.278 2.950 65.845
5.987 6.589 67.024
2.550 5.930 68.473
3.532 2.594 70.037
6.411 4.428 71.777
3.806 6.230 73.949
2.182 2.969 75.054
3.072 1.009 78.159
4.767 -2.368 77.753
3.004 -5.279 79.437
6.279 -6.467 80.970
6.915 -3.238 82.876
3.509 -2.537 84.474
1.419 -4.511 87.026
-2.040 -5.761 86.131
-4.974 -4.672 88.320
-5.021 -8.236 89.657
-1.327 -7.958 90.567
-1.834 -4.480 92.096
-4.732 -5.798 94.203
-2.609 -8.727 95.366
0.092 -6.304 96.541
-2.283 -3.766 98.119
-4.182 -6.431 100.061
-0.930 -7.175 101.916
-0.789 -3.632 103.326
-2.651 -2.050 106.256
-5.619 0.214 105.665
-5.848 3.395 107.693
-9.490 2.380 108.200
-8.407 -0.592 110.298
-7.073 -4.089 109.813
-5.695 -7.236 111.379
-1.950 -7.505 111.886
-0.614 -11.075 111.849
3.022 -10.195 112.596
4.997 -7.895 114.865
4.642 -4.159 114.620
8.016 -2.625 115.638
8.688 1.026 116.399
12.184 2.471 116.203
11.529 6.243 116.135
13.552 8.105 113.473
1.682 15.480 121.654
4.097 12.601 121.749
4.394 8.844 121.713
5.558 6.435 119.071
1.907 5.399 119.476
-0.522 8.275 120.210
-4.169 7.608 120.980
-6.620 10.477 121.391
-10.010 9.395 122.702
-11.346 12.937 123.306
-14.120 12.532 120.705
-15.088 8.864 121.163
-16.521 6.546 123.856
-14.372 3.431 123.194
-11.227 2.130 124.953
-7.653 3.017 123.909
-5.517 -0.119 124.226
-7.184 -3.431 124.906
-4.986 -6.458 125.542
-6.405 -9.841 126.529
-5.644 -13.474 126.662
-7.857 -16.456 127.120
-4.857 -18.708 126.610
-4.242 -21.396 129.276
-0.653 -20.323 129.675
1.952 -18.144 128.029
5.638 -17.274 127.979
5.159 -13.526 128.247
3.108 -10.917 130.113
0.262 -9.021 128.436
2.346 -5.860 128.748
5.949 -5.228 129.653
7.763 -1.940 130.425
11.532 -2.052 130.941
14.303 0.523 131.458
17.939 -0.515 131.399
20.161 2.380 132.516
20.639 3.577 136.134
20.453 7.213 134.963
17.051 6.819 133.318
15.134 9.912 134.344
11.506 9.176 133.424
8.920 6.714 134.717
7.963 3.490 133.006
4.284 4.369 133.523
2.840 7.782 134.339
-0.916 8.138 135.075
-2.179 11.717 135.224
-5.855 11.413 136.151
-8.921 13.627 136.491
-12.286 11.932 136.885
-15.009 10.461 139.039
-13.746 6.853 139.274
-10.501 5.078 140.233
-7.493 6.129 138.197
-6.137 2.573 138.264
-8.259 -0.450 139.200
-6.761 -3.941 139.601
-9.171 -6.800 140.205
-7.829 -10.276 140.935
-10.947 -12.376 140.411
-11.731 -15.235 142.769
-10.137 -18.382 141.269
-12.046 -21.710 141.067
-9.526 -22.910 143.599
-7.295 -20.535 145.711
-3.650 -20.016 144.741
-0.512 -18.115 145.919
-0.924 -15.048 143.776
-1.357 -11.305 144.519
-3.106 -8.490 142.614
0.003 -6.300 143.047
3.562 -7.294 143.879
6.324 -4.715 144.307
9.972 -5.184 145.077
12.763 -2.630 145.346
16.452 -3.097 145.997
17.116 0.631 146.239
18.363 1.518 149.738
17.916 5.289 149.398
14.222 5.464 148.487
10.961 3.987 149.825
9.762 1.082 147.764
6.376 2.766 147.773
5.224 6.229 148.603
1.624 7.396 149.050
0.314 10.852 149.788
-3.320 11.972 150.093
-5.342 14.801 151.493
-8.547 13.257 152.686
-11.013 15.218 154.801
-12.495 12.235 156.659
-10.994 9.031 155.343
-7.675 7.237 155.416
-4.983 7.938 152.855
-4.685 4.158 152.579
-7.838 2.188 153.375
-7.431 -1.612 153.794
-10.396 -3.933 154.255
-10.046 -7.642 155.053
-13.234 -9.603 154.269
-13.712 -13.170 155.587
-13.633 -15.490 152.508
-16.001 -17.845 154.426
-19.304 -17.696 156.234
-17.552 -19.559 159.092
-17.005 -17.145 162.043
-13.468 -18.220 162.692
-12.322 -19.457 159.289
-9.980 -16.470 158.967
-8.529 -16.651 162.487
-5.026 -16.539 161.000
-5.632 -13.588 158.599
-4.846 -9.846 159.089
-5.549 -6.631 157.211
-1.831 -5.725 157.481
1.089 -8.077 158.072
4.663 -6.812 158.494
7.872 -8.825 158.552
11.319 -7.428 159.360
14.175 -9.682 158.074
17.953 -9.790 157.687
19.893 -10.065 154.421
20.777 -13.656 153.357
24.032 -14.358 155.160
23.645 -11.223 157.182
24.246 -10.837 160.886
20.764 -9.425 161.732
18.595 -6.351 161.442
17.695 -3.303 163.537
14.823 -2.063 161.367
11.653 -0.839 163.088
8.180 -2.231 162.460
5.827 0.740 162.283
7.034 4.336 162.685
4.421 7.122 163.118
5.269 10.805 163.331
3.652 14.176 162.669
6.432 16.525 161.569
4.188 19.542 161.925
2.258 18.432 165.079
-1.176 16.771 165.042
-3.921 17.068 167.665
-5.407 13.718 166.459
-5.013 10.315 168.117
-1.868 8.726 166.751
-3.235 5.157 167.031
-6.945 4.432 167.546
-8.185 0.839 167.786
-11.907 0.091 167.754
-14.167 -2.935 167.443
-17.886 -2.541 166.438
-17.062 1.149 166.212
-16.359 1.351 169.961
-12.914 2.747 171.117
-10.985 -0.198 172.657
-7.414 1.149 172.896
-5.820 4.354 171.701
-2.663 6.484 171.979
-3.484 10.173 172.248
-1.523 12.915 170.482
0.555 13.352 173.711
1.413 9.664 174.087
-0.902 8.785 176.977
-2.968 5.637 176.206
-6.376 4.170 177.006
-7.236 0.454 177.214
-10.875 -0.560 177.740
-10.245 -3.832 179.616
-8.077 -5.617 182.171
-4.491 -5.864 180.888
-1.218 -7.641 181.802
2.515 -6.788 181.894
4.906 -9.743 182.518
7.245 -7.350 184.280
7.175 -4.250 186.460
5.605 -0.910 185.558
7.665 2.265 186.308
5.308 5.257 186.845
4.641 8.399 188.955
3.451 8.585 192.568
-0.346 8.647 192.746
-2.245 11.865 193.326
-5.859 10.737 192.766
-7.694 7.871 194.383
-7.828 5.852 191.202
-4.132 6.168 190.407
-1.879 3.111 190.679
0.239 3.382 193.807
4.028 3.062 193.654
6.210 1.082 196.028
7.491 4.449 197.405
3.912 5.542 198.150
3.182 2.301 200.020
6.486 2.290 201.917
5.977 5.904 203.042
2.387 5.258 204.167
3.547 2.243 206.178
6.475 4.221 207.742
4.206 7.138 208.766
1.699 4.835 210.344
4.528 3.102 212.255
5.869 6.461 213.583
2.288 7.572 214.454
1.393 4.442 216.377
4.618 4.098 218.338
4.446 7.697 219.444
