-1.936 -86.842 1.555
-0.135 -85.203 -1.382
-0.190 -81.584 -0.215
2.954 -80.634 -2.156
1.775 -81.472 -5.674
-0.533 -78.548 -6.471
-0.874 -74.984 -5.125
-2.400 -75.128 -1.647
-4.785 -72.273 -2.445
-6.113 -73.738 -5.695
-9.517 -75.413 -6.017
-8.095 -78.863 -6.735
-4.920 -78.335 -4.722
-6.840 -77.345 -1.593
-8.483 -80.765 -1.505
-5.050 -82.380 -1.475
-4.496 -80.656 1.859
-5.393 -82.181 5.220
-8.829 -80.944 6.340
-8.603 -80.145 10.060
-12.301 -80.048 11.004
-14.200 -83.251 10.280
-17.360 -85.165 11.145
-18.953 -82.452 13.290
-22.427 -82.568 14.791
-23.713 -79.963 12.332
-26.946 -80.719 10.449
-26.784 -82.742 7.271
-26.029 -80.245 4.511
-25.047 -77.409 6.861
-24.051 -74.266 4.989
-21.438 -73.222 7.564
-19.062 -76.198 7.787
-17.974 -76.344 4.151
-16.393 -72.888 4.501
-14.615 -73.656 7.770
-13.207 -76.975 6.566
-11.550 -75.256 3.599
-10.164 -72.459 5.764
-8.341 -75.116 7.795
-6.927 -76.628 4.602
-5.218 -73.290 3.947
-4.148 -72.036 7.404
-5.139 -74.801 9.821
-1.638 -75.637 11.048
-0.999 -72.125 12.383
-4.334 -70.621 13.337
-6.033 -69.518 16.545
-9.825 -69.550 16.593
-11.899 -67.279 18.820
-15.392 -68.657 18.244
-18.530 -66.763 19.217
-21.233 -68.873 20.848
-23.732 -70.193 18.336
-24.079 -73.057 15.893
-20.376 -72.879 15.080
-19.459 -73.261 18.759
-22.046 -76.031 19.143
-21.032 -78.250 16.221
-17.531 -77.018 16.878
-17.199 -78.149 20.489
-20.113 -80.035 22.058
-18.475 -82.459 24.493
-17.332 -85.148 23.931
-17.209 -84.656 20.157
-14.340 -82.480 18.919
-14.296 -82.160 15.077
-11.226 -79.933 14.892
-8.090 -82.063 14.604
-4.332 -81.961 14.051
-2.391 -82.739 10.886
0.259 -85.459 10.572
2.732 -83.198 12.385
0.441 -82.670 15.373
-0.358 -79.064 14.422
-3.941 -77.815 14.397
-6.346 -74.939 15.160
-6.079 -73.709 18.766
-9.827 -73.368 19.360
-11.690 -71.487 22.053
-15.211 -70.290 22.819
-15.264 -67.490 25.375
-18.769 -66.002 25.276
-21.405 -64.980 22.717
-20.792 -61.241 23.037
-16.985 -61.134 23.073
-15.639 -63.175 20.140
-13.851 -60.258 18.458
-12.288 -58.964 21.685
-11.347 -62.515 22.709
-9.473 -62.976 19.422
-7.974 -59.488 19.688
-6.542 -60.585 23.044
-4.927 -63.640 21.462
-3.434 -61.218 18.922
-2.121 -58.969 21.728
-0.404 -61.943 23.374
1.298 -63.028 20.168
2.424 -59.445 19.618
3.901 -59.077 23.107
5.503 -62.517 23.168
6.884 -62.484 19.619
8.216 -58.983 20.158
9.970 -60.385 23.232
11.414 -63.128 21.029
12.444 -60.489 18.484
14.296 -58.468 21.126
16.088 -61.619 22.292
17.024 -62.415 18.691
18.459 -58.924 18.227
20.536 -59.275 21.386
21.755 -62.681 20.204
23.022 -61.051 17.011
25.239 -58.851 19.179
26.923 -61.868 20.782
29.405 -64.612 19.894
26.633 -66.823 18.502
27.762 -68.979 15.555
27.564 -67.818 11.959
24.760 -70.227 11.106
22.765 -69.148 14.162
23.153 -65.424 13.453
22.278 -66.141 9.831
19.025 -67.825 10.876
18.222 -65.116 13.430
18.615 -62.364 10.835
16.446 -64.381 8.488
13.696 -64.833 11.060
13.786 -61.162 12.083
13.536 -60.106 8.446
10.521 -62.325 7.829
8.919 -62.812 11.242
5.503 -61.671 9.993
5.727 -63.697 6.778
4.222 -67.218 7.050
6.847 -68.641 4.677
10.047 -66.942 5.834
9.169 -67.152 9.534
8.741 -70.915 9.221
11.808 -71.299 7.016
14.209 -69.729 9.498
12.212 -70.797 12.530
12.727 -74.424 11.525
16.454 -73.793 11.069
16.670 -72.340 14.587
14.911 -75.385 16.031
17.652 -77.608 14.617
20.565 -75.259 15.317
19.483 -74.558 18.902
18.341 -78.078 19.777
19.544 -78.955 23.265
20.463 -75.383 24.210
19.351 -74.562 27.762
21.584 -71.684 28.881
21.661 -67.931 28.406
20.101 -66.013 25.533
20.168 -68.902 23.062
18.494 -71.004 25.729
15.603 -68.567 26.024
15.191 -68.349 22.251
15.249 -72.140 21.913
12.379 -72.448 24.396
10.172 -70.168 22.288
9.942 -72.411 19.218
6.139 -72.386 19.235
6.365 -68.636 18.570
8.663 -68.869 15.508
6.092 -69.339 12.747
3.768 -66.404 12.058
0.339 -67.350 13.397
-3.053 -66.572 11.867
-5.637 -65.256 14.329
-9.229 -65.869 13.292
-12.530 -64.826 14.832
-15.460 -67.073 13.841
-19.080 -66.145 14.419
-22.598 -66.087 13.029
-24.643 -63.091 11.858
-26.349 -62.705 15.226
-22.952 -62.198 16.833
-21.550 -59.952 14.096
-24.614 -57.795 13.426
-26.145 -57.636 16.888
-24.641 -58.593 20.254
-20.989 -58.684 19.253
-21.139 -55.787 16.795
-19.752 -53.179 19.195
-16.697 -55.325 19.843
-16.317 -56.318 16.194
-16.467 -52.669 15.165
-13.817 -51.726 17.717
-11.483 -54.593 16.862
-11.598 -53.860 13.135
-10.987 -50.178 13.927
-7.804 -51.174 15.786
-5.891 -51.762 12.568
-4.287 -54.935 13.945
-3.781 -58.227 12.085
-6.811 -60.411 12.823
-9.248 -62.158 10.485
-13.002 -62.198 11.032
-15.093 -64.848 9.310
-18.835 -64.371 9.581
-21.115 -67.267 8.690
-24.294 -65.401 7.776
-27.405 -67.598 8.067
-29.491 -64.414 8.167
-30.983 -65.612 11.443
-30.062 -66.730 14.980
-29.886 -70.408 14.009
-28.751 -72.318 17.095
-31.384 -70.876 19.438
-34.362 -71.529 17.170
-34.424 -69.170 14.201
-34.888 -65.725 15.750
-34.584 -62.588 13.631
-31.271 -60.709 13.590
-30.378 -57.421 11.921
-28.848 -59.598 9.192
-32.334 -60.994 8.428
-33.682 -59.649 5.071
-36.862 -57.733 4.303
-39.881 -60.020 4.193
-38.171 -63.100 5.624
-40.222 -64.960 8.229
-38.460 -65.668 11.540
-39.255 -65.460 15.250
-40.010 -61.804 16.093
-40.483 -61.214 12.350
-43.436 -63.603 12.025
-45.170 -61.418 9.436
-41.994 -60.856 7.456
-39.239 -58.575 8.756
-40.181 -54.935 8.137
-36.674 -53.422 8.052
-34.015 -54.278 5.491
-30.868 -56.308 6.097
-28.253 -54.254 7.955
-25.360 -53.393 5.619
-22.424 -54.463 7.798
-20.037 -54.612 4.833
-20.572 -51.018 3.719
-20.421 -49.720 7.291
-17.020 -51.347 7.821
-15.699 -50.159 4.449
-15.994 -46.556 5.666
-12.825 -47.093 7.728
-10.762 -47.337 4.565
-8.049 -49.408 6.241
-9.968 -52.650 6.762
-10.056 -55.469 4.206
-13.705 -56.347 3.516
-15.118 -59.092 1.285
-18.214 -61.196 0.681
-18.209 -64.802 -0.514
-20.607 -67.538 -1.614
-19.139 -70.992 -2.252
-21.895 -72.077 -4.623
-21.243 -69.148 -6.940
-17.460 -69.389 -7.031
-15.027 -71.603 -5.147
-12.193 -69.675 -6.785
-13.370 -66.286 -5.533
-13.701 -67.773 -2.040
-10.113 -69.038 -2.112
-8.904 -65.712 -3.517
-10.674 -63.874 -0.695
-9.168 -66.161 1.951
-5.626 -65.516 0.719
-6.118 -61.762 0.325
-7.885 -61.349 3.665
-5.380 -63.451 5.590
-2.339 -61.808 3.972
-3.626 -58.273 4.573
-1.328 -56.732 7.245
-4.294 -55.353 9.162
-7.975 -56.167 9.979
-9.970 -58.323 7.564
-13.710 -59.042 7.523
-15.124 -61.857 5.391
-18.889 -62.415 5.244
-20.097 -65.722 3.786
-23.582 -66.737 2.669
-24.462 -69.754 4.798
-27.500 -71.877 3.990
-29.394 -73.210 7.009
-32.298 -75.562 7.722
-34.109 -72.591 9.315
-34.374 -71.020 5.854
-36.461 -73.949 4.626
-34.825 -74.920 1.327
-37.688 -76.466 -0.686
-35.773 -79.298 -2.350
-33.371 -80.114 0.480
-30.109 -78.862 1.967
-28.435 -80.832 -0.803
-29.265 -77.845 -2.995
-27.192 -75.529 -0.773
-24.517 -74.869 -3.392
-27.197 -74.152 -6.011
-28.935 -71.799 -3.597
-25.627 -70.060 -2.834
-25.025 -69.760 -6.582
-28.450 -68.253 -7.301
-28.143 -65.964 -4.271
-25.337 -64.205 -6.148
-26.673 -64.359 -9.714
-30.038 -62.960 -8.599
-28.125 -60.042 -7.102
-29.498 -60.901 -3.657
-25.963 -61.542 -2.384
-23.401 -59.656 -4.507
-19.716 -60.541 -4.150
-16.968 -57.964 -3.773
-13.634 -57.099 -2.206
-12.317 -53.942 -0.591
-8.522 -54.075 -0.468
-6.798 -51.080 1.210
-3.357 -51.873 -0.211
-4.621 -51.215 -3.743
-5.419 -47.678 -2.586
-1.875 -47.393 -1.244
-0.677 -48.037 -4.796
-3.043 -45.484 -6.317
-5.791 -47.927 -7.330
-9.474 -48.165 -6.359
-9.677 -50.541 -3.370
-13.252 -51.627 -4.169
-13.718 -54.445 -6.687
-17.018 -56.051 -7.690
-16.793 -59.821 -8.273
-20.356 -60.576 -9.384
-22.691 -59.292 -12.108
-25.901 -57.253 -12.193
-29.166 -58.944 -11.073
-30.260 -61.555 -13.623
-33.918 -61.285 -12.616
-34.123 -64.635 -10.817
-34.705 -63.135 -7.360
-38.427 -63.989 -7.272
-37.852 -67.715 -7.816
-34.898 -67.571 -5.423
-37.137 -66.305 -2.616
-40.127 -68.547 -3.324
-37.861 -71.614 -3.266
-37.312 -70.977 0.452
-40.051 -71.517 3.020
-38.888 -68.499 5.026
-40.407 -66.420 2.220
-42.911 -68.852 0.689
-44.767 -69.483 3.947
-45.596 -65.772 4.031
-46.900 -65.852 0.463
-49.317 -68.634 1.384
-50.522 -66.821 4.509
-50.414 -63.151 3.485
-50.096 -63.110 -0.343
-50.723 -59.367 -0.711
-48.125 -58.245 1.844
-45.755 -60.976 0.668
-45.872 -59.725 -2.925
-45.020 -56.183 -1.821
-42.295 -57.466 0.499
-40.637 -59.517 -2.235
-40.902 -56.514 -4.543
-39.147 -54.509 -1.828
-36.263 -56.989 -1.810
-35.912 -56.755 -5.589
-35.790 -52.959 -5.321
-33.276 -52.998 -2.459
-30.813 -55.267 -4.267
-31.241 -53.274 -7.485
-30.328 -50.015 -5.774
-27.521 -51.608 -3.765
-25.854 -53.221 -6.771
-25.938 -49.863 -8.547
-24.359 -48.267 -5.473
-21.611 -50.902 -5.556
-21.040 -50.292 -9.265
-20.673 -46.578 -8.523
-18.153 -47.439 -5.802
-16.134 -49.500 -8.273
-16.188 -46.704 -10.857
-15.165 -43.944 -8.444
-11.797 -42.225 -8.758
-12.087 -40.902 -5.205
-11.014 -43.371 -2.516
-9.512 -43.281 0.975
-5.730 -43.691 1.148
-3.915 -46.375 3.145
-0.799 -46.367 5.334
0.419 -49.183 7.646
2.386 -46.942 10.030
4.690 -43.928 10.145
5.768 -42.816 13.599
5.842 -44.553 16.987
9.225 -43.053 17.900
9.585 -43.162 21.682
8.063 -41.097 24.458
4.714 -39.625 25.415
3.132 -36.236 25.931
0.076 -35.158 27.902
-2.638 -33.165 26.126
-2.384 -30.392 28.701
1.363 -29.803 28.467
2.102 -26.153 27.718
-1.573 -25.229 27.315
-2.413 -21.528 27.703
-5.601 -22.279 29.661
-6.670 -25.073 32.018
-7.297 -28.299 30.090
-8.780 -30.178 33.048
-11.604 -29.199 35.404
-11.395 -28.950 39.202
-13.476 -32.062 39.942
-12.545 -35.466 41.449
-12.876 -37.172 38.071
-10.016 -35.330 36.369
-7.720 -35.203 39.398
-4.408 -36.943 38.735
-1.177 -37.339 40.712
0.462 -34.443 38.891
-2.617 -32.222 38.586
-3.246 -29.146 40.710
-1.052 -26.426 39.194
-2.567 -22.971 38.672
-4.039 -22.121 35.262
-6.507 -19.801 33.517
-9.929 -21.391 34.023
-11.665 -19.256 31.360
-13.560 -17.134 33.890
-11.929 -13.873 32.773
-12.601 -14.080 29.044
-10.375 -14.758 26.032
-6.722 -13.757 25.740
-7.711 -10.803 23.565
-10.514 -9.703 25.888
-8.160 -9.826 28.879
-5.483 -7.894 27.013
-7.960 -5.254 25.871
-9.307 -4.865 29.400
-5.789 -4.424 30.783
-5.169 -1.634 28.281
-8.435 0.037 29.302
-7.589 -0.204 33.011
-4.213 1.505 32.561
-4.386 3.926 35.512
