44.664 -32.156 -0.927
42.834 -28.712 -1.298
42.074 -27.436 2.270
38.569 -25.957 2.053
38.737 -22.468 3.542
35.736 -20.153 3.839
36.099 -16.628 2.515
33.768 -14.250 4.340
33.607 -10.946 2.427
31.770 -8.130 4.241
30.405 -4.630 3.498
27.780 -2.082 4.537
25.265 -2.917 1.794
23.227 -0.810 -0.635
19.621 -0.918 -1.953
19.067 -3.242 -4.951
15.899 -1.517 -6.139
14.114 1.732 -5.226
11.582 -0.091 -3.008
14.512 -1.272 -0.854
15.457 2.277 0.200
12.799 2.340 2.951
13.639 -0.966 4.701
17.378 -0.255 4.172
17.096 3.129 5.937
14.908 1.423 8.574
17.585 -1.217 9.363
20.263 1.524 9.525
18.070 3.428 12.049
17.903 0.374 14.376
14.482 -0.579 12.970
13.115 2.956 13.311
11.225 3.833 10.122
12.309 7.151 8.534
9.885 10.086 8.135
8.511 11.247 4.718
10.944 14.202 4.754
14.098 12.076 5.320
12.942 9.436 2.847
12.388 11.963 0.039
15.865 13.454 0.649
17.510 10.010 0.514
15.482 9.094 -2.598
16.451 12.436 -4.198
20.205 11.892 -3.581
20.019 8.546 -5.394
18.144 10.113 -8.360
20.866 12.819 -8.542
23.761 10.323 -8.866
22.039 8.396 -11.691
20.215 5.617 -9.862
20.556 2.910 -7.235
21.016 -0.192 -9.436
24.545 0.365 -10.880
25.903 0.762 -7.328
24.498 -2.592 -6.211
26.609 -4.927 -8.382
30.106 -3.613 -7.470
30.345 -5.325 -4.057
29.318 -8.790 -5.316
31.650 -8.472 -8.329
34.578 -7.621 -6.010
33.812 -10.684 -3.900
33.376 -13.020 -6.909
36.475 -11.890 -8.839
38.496 -12.287 -5.623
37.246 -15.883 -5.152
38.335 -16.708 -8.721
41.739 -14.984 -8.559
42.590 -16.696 -5.249
42.005 -20.243 -6.561
44.154 -19.425 -9.630
47.269 -17.911 -8.038
47.783 -20.916 -5.704
47.243 -24.704 -5.683
47.340 -25.334 -1.931
43.876 -24.192 -0.782
40.360 -24.007 -2.216
38.606 -20.776 -1.229
34.814 -20.817 -0.945
33.367 -17.292 -0.846
30.371 -16.065 1.153
29.074 -12.462 1.107
27.598 -10.919 4.266
26.157 -7.394 4.341
25.281 -5.320 7.396
22.035 -3.574 6.409
20.559 -5.765 3.625
20.334 -9.348 2.286
22.434 -11.442 2.256
22.949 -10.472 5.914
26.180 -11.445 7.714
24.319 -13.979 9.870
22.716 -15.729 6.886
26.146 -15.879 5.203
27.878 -17.529 8.196
24.886 -19.881 8.473
25.446 -21.100 4.905
29.165 -21.480 5.667
28.231 -23.705 8.634
25.879 -25.920 6.565
28.586 -26.465 3.913
30.986 -27.840 6.582
33.469 -24.926 6.520
35.629 -25.210 9.683
37.888 -22.172 9.256
37.049 -18.928 7.476
39.047 -15.810 6.695
37.052 -12.601 7.136
37.772 -9.614 4.916
36.093 -6.220 5.361
35.866 -4.076 2.213
37.448 -1.075 3.918
41.235 -0.820 4.339
41.354 0.759 7.822
40.849 -0.629 11.314
38.254 1.008 13.548
36.258 -0.224 16.543
33.094 0.369 14.520
34.289 -1.942 11.726
35.541 -4.693 14.083
32.270 -4.819 16.040
30.070 -4.258 12.960
31.607 -7.039 10.881
34.179 -9.471 12.328
32.709 -9.352 15.862
29.156 -9.800 14.541
30.286 -12.772 12.422
32.064 -14.411 15.387
28.865 -14.216 17.476
27.135 -16.731 15.176
30.328 -18.781 14.734
30.274 -19.556 18.484
26.476 -19.926 18.561
26.576 -22.744 15.977
29.878 -24.353 17.038
32.993 -25.759 15.306
33.581 -22.666 13.125
36.578 -20.381 13.693
36.551 -17.032 11.889
39.917 -15.305 11.479
39.542 -11.535 11.124
41.870 -9.332 9.090
42.315 -6.124 11.155
43.300 -3.832 8.268
45.137 -3.777 4.921
46.046 -0.122 4.229
49.834 -0.802 4.336
49.621 -3.396 1.533
52.031 -2.419 -1.335
49.465 -3.032 -4.118
46.808 -0.962 -2.329
49.131 2.042 -2.027
50.349 1.489 -5.621
46.735 1.552 -6.914
46.130 4.995 -5.442
49.614 6.249 -6.235
49.003 5.262 -9.902
45.481 6.778 -9.840
46.700 10.112 -8.448
49.756 10.053 -10.766
47.448 10.133 -13.807
45.614 13.339 -12.781
48.737 15.205 -11.615
50.645 14.344 -14.852
47.920 16.059 -16.922
48.289 19.308 -14.968
50.389 22.257 -16.076
53.395 22.768 -13.783
51.814 26.051 -12.636
48.491 24.419 -11.638
50.474 21.696 -9.833
51.852 24.417 -7.543
48.271 25.528 -6.760
46.858 22.014 -6.258
46.218 19.927 -3.126
45.531 16.213 -2.644
42.675 15.659 -0.167
42.673 12.221 1.409
39.456 11.069 3.093
37.404 8.404 4.866
34.003 8.047 6.542
33.786 10.021 9.805
33.073 8.414 13.185
32.019 9.873 16.579
35.000 11.558 18.310
34.589 9.282 21.388
36.707 6.605 19.725
39.898 8.710 19.987
39.863 8.854 23.801
38.997 5.128 23.689
42.220 4.303 21.803
40.950 3.822 18.244
43.887 4.327 15.804
41.576 4.930 12.789
42.538 8.615 12.208
46.196 7.633 12.724
45.889 4.917 10.017
44.317 7.387 7.556
47.103 9.884 8.270
49.696 7.236 7.419
47.790 6.211 4.241
47.935 9.849 3.069
51.708 9.949 3.785
52.405 6.817 1.692
50.258 7.901 -1.275
51.540 11.492 -1.365
55.170 10.298 -1.123
54.935 7.631 -3.857
52.951 9.942 -6.167
55.483 12.724 -5.478
52.712 15.227 -4.636
53.934 18.438 -2.961
50.726 19.299 -1.038
48.271 17.072 0.779
45.774 17.043 3.655
43.500 14.595 5.470
39.746 15.224 5.635
36.556 13.386 6.627
33.107 12.864 5.114
29.599 11.397 5.514
29.293 12.165 9.247
25.996 11.165 10.829
23.451 13.247 12.698
23.913 12.951 16.477
24.313 15.350 19.429
27.812 13.869 19.804
30.523 15.471 17.613
32.067 13.454 14.760
35.742 13.493 13.654
36.563 16.540 11.527
37.341 18.536 9.633
34.706 17.651 7.035
35.888 17.759 3.381
33.493 20.622 2.505
34.817 22.872 5.281
38.445 21.768 4.754
38.292 22.855 1.086
37.365 26.435 2.103
40.036 26.618 4.837
42.984 25.482 2.661
41.894 27.730 -0.226
41.781 30.650 2.230
45.166 30.443 4.029
47.012 28.523 1.167
45.197 29.605 -2.026
44.687 26.218 -3.654
42.810 26.555 -6.955
42.682 22.806 -7.550
41.598 19.950 -5.287
42.096 16.214 -5.919
39.784 14.047 -3.849
41.059 10.587 -2.936
38.281 8.994 -0.747
40.677 6.274 0.339
38.362 4.820 3.065
36.036 3.624 0.310
36.693 0.886 -2.229
33.730 1.646 -4.502
31.686 4.395 -6.162
28.719 4.269 -3.802
26.416 7.061 -2.562
29.207 8.416 -0.321
31.567 9.019 -3.258
29.076 9.973 -5.997
27.195 12.411 -3.770
29.372 13.411 -0.817
32.377 14.024 -3.107
31.214 14.436 -6.744
28.194 16.542 -5.821
28.835 18.288 -2.466
32.585 18.969 -2.854
32.222 20.242 -6.439
29.761 22.780 -4.957
32.607 24.067 -2.754
35.150 24.214 -5.604
32.743 25.976 -8.025
32.229 28.620 -5.313
35.880 29.409 -4.603
36.751 29.424 -8.343
38.697 26.159 -8.099
39.030 22.963 -10.144
37.632 19.564 -9.108
39.223 16.137 -9.597
38.159 12.729 -8.306
39.971 9.683 -9.774
38.461 6.243 -10.377
37.556 4.252 -7.268
39.061 0.730 -7.140
35.607 -0.872 -7.696
36.141 -4.324 -9.270
39.276 -3.440 -11.281
41.728 -6.311 -11.723
44.602 -4.477 -10.023
42.392 -3.973 -6.971
41.389 -7.662 -6.969
45.097 -8.659 -7.139
45.716 -6.430 -4.110
42.932 -8.216 -2.182
44.316 -11.577 -3.245
47.647 -10.713 -1.566
46.018 -9.540 1.692
44.159 -12.879 1.916
47.247 -14.986 1.064
49.214 -13.043 3.716
46.505 -13.635 6.353
46.335 -17.374 5.594
50.119 -17.649 6.009
49.720 -16.115 9.486
46.916 -18.572 10.359
48.098 -21.775 8.582
