18.882 22.991 26.403
15.822 24.380 28.186
14.086 23.397 31.401
10.291 23.007 31.177
7.828 24.298 33.788
5.211 22.462 35.785
1.593 23.504 35.906
1.397 26.646 38.037
-1.707 27.401 40.034
-3.618 30.677 40.265
-2.771 32.850 43.252
-5.285 34.401 45.645
-4.719 37.069 48.369
-6.410 39.993 50.214
-4.910 43.547 50.094
-1.588 45.029 51.352
0.387 41.732 51.378
2.804 40.006 48.932
1.683 37.562 46.246
4.196 34.772 45.516
4.482 32.885 42.244
6.310 29.602 42.452
7.601 28.851 39.013
8.603 25.234 39.437
10.724 23.621 36.708
12.368 20.407 35.660
15.881 20.692 34.280
19.000 22.741 34.957
19.580 26.503 35.204
22.886 28.290 35.021
24.294 31.811 35.279
23.400 33.579 32.015
19.835 32.261 32.066
17.170 34.913 32.494
14.084 34.054 34.517
10.937 36.090 34.729
7.260 36.310 35.381
5.476 38.167 32.634
2.037 39.608 33.221
-0.055 41.165 30.489
-0.720 44.887 31.020
1.182 44.611 34.346
4.753 45.591 35.373
6.728 42.347 35.716
7.156 40.870 39.172
10.873 40.689 40.151
12.715 37.434 40.398
12.883 37.070 44.196
14.960 33.859 44.347
15.994 30.670 42.529
15.998 27.734 44.822
17.652 24.631 43.355
16.551 21.359 44.975
18.366 18.801 42.824
20.199 18.474 39.499
16.890 18.265 37.755
14.604 20.495 39.820
14.451 24.197 40.702
11.779 26.710 41.674
11.934 30.351 40.644
9.839 32.603 42.837
8.503 36.078 41.994
6.876 38.460 44.457
4.242 41.079 43.805
4.427 43.068 47.052
1.687 45.094 48.867
-1.021 44.000 46.341
-4.114 45.904 45.101
-6.900 45.576 42.492
-4.770 47.340 39.864
-2.531 44.250 40.138
-4.955 41.475 38.999
-4.341 39.642 35.688
-2.662 36.673 33.932
0.927 35.632 34.742
3.327 33.174 33.133
6.676 31.612 33.985
9.447 32.320 31.552
12.975 31.067 31.264
15.436 32.103 28.577
18.599 30.026 28.299
21.444 30.091 25.806
19.467 27.412 23.958
15.775 28.142 24.111
12.793 29.488 25.967
10.449 27.576 28.251
7.029 28.795 29.268
4.513 27.609 31.876
0.793 27.824 31.523
-0.861 31.104 32.462
-1.576 31.434 36.160
-4.115 34.028 37.248
-4.043 36.502 40.158
-7.057 37.109 42.402
-7.291 39.938 44.969
-9.769 40.068 47.877
