19.755 25.465 33.745
18.155 22.304 35.177
20.647 21.932 38.058
22.421 25.333 38.112
25.256 23.863 36.054
26.761 25.462 33.031
26.788 24.409 29.444
30.257 25.565 28.369
33.860 24.708 29.166
36.685 27.253 29.062
39.280 25.157 27.229
42.418 27.247 27.184
43.687 30.400 28.817
41.805 33.690 28.812
43.107 36.415 26.486
42.859 37.815 23.008
39.402 37.506 21.509
36.835 35.120 23.065
35.732 32.479 20.575
32.316 31.030 21.482
32.241 27.616 19.817
29.189 25.444 19.028
29.630 21.691 18.730
28.981 19.028 16.128
26.150 16.552 16.685
28.025 14.586 19.407
26.888 17.572 21.439
29.653 18.250 23.978
32.008 21.254 24.155
35.059 19.073 24.892
35.049 18.522 21.142
36.989 21.818 20.855
39.908 20.651 22.988
42.331 20.289 20.085
41.376 23.669 18.668
41.828 25.212 22.125
45.270 23.683 22.452
46.315 25.189 19.139
44.949 28.632 20.103
46.335 28.612 23.643
47.413 32.188 24.611
46.165 33.443 21.240
42.370 33.277 21.655
40.190 32.058 24.483
38.171 29.056 23.297
34.819 28.342 25.010
33.234 25.040 23.958
29.448 24.914 24.391
27.391 21.809 24.741
24.037 21.269 23.050
21.401 22.431 25.554
18.451 20.032 25.458
15.848 22.464 26.823
13.761 24.495 24.359
15.061 27.708 25.924
18.597 26.788 24.673
19.005 29.925 22.496
18.206 32.282 25.348
20.548 30.366 27.629
23.445 30.626 25.137
22.930 34.363 24.818
22.806 34.677 28.613
26.019 32.698 29.088
27.938 34.523 26.380
27.131 37.938 27.837
27.971 36.706 31.344
31.408 35.636 30.220
31.852 38.751 28.086
29.567 41.603 29.170
30.567 43.979 26.291
30.571 43.198 22.565
31.404 42.814 19.878
31.237 39.005 19.921
32.780 36.304 17.773
31.080 32.952 17.335
32.219 29.733 15.664
30.275 26.596 14.705
31.597 23.325 13.321
29.285 21.035 11.298
25.848 20.870 13.039
27.166 23.588 15.355
27.355 25.977 12.396
23.578 25.605 11.976
22.973 26.014 15.702
25.318 28.960 16.081
23.637 30.800 13.184
20.410 30.780 15.258
22.323 32.151 18.253
23.816 34.922 16.115
20.299 35.907 14.936
19.075 35.953 18.542
21.916 38.110 19.681
21.471 40.551 16.853
17.687 40.733 17.448
18.561 41.899 20.978
20.798 44.637 19.631
24.081 42.893 20.444
26.985 43.208 17.959
28.346 39.940 16.534
31.290 41.194 14.474
32.232 37.868 12.866
30.877 34.355 12.575
33.241 31.504 11.657
31.554 28.485 10.063
33.712 25.403 9.788
32.309 23.087 7.092
28.633 23.520 7.940
26.128 24.068 5.117
23.044 26.341 5.483
20.071 24.115 6.358
17.164 25.119 4.130
14.677 22.296 4.750
13.540 20.140 7.634
14.237 16.454 7.315
13.717 13.171 9.174
15.970 12.694 12.201
19.129 10.598 12.179
28.554 -0.705 24.619
30.584 -1.040 27.840
27.294 0.251 29.326
24.090 -1.163 30.795
21.149 -0.280 28.497
19.797 2.245 31.091
23.109 4.093 31.244
23.586 3.873 27.453
20.230 5.645 26.976
21.107 8.506 29.358
24.600 8.901 27.926
23.208 9.125 24.334
20.360 11.469 25.209
22.155 14.731 24.308
23.155 13.541 20.850
19.639 12.138 20.243
18.076 15.455 21.283
20.550 17.334 19.039
19.774 15.027 16.067
16.057 15.781 16.500
16.645 19.509 16.888
18.958 19.644 13.849
16.554 17.622 11.696
13.721 20.107 12.294
15.928 23.154 12.104
15.728 25.606 9.223
18.217 28.451 8.983
16.418 31.453 7.405
17.712 34.682 5.980
20.732 36.662 7.000
22.894 38.021 9.749
24.666 41.313 9.988
27.797 39.605 11.272
30.564 39.028 8.748
30.562 35.390 7.687
33.782 33.391 7.365
33.118 30.016 5.717
35.962 27.485 6.030
35.350 24.393 3.897
37.054 20.982 4.032
40.298 20.594 2.067
39.335 17.061 1.087
35.940 16.708 -0.515
35.096 13.466 -2.240
31.305 13.755 -2.518
30.229 17.367 -3.096
26.769 17.857 -4.615
25.681 20.864 -6.660
23.116 21.248 -3.852
25.807 21.659 -1.154
27.712 24.319 -3.117
24.474 26.356 -3.076
24.470 26.168 0.740
27.781 27.887 1.439
26.127 30.878 3.187
26.547 33.583 0.518
22.798 34.354 0.811
23.069 34.585 4.597
25.345 37.625 4.742
24.027 41.193 4.995
27.494 42.592 4.669
30.728 40.629 4.739
31.252 37.200 3.311
34.498 35.316 2.840
35.306 31.743 1.915
38.447 29.810 2.761
39.628 26.346 1.911
40.790 24.630 5.064
42.600 21.374 5.634
41.431 17.786 5.855
38.170 15.999 5.280
35.061 17.218 7.041
35.309 14.910 10.061
38.973 15.544 10.638
39.259 19.343 10.439
39.454 20.251 14.122
41.306 17.165 15.312
44.788 15.710 15.025
47.124 17.173 12.408
44.495 19.352 10.867
43.600 21.339 13.975
46.893 23.119 13.732
46.427 24.124 10.108
42.781 25.122 10.513
43.498 26.995 13.735
45.971 29.183 11.816
43.080 30.201 9.507
40.865 30.970 12.454
43.584 33.036 14.141
44.293 34.935 10.923
40.596 35.783 10.775
40.576 36.947 14.395
43.781 38.968 13.829
42.264 40.805 10.861
39.054 41.927 12.597
