-2.061 17.062 3.528
-1.605 15.394 6.915
-3.710 15.093 10.098
-2.779 17.869 12.515
-2.014 15.443 15.335
0.742 13.990 13.102
1.871 17.476 12.182
2.138 18.370 15.858
3.912 15.058 16.725
6.466 16.097 13.966
7.108 19.506 15.459
7.107 18.413 19.062
9.140 15.202 18.416
11.899 17.267 16.698
12.065 19.379 19.895
12.176 16.252 22.075
15.151 14.992 19.911
16.812 18.404 20.516
16.261 18.212 24.316
17.453 14.611 24.543
20.891 15.614 23.086
21.127 19.021 24.909
20.265 17.875 28.395
23.421 16.055 29.516
25.540 18.949 28.223
23.440 21.725 29.890
23.563 19.503 33.041
27.375 19.461 32.920
27.686 23.204 32.224
25.508 23.669 35.299
27.671 21.393 37.507
24.865 18.872 38.014
26.180 15.905 35.973
29.498 14.664 34.652
30.823 15.506 31.285
29.149 13.510 28.540
31.696 11.335 26.730
29.798 11.902 23.480
29.313 15.643 23.933
30.658 16.223 20.389
28.206 13.772 18.745
25.291 15.271 20.763
26.180 18.691 19.532
26.413 17.719 15.853
23.045 16.024 16.319
21.627 19.318 17.692
22.933 21.127 14.567
21.096 18.642 12.299
17.809 19.116 14.275
18.190 22.848 13.811
18.500 22.490 10.048
15.439 20.300 9.948
13.376 22.451 12.427
11.624 24.781 9.965
9.739 21.737 8.545
7.694 21.592 11.813
6.495 25.164 11.201
5.772 24.850 7.448
2.880 26.639 5.780
-0.333 24.901 6.888
0.634 24.360 10.530
-0.074 27.922 11.618
-3.068 26.817 13.631
-2.658 23.260 14.783
-4.810 22.571 17.830
-2.657 21.958 20.799
-0.028 24.144 19.058
2.134 26.298 21.352
3.709 28.754 18.950
2.661 32.382 18.674
0.939 33.468 15.444
3.881 35.863 14.847
6.236 32.927 14.147
4.352 32.175 10.959
3.823 35.695 9.632
4.848 39.024 11.052
8.035 37.737 12.714
8.655 34.806 10.392
12.109 36.036 9.364
13.215 36.491 12.998
11.920 33.015 13.847
13.707 31.245 10.950
16.758 33.260 11.958
16.772 31.724 15.430
16.968 28.166 13.876
20.007 29.384 11.882
21.646 30.720 15.005
20.980 27.445 16.884
22.577 25.452 14.061
25.783 27.577 14.067
25.969 27.607 17.872
25.491 23.826 18.040
28.240 23.398 15.417
30.518 25.571 17.551
29.432 23.553 20.577
30.814 20.384 18.827
34.169 22.063 18.241
34.326 23.221 21.902
33.424 19.680 23.119
36.607 18.405 21.381
38.650 21.206 23.032
37.837 20.480 26.633
35.456 21.041 29.457
36.143 24.676 29.978
35.530 25.386 26.331
32.332 23.290 26.303
30.969 24.999 29.427
31.435 28.428 27.871
29.962 27.529 24.451
27.081 25.674 26.206
26.149 28.980 27.939
26.139 30.570 24.517
23.973 27.860 22.888
21.421 27.811 25.693
20.694 31.519 25.235
19.337 30.822 21.731
16.810 28.294 23.125
15.898 30.927 25.743
15.403 33.900 23.341
13.344 31.876 20.927
11.179 30.619 23.739
10.666 34.079 25.313
9.411 35.454 21.967
7.548 32.690 20.149
6.428 30.060 22.620
3.164 29.964 24.666
3.099 29.259 28.364
