1.851 -29.086 26.551
0.186 -26.445 28.736
2.425 -23.484 29.543
1.464 -20.924 32.238
3.373 -18.139 33.950
3.503 -15.882 36.954
4.415 -12.310 36.011
4.867 -10.325 39.192
6.336 -6.859 39.255
8.833 -6.570 42.183
7.213 -3.181 43.127
6.198 -4.591 46.549
6.375 -7.857 48.555
4.592 -11.065 47.464
0.954 -10.406 48.392
-1.800 -12.987 48.907
-3.533 -12.024 45.629
-0.455 -12.731 43.542
0.398 -15.913 45.380
-3.273 -17.033 44.888
-2.865 -16.560 41.141
0.432 -18.498 41.376
-1.433 -21.300 43.163
-4.026 -21.499 40.388
-1.234 -21.543 37.772
0.797 -24.239 39.544
-2.427 -26.179 40.099
-3.555 -25.899 36.464
-0.095 -26.713 34.994
0.357 -29.687 37.317
-3.182 -30.978 36.488
-2.492 -30.816 32.771
1.135 -31.984 33.235
2.502 -28.652 31.994
5.151 -26.074 32.823
5.031 -23.170 35.240
7.083 -20.240 34.035
8.194 -17.374 36.295
8.780 -13.982 34.725
9.929 -10.977 36.754
8.699 -7.676 35.376
11.605 -5.653 36.692
11.149 -2.095 35.530
13.249 1.118 35.509
10.741 2.295 38.195
11.639 3.799 41.578
9.422 1.014 43.001
11.208 -1.960 41.368
14.080 -3.127 43.646
15.883 -6.504 44.218
14.509 -6.880 47.779
10.970 -7.395 46.413
12.271 -9.917 43.773
14.009 -11.728 46.688
10.773 -11.699 48.723
8.810 -12.984 45.681
11.003 -16.024 44.988
11.388 -16.809 48.764
7.585 -16.761 49.239
6.894 -18.856 46.164
9.452 -21.498 47.174
8.239 -21.498 50.722
4.594 -21.954 49.550
5.789 -24.959 47.457
4.938 -23.136 44.235
7.905 -24.542 42.281
8.400 -23.066 38.820
9.863 -25.142 35.986
11.300 -22.188 34.037
12.960 -18.965 35.193
12.940 -16.509 36.812
13.240 -14.788 33.426
13.952 -11.095 34.005
12.207 -8.405 31.899
15.413 -6.226 31.944
17.349 -8.820 29.988
14.695 -8.757 27.256
14.461 -5.003 26.575
15.442 -5.380 22.875
12.617 -7.851 22.125
10.099 -5.120 23.141
12.084 -2.605 21.042
11.951 -5.022 18.066
8.254 -5.691 18.400
7.390 -1.972 18.533
9.693 -1.139 15.612
7.945 -3.844 13.599
4.643 -2.167 14.457
5.875 1.290 13.362
7.328 -0.102 10.135
4.058 -1.823 9.372
2.197 1.484 10.090
0.222 -0.368 12.848
1.737 2.022 15.420
2.561 5.754 15.213
3.943 8.821 17.000
1.603 10.662 19.312
2.628 14.177 20.357
-0.439 14.808 22.486
0.546 16.250 25.897
-1.055 15.104 29.241
-2.583 18.599 29.607
-4.040 18.098 26.076
-5.433 14.661 27.064
-7.034 16.052 30.236
-8.784 18.849 28.183
-9.975 16.178 25.726
-11.275 14.019 28.589
-13.113 16.999 30.207
-14.645 18.023 26.917
-15.731 14.331 26.582
-17.536 14.312 29.957
-19.283 17.645 29.222
-20.592 16.325 25.912
-21.601 12.830 27.167
-18.997 11.249 24.878
-17.174 7.993 25.691
-13.948 8.767 27.704
-11.045 8.025 25.237
-8.071 9.219 23.200
-9.504 10.544 19.919
-6.802 9.037 17.605
-5.853 12.613 16.498
-2.234 11.778 15.590
-2.755 8.683 13.379
-1.935 10.459 10.088
0.389 13.368 10.823
2.388 14.971 7.995
6.214 15.248 8.238
5.548 19.030 8.555
3.123 18.564 11.510
5.572 16.220 13.346
8.409 18.720 12.771
6.296 21.589 14.148
5.647 19.643 17.354
9.399 18.710 17.577
10.544 22.347 17.127
8.288 23.361 20.051
10.259 20.721 22.058
7.653 17.944 22.077
8.753 14.326 21.916
6.183 11.612 21.040
4.888 8.420 22.654
4.089 5.450 20.382
0.471 4.364 19.969
-0.934 1.162 18.567
-3.946 1.544 16.273
-7.186 -0.025 17.374
-10.144 -0.281 15.067
-13.239 1.431 16.562
-15.677 -1.032 14.938
-13.731 -4.220 15.750
-15.598 -7.030 17.515
-13.141 -8.488 20.051
-14.230 -11.703 21.737
-12.823 -14.648 23.713
-13.993 -17.780 25.465
-12.755 -17.052 29.013
-12.128 -20.211 31.060
-13.879 -18.781 34.122
-16.141 -15.973 32.736
-17.418 -17.532 29.485
-17.811 -15.516 26.271
-16.485 -11.983 26.888
-17.136 -9.388 24.160
-15.669 -6.000 23.552
-15.858 -3.413 20.820
-12.643 -1.781 19.719
-14.115 1.590 20.658
-14.340 0.429 24.303
-10.539 0.236 24.685
-9.979 3.959 25.152
-8.535 4.693 21.693
-5.125 3.936 20.229
-3.083 2.795 23.176
0.360 3.908 24.178
2.793 1.047 23.763
6.002 3.049 24.402
6.728 6.035 26.723
8.036 9.355 25.325
11.271 9.174 23.262
12.500 11.175 20.197
11.660 9.724 16.725
14.366 7.102 15.915
14.317 6.155 19.583
11.716 3.985 21.245
10.658 4.750 24.861
10.079 2.453 27.789
7.675 -0.275 26.634
4.282 -0.300 28.425
2.793 -3.373 30.160
0.403 -4.641 27.425
3.172 -4.640 24.849
5.687 -6.405 27.111
3.280 -9.145 28.265
2.193 -10.168 24.693
5.806 -10.051 23.370
6.828 -12.253 26.294
3.776 -14.535 26.206
4.344 -15.148 22.495
8.102 -15.782 23.070
7.486 -18.030 26.153
4.828 -20.032 24.298
2.123 -19.432 26.943
-1.012 -21.472 26.276
-3.136 -20.131 29.152
-3.065 -16.780 31.011
-4.523 -16.710 34.538
-5.478 -13.270 35.670
-7.494 -11.338 38.207
-10.803 -10.030 36.862
-9.712 -6.510 37.784
-7.396 -6.615 34.668
-10.010 -8.144 32.296
-9.954 -4.899 30.163
-6.293 -5.470 29.120
-7.367 -8.759 27.596
-9.045 -7.292 24.456
-6.049 -4.888 24.092
-3.533 -7.686 24.293
-5.544 -9.860 21.874
-5.090 -7.129 19.271
-1.287 -7.038 19.867
-1.016 -10.821 19.355
-2.835 -10.467 15.996
-0.700 -7.498 14.959
2.445 -9.530 15.882
1.064 -12.574 13.942
0.393 -14.779 16.967
-2.696 -16.640 18.188
-3.585 -15.521 21.708
-3.669 -18.167 24.500
-6.750 -19.004 26.564
-7.576 -16.540 29.398
-8.890 -17.342 32.826
-10.004 -14.386 34.887
-10.483 -15.166 38.549
-12.431 -13.008 41.017
-10.279 -11.139 43.545
-10.042 -11.983 47.207
-12.553 -9.869 49.157
-12.495 -8.331 52.663
-13.757 -9.925 55.893
-17.080 -8.165 54.972
-17.034 -7.970 51.104
-14.946 -5.080 49.604
-11.412 -5.119 48.104
-8.538 -6.621 50.103
-6.418 -3.550 50.537
-2.619 -3.674 50.670
-2.732 -0.538 52.924
-5.393 -2.164 55.247
-4.419 -5.268 57.209
-2.192 -8.229 56.374
-1.809 -9.361 52.780
1.870 -10.230 52.216
3.025 -13.889 52.426
6.080 -12.853 54.522
3.755 -11.170 57.084
1.487 -14.277 57.425
4.679 -16.362 57.808
5.973 -13.963 60.483
2.601 -14.347 62.281
2.953 -18.148 62.700
0.961 -19.462 59.698
2.422 -22.471 57.942
3.133 -22.609 54.206
0.938 -25.652 53.451
-1.885 -23.984 55.416
-1.490 -20.789 53.354
-1.482 -22.786 50.149
-4.553 -24.888 51.156
-6.271 -21.627 52.141
-5.610 -19.452 49.069
-6.901 -22.351 47.028
-10.134 -22.398 49.110
-10.452 -18.680 48.307
-12.245 -19.166 45.005
-11.884 -22.925 44.451
-14.451 -25.276 45.988
-13.121 -28.876 46.074
-15.094 -31.815 44.518
-17.179 -34.258 46.612
-14.783 -36.482 48.586
-11.696 -34.255 48.443
-12.636 -32.082 51.494
-11.155 -28.740 52.658
-7.857 -30.172 53.931
-5.652 -31.015 50.954
-2.006 -30.704 49.843
-1.160 -28.908 46.550
-0.425 -32.340 45.046
-4.050 -33.440 45.781
-5.589 -30.097 44.663
-3.767 -30.648 41.377
-5.413 -34.056 40.745
-8.801 -32.361 40.790
-8.330 -28.686 39.797
-10.552 -27.139 37.073
-11.701 -23.581 36.212
-15.366 -24.708 36.113
-15.230 -25.066 39.922
-13.898 -21.524 40.545
-16.408 -19.527 42.666
-17.339 -16.814 40.167
-17.464 -14.006 42.752
-15.221 -12.715 45.524
-14.095 -15.032 48.266
-14.265 -13.219 51.577
-11.016 -13.604 53.512
