62.877 -17.461 11.725
65.357 -19.127 9.376
62.436 -18.571 6.937
61.920 -15.102 8.403
65.619 -14.231 7.966
65.714 -15.628 4.406
62.553 -13.795 3.489
63.707 -10.486 4.995
67.126 -10.677 3.324
65.272 -10.603 -0.012
63.602 -7.269 0.757
64.795 -3.645 0.624
65.014 -3.322 4.417
66.172 -6.361 6.393
65.887 -5.055 9.937
62.488 -3.394 9.409
61.177 -6.630 7.910
62.706 -8.664 10.814
61.292 -6.483 13.562
57.868 -6.336 11.920
57.557 -10.085 11.312
58.997 -11.183 14.653
56.583 -8.899 16.527
53.760 -11.219 15.402
53.508 -14.716 16.888
52.203 -16.077 13.578
55.730 -15.716 12.134
57.226 -18.525 14.284
55.118 -21.066 12.462
54.481 -18.935 9.408
54.868 -19.788 5.776
55.671 -17.046 3.247
51.976 -16.210 2.788
51.619 -15.738 6.533
54.636 -13.404 6.476
53.066 -11.347 3.665
49.826 -11.114 5.666
51.715 -9.958 8.767
53.340 -7.277 6.599
49.965 -6.132 5.216
48.679 -5.768 8.798
51.770 -3.655 9.712
51.068 -1.364 6.696
47.389 -1.166 7.739
48.378 -0.099 11.293
50.541 2.747 10.030
47.976 3.760 7.377
45.234 3.965 10.016
47.551 6.130 12.163
48.153 8.371 9.150
44.382 8.672 8.446
43.640 9.684 12.032
46.546 12.174 12.048
45.200 13.749 8.837
41.742 14.083 10.385
43.177 15.682 13.530
45.189 18.173 11.452
42.214 19.013 9.215
40.073 19.756 12.316
42.792 21.787 14.165
42.869 25.083 12.255
45.555 23.984 9.843
47.591 26.308 7.570
45.545 27.350 4.525
48.174 25.989 2.205
47.714 22.482 3.728
44.041 22.323 2.616
44.672 20.562 -0.661
47.573 18.471 0.584
45.565 17.192 3.526
42.419 16.558 1.450
44.383 14.585 -1.129
46.318 12.767 1.611
43.011 11.802 3.187
41.935 10.380 -0.209
45.278 8.590 -0.623
44.931 6.813 2.758
41.255 6.054 2.076
42.363 4.222 -1.117
45.034 2.338 0.872
42.641 1.321 3.655
39.458 0.611 1.714
40.888 -0.836 -1.506
44.598 -1.632 -1.657
45.053 -3.478 1.627
41.730 -5.349 1.642
42.470 -6.465 -1.941
45.919 -7.754 -0.809
44.452 -9.629 2.185
41.739 -11.316 0.101
44.087 -12.173 -2.769
46.764 -13.636 -0.442
44.161 -15.531 1.541
42.118 -17.069 -1.226
43.064 -15.626 -4.599
45.715 -14.635 -7.087
48.764 -13.070 -5.370
49.286 -10.728 -8.375
46.441 -8.598 -6.955
48.281 -8.398 -3.606
51.356 -7.165 -5.452
49.057 -4.562 -7.101
47.830 -3.451 -3.679
51.377 -3.013 -2.266
52.512 -1.105 -5.385
49.444 1.074 -4.831
50.080 1.757 -1.134
53.764 2.396 -1.768
52.911 4.977 -4.409
50.024 6.542 -2.460
52.147 7.201 0.652
54.827 8.719 -1.577
52.271 10.939 -3.383
50.997 12.196 -0.005
54.519 13.082 1.223
55.339 14.915 -2.032
52.378 17.300 -1.591
54.509 18.942 1.132
57.578 19.413 -1.092
59.418 22.605 -0.224
57.799 22.767 3.223
57.546 20.858 6.492
55.717 17.582 6.063
53.733 17.185 9.334
53.564 13.332 9.415
56.580 12.612 7.213
57.762 9.628 9.275
54.365 7.930 8.894
54.264 8.389 5.129
57.827 7.059 4.958
56.870 4.036 7.101
53.866 3.191 4.942
56.008 3.532 1.784
58.915 1.484 3.161
56.709 -1.278 4.616
54.773 -1.465 1.326
58.092 -1.923 -0.541
58.985 -4.735 1.898
55.539 -6.266 1.276
55.998 -6.087 -2.520
59.227 -8.012 -2.124
57.726 -10.665 0.180
54.749 -11.173 -2.180
57.091 -11.526 -5.194
58.047 -14.950 -3.740
54.510 -16.168 -4.444
54.339 -15.067 -8.078
