8.245 13.148 -26.171
6.689 13.483 -22.664
4.095 10.607 -22.636
1.956 8.746 -25.221
-1.152 9.808 -23.397
-2.023 12.916 -25.304
-2.568 11.245 -28.657
-5.701 9.745 -27.118
-8.745 11.915 -27.510
-9.364 14.309 -24.608
-12.554 12.571 -23.538
-10.753 9.215 -23.233
-7.623 10.535 -21.520
-6.931 9.305 -17.975
-4.732 11.614 -15.789
-2.132 9.828 -13.519
0.807 11.070 -11.539
2.762 10.655 -14.759
0.238 12.806 -16.713
-1.841 14.889 -14.337
-5.224 16.653 -14.576
-3.725 19.901 -15.797
-1.817 18.092 -18.551
-4.777 16.052 -19.761
-7.543 18.585 -19.332
-6.064 22.071 -18.869
-6.080 24.275 -15.823
-9.257 24.463 -13.661
-10.999 27.829 -13.785
-14.081 30.092 -13.868
-14.819 29.568 -17.649
-17.584 27.332 -19.160
-15.010 25.684 -21.346
-12.873 24.610 -18.413
-13.277 22.031 -15.679
-13.666 23.147 -12.060
-13.242 19.930 -10.250
-10.176 19.055 -8.255
-8.037 20.154 -5.326
-4.284 20.449 -5.690
-3.744 16.735 -4.838
-6.461 15.404 -7.254
-5.124 17.630 -9.962
-1.660 16.358 -9.334
-2.316 12.706 -8.799
-5.459 12.304 -10.913
-6.195 8.631 -10.962
-3.481 7.837 -8.377
-5.401 10.055 -5.928
-6.202 8.225 -2.716
-10.006 8.632 -2.939
-10.290 8.400 -6.676
-12.389 5.187 -6.526
-14.891 6.958 -4.285
-15.187 9.929 -6.780
-15.140 7.656 -9.841
-18.246 5.653 -8.706
-20.261 8.676 -9.827
-18.925 8.640 -13.376
-21.397 7.172 -15.872
-20.626 4.331 -18.243
-20.702 5.181 -21.923
-24.293 3.812 -22.014
-25.492 5.988 -19.076
-23.758 9.158 -20.357
-25.969 8.746 -23.436
-29.200 7.553 -21.869
-29.143 9.701 -18.775
-27.857 12.951 -20.217
-29.241 15.827 -22.218
-27.220 15.755 -25.435
-26.672 18.521 -27.966
-24.504 19.819 -30.819
-22.973 23.327 -30.971
-21.139 24.834 -33.992
-18.540 27.514 -33.164
-15.374 28.861 -34.916
-13.477 26.374 -32.700
-15.259 23.409 -34.331
-18.242 21.191 -33.769
-18.856 20.109 -30.216
-21.080 17.419 -28.643
-22.634 19.170 -25.606
-23.878 17.316 -22.436
-25.532 17.943 -19.136
-27.130 16.050 -16.342
-27.643 15.285 -12.670
-26.767 12.053 -10.921
-28.895 11.432 -7.867
-26.883 10.407 -4.852
-28.258 7.661 -2.629
-29.258 9.268 0.773
-29.379 5.664 2.074
-25.800 4.550 1.309
-24.271 4.844 4.839
-21.311 6.352 2.867
-23.622 9.231 1.932
-22.308 11.844 4.287
-18.736 11.005 3.206
-19.757 11.113 -0.487
-20.956 14.669 -0.281
-18.093 16.226 1.622
-15.609 14.440 -0.727
-17.336 16.006 -3.675
-17.265 19.283 -1.815
-13.547 19.132 -1.108
-13.141 19.198 -4.891
-15.919 21.557 -6.256
-14.256 24.874 -7.142
-11.232 23.998 -5.028
-8.947 26.019 -7.393
-10.595 29.179 -5.998
-8.826 29.079 -2.604
-5.488 27.509 -3.661
-2.981 29.474 -1.641
