25.758 -10.604 -15.438
24.036 -10.388 -12.054
21.633 -13.295 -11.566
19.494 -12.517 -8.518
15.731 -12.744 -9.013
13.987 -13.731 -12.246
12.295 -17.099 -11.727
9.779 -16.990 -8.876
7.558 -13.931 -9.302
5.025 -13.628 -6.480
3.357 -10.995 -4.300
5.960 -11.140 -1.530
5.036 -8.677 1.218
8.120 -6.656 2.320
9.014 -6.265 5.996
8.891 -2.463 5.952
5.297 -2.634 4.711
3.007 -1.941 7.667
0.340 0.391 9.050
1.570 3.932 9.618
4.266 3.636 6.959
4.712 6.190 4.177
4.854 4.800 0.639
4.331 5.664 -3.027
2.617 4.143 -6.062
3.368 3.963 -9.774
0.211 5.795 -10.820
-1.681 6.503 -7.595
0.396 9.211 -5.900
1.676 8.761 -2.347
-0.262 7.344 0.587
0.129 5.974 4.107
-0.477 2.272 4.734
-3.658 1.725 6.748
-4.373 -1.932 5.969
-2.163 -4.919 5.158
-3.632 -8.356 4.534
-5.307 -10.729 2.024
-8.792 -10.088 0.641
-12.081 -11.952 0.229
-12.875 -11.138 -3.402
-9.300 -11.565 -4.633
-6.452 -13.920 -3.734
-2.994 -13.043 -2.454
-2.158 -10.041 -0.284
-3.531 -6.496 -0.433
-2.311 -3.189 0.996
-4.689 -0.398 1.956
-3.101 2.942 1.100
-4.706 6.162 2.334
-4.549 8.988 -0.206
-4.567 12.459 1.347
-5.774 13.784 -2.009
-8.961 12.734 -3.880
-7.859 10.175 -6.468
-8.847 6.717 -5.271
-11.730 4.340 -5.942
-13.022 2.667 -2.783
-14.356 4.873 0.010
-12.842 2.703 2.728
-14.794 -0.423 1.800
-14.832 -2.685 -1.258
-17.713 -4.871 -2.395
-19.340 -4.391 0.989
-16.519 -5.479 3.287
-14.737 -2.547 4.929
-11.139 -2.214 6.120
-10.452 1.440 6.920
-12.587 4.566 7.301
-11.503 8.198 6.983
-13.457 10.031 4.283
-15.421 9.379 1.046
-12.998 9.616 -1.859
-9.754 9.364 0.097
-9.035 5.643 0.205
-7.553 2.925 -1.993
-6.346 -0.681 -1.898
-3.439 -1.874 -4.042
-1.087 -4.861 -4.037
2.394 -4.749 -2.414
3.874 -4.602 -5.911
2.167 -1.226 -6.311
3.761 0.123 -3.130
7.292 1.402 -2.527
9.162 2.948 0.402
9.377 6.745 0.449
11.000 7.771 3.734
