2.950 3.752 9.916
6.004 2.820 7.849
7.945 -0.299 6.867
10.946 -1.238 4.725
12.595 -4.562 3.947
13.602 -7.098 1.308
10.480 -8.176 -0.579
10.041 -10.636 -3.446
8.045 -9.067 -6.279
6.289 -11.132 -8.948
7.598 -9.752 -12.242
6.623 -12.659 -14.531
3.054 -13.917 -14.909
3.563 -17.634 -14.362
4.843 -18.111 -10.819
7.937 -19.484 -12.553
10.237 -17.428 -10.327
10.514 -14.440 -7.989
12.586 -11.251 -8.023
13.760 -9.557 -4.826
13.487 -5.768 -4.630
13.906 -3.101 -1.950
10.628 -1.680 -0.644
9.759 1.227 1.649
6.550 2.844 2.899
6.266 6.488 3.949
2.516 6.924 4.308
1.346 8.187 0.924
2.711 5.620 -1.528
4.962 2.563 -1.754
8.437 3.214 -3.157
10.269 0.030 -4.142
13.414 0.000 -6.280
15.419 -2.861 -7.784
18.109 -4.463 -5.624
20.712 -3.371 -8.174
21.411 0.295 -8.912
19.440 1.545 -11.915
18.855 4.848 -13.710
15.824 6.343 -15.454
13.537 3.815 -13.766
10.173 4.199 -12.032
8.264 2.014 -9.591
5.890 3.515 -7.038
2.417 2.359 -6.009
-0.015 5.122 -4.962
-1.954 4.476 -1.754
-5.057 5.519 -3.692
-4.580 2.679 -6.175
-4.692 0.113 -3.371
-8.310 -1.040 -3.593
-8.107 -3.955 -1.158
-5.566 -6.124 0.660
-5.643 -9.824 1.532
-3.400 -12.731 2.528
-2.090 -15.384 0.140
-0.215 -18.664 0.460
2.216 -18.857 3.370
3.807 -15.646 4.647
2.500 -13.931 1.513
-0.205 -11.462 0.485
-1.858 -9.949 -2.589
-2.229 -6.185 -2.997
-4.901 -5.224 -5.528
-4.250 -2.001 -7.438
-6.465 -0.051 -9.835
-3.656 -0.697 -12.315
-2.500 -4.291 -11.855
-2.744 -6.537 -8.794
0.636 -7.065 -7.133
1.962 -9.880 -4.945
4.441 -9.193 -2.143
6.156 -11.846 -0.025
7.796 -11.427 3.383
10.447 -13.357 5.308
8.748 -13.285 8.712
5.186 -13.867 9.911
5.000 -10.745 12.076
5.986 -8.788 8.966
3.260 -10.244 6.748
0.562 -9.107 9.178
2.404 -5.870 9.951
2.611 -4.708 6.335
-1.087 -5.335 5.706
-2.080 -3.458 8.862
0.155 -0.524 7.936
-1.629 -0.255 4.588
-5.139 -0.726 5.975
-4.339 1.956 8.552
-3.223 4.391 5.852
-6.271 3.451 3.780
-8.832 4.321 6.455
-7.268 7.763 6.879
-7.716 8.609 3.198
-11.134 6.941 3.138
-13.404 7.439 6.149
-16.050 4.861 7.055
-14.238 2.377 4.817
-14.254 -1.425 4.900
-13.158 -2.379 8.415
-10.913 -5.418 8.855
-10.567 -5.744 12.628
