2.517 -4.021 -1.420
6.123 -3.262 -2.365
8.049 -5.849 -4.381
11.496 -5.309 -2.865
10.815 -5.271 0.877
7.186 -6.361 0.728
5.494 -3.703 2.846
2.203 -1.813 2.578
2.712 0.539 -0.368
1.515 4.148 -0.266
-0.577 6.530 -2.366
2.642 8.022 -3.737
4.012 4.574 -4.573
6.072 4.735 -7.766
5.371 2.135 -10.453
8.176 0.033 -11.933
7.441 -1.910 -15.120
3.889 -2.607 -13.991
4.992 -3.255 -10.417
4.678 -0.859 -7.479
7.416 0.027 -4.992
7.304 2.176 -1.857
9.000 5.580 -1.736
11.522 4.103 0.735
12.657 1.409 -1.698
12.222 3.466 -4.869
14.690 5.961 -3.399
17.160 3.110 -2.906
17.036 2.488 -6.657
18.135 5.738 -8.273
21.574 5.567 -6.674
