-4.237 8.617 -2.537
-4.949 5.274 -0.868
-7.734 3.850 -3.031
-5.563 4.390 -6.107
-2.911 1.919 -4.955
-5.243 -0.470 -3.132
-6.987 -0.802 -6.495
-3.974 -2.239 -8.319
-3.822 -5.021 -5.728
-7.520 -5.785 -6.184
-6.838 -6.285 -9.893
-3.540 -8.155 -9.588
-4.919 -10.788 -7.233
-5.164 -9.416 -3.701
-8.523 -8.855 -2.007
-7.163 -7.842 1.397
-7.745 -4.130 1.993
-6.696 -4.640 5.614
-3.303 -6.047 4.623
-2.407 -3.552 1.894
-3.206 -0.578 4.128
-0.644 -1.692 6.708
1.886 -1.804 3.869
0.797 1.450 2.228
1.502 3.314 5.468
4.758 1.373 5.795
6.459 1.475 2.394
5.200 4.931 1.421
2.488 3.336 -0.716
5.211 1.546 -2.678
3.040 -0.772 -4.770
6.275 -2.665 -5.415
7.224 -3.213 -1.773
3.564 -3.747 -0.885
3.265 -6.513 -3.477
6.732 -8.064 -3.288
6.055 -8.538 0.424
2.613 -10.099 -0.016
4.048 -12.591 -2.507
6.505 -13.667 0.190
3.884 -14.238 2.887
