9.153 0.817 -42.581
9.540 2.929 -39.393
11.648 3.581 -36.172
11.569 2.610 -32.237
8.437 2.103 -30.052
8.273 -0.004 -26.996
4.506 0.023 -27.130
4.475 -1.644 -30.561
6.790 -4.370 -29.372
4.644 -4.947 -26.389
1.598 -5.224 -28.723
3.355 -8.019 -30.478
4.592 -9.818 -27.247
1.187 -9.673 -25.128
-0.872 -12.138 -27.247
1.884 -14.729 -27.416
2.319 -14.746 -23.661
-1.377 -14.809 -23.157
-1.599 -17.886 -25.340
1.426 -19.385 -23.573
0.041 -19.003 -20.039
-3.375 -20.303 -21.131
-2.278 -23.632 -22.383
0.092 -24.087 -19.445
-2.637 -23.547 -17.120
-4.944 -25.699 -19.144
-2.680 -28.584 -18.523
-1.209 -27.660 -15.119
-3.569 -25.355 -13.204
-4.480 -28.205 -10.848
-0.885 -28.973 -10.088
0.161 -28.652 -6.522
3.225 -26.451 -6.329
3.359 -26.460 -2.583
1.774 -26.774 0.852
0.965 -24.248 3.459
1.795 -24.766 7.119
0.762 -22.971 10.331
4.237 -21.610 10.751
4.065 -20.064 7.248
0.831 -18.381 8.130
2.113 -16.959 11.440
5.415 -16.354 9.721
4.880 -13.725 7.078
4.177 -16.216 4.284
7.815 -17.138 4.675
8.551 -19.809 2.239
5.135 -19.670 0.538
5.003 -19.674 -3.290
2.303 -17.068 -3.638
2.609 -14.788 -6.690
3.536 -14.821 -10.337
5.814 -11.918 -11.121
7.665 -12.003 -14.334
10.328 -9.440 -14.509
12.733 -10.864 -12.005
13.328 -13.932 -10.004
15.426 -14.174 -6.853
17.518 -17.212 -6.108
18.309 -17.824 -2.386
21.926 -18.598 -3.190
22.766 -16.866 -6.430
20.702 -13.719 -5.816
18.527 -11.671 -8.274
18.112 -12.252 -12.135
16.684 -9.759 -14.496
15.792 -12.036 -17.431
17.757 -14.772 -16.353
20.496 -12.146 -16.318
22.610 -11.644 -13.248
23.838 -8.408 -12.182
27.325 -9.152 -13.529
25.765 -10.072 -16.878
23.811 -6.833 -16.923
26.912 -4.935 -16.083
28.392 -6.265 -19.191
25.398 -6.450 -21.551
23.316 -3.272 -21.004
24.473 -0.172 -22.807
26.450 2.520 -21.044
26.421 6.365 -21.340
29.730 6.464 -23.233
30.951 5.325 -19.452
31.246 2.069 -17.540
27.979 1.702 -15.831
24.726 0.330 -17.206
21.879 2.805 -18.035
18.723 2.136 -16.044
16.934 2.904 -19.300
18.289 -0.338 -20.749
17.396 -2.329 -17.713
13.908 -1.004 -18.103
13.720 -2.259 -21.709
15.036 -5.580 -20.547
12.534 -6.037 -17.773
9.592 -5.072 -19.948
10.486 -7.048 -22.972
12.740 -9.917 -21.956
15.409 -8.759 -24.306
18.657 -6.804 -24.168
18.177 -3.533 -25.870
20.325 -1.942 -28.482
21.919 1.386 -27.828
19.396 2.893 -30.143
16.451 1.380 -28.280
17.956 2.756 -25.179
18.379 6.215 -26.459
14.616 6.127 -27.147
13.697 5.525 -23.497
15.881 8.470 -22.547
14.318 10.805 -25.079
10.893 9.507 -24.103
11.401 9.906 -20.375
12.657 13.334 -21.063
9.672 14.387 -23.096
7.297 13.195 -20.367
8.850 14.798 -17.224
6.468 17.570 -16.237
5.025 18.421 -13.046
1.672 19.908 -12.524
1.232 23.006 -10.574
-0.741 21.482 -7.706
2.079 19.084 -6.979
4.832 21.816 -7.058
2.656 23.668 -4.706
2.255 21.012 -2.088
5.939 20.090 -2.136
6.872 23.744 -1.635
4.494 24.100 1.379
5.506 20.832 3.120
7.203 21.105 6.519
10.938 20.284 6.759
10.273 17.883 9.526
8.064 15.800 7.153
10.067 12.811 6.121
11.300 12.736 2.571
9.674 9.338 1.895
6.425 10.880 3.162
6.860 13.856 1.038
7.446 11.611 -1.874
4.580 9.256 -1.429
2.018 12.151 -0.909
3.274 13.799 -4.118
2.810 10.676 -6.161
-0.581 10.154 -4.722
-1.414 13.782 -5.598
-0.295 13.086 -9.228
-3.141 10.665 -9.756
-5.115 13.654 -10.987
-3.334 13.072 -14.124
-3.718 9.321 -14.509
-4.477 8.187 -18.078
-5.673 4.883 -16.764
-7.983 6.398 -14.099
-9.562 8.433 -16.915
-9.907 5.656 -19.349
-11.533 3.449 -16.720
-13.975 6.261 -15.902
-14.842 6.300 -19.488
-15.522 2.550 -19.388
-12.936 1.042 -21.756
-12.915 -2.576 -22.267
-10.643 -4.583 -19.846
-8.595 -5.723 -22.723
-7.013 -2.366 -23.290
-6.081 -1.721 -19.675
-2.450 -2.573 -20.283
-2.256 0.212 -22.801
-3.152 3.056 -20.450
-1.179 1.484 -17.661
1.901 1.722 -19.878
1.333 5.458 -20.604
0.916 6.262 -16.941
4.014 4.070 -16.113
6.227 5.911 -18.679
4.914 9.258 -17.428
5.423 8.273 -13.838
8.937 7.143 -14.403
9.582 10.362 -16.256
8.339 12.585 -13.480
9.880 10.796 -10.547
13.291 12.369 -10.654
11.685 15.803 -10.839
9.634 15.192 -7.696
12.523 13.565 -5.935
14.855 16.446 -6.756
12.391 19.088 -5.786
12.160 17.480 -2.454
15.951 17.434 -2.222
16.364 21.019 -3.222
13.596 22.162 -0.877
14.836 20.413 2.203
18.627 20.741 1.717
19.181 23.504 -0.826
16.600 26.145 0.142
15.979 28.896 -2.446
17.574 26.970 -5.349
15.689 25.494 -8.337
15.732 22.109 -9.992
16.147 23.565 -13.416
15.226 22.090 -16.817
15.383 18.553 -18.255
17.718 18.228 -21.192
16.378 15.862 -23.691
19.842 15.068 -24.700
20.902 13.404 -21.520
20.143 10.073 -20.029
17.643 9.927 -17.130
20.411 9.424 -14.442
22.394 12.468 -15.520
19.329 14.736 -15.674
18.583 13.516 -12.166
22.123 14.244 -10.871
21.819 17.616 -12.560
18.556 18.429 -10.789
20.123 17.209 -7.573
22.995 19.554 -8.137
25.847 17.155 -8.345
28.614 17.722 -10.831
31.119 14.995 -10.197
31.362 12.833 -13.170
31.824 9.625 -11.060
28.724 10.494 -9.134
26.824 10.233 -12.368
28.182 6.728 -12.843
27.315 5.848 -9.277
23.813 7.027 -9.985
23.364 4.878 -13.060
24.593 1.869 -11.233
22.422 2.615 -8.211
19.148 3.004 -9.980
19.823 -0.149 -12.043
20.667 -2.489 -9.253
17.876 -1.259 -7.045
15.425 -1.781 -9.940
13.525 -4.893 -9.020
13.773 -7.764 -6.663
11.139 -10.246 -7.574
7.431 -9.898 -6.526
7.339 -10.882 -2.814
9.299 -8.006 -1.406
7.152 -5.532 0.509
7.284 -2.685 -1.958
6.756 -4.706 -5.127
4.115 -6.854 -3.538
2.221 -3.735 -2.327
2.118 -2.292 -5.766
0.969 -5.653 -7.131
-1.767 -5.952 -4.502
-3.040 -2.372 -4.915
-2.820 -2.473 -8.662
-4.871 -5.711 -8.733
-7.876 -3.739 -7.522
-7.501 -1.430 -10.458
-6.026 1.600 -8.653
-4.065 3.504 -11.288
-0.276 3.234 -11.393
0.229 6.433 -9.407
-1.714 5.217 -6.457
-0.167 1.840 -6.550
3.384 3.206 -6.645
2.642 5.517 -3.699
1.447 2.759 -1.415
4.611 0.925 -2.629
6.529 3.767 -1.169
4.735 3.566 2.151
6.001 0.028 2.287
9.594 0.958 1.210
9.667 3.463 4.021
9.494 0.726 6.615
12.693 0.120 8.696
12.694 -3.536 7.867
12.564 -2.640 4.174
14.168 0.254 2.201
14.479 2.631 5.189
17.364 0.274 6.088
19.265 2.563 3.676
19.026 5.205 6.143
19.131 3.145 9.269
22.538 1.804 8.306
24.091 5.244 8.003
22.573 6.442 11.270
23.860 3.339 12.980
27.262 3.871 11.533
27.005 7.494 12.486
26.324 6.562 16.153
28.999 3.828 16.041
31.637 6.313 15.156
30.497 8.709 17.821
30.627 6.264 20.603
39.053 3.759 14.069
38.008 1.110 16.612
38.996 -2.493 17.492
37.126 -5.556 16.275
36.458 -6.253 19.903
34.915 -2.773 20.543
33.007 -3.264 17.263
31.760 -6.464 18.586
30.626 -4.975 21.903
28.627 -2.373 19.967
26.854 -4.965 17.846
25.952 -6.863 21.027
24.468 -3.938 22.707
22.156 -3.366 19.714
21.125 -6.975 19.818
20.693 -7.040 23.600
18.449 -4.003 23.378
15.877 -5.670 21.155
16.911 -3.817 18.004
18.020 -5.078 14.698
21.333 -4.607 13.120
20.354 -2.846 9.897
21.687 -3.929 6.499
22.120 -7.613 7.433
19.734 -10.510 6.962
17.177 -11.158 4.237
13.821 -12.921 3.957
14.891 -15.044 1.030
18.599 -14.667 0.346
20.831 -16.996 2.169
24.124 -15.656 1.068
25.730 -12.276 0.621
23.656 -10.130 -1.653
25.349 -9.697 -5.038
24.074 -6.179 -4.890
26.300 -5.751 -1.811
29.204 -7.186 -3.753
28.356 -5.025 -6.686
28.649 -2.035 -4.444
31.848 -3.141 -2.773
33.480 -3.603 -6.103
32.515 -0.021 -6.991
34.109 1.321 -3.731
37.290 -0.668 -4.208
37.622 1.001 -7.586
36.733 4.525 -6.618
36.816 5.228 -2.951
39.033 2.630 -1.481
40.580 4.848 1.253
37.282 6.118 2.589
37.175 5.627 6.254
33.339 5.002 6.175
34.094 2.427 3.461
36.731 0.853 5.646
34.332 0.643 8.555
31.787 -1.138 6.337
34.497 -3.480 5.144
35.431 -4.200 8.716
31.820 -4.803 9.715
31.489 -7.508 7.098
34.211 -9.227 9.021
32.379 -9.090 12.327
28.537 -8.783 11.994
27.926 -12.147 10.347
30.010 -13.839 13.031
28.100 -12.059 15.792
24.852 -12.909 14.034
25.902 -16.566 13.748
26.805 -16.432 17.440
23.469 -15.102 18.506
21.706 -17.965 16.634
18.528 -16.101 15.465
19.020 -14.717 11.906
18.454 -17.339 9.283
20.676 -15.268 6.989
23.652 -13.557 8.652
25.097 -11.874 5.557
24.558 -8.299 4.459
21.905 -7.070 1.982
22.070 -4.165 -0.436
21.311 -1.641 2.159
24.415 -2.230 4.164
26.561 -0.820 1.402
24.649 1.874 -0.409
24.749 4.908 1.864
28.548 4.723 2.271
28.781 5.293 -1.438
26.508 8.381 -1.393
28.248 10.078 1.641
31.537 9.860 -0.204
30.200 11.921 -3.003
28.876 14.659 -0.672
25.392 13.350 -0.452
25.349 13.053 3.235
21.627 13.672 4.044
20.830 10.077 5.168
17.093 10.583 5.697
17.031 11.097 1.916
18.537 7.758 0.765
15.327 5.776 0.627
13.981 8.267 -1.896
16.671 7.200 -4.213
15.684 3.573 -3.629
12.120 4.735 -4.341
13.210 6.086 -7.651
14.913 2.938 -8.891
12.196 0.621 -7.675
9.721 2.235 -9.939
11.542 0.618 -12.831
10.729 -2.873 -11.751
7.359 -2.540 -10.182
5.974 -0.503 -13.135
7.522 -2.836 -15.690
5.621 -5.653 -14.073
2.462 -3.696 -13.453
2.074 -3.416 -17.150
2.386 -7.195 -17.602
-0.113 -8.003 -14.828
-2.924 -6.004 -16.456
-1.728 -7.292 -19.894
-2.110 -10.849 -18.761
-5.369 -9.962 -16.988
-4.200 -10.989 -13.392
-7.274 -10.616 -11.143
-7.886 -9.195 -7.658
-5.275 -10.477 -5.170
-7.491 -11.720 -2.311
-6.296 -14.654 -0.209
-8.226 -16.134 2.726
-7.234 -15.299 6.298
-7.922 -17.030 9.415
-7.871 -16.307 13.000
-5.965 -18.182 15.622
-9.211 -19.536 17.078
-10.204 -20.601 13.606
-6.899 -22.281 12.869
-6.943 -23.844 16.407
-10.306 -25.334 15.341
-9.122 -26.424 11.868
