27.051 21.477 32.897
26.528 18.917 35.620
24.766 17.755 38.695
25.832 16.093 41.933
23.617 13.354 43.403
23.421 13.320 47.226
22.268 11.036 50.006
19.130 11.657 52.108
21.063 13.188 54.976
22.764 15.694 52.642
19.489 16.452 50.846
17.940 17.345 54.224
20.997 19.419 55.287
20.919 21.273 51.951
17.241 22.032 52.450
18.191 23.613 55.814
20.771 25.767 53.997
24.009 23.794 54.396
26.819 23.633 51.877
27.285 20.179 50.282
30.210 18.239 51.753
31.911 15.463 49.858
30.826 12.573 52.105
27.163 13.388 51.282
27.802 12.859 47.587
26.788 9.593 45.924
27.138 10.342 42.256
28.349 12.837 39.685
26.750 13.515 36.275
28.051 15.703 33.509
31.370 17.394 33.210
32.353 20.611 34.924
35.288 22.345 36.535
35.843 24.171 39.845
33.722 27.364 39.684
30.977 26.045 37.362
27.284 26.257 38.243
25.851 22.889 39.225
22.764 21.562 41.051
22.565 19.069 43.872
19.767 16.455 43.523
18.534 13.933 46.096
19.536 10.692 44.356
16.422 8.648 45.102
13.837 10.971 43.526
16.246 13.216 41.578
14.599 16.191 43.288
16.851 19.298 42.949
17.506 20.727 46.440
20.246 23.272 45.871
21.977 25.292 43.163
25.550 26.385 43.662
29.156 26.493 42.653
31.451 23.505 42.198
34.380 23.615 44.626
36.226 20.861 42.689
36.284 19.568 39.111
33.867 16.770 38.249
36.685 14.318 37.591
38.169 15.053 41.030
34.773 14.743 42.731
34.190 11.337 41.120
37.322 10.151 42.967
36.743 12.077 46.183
33.216 10.925 46.916
34.276 7.299 46.323
36.967 7.712 49.041
34.438 9.679 51.190
37.056 12.418 51.536
36.156 15.306 53.817
35.592 18.815 52.525
33.229 21.008 50.600
31.995 19.742 47.247
29.549 22.531 46.227
29.131 25.971 47.683
25.436 26.788 48.174
23.938 29.756 46.357
20.180 28.970 46.365
18.318 26.105 48.047
14.911 24.699 48.799
13.142 26.841 51.405
15.444 29.849 51.295
13.916 33.366 51.066
14.290 33.515 47.243
12.734 30.027 46.898
9.688 31.094 48.966
9.249 34.270 46.990
9.640 32.386 43.681
7.030 29.798 44.866
4.492 32.481 45.322
5.381 34.261 42.060
4.721 30.942 40.337
1.286 30.654 42.046
