21.209 62.676 76.628
22.839 65.272 74.370
25.882 66.048 76.483
28.439 64.431 74.192
28.163 67.044 71.431
28.855 69.676 74.097
31.816 67.615 75.331
33.307 67.682 71.833
32.900 71.458 71.584
34.563 71.853 74.982
37.512 69.740 73.822
37.891 71.845 70.663
38.460 74.883 72.862
40.604 72.949 75.304
42.899 71.754 72.517
43.872 75.336 71.687
45.043 75.754 75.278
47.022 72.521 75.196
48.619 73.577 71.909
49.706 76.814 73.587
50.976 74.876 76.586
53.111 72.715 74.310
54.543 75.728 72.496
55.519 77.352 75.803
57.400 74.273 77.006
59.073 73.773 73.633
60.109 77.429 73.485
61.633 77.245 76.971
63.664 74.213 75.879
64.785 75.906 72.655
65.735 79.106 74.462
67.762 77.168 77.011
69.507 75.138 74.318
70.296 78.286 72.297
71.883 80.012 75.287
73.746 76.854 76.261
75.063 76.186 72.756
76.437 79.713 72.551
78.378 79.369 75.802
79.518 75.738 75.736
82.687 75.162 73.748
84.116 71.964 72.288
86.957 71.413 69.830
87.873 75.077 70.171
84.533 76.750 69.443
80.965 77.198 70.717
79.039 74.017 69.931
76.465 76.245 68.225
79.023 76.460 65.405
78.588 72.777 64.530
75.695 72.038 62.200
74.812 68.964 64.236
73.689 71.458 66.876
72.677 74.534 64.865
70.442 72.565 62.491
68.506 71.216 65.479
68.064 74.760 66.785
66.884 76.032 63.391
64.401 73.197 62.895
62.925 73.561 66.384
62.599 77.337 66.093
60.862 77.005 62.737
58.445 74.294 63.884
57.580 76.136 67.090
56.775 79.329 65.165
54.590 77.285 62.821
52.861 75.733 65.829
52.238 79.153 67.348
50.695 80.437 64.121
48.444 77.382 64.055
47.098 77.881 67.564
46.635 81.621 66.981
44.635 80.736 63.872
42.404 78.314 65.801
41.896 80.893 68.541
40.960 83.521 65.946
38.290 81.276 64.456
36.846 80.559 67.899
36.826 84.272 68.772
34.997 84.931 65.482
32.320 82.404 66.416
33.228 80.185 63.470
33.825 76.410 63.375
37.341 75.440 64.442
37.353 71.686 65.152
39.765 70.951 62.315
41.975 73.906 63.154
42.157 73.201 66.892
43.095 69.585 66.173
45.817 70.620 63.719
47.218 73.145 66.195
47.343 70.699 69.099
48.713 67.879 66.941
51.502 69.946 65.457
52.380 71.899 68.593
52.542 68.840 70.854
54.610 66.795 68.408
56.963 69.678 67.596
57.341 70.728 71.230
58.208 67.267 72.473
60.756 66.885 69.670
62.287 70.284 70.528
62.538 69.291 74.186
64.200 66.005 73.260
66.693 67.853 71.063
67.442 70.281 73.907
68.310 67.328 76.140
70.628 66.134 73.360
72.323 69.514 72.959
73.155 69.730 76.676
74.616 66.234 76.481
75.303 64.688 79.862
73.961 67.829 81.515
70.659 67.312 79.726
70.304 64.060 81.683
70.680 65.732 85.091
67.936 67.380 87.129
70.056 70.404 88.041
69.152 71.682 84.550
65.507 72.250 83.447
65.521 70.594 80.031
64.727 67.066 81.215
61.712 68.471 83.069
60.552 70.392 79.989
60.411 67.127 78.043
58.656 65.234 80.827
56.041 67.981 81.139
55.556 68.425 77.393
55.217 64.685 76.818
51.637 64.667 78.116
50.529 67.155 75.447
50.648 64.392 72.823
48.225 62.327 74.940
45.821 64.563 76.856
42.626 65.980 75.337
42.904 63.625 72.396
45.993 61.586 71.574
47.872 62.535 68.419
46.394 59.411 66.817
42.823 60.467 67.620
43.519 63.982 66.321
44.810 62.616 63.015
41.500 60.752 62.676
39.569 63.943 63.456
41.598 65.891 60.903
41.444 63.239 58.162
37.688 62.831 58.569
37.109 66.558 58.076
39.469 66.695 55.096
37.704 63.786 53.394
34.256 65.271 54.021
35.327 68.451 52.241
36.226 66.083 49.403
