5.746 73.480 -58.114
8.536 71.046 -58.966
10.251 73.753 -61.011
9.779 76.611 -58.568
13.474 76.204 -57.771
15.409 79.090 -56.249
18.622 77.116 -56.558
20.279 74.860 -59.117
23.207 72.556 -58.331
25.866 71.020 -60.546
25.361 67.291 -59.995
27.645 64.280 -60.247
26.709 60.560 -60.074
25.661 59.341 -56.605
25.321 55.590 -57.218
27.424 52.933 -58.927
27.053 49.331 -60.102
30.253 47.355 -60.623
29.934 44.458 -63.054
32.390 42.031 -64.633
32.821 43.891 -67.910
31.911 47.435 -66.994
30.496 50.079 -64.706
27.195 51.950 -64.472
27.027 55.251 -62.592
23.706 57.023 -62.028
22.392 60.379 -60.848
19.596 60.136 -58.247
16.311 60.897 -60.024
15.040 62.600 -56.863
17.284 65.668 -57.084
14.878 68.649 -57.260
16.513 69.724 -60.535
16.047 66.339 -62.225
12.455 66.119 -61.001
11.661 69.514 -62.520
13.107 68.401 -65.866
11.351 65.025 -65.583
14.378 62.895 -66.452
17.442 61.252 -64.961
20.906 60.399 -66.243
23.143 57.351 -66.414
26.825 56.962 -67.305
27.794 53.575 -68.718
31.313 52.279 -69.175
32.045 49.171 -71.200
35.572 47.899 -70.638
37.495 45.965 -73.286
35.356 43.165 -74.759
32.516 44.483 -72.615
28.923 43.559 -73.450
25.868 45.288 -71.980
23.240 42.515 -71.767
19.865 42.984 -73.566
17.363 45.282 -71.835
14.519 47.707 -72.518
12.760 50.556 -70.707
9.251 52.138 -71.012
10.659 55.461 -72.215
13.181 56.712 -74.756
16.861 57.199 -73.986
19.207 59.568 -75.791
22.839 58.544 -75.433
26.004 60.434 -76.308
29.160 58.349 -76.650
32.021 60.370 -75.182
34.784 57.779 -75.563
35.559 54.614 -77.484
33.902 52.716 -80.293
31.382 49.899 -80.347
28.276 48.307 -81.760
24.633 48.486 -80.766
21.934 46.065 -81.814
18.184 46.373 -81.369
15.415 43.790 -81.532
12.558 45.267 -83.545
9.398 43.124 -83.102
8.265 41.076 -86.071
11.043 42.408 -88.291
13.050 40.036 -90.520
16.642 38.995 -89.775
18.406 40.795 -92.652
21.980 39.881 -91.632
22.695 36.217 -92.355
25.677 33.892 -92.746
25.141 30.621 -94.677
20.899 25.925 -93.233
21.888 29.243 -91.688
24.898 29.320 -89.390
23.183 32.392 -87.954
20.963 35.364 -88.740
20.068 38.475 -86.771
18.934 42.059 -87.187
21.139 44.914 -88.385
24.278 45.758 -86.411
24.904 49.481 -85.943
28.396 50.830 -85.304
29.134 53.904 -83.215
32.130 56.040 -82.222
32.778 58.872 -79.776
30.746 61.935 -80.664
27.769 59.849 -81.741
24.316 60.093 -80.221
22.255 56.911 -79.963
18.488 56.786 -79.464
16.748 53.897 -77.709
13.023 53.541 -78.510
10.571 52.783 -75.671
10.097 49.050 -75.106
12.683 48.018 -77.689
15.450 45.680 -76.459
19.039 46.737 -77.193
22.540 45.523 -76.369
25.938 47.129 -76.802
29.480 45.861 -77.221
32.891 47.549 -77.042
34.808 46.841 -80.262
37.946 48.747 -79.299
40.701 48.650 -76.700
39.897 51.707 -74.604
36.625 51.532 -72.692
33.396 52.920 -74.116
31.937 55.699 -71.996
28.401 56.861 -72.681
26.028 59.277 -70.957
22.354 58.423 -71.243
19.436 60.802 -70.765
16.566 58.646 -69.451
13.433 60.553 -70.473
11.222 59.185 -67.696
8.599 61.925 -68.021
8.076 61.107 -71.693
4.431 60.994 -72.790
4.926 57.387 -73.977
5.778 56.226 -70.463
2.389 55.190 -69.063
3.781 53.654 -65.861
5.176 56.338 -63.566
8.096 58.747 -63.381
10.419 56.056 -62.007
13.279 54.838 -64.181
12.985 51.108 -64.946
15.158 48.611 -66.773
13.761 45.259 -67.907
16.670 42.887 -68.515
16.119 39.935 -70.829
19.236 38.173 -69.539
21.667 38.071 -66.641
21.327 38.815 -62.951
21.598 42.612 -62.617
21.893 44.839 -59.570
19.394 47.712 -59.322
20.737 50.662 -61.326
18.376 53.201 -59.773
17.967 52.224 -56.093
16.241 55.472 -55.089
13.085 54.086 -56.714
12.796 51.120 -54.341
12.103 53.571 -51.509
17.686 42.371 -55.298
16.219 41.609 -58.714
16.803 39.557 -61.832
15.893 39.319 -65.509
12.305 39.156 -66.711
12.981 35.539 -67.686
13.972 34.613 -64.119
10.366 35.351 -63.171
9.251 32.209 -65.026
9.931 28.585 -64.058
12.382 26.632 -66.197
9.592 24.171 -66.883
7.294 26.779 -68.442
10.209 28.429 -70.251
11.045 25.003 -71.702
7.471 24.558 -72.912
7.140 28.154 -74.174
10.318 28.108 -76.246
10.076 24.437 -77.264
13.420 23.813 -75.551
14.792 21.343 -72.995
14.949 22.016 -69.249
18.734 22.383 -69.465
18.618 25.361 -71.838
15.537 26.760 -70.071
17.347 26.691 -66.738
20.156 28.751 -68.266
17.710 31.298 -69.676
17.046 32.278 -66.057
20.679 33.179 -65.257
20.560 31.321 -61.889
24.306 31.227 -61.160
25.378 34.347 -63.009
27.507 36.673 -60.859
28.740 38.885 -63.715
25.922 41.465 -63.343
24.552 43.484 -66.306
27.799 44.179 -68.196
29.944 41.132 -68.955
33.363 40.473 -70.476
33.327 38.398 -73.657
36.466 36.286 -73.405
38.087 35.934 -76.799
35.946 38.758 -78.099
32.439 38.862 -79.524
31.800 37.788 -83.109
28.720 38.805 -85.126
27.624 39.129 -88.752
28.637 42.519 -90.162
30.581 44.032 -93.110
