44.313 -28.253 -12.094
43.144 -26.387 -9.030
39.532 -26.329 -7.867
38.690 -23.418 -5.595
35.842 -22.939 -3.195
33.764 -19.729 -3.133
32.221 -19.693 0.345
28.662 -18.314 0.428
26.619 -17.563 3.502
23.067 -16.234 3.255
20.324 -15.021 5.617
18.076 -18.103 5.472
20.998 -20.323 6.475
20.654 -18.757 9.908
17.046 -20.072 10.177
16.278 -23.545 11.419
12.899 -23.879 13.140
13.654 -27.477 14.231
16.897 -26.501 16.015
16.892 -27.237 19.755
19.287 -24.955 21.622
21.608 -26.328 24.340
21.452 -25.130 27.947
24.859 -23.430 27.326
23.550 -21.173 24.488
22.372 -17.602 24.899
18.886 -16.803 23.704
17.551 -13.464 22.566
13.892 -12.748 21.856
13.017 -10.129 19.252
9.795 -8.604 17.950
10.020 -7.400 14.348
8.133 -6.347 11.219
9.768 -7.161 7.812
10.073 -4.530 5.117
10.072 -5.950 1.613
11.386 -9.385 2.753
9.818 -12.641 4.084
9.568 -13.044 7.873
12.152 -15.875 7.580
14.608 -13.592 5.749
14.111 -10.761 8.183
14.731 -13.164 11.100
17.842 -14.518 9.326
19.131 -10.966 8.905
18.840 -10.453 12.669
20.728 -13.722 13.441
23.338 -12.939 10.833
24.154 -9.363 11.779
24.271 -10.299 15.495
26.685 -13.180 14.762
29.039 -13.829 11.802
27.282 -11.877 9.070
26.926 -13.003 5.461
29.441 -12.938 2.683
30.821 -14.224 -0.585
34.559 -14.862 -0.665
37.304 -17.068 -2.063
39.292 -16.508 1.152
39.585 -19.382 3.598
36.993 -19.203 6.350
38.325 -18.882 9.869
37.863 -22.177 11.658
35.648 -20.762 14.407
33.248 -19.028 11.981
30.928 -22.047 11.587
30.870 -22.499 15.387
29.993 -18.839 15.855
26.638 -18.749 13.914
23.449 -17.670 15.628
20.340 -19.723 14.775
16.688 -18.671 14.567
14.850 -21.545 16.246
11.416 -19.989 16.926
9.398 -17.771 14.600
5.687 -16.956 14.952
3.225 -14.225 14.121
2.578 -11.693 16.968
0.130 -8.827 16.411
1.213 -6.826 13.345
4.601 -8.558 13.359
6.573 -11.581 14.460
8.556 -12.837 17.428
11.842 -14.632 16.793
13.945 -16.360 19.414
17.554 -16.733 18.417
20.266 -18.911 19.901
23.901 -17.807 20.312
26.954 -19.926 21.077
29.267 -18.474 23.714
32.127 -18.443 21.227
30.619 -15.170 19.931
31.065 -13.433 23.300
33.737 -11.841 25.378
32.742 -13.181 28.727
32.154 -10.689 31.505
31.654 -7.901 28.916
27.973 -6.881 28.676
29.210 -4.025 26.549
30.265 -6.595 23.960
27.053 -8.676 24.315
24.959 -5.576 23.596
27.166 -4.554 20.699
26.248 -7.916 19.129
22.578 -8.372 20.051
21.474 -4.737 20.316
23.748 -3.037 17.758
23.587 -2.752 13.973
20.436 -4.852 13.886
18.208 -1.877 14.725
19.312 -0.010 11.643
18.613 -2.745 9.044
16.678 -1.377 6.060
14.868 -4.750 5.663
13.198 -4.385 9.066
10.397 -1.866 9.504
10.795 -2.132 13.258
12.904 -4.173 15.696
12.602 -4.545 19.466
14.784 -6.609 21.706
12.314 -8.121 24.175
14.456 -10.251 26.493
17.610 -12.317 26.651
18.454 -15.446 28.665
22.134 -15.927 29.594
23.315 -19.513 30.183
25.063 -20.384 33.453
28.519 -20.150 31.895
27.776 -16.587 30.701
26.035 -15.449 33.876
28.665 -16.819 36.247
31.080 -14.051 35.084
28.722 -11.428 36.561
