-15.499 -27.198 20.797
-17.387 -24.751 18.579
-16.819 -25.712 14.943
-16.551 -22.933 12.360
-15.523 -22.955 8.699
-13.208 -20.265 7.266
-14.322 -17.811 4.582
-12.558 -17.171 1.273
-11.041 -13.745 0.490
-12.771 -11.075 -1.593
-12.230 -7.666 -3.193
-12.578 -4.422 -1.238
-14.433 -2.541 -3.974
-16.523 -5.171 -5.757
-16.030 -7.890 -3.142
-15.490 -10.131 -6.166
-13.187 -13.135 -6.540
-9.962 -11.680 -5.142
-7.508 -14.555 -5.568
-4.875 -11.811 -5.577
-2.509 -9.985 -3.223
-1.185 -6.419 -3.162
2.277 -6.317 -4.736
3.266 -3.631 -2.232
2.442 -4.928 1.248
0.843 -8.311 0.564
-1.792 -7.681 3.234
-4.892 -7.120 1.102
-7.141 -8.904 -1.393
-8.522 -7.727 -4.736
-10.109 -9.084 -7.915
-8.029 -7.001 -10.324
-5.735 -3.974 -10.523
-8.733 -1.925 -11.656
-10.173 -1.874 -8.136
-6.762 -1.718 -6.460
-6.205 1.687 -8.060
-9.709 2.860 -7.161
-9.545 1.851 -3.496
-5.922 2.998 -3.343
-6.531 6.438 -1.838
-7.644 4.717 1.367
-5.833 1.371 1.378
-2.648 3.328 0.741
-2.540 4.442 4.369
-2.971 0.833 5.490
-0.389 -0.342 2.958
3.019 -0.519 4.640
6.289 -1.754 3.142
6.326 -5.351 4.375
8.841 -7.840 2.980
7.872 -11.492 2.546
7.914 -13.401 5.821
6.579 -16.796 6.871
5.681 -18.856 3.802
3.206 -21.742 3.700
3.436 -25.063 1.860
