-11.410 24.814 15.823
-7.767 24.182 14.751
-6.038 20.813 14.556
-2.879 21.133 16.707
0.158 18.880 17.195
3.849 18.889 17.970
6.082 18.018 15.057
9.827 17.613 14.374
11.122 19.972 11.711
12.464 17.717 8.901
14.826 18.632 6.044
15.953 16.913 2.853
19.686 16.572 3.510
21.794 19.331 1.893
18.790 21.462 0.855
17.724 24.776 2.514
14.041 24.011 2.835
12.293 22.348 5.775
8.910 20.791 6.402
6.703 19.023 8.920
4.984 15.671 8.416
1.212 15.810 9.030
0.589 13.116 11.675
-2.979 12.133 10.706
-4.868 10.817 7.703
-5.157 14.013 5.596
-7.252 12.283 2.870
-9.941 11.228 5.405
-9.880 14.469 7.433
-9.777 17.086 4.626
-10.611 15.107 1.475
-8.454 14.249 -1.554
-5.770 16.382 -3.182
-3.815 19.439 -1.968
-5.176 21.294 1.020
-4.859 25.050 1.436
-4.463 25.858 5.166
-4.096 28.747 7.575
-1.285 27.286 9.703
0.797 28.501 12.672
4.272 27.327 13.719
4.803 28.226 17.381
2.074 30.802 16.869
3.625 32.343 13.737
0.965 32.491 10.990
1.469 30.949 7.563
-0.869 30.306 4.616
0.099 27.432 2.311
-0.556 23.860 1.185
-0.473 20.437 2.695
0.845 18.394 -0.216
0.944 14.679 -0.931
4.193 13.009 -1.415
3.835 9.217 -1.833
0.491 8.393 -0.238
0.126 8.723 2.584
2.952 10.918 3.365
1.647 14.512 3.632
3.838 17.493 4.405
3.645 21.211 5.015
6.687 23.314 4.068
8.316 25.526 6.724
9.843 28.586 5.047
13.362 29.768 5.923
12.057 33.181 6.994
9.548 31.703 9.438
12.220 29.425 10.852
14.310 32.552 11.599
11.287 34.313 13.120
10.720 31.531 15.666
14.395 30.477 15.975
13.796 26.825 15.087
15.806 24.553 12.759
15.685 20.946 11.428
15.665 18.565 14.363
13.821 21.053 16.593
10.239 20.399 17.684
7.550 22.978 16.631
3.874 23.284 17.720
1.716 23.434 14.572
-1.979 24.383 14.184
-4.068 23.945 11.034
-7.328 25.362 9.692
-8.564 24.522 6.151
-9.214 27.330 3.606
