-5.488 8.054 8.690
-3.352 5.190 9.997
-3.030 1.764 8.379
-0.178 -0.714 8.824
0.367 -4.362 7.942
2.321 -6.927 5.941
1.721 -6.687 2.193
3.221 -8.450 -0.827
3.971 -6.841 -4.191
6.135 -7.227 -7.295
7.611 -4.980 -9.985
7.460 -5.489 -13.752
11.240 -5.775 -14.059
11.806 -7.707 -10.832
8.862 -10.107 -10.606
10.587 -11.330 -7.443
7.726 -10.935 -4.968
8.532 -8.968 -1.813
6.851 -9.004 1.599
7.201 -5.972 3.870
5.225 -4.087 6.518
3.352 -1.605 4.329
2.289 1.571 6.132
-0.102 4.227 4.827
-1.387 7.495 6.289
-3.022 10.822 5.434
0.505 12.082 4.771
2.412 9.565 2.651
2.885 5.826 2.136
6.011 4.130 3.487
7.470 0.618 3.499
9.115 -1.145 6.441
11.338 -4.120 5.617
10.674 -5.291 9.175
8.793 -4.327 12.338
12.040 -3.998 14.292
12.652 -0.441 13.131
15.265 0.002 10.413
15.793 2.753 7.839
12.686 3.064 5.668
12.609 1.220 2.344
10.654 3.379 -0.101
8.340 6.385 0.183
5.261 6.560 -2.043
3.619 10.008 -1.804
-0.082 10.140 -2.676
1.090 12.462 -5.451
3.199 9.834 -7.216
0.316 7.354 -7.294
-1.277 8.513 -10.547
-4.084 5.946 -10.569
-4.990 2.257 -10.394
-4.873 -0.125 -13.356
-7.525 -2.672 -14.331
-7.497 -6.293 -13.093
-7.567 -7.358 -16.743
-3.960 -8.549 -16.546
-4.295 -11.886 -14.749
-0.671 -13.036 -14.851
1.749 -12.695 -11.937
3.793 -15.894 -11.723
4.665 -18.650 -14.195
1.728 -20.758 -13.015
-0.740 -20.588 -10.141
-4.136 -19.442 -8.889
-3.114 -16.373 -6.887
-3.809 -13.321 -9.091
-3.465 -9.686 -8.024
-6.192 -7.276 -6.915
-4.807 -3.886 -7.943
-1.669 -2.166 -9.234
0.019 1.083 -8.205
1.067 3.002 -11.316
3.756 5.630 -10.748
5.928 7.879 -12.912
8.761 5.531 -11.946
7.361 2.049 -12.563
4.254 -0.114 -12.192
3.765 -1.984 -8.917
1.545 -5.043 -8.492
-0.026 -5.351 -5.041
-2.616 -7.833 -3.814
-2.919 -11.607 -3.541
-6.047 -13.724 -3.998
-5.845 -17.054 -2.171
-9.398 -18.050 -3.044
-11.957 -17.037 -0.430
-14.447 -14.170 -0.210
-15.362 -13.965 3.477
-14.474 -11.970 6.591
-11.438 -13.712 8.085
-9.872 -11.742 10.969
-7.506 -14.689 11.400
-5.752 -14.793 8.027
-6.612 -11.228 7.019
-4.604 -10.076 10.036
-1.269 -10.434 8.242
-2.759 -8.750 5.190
-3.023 -11.738 2.864
-6.116 -12.303 0.746
-8.499 -10.354 -1.476
-10.703 -9.145 1.379
-7.847 -7.363 3.151
-6.518 -6.077 -0.172
-9.868 -4.543 -1.116
-9.546 -2.393 2.005
-6.042 -1.160 1.191
-6.823 -0.366 -2.446
-9.818 1.641 -1.234
-7.669 3.445 1.334
-4.700 4.317 -0.877
-7.186 5.455 -3.520
-9.592 7.136 -1.101
-6.653 9.172 0.193
-5.987 10.503 -3.307
-9.280 12.406 -3.352
