15.093 33.789 -5.373
14.626 34.715 -1.709
17.136 36.394 0.570
18.707 33.643 2.759
20.706 34.113 6.008
23.701 32.047 7.201
23.970 30.694 10.765
27.106 30.577 12.944
27.731 27.007 11.807
28.401 27.978 8.188
32.127 28.595 7.579
33.143 32.265 7.842
34.563 34.128 4.815
34.849 37.744 5.918
34.740 39.504 9.286
33.614 43.099 9.799
34.435 45.507 12.533
34.319 49.222 12.767
36.655 49.287 15.627
38.388 52.299 14.277
37.221 54.398 17.123
38.815 54.825 20.605
40.301 51.304 21.103
42.809 49.131 19.179
43.527 46.030 21.325
39.952 44.799 20.825
40.549 45.270 17.102
43.886 43.418 17.434
42.154 40.381 18.958
39.440 40.027 16.276
42.149 40.563 13.614
44.048 37.592 15.108
40.852 35.469 15.114
40.095 36.392 11.511
43.646 35.483 10.481
43.282 32.216 12.416
39.951 31.438 10.677
41.295 32.308 7.179
38.852 35.201 6.766
39.083 38.407 4.857
38.847 41.304 7.265
37.207 44.666 6.663
37.163 47.580 9.054
35.158 50.802 9.035
37.022 53.914 10.179
35.760 56.593 12.591
35.360 59.156 9.755
32.676 56.866 8.283
31.477 55.224 11.566
30.525 58.540 13.047
31.461 56.820 16.361
29.002 53.992 15.754
30.836 50.826 16.791
27.927 48.350 16.559
28.816 46.537 13.334
26.350 43.738 14.225
23.354 45.951 14.159
23.096 47.949 10.954
23.267 44.888 8.672
22.888 41.187 7.984
24.834 39.533 5.203
22.844 36.827 3.481
22.793 35.515 -0.079
20.685 34.810 -3.148
21.183 31.700 -5.203
20.267 30.570 -8.696
21.686 27.603 -10.639
23.739 30.021 -12.743
24.770 32.425 -9.990
25.027 32.822 -6.226
26.032 36.111 -4.571
26.070 37.649 -1.136
23.440 40.269 -0.362
23.391 42.786 2.533
20.109 43.384 4.267
20.501 46.968 5.505
18.660 47.679 8.789
16.546 50.841 9.044
18.427 51.396 12.343
20.266 54.179 10.383
22.698 55.281 13.086
26.353 56.291 12.418
26.939 53.162 10.302
24.034 54.092 7.972
26.216 54.584 4.852
28.416 51.469 5.304
26.183 48.863 3.635
25.443 51.221 0.708
28.924 52.671 0.171
31.205 49.785 1.289
29.414 46.414 1.259
27.241 46.519 -1.865
29.243 46.426 -5.096
30.387 43.920 -7.731
28.713 40.599 -6.856
27.487 41.932 -3.518
23.772 42.726 -3.466
21.670 45.106 -1.412
18.186 44.959 0.208
16.559 47.243 2.765
13.140 47.478 4.454
11.229 49.733 6.897
10.889 53.498 7.339
14.247 55.197 6.936
13.631 58.478 8.826
12.035 57.252 12.103
9.283 54.884 13.318
11.792 52.306 14.407
12.978 50.540 17.566
15.938 48.699 19.043
14.471 45.389 17.977
15.183 46.500 14.360
18.950 46.260 14.952
20.236 43.018 13.435
21.731 41.859 16.693
18.069 40.876 16.999
18.163 38.894 13.730
19.777 35.452 13.739
19.224 31.940 12.187
19.472 28.431 13.522
21.482 25.700 11.852
19.704 23.133 9.724
17.126 21.326 11.767
14.366 18.732 11.385
11.276 19.346 13.530
8.827 16.464 13.996
9.604 15.171 10.509
9.549 18.636 8.859
12.962 19.503 7.512
14.420 23.019 7.607
17.671 22.481 5.635
18.594 26.168 5.745
17.618 26.645 9.387
15.001 28.947 10.815
15.258 32.697 11.247
15.018 33.756 14.898
14.132 37.271 15.939
13.149 38.744 19.247
9.769 40.121 20.312
7.609 40.933 23.348
5.354 38.211 24.754
2.262 40.285 24.011
1.722 43.779 22.552
1.337 46.489 25.254
1.775 50.285 25.409
5.378 49.793 26.554
6.370 46.713 24.472
8.641 46.808 21.417
8.714 44.759 18.215
10.701 44.556 15.046
8.949 46.632 12.466
6.191 44.767 10.624
7.717 45.566 7.233
10.847 43.588 8.297
8.873 40.777 9.810
6.765 40.605 6.649
9.828 40.472 4.345
11.468 37.616 6.338
8.343 35.496 6.343
7.802 36.001 2.583
11.254 34.566 1.806
9.621 31.323 3.024
12.709 29.212 3.163
13.814 29.935 6.770
10.311 30.115 8.357
10.828 32.821 11.021
10.346 32.098 14.768
9.542 34.956 17.198
11.466 34.638 20.439
11.041 36.769 23.606
13.788 39.396 23.854
11.960 42.557 25.080
12.877 41.801 28.743
16.386 42.915 27.786
17.294 46.547 27.851
18.830 46.496 24.353
16.389 43.760 23.329
18.347 41.384 21.119
18.258 37.657 20.761
22.128 37.764 20.576
22.153 38.720 24.293
20.931 35.314 25.407
21.679 32.750 22.661
24.388 31.636 20.287
25.026 28.615 18.120
28.437 27.027 17.752
29.585 24.098 15.616
30.057 20.687 17.195
31.538 17.529 15.654
28.772 15.235 16.956
25.002 15.043 17.475
23.230 17.456 15.029
26.484 19.330 14.293
25.948 22.201 16.696
25.160 23.304 20.197
22.702 25.974 21.247
24.432 28.099 23.889
22.125 29.992 26.284
23.080 32.523 28.964
22.404 30.917 32.398
22.242 32.702 35.765
21.725 29.235 37.267
25.083 27.978 35.979
26.874 30.986 37.409
25.313 30.696 40.883
26.225 27.006 40.829
29.829 27.935 39.833
30.131 30.602 42.518
28.530 28.458 45.225
30.994 25.709 44.356
33.982 28.076 44.750
32.619 29.392 48.046
32.122 25.795 49.194
35.832 25.237 48.418
36.914 28.286 50.449
37.083 31.014 47.814
34.233 33.238 49.089
36.662 36.142 49.299
37.471 35.884 45.568
36.799 39.122 43.659
34.604 39.562 40.619
36.093 42.404 38.512
39.744 41.703 39.386
41.839 43.138 36.556
39.606 46.250 36.298
41.213 49.408 37.703
38.124 51.630 37.283
35.629 49.352 39.090
34.423 48.256 42.522
35.477 44.642 43.163
32.747 42.340 44.522
33.308 39.156 46.536
31.719 35.819 45.598
30.156 35.657 49.103
28.553 39.112 48.744
27.197 38.297 45.251
25.605 35.081 46.573
24.175 36.759 49.674
22.596 39.576 47.601
18.870 38.819 47.679
17.794 41.478 45.147
20.443 40.351 42.637
19.145 36.815 43.117
15.504 37.880 42.521
16.502 39.785 39.383
18.387 36.792 38.026
15.451 34.458 38.817
13.189 36.653 36.743
15.821 36.654 33.955
16.152 32.847 34.272
12.432 32.560 33.731
12.643 34.721 30.576
15.487 32.645 29.154
13.759 29.372 30.199
10.686 30.481 28.255
12.863 30.883 25.146
14.609 27.567 25.870
11.312 25.674 25.634
10.212 27.736 22.661
13.457 26.896 20.804
13.040 23.291 21.867
9.552 23.102 20.289
10.236 25.209 17.148
13.751 23.831 16.395
13.167 20.251 17.661
16.026 20.473 20.147
16.668 18.115 23.048
18.513 19.149 26.226
21.587 17.415 24.813
21.664 20.068 22.043
21.897 22.794 24.689
24.811 24.189 26.759
24.272 26.783 29.524
26.909 29.513 29.810
27.365 30.946 33.322
26.035 34.498 33.108
24.657 37.018 35.589
22.289 39.887 34.792
20.923 42.934 36.594
17.579 44.752 36.107
17.894 48.513 35.634
15.899 51.206 33.712
12.241 50.087 33.416
13.247 46.776 35.095
15.043 45.793 31.868
17.939 43.322 31.919
21.607 44.151 31.350
24.729 42.025 31.711
26.184 42.045 35.264
29.591 41.210 33.769
30.645 40.861 30.091
27.953 38.843 28.318
29.941 35.815 27.192
27.217 34.390 24.936
27.503 37.534 22.813
30.471 35.958 21.094
32.076 35.886 17.656
31.979 32.400 16.193
34.606 31.910 13.484
34.397 28.155 12.951
36.133 26.407 15.835
37.677 29.782 16.838
35.542 31.691 19.380
35.898 35.384 20.352
34.305 35.544 23.795
34.031 38.709 25.852
36.396 38.555 28.869
34.173 38.394 31.987
36.897 39.361 34.511
35.644 36.697 36.937
37.028 35.633 40.327
40.607 34.422 39.903
40.998 31.041 41.548
44.210 29.087 41.163
45.668 31.646 38.730
42.704 31.623 36.334
39.299 33.336 35.983
36.821 30.635 37.028
34.260 31.843 34.490
36.717 31.447 31.611
37.696 28.068 33.063
34.030 26.983 33.247
33.347 28.139 29.692
36.467 26.329 28.461
35.418 23.133 30.287
32.116 23.309 28.422
33.356 24.191 24.901
36.871 22.737 24.530
35.397 19.173 24.624
33.685 20.077 21.339
37.029 21.070 19.796
36.242 24.780 20.170
39.035 27.233 20.942
38.012 30.084 23.261
39.782 33.439 22.980
38.747 35.910 25.697
38.739 39.525 24.450
38.884 42.610 26.745
35.865 44.621 25.582
35.136 46.097 28.960
35.305 49.911 28.680
34.841 49.972 24.893
31.757 47.724 24.392
30.528 46.158 27.622
30.056 49.533 29.333
28.052 50.745 26.275
25.584 47.807 26.338
27.068 45.201 23.984
29.995 42.858 23.504
32.125 41.059 20.881
29.199 39.848 18.703
27.539 43.272 18.900
30.809 44.985 17.807
31.337 42.712 14.743
29.665 40.968 11.789
30.423 38.034 9.488
29.888 36.911 5.898
29.603 33.144 5.741
29.494 30.445 3.077
26.061 29.845 1.541
24.419 26.476 2.116
25.175 23.857 -0.545
21.542 22.776 -0.273
19.612 24.557 -3.015
16.664 26.452 -1.593
14.276 25.482 -4.413
14.751 21.858 -3.430
12.965 22.527 -0.154
9.198 22.097 0.192
8.216 24.903 2.617
