32.428 33.094 92.369
31.240 35.889 90.078
28.658 36.253 87.285
30.953 37.927 84.716
30.461 36.892 81.064
31.486 37.802 77.498
28.997 38.260 74.648
28.953 40.150 71.324
32.644 41.118 71.814
31.801 42.887 75.076
32.419 41.988 78.708
29.530 42.021 81.190
29.908 41.890 85.005
26.678 39.865 85.200
23.763 38.967 82.887
21.315 41.554 84.277
20.072 44.702 82.578
16.971 46.863 82.459
14.281 46.030 79.950
13.951 48.744 77.305
11.625 51.533 78.398
12.211 51.106 82.141
14.516 53.617 83.884
16.145 54.728 80.621
14.358 57.752 79.103
16.312 60.708 80.360
19.999 61.372 80.888
19.247 61.122 84.628
17.699 57.658 84.116
20.640 56.442 82.037
23.180 57.728 84.579
21.173 55.937 87.277
21.192 52.641 85.359
24.925 53.117 84.745
25.538 53.674 88.476
23.532 50.520 89.323
25.042 47.051 89.680
23.448 45.893 86.399
25.753 44.229 83.866
24.416 46.450 81.063
21.724 48.974 80.197
19.469 49.722 77.250
17.940 53.065 76.319
14.259 53.880 75.837
12.974 52.862 72.397
13.298 56.004 70.329
11.835 57.638 67.251
13.376 60.170 64.853
11.545 63.047 66.548
10.808 63.516 70.280
7.397 62.162 71.378
5.086 63.045 74.267
3.489 59.590 74.028
-0.044 58.564 74.945
-2.322 60.339 77.472
-1.922 59.683 81.215
-2.593 57.573 83.197
-0.655 55.137 81.034
1.147 52.823 83.498
-0.322 50.901 86.428
1.183 48.189 88.623
-0.469 45.413 90.606
0.623 42.406 92.684
0.829 40.200 89.573
2.463 42.717 87.247
1.854 45.821 85.178
-0.167 47.235 82.315
1.003 50.124 80.163
0.288 52.067 77.042
3.184 54.524 77.103
3.106 55.227 73.343
6.862 55.652 72.849
7.374 58.843 74.864
11.028 59.630 74.252
13.526 62.465 73.927
14.163 61.678 70.242
16.906 59.709 68.493
19.247 62.738 68.501
19.376 62.588 72.288
19.979 58.838 72.636
22.618 58.958 69.917
24.323 61.833 71.756
24.189 59.832 74.982
25.872 56.879 73.213
28.456 59.017 71.402
29.396 61.617 74.030
28.002 60.827 77.475
28.037 57.124 78.278
30.962 55.780 80.288
31.740 52.523 78.477
34.285 51.626 81.184
31.319 51.030 83.506
29.215 48.662 81.353
28.007 48.084 77.783
25.181 50.155 76.302
22.374 48.992 74.027
20.353 51.588 72.128
16.773 50.616 71.321
15.046 52.044 68.261
11.362 51.802 67.433
10.542 53.701 64.249
6.906 53.761 63.140
7.891 52.676 59.622
10.742 50.862 57.942
11.943 54.201 56.500
12.170 55.738 59.975
14.207 52.806 61.314
16.514 52.977 58.290
17.065 56.714 58.872
18.095 56.079 62.466
20.403 53.128 61.818
22.344 55.003 59.127
23.284 57.560 61.785
23.814 54.960 64.519
26.362 53.011 62.451
29.338 55.416 62.860
28.711 55.589 66.632
28.515 51.784 66.818
31.809 51.637 64.883
33.505 54.164 67.186
32.018 53.359 70.609
30.611 49.836 70.339
27.035 50.726 71.315
24.733 47.798 70.453
21.479 48.148 68.501
18.253 46.533 69.726
15.643 46.949 66.985
12.128 46.979 68.454
9.696 45.037 66.254
7.059 44.627 68.932
5.733 47.939 70.252
2.065 47.158 71.052
0.915 50.620 72.206
0.935 53.145 69.345
-2.639 53.576 68.045
-3.039 52.222 64.517
0.432 50.648 64.428
0.240 46.826 64.672
3.200 44.864 66.070
5.627 44.498 63.156
6.808 40.985 64.037
3.229 39.673 63.933
3.370 40.322 60.163
6.141 38.065 58.877
6.493 39.771 55.507
6.706 43.187 57.218
9.296 41.738 59.597
11.359 40.415 56.672
11.184 43.828 54.980
12.311 45.659 58.132
15.216 43.254 58.699
16.333 43.374 55.057
16.320 47.169 54.990
17.925 47.611 58.425
20.587 44.986 57.643
21.471 46.779 54.391
21.479 50.286 55.907
23.277 49.394 59.168
25.716 46.670 58.033
26.707 45.863 61.620
25.619 43.274 64.215
22.318 43.996 65.950
19.488 42.380 67.868
15.713 42.310 67.710
13.087 42.782 70.434
10.399 40.192 69.697
6.737 39.964 70.659
5.554 36.794 72.401
4.111 34.067 70.174
1.602 31.437 71.255
1.633 29.001 68.360
4.298 26.458 67.373
3.922 27.288 63.675
4.594 30.928 64.582
7.768 30.056 66.502
8.855 28.070 63.419
8.135 30.863 60.947
9.438 33.736 63.113
12.735 32.001 63.878
13.196 31.047 60.214
12.772 34.731 59.247
15.383 35.735 61.850
17.744 33.039 60.585
17.700 34.684 57.131
19.684 37.559 58.642
23.267 36.868 59.737
23.631 40.367 61.230
20.913 39.528 63.779
23.187 38.334 66.599
20.691 38.435 69.466
16.980 37.950 69.909
15.235 39.488 72.930
12.204 37.471 74.030
9.839 39.035 74.994
8.185 42.427 74.762
4.887 42.881 76.631
2.013 40.465 76.204
0.054 42.866 74.044
-3.306 44.481 74.512
-4.477 43.099 77.823
-7.138 44.886 79.854
-7.116 45.543 83.588
-10.421 46.626 85.149
-10.906 47.970 88.667
-13.912 46.312 90.317
-14.735 49.165 92.712
-14.725 51.951 90.123
-15.901 49.637 87.287
-13.308 51.348 85.111
-10.258 50.473 83.062
-7.066 51.668 84.762
-5.221 53.311 81.880
-6.492 56.016 79.539
-5.099 55.229 76.070
-6.836 52.804 73.707
-9.907 52.313 75.930
-7.727 50.654 78.564
-5.854 48.178 76.330
-2.157 47.902 77.161
0.910 45.685 77.268
1.227 43.254 80.166
4.402 42.512 82.092
5.436 40.913 85.372
4.226 37.718 87.075
1.453 37.293 84.494
3.921 36.631 81.699
6.744 34.457 83.062
5.684 31.116 81.491
5.006 32.897 78.187
8.440 34.527 78.326
10.179 31.239 79.190
8.426 29.498 76.286
9.563 32.161 73.851
13.140 32.208 75.173
13.337 28.436 74.825
11.570 28.309 71.445
14.033 30.756 69.904
17.006 29.242 71.738
16.181 25.891 70.141
15.485 27.349 66.674
18.311 29.902 66.453
21.366 27.884 67.512
23.737 30.442 65.900
22.272 33.480 67.714
22.047 34.633 71.325
18.709 34.861 73.099
18.139 37.559 75.739
15.349 36.749 78.202
12.809 39.342 79.291
9.531 38.841 81.112
8.461 38.143 84.659
11.858 38.416 86.382
11.493 39.359 90.074
14.093 37.062 91.630
17.382 35.239 91.084
15.259 32.103 90.734
13.248 33.642 87.869
16.553 34.628 86.218
17.836 31.093 86.744
14.756 29.784 84.885
15.351 32.209 82.006
18.962 31.056 81.762
17.941 27.374 81.927
15.576 28.140 79.044
18.493 29.595 77.048
18.930 33.254 78.067
22.352 34.892 77.757
21.342 38.265 79.200
18.320 38.685 81.471
16.301 41.901 81.294
14.144 43.287 84.101
11.117 45.504 83.413
8.121 45.630 85.755
10.078 44.497 88.827
12.693 47.207 88.216
10.003 49.842 87.672
8.450 48.875 91.001
11.501 48.181 93.176
14.082 50.530 91.658
17.708 49.835 90.716
18.547 48.262 94.086
16.933 45.168 92.568
20.154 44.408 90.682
22.228 43.636 93.778
19.427 41.391 95.087
19.115 39.516 91.768
22.879 38.918 91.611
22.986 37.689 95.216
19.978 35.408 94.698
21.276 33.926 91.435
24.685 33.229 92.996
22.968 31.578 95.975
20.994 29.199 93.735
24.109 28.393 91.713
26.089 27.657 94.892
23.340 25.401 96.294
23.310 23.437 93.022
27.098 23.308 92.579
27.111 25.436 89.430
30.238 27.552 88.948
29.396 29.179 85.590
26.323 30.284 83.652
27.437 28.087 80.730
27.040 24.986 82.910
23.258 25.334 82.829
22.325 27.784 80.059
19.749 26.132 77.827
19.934 22.910 79.853
16.259 22.795 80.831
15.266 19.112 81.021
12.347 17.591 79.156
10.393 14.502 80.234
