5.212 13.914 -1.909
1.873 13.364 -3.643
1.933 9.823 -2.257
1.669 8.980 1.467
4.553 8.134 3.798
5.400 5.880 6.744
3.828 2.763 5.232
3.456 0.265 8.076
1.572 -2.974 7.421
0.061 -4.694 10.460
-2.274 -7.588 11.258
-5.510 -7.709 13.299
-5.273 -9.765 16.489
-8.982 -10.507 16.077
-8.970 -11.380 12.375
-7.067 -13.991 10.367
-5.789 -13.675 6.811
-6.101 -9.907 7.159
-3.588 -7.085 6.745
-4.088 -3.582 8.138
-2.073 -1.149 6.042
-1.395 2.258 7.575
0.315 5.394 6.269
0.580 9.175 6.583
-0.744 12.140 4.557
1.282 13.555 1.635
3.361 16.662 2.328
1.591 18.256 -0.637
-0.851 17.509 -3.457
-1.879 19.060 -6.774
-5.423 19.374 -5.461
-7.895 18.294 -2.789
-7.316 14.610 -2.044
-10.466 12.663 -2.909
-9.269 9.406 -1.348
-6.384 6.958 -0.965
-6.078 3.711 -2.920
-4.345 0.625 -1.527
-2.897 -1.976 -3.894
-1.731 -5.375 -2.646
-0.458 -8.594 -4.221
0.999 -11.895 -3.019
4.777 -12.044 -3.442
3.976 -14.917 -5.783
1.025 -13.712 -7.847
0.522 -11.290 -10.736
-2.831 -10.218 -9.293
-3.039 -6.830 -7.576
-6.180 -5.765 -5.716
-6.867 -2.055 -5.235
-9.526 -0.565 -2.959
-10.680 2.869 -1.800
-9.917 4.049 1.735
-11.476 7.041 3.488
-8.883 7.053 6.271
-5.089 6.831 6.118
-5.382 3.056 6.485
-7.327 0.025 5.263
-8.042 -3.631 6.032
-7.012 -6.172 3.397
-8.961 -9.338 4.196
-9.222 -12.650 2.342
-5.477 -13.280 2.569
-3.337 -16.343 3.283
-1.735 -16.728 6.711
2.043 -17.030 7.027
2.517 -15.468 3.592
4.465 -12.428 2.394
2.111 -9.712 1.151
3.212 -6.524 -0.606
1.129 -3.422 0.106
1.269 0.045 -1.449
-0.801 3.208 -1.017
-1.330 6.025 -3.515
-2.805 9.509 -3.126
-5.749 10.154 -5.447
-6.665 13.611 -6.740
-9.500 15.186 -8.727
-7.469 14.082 -11.746
-6.512 10.540 -10.787
-3.960 8.347 -9.031
-0.459 9.715 -8.539
2.920 8.241 -7.632
2.894 5.025 -5.601
4.110 5.014 -1.997
7.250 3.054 -1.125
5.769 -0.436 -1.436
6.286 -2.487 1.726
6.256 -6.197 2.565
4.706 -7.946 5.565
4.454 -11.623 6.501
1.012 -12.678 7.728
0.408 -15.035 10.649
-1.866 -17.962 11.501
-3.675 -16.710 14.589
