11.454 12.167 -1.194
9.975 15.426 -2.547
7.369 13.550 -4.586
5.808 11.970 -1.513
5.209 8.640 0.209
2.417 6.205 1.067
1.684 3.387 3.513
-0.035 0.248 2.223
-0.545 -2.960 4.201
-0.171 -5.904 1.824
-1.258 -9.335 3.051
-2.184 -12.272 0.817
-3.866 -15.205 2.562
-3.160 -18.698 1.232
-6.357 -20.157 2.686
-8.633 -17.525 1.151
-6.257 -17.101 -1.790
-6.990 -13.368 -1.833
-4.904 -10.189 -1.935
-5.798 -7.624 0.726
-4.442 -4.088 0.383
-5.231 -1.287 2.831
-4.624 2.362 1.946
-4.034 4.137 5.258
-3.163 7.570 3.872
-0.610 9.641 1.959
1.629 12.542 2.976
4.104 15.008 1.468
2.091 15.113 -1.759
3.241 18.189 -3.676
0.418 20.066 -5.397
0.754 21.181 -9.018
-0.890 24.378 -7.776
-1.065 25.883 -4.287
-4.694 26.717 -5.064
-5.523 23.078 -4.395
-4.863 19.610 -5.793
-6.922 16.413 -5.879
-4.585 13.543 -4.907
-5.716 9.942 -5.373
-4.237 6.443 -5.177
-4.449 4.017 -8.097
-4.157 0.244 -7.712
-3.568 -2.000 -10.726
-2.863 -5.736 -10.861
-0.022 -6.037 -13.373
0.525 -7.051 -15.935
-3.223 -6.922 -16.567
-4.081 -3.220 -16.738
-7.658 -3.577 -17.984
-9.583 -0.345 -17.426
-12.439 -2.389 -15.962
-11.095 -3.698 -12.667
-9.637 -0.276 -11.910
-9.622 0.006 -8.116
-8.892 3.426 -6.620
-9.741 5.378 -3.468
-11.790 8.553 -3.032
-10.347 11.782 -4.434
-9.755 14.372 -1.712
-10.021 18.036 -2.698
-8.186 21.037 -1.251
-5.722 18.859 0.661
-2.207 17.443 0.344
-2.479 14.700 2.965
-5.506 12.610 1.910
-6.932 9.913 4.183
-8.958 6.895 3.068
-7.954 4.147 5.498
-9.887 1.839 3.173
-9.235 -1.844 2.478
-9.388 -3.571 -0.907
-9.304 -7.227 -1.954
-8.624 -9.268 -5.092
-9.302 -12.963 -5.690
-5.854 -14.057 -6.864
-3.718 -17.096 -6.049
-0.245 -16.596 -4.580
1.264 -18.512 -7.530
0.125 -15.664 -9.779
0.283 -12.567 -7.575
3.880 -13.681 -7.042
5.040 -13.073 -10.613
2.665 -10.103 -10.673
3.090 -6.560 -9.353
0.894 -3.951 -7.669
1.112 -0.689 -9.612
0.510 2.000 -6.989
0.641 5.535 -8.382
-0.571 8.669 -6.600
-1.563 11.364 -9.093
-3.859 14.396 -9.010
-7.234 14.350 -10.765
-6.774 17.975 -11.778
-8.149 17.711 -15.294
-9.172 21.366 -15.244
-7.388 23.537 -17.809
-4.420 21.159 -17.885
-5.011 18.360 -20.392
-2.675 15.995 -18.543
-2.574 13.487 -15.684
0.419 15.189 -14.094
2.195 12.310 -12.371
3.155 13.426 -8.863
4.603 10.154 -7.609
4.438 6.388 -8.064
6.014 3.277 -6.544
6.064 -0.410 -7.476
5.873 -3.311 -5.024
6.976 -6.908 -5.580
4.362 -9.362 -4.308
6.844 -12.195 -4.831
7.306 -12.480 -1.066
6.438 -15.484 1.098
5.720 -13.450 4.231
2.494 -12.214 2.637
0.172 -14.430 4.677
1.147 -12.477 7.792
1.336 -9.066 6.146
3.575 -6.047 6.682
3.339 -2.259 6.914
5.785 0.288 5.503
5.978 3.635 3.706
6.705 3.196 0.000
8.692 6.274 -1.018
7.178 7.394 -4.323
9.594 7.892 -7.218
9.653 9.198 -10.789
8.411 7.141 -13.739
