12.452 18.998 4.224
9.195 17.736 2.737
9.493 14.284 4.405
9.126 15.942 7.809
6.099 17.870 6.485
4.494 14.702 5.082
5.241 12.924 8.372
3.485 15.697 10.342
0.511 15.432 7.950
0.226 11.634 8.438
0.139 11.885 12.260
-2.515 14.627 11.904
-4.649 12.333 9.695
-4.137 9.351 12.028
-5.325 11.351 15.064
-8.536 12.147 13.119
-10.062 9.003 14.647
-9.773 6.474 17.461
-8.550 3.860 17.614
-6.098 3.102 14.817
-4.655 -0.312 13.921
-1.572 -1.414 11.954
-3.769 -1.516 8.828
-4.459 2.233 9.286
-0.678 2.785 9.408
-0.338 1.005 6.064
-2.927 3.262 4.400
-1.856 6.442 6.262
1.861 5.665 6.508
4.645 7.336 8.456
7.475 7.988 5.968
11.084 6.975 6.658
12.664 10.409 7.180
16.290 11.022 8.107
17.303 13.262 11.038
17.482 16.331 8.760
13.843 15.833 7.755
14.503 14.519 4.245
13.658 11.034 2.887
16.018 8.081 3.404
16.548 6.505 -0.048
14.814 3.273 1.037
11.112 3.411 1.994
9.113 0.364 3.155
5.524 -0.637 3.930
4.943 -1.344 7.615
4.553 -5.038 8.509
1.176 -6.795 8.237
-0.018 -10.381 8.916
3.384 -11.634 10.148
5.404 -10.462 7.132
7.979 -7.662 6.885
6.872 -4.928 4.457
8.558 -4.697 1.045
10.558 -1.630 0.032
11.355 0.710 -2.864
13.772 3.573 -3.669
12.933 7.307 -3.592
14.390 10.742 -4.325
15.923 12.062 -1.063
14.321 15.522 -1.522
10.829 14.854 -2.903
10.236 11.249 -1.752
8.898 10.168 -5.162
9.513 6.516 -6.089
12.234 5.783 -8.638
11.779 3.071 -11.337
12.233 -0.446 -9.948
10.574 -3.530 -8.511
9.419 -3.820 -4.914
12.016 -5.836 -3.000
12.705 -7.147 0.527
14.703 -4.691 2.669
18.027 -6.588 2.706
17.826 -7.371 -1.020
17.214 -3.804 -2.245
20.085 -1.492 -3.205
19.069 2.157 -3.608
22.351 3.449 -5.088
