-34.960 96.318 40.597
-35.124 100.153 40.497
-31.929 102.196 40.807
-31.418 104.914 43.390
-32.332 108.564 42.971
-30.134 110.668 40.653
-27.250 112.602 42.160
-26.056 116.212 42.233
-29.067 117.648 40.392
-28.827 121.399 39.833
-31.240 123.500 37.804
-30.165 127.042 36.909
-31.935 129.469 34.581
-30.212 130.254 31.289
-32.548 132.851 29.799
-35.912 134.552 30.072
-37.992 131.410 29.587
-35.295 128.737 29.476
-34.075 126.668 32.425
-31.225 124.143 32.367
-31.170 120.999 34.503
-28.038 119.035 35.338
-27.609 115.739 37.181
-25.321 112.755 37.716
-25.966 109.027 37.324
-27.496 107.292 40.343
-24.974 104.444 40.102
-27.609 101.731 40.596
-29.565 98.742 39.120
-29.611 98.150 35.313
-26.234 99.786 34.682
-26.844 102.742 32.384
-30.605 102.701 33.073
-32.575 103.765 30.015
-33.940 107.229 30.678
-34.732 109.902 33.251
-38.243 111.210 33.900
-37.956 114.966 34.302
-41.217 116.569 35.439
-41.808 120.267 36.103
-44.718 122.344 37.362
-45.277 126.080 37.520
-45.558 127.250 41.106
-47.724 130.391 41.361
-47.108 133.506 43.465
-48.336 134.243 46.997
-49.048 137.965 47.725
-47.579 140.865 49.781
-44.939 143.539 49.043
-41.401 142.451 48.045
-38.758 144.755 49.516
-40.721 144.262 52.761
-43.402 146.432 54.358
-42.803 149.030 57.076
-43.537 152.065 54.938
-40.193 153.844 55.530
-36.606 152.604 55.002
-34.736 155.495 53.362
-36.113 158.989 52.586
-35.340 161.051 49.428
-35.475 164.869 49.985
-32.683 167.258 48.720
-31.912 170.559 50.505
-48.749 108.528 36.861
-50.391 109.328 33.463
-47.083 108.774 31.771
-43.895 110.674 31.161
-43.369 114.395 31.193
-40.187 114.248 29.200
-38.018 111.136 28.921
-34.347 112.182 28.700
-32.392 109.415 26.984
-28.658 109.051 26.366
-28.117 112.427 28.022
-27.821 113.311 31.707
-29.007 116.888 31.193
-32.247 118.490 30.018
-32.941 122.093 29.041
-36.576 122.887 29.728
-37.178 125.062 26.674
-39.266 128.245 26.900
-42.598 128.256 28.744
-42.964 131.227 31.102
-40.545 133.904 32.263
-39.891 134.925 35.870
-41.662 132.003 37.533
-40.561 129.175 39.809
-40.919 125.573 38.701
-40.785 122.449 40.810
-38.933 119.687 38.952
-38.988 115.958 39.862
-36.348 114.024 37.909
-36.630 110.239 38.423
-34.328 107.594 36.909
-35.614 104.489 35.135
-34.120 101.115 34.245
-36.842 100.338 31.714
-39.690 101.949 29.760
-41.468 99.351 27.621
-43.272 96.855 29.881
-44.516 99.800 31.931
-42.218 102.156 33.835
-39.693 100.955 36.440
-38.250 104.141 37.903
-36.516 105.384 41.046
-37.181 107.572 44.063
-37.592 111.109 42.702
-35.009 113.751 43.518
-36.742 117.122 43.796
-35.454 120.590 42.951
-36.868 123.962 41.878
-35.938 127.109 39.967
-37.226 130.530 38.892
-36.785 131.900 35.378
-35.139 135.215 34.529
-37.085 138.394 33.682
