-21.119 15.734 -22.300
-18.975 12.658 -21.610
-17.797 12.323 -25.201
-17.600 8.521 -25.204
-16.415 7.106 -28.541
-17.271 3.450 -27.991
-19.373 1.582 -30.576
-21.873 -0.291 -28.395
-21.016 -0.275 -24.699
-21.511 3.272 -23.493
-23.860 4.430 -26.264
-26.009 5.530 -23.366
-25.186 5.819 -19.671
-27.655 6.200 -16.816
-26.018 7.593 -13.691
-27.567 7.508 -10.203
-26.442 9.234 -7.021
-27.916 6.161 -5.306
-29.699 2.991 -6.408
-30.776 -0.336 -4.926
-28.726 -2.354 -7.432
-27.549 -1.523 -10.945
-27.963 -5.196 -11.914
-31.564 -5.229 -10.685
-32.361 -1.959 -12.461
-30.758 -3.220 -15.678
-32.597 -6.560 -15.610
-35.957 -4.977 -14.817
-35.978 -1.887 -17.031
-36.552 -1.594 -20.766
-33.082 -0.606 -21.969
-31.194 -0.745 -25.267
-28.066 -2.834 -25.816
-24.911 -1.100 -24.659
-26.596 0.994 -21.997
-24.487 1.299 -18.862
-26.171 1.734 -15.466
-23.784 3.247 -12.903
-24.271 4.555 -9.365
-22.211 6.329 -6.712
-23.522 3.831 -4.168
-25.901 0.878 -3.928
-28.153 0.161 -0.962
-28.837 -3.423 -2.028
-25.821 -4.488 -4.047
-25.422 -8.223 -4.410
-23.205 -10.997 -5.660
-24.322 -14.536 -6.464
-26.985 -16.234 -4.317
-28.042 -12.777 -3.123
-24.793 -12.374 -1.189
-24.356 -8.802 0.067
-22.030 -6.661 -2.061
-20.717 -3.653 -0.129
-21.126 -0.633 -2.399
-20.030 2.559 -0.611
-19.159 5.837 -2.281
-15.753 5.785 -3.912
-16.174 2.563 -5.862
-17.249 1.745 -9.402
-20.615 -0.061 -9.389
-22.056 -0.617 -12.853
-24.048 -2.924 -15.099
-24.170 -3.241 -18.866
-27.111 -4.420 -20.960
-26.056 -6.872 -23.675
-27.922 -8.728 -26.436
-25.101 -11.022 -27.704
-25.935 -12.645 -31.023
-23.771 -15.737 -30.496
-24.506 -19.458 -29.928
-26.182 -20.402 -26.672
-22.989 -22.344 -25.918
-20.871 -19.168 -25.954
-23.047 -17.099 -23.602
-21.372 -18.460 -20.432
-18.175 -16.615 -21.411
-19.621 -13.128 -20.893
-18.408 -13.143 -17.278
-14.849 -13.394 -18.631
-15.317 -10.225 -20.675
-15.958 -8.399 -17.413
-13.017 -9.982 -15.587
-10.559 -9.337 -18.411
-11.836 -5.786 -18.886
-11.181 -5.066 -15.223
-7.686 -6.580 -15.412
-6.799 -4.476 -18.459
-8.011 -1.321 -16.740
-6.014 -2.172 -13.610
-2.875 -2.684 -15.713
-3.430 0.741 -17.290
-3.190 2.093 -13.733
-0.170 -0.139 -13.007
-2.051 -2.518 -10.705
-1.295 -6.195 -10.952
-4.801 -7.634 -11.163
-5.170 -11.406 -11.649
-8.284 -13.476 -12.271
-9.633 -15.902 -9.693
-11.824 -18.174 -11.807
-14.428 -17.468 -12.844
-15.550 -13.984 -11.797
-13.121 -12.439 -9.324
-10.130 -10.173 -9.762
-7.454 -10.179 -7.068
-4.345 -8.173 -6.266
-1.951 -10.137 -4.066
-4.817 -12.548 -3.437
-7.086 -9.799 -2.070
-10.397 -9.211 -3.863
-10.475 -5.908 -5.728
-13.447 -6.651 -8.017
-16.277 -9.070 -8.687
-18.320 -9.784 -11.813
-21.927 -10.997 -11.908
-23.782 -11.956 -15.070
-27.535 -12.435 -15.039
-29.513 -13.403 -18.110
-33.117 -13.917 -19.141
-33.283 -14.816 -22.834
-32.517 -12.089 -25.394
-31.129 -9.959 -22.539
-27.892 -10.383 -20.557
-26.762 -8.049 -17.785
-23.040 -7.804 -17.061
-22.431 -6.435 -13.568
-19.072 -5.252 -12.274
-18.118 -3.985 -8.826
-14.591 -2.547 -8.546
-13.159 -1.010 -5.369
-11.440 2.249 -6.250
-11.279 4.848 -3.436
-13.851 3.295 -1.075
-13.299 1.491 2.204
-13.464 -2.263 1.639
-14.737 -5.301 3.594
-13.023 -8.443 4.849
-10.627 -10.034 2.363
-10.733 -7.139 -0.100
-8.548 -4.340 -1.415
-8.937 -1.275 -3.652
-7.061 0.647 -6.320
-6.298 3.398 -3.797
-4.930 0.923 -1.251
-2.682 -0.809 -3.788
-1.361 2.403 -5.365
-1.122 4.336 -2.116
-3.100 7.215 -3.602
-6.589 8.180 -4.772
-7.559 7.553 -8.410
-10.120 9.655 -10.397
-13.233 7.499 -10.519
-14.273 8.915 -13.895
-10.888 7.971 -15.369
-11.394 4.385 -14.249
-14.919 4.416 -15.729
-13.688 5.714 -19.089
-10.868 3.156 -19.189
-13.136 0.240 -18.318
-15.876 1.149 -20.789
-13.327 1.499 -23.589
-11.837 -1.913 -22.798
-15.224 -3.626 -22.481
-16.464 -2.191 -25.772
-13.401 -3.556 -27.588
-13.627 -6.959 -25.897
-17.350 -7.266 -26.613
-17.049 -6.298 -30.273
-14.395 -8.950 -30.788
-16.438 -11.466 -28.795
-19.308 -11.092 -31.264
-16.971 -12.010 -34.131
-14.620 -14.439 -32.386
-16.225 -15.752 -29.164
-13.258 -18.062 -28.489
-10.648 -15.281 -28.262
-11.642 -14.217 -24.749
-10.519 -17.617 -23.426
-6.882 -16.925 -24.314
-7.016 -13.555 -22.568
-8.438 -15.204 -19.464
-5.704 -17.856 -19.500
-2.963 -15.243 -19.728
-4.446 -13.267 -16.832
-5.650 -15.944 -14.446
-4.156 -17.509 -11.335
-3.003 -21.012 -12.250
