41.666 -7.663 15.748
42.458 -10.207 18.444
39.701 -11.500 20.687
36.837 -9.523 22.123
36.481 -6.592 24.466
33.492 -5.124 26.288
32.873 -1.906 28.197
30.321 -0.619 30.687
30.148 2.403 32.956
29.548 2.010 36.686
27.585 5.036 37.867
25.668 6.174 40.905
22.406 5.587 39.044
19.906 3.815 41.286
18.012 1.377 39.062
15.444 1.174 41.847
14.819 4.901 41.650
14.274 5.429 37.924
18.074 5.494 37.555
18.286 8.890 39.279
21.954 9.510 40.183
22.638 9.107 43.896
25.077 11.556 45.520
27.247 11.649 48.633
30.356 10.149 50.172
31.634 6.675 49.312
32.324 5.014 52.670
33.919 1.778 51.451
35.191 1.167 47.928
36.973 -1.843 46.431
37.218 -3.302 42.938
38.312 -6.444 41.131
40.709 -5.795 38.254
43.386 -7.917 36.577
44.730 -9.074 33.195
42.647 -7.927 30.260
40.805 -5.754 32.742
41.011 -1.987 32.487
39.954 0.408 35.223
39.380 3.968 34.085
38.218 5.648 37.279
36.099 8.745 37.400
35.453 9.523 41.038
34.962 5.957 42.201
37.228 5.831 45.231
36.913 5.419 48.999
36.154 8.704 50.744
35.117 10.466 47.530
32.329 13.047 47.450
29.974 12.541 44.507
27.992 15.671 43.574
24.844 16.063 41.378
26.609 18.333 38.902
28.343 15.966 36.501
28.328 12.494 34.959
28.250 10.700 38.332
30.701 8.138 36.931
32.458 5.897 39.450
34.615 3.924 36.996
34.601 2.803 33.347
35.123 -0.928 32.974
36.688 -2.560 29.904
37.339 -6.312 29.611
39.178 -8.304 26.946
39.476 -12.034 26.377
40.228 -14.316 23.423
36.592 -15.430 22.994
33.411 -13.368 23.390
32.075 -15.837 25.938
35.302 -15.318 27.932
35.081 -11.518 27.651
31.526 -11.713 28.991
32.397 -13.876 32.002
35.238 -11.442 32.721
32.903 -8.430 32.738
30.217 -10.105 34.871
32.787 -11.390 37.333
34.383 -7.974 37.724
31.067 -6.129 38.059
30.429 -8.636 40.809
33.767 -8.130 42.550
32.808 -4.514 43.293
32.132 -3.539 46.896
30.554 -0.106 47.394
29.281 1.388 50.636
27.708 4.801 50.982
26.022 5.382 47.628
23.851 3.457 45.161
25.101 2.177 41.780
23.855 0.830 38.440
25.785 -2.435 38.865
22.709 -4.668 39.388
21.321 -3.538 36.039
24.706 -3.927 34.284
24.795 -7.355 35.902
21.334 -8.163 34.461
22.280 -7.048 30.959
25.541 -8.929 30.433
24.295 -12.105 32.154
21.225 -12.395 29.903
21.142 -15.252 27.378
20.265 -12.743 24.636
23.430 -10.689 25.089
25.510 -13.827 25.726
24.075 -15.165 22.454
26.183 -12.650 20.580
23.123 -12.082 18.424
21.039 -9.034 19.292
20.027 -5.587 18.013
18.987 -2.183 19.393
15.617 -3.428 20.624
17.352 -5.679 23.167
17.019 -3.768 26.449
13.775 -1.939 25.681
12.108 -5.253 24.811
13.348 -7.545 27.595
11.463 -6.627 30.815
13.183 -9.123 33.134
16.189 -6.814 32.912
14.388 -4.427 35.238
13.653 -6.864 38.048
15.921 -6.748 41.095
