7.074 23.775 63.167
10.564 24.998 64.171
11.683 28.561 64.990
15.322 29.498 65.582
15.482 31.839 68.589
19.250 32.323 68.788
22.349 31.151 66.936
25.124 31.436 69.475
28.808 30.579 69.777
30.112 29.257 73.100
33.805 29.410 74.051
35.735 28.604 77.237
35.848 31.526 79.721
38.392 34.317 79.035
41.982 33.597 80.185
41.460 29.858 80.833
42.703 28.001 77.748
45.566 28.663 75.374
46.160 26.957 72.020
46.121 23.165 72.493
46.435 20.104 70.284
45.551 16.457 70.790
47.365 13.786 68.832
45.298 10.922 67.451
45.701 7.124 67.177
44.657 4.460 64.660
41.493 4.020 66.792
40.614 7.633 65.907
41.882 7.510 62.305
39.461 4.620 61.635
36.627 7.208 61.773
38.165 9.820 59.434
35.433 9.534 56.775
32.477 8.734 59.060
29.132 10.609 58.996
28.138 12.736 62.026
26.650 11.148 65.136
23.301 12.683 66.219
21.738 12.167 69.631
18.691 13.594 71.354
17.812 13.915 75.031
14.168 14.789 75.688
13.097 16.305 79.024
9.605 16.897 80.403
9.069 20.154 82.343
6.358 22.879 82.349
8.761 25.492 80.911
7.491 28.813 79.467
9.063 30.811 76.637
9.985 33.586 79.072
11.647 31.234 81.561
13.525 29.441 78.734
15.002 32.804 77.647
15.585 34.042 81.191
17.455 31.095 82.737
17.793 28.080 80.395
19.586 29.930 77.563
22.126 31.646 79.871
22.557 28.446 81.956
23.299 26.314 78.858
25.869 28.855 77.630
27.520 29.377 81.038
27.662 25.696 82.029
28.937 24.612 78.611
31.553 27.397 78.625
32.905 26.205 81.987
32.852 22.526 80.851
34.862 23.410 77.710
37.847 24.630 79.736
38.218 21.013 80.976
37.327 19.371 77.658
39.339 21.341 75.081
38.916 18.937 72.119
35.118 19.468 72.235
35.716 23.107 71.193
38.522 22.140 68.788
38.544 21.052 65.149
39.710 17.952 63.304
42.627 19.056 61.154
43.568 16.999 58.079
46.712 17.775 56.053
47.230 16.781 52.369
50.760 15.457 52.989
50.836 11.656 53.691
53.376 12.451 56.430
51.604 14.967 58.707
48.945 13.046 60.664
45.484 14.468 61.352
45.120 15.978 64.814
42.623 17.856 66.929
43.499 21.552 67.284
41.980 24.139 69.589
43.005 27.758 68.925
42.012 30.774 71.045
38.842 32.164 69.465
37.375 28.728 68.608
33.788 28.161 69.709
30.984 25.622 69.796
27.866 26.373 67.726
24.862 26.330 70.043
21.432 26.787 68.487
18.405 27.688 70.585
15.073 26.944 68.994
11.371 26.538 69.598
9.292 23.609 68.311
5.518 23.703 68.060
5.035 19.935 67.667
3.427 18.175 70.638
6.293 16.799 72.739
4.121 13.800 73.629
4.074 12.925 69.890
7.883 12.517 69.968
8.828 10.978 73.323
6.779 7.755 73.047
7.989 4.338 71.836
5.514 3.667 69.043
6.226 4.442 65.359
6.804 8.176 64.718
8.095 9.717 61.478
11.891 9.655 61.448
12.019 13.037 59.710
10.253 14.816 62.604
13.530 14.559 64.567
15.894 16.112 61.999
15.282 19.766 62.832
16.020 18.976 66.516
19.644 17.970 65.860
22.273 20.539 64.880
24.385 20.271 61.747
27.988 19.396 62.565
29.035 22.690 60.933
30.860 23.950 57.845
34.525 23.040 57.409
37.264 25.669 57.169
39.497 25.218 54.136
42.952 26.767 54.457
46.072 26.717 52.256
47.692 23.841 54.193
44.685 21.938 55.653
40.935 21.444 56.135
39.381 21.978 59.590
36.159 20.228 60.618
34.013 21.035 63.695
33.835 18.198 66.223
30.791 19.031 68.387
27.606 21.121 68.123
24.446 21.575 70.199
20.783 22.454 69.726
18.532 23.256 72.674
14.847 23.211 71.637
11.940 24.562 73.680
8.575 22.820 73.477
6.556 25.576 75.159
4.931 24.444 78.408
6.031 20.855 77.749
9.820 20.484 77.899
13.229 20.731 76.285
15.176 18.615 73.806
18.956 18.743 73.748
20.408 17.631 70.406
24.117 16.801 70.325
25.993 16.236 67.070
29.607 15.073 66.980
32.334 13.732 64.751
33.366 10.191 65.731
37.063 11.285 65.604
36.426 13.381 68.743
36.034 10.172 70.742
33.834 7.191 71.465
30.709 6.767 73.573
32.843 6.591 76.763
34.437 9.954 75.904
30.991 11.501 75.284
29.731 10.032 78.581
32.687 11.534 80.483
31.999 14.958 78.929
28.260 14.823 79.614
28.818 13.778 83.245
30.957 16.903 83.656
28.631 19.262 81.825
25.542 18.106 83.740
27.383 18.375 87.088
28.481 21.908 86.228
24.936 22.855 85.122
23.196 21.218 88.126
25.429 22.960 90.646
24.589 26.410 89.241
27.304 26.830 86.590
30.089 25.815 88.939
32.931 23.293 88.438
33.851 23.063 92.152
31.963 19.752 92.498
33.346 18.346 89.222
36.947 19.186 90.170
36.580 17.635 93.636
34.458 14.557 92.851
34.197 14.117 89.065
36.159 12.039 86.565
38.622 14.246 84.684
39.608 13.342 81.100
43.047 11.802 80.591
44.779 13.352 77.583
48.017 11.366 77.975
48.813 9.618 74.697
49.142 6.120 76.176
48.198 4.251 72.972
51.364 4.387 70.853
51.346 2.143 67.772
52.710 4.324 64.948
52.735 1.543 62.330
49.022 0.896 62.887
48.440 4.671 62.748
49.865 4.830 59.226
48.053 1.685 58.064
44.660 3.018 59.205
45.188 6.398 57.510
45.917 4.639 54.202
42.630 2.707 54.472
40.832 6.004 55.181
42.463 7.561 52.069
43.982 10.707 53.603
45.627 12.383 50.527
42.206 12.742 48.863
40.304 13.599 52.074
40.250 17.363 51.475
38.994 16.818 47.883
36.460 14.176 48.995
35.028 15.670 52.199
31.376 16.718 51.965
28.711 17.512 54.593
26.261 14.717 55.487
23.302 16.309 57.286
19.974 14.483 57.629
16.984 16.014 55.830
13.407 15.022 55.021
10.888 14.388 53.748
