11.370 8.350 6.249
9.089 5.717 4.725
10.058 3.124 7.334
8.721 5.432 10.046
5.359 5.017 8.315
3.024 2.083 9.079
3.254 -0.898 6.728
-0.468 -0.785 5.957
-0.248 2.754 4.579
2.810 1.874 2.496
0.787 -1.036 1.113
-2.523 0.670 0.347
-0.583 3.612 -1.084
0.689 1.130 -3.673
-2.501 -0.847 -4.293
-4.254 2.499 -4.735
-2.864 3.401 -8.160
-3.514 -0.189 -9.237
-3.899 -3.766 -8.004
-0.769 -5.646 -6.942
0.084 -9.290 -6.261
1.210 -10.565 -2.859
4.726 -11.048 -4.292
4.689 -8.078 -6.667
3.393 -5.493 -4.194
6.365 -6.488 -2.038
8.946 -6.049 -4.796
7.878 -2.409 -4.524
8.086 -2.074 -0.739
10.888 -4.552 -0.054
13.129 -2.198 -2.030
12.865 0.485 0.654
12.938 -2.259 3.270
10.269 -4.710 4.404
10.255 -6.113 7.938
10.272 -9.914 8.090
7.613 -9.982 10.810
5.526 -7.877 8.425
6.243 -9.937 5.309
3.711 -12.380 6.756
1.217 -9.779 7.976
1.141 -8.280 4.480
-1.080 -11.100 3.255
-3.504 -10.228 6.043
-3.394 -6.490 5.357
-3.995 -6.933 1.627
-7.349 -8.409 2.649
-7.925 -5.772 5.329
-7.401 -2.905 2.884
-7.440 -4.705 -0.465
-9.321 -7.561 -2.129
-7.723 -10.567 -3.828
-9.322 -11.569 -7.130
-8.898 -15.270 -7.900
-9.173 -14.078 -11.502
-5.622 -12.741 -11.768
-4.631 -13.378 -8.151
-4.212 -9.602 -7.971
-5.067 -7.569 -4.873
-7.360 -4.581 -5.398
-7.274 -1.624 -3.007
-10.692 -1.260 -1.377
-12.757 1.891 -1.905
-13.225 3.323 1.587
-9.518 2.764 2.231
-8.898 5.431 -0.407
-9.976 7.903 2.276
-7.374 6.524 4.685
-4.646 7.150 2.108
-2.483 10.277 2.216
-2.528 12.859 -0.576
0.901 13.877 0.721
2.378 10.386 0.404
6.125 10.490 -0.369
5.594 7.351 -2.428
3.764 9.194 -5.196
6.075 10.641 -7.848
5.359 13.777 -9.877
3.091 11.477 -11.883
1.684 9.059 -9.307
0.382 11.973 -7.238
-1.608 13.184 -10.245
-2.463 9.568 -11.063
-3.952 9.006 -7.608
-5.895 12.256 -7.245
-8.156 10.672 -9.864
-9.264 7.455 -8.164
-9.965 9.175 -4.844
-12.058 11.632 -6.857
-13.855 8.779 -8.615
-14.457 6.920 -5.351
-14.747 9.671 -2.739
-18.028 11.280 -3.797
