-16.678 27.450 43.008
-17.810 27.540 46.639
-15.320 27.355 49.507
-17.171 28.391 52.664
-15.068 26.184 54.931
-11.768 27.657 53.691
-13.323 31.102 54.142
-14.108 30.266 57.765
-10.596 28.896 58.309
-8.985 31.997 56.808
-11.007 34.299 59.061
-10.044 32.200 62.092
-6.401 31.949 60.995
-6.104 35.755 60.900
-6.934 35.890 64.608
-3.883 33.773 65.494
-1.373 34.151 62.640
-0.146 37.364 60.928
-2.220 37.649 57.768
-3.522 34.147 58.481
-0.433 32.591 56.829
3.108 31.330 57.491
4.459 32.875 54.282
3.299 36.172 52.619
2.466 34.895 49.123
0.017 32.330 50.533
-2.284 35.195 51.569
-3.403 35.872 47.965
-2.722 39.624 48.309
-1.376 39.826 44.751
-4.530 38.275 43.280
-7.212 38.941 45.873
-9.707 36.529 47.372
-9.453 33.818 50.006
-6.758 31.172 49.636
-8.048 27.595 49.624
-6.898 25.615 52.670
-5.318 22.477 51.194
-5.691 19.232 53.130
-4.818 16.404 50.739
-2.785 15.723 47.634
-2.195 12.872 45.220
-0.166 12.961 42.032
-0.847 16.227 40.225
-4.024 16.968 42.187
-4.924 18.599 45.502
-8.106 19.009 47.554
-9.149 21.916 49.779
-11.186 21.907 52.995
-14.407 22.114 50.961
-13.659 18.997 48.920
-12.815 20.932 45.756
-10.286 19.189 43.512
-7.609 21.164 41.645
-4.965 20.325 39.057
-1.932 21.598 41.005
0.694 23.767 39.245
2.128 25.097 42.508
3.212 21.685 43.815
4.333 23.191 47.134
6.722 25.471 45.247
9.152 22.925 43.812
9.807 19.893 46.050
7.136 17.716 44.443
8.667 16.837 41.085
7.413 13.269 41.583
3.954 14.583 42.457
1.980 14.604 45.718
2.297 11.631 48.076
4.444 9.398 45.869
4.018 5.813 47.254
7.734 4.998 47.384
8.630 8.252 49.117
5.867 7.893 51.707
6.902 4.280 52.332
10.451 5.343 53.164
9.192 8.036 55.555
6.776 5.567 57.218
9.625 3.139 57.878
11.935 5.817 59.244
9.501 7.520 61.610
8.919 4.320 63.589
12.546 4.448 64.771
12.187 7.990 66.112
11.645 11.494 64.706
15.035 12.974 65.666
18.315 12.089 67.412
20.658 15.077 67.304
23.530 12.765 66.397
25.138 11.420 63.211
22.920 9.137 61.134
23.585 6.684 58.308
20.818 8.478 56.371
22.734 11.775 56.224
25.776 10.017 54.785
23.571 8.318 52.194
21.921 11.559 51.070
25.255 13.392 50.953
26.620 10.688 48.634
23.566 11.049 46.381
24.138 14.800 46.173
27.745 14.108 45.173
26.566 11.833 42.351
24.375 14.647 41.020
27.152 17.219 41.523
30.572 15.719 40.627
32.501 18.896 41.510
31.343 18.619 45.129
33.466 16.957 47.827
31.594 17.951 50.988
27.917 18.559 51.750
26.468 20.313 54.809
22.746 19.893 55.500
20.659 22.705 57.010
16.911 23.191 57.558
16.015 25.770 54.919
17.115 27.553 51.779
17.511 30.732 53.837
20.006 28.988 56.124
21.814 27.379 53.172
22.426 30.642 51.323
23.233 32.554 54.513
25.872 29.925 55.351
27.281 29.777 51.821
27.791 33.547 51.660
29.461 33.534 55.101
31.658 30.667 53.882
32.665 32.596 50.750
33.599 35.624 52.850
35.566 33.443 55.238
37.414 31.647 52.457
38.322 34.760 50.448
38.537 37.159 53.393
36.564 39.642 51.278
33.559 41.717 52.500
31.315 42.214 49.445
28.787 39.872 47.861
26.789 40.355 44.667
23.129 39.444 44.154
20.870 40.162 41.172
17.545 41.976 40.957
14.535 39.678 41.014
16.559 36.810 42.488
15.580 35.539 45.944
17.783 33.368 48.147
16.050 33.640 51.503
15.439 36.350 54.066
18.896 36.810 55.590
19.017 40.536 56.414
21.902 41.284 54.052
19.811 39.921 51.182
16.688 41.964 51.943
17.884 44.767 49.686
16.913 46.493 46.461
18.829 48.656 44.013
19.344 52.259 45.103
18.461 55.098 42.715
22.000 56.491 42.566
25.350 55.520 41.037
26.396 53.279 43.948
25.677 49.575 43.472
25.293 49.122 47.252
21.863 47.785 48.092
19.358 49.664 50.224
17.049 47.926 52.710
13.917 46.633 51.021
12.341 45.615 54.347
11.780 47.468 57.576
13.991 46.355 60.458
17.050 46.012 58.224
19.797 48.519 59.171
21.804 50.251 56.448
24.884 48.633 57.988
23.597 45.173 57.032
22.762 46.242 53.475
25.931 48.151 52.525
28.042 45.006 51.829
25.621 43.652 49.240
25.964 44.895 45.665
22.793 44.732 43.574
23.165 44.158 39.829
20.625 43.506 37.082
20.093 39.899 36.017
21.201 39.156 32.453
23.335 42.310 32.291
26.851 41.032 31.442
28.188 44.499 30.652
27.179 45.768 34.074
28.747 42.736 35.751
32.028 43.023 33.836
32.168 46.689 34.851
31.715 45.944 38.565
34.479 43.325 38.380
36.785 45.908 36.806
35.886 48.400 39.541
36.400 46.075 42.494
36.315 42.387 41.627
39.172 41.741 44.055
37.060 42.780 47.082
34.021 40.686 46.167
33.828 37.363 48.021
31.033 35.879 45.937
28.293 36.244 43.360
25.118 34.312 44.164
22.447 33.737 41.527
19.536 31.575 40.419
20.831 29.673 37.310
17.297 29.910 35.946
15.317 32.483 37.891
11.958 31.552 39.374
11.264 34.096 42.110
10.630 36.890 39.618
8.907 34.463 37.297
11.096 32.470 34.903
14.106 34.367 33.512
16.587 32.420 31.367
20.292 33.387 31.496
21.855 34.427 28.200
25.047 32.790 26.972
26.986 36.010 27.532
25.615 36.529 31.043
26.740 33.002 31.959
30.133 33.791 30.440
30.512 36.975 32.500
29.549 35.097 35.666
32.371 32.592 35.199
34.773 35.386 34.254
34.379 36.637 37.830
36.244 33.535 38.973
39.477 34.938 37.520
39.141 37.805 40.016
39.139 35.349 42.917
35.370 35.663 43.324
33.472 32.516 44.331
30.527 31.630 42.107
27.523 30.436 44.120
24.793 28.747 42.111
21.575 28.840 44.127
19.945 25.628 42.951
17.338 25.387 45.703
14.670 25.473 42.996
16.550 24.265 39.903
18.488 21.497 41.641
17.436 17.954 40.693
14.664 19.536 38.565
16.094 20.781 35.206
18.236 17.605 35.253
19.507 15.204 37.917
22.439 17.584 38.264
20.177 20.625 37.998
21.008 23.765 36.035
24.686 23.047 36.684
24.359 19.927 34.523
21.916 21.446 32.022
23.899 24.635 31.397
27.352 23.206 32.062
28.042 25.563 34.964
31.257 25.477 36.999
30.228 26.923 40.383
32.455 27.037 43.461
29.513 26.411 45.793
25.945 25.279 45.280
22.936 25.602 47.564
20.236 22.943 47.385
16.792 22.335 48.829
13.150 21.605 47.993
13.456 18.367 45.977
16.442 17.512 48.203
14.000 16.888 51.047
11.391 15.116 48.928
8.649 17.260 50.424
10.015 17.770 53.938
12.206 20.670 55.160
15.817 20.133 54.103
18.510 22.175 52.375
22.263 22.212 51.938
25.365 24.006 50.728
28.245 22.133 49.122
31.485 22.447 47.181
35.083 21.247 46.895
37.010 20.375 50.055
39.411 23.328 50.012
36.453 25.678 50.498
34.126 23.483 52.562
36.861 22.600 55.059
36.542 26.143 56.429
33.227 25.151 57.999
33.042 24.140 61.667
34.111 21.741 63.074
36.849 21.701 60.411
37.359 25.453 60.172
36.676 28.975 61.568
33.406 29.612 59.689
30.662 28.821 62.183
27.297 27.296 61.312
25.119 24.906 63.301
21.649 23.413 63.177
20.350 21.416 66.130
17.714 19.516 64.149
19.501 19.542 60.785
19.611 16.281 58.856
16.225 15.197 60.204
15.759 11.414 59.663
12.385 11.736 57.928
13.588 14.482 55.569
16.761 12.537 54.727
14.639 9.465 54.012
12.122 11.330 51.841
14.930 13.041 49.961
16.903 9.833 49.525
13.875 7.984 48.133
13.206 10.916 45.807
16.756 11.273 44.495
17.031 7.512 44.002
13.950 7.570 41.765
15.239 10.508 39.724
18.662 8.904 39.318
16.954 5.616 38.370
14.719 7.320 35.784
16.584 9.818 33.579
13.620 9.571 31.222
11.548 11.562 33.721
13.383 14.715 32.633
12.632 14.108 28.949
8.976 13.507 29.847
8.790 16.805 31.737
10.496 18.626 28.858
7.981 17.276 26.332
4.990 18.033 28.552
6.410 21.472 29.250
6.901 22.116 25.538
3.244 21.217 24.969
2.013 23.537 27.739
4.158 26.425 26.480
2.987 26.050 22.872
-0.594 25.682 24.047
-0.463 28.783 26.236
0.945 30.873 23.384
-1.768 29.654 21.019
-4.625 30.394 23.419
-3.301 33.801 24.472
-2.582 34.815 20.885
-6.143 33.842 19.940
-7.383 36.046 22.792
-5.284 38.922 21.479
-3.614 39.357 24.860
-0.024 40.615 25.239
2.128 37.783 26.553
5.570 36.245 26.884
5.947 32.667 28.094
9.335 31.745 29.541
10.089 28.105 30.293
12.997 25.815 31.082
12.059 22.184 31.561
9.253 21.968 34.123
9.475 25.614 35.253
7.187 28.050 33.460
5.813 31.564 33.796
3.310 33.556 31.759
4.180 37.263 31.647
1.459 39.601 30.406
3.613 42.012 28.434
5.143 41.922 24.966
8.404 40.005 24.886
11.106 39.371 25.440
11.403 39.126 29.236
15.113 38.869 30.069
15.821 41.169 33.023
13.882 41.904 36.185
13.046 45.290 34.691
11.363 43.457 31.804
9.477 41.231 34.245
8.055 44.188 36.157
6.248 45.273 32.989
3.811 42.381 33.368
0.162 43.427 33.739
-0.743 42.109 37.193
-4.394 43.028 36.651
-4.553 40.684 33.685
-2.701 38.081 35.746
-5.498 38.279 38.325
-8.024 37.461 35.593
-5.771 34.642 34.402
-5.327 33.320 37.948
-8.946 33.403 39.079
-10.232 32.132 35.757
-8.098 29.053 36.332
-8.892 28.686 40.042
-12.658 28.844 39.513
-12.263 26.001 37.035
-10.241 23.703 39.280
-6.726 24.711 38.239
-4.339 25.901 40.969
-1.644 28.229 39.567
0.915 30.183 41.642
-0.942 33.180 43.200
1.561 35.725 41.843
2.855 36.656 38.401
6.403 36.684 39.783
6.541 32.921 40.320
7.393 29.899 38.215
4.680 27.249 37.895
5.807 23.638 38.191
5.076 20.442 36.303
5.541 17.056 37.979
6.080 13.584 36.554
2.507 12.901 37.697
1.062 15.512 35.324
-0.246 14.115 32.037
-0.988 15.377 28.535
-4.697 15.424 29.355
-4.011 17.728 32.309
-2.318 20.226 30.008
-5.249 20.050 27.594
-7.749 20.655 30.404
-5.691 23.696 31.377
-5.766 25.126 27.853
-9.508 24.495 27.611
-10.121 26.184 30.962
-8.305 29.250 29.626
-10.216 29.327 26.338
-13.420 29.527 28.375
-12.123 31.776 31.156
-10.535 34.528 29.061
