17.867 -20.594 1.630
17.765 -19.352 5.224
17.819 -15.603 4.577
14.525 -16.082 2.735
12.668 -16.236 6.052
14.959 -13.540 7.449
13.913 -11.055 4.766
10.256 -12.075 5.014
10.163 -11.609 8.788
12.352 -8.499 8.755
10.441 -6.910 5.876
7.039 -7.855 7.291
7.927 -6.627 10.767
9.859 -3.605 9.523
6.950 -2.350 7.418
4.470 -3.180 10.179
6.510 -1.327 12.800
7.383 1.556 10.477
3.840 1.857 9.126
2.245 1.862 12.578
4.925 4.286 13.762
3.950 6.867 11.143
0.309 6.594 12.211
1.496 7.613 15.677
2.542 11.147 14.735
0.030 13.409 12.940
3.035 15.382 11.698
2.896 13.725 8.277
-0.447 11.912 8.304
-2.549 14.707 9.801
-5.755 13.357 8.262
-4.857 9.759 9.110
-4.188 10.558 12.768
-7.445 12.484 13.151
-9.070 9.148 12.311
-7.071 7.275 14.950
-6.361 4.210 12.813
-4.368 1.250 14.127
-2.857 -1.569 12.067
-3.655 -5.164 13.021
-1.828 -7.378 10.525
0.270 -7.079 7.366
0.092 -9.500 4.438
3.201 -9.639 2.251
3.536 -11.631 -0.972
6.005 -14.546 -1.190
7.602 -13.062 -4.307
8.337 -9.915 -2.301
6.487 -7.976 -5.001
3.252 -6.567 -3.582
2.819 -5.691 0.094
-0.729 -5.915 1.445
-1.620 -4.363 4.802
-4.755 -4.914 6.882
-6.115 -2.146 9.108
-8.943 -2.186 11.652
-12.029 -1.022 9.757
-15.498 -0.013 10.944
-18.869 -1.654 10.302
-19.890 0.983 7.757
-19.006 1.060 4.059
-19.299 4.852 4.074
-16.843 5.162 6.962
-14.455 2.573 5.525
-14.595 4.279 2.129
-13.646 7.696 3.505
-10.876 6.277 5.693
-9.616 4.017 2.905
-9.595 6.952 0.487
-7.559 9.132 2.847
-5.277 6.294 3.943
-4.783 5.111 0.362
-3.780 8.543 -0.935
-1.578 8.833 2.153
0.327 5.682 1.203
2.610 6.957 -1.558
4.129 9.572 0.750
4.345 7.025 3.567
6.311 4.669 1.320
8.944 7.359 0.762
9.121 8.185 4.472
10.035 4.550 5.120
12.622 4.454 2.334
14.806 6.588 4.603
15.661 3.373 6.445
18.553 2.165 4.290
18.471 -1.140 6.170
15.484 -1.996 3.976
16.707 -3.607 0.755
13.623 -3.442 -1.465
10.470 -1.595 -0.407
7.492 -2.875 -2.441
4.191 -1.011 -2.967
1.843 -0.911 0.023
-1.814 -1.782 -0.558
-4.477 -1.453 2.136
-7.189 -4.122 2.119
-10.455 -4.289 4.060
-10.464 -7.034 6.692
-14.216 -7.650 6.597
-14.208 -7.311 2.820
-17.890 -7.938 2.136
-17.465 -10.883 -0.234
-20.622 -12.790 -1.160
-20.084 -15.234 -4.024
-22.359 -18.282 -3.987
-21.249 -21.366 -5.917
-24.777 -22.473 -6.813
-25.083 -23.565 -10.444
-27.617 -26.401 -10.486
-31.012 -25.797 -8.881
-32.910 -29.084 -8.630
-33.288 -31.583 -5.789
-31.800 -34.624 -7.524
-30.749 -37.769 -5.663
-31.172 -41.547 -5.785
