23.442 0.368 24.085
19.701 0.703 24.556
19.057 -0.988 27.904
15.274 -1.160 27.803
12.262 -0.002 25.818
8.526 -0.220 26.269
5.880 1.110 23.888
2.104 1.153 24.397
-0.997 2.410 22.595
-4.682 2.785 23.387
-6.987 3.511 20.482
-10.023 3.763 22.763
-8.573 7.111 23.857
-8.444 8.504 20.329
-10.838 11.322 21.323
-8.325 12.899 23.717
-6.106 13.806 20.764
-6.920 13.289 17.084
-7.279 14.847 13.644
-10.705 15.767 12.263
-12.238 15.247 8.807
-9.879 17.882 7.433
-6.750 16.768 9.272
-6.770 19.501 11.910
-5.370 18.793 15.360
-8.096 18.550 18.016
-7.651 17.717 21.673
-9.057 17.582 25.184
-6.302 19.466 26.981
-7.238 18.780 30.600
-7.874 15.051 30.307
-4.797 14.664 28.120
-2.537 16.350 30.702
-3.557 13.872 33.418
-3.096 10.809 31.215
0.193 12.220 29.918
1.896 12.443 33.317
0.510 9.149 34.595
1.336 7.164 31.439
4.853 8.479 30.856
5.628 7.926 34.540
4.436 4.317 34.389
6.398 3.368 31.285
9.469 5.273 32.492
9.408 3.255 35.717
8.974 0.086 33.680
12.101 0.575 31.566
14.088 1.547 34.662
13.066 -1.619 36.506
13.658 -3.808 33.447
17.130 -2.290 33.112
17.722 -2.614 36.843
18.424 1.118 36.941
17.272 3.452 39.707
15.888 6.973 39.001
18.842 8.573 40.804
21.144 6.820 38.339
19.572 8.563 35.349
22.047 11.077 33.954
19.492 12.929 31.827
15.794 12.791 30.956
14.876 13.914 27.453
11.050 13.927 27.393
8.783 14.875 24.526
8.398 18.675 24.693
4.598 19.082 24.940
4.172 21.236 28.045
6.744 22.339 30.604
4.184 21.681 33.366
3.740 18.069 32.240
7.512 17.666 32.182
7.762 19.070 35.714
4.973 16.873 37.090
6.670 13.869 35.466
10.075 14.671 36.956
8.474 15.028 40.385
6.694 11.673 40.166
9.939 9.905 39.186
11.940 11.741 41.863
14.376 13.081 39.285
15.893 16.549 39.914
14.967 19.329 37.496
18.657 19.826 36.693
18.672 16.373 35.079
15.631 17.046 32.885
16.339 18.594 29.484
13.881 21.238 28.336
13.891 23.305 25.143
10.149 23.653 24.569
10.536 27.391 25.212
12.168 27.902 21.820
10.508 25.258 19.628
7.103 24.458 21.079
5.698 20.957 20.516
7.302 19.507 17.364
5.834 16.006 17.754
8.192 13.311 16.399
11.035 15.804 15.932
10.825 16.909 19.570
13.067 14.348 21.250
15.702 14.111 18.495
16.111 17.912 18.445
16.456 17.975 22.238
19.003 15.144 22.080
21.155 17.025 19.549
21.231 20.240 21.573
21.801 18.301 24.800
24.886 16.735 23.213
26.108 20.040 21.745
25.627 21.715 25.128
28.037 19.238 26.676
25.272 17.646 28.741
25.711 14.122 27.347
28.852 11.985 27.527
29.476 8.317 26.727
28.422 6.178 29.662
25.574 8.518 30.648
22.165 6.895 31.126
19.570 8.737 29.057
15.834 8.313 29.542
13.550 9.305 26.667
9.750 9.247 26.980
6.690 10.567 25.150
2.931 10.373 24.612
1.056 11.242 21.444
-2.115 11.165 19.398
-3.774 7.814 19.030
-2.629 7.645 22.567
0.733 6.143 21.875
3.401 6.400 24.514
6.540 4.720 25.700
10.047 5.129 27.016
13.588 4.190 26.021
16.466 3.914 28.474
19.936 3.860 26.956
23.601 4.150 27.882
25.095 6.702 25.516
