1.061 -0.381 20.403
1.954 2.747 18.386
1.333 2.557 14.638
2.438 5.877 13.148
3.846 8.997 14.806
0.795 11.204 15.483
0.649 14.901 14.604
2.716 14.493 11.436
4.825 17.649 11.194
5.812 17.381 7.530
5.598 19.943 4.696
3.636 17.311 2.774
0.445 15.283 3.196
0.222 11.647 2.020
-2.988 9.841 0.981
-5.357 7.936 3.268
-7.829 5.064 3.349
-5.301 3.032 1.375
-7.033 -0.194 0.350
-5.530 -3.228 -1.382
-7.954 -5.210 -3.541
-6.925 -8.555 -5.027
-8.100 -9.089 -8.605
-6.335 -12.364 -9.397
-3.532 -14.653 -8.225
-1.100 -12.283 -9.939
-3.207 -9.120 -9.806
-3.980 -6.620 -7.046
-5.917 -3.380 -7.502
-4.661 -0.843 -4.959
-7.188 1.973 -4.575
-6.954 4.906 -2.166
-8.390 8.357 -1.466
-6.975 11.879 -1.714
-6.829 13.970 1.461
-4.629 16.928 0.523
-7.298 17.684 -2.080
-10.789 18.235 -0.615
-14.117 17.803 -2.406
-13.564 20.894 -4.552
-10.160 22.482 -5.153
-8.063 23.719 -8.076
-4.320 24.273 -7.692
-1.644 25.125 -10.257
0.828 22.714 -8.661
1.990 19.325 -9.939
2.029 15.999 -8.095
2.856 12.332 -8.681
1.662 9.250 -6.801
4.095 6.359 -6.364
3.301 2.764 -5.411
5.693 0.300 -3.778
5.267 -3.323 -2.700
7.443 -6.227 -1.560
7.075 -9.812 -0.343
5.641 -9.620 3.175
7.875 -11.523 5.595
10.538 -12.450 3.041
14.285 -12.462 3.692
15.400 -11.606 0.157
12.630 -9.149 -0.709
12.790 -6.216 -3.126
10.817 -2.971 -2.908
9.092 -2.087 -6.181
8.039 1.371 -7.367
5.652 2.553 -10.082
4.433 5.949 -11.285
0.708 6.590 -11.706
-1.217 9.853 -12.041
-4.290 8.108 -10.634
-5.619 7.062 -7.227
-5.551 3.392 -8.224
-2.800 1.066 -9.444
-2.894 -2.528 -10.686
-0.084 -4.727 -9.372
0.569 -7.289 -12.105
3.153 -10.062 -12.162
2.934 -11.136 -8.527
3.169 -14.441 -6.658
0.088 -16.647 -6.117
-1.079 -17.484 -2.594
1.263 -14.722 -1.433
0.507 -11.394 0.244
2.552 -8.187 0.200
2.577 -4.685 1.683
1.254 -1.813 -0.432
1.645 1.924 0.166
0.975 5.202 -1.643
2.751 8.564 -1.570
3.127 11.882 -3.393
5.951 14.037 -4.749
5.187 17.760 -4.905
7.444 20.822 -4.819
10.301 18.856 -6.382
10.296 16.704 -3.244
8.833 13.405 -2.040
6.685 12.916 1.061
6.166 9.992 3.437
4.058 6.932 2.628
0.537 6.464 3.988
-0.910 3.592 6.020
-0.070 0.190 4.541
-2.707 -2.167 3.146
-2.588 -5.966 3.304
-4.071 -8.176 0.587
-3.231 -11.787 -0.262
-3.606 -13.227 -3.762
-5.834 -16.153 -4.727
-4.304 -19.618 -5.066
-3.179 -20.114 -8.665
