17.933 19.279 -7.777
16.203 22.539 -8.692
12.452 22.025 -9.061
9.717 24.601 -8.478
6.549 23.158 -6.946
3.381 24.807 -5.635
0.980 23.341 -3.076
-1.399 24.479 -0.335
-0.639 21.728 2.179
1.369 18.525 2.594
1.320 15.375 4.767
3.874 15.228 7.582
2.503 12.361 9.671
2.470 8.699 8.644
-0.261 6.112 9.350
0.970 4.044 12.295
-0.403 0.762 13.639
-0.717 -0.523 10.072
-1.384 -4.226 9.607
-2.427 -6.568 6.806
-4.774 -9.536 7.183
-4.667 -12.517 4.823
-8.293 -13.219 3.917
-7.777 -15.773 1.145
-5.099 -17.134 -1.187
-5.735 -14.195 -3.516
-7.510 -11.982 -0.982
-5.962 -9.659 1.601
-7.101 -6.683 3.678
-4.967 -3.642 4.495
-5.936 -1.600 7.555
-4.342 1.569 8.926
-4.879 4.479 11.316
-6.158 7.735 9.821
-3.414 10.370 9.874
-3.913 13.590 11.834
-3.748 15.316 8.449
-7.260 15.709 7.039
-5.655 17.176 3.920
-4.777 13.733 2.564
-6.957 12.873 -0.432
-6.555 9.096 -0.213
-4.222 6.268 0.797
-2.022 4.479 -1.738
-1.585 0.794 -0.907
1.254 -0.695 -2.953
1.730 -4.460 -3.208
4.133 -6.703 -5.119
5.944 -10.043 -4.971
9.335 -10.448 -3.296
10.860 -10.737 -6.769
8.899 -7.818 -8.219
10.247 -4.284 -7.806
8.719 -1.315 -5.984
8.663 0.413 -9.373
6.577 -2.400 -10.856
4.405 -2.693 -7.748
0.670 -2.173 -8.243
-1.176 0.742 -6.642
-4.498 0.818 -4.789
-5.928 4.272 -4.092
-9.029 4.109 -1.895
-11.127 6.934 -0.456
-9.490 8.455 2.622
-12.728 7.435 4.336
-11.961 3.727 3.983
-10.055 2.920 7.174
-8.861 -0.147 5.267
-8.508 -1.533 1.743
-8.745 -4.836 -0.126
-6.328 -6.607 -2.471
-7.223 -9.056 -5.240
-5.596 -10.920 -8.130
-2.693 -12.167 -6.011
-0.645 -15.373 -5.983
-1.134 -18.279 -3.542
1.498 -18.949 -0.879
3.525 -15.988 -2.141
5.292 -13.221 -0.222
3.870 -9.781 -1.002
5.376 -6.536 0.287
2.545 -4.173 1.216
2.757 -0.509 2.212
0.113 2.062 3.143
0.918 5.714 2.523
-1.451 8.678 2.620
-1.020 11.690 0.337
-2.989 14.472 -1.353
-2.928 15.961 -4.852
-0.997 18.856 -3.317
2.025 17.380 -1.566
3.370 13.834 -1.393
3.829 12.055 1.923
6.371 9.500 3.190
5.518 5.774 3.017
4.683 3.753 6.130
6.642 0.852 7.618
7.443 -1.971 5.198
5.313 -5.018 6.000
5.304 -8.463 4.389
2.288 -10.686 3.735
1.987 -14.430 3.134
-1.028 -15.686 1.186
-2.459 -19.175 1.678
-2.079 -22.234 -0.552
-4.513 -22.309 -3.474
