28.223 7.690 68.947
29.250 10.522 66.622
27.550 13.379 68.495
29.324 12.657 71.803
32.321 10.524 70.815
32.946 11.668 67.249
36.743 11.931 67.494
37.156 8.903 69.741
35.009 6.667 67.567
36.492 7.765 64.248
39.997 7.237 65.613
38.905 3.774 66.772
37.317 2.830 63.443
40.509 3.874 61.629
42.761 1.886 63.958
40.577 -1.230 64.113
39.710 -0.993 60.417
35.965 -1.298 61.049
33.488 -0.339 58.351
30.818 2.192 59.300
27.609 2.133 57.254
25.232 4.971 58.317
21.591 3.951 58.733
20.267 7.455 59.452
18.373 8.623 56.327
20.473 11.732 55.648
23.881 10.208 56.337
22.848 7.182 54.310
21.751 9.343 51.398
25.127 11.086 51.616
26.975 7.728 51.711
25.106 6.415 48.642
26.030 9.675 46.894
29.750 9.391 47.629
32.489 7.731 45.509
33.759 4.236 46.345
37.143 5.437 47.777
35.427 7.513 50.485
32.904 4.775 51.315
35.739 2.299 51.897
37.810 4.694 54.008
34.982 6.617 55.633
36.145 9.480 57.830
39.736 8.916 56.717
39.734 9.667 52.977
40.095 13.265 51.803
37.044 14.804 50.132
38.806 17.309 47.871
41.194 14.677 46.517
38.132 12.641 45.604
36.471 15.505 43.772
33.854 16.276 46.423
33.353 19.977 47.120
30.704 19.584 49.840
28.045 17.543 51.639
24.485 18.858 51.324
22.649 17.940 54.498
18.890 18.323 53.968
16.024 18.651 56.467
12.287 19.458 56.387
12.534 22.610 58.494
9.778 21.413 60.808
6.196 22.708 61.314
7.304 26.268 62.110
9.086 26.908 58.850
6.675 29.746 58.004
5.625 30.830 61.520
6.331 34.465 62.451
9.365 34.584 64.747
7.307 36.420 67.408
4.934 33.423 67.700
7.543 30.705 68.289
7.657 31.451 72.022
4.024 30.360 72.471
3.966 27.234 70.318
2.681 24.212 72.236
4.119 20.668 72.371
1.318 19.290 70.188
2.048 21.997 67.651
5.786 21.253 67.798
5.237 17.493 67.391
3.156 18.000 64.262
4.928 16.264 61.352
3.903 15.043 57.839
6.753 12.923 56.440
8.306 10.571 59.012
6.295 9.401 62.031
8.987 9.642 64.716
8.548 10.134 68.460
7.827 13.433 70.207
11.456 14.049 71.233
12.679 13.787 67.633
9.732 15.818 66.298
10.687 18.729 68.556
14.330 18.399 67.480
13.009 18.688 63.950
11.075 21.868 64.841
14.141 23.590 66.368
16.358 21.890 63.790
18.558 20.651 66.609
18.166 17.338 64.814
19.888 18.788 61.773
22.386 20.357 64.146
23.264 16.958 65.554
23.405 15.400 62.084
25.799 18.216 61.158
28.161 17.304 63.994
27.942 13.672 62.900
28.491 14.328 59.213
31.721 16.288 59.734
33.264 13.417 61.755
31.835 10.681 59.551
32.749 12.184 56.196
35.877 14.109 57.248
34.327 17.457 56.238
35.389 20.963 57.268
32.885 23.772 57.912
33.150 24.965 54.312
32.461 21.430 53.058
29.055 21.383 54.741
25.828 22.911 53.438
22.522 22.736 55.275
19.341 23.054 53.200
15.644 23.079 53.979
13.692 20.730 51.704
10.096 20.653 53.075
8.955 17.661 51.035
11.732 15.384 52.331
11.777 13.472 49.036
15.487 14.064 48.510
17.235 12.741 51.634
20.549 14.623 51.168
23.184 15.132 48.443
26.876 15.577 47.545
28.286 18.432 45.429
31.201 17.506 43.134
34.053 19.307 41.395
32.638 19.225 37.867
29.328 20.730 38.980
27.535 17.396 39.386
25.299 17.004 42.434
24.455 13.405 43.385
21.408 12.662 45.500
19.366 9.845 46.991
15.577 10.058 46.953
13.041 7.667 48.433
10.026 7.082 50.661
10.148 8.017 54.381
10.706 4.367 55.300
