0.362 46.462 4.394
3.458 44.882 5.915
4.251 41.185 6.246
4.186 39.193 9.468
5.412 35.661 10.084
3.508 33.496 12.566
4.526 30.025 13.691
2.311 27.924 15.951
4.021 25.057 17.760
2.712 22.109 19.737
2.346 23.444 23.265
-0.601 23.957 25.613
-2.039 27.355 24.791
-2.256 27.080 21.020
-5.308 29.308 21.478
-3.030 32.327 22.015
-1.671 31.791 18.513
-5.145 31.512 17.014
-6.286 34.756 18.638
-3.103 36.535 17.570
-3.660 35.314 14.016
-7.212 36.616 13.919
-6.163 40.016 15.219
-3.330 40.400 12.698
-5.771 39.729 9.848
-8.275 42.181 11.281
-5.538 44.799 11.466
-4.789 44.116 7.789
-1.461 42.272 7.890
-0.341 39.778 5.234
0.267 36.731 7.385
2.574 33.870 6.497
1.544 30.996 8.742
3.387 27.863 9.786
1.487 25.260 11.797
3.224 22.270 13.364
1.507 18.862 13.402
1.931 18.942 17.164
-0.111 22.150 17.152
-2.945 20.671 15.100
-3.685 17.929 17.636
-3.406 20.297 20.611
-6.066 22.752 19.428
-8.385 19.760 19.123
-7.613 18.039 22.419
-7.888 21.513 23.968
-8.978 24.715 9.731
-11.994 26.060 7.848
-11.301 29.770 8.075
-12.876 32.859 6.587
-9.642 34.761 7.126
-8.068 36.922 4.429
-4.527 37.227 3.060
-3.037 34.257 4.885
-0.395 32.169 3.107
0.250 28.814 4.741
3.613 27.054 4.642
4.270 23.373 5.352
6.172 22.827 8.595
8.544 20.660 6.577
8.878 22.855 3.490
12.355 24.383 3.531
11.841 25.906 0.073
9.422 28.303 1.744
10.227 31.993 1.187
10.387 32.374 4.964
13.518 30.224 4.981
15.375 32.849 2.962
17.017 35.805 4.673
16.706 37.797 1.465
12.941 37.390 1.881
12.636 37.542 5.671
14.389 40.902 6.056
11.255 42.577 4.679
8.954 41.350 7.460
7.971 43.453 10.457
8.605 40.505 12.753
8.320 36.811 13.490
5.988 35.324 16.084
6.291 31.821 17.514
3.050 31.631 19.479
2.944 29.453 21.344
6.591 28.382 21.435
7.057 24.901 22.934
10.072 24.267 25.163
11.432 22.069 22.386
11.199 24.818 19.758
12.671 27.282 22.244
15.648 24.970 22.658
16.045 24.245 18.956
16.150 27.959 18.102
18.419 28.850 21.046
20.845 26.124 19.949
20.452 26.580 16.212
19.212 23.036 15.713
16.657 22.962 12.895
14.219 20.052 12.786
11.490 21.948 10.917
10.804 25.140 8.972
9.826 26.949 12.174
13.282 26.416 13.649
14.818 27.625 10.395
12.717 30.800 10.442
13.937 31.513 13.954
17.539 31.072 12.839
16.949 33.346 9.834
15.276 36.026 11.949
18.233 35.934 14.351
20.950 36.151 11.682
19.034 38.787 9.696
18.118 40.633 12.896
14.405 40.386 12.121
12.312 40.875 15.281
11.647 37.472 16.873
8.938 37.081 19.524
8.273 33.902 21.530
5.382 33.108 23.872
6.548 30.517 26.379
4.105 28.506 28.457
5.753 26.134 30.931
5.826 25.557 34.700
7.926 25.192 36.701
11.030 26.376 34.846
14.203 24.303 35.042
17.662 25.791 34.404
17.580 24.836 30.721
14.333 26.737 30.144
15.845 29.813 31.800
19.114 29.714 29.917
17.430 29.184 26.559
15.216 32.198 27.157
18.258 34.185 28.280
20.168 33.297 25.135
17.204 34.290 22.933
16.907 37.555 24.866
20.601 38.447 24.705
20.470 37.747 20.977
17.839 40.452 20.561
14.812 38.188 20.641
11.898 38.872 22.967
10.530 36.240 25.299
6.972 36.645 26.508
5.710 34.146 29.086
2.022 33.297 28.808
1.362 34.901 32.206
-1.817 36.989 32.052
-2.196 39.704 34.658
-5.239 40.976 36.552
-4.643 44.703 36.017
-7.743 45.085 33.846
-9.857 42.949 36.199
-10.522 40.135 33.700
-13.823 38.231 33.830
-13.354 35.443 31.295
-10.557 33.276 29.964
-11.087 35.350 26.845
-10.054 38.472 28.750
-6.768 36.820 29.700
-6.083 35.604 26.160
-6.556 39.135 24.823
-4.210 40.474 27.494
-1.398 38.181 26.385
-2.172 38.835 22.706
-2.041 42.563 23.398
1.348 42.147 25.049
2.623 40.319 21.976
1.446 43.077 19.666
2.968 45.775 21.883
6.321 44.033 21.507
6.324 44.991 17.834
4.561 48.334 18.352
1.474 47.242 16.430
-1.470 49.462 17.418
-4.543 47.605 18.708
-7.743 47.854 20.811
-7.654 44.736 22.997
