-0.091 -12.626 -4.261
-3.087 -11.442 -2.261
-6.783 -10.684 -2.681
-7.320 -6.930 -2.379
-9.314 -4.441 -4.495
-6.672 -1.750 -4.002
-3.017 -2.341 -4.875
0.036 -0.077 -5.020
1.430 0.444 -8.521
4.824 1.311 -7.037
5.773 -1.443 -4.591
2.885 -3.899 -4.565
1.146 -3.222 -1.259
-2.490 -4.265 -0.859
-5.349 -2.420 0.840
-9.074 -2.678 1.564
-10.210 0.938 1.238
-9.375 3.453 -1.491
-8.336 5.826 1.294
-5.711 3.377 2.551
-4.056 3.163 -0.868
-4.184 6.896 -1.583
-2.786 7.591 1.885
-0.037 5.055 1.189
1.042 6.119 -2.301
2.039 9.325 -0.514
4.875 7.554 1.298
6.452 7.225 -2.148
