1.828 23.639 -4.740
2.461 20.014 -3.774
0.918 16.821 -5.115
1.369 13.104 -5.736
4.035 12.635 -8.407
3.997 8.856 -7.981
0.442 7.514 -7.820
0.026 4.021 -6.369
0.240 1.045 -8.728
-1.290 -2.414 -9.139
0.356 -5.076 -6.978
-0.126 -8.788 -7.657
0.854 -11.364 -5.035
0.185 -14.996 -4.130
-2.272 -15.788 -1.337
-0.023 -15.820 1.716
2.712 -13.431 0.608
4.080 -10.032 1.632
3.574 -6.972 -0.570
5.020 -3.525 0.134
3.277 -0.673 -1.682
5.284 2.427 -2.596
4.062 6.029 -2.619
6.082 9.212 -3.129
4.871 12.771 -2.555
6.139 15.815 -4.453
7.248 17.113 -1.053
8.101 15.632 2.346
4.513 16.463 3.298
5.712 16.677 6.900
3.183 19.334 7.909
0.388 16.756 7.839
0.703 13.004 8.526
-0.037 10.244 6.016
-2.694 7.523 6.104
-2.829 4.015 4.641
-6.082 2.301 3.667
-5.808 -1.146 2.084
-9.011 -2.757 0.851
-11.097 -0.250 2.771
-9.874 -0.144 6.363
-7.470 1.810 8.571
-4.149 0.087 9.252
-1.511 2.797 9.510
0.593 1.810 12.513
0.021 -1.857 13.346
1.948 -5.038 14.145
1.034 -6.556 10.780
0.868 -3.377 8.696
3.953 -1.258 9.373
3.582 1.930 7.333
7.212 3.058 7.449
8.416 6.465 6.263
11.588 7.500 4.435
12.213 11.196 3.863
9.699 11.885 1.104
8.546 8.307 0.518
6.227 5.800 2.191
6.314 1.998 2.227
3.282 0.109 3.532
4.154 -3.519 4.270
1.365 -6.102 4.163
1.597 -9.432 5.983
-0.633 -12.496 5.647
-2.089 -11.306 2.341
-5.580 -12.747 1.897
-7.996 -12.992 -1.061
-10.690 -10.969 0.705
-8.574 -7.852 1.228
-8.083 -7.859 -2.544
-10.111 -4.998 -3.985
-9.015 -1.365 -4.102
-6.247 0.390 -2.171
-6.341 4.070 -1.219
-3.770 6.516 0.149
-4.847 9.857 1.614
-2.551 12.615 2.876
-3.097 16.275 3.751
-6.208 15.904 1.613
-4.747 14.238 -1.470
-5.905 10.714 -2.312
-4.966 7.868 -4.654
-6.349 4.528 -5.836
-5.033 1.110 -6.865
-5.920 -2.559 -7.332
-4.686 -5.567 -5.357
-4.664 -9.109 -6.742
-4.392 -12.254 -4.622
-4.273 -15.637 -6.354
-4.835 -18.703 -4.172
-1.601 -20.556 -3.412
