2.548 -10.189 -24.044
3.774 -12.160 -21.000
1.546 -14.183 -18.675
-1.468 -12.307 -17.248
-1.348 -10.478 -13.915
-4.507 -10.937 -11.804
-2.849 -8.705 -9.207
-3.062 -5.108 -10.497
-2.584 -3.645 -7.018
0.891 -5.183 -6.858
1.594 -3.271 -10.070
0.199 0.097 -8.986
2.716 2.867 -8.186
1.172 3.608 -4.790
1.639 -0.080 -3.991
4.485 -0.814 -1.578
5.968 -4.270 -1.011
9.296 -3.571 0.694
8.014 -0.694 2.827
7.794 -0.562 6.622
6.079 1.707 9.146
9.477 3.158 10.000
9.431 4.932 6.643
5.775 4.568 5.661
4.637 7.023 8.335
7.583 9.337 7.675
6.693 9.551 3.982
3.240 10.971 4.713
4.898 13.441 7.084
7.135 14.486 4.190
4.143 15.181 1.947
3.029 18.811 2.425
-0.350 17.717 1.064
-3.372 17.160 3.307
-4.866 13.961 1.925
-2.122 11.484 1.060
-2.489 7.703 1.244
-0.233 4.671 0.803
-0.836 0.916 0.803
1.884 -1.432 2.049
2.068 -5.156 2.802
3.247 -6.829 6.009
4.542 -10.405 6.065
2.801 -12.820 8.415
-0.852 -12.975 7.393
-3.167 -11.929 4.563
-3.785 -8.588 6.274
-2.593 -5.289 4.807
-2.468 -1.765 6.233
-2.956 1.656 4.647
-1.099 4.668 6.041
-2.369 8.197 5.409
-2.027 11.741 6.745
-4.750 13.475 8.758
-4.291 17.249 8.851
-0.719 16.400 9.799
-0.682 13.232 11.892
-0.584 9.790 10.276
-3.060 6.986 10.962
-3.420 3.434 9.648
-6.441 1.370 8.604
-6.350 -2.416 8.948
-7.362 -4.207 5.749
-9.070 -7.599 5.959
-10.509 -10.068 3.449
-13.970 -11.621 3.181
-13.791 -14.410 0.618
-11.433 -13.586 -2.240
-12.487 -10.007 -1.493
-10.882 -7.014 0.221
-12.582 -5.095 3.030
-11.223 -1.754 4.238
-13.271 -1.286 7.395
-16.969 -1.213 6.541
-19.264 -3.247 4.291
-17.301 -2.376 1.153
-16.650 -5.307 -1.181
-13.848 -4.773 -3.697
-12.528 -7.506 -5.991
-9.248 -5.610 -5.656
-7.809 -2.732 -3.625
-7.762 -0.871 -6.942
-11.540 -0.454 -7.065
-11.542 0.377 -3.352
-9.180 3.276 -4.047
-11.271 4.724 -6.875
-14.425 4.158 -4.825
-13.155 6.121 -1.826
-11.720 8.809 -4.103
-15.312 10.057 -4.220
-16.300 9.595 -0.575
-14.330 10.544 2.538
-11.873 8.454 4.554
-11.377 10.159 7.917
-13.568 13.248 8.269
-13.671 15.408 5.139
-10.451 14.526 3.316
-10.149 11.594 0.912
-7.641 9.726 -1.254
-6.398 12.603 -3.410
-2.606 12.332 -3.512
-1.457 8.683 -3.618
2.071 8.786 -2.199
4.427 7.591 -4.934
8.102 6.528 -5.023
8.775 9.293 -7.547
7.226 12.071 -5.460
9.360 11.448 -2.373
12.435 12.017 -4.538
10.949 14.986 -6.396
10.078 16.448 -2.994
