-3.793 -9.956 -15.882
-0.437 -8.713 -17.157
2.181 -11.338 -17.891
5.160 -10.666 -15.652
7.675 -13.482 -15.262
11.329 -14.314 -15.907
10.897 -14.384 -19.682
8.355 -11.632 -20.296
8.716 -8.696 -20.638
12.002 -9.618 -22.404
14.756 -9.016 -19.829
17.232 -7.741 -22.435
14.739 -5.100 -23.568
14.012 -4.052 -19.976
17.778 -3.662 -19.450
18.239 -1.616 -22.616
15.352 0.687 -21.608
16.905 1.712 -18.260
19.062 4.621 -19.467
16.206 5.914 -21.655
13.938 5.843 -18.606
16.504 7.913 -16.707
16.842 10.492 -19.459
13.111 10.766 -20.012
12.015 10.873 -16.398
14.584 13.635 -15.858
13.214 15.625 -18.812
9.493 15.149 -18.221
9.038 14.940 -14.476
6.827 11.863 -14.514
6.803 9.795 -11.314
7.987 6.212 -11.063
4.556 5.249 -9.709
2.656 6.713 -12.665
4.709 4.562 -15.007
4.201 1.382 -12.966
0.455 1.999 -12.654
0.020 2.486 -16.389
2.084 -0.621 -17.058
0.385 -2.989 -14.640
-2.891 -1.460 -13.588
-5.473 0.846 -15.117
-5.083 3.315 -17.950
-4.920 6.757 -16.328
-4.524 10.404 -17.336
-1.195 12.022 -16.397
0.207 14.735 -18.667
3.820 14.147 -17.638
3.380 10.432 -18.313
2.249 11.254 -21.863
5.386 13.270 -22.416
7.545 10.554 -20.887
6.044 8.197 -23.520
6.897 10.618 -26.294
10.417 11.034 -24.944
11.047 7.287 -24.948
10.154 7.093 -28.646
12.576 9.928 -29.399
15.381 8.451 -27.295
14.861 5.030 -28.876
15.204 6.594 -32.346
11.865 5.248 -33.606
10.482 8.572 -34.799
10.310 10.306 -38.160
11.728 13.780 -39.000
8.876 15.555 -37.203
9.021 13.435 -34.074
6.035 11.248 -34.899
6.338 7.526 -34.231
7.439 5.490 -37.234
5.779 2.138 -36.620
8.175 0.134 -38.791
11.178 1.562 -36.940
9.441 0.674 -33.697
8.681 -2.892 -34.775
12.282 -3.356 -35.954
13.628 -2.156 -32.619
11.850 -4.895 -30.678
13.233 -8.347 -29.841
11.906 -11.040 -32.237
10.213 -12.725 -29.273
7.659 -9.946 -29.307
7.221 -9.298 -33.003
3.971 -11.273 -33.246
2.554 -9.852 -30.054
3.463 -6.349 -31.246
1.906 -6.750 -34.644
-1.450 -7.832 -33.250
-1.271 -5.331 -30.451
-0.800 -2.560 -33.025
-2.805 -3.589 -36.114
-5.735 -1.412 -35.050
-3.517 1.373 -33.697
-2.005 2.663 -36.959
-2.945 6.336 -37.091
-2.470 8.259 -33.847
-4.764 11.168 -33.022
-3.764 14.021 -30.750
-2.672 17.647 -30.730
0.861 17.223 -29.368
3.555 14.591 -29.781
2.826 13.633 -26.148
-0.896 13.274 -26.941
-0.120 10.994 -29.888
2.354 8.938 -27.863
-0.262 8.420 -25.168
-2.831 7.524 -27.858
-0.509 4.703 -28.990
0.183 3.328 -25.530
-3.495 3.433 -24.591
-4.443 1.691 -27.870
-1.798 -1.019 -27.322
-2.800 -1.596 -23.686
-6.500 -1.754 -24.638
-5.663 -4.253 -27.391
-3.561 -6.677 -25.353
-3.428 -5.920 -21.610
-1.661 -9.225 -20.973
1.420 -8.294 -22.986
1.408 -4.550 -22.637
4.049 -3.041 -20.343
5.735 0.312 -19.763
8.971 0.855 -17.900
