19.402 33.728 0.090
21.862 35.911 -1.785
25.528 36.862 -1.593
26.492 39.870 0.506
29.525 41.474 -1.101
32.034 42.732 1.471
35.033 43.713 -0.671
35.993 43.442 -4.326
36.940 39.799 -3.709
35.040 38.694 -0.610
31.393 37.770 -0.040
29.361 36.302 2.840
26.220 34.160 2.555
24.052 31.514 4.159
24.192 27.819 3.249
21.486 27.987 0.602
23.236 30.568 -1.550
26.532 28.731 -1.160
25.221 25.833 -3.269
23.446 28.025 -5.844
25.539 27.376 -8.957
24.198 30.344 -10.945
24.832 32.742 -8.099
28.389 31.497 -7.689
29.219 31.808 -11.376
27.425 35.144 -11.821
29.402 36.667 -8.939
32.543 35.000 -10.265
33.207 33.043 -7.062
36.335 30.845 -7.350
36.831 29.879 -3.718
34.211 28.715 -1.211
35.073 28.555 2.488
32.468 26.675 4.514
32.794 27.727 8.138
30.636 25.012 9.702
30.630 21.430 10.866
27.162 20.649 9.556
26.670 22.312 6.152
27.409 20.160 3.112
28.647 21.794 -0.116
27.662 20.689 -3.620
31.018 20.726 -5.445
30.648 22.566 -8.738
33.215 22.569 -11.522
36.015 25.142 -11.487
35.317 26.265 -7.938
37.629 25.391 -5.044
36.119 24.369 -1.686
37.336 23.901 1.879
35.789 23.561 5.310
36.579 24.986 8.745
34.599 22.583 10.993
33.395 24.724 13.897
30.046 24.789 15.640
28.496 28.162 16.398
29.435 27.995 20.067
31.228 30.542 22.251
33.650 27.723 23.099
34.626 26.931 19.506
38.184 28.037 18.738
37.439 29.888 15.494
40.392 32.057 16.502
42.801 29.296 15.415
41.684 30.017 11.868
41.796 33.845 11.928
45.290 34.205 10.418
45.341 31.191 8.122
41.951 31.938 6.568
42.666 35.689 6.299
45.852 34.896 4.368
43.898 32.445 2.191
41.329 35.105 1.253
44.167 37.489 0.439
45.975 34.926 -1.751
42.795 34.240 -3.730
42.443 37.962 -4.312
46.078 38.239 -5.393
45.370 35.512 -7.923
42.413 37.492 -9.290
39.831 35.165 -7.791
36.947 35.826 -5.400
36.055 34.152 -2.122
32.686 33.280 -0.595
32.746 32.746 3.154
29.569 31.015 4.375
28.224 29.070 7.326
24.640 27.919 7.948
22.942 31.319 8.247
25.763 33.700 7.336
25.293 35.333 10.727
27.899 34.222 13.257
30.706 31.917 12.071
31.478 33.269 8.588
30.955 36.835 9.836
33.643 36.431 12.502
36.231 35.249 9.978
35.304 38.170 7.739
35.936 40.632 10.595
39.336 39.066 11.265
40.236 39.345 7.594
39.214 43.014 7.342
41.339 43.944 10.354
44.386 42.156 9.015
44.216 43.157 5.361
42.181 46.373 5.188
43.788 48.041 8.216
40.435 48.418 9.970
39.745 48.551 13.694
37.404 45.810 14.939
34.759 48.509 15.347
35.170 49.806 11.781
35.331 46.291 10.365
32.034 45.542 12.115
30.295 48.761 11.000
31.348 48.046 7.425
30.341 44.373 7.452
27.019 45.110 9.160
26.336 47.706 6.436
26.972 45.045 3.787
25.016 42.315 5.567
22.623 43.651 8.273
21.991 40.312 9.957
25.576 39.519 10.993
25.928 38.799 14.700
28.943 36.819 15.957
28.240 34.963 19.219
29.841 36.466 22.335
32.694 33.965 22.415
33.715 34.948 18.891
33.632 38.595 19.984
36.081 37.858 22.816
38.276 36.063 20.275
38.051 38.994 17.842
38.905 41.488 20.593
41.965 39.413 21.525
42.987 39.267 17.838
42.463 43.028 17.458
44.773 43.598 20.423
47.313 41.282 18.830
47.195 43.232 15.559
47.035 46.785 16.892
47.975 46.660 20.580
44.695 48.467 21.267
40.951 47.694 21.330
37.961 49.541 19.885
35.321 47.053 21.047
35.019 45.773 24.646
32.917 43.045 26.281
30.491 44.356 28.934
28.006 42.762 31.355
24.270 42.748 30.552
21.009 41.061 31.618
21.673 38.567 28.807
25.312 38.039 29.745
28.564 39.339 28.239
28.183 41.236 24.979
30.392 43.596 22.948
29.669 47.175 24.014
28.516 47.714 20.405
25.337 45.882 21.372
24.609 48.371 24.189
