4.084 56.812 -13.599
5.825 53.480 -13.280
4.123 50.437 -11.837
4.075 50.063 -8.076
6.055 46.968 -7.047
6.870 47.448 -3.382
4.678 46.249 -0.562
5.146 46.644 3.219
3.056 44.514 5.558
2.526 45.608 9.160
0.380 44.365 12.018
-1.193 47.569 13.305
-3.202 50.491 11.958
-0.929 53.106 13.503
2.091 51.277 12.079
0.557 51.649 8.620
-0.112 55.365 8.967
3.369 55.963 10.409
5.067 54.076 7.594
2.982 55.861 4.962
3.973 59.229 6.429
7.697 58.609 5.987
7.562 57.254 2.453
8.354 59.326 -0.617
7.278 56.769 -3.221
3.986 54.882 -3.670
4.080 51.629 -1.709
1.206 49.323 -0.966
0.904 49.030 2.799
-1.073 46.063 4.019
-2.218 45.944 7.617
-3.074 42.524 9.039
-5.123 44.179 11.789
-3.692 41.798 14.360
-3.618 38.104 13.513
-4.238 36.901 9.960
-5.390 33.425 9.013
-3.145 31.107 7.087
-5.676 31.136 4.237
-5.717 34.936 3.973
-1.913 34.937 4.046
-1.740 32.327 1.284
-4.151 34.419 -0.792
-2.012 37.487 -0.208
1.162 35.602 -1.191
-0.560 34.457 -4.363
-1.721 37.980 -5.187
1.727 39.399 -4.501
3.733 37.051 -6.726
6.260 39.181 -8.615
6.022 42.021 -6.100
8.795 43.186 -3.803
7.364 42.400 -0.374
8.571 43.279 3.134
7.271 42.479 6.606
7.853 45.045 9.376
6.741 43.682 12.753
7.319 44.706 16.350
10.361 43.344 18.126
8.130 41.626 20.696
6.141 38.397 21.133
3.173 39.192 18.927
5.610 40.421 16.277
7.648 37.223 16.465
4.470 35.144 16.108
3.632 36.974 12.900
7.173 36.541 11.631
7.004 32.820 12.335
3.739 32.530 10.417
5.283 34.386 7.493
8.381 32.186 7.422
6.016 29.211 7.032
3.290 30.669 4.749
4.961 33.523 2.852
8.716 32.890 2.674
8.995 35.379 -0.224
8.469 38.297 2.122
11.666 39.951 3.320
11.829 40.712 7.031
12.642 44.253 8.172
13.544 44.966 11.762
13.542 47.975 13.964
16.213 48.110 16.648
14.846 45.778 19.294
15.895 48.560 21.701
12.827 50.523 20.584
10.632 47.385 20.708
7.567 48.516 18.722
7.266 50.213 15.346
4.858 52.583 17.095
7.464 53.551 19.695
10.360 54.124 17.317
11.272 57.673 16.377
10.204 58.753 12.923
13.845 59.150 11.884
14.642 55.567 12.931
11.754 54.096 10.929
12.847 56.249 8.006
16.407 54.899 8.290
15.212 51.277 8.481
13.267 51.828 5.273
16.081 53.749 3.615
18.472 50.898 4.417
16.027 48.649 2.541
16.089 51.014 -0.469
12.795 52.830 -0.003
12.498 56.511 -0.914
11.766 58.380 2.300
10.906 62.043 2.912
13.891 64.159 4.019
11.590 65.736 6.592
11.222 62.289 8.150
14.905 62.627 9.074
14.202 65.999 10.621
