2.819 6.915 9.939
3.365 10.658 9.455
0.671 13.162 8.568
1.512 16.838 8.731
-1.605 18.762 9.548
-1.585 22.489 8.925
-4.361 24.670 10.317
-5.341 28.258 10.745
-6.719 29.325 14.110
-7.924 32.208 16.152
-4.821 33.624 17.778
-6.481 33.587 21.219
-6.089 32.401 24.800
-7.240 28.827 25.066
-7.139 28.019 21.334
-4.020 25.962 21.679
-5.090 24.393 24.968
-8.377 23.289 23.333
-6.498 21.821 20.333
-4.105 19.946 22.663
-6.977 18.818 24.875
-8.795 17.230 21.932
-5.737 15.087 21.244
-5.216 14.209 24.871
-8.735 13.171 25.756
-8.428 10.325 23.231
-4.759 9.518 23.428
-3.881 10.750 19.931
-0.235 11.387 19.573
1.363 14.647 18.684
4.858 14.007 17.596
5.680 17.693 17.288
3.893 21.010 17.019
4.661 24.608 15.842
2.307 27.550 16.016
2.925 31.338 15.533
0.942 34.266 14.132
0.407 34.708 10.398
0.392 37.895 8.248
-3.018 38.342 9.946
-2.554 38.965 13.745
-5.994 37.469 14.418
-4.954 34.110 12.991
-2.198 31.662 13.796
-0.739 28.924 11.600
-0.239 25.671 13.252
1.737 22.844 11.952
1.158 19.624 13.799
2.719 16.199 13.075
0.766 13.072 14.006
1.339 9.305 13.625
-1.311 6.771 12.776
-3.375 4.681 10.430
-5.461 6.754 8.026
-8.783 6.212 9.750
-7.507 7.767 12.950
-6.159 10.805 11.128
-9.505 11.339 9.373
-11.148 11.300 12.879
-8.669 13.749 14.355
-9.181 15.879 11.284
-12.923 15.561 11.521
-12.829 16.531 15.201
-10.467 19.407 14.603
-12.727 21.112 12.079
-15.581 20.936 14.589
-13.759 23.393 16.919
-14.900 26.988 16.198
-11.342 28.277 16.624
-9.990 26.063 13.874
-10.785 28.043 10.745
-9.170 26.115 7.876
-7.304 22.810 7.966
-5.427 20.600 5.493
-3.471 17.379 5.666
-0.453 18.972 4.044
0.923 15.473 3.337
