7.101 -3.398 -1.245
7.647 -7.167 -1.331
9.291 -9.446 1.264
10.379 -12.921 0.206
10.565 -15.695 2.812
13.671 -17.612 1.796
13.355 -20.679 4.046
11.136 -23.110 5.962
7.445 -23.865 5.544
6.707 -20.642 3.595
9.904 -20.763 1.586
9.343 -18.818 -1.607
6.126 -17.172 -0.327
5.951 -13.448 -1.242
4.323 -10.784 1.069
3.474 -7.031 0.677
5.306 -4.513 2.906
3.820 -1.081 2.438
5.122 2.280 1.146
7.558 3.396 3.899
18.246 -8.645 2.227
18.422 -12.312 1.373
22.133 -12.783 2.096
21.812 -11.272 5.575
18.845 -13.491 6.459
20.579 -16.462 4.874
23.679 -15.974 7.033
21.686 -15.363 10.262
19.358 -18.314 9.841
22.235 -20.582 8.931
23.791 -19.543 12.313
20.410 -20.192 14.022
19.547 -23.443 12.188
20.224 -25.827 15.103
18.216 -23.754 17.670
15.399 -22.194 15.607
12.934 -25.158 15.833
10.628 -24.529 18.793
12.468 -21.328 19.781
10.662 -18.419 21.429
11.670 -15.300 19.462
11.375 -11.618 20.168
11.890 -9.018 17.415
12.487 -5.593 19.050
12.091 -3.494 15.846
10.210 -5.874 13.600
9.624 -3.419 10.690
8.796 -5.482 7.577
8.785 -8.623 9.747
11.542 -10.133 7.547
13.275 -11.568 10.644
10.242 -12.647 12.697
8.504 -14.139 9.638
11.530 -16.107 8.527
11.770 -17.362 12.177
8.155 -18.566 12.130
8.634 -20.192 8.752
11.538 -22.230 10.129
9.307 -23.559 12.915
9.988 -21.169 15.767
7.468 -22.100 18.496
6.471 -18.439 18.815
7.397 -14.820 18.017
6.522 -11.564 19.682
7.078 -8.781 17.163
7.497 -5.207 18.442
6.999 -2.292 16.043
6.662 1.451 16.705
5.077 2.369 13.342
1.266 1.886 13.467
0.908 1.438 9.670
3.791 -1.078 9.592
2.485 -2.994 12.702
-0.931 -3.259 10.937
0.544 -4.753 7.705
2.564 -7.181 9.747
-0.693 -8.405 11.388
-2.258 -8.803 7.929
0.741 -10.812 6.685
0.518 -13.113 9.684
-3.179 -13.674 8.889
-2.309 -14.581 5.244
0.244 -17.148 6.445
-2.244 -18.438 9.060
0.449 -17.911 11.671
-1.363 -17.973 15.022
1.839 -18.535 17.027
2.791 -14.816 16.896
1.628 -11.431 18.117
2.402 -7.880 17.133
2.718 -5.157 19.655
2.565 -1.552 18.383
5.109 0.021 20.719
8.516 1.561 20.751
11.123 -0.840 22.219
12.200 1.367 25.153
8.696 1.532 26.671
7.988 -2.076 25.800
11.135 -3.626 27.359
10.954 -1.442 30.499
8.734 -3.894 32.363
9.023 -7.441 33.815
9.704 -9.530 30.725
9.397 -13.112 29.655
12.430 -15.200 28.592
13.227 -15.746 24.894
15.701 -18.099 23.224
16.325 -15.744 20.250
16.171 -11.932 20.117
16.593 -9.674 17.095
18.052 -6.173 17.663
18.237 -4.261 14.409
17.188 -0.720 15.328
16.254 1.909 12.673
19.126 3.970 14.070
21.935 2.974 16.499
22.735 5.779 18.914
20.003 6.159 21.507
18.545 2.668 20.939
21.151 -0.060 20.518
22.922 -0.191 23.887
19.729 0.839 25.728
17.814 -2.091 24.221
20.636 -4.488 25.066
20.593 -3.401 28.746
16.808 -3.593 29.040
16.834 -7.120 27.534
19.390 -8.243 30.103
17.913 -6.375 33.115
14.210 -7.115 32.714
14.156 -10.904 32.208
13.670 -10.977 28.439
16.416 -13.586 27.880
16.356 -17.321 28.519
19.349 -18.774 30.350
21.403 -19.283 27.143
19.802 -16.817 24.736
21.130 -15.678 21.327
20.814 -11.977 20.548
21.308 -10.790 16.963
22.718 -7.279 16.736
23.141 -5.332 13.529
25.362 -2.216 13.532
27.520 -0.034 11.263
31.220 -1.004 11.489
32.114 2.657 12.127
30.343 2.343 15.497
32.738 -0.275 16.875
31.689 -3.162 19.134
28.618 -2.312 21.223
28.875 -2.313 25.012
27.322 -5.596 26.132
26.875 -6.963 29.675
29.721 -9.078 31.036
27.732 -12.330 30.694
27.286 -11.757 26.919
29.940 -13.115 24.593
30.365 -12.535 20.862
29.187 -15.822 19.294
29.124 -15.179 15.493
30.185 -12.190 13.382
30.067 -11.210 9.703
31.189 -7.917 8.233
29.780 -7.017 4.817
30.004 -3.520 3.403
29.609 -0.844 6.021
27.769 -3.258 8.401
28.667 -5.671 11.205
26.220 -8.530 11.739
26.711 -10.161 15.139
25.230 -12.891 17.331
25.836 -12.801 21.076
25.337 -15.684 23.445
24.147 -14.891 26.932
24.923 -16.866 30.087
22.334 -16.618 32.881
24.386 -14.677 35.460
