-32.915 6.054 7.029
-30.251 3.425 7.521
-28.807 3.270 11.021
-25.179 2.276 11.481
-24.469 0.903 14.913
-20.705 0.704 15.793
-19.001 -1.372 18.508
-17.180 -0.794 20.738
-17.156 3.026 21.116
-13.585 2.922 22.341
-10.994 0.166 21.878
-7.662 0.002 23.704
-4.889 -2.137 22.206
-1.120 -2.790 22.524
1.202 -2.132 19.561
1.499 -5.135 17.245
-1.710 -6.672 18.572
-4.801 -7.145 16.379
-7.847 -4.873 16.382
-11.411 -5.619 15.411
-14.122 -2.964 14.928
-17.736 -3.819 14.080
-20.524 -1.973 12.411
-24.059 -3.269 11.977
-26.786 -1.788 9.759
-30.574 -1.582 10.200
-31.144 -2.806 6.652
-29.443 -4.656 3.829
-26.745 -2.644 2.111
-26.908 -4.675 -1.139
-27.211 -2.247 -4.038
-29.401 -2.833 -7.130
-26.334 -4.224 -8.933
-25.578 -6.511 -5.985
-22.552 -4.633 -4.613
-22.392 -3.498 -1.005
-21.597 0.166 -0.394
-19.989 -0.103 2.982
-17.136 2.356 3.621
-14.587 2.647 6.455
-12.815 5.878 7.436
-10.067 6.900 9.842
-9.892 10.346 11.394
-6.508 11.083 12.962
-6.229 13.883 15.632
-6.456 17.377 14.089
-7.043 15.942 10.604
-10.240 15.485 8.624
-11.543 11.959 7.946
-9.988 9.800 5.192
-11.480 6.703 3.557
-9.571 3.471 4.070
-11.891 0.740 2.899
-14.699 0.817 0.367
-17.134 -1.805 -0.939
-16.802 -3.826 2.335
-13.300 -5.155 1.600
-11.409 -3.048 -1.006
-8.479 -0.906 0.196
-7.994 2.700 -1.041
-4.629 3.617 -2.607
-1.552 3.022 -0.515
-3.506 1.903 2.536
-1.349 -0.796 4.254
-2.372 -4.518 4.142
-2.672 -4.656 7.914
-6.161 -3.311 7.133
-8.977 -5.527 5.951
-12.795 -5.467 5.889
-15.384 -8.245 5.873
-19.137 -8.213 5.678
-21.906 -10.724 6.147
-25.358 -9.344 5.391
-26.070 -6.525 7.809
-22.881 -7.038 9.844
-19.521 -5.484 8.837
-16.048 -5.671 10.368
-12.786 -3.754 9.985
-9.682 -5.614 11.196
-6.126 -4.434 11.737
-3.650 -7.317 11.690
-1.171 -5.484 13.899
-1.852 -2.012 15.258
0.867 0.609 14.720
1.280 4.217 15.965
-0.267 5.652 12.750
-3.528 3.779 13.283
-4.651 5.797 16.286
-7.779 7.978 15.973
-11.499 7.535 15.342
-12.857 4.928 12.958
-16.255 5.464 11.266
-18.232 3.059 9.090
-20.297 4.716 6.326
-23.092 3.267 4.157
-23.507 4.816 0.724
-26.008 2.274 -0.550
-29.200 4.181 0.307
-29.797 7.889 0.678
-29.280 9.649 2.922
-25.703 8.498 3.597
-25.329 7.604 7.286
-22.423 7.003 9.672
-21.660 4.952 12.766
-20.944 6.857 15.993
-17.183 6.304 15.643
-14.709 4.009 17.443
-11.720 5.544 19.360
-8.653 3.356 18.916
-6.351 3.869 21.874
-2.949 2.440 22.572
-1.988 0.570 25.746
