10.599 -14.225 24.635
9.374 -11.478 22.323
6.438 -10.461 24.553
6.553 -6.782 25.433
8.775 -5.828 22.516
8.072 -2.907 20.207
7.865 -3.982 16.631
6.526 -2.884 13.241
3.955 -5.409 12.068
1.925 -5.990 8.939
-1.765 -5.334 8.856
-2.673 -8.031 6.294
-5.795 -6.288 4.915
-3.766 -3.397 3.460
-0.182 -4.761 3.379
1.229 -1.865 5.450
3.362 -2.327 8.568
2.529 -0.284 11.697
4.234 0.240 14.998
2.890 -1.801 17.944
3.929 -4.228 20.677
3.696 -7.983 20.903
1.387 -8.842 23.812
1.180 -12.650 23.635
2.808 -15.651 21.998
-0.264 -17.320 20.298
2.044 -20.270 19.437
3.362 -21.927 16.321
4.756 -18.718 14.816
1.759 -16.454 15.592
1.742 -13.462 17.975
-0.853 -11.115 19.353
-0.202 -7.492 18.417
-1.358 -4.368 20.115
-0.931 -1.639 17.565
-0.190 1.840 18.800
-3.715 3.000 17.795
-5.136 0.319 20.115
-6.167 -2.121 17.289
-5.253 -5.745 17.953
-4.781 -8.734 15.747
-2.822 -11.937 15.485
0.120 -11.675 13.142
2.550 -14.283 11.785
6.126 -13.853 12.931
7.195 -13.515 9.269
5.113 -10.311 9.120
6.668 -8.791 12.277
9.803 -6.639 12.147
11.941 -6.139 15.250
12.859 -2.532 14.641
12.248 -0.013 17.361
13.118 2.421 15.763
