30.268 17.855 32.753
27.740 19.100 35.396
27.622 15.573 36.958
25.593 17.056 39.870
22.729 17.872 37.518
22.942 14.617 35.597
22.779 12.584 38.857
19.776 14.654 40.047
17.908 14.097 36.782
18.583 10.296 37.035
17.457 10.301 40.684
14.291 12.135 39.607
13.597 9.616 36.816
13.921 6.701 39.227
11.710 8.421 41.898
8.949 9.026 39.381
9.126 5.396 38.161
8.500 4.331 41.792
5.865 6.955 42.851
4.042 7.241 39.509
4.817 4.249 37.139
1.945 5.053 34.794
3.306 8.601 34.147
6.806 7.130 33.627
5.530 4.502 31.108
3.534 7.158 29.232
6.809 9.165 28.915
8.632 6.091 27.493
5.751 5.604 25.035
6.148 9.154 23.760
9.970 9.301 23.980
9.848 11.990 26.706
13.226 12.163 28.308
13.603 13.647 31.752
16.619 15.640 30.619
14.500 17.611 28.090
12.755 19.577 30.856
14.461 18.665 34.139
17.959 19.916 33.327
16.720 23.563 33.758
14.845 22.379 36.956
18.124 21.389 38.561
20.418 24.055 37.108
18.213 27.018 38.307
16.533 25.216 41.272
13.067 25.578 39.691
13.532 29.362 39.429
12.651 29.239 35.767
9.283 27.477 36.443
7.835 29.942 38.984
7.302 33.623 39.723
9.937 35.269 41.917
7.396 35.543 44.760
6.875 31.762 44.722
10.664 31.134 44.615
11.275 33.453 47.573
8.609 31.655 49.625
9.984 28.246 48.606
13.435 29.311 49.790
12.068 30.004 53.325
11.599 26.185 53.339
14.802 25.150 51.463
16.916 27.220 53.912
15.176 25.792 56.966
15.257 22.218 55.577
18.984 22.398 54.763
20.032 24.684 57.710
23.064 23.000 59.388
17.952 18.134 58.331
18.323 17.144 54.605
20.742 18.028 51.829
19.632 20.551 49.183
20.191 18.092 46.273
18.007 15.457 47.887
15.187 17.668 49.001
15.102 19.453 45.582
14.618 16.121 43.690
11.584 15.339 45.914
10.220 18.804 45.222
10.664 18.295 41.498
8.982 14.809 41.742
6.052 16.361 43.656
5.875 19.213 41.044
5.933 16.868 38.099
3.349 14.449 39.588
1.077 17.408 40.312
0.463 17.641 36.521
0.294 13.811 35.999
-3.317 13.976 34.932
-2.941 16.657 32.263
0.351 15.002 31.192
-1.166 11.482 30.749
-3.167 12.764 27.786
-0.273 14.556 26.100
1.958 13.669 23.181
5.656 14.493 23.066
5.437 18.086 21.835
2.645 18.881 24.330
4.554 17.385 27.222
7.792 19.319 26.468
6.020 22.629 25.829
3.988 22.291 29.008
6.901 21.231 31.307
9.000 24.092 29.943
6.090 26.527 30.428
4.154 25.201 33.446
0.910 27.094 34.444
2.280 28.461 37.755
1.853 32.276 37.223
-0.997 32.508 39.770
0.313 30.138 42.427
-0.081 31.485 46.008
2.094 30.700 49.088
-0.466 27.942 49.759
0.005 26.305 46.352
3.762 26.124 47.109
3.325 25.094 50.729
1.214 22.092 49.604
3.950 21.054 47.127
6.665 21.399 49.749
4.789 19.377 52.335
4.159 16.586 49.822
7.882 16.540 48.855
8.767 16.343 52.544
6.324 13.457 53.101
7.642 11.560 50.050
11.215 12.174 51.206
10.327 10.189 54.335
8.271 7.512 52.655
10.399 6.825 49.624
13.759 7.063 51.470
14.671 3.337 51.216
15.171 3.664 47.461
18.639 4.010 45.781
