-11.776 -8.719 25.195
-9.626 -7.131 22.465
-7.039 -9.554 21.126
-4.049 -7.268 20.610
-1.831 -10.194 19.551
-4.181 -11.305 16.768
-4.648 -7.666 15.702
-0.843 -7.279 15.516
-0.597 -10.474 13.447
-3.136 -9.206 10.911
-1.501 -5.759 10.809
1.941 -7.234 10.181
0.771 -9.708 7.538
-1.005 -6.919 5.675
1.812 -4.345 5.750
4.582 -6.844 4.914
2.526 -8.408 2.102
1.625 -4.968 0.752
5.193 -3.710 0.796
6.524 -6.862 -0.932
3.784 -6.538 -3.585
4.261 -2.794 -4.074
8.005 -3.299 -4.558
7.170 -5.538 -7.533
4.499 -3.216 -8.910
7.078 -0.368 -8.751
9.525 -2.426 -10.806
6.876 -3.321 -13.399
5.727 0.312 -13.650
9.320 1.506 -14.141
9.394 -0.628 -17.328
6.245 1.001 -18.735
6.823 2.562 -22.171
5.137 5.887 -21.260
7.822 6.666 -18.676
10.869 5.649 -20.773
13.351 8.548 -20.765
11.638 10.224 -17.821
14.415 10.555 -15.247
11.907 10.982 -12.380
10.706 7.405 -12.899
13.994 5.703 -13.730
14.131 2.729 -11.380
17.482 3.460 -9.689
16.414 7.095 -9.156
13.135 5.996 -7.582
14.862 3.457 -5.297
17.335 6.075 -4.062
14.562 8.570 -3.335
12.571 5.927 -1.453
15.668 4.812 0.461
16.372 8.405 1.614
12.774 8.865 2.771
12.658 5.591 4.727
16.094 6.221 6.282
15.144 9.726 7.447
11.899 8.623 9.101
13.640 5.655 10.736
16.331 7.961 12.094
13.656 10.233 13.576
12.010 7.446 15.576
14.816 4.893 16.006
18.070 6.874 15.951
21.354 5.005 15.690
22.490 7.156 18.651
20.471 6.245 21.783
21.909 9.152 23.832
21.585 12.369 21.791
