4.784 19.106 23.288
6.281 22.553 23.338
8.123 24.609 20.735
11.467 22.988 21.568
10.107 19.444 20.952
8.524 20.554 17.636
11.819 22.175 16.594
13.658 18.947 17.482
11.468 16.533 15.518
11.288 18.894 12.512
15.112 19.196 12.289
15.381 15.400 12.544
13.124 15.091 9.479
15.005 17.842 7.657
18.344 16.037 8.519
17.049 12.896 6.851
15.179 14.288 3.825
16.150 17.970 3.285
12.580 19.101 4.047
9.539 18.103 6.141
5.763 17.940 5.656
3.382 19.004 8.438
1.406 15.656 8.671
4.607 13.623 8.769
5.960 15.918 11.484
2.702 15.393 13.458
3.024 11.618 13.018
6.576 11.635 14.435
5.309 13.619 17.447
2.285 11.317 17.847
-0.112 14.296 17.508
-2.508 15.931 15.065
-1.287 18.906 12.986
-3.779 20.873 15.051
-1.624 20.435 18.138
1.428 21.783 16.307
-0.500 24.898 15.134
-1.155 25.834 18.782
2.575 26.294 19.335
3.627 27.406 15.885
1.184 28.637 13.257
1.939 26.978 9.983
4.875 25.715 8.070
6.764 29.082 8.074
6.705 29.125 11.894
8.039 25.530 12.059
10.827 26.395 9.561
11.872 29.290 11.838
11.903 26.885 14.823
14.208 24.634 12.788
16.378 27.649 12.006
16.423 28.570 15.714
17.572 25.097 16.734
20.410 25.075 14.172
21.735 28.565 14.860
21.482 28.576 18.710
25.256 28.298 19.093
25.999 31.310 16.874
26.830 34.341 19.041
26.453 37.661 17.220
27.192 39.595 20.408
30.927 39.092 19.805
30.491 42.136 17.530
29.944 44.129 20.784
33.177 42.912 22.368
