1.895 5.134 25.876
-1.692 4.294 27.178
-3.232 4.844 30.613
-3.899 7.532 33.223
-6.187 8.180 36.325
-9.919 8.885 36.207
-12.521 10.146 38.579
-16.014 9.135 37.598
-19.320 8.002 38.936
-20.967 4.644 38.904
-24.409 4.002 37.491
-25.488 3.337 41.082
-24.290 6.856 42.226
-20.894 6.007 43.832
-17.897 8.185 42.951
-14.810 6.035 41.880
-11.249 6.534 40.788
-9.100 4.021 38.975
-7.263 3.207 42.233
-10.653 2.035 43.497
-9.989 -0.819 41.215
-6.223 -1.646 42.243
-5.982 -5.411 42.480
-8.735 -6.045 39.883
-8.659 -7.013 36.241
-10.560 -4.621 34.076
-11.907 -4.679 30.510
-13.117 -1.221 29.651
-15.055 0.041 26.615
-16.026 3.555 25.851
-19.299 4.322 24.009
-22.819 5.897 24.270
-26.372 4.583 25.327
-28.000 6.003 22.149
-25.601 3.855 19.960
-27.881 2.289 17.263
-25.555 -0.740 16.612
-21.863 -0.816 17.436
-22.063 -0.447 21.292
-24.635 -3.195 21.894
-22.758 -5.584 19.588
-19.477 -4.644 21.437
-21.018 -4.748 24.897
-22.661 -8.157 24.210
-19.147 -9.423 22.953
-17.558 -7.853 26.135
-19.956 -9.772 28.409
-19.173 -13.077 26.791
-15.424 -12.693 27.087
-16.016 -11.842 30.715
-18.019 -14.989 30.786
-15.344 -17.170 29.056
-13.137 -15.901 31.938
-15.433 -15.887 35.180
-16.349 -19.412 34.026
-12.658 -20.626 34.255
-12.345 -21.229 37.806
-8.634 -20.734 38.546
-8.589 -17.365 36.723
-9.183 -14.049 38.558
-12.397 -12.064 38.014
-12.525 -9.730 34.968
-14.530 -6.577 35.907
-16.175 -5.022 32.848
-16.570 -1.204 32.645
-18.577 0.987 30.324
-17.557 4.559 30.275
-19.788 6.987 28.489
-18.402 9.534 26.046
-21.813 11.064 25.770
-21.811 12.778 29.156
-24.314 15.338 27.776
-27.148 12.677 27.904
-25.777 9.694 29.783
-26.649 10.730 33.321
-26.400 7.851 35.776
-29.973 6.447 35.330
-29.624 6.521 31.591
-26.433 4.435 32.047
-27.901 2.497 35.015
-30.684 1.471 32.493
-28.413 0.460 29.567
-25.960 -1.426 31.695
-28.135 -4.138 33.214
-29.556 -4.893 29.801
-26.205 -6.626 29.382
-25.106 -8.002 32.733
-25.624 -7.732 36.475
-21.669 -7.422 36.555
-21.175 -4.485 34.124
-20.431 -1.085 35.766
-21.158 2.110 33.938
-19.488 5.410 34.642
-19.684 8.969 33.587
-18.999 12.396 34.868
-18.399 15.974 33.937
-17.221 16.754 30.415
-13.718 17.464 31.870
-13.849 14.127 33.798
-14.731 12.090 30.592
-11.978 13.786 28.517
-9.232 13.096 31.151
-9.910 9.290 30.918
-10.355 9.325 27.067
-7.248 11.232 26.275
-5.319 8.802 28.521
-6.554 5.879 26.388
-6.387 7.945 23.165
-10.139 7.430 22.720
-11.721 9.282 19.736
-15.177 10.757 20.388
-17.114 13.427 18.337
-20.894 14.270 18.611
-22.299 14.680 15.004
-25.084 17.077 13.811
-28.590 16.572 15.493
-31.182 15.134 13.183
-34.819 16.085 12.638
-35.745 14.049 15.752
-33.205 15.645 18.159
-30.991 12.483 18.181
-27.345 12.764 17.271
-24.683 10.240 17.474
-21.200 10.332 18.903
-18.658 8.896 16.414
-16.093 7.032 18.690
-13.301 4.376 18.600
-14.587 0.900 18.978
-11.963 -0.591 21.272
-11.899 -2.663 24.478
-9.074 -2.184 27.047
-7.529 -4.706 29.419
-6.207 -3.061 32.589
-4.382 -5.350 34.926
-4.303 -5.445 38.599
-1.545 -2.786 38.921
-3.609 -0.210 37.183
-1.580 -0.617 33.929
-2.898 -0.969 30.481
-2.076 -4.432 29.046
-3.773 -4.813 25.715
-6.489 -3.467 23.405
-8.926 -5.294 21.200
-10.651 -3.817 18.164
-14.108 -4.503 16.636
-12.429 -7.196 14.519
-11.668 -9.705 17.282
-13.860 -12.484 18.303
-14.812 -13.373 21.850
-12.330 -16.319 22.282
-9.302 -14.545 20.862
-9.941 -11.713 23.492
-10.300 -14.199 26.351
-7.425 -16.507 25.066
-5.330 -13.457 25.399
-6.681 -12.133 28.684
-6.207 -15.688 29.995
-2.428 -15.650 29.094
-1.847 -12.254 30.804
-3.637 -13.843 33.786
-1.463 -17.074 33.797
0.724 -15.901 36.838
-2.247 -14.681 38.940
-4.354 -17.761 39.364
