34.099 44.286 7.899
32.875 44.361 4.303
36.150 44.657 2.287
37.874 47.883 1.134
37.610 48.039 -2.625
34.495 47.371 -4.622
35.833 44.032 -5.786
36.842 42.977 -2.276
33.331 43.850 -1.154
32.038 41.733 -4.064
34.402 38.971 -2.953
33.188 39.028 0.708
29.550 38.821 -0.412
30.226 35.925 -2.825
31.970 33.833 -0.129
29.415 34.723 2.566
26.619 33.830 0.147
28.319 30.520 -0.567
28.690 29.448 3.085
25.026 30.454 3.494
24.089 27.936 0.828
25.530 24.950 2.764
23.619 26.247 5.813
20.409 26.734 3.826
20.700 23.194 2.406
21.054 21.710 5.904
17.954 23.598 7.066
15.902 21.989 4.252
16.613 18.452 5.473
15.091 18.920 8.890
12.151 21.075 7.710
10.956 18.774 4.965
8.487 15.887 4.829
10.016 12.592 6.065
9.739 11.379 2.483
11.003 14.491 0.761
13.978 13.923 3.001
16.033 11.857 0.567
15.690 14.216 -2.377
16.771 16.876 0.074
19.611 14.969 1.728
21.104 14.335 -1.725
20.576 17.985 -2.763
22.768 18.838 0.268
25.451 16.235 -0.447
25.716 17.676 -3.980
26.083 21.268 -2.726
28.819 20.154 -0.275
30.746 18.052 -2.802
30.843 21.062 -5.125
31.117 23.976 -2.634
33.594 22.676 -0.023
36.382 22.303 -2.586
35.634 25.661 -4.237
35.708 27.486 -0.916
39.018 25.828 -0.019
40.439 26.916 -3.356
39.351 30.500 -2.866
41.097 30.651 0.522
44.217 28.895 -0.785
44.176 31.519 -3.572
44.668 34.266 -0.938
48.347 34.041 -0.216
48.343 30.297 0.490
45.249 30.289 2.676
46.844 30.550 6.157
45.327 33.998 6.692
41.822 35.194 5.730
39.488 34.706 2.732
39.974 38.323 1.573
42.916 40.692 2.092
44.660 40.534 5.481
41.944 41.538 7.918
38.847 39.744 9.102
35.635 40.239 7.177
32.094 38.875 7.257
33.317 35.964 5.067
35.625 34.709 7.818
32.969 35.247 10.474
30.460 33.235 8.422
32.971 30.486 7.801
32.547 29.802 11.516
28.764 30.338 11.770
27.431 28.911 8.551
29.232 25.658 9.204
28.316 24.829 12.850
25.072 22.913 12.078
26.405 21.280 8.853
29.400 20.063 10.942
27.002 18.417 13.401
25.090 16.709 10.592
28.165 15.711 8.542
31.285 15.560 10.744
33.238 14.651 7.613
32.311 17.824 5.680
35.784 19.436 5.871
37.823 16.238 5.629
39.533 17.605 2.497
39.731 21.283 3.521
42.580 21.791 5.994
42.745 25.516 5.350
39.075 26.061 6.168
39.559 23.975 9.312
42.560 26.094 10.225
40.540 29.245 9.548
37.521 28.294 11.669
40.017 27.747 14.579
41.783 31.067 13.846
38.492 33.002 13.995
37.314 31.234 17.177
40.517 32.429 18.921
39.990 36.094 18.156
39.692 37.258 21.797
36.520 39.137 20.910
34.855 35.967 19.543
36.576 33.645 22.001
35.075 35.853 24.748
31.590 35.643 23.121
31.769 31.915 22.341
32.557 31.266 26.019
29.523 33.172 27.356
26.935 31.952 24.821
24.310 29.299 25.542
24.985 25.703 24.484
22.288 25.110 21.863
21.888 22.370 19.186
21.096 24.697 16.259
