-17.488 -12.602 -4.105
-14.615 -14.168 -2.120
-11.409 -13.125 -0.295
-11.025 -10.718 -3.247
-9.888 -7.957 -0.833
-7.100 -10.318 0.295
-5.579 -10.770 -3.191
-5.677 -6.954 -3.494
-3.382 -6.452 -0.471
-1.104 -9.157 -1.957
-0.516 -6.994 -5.060
0.387 -4.051 -2.795
3.015 -6.314 -1.197
4.712 -6.676 -4.603
4.678 -2.856 -4.826
5.868 -2.493 -1.210
9.222 -4.174 -1.957
9.504 -2.099 -5.165
9.359 1.229 -3.266
11.781 -0.137 -0.637
14.229 -1.023 -3.450
15.115 -4.611 -2.463
16.848 -6.429 -5.354
16.395 -3.628 -7.938
19.030 -0.895 -7.304
16.754 1.834 -8.707
12.944 2.114 -8.608
10.218 4.542 -9.746
7.242 5.747 -7.674
3.861 4.330 -8.765
1.117 6.370 -7.044
-1.501 5.214 -9.587
-1.002 1.553 -8.585
-1.728 2.402 -4.919
-4.598 4.659 -5.994
-5.989 1.841 -8.185
-6.631 -0.882 -5.573
-7.652 2.130 -3.432
-10.958 2.712 -5.267
-11.543 -0.979 -6.079
-11.164 -1.828 -2.369
-13.530 0.994 -1.369
-16.248 -0.816 -3.355
-15.734 -4.141 -1.529
-15.655 -2.109 1.717
-19.201 -0.822 1.094
-20.313 -4.419 0.461
-18.526 -5.398 3.709
-20.662 -2.930 5.711
-17.699 -1.206 7.440
-15.976 2.224 7.545
-13.640 3.091 4.649
-10.871 4.116 7.063
-9.023 1.282 8.814
-5.868 2.055 10.862
-5.339 -1.511 12.103
-4.476 -2.325 8.468
-2.176 0.723 8.403
-0.634 -0.459 11.706
-0.131 -3.953 10.219
1.756 -2.376 7.282
3.966 -0.368 9.683
5.276 -3.660 11.125
5.519 -5.087 7.567
7.727 -2.247 6.264
10.015 -2.466 9.340
10.763 -6.147 8.538
11.621 -5.492 4.860
13.478 -2.320 5.936
16.076 -4.274 7.945
16.216 -6.925 5.182
17.596 -4.772 2.332
19.050 -2.362 4.934
18.180 0.391 2.437
16.881 2.800 5.114
14.673 3.068 8.232
12.456 6.051 9.160
12.683 7.524 5.632
11.047 4.365 4.225
8.147 4.386 6.726
7.453 8.112 6.148
7.068 7.461 2.386
4.484 4.669 2.854
2.285 6.955 5.001
2.191 9.391 2.055
0.918 6.548 -0.193
-1.850 5.689 2.312
-2.956 9.345 2.585
-3.694 9.597 -1.159
-5.181 6.085 -0.849
-7.751 7.171 1.778
-8.379 10.619 0.250
-9.442 9.302 -3.183
-11.098 6.259 -1.560
-13.809 8.390 0.104
-14.082 10.688 -2.948
-14.346 7.630 -5.238
-17.211 6.027 -3.265
-18.946 9.438 -2.965
-18.649 10.073 -6.723
-20.349 6.715 -7.421
