20.811 -2.333 -18.258
18.993 0.926 -18.949
15.853 -0.531 -17.329
17.220 1.293 -14.288
15.614 3.848 -11.939
17.141 6.154 -9.351
16.359 9.181 -7.268
17.978 11.970 -5.290
17.555 12.584 -1.548
14.988 10.262 -0.013
13.593 8.995 3.283
12.510 5.455 4.276
9.688 4.900 6.772
9.235 1.864 8.998
5.482 1.609 9.477
5.361 5.364 10.078
8.677 6.243 11.655
11.237 8.032 9.510
14.495 6.166 10.060
17.259 7.414 7.729
17.671 10.321 5.359
18.962 8.160 2.562
20.785 10.077 -0.165
21.443 8.756 -3.669
19.758 5.439 -4.358
19.439 3.426 -7.586
17.116 0.461 -8.205
16.445 -1.973 -11.024
12.969 -3.223 -11.976
13.568 -6.855 -12.839
12.515 -7.798 -16.364
11.614 -11.457 -15.932
9.872 -14.010 -18.141
6.499 -13.371 -19.737
6.213 -9.590 -19.322
6.915 -7.183 -22.182
7.676 -3.833 -20.555
7.098 -3.983 -16.789
8.542 -0.573 -15.867
7.307 1.504 -18.776
3.759 0.753 -17.684
3.841 1.371 -13.933
5.183 4.898 -14.064
2.453 5.563 -16.590
-0.200 2.910 -16.173
-2.146 0.228 -14.321
-0.268 -3.027 -14.036
0.544 -6.096 -11.969
1.625 -5.354 -8.408
4.962 -6.635 -9.649
7.717 -4.106 -10.287
9.683 -6.248 -7.874
13.446 -5.680 -8.132
16.912 -5.282 -6.652
18.911 -2.155 -6.069
21.429 -0.224 -4.056
21.562 2.992 -2.126
23.746 4.975 0.216
22.654 6.521 3.494
23.373 10.139 4.478
23.076 10.157 8.288
22.547 7.322 10.769
20.557 7.748 13.962
21.919 5.711 16.859
18.322 4.852 17.595
17.971 3.294 14.162
21.158 1.245 14.454
20.186 -0.043 17.877
16.738 -0.600 16.413
18.142 -2.689 13.573
20.189 -4.636 16.075
17.082 -5.706 17.973
15.864 -6.921 14.601
18.859 -8.980 13.570
18.638 -10.296 17.121
15.244 -11.812 16.353
16.941 -12.679 13.096
14.520 -10.915 10.839
14.638 -8.292 8.124
11.886 -5.611 8.307
10.201 -3.973 5.307
10.819 -0.253 4.988
9.153 2.063 2.479
11.663 4.251 0.690
10.129 7.493 -0.455
12.485 9.701 -2.473
12.516 12.323 -5.205
12.985 10.962 -8.738
16.097 12.023 -10.632
15.251 11.268 -14.255
17.127 13.926 -16.228
15.187 13.186 -19.387
12.379 15.071 -17.611
9.722 13.431 -19.759
7.395 15.452 -17.515
9.034 17.246 -14.583
9.948 15.906 -11.114
7.883 13.350 -9.158
8.189 11.314 -5.973
9.223 7.698 -6.169
8.354 5.193 -3.497
9.811 1.684 -3.233
7.347 -0.530 -1.517
8.898 -3.138 0.690
12.545 -2.214 0.205
14.515 -4.518 2.435
18.162 -4.648 3.520
20.066 -7.086 5.663
19.734 -5.921 9.270
23.324 -6.637 10.217
24.526 -4.828 7.124
22.840 -1.751 8.529
23.976 -2.157 12.128
27.482 -2.222 10.636
27.087 1.391 9.485
28.699 2.574 12.717
31.079 0.326 2.450
28.188 2.823 2.268
26.459 1.388 -0.807
24.031 -0.959 0.781
22.006 -3.513 -1.199
18.249 -3.938 -0.816
15.319 -5.531 -2.564
12.061 -3.657 -2.943
8.967 -5.615 -3.968
7.321 -2.780 -5.921
8.042 0.732 -7.078
5.841 3.756 -7.841
5.773 7.423 -9.009
2.516 8.615 -7.374
2.725 12.391 -7.357
4.611 15.200 -9.079
6.115 17.893 -6.865
