22.030 9.152 35.682
23.876 12.232 34.418
20.711 14.328 34.421
21.388 17.783 33.012
24.711 16.933 31.364
25.197 18.409 27.885
24.231 16.131 24.976
26.074 15.004 21.855
23.607 13.527 19.391
25.110 11.346 16.660
23.969 12.586 13.275
25.179 12.702 9.675
28.584 14.278 10.313
31.719 12.066 10.510
32.262 10.207 13.817
35.439 12.290 14.073
33.333 15.422 14.607
31.367 13.947 17.507
34.521 12.657 19.167
35.804 16.257 19.009
32.577 17.597 20.513
32.722 15.044 23.313
36.355 15.831 24.119
36.019 19.601 23.734
32.979 19.495 26.012
34.749 17.344 28.615
37.840 19.576 28.553
35.823 22.369 30.189
36.808 22.747 33.860
33.239 22.765 35.191
31.834 19.955 33.047
32.638 16.383 34.070
29.808 14.623 32.190
28.523 14.299 28.638
25.826 12.048 27.227
26.080 10.586 23.762
22.752 9.719 22.150
21.746 8.037 18.915
18.906 6.163 17.276
18.650 3.402 14.710
21.699 2.723 12.538
23.586 5.580 14.274
23.781 3.516 17.478
26.837 1.642 16.155
28.424 4.999 15.431
27.674 6.337 18.915
29.527 3.333 20.348
32.466 3.930 17.993
32.748 7.599 18.990
32.662 6.665 22.672
35.211 3.884 22.259
37.608 6.183 20.415
37.344 8.585 23.368
37.581 5.816 25.980
40.687 4.285 24.412
42.439 7.621 23.995
41.821 8.560 27.635
41.444 5.071 29.121
42.720 6.334 32.468
40.399 9.275 33.200
37.160 8.917 31.205
34.717 6.216 32.321
31.391 5.020 30.930
29.162 5.808 33.895
25.845 4.556 32.541
24.164 3.160 29.417
20.470 2.841 28.616
18.690 1.640 25.488
15.081 2.306 24.657
12.782 2.416 21.656
10.073 4.731 20.331
6.896 3.768 18.551
6.423 5.993 15.535
3.150 5.998 13.689
1.388 7.547 10.740
-2.293 7.359 9.883
-3.648 6.684 6.413
-6.338 9.140 5.332
-8.843 6.293 5.716
-8.020 5.681 9.378
-5.442 2.894 9.202
-2.595 3.154 11.700
0.871 2.046 10.586
3.681 1.781 13.114
7.362 0.957 13.441
9.797 1.024 16.339
13.068 2.924 16.360
15.721 1.993 18.912
17.899 4.461 20.790
20.939 4.441 23.039
22.230 6.932 25.590
25.757 6.684 26.972
27.010 8.859 29.782
30.738 9.545 29.876
32.295 10.981 33.024
35.797 12.408 33.421
37.812 11.924 36.645
37.476 14.740 39.214
39.489 17.097 37.030
42.830 15.709 35.784
46.138 14.129 36.749
