-7.640 -6.065 -21.602
-9.181 -7.409 -18.353
-6.423 -8.919 -16.217
-8.498 -11.314 -14.124
-7.081 -14.847 -14.140
-3.831 -13.196 -15.208
-0.427 -13.094 -13.529
1.319 -9.802 -12.872
5.062 -10.410 -13.165
7.276 -7.929 -11.323
9.818 -6.383 -13.701
13.472 -5.464 -12.913
12.379 -1.804 -12.868
9.941 -2.451 -9.963
9.571 0.167 -7.180
7.647 -1.084 -4.085
10.471 -3.425 -2.799
7.611 -5.378 -1.290
6.886 -6.613 -4.829
10.490 -7.024 -5.991
10.309 -10.251 -8.028
6.703 -11.068 -7.223
4.142 -12.966 -9.262
0.568 -11.954 -8.670
-2.599 -13.807 -9.501
-5.209 -11.230 -10.360
-8.601 -12.062 -8.888
-10.770 -9.059 -9.532
-10.334 -6.324 -12.104
-13.274 -3.951 -12.559
-13.573 -0.163 -12.699
-13.189 0.223 -8.931
-9.638 -1.059 -8.702
-8.029 -4.505 -8.618
-7.520 -7.420 -6.217
-4.656 -9.897 -6.552
-2.845 -12.537 -4.519
0.918 -12.830 -4.408
1.789 -16.458 -5.017
5.500 -16.595 -4.116
5.882 -14.770 -0.842
5.996 -17.592 1.770
6.018 -16.665 5.466
7.094 -17.972 8.853
3.922 -19.914 9.506
3.017 -23.386 8.345
-0.448 -24.499 7.195
-0.925 -26.666 10.247
0.484 -23.686 12.126
-2.292 -21.200 11.422
-4.818 -24.006 11.452
-3.813 -24.554 15.089
-3.615 -20.808 15.605
-7.068 -20.063 14.206
-7.937 -23.167 16.231
-9.894 -25.043 13.565
-11.241 -28.445 14.593
-10.584 -30.776 11.593
-13.502 -32.612 9.982
-11.557 -35.750 9.066
-8.343 -37.276 10.396
-5.458 -35.232 9.034
-3.624 -38.114 7.354
-1.590 -36.050 4.907
0.652 -34.235 7.414
3.307 -33.542 4.787
1.456 -30.769 2.992
0.369 -29.649 6.468
3.958 -28.596 7.048
4.100 -26.465 3.880
4.231 -22.677 4.173
1.466 -20.128 4.342
1.894 -17.147 1.989
1.657 -13.387 2.329
-0.896 -12.497 -0.331
-0.373 -8.783 -0.005
-0.161 -5.759 2.318
-3.927 -5.213 2.480
-6.026 -6.969 5.173
-3.217 -9.070 6.572
-5.607 -10.498 9.169
-7.762 -12.075 6.476
-7.260 -15.464 4.823
-7.727 -16.306 1.120
-7.465 -19.853 -0.245
-6.387 -20.111 -3.895
-6.934 -23.692 -5.010
-7.916 -26.354 -7.500
-11.716 -26.696 -7.483
-12.875 -29.726 -5.490
-15.884 -29.683 -3.155
-18.393 -26.881 -2.608
-17.526 -24.188 -0.080
-19.770 -21.336 1.015
-17.712 -18.290 0.059
-16.020 -19.239 -3.172
-15.311 -17.679 -6.544
-14.459 -20.048 -9.363
-12.031 -18.562 -11.872
-11.338 -21.565 -14.099
-11.892 -25.305 -14.142
-8.594 -25.367 -12.299
-8.445 -22.272 -10.119
-10.806 -20.836 -7.532
-10.767 -18.563 -4.488
-12.572 -19.472 -1.284
-13.005 -17.099 1.649
-15.342 -19.054 3.918
-13.928 -20.880 6.967
-15.548 -24.166 5.982
-12.536 -24.985 3.762
-10.013 -25.000 6.638
-11.621 -28.094 8.168
-10.498 -30.252 5.241
-6.875 -29.124 5.113
-4.373 -31.839 5.885
-7.259 -34.246 5.321
-7.984 -36.294 2.207
-10.846 -33.931 1.364
-8.519 -30.979 0.822
-7.889 -29.497 -2.650
-5.268 -31.224 -4.795
-3.440 -27.901 -4.947
-3.884 -24.844 -2.768
-2.128 -21.730 -1.494
-3.078 -20.266 1.895
-2.575 -16.500 1.620
-2.900 -13.900 4.365
-3.806 -10.422 3.142
-4.056 -9.461 -0.531
-2.706 -6.894 -3.015
-5.005 -4.039 -3.932
-5.127 -1.324 -6.600
-7.431 1.701 -6.681
-9.666 2.608 -9.650
-7.135 2.615 -12.460
-3.813 2.537 -10.595
-3.341 -0.929 -12.054
-3.378 0.286 -15.672
-1.000 3.095 -14.690
1.637 0.964 -12.975
1.453 -1.212 -16.092
2.327 1.580 -18.480
4.934 2.530 -15.850
7.070 -0.477 -16.833
6.495 -1.890 -13.341
4.914 -5.164 -14.404
4.598 -7.637 -17.258
1.517 -9.791 -17.621
0.828 -13.346 -18.821
-2.382 -15.392 -18.718
-2.384 -17.467 -15.525
-2.230 -21.267 -15.383
-2.456 -23.715 -12.414
0.986 -25.354 -12.755
2.766 -22.132 -11.805
0.551 -21.639 -8.751
0.526 -25.180 -7.382
3.267 -27.210 -9.102
6.302 -24.949 -9.119
8.939 -24.401 -6.429
8.058 -21.118 -4.767
11.457 -19.461 -5.237
11.171 -20.548 -8.916
7.804 -19.142 -9.887
9.181 -15.726 -10.911
12.036 -16.976 -13.054
9.669 -19.354 -14.815
7.248 -16.490 -15.303
9.429 -13.831 -16.949
10.675 -16.769 -18.954
7.345 -17.008 -20.776
7.800 -13.313 -21.539
11.216 -13.679 -23.159
13.232 -11.790 -20.534
15.787 -14.002 -18.770
16.604 -13.735 -15.025
