59.678 16.537 -5.250
59.414 13.579 -7.582
60.288 10.457 -5.551
64.062 10.093 -6.014
63.705 6.326 -5.681
62.056 6.199 -9.116
65.541 7.023 -10.348
67.578 4.462 -8.447
69.450 2.055 -10.750
68.251 -0.710 -8.431
64.590 -0.729 -7.245
64.024 -0.791 -3.495
62.727 -4.067 -2.094
60.428 -3.770 0.890
59.268 -7.409 0.688
61.672 -8.382 3.469
61.797 -11.935 2.095
65.267 -12.557 3.535
67.738 -10.968 5.989
69.500 -7.794 4.890
72.269 -8.460 2.372
75.333 -6.157 2.447
75.618 -4.135 -0.783
79.382 -4.381 -0.406
80.979 -5.841 -3.544
84.578 -4.846 -2.784
86.258 -4.824 0.622
89.363 -2.603 0.823
91.546 -2.490 3.934
90.462 -6.101 4.450
92.105 -8.347 7.011
89.584 -11.089 6.319
88.597 -11.649 2.651
85.084 -10.561 1.678
84.457 -14.291 1.300
84.316 -15.247 4.978
82.082 -12.176 5.235
79.095 -12.680 2.930
77.717 -16.071 3.989
75.156 -16.285 6.824
74.852 -17.132 10.512
72.063 -19.715 10.632
69.294 -19.529 13.212
69.799 -19.555 16.954
67.511 -19.053 19.937
68.618 -15.447 20.488
68.779 -14.247 16.873
67.416 -15.879 13.657
69.471 -16.411 10.500
71.296 -13.275 9.291
74.398 -11.980 7.531
77.232 -10.684 9.728
78.764 -7.214 9.705
81.438 -7.468 6.928
83.998 -5.240 8.631
83.372 -6.623 12.096
86.780 -8.281 12.045
88.904 -5.310 11.016
86.954 -3.108 13.435
88.242 -5.476 16.153
91.732 -6.183 14.849
93.053 -3.181 12.930
94.794 -0.764 15.268
94.138 2.957 15.419
96.535 5.418 13.789
99.312 6.070 16.369
98.578 9.798 16.275
95.069 9.302 17.693
96.737 8.206 20.937
98.856 11.376 21.090
98.020 14.800 22.501
98.510 17.214 19.579
98.180 20.906 18.828
94.589 21.281 17.734
93.824 22.829 14.368
91.172 25.533 14.345
88.253 25.115 11.915
88.871 26.950 8.612
87.209 30.333 8.265
83.692 29.745 6.988
83.903 32.497 4.360
87.305 31.457 3.004
85.628 28.641 1.003
82.355 27.368 -0.377
81.152 23.872 0.426
81.993 21.581 -2.492
78.869 20.074 -4.076
79.437 16.469 -5.229
76.777 14.760 -7.372
78.961 13.601 -10.260
81.117 10.499 -10.633
84.223 12.520 -11.511
83.610 14.970 -8.663
83.224 11.936 -6.390
86.507 10.585 -7.683
88.393 13.826 -7.035
86.951 14.155 -3.526
88.021 10.578 -2.827
91.479 11.452 -4.056
91.383 14.320 -1.586
90.027 12.246 1.294
92.843 9.727 0.824
95.288 12.528 1.690
94.019 13.177 5.222
94.727 11.938 8.722
91.109 12.465 9.743
87.736 13.568 8.315
84.422 14.636 9.815
81.281 12.972 8.469
77.532 13.377 8.892
74.433 12.535 6.811
70.937 13.850 6.139
68.071 11.305 6.178
64.488 11.223 4.838
61.771 8.766 5.866
58.372 10.352 5.202
58.248 9.363 1.519
60.149 6.052 1.752
59.383 2.869 3.643
62.745 2.127 5.326
64.103 5.581 4.617
66.746 7.044 2.356
70.019 8.927 2.938
69.622 12.220 1.048
72.965 13.861 1.702
76.398 13.123 3.117
78.545 15.870 4.617
82.300 15.422 4.744
84.932 17.825 6.041
88.712 17.617 5.816
90.846 20.184 7.657
90.745 22.314 4.481
87.267 22.048 2.929
83.650 21.005 3.377
82.019 18.561 0.964
78.281 18.128 0.411
77.536 14.798 -1.267
74.313 14.049 -3.140
73.672 10.527 -1.962
70.484 10.180 -3.985
72.220 10.769 -7.314
75.369 8.867 -6.357
73.684 6.131 -4.344
75.368 3.457 -6.470
78.824 5.017 -6.661
79.407 5.985 -3.046
80.581 2.512 -2.061
84.029 3.582 -3.307
84.458 5.619 -0.131
85.061 2.421 1.851
88.648 2.825 0.677
88.889 5.752 3.096
85.965 4.960 5.369
87.559 1.615 6.272
91.158 2.793 6.181
92.037 2.552 9.902
94.824 5.081 9.187
92.278 7.839 8.655
90.135 8.741 11.638
86.459 9.291 10.783
84.833 11.727 13.207
81.041 11.539 13.706
78.853 12.891 16.477
76.417 10.233 17.743
76.794 7.989 14.756
74.499 5.204 16.018
72.070 5.660 13.109
74.550 6.922 10.504
76.294 3.564 10.727
72.955 1.861 10.120
71.988 4.192 7.278
75.448 3.977 5.689
75.414 0.193 5.254
71.706 -0.110 4.493
71.805 2.455 1.650
75.292 2.925 0.314
76.921 -0.224 1.558
79.493 1.948 3.266
81.240 0.815 6.419
83.398 2.514 9.014
86.697 1.437 10.564
88.562 3.960 12.695
85.551 5.794 14.064
85.756 8.456 16.747
82.345 9.363 18.176
82.249 12.815 19.748
78.994 11.956 21.578
80.725 9.132 23.453
83.636 11.485 23.959
81.431 14.212 25.432
79.955 11.689 27.860
83.305 10.275 28.972
84.666 13.736 29.675
81.378 14.416 31.448
80.364 17.688 29.725
76.982 18.998 30.994
75.251 18.266 27.658
76.232 15.910 24.836
74.560 17.084 21.641
76.329 18.366 18.574
74.430 21.655 18.990
75.791 21.988 22.510
79.325 21.344 21.340
79.051 23.843 18.478
77.709 26.536 20.755
80.458 26.083 23.354
83.529 25.230 21.294
82.698 26.833 17.938
80.493 29.708 19.054
78.008 28.634 16.442
74.324 28.654 17.318
72.329 25.968 15.506
68.669 25.918 14.451
66.552 22.748 14.355
64.465 24.567 11.763
65.546 21.780 9.389
65.275 18.614 11.483
61.831 18.298 9.907
63.020 19.491 6.489
62.933 17.601 3.183
66.515 16.731 2.283
65.346 15.264 -1.049
64.852 18.690 -2.625
67.272 19.611 -5.427
68.823 22.093 -5.454
69.394 22.582 -1.743
68.316 25.956 -0.404
71.160 28.207 0.803
70.079 27.989 4.467
69.810 24.205 4.230
73.161 23.951 2.471
74.687 26.082 5.269
73.096 24.007 8.031
74.417 20.769 6.485
77.875 22.267 6.124
77.878 23.229 9.807
77.515 19.600 10.914
81.049 18.684 9.891
82.799 22.055 9.337
83.697 22.487 13.034
83.873 18.852 14.087
87.569 18.077 13.592
88.530 20.944 15.904
86.063 19.627 18.503
87.646 16.214 17.896
91.094 17.665 18.730
89.941 19.199 21.989
87.926 16.196 23.097
90.655 13.738 22.073
93.345 15.612 24.003
91.144 15.836 27.088
90.500 12.087 26.890
94.193 11.298 26.677
94.853 13.728 29.511
92.274 11.998 31.711
93.152 8.488 30.522
89.691 7.815 29.065
90.505 7.561 25.376
90.547 3.770 25.478
86.902 3.678 26.520
85.762 6.134 23.877
87.531 4.210 21.181
85.908 1.051 22.582
82.438 2.656 22.462
83.097 3.919 18.936
84.173 0.533 17.589
80.918 -0.859 18.902
78.945 1.937 17.251
80.743 1.153 14.016
79.973 -2.526 14.552
76.222 -1.860 14.753
74.385 -3.976 12.197
71.147 -3.222 10.386
68.523 -5.958 10.000
64.858 -6.060 9.003
62.393 -6.314 11.881
61.534 -9.742 10.490
65.003 -11.025 11.372
65.644 -8.926 14.462
67.254 -10.616 17.472
64.834 -11.600 20.236
66.549 -9.557 22.940
66.730 -5.990 21.528
70.324 -4.789 21.923
72.460 -1.848 20.820
74.382 -4.200 18.508
71.491 -4.537 16.056
69.026 -2.008 14.662
65.608 -2.957 13.269
62.916 -0.479 12.120
61.090 1.088 15.090
57.452 2.084 14.439
