4.327 4.830 -0.352
6.092 5.264 -3.689
8.893 7.421 -2.270
10.669 4.204 -1.275
9.862 2.249 -4.428
12.979 1.151 -6.324
11.980 -1.934 -8.335
9.659 -2.924 -11.183
9.819 -6.660 -10.444
5.968 -6.991 -10.022
5.602 -5.118 -13.321
7.944 -7.431 -15.214
6.167 -10.305 -13.480
2.875 -9.195 -15.017
4.295 -7.879 -18.300
6.129 -11.082 -19.196
3.104 -13.101 -18.110
0.958 -11.010 -20.456
3.188 -10.579 -23.489
4.104 -14.267 -23.434
0.625 -15.574 -22.628
-1.484 -13.279 -24.788
-5.232 -13.636 -24.447
-8.449 -12.820 -26.294
-10.578 -10.918 -23.810
-11.674 -7.362 -23.063
-11.430 -6.094 -19.497
-11.628 -2.410 -20.435
-7.992 -2.492 -21.442
-6.733 0.731 -23.129
-7.145 -0.008 -26.834
-6.095 2.815 -29.096
-4.353 3.361 -32.407
-0.843 4.260 -31.338
-0.002 7.306 -33.393
3.192 9.340 -32.925
1.203 11.823 -30.834
-0.084 9.005 -28.608
3.439 7.993 -27.584
4.151 11.365 -25.990
0.762 11.324 -24.240
1.351 8.124 -22.273
5.103 8.706 -21.948
4.497 12.111 -20.375
2.338 10.887 -17.500
4.463 7.749 -17.183
7.590 9.765 -16.356
5.957 12.082 -13.809
4.751 9.007 -11.912
8.236 7.566 -11.375
10.186 10.776 -10.733
9.082 10.989 -7.008
10.504 7.490 -6.451
13.834 5.684 -6.747
12.657 4.223 -10.032
14.300 6.867 -12.191
13.589 5.457 -15.605
14.245 7.736 -18.540
11.963 6.836 -21.409
13.326 7.455 -24.885
11.348 7.538 -28.104
13.346 6.230 -31.032
12.059 5.652 -34.520
13.304 2.941 -36.855
12.275 1.970 -40.385
8.479 1.841 -39.912
8.219 1.791 -36.132
8.853 4.170 -33.257
9.261 2.497 -29.894
10.017 3.565 -26.350
13.247 2.273 -24.867
13.611 2.399 -21.100
16.954 3.772 -19.973
17.891 3.109 -16.359
19.433 6.302 -14.972
21.712 4.430 -12.571
23.424 2.554 -15.419
22.761 4.892 -18.386
21.779 1.936 -20.572
18.587 0.605 -22.122
17.226 -2.172 -19.916
13.936 -2.670 -21.751
12.606 -1.868 -25.219
8.845 -1.688 -25.689
7.364 -1.422 -29.213
4.367 0.966 -29.645
2.055 -1.974 -30.311
2.820 -3.359 -26.840
3.124 -0.007 -25.083
-0.589 -0.058 -24.230
-0.161 -3.231 -22.170
2.985 -1.973 -20.442
1.145 1.271 -19.722
-1.657 -0.606 -17.970
0.716 -3.099 -16.337
2.704 -0.421 -14.561
-0.305 1.859 -13.985
-2.051 -0.798 -11.897
1.235 -1.173 -10.034
2.073 2.538 -9.626
-1.523 3.569 -9.006
-1.498 1.228 -6.030
1.202 3.461 -4.574
-0.010 6.887 -5.697
-3.093 8.556 -4.365
-5.790 7.267 -6.692
-7.304 10.770 -6.836
-4.272 12.905 -7.636
