8.084 0.089 48.392
10.478 2.890 47.476
14.025 4.000 48.178
15.328 7.562 48.394
17.646 8.905 45.691
20.605 11.156 46.458
18.604 14.176 45.304
15.789 13.517 47.763
13.257 12.039 45.360
11.637 8.626 45.775
11.712 5.764 43.297
9.621 2.561 43.458
11.991 -0.409 43.881
10.140 -2.524 41.317
9.588 -1.077 37.867
7.934 -2.318 34.704
10.082 -2.083 31.594
8.411 -1.026 28.360
10.938 -2.289 25.805
9.578 -4.943 23.433
10.860 -7.910 21.417
11.376 -7.195 17.700
8.251 -9.127 16.665
5.843 -7.037 18.757
3.857 -4.101 17.357
4.497 -0.809 19.175
0.888 -0.738 20.391
1.727 -3.718 22.610
3.417 -1.264 24.980
0.113 0.495 25.640
-1.652 -2.777 26.439
1.080 -3.961 28.806
1.421 -0.630 30.595
-2.314 -0.643 31.350
-2.072 -4.208 32.669
0.987 -3.307 34.758
-0.812 -0.324 36.291
-3.771 -2.538 37.229
-1.321 -4.995 38.801
0.096 -2.305 41.064
3.154 -1.077 39.174
3.904 2.639 39.519
7.432 2.762 38.061
7.717 2.550 34.254
10.963 2.468 32.327
11.159 3.764 28.768
13.657 5.417 26.410
13.522 7.724 23.408
15.101 5.062 21.191
12.259 2.623 21.963
9.958 4.940 19.962
6.957 3.830 22.019
6.830 6.624 24.576
3.641 7.773 22.865
1.993 4.404 23.560
3.191 4.223 27.169
2.158 7.832 27.730
-1.305 7.131 26.338
-1.681 4.153 28.670
-0.691 6.221 31.704
-2.850 9.186 30.710
-5.771 6.819 30.134
-5.465 5.413 33.655
-5.195 8.927 35.083
-8.216 10.133 33.122
-10.402 7.213 34.178
-9.589 7.609 37.873
-7.224 4.678 38.390
-4.042 6.610 39.258
-2.621 10.125 39.656
0.409 11.533 37.800
2.274 12.165 41.058
1.984 8.466 41.920
3.619 7.345 38.677
7.403 7.310 38.257
8.299 7.525 34.563
11.840 7.180 33.222
13.107 8.154 29.781
16.602 8.117 28.289
18.385 10.359 25.808
19.761 8.336 22.893
23.294 8.306 21.444
22.398 10.605 18.542
21.412 13.435 20.898
24.246 13.461 23.443
25.690 16.707 22.048
24.966 19.374 24.711
22.816 21.407 22.319
20.631 18.408 21.490
19.860 16.926 24.920
17.007 19.218 25.947
15.494 19.132 22.464
15.227 15.349 22.756
13.625 15.502 26.201
11.131 18.102 24.978
10.289 15.809 22.070
9.657 12.925 24.467
7.445 15.132 26.635
5.411 16.019 23.538
5.040 12.331 22.631
3.947 11.576 26.209
1.907 14.746 26.638
3.590 14.986 30.053
4.889 18.148 31.746
7.921 16.314 33.144
9.515 12.878 33.434
10.556 11.563 36.830
13.966 10.347 35.692
16.094 11.044 32.632
19.194 8.995 31.822
22.052 9.009 29.354
21.257 5.693 27.587
24.879 4.819 26.714
28.156 6.741 27.200
28.572 6.530 23.406
27.626 9.223 20.905
26.551 8.488 17.328
26.247 10.771 14.294
23.403 13.269 14.919
20.285 12.862 12.805
16.781 11.403 12.691
18.153 7.876 12.205
18.846 6.216 15.565
21.383 3.800 14.108
23.381 5.710 11.461
25.702 3.420 9.512
28.293 3.782 6.777
28.338 1.848 3.505
29.858 -1.167 5.273
26.967 -1.353 7.732
29.035 -0.057 10.644
27.663 2.492 13.102
29.003 6.004 12.629
30.501 6.977 15.968
30.759 10.557 17.164
32.823 12.215 19.882
31.064 14.256 22.556
32.109 15.935 25.798
30.093 13.769 28.209
30.701 16.258 31.002
29.036 18.838 28.759
26.255 16.312 28.128
25.850 16.022 31.886
25.674 19.801 32.308
22.844 19.761 29.782
21.129 17.070 31.874
21.518 19.256 34.981
19.906 22.180 33.161
16.977 19.925 32.279
16.516 19.171 35.974
16.785 22.854 36.906
14.242 23.679 34.178
11.808 21.236 35.787
11.604 18.967 32.730
12.843 16.007 34.777
12.842 15.504 38.540
16.039 13.438 38.613
18.944 12.622 36.325
21.142 9.555 36.042
22.986 7.317 33.622
22.792 3.861 32.098
25.483 1.423 30.997
28.333 3.459 32.487
31.408 1.730 33.903
33.282 2.870 37.014
35.750 5.106 35.165
32.911 6.809 33.295
31.049 7.412 36.562
34.262 8.872 38.031
34.503 11.255 35.076
31.182 12.761 36.117
31.753 12.572 39.872
35.130 14.340 39.594
33.849 16.901 37.089
34.716 20.516 37.955
31.501 22.379 38.705
29.403 19.240 39.191
26.004 20.261 40.569
24.040 17.005 40.607
25.500 13.522 40.962
23.784 10.845 38.886
21.037 9.306 41.038
21.490 5.907 39.423
23.368 3.754 36.953
20.972 1.449 35.105
22.895 -1.659 34.074
22.458 -5.337 33.301
22.431 -7.441 36.474
21.414 -11.017 37.320
23.001 -14.118 38.918
25.239 -14.770 35.885
26.516 -11.146 35.932
26.049 -10.045 39.530
27.986 -6.763 39.216
29.464 -7.171 42.707
32.226 -4.632 42.053
30.149 -1.994 40.281
27.356 -2.366 42.856
29.817 -1.770 45.701
31.212 1.283 43.922
27.773 2.749 43.260
26.747 2.227 46.882
29.862 4.051 48.125
28.865 7.060 45.997
25.150 7.009 46.912
24.273 5.961 43.364
21.457 3.423 43.080
22.049 0.510 40.728
18.904 -0.065 38.663
18.974 -3.477 37.049
17.688 -4.757 33.735
18.138 -8.326 32.501
17.087 -9.454 35.982
15.306 -12.405 34.398
17.851 -12.875 31.618
16.519 -10.194 29.219
13.913 -10.569 26.513
16.760 -11.903 24.350
16.254 -9.213 21.705
17.155 -10.200 18.171
20.211 -8.308 16.968
21.414 -7.682 20.511
21.447 -10.976 22.396
23.265 -14.138 21.296
20.433 -16.634 20.824
22.750 -19.464 21.884
23.376 -17.934 25.311
21.986 -19.922 28.251
18.454 -18.943 29.293
18.753 -17.583 32.841
15.482 -18.916 34.248
16.472 -22.435 33.178
19.244 -22.353 35.793
18.849 -25.447 38.032
19.869 -23.532 41.150
16.961 -21.120 40.621
14.613 -24.053 40.084
15.733 -25.823 43.252
15.493 -22.634 45.280
12.070 -21.876 43.811
10.867 -25.272 45.051
12.415 -24.712 48.484
10.658 -21.360 48.976
7.497 -22.446 47.167
7.807 -19.651 44.603
9.012 -19.550 40.969
12.460 -19.126 39.383
11.536 -15.582 38.304
10.460 -14.600 41.819
13.741 -15.937 43.239
15.766 -13.928 40.706
13.785 -10.750 41.443
14.046 -11.133 45.222
17.800 -11.760 45.042
18.316 -8.302 43.576
15.919 -6.499 45.909
17.788 -7.877 48.930
21.032 -6.439 47.544
19.589 -2.919 47.555
19.053 -2.886 43.803
16.042 -1.245 42.091
14.694 -3.893 39.736
13.055 -3.605 36.334
11.081 -6.454 34.798
9.057 -7.128 31.674
6.597 -9.818 30.619
4.198 -9.935 27.705
1.881 -12.114 29.806
-0.630 -10.636 32.255
-0.335 -13.641 34.588
3.395 -13.046 34.981
3.077 -9.292 35.375
0.751 -9.989 38.304
2.968 -12.769 39.674
6.070 -10.591 39.801
4.397 -8.285 42.338
4.530 -11.221 44.760
8.249 -10.603 45.180
7.416 -8.476 48.239
5.906 -11.472 50.042
8.953 -13.546 50.977
12.588 -13.343 52.073
15.615 -15.321 50.885
17.894 -16.479 53.701
21.405 -15.069 54.036
22.827 -18.488 53.200
20.759 -18.797 50.024
21.779 -15.302 48.935
25.359 -16.614 49.062
24.370 -19.594 46.938
23.013 -17.206 44.313
26.206 -15.100 44.580
28.065 -18.200 43.437
26.422 -18.322 40.011
28.424 -15.408 38.604
29.937 -16.301 35.224
30.402 -12.978 33.411
27.505 -13.714 31.056
26.581 -10.357 29.530
23.391 -10.776 27.504
23.462 -7.260 26.052
27.072 -6.312 25.280
25.968 -3.644 22.771
28.157 -5.506 20.287
27.303 -3.221 17.367
29.072 -0.481 19.355
32.320 -2.438 19.663
35.170 -0.254 18.495
33.587 2.875 19.941
36.210 4.702 22.050
33.767 4.704 24.967
32.404 1.149 24.725
31.740 0.574 28.460
32.275 -3.163 28.739
36.004 -3.546 28.134
37.059 -2.523 31.648
36.744 -5.083 34.454
33.912 -2.911 35.779
