22.143 -17.757 0.911
25.563 -17.914 2.513
28.334 -18.967 0.172
29.036 -22.662 -0.281
32.627 -23.553 0.744
33.441 -25.123 -2.624
32.578 -21.886 -4.456
35.077 -19.566 -2.694
38.725 -18.849 -3.568
41.406 -16.929 -1.591
40.248 -13.481 -2.623
36.641 -14.198 -1.755
37.608 -15.433 1.702
39.603 -12.244 2.395
36.578 -10.254 1.253
34.342 -12.146 3.698
36.911 -11.570 6.485
37.275 -7.862 5.647
33.479 -7.438 5.782
32.964 -8.853 9.252
31.265 -6.560 11.748
32.593 -8.712 14.622
35.721 -10.413 15.981
34.807 -13.984 15.103
37.184 -16.839 15.771
38.060 -19.003 12.759
35.535 -21.536 14.062
32.794 -18.895 14.451
33.697 -17.676 10.967
33.243 -21.148 9.420
29.927 -21.833 11.126
28.335 -18.432 10.539
29.638 -17.252 7.142
29.109 -20.412 5.037
26.534 -22.965 3.962
26.849 -26.527 5.130
29.220 -25.989 8.087
27.709 -27.024 11.395
29.598 -27.375 14.663
31.099 -30.814 13.955
31.999 -30.052 10.287
33.844 -26.865 11.306
35.763 -28.898 13.897
36.836 -31.371 11.152
37.640 -28.564 8.702
39.747 -26.788 11.363
41.652 -29.997 12.116
42.333 -30.822 8.464
43.349 -27.194 7.778
45.798 -26.996 10.698
43.992 -24.030 12.200
43.274 -23.072 15.820
39.507 -22.896 16.420
39.789 -19.894 18.749
42.253 -17.765 16.778
40.652 -14.510 15.646
39.900 -14.795 11.941
40.987 -11.187 11.238
44.451 -12.599 12.075
44.411 -15.406 9.461
47.716 -15.295 7.531
48.172 -15.970 3.807
49.477 -19.511 4.417
46.415 -20.213 6.613
43.910 -19.014 3.975
45.736 -21.225 1.442
45.271 -24.313 3.613
41.646 -23.450 4.248
40.849 -23.128 0.528
42.690 -26.407 -0.139
40.788 -28.133 2.639
37.553 -26.713 1.154
38.355 -28.073 -2.339
39.224 -31.480 -0.959
36.522 -31.972 1.677
34.079 -34.637 0.568
31.406 -34.206 3.165
29.543 -30.931 2.488
