93.189 45.800 1.572
91.448 48.238 3.931
91.113 46.485 7.302
94.543 46.487 8.958
97.289 49.104 8.916
100.514 49.057 10.933
102.632 52.174 11.492
106.150 51.526 12.735
107.841 48.392 11.443
110.128 47.517 14.324
110.275 44.129 16.014
106.732 44.552 17.327
105.119 46.160 14.286
106.968 44.112 11.715
105.982 40.991 13.570
102.268 41.719 13.375
102.601 42.533 9.684
104.284 39.193 9.050
101.841 37.168 11.154
98.900 38.831 9.410
100.383 37.947 6.027
100.982 34.382 7.183
97.314 34.152 8.124
96.328 35.402 4.687
95.408 38.928 5.746
96.120 41.997 3.645
97.957 44.740 5.519
99.136 48.297 5.022
102.664 48.604 6.400
104.188 52.040 6.930
107.443 53.442 8.217
109.494 56.621 7.819
112.621 54.554 7.252
112.801 53.132 3.724
115.166 50.363 4.788
112.356 49.239 7.106
109.633 49.537 4.489
111.661 47.452 2.050
112.265 44.761 4.644
108.520 44.144 4.671
107.699 44.289 0.973
107.110 40.545 0.772
104.654 40.601 3.685
102.618 43.707 3.021
99.676 44.251 0.695
101.269 47.702 0.506
104.476 48.951 2.123
104.729 52.760 2.174
107.380 55.203 3.379
105.697 57.967 5.344
105.881 60.181 8.393
102.807 59.230 10.399
102.931 62.521 12.311
102.169 64.501 9.120
98.445 64.883 8.329
98.757 65.166 4.565
100.844 61.990 4.536
98.098 60.300 6.516
95.657 61.335 3.800
98.028 60.362 0.979
97.914 57.000 2.721
94.137 56.738 2.983
94.559 55.703 6.577
91.054 57.008 7.235
89.841 53.903 5.391
91.138 51.329 7.902
89.137 49.699 10.697
92.259 48.936 12.721
95.444 50.961 12.822
98.329 49.850 14.980
100.782 52.499 16.056
103.952 50.543 16.771
106.338 53.488 16.947
109.052 52.582 19.426
111.429 54.751 21.446
109.813 57.988 20.289
106.930 58.874 22.563
106.372 62.137 20.688
106.003 60.615 17.218
103.826 57.933 18.819
101.493 60.321 20.654
101.353 62.775 17.761
100.459 59.969 15.364
97.677 58.506 17.494
96.419 62.072 18.002
96.042 62.620 14.248
94.353 59.353 13.339
91.998 59.833 16.298
90.925 63.036 14.564
90.372 60.963 11.427
87.964 59.095 13.736
89.531 55.692 13.091
87.347 52.853 14.505
90.181 51.090 16.301
93.552 52.551 17.158
95.983 50.263 18.940
99.242 51.682 20.280
102.419 50.234 21.717
103.231 52.206 24.846
106.802 52.797 25.990
106.047 53.338 29.666
103.521 54.509 32.252
103.682 58.146 31.117
103.112 57.216 27.490
100.211 55.013 28.536
98.688 57.874 30.541
98.572 60.280 27.591
97.503 57.509 25.217
94.366 56.756 27.240
93.046 60.319 27.017
94.469 60.950 23.556
92.398 58.306 21.776
94.098 54.910 21.883
91.482 52.138 22.114
94.015 49.506 23.097
97.469 50.065 24.552
100.170 47.387 24.330
103.125 46.913 26.692
105.064 44.053 25.018
107.396 43.313 27.916
104.757 43.250 30.646
102.025 41.705 28.524
104.261 38.845 27.376
105.167 38.315 30.987
101.518 37.609 31.709
101.181 35.160 28.821
104.364 33.378 29.902
102.920 33.127 33.387
99.761 31.651 31.822
101.781 29.137 29.787
103.664 28.044 32.896
100.366 27.600 34.731
99.079 25.451 31.848
102.120 23.185 31.905
100.912 22.110 35.351
97.238 22.948 35.964
95.913 21.866 32.543
98.063 18.762 33.127
99.525 19.794 29.769
