29.519 12.644 57.882
26.678 13.422 57.531
25.617 15.032 54.260
22.516 16.899 55.279
19.372 15.809 53.580
19.079 19.233 51.750
22.319 18.375 49.826
21.823 14.641 49.196
22.517 13.616 45.617
21.503 10.515 43.692
24.566 8.415 42.880
23.518 8.680 39.295
20.790 10.913 37.853
17.421 9.104 37.649
15.539 9.964 34.469
11.996 9.589 33.264
11.067 9.354 29.555
8.545 12.043 28.466
6.817 12.916 25.140
6.712 16.647 25.884
10.171 17.209 27.453
12.002 14.012 26.279
13.569 13.570 29.701
12.578 14.490 33.274
15.861 14.620 35.245
16.128 13.969 38.935
19.269 14.435 40.951
18.296 15.203 44.568
17.320 12.511 47.002
14.559 14.727 48.429
12.904 15.025 45.023
13.058 11.325 44.393
11.496 10.529 47.809
8.934 13.246 47.118
8.141 11.460 43.849
7.818 8.028 45.503
5.676 9.324 48.337
2.193 7.868 48.602
0.569 11.152 48.063
2.450 11.974 44.886
2.005 8.382 43.556
-1.750 8.683 44.018
-1.674 11.180 41.187
-0.872 8.355 38.724
-4.381 7.189 39.132
-5.976 10.538 38.385
-6.446 11.755 34.780
-5.089 15.259 34.046
-7.935 16.226 31.775
-10.895 15.271 33.798
-13.997 14.070 32.104
-12.595 15.977 29.060
-10.228 13.169 28.222
-13.221 11.353 26.830
-13.470 13.898 24.068
-10.234 12.765 22.443
-9.103 9.241 22.175
-5.932 8.548 24.109
-5.743 11.751 26.196
-5.570 9.845 29.493
-2.254 11.144 30.788
-1.996 11.449 34.582
-1.643 14.378 36.915
1.488 12.680 38.155
2.991 12.955 34.712
2.055 16.672 34.583
3.680 17.177 38.015
6.965 15.713 36.867
6.784 18.012 33.830
6.252 21.196 35.882
9.090 20.059 38.025
11.136 19.637 34.898
10.456 23.027 33.275
11.164 24.567 36.721
14.534 22.946 36.975
15.396 23.863 33.354
14.527 27.441 34.377
16.609 27.508 37.646
19.512 25.974 35.797
19.218 28.847 33.292
19.022 31.201 36.241
22.203 29.908 37.960
24.352 29.734 34.749
23.483 33.215 33.616
21.596 35.446 35.990
22.975 34.729 39.472
23.024 37.059 42.468
26.793 36.769 41.956
26.480 39.042 38.873
23.140 40.862 38.931
23.038 41.450 42.644
19.484 42.348 43.654
17.971 41.370 40.256
19.917 38.118 40.314
18.703 34.676 41.184
19.788 33.009 44.398
20.312 29.336 43.886
19.783 28.392 47.590
16.114 28.773 46.572
16.364 25.946 44.035
15.078 23.172 46.270
12.013 24.837 47.689
10.989 25.825 44.189
11.561 22.364 42.845
9.488 20.910 45.707
6.699 23.437 45.207
6.768 22.683 41.487
6.320 18.920 42.064
3.733 19.191 44.845
1.779 22.003 43.254
-1.126 19.700 42.513
-1.093 16.980 45.197
-4.495 18.051 46.444
-6.473 17.184 43.290
-8.582 14.121 43.618
-10.497 12.471 40.692
-12.496 14.514 38.181
-11.406 17.405 40.346
-13.544 20.205 38.930
-16.841 18.349 39.006
-15.973 16.655 42.275
-15.038 19.926 43.864
-18.592 21.279 43.005
-20.572 18.362 44.482
-18.633 18.002 47.696
-17.278 21.156 49.266
-13.653 20.328 48.427
-10.815 22.649 47.314
-7.652 21.179 45.870
-5.622 24.339 46.556
-6.476 24.033 50.268
-5.932 20.268 50.323
-2.520 20.664 48.648
-1.494 22.922 51.489
-2.994 20.514 53.992
-0.967 17.549 52.649
2.311 19.453 52.844
1.650 20.748 56.375
0.101 17.765 58.088
2.350 15.323 59.918
0.233 12.237 59.000
1.580 12.574 55.490
4.586 11.009 53.727
5.031 14.372 51.959
5.166 16.232 55.231
7.553 13.619 56.732
9.958 14.020 53.875
9.779 17.822 53.906
10.229 17.973 57.701
13.635 16.176 57.282
14.891 19.018 55.087
14.111 21.186 58.160
11.441 21.556 60.814
10.205 24.754 59.198
10.412 23.576 55.569
6.900 22.240 55.226
5.468 25.674 56.132
7.757 27.277 53.504
6.909 24.963 50.640
3.235 25.628 51.442
3.781 29.345 51.511
5.172 29.131 47.998
2.042 27.421 46.876
-0.095 30.172 48.484
1.941 33.136 47.099
3.289 34.260 50.498
6.921 33.179 50.304
9.060 36.389 50.509
10.915 35.779 47.203
8.906 36.728 44.102
11.105 34.833 41.638
10.226 31.667 43.448
6.512 32.378 43.729
6.025 33.415 40.088
8.038 30.545 38.683
5.195 28.373 39.884
2.289 30.800 39.563
1.880 33.715 37.151
0.391 34.340 33.742
3.210 32.335 32.185
4.491 29.783 34.611
5.887 26.259 34.488
2.559 24.769 35.398
0.717 26.456 32.530
3.499 25.870 30.107
3.487 22.273 30.937
-0.197 21.492 30.696
-0.706 23.415 27.506
2.056 21.388 25.834
1.051 18.174 27.410
-2.691 18.399 26.720
-1.857 19.512 23.128
0.260 16.472 22.432
-2.186 13.996 23.869
-5.374 15.320 22.470
-3.496 15.896 19.235
-4.386 19.573 19.074
-1.663 20.628 16.767
-2.369 24.461 17.126
-1.901 24.222 20.920
1.824 23.603 20.979
4.028 26.679 21.257
7.814 26.668 21.241
9.045 26.282 24.768
12.721 26.494 23.903
12.255 30.028 22.709
10.501 31.150 25.856
13.285 29.616 27.952
15.744 31.454 25.762
14.375 34.778 27.080
13.027 33.980 30.509
14.819 35.991 33.171
14.652 37.063 36.838
14.475 40.618 38.164
14.046 42.297 41.563
10.283 41.779 41.421
9.975 38.365 39.811
10.225 36.771 36.344
10.580 38.653 33.095
11.172 38.088 29.389
13.685 39.825 27.188
11.616 42.127 25.045
13.045 40.606 21.852
11.292 37.352 22.722
7.997 39.210 22.552
6.684 37.108 19.637
7.540 33.778 21.253
5.523 35.052 24.244
2.717 35.949 21.802
2.870 32.393 20.329
2.301 31.243 23.889
-0.773 33.533 24.207
-2.349 32.171 20.993
-1.675 28.602 21.965
-3.331 29.332 25.278
-6.268 30.647 23.350
-6.274 27.601 21.085
-6.386 25.084 23.901
-9.284 26.891 25.531
-11.500 26.829 22.477
-10.550 23.406 21.154
-10.217 21.474 24.298
-11.099 23.088 27.613
-14.295 25.002 26.817
-15.275 22.747 23.995
-18.968 21.796 23.879
-18.535 18.017 23.945
-16.072 18.129 26.796
-18.514 20.525 28.492
-21.459 18.192 27.804
-19.466 15.377 29.452
-18.995 17.336 32.671
-22.754 17.876 32.838
-23.347 14.099 32.874
-20.840 13.332 35.537
-22.138 16.222 37.610
-25.654 14.908 37.341
-24.575 11.303 38.117
-22.888 12.235 41.425
-25.799 14.477 42.434
-28.343 11.808 41.844
-26.216 9.434 43.886
-26.004 11.836 46.755
-29.795 12.172 46.573
-30.517 8.474 46.568
-28.142 8.096 49.511
-29.781 10.866 51.591
-33.164 9.346 51.024
-35.153 6.494 52.805
-33.802 4.365 49.911
-34.739 5.293 46.406
-31.518 3.251 46.321
-31.036 0.514 48.942
-27.236 0.289 48.919
-25.003 1.326 46.076
-21.915 -0.198 47.712
-19.675 2.765 47.187
-17.928 2.504 50.523
-15.285 5.154 49.606
-17.864 7.809 48.684
-19.919 7.366 51.878
-17.975 9.890 53.985
-18.401 12.426 51.144
-22.100 11.713 50.699
-22.328 12.237 54.474
-20.221 15.365 54.279
-17.984 14.211 57.096
-14.711 13.282 55.449
-11.097 12.854 56.372
-7.771 13.608 54.797
-7.054 9.853 54.793
-10.474 9.272 53.267
-9.804 11.834 50.606
-6.439 10.239 49.791
-8.206 6.903 49.185
-10.009 8.388 46.139
-8.810 8.203 42.587
-10.223 7.818 39.020
-10.243 3.998 38.930
-11.966 3.923 42.295
-14.866 6.023 41.049
-15.256 4.165 37.682
-15.644 0.889 39.430
-18.534 2.624 41.233
-20.116 4.108 38.140
-19.979 0.837 36.191
-21.654 -0.730 39.218
-24.421 1.948 39.282
-25.864 0.827 35.916
-27.458 -2.002 37.925
-28.882 0.229 40.559
-32.709 0.123 40.618
-32.924 3.862 39.787
-33.407 4.390 36.082
-32.115 7.959 36.189
-28.924 6.900 37.950
-28.498 3.797 35.791
-29.005 5.867 32.623
-26.500 8.490 33.651
-23.793 5.967 34.513
-24.333 4.270 31.163
-24.054 7.614 29.397
-20.872 8.337 31.287
-19.264 4.976 30.608
-20.180 5.030 26.913
-18.610 8.450 26.882
-21.575 10.053 25.260
-22.088 13.676 26.365
-25.132 15.889 26.335
-25.602 17.734 23.073
-25.840 21.549 23.275
-27.070 24.713 21.527
-26.019 28.346 22.131
-26.669 31.846 23.533
-24.734 30.225 26.212
-24.825 26.564 26.149
-28.169 24.838 26.757
-27.664 21.089 27.123
-30.036 18.299 26.125
-29.758 14.623 25.230
-28.451 13.805 21.716
-31.479 11.667 21.086
-33.951 14.626 21.022
-32.234 15.382 17.641
-31.561 11.746 16.451
-42.124 11.498 16.765
-44.279 14.665 16.763
-42.180 16.126 19.640
-38.903 15.214 17.881
-39.976 17.264 14.893
-41.296 20.073 17.042
-38.039 19.942 19.008
-35.371 19.997 16.265
-36.786 23.103 14.355
-35.358 25.139 17.177
-31.719 24.088 16.256
-29.275 25.287 13.462
-27.374 24.038 15.313
-27.916 26.847 17.854
-31.031 28.622 19.147
-33.734 30.554 17.256
-34.467 34.486 25.053
-34.792 31.767 27.726
-38.503 30.977 27.410
-38.095 28.826 24.326
-35.675 26.926 26.539
-38.448 26.340 29.051
-40.680 25.354 26.138
-38.067 22.921 24.776
-37.723 21.609 28.301
-41.279 20.175 28.288
-40.498 18.262 25.053
-37.896 15.953 26.649
-40.221 15.649 29.654
-42.850 14.511 27.144
-40.370 11.614 26.998
-37.668 11.663 29.849
-36.554 13.848 32.892
-35.690 17.498 32.384
-33.017 19.028 34.689
-31.309 15.716 34.990
-31.071 15.726 31.179
-30.960 19.530 30.586
-28.257 21.981 31.602
-27.465 25.678 31.383
-23.947 26.907 31.782
-21.351 29.487 30.934
-18.457 28.669 33.323
-8.885 33.052 32.979
-7.280 34.928 30.101
-4.347 37.366 30.018
-6.041 40.607 31.209
0.423 42.506 39.248
-0.929 39.622 37.094
0.778 40.704 33.856
3.762 39.514 31.781
6.773 41.705 31.861
9.452 42.236 29.275
12.858 43.490 30.017
13.978 46.137 27.567
17.751 46.226 27.897
17.214 47.859 31.315
13.448 47.895 32.187
9.770 46.835 31.926
6.424 47.003 30.075
3.322 44.784 30.240
2.615 42.577 27.252
-0.623 44.163 25.898
1.047 47.526 26.144
3.641 46.595 23.559
2.067 44.233 21.081
-1.220 44.751 19.285
-2.478 41.107 19.248
-2.880 40.369 23.065
-4.929 43.478 23.580
-7.012 42.267 20.739
-7.449 39.005 22.607
-8.548 40.799 25.825
-11.892 42.190 24.583
-13.567 38.793 25.438
