2.831 9.854 47.693
4.571 13.301 47.615
6.461 13.498 44.282
8.556 16.405 42.927
9.966 16.210 39.406
12.225 18.943 38.076
12.840 19.450 34.383
14.174 21.995 31.920
17.866 21.722 32.649
20.496 21.436 29.939
23.472 23.173 28.334
23.192 26.981 28.166
25.705 29.459 26.742
27.144 31.959 29.240
24.831 34.979 29.352
21.982 32.695 28.350
18.526 32.235 29.836
16.722 29.072 30.908
13.508 28.188 32.684
13.298 25.147 34.953
10.052 23.581 36.145
9.211 21.404 39.128
6.063 19.223 38.908
4.355 18.419 42.213
1.970 15.524 43.059
0.879 13.605 46.159
0.175 16.625 48.333
-1.765 19.842 48.414
0.735 21.980 46.518
-0.953 25.348 47.194
-0.444 24.791 50.920
3.365 24.588 50.932
6.176 27.077 50.530
8.779 25.809 48.056
12.554 26.049 47.476
15.155 25.690 44.781
18.532 24.338 45.980
21.523 23.711 43.687
24.511 21.424 43.991
27.580 22.199 41.916
29.802 19.350 40.649
31.793 18.227 43.694
30.226 20.820 45.952
27.878 21.301 48.818
24.258 22.259 48.764
23.573 25.960 48.125
20.132 27.432 48.721
18.914 29.395 45.660
15.415 30.761 46.279
12.206 30.381 48.329
8.521 31.148 47.628
5.573 31.008 50.047
2.444 28.907 49.322
0.659 31.947 47.902
3.748 33.740 46.516
3.586 36.586 49.091
7.097 35.942 50.425
9.994 35.380 47.992
13.627 35.116 49.101
16.772 34.789 46.941
20.451 34.004 47.350
22.560 37.146 46.870
24.454 35.729 43.896
21.170 34.998 42.168
18.930 37.923 43.236
18.925 39.849 39.968
19.123 37.160 37.319
16.852 34.438 38.695
13.066 34.611 39.178
11.100 32.052 41.200
7.349 31.651 40.686
4.582 29.083 40.977
1.261 28.191 39.392
-0.808 26.546 42.150
-3.627 25.379 39.821
-1.077 23.594 37.630
0.860 22.233 40.626
4.147 23.619 39.194
7.104 25.616 40.606
9.429 27.522 38.191
12.890 29.066 38.190
13.526 31.558 35.414
17.259 32.041 34.870
18.881 34.848 32.849
22.494 36.074 32.428
23.668 32.570 33.156
27.241 32.445 34.508
29.532 29.412 34.422
29.223 29.308 38.197
25.486 28.593 37.793
26.396 25.190 36.382
24.753 22.799 38.841
22.092 20.201 39.472
18.960 22.058 40.540
16.560 20.616 43.070
13.128 21.850 44.153
12.333 20.912 47.750
9.098 21.277 49.654
8.812 23.427 52.762
6.973 21.082 55.104
5.429 22.310 58.318
5.926 20.262 61.463
3.514 20.813 64.332
4.617 21.640 67.849
2.506 22.578 70.839
3.522 26.179 70.136
3.947 26.459 66.383
5.084 24.955 63.126
8.762 24.525 62.330
9.508 24.404 58.618
12.125 22.326 56.842
12.836 20.988 53.315
11.293 17.541 53.913
10.987 16.343 50.296
13.443 16.913 47.452
13.321 16.093 43.757
15.952 14.167 41.763
16.922 17.502 40.140
17.813 18.943 36.704
21.368 19.559 35.485
22.294 22.961 34.153
25.611 23.302 32.324
26.642 26.893 31.578
29.244 26.464 28.842
29.970 27.502 25.281
