37.801 9.089 27.848
35.835 11.454 25.538
32.838 9.085 25.336
32.457 8.340 29.049
29.059 9.640 30.237
30.217 10.960 33.634
33.099 12.872 35.158
35.842 11.127 37.106
38.178 13.335 39.153
40.533 11.507 41.494
38.296 9.122 43.439
35.087 11.042 42.794
32.535 10.220 40.111
30.013 12.952 39.134
26.788 11.701 37.509
23.174 12.577 36.896
21.149 11.925 40.005
18.161 10.679 37.966
20.330 7.871 36.560
21.800 6.932 39.951
19.553 7.495 43.018
19.470 3.706 43.586
22.487 3.478 45.910
21.870 7.152 46.745
22.415 6.301 50.415
26.056 5.429 49.635
26.797 8.663 47.764
29.004 11.426 49.151
27.046 14.436 47.823
23.583 14.952 46.331
22.040 18.149 44.985
18.434 17.311 44.286
17.773 20.737 42.790
20.630 20.216 40.336
20.227 16.575 39.261
23.696 15.851 40.649
25.146 13.008 42.610
28.766 12.424 43.562
30.268 9.241 44.967
33.576 7.677 45.916
35.157 5.165 43.557
37.983 2.629 43.807
39.846 3.738 40.686
41.446 7.089 39.974
40.029 9.239 37.198
41.924 11.718 35.058
39.244 14.352 34.453
39.692 17.832 35.834
36.963 20.299 36.753
38.263 23.873 36.480
37.060 27.009 38.293
36.916 29.377 35.322
34.063 31.283 33.706
34.431 29.987 30.148
31.467 30.022 27.811
33.301 28.725 24.676
32.726 24.983 25.063
32.299 21.586 23.418
30.262 18.544 24.389
29.748 14.893 23.608
26.420 14.106 22.001
25.840 10.390 22.506
23.099 9.852 19.903
25.316 11.439 17.229
28.389 9.803 18.768
30.451 12.949 18.202
31.511 16.234 19.701
29.941 19.607 18.962
31.338 23.060 19.671
28.890 25.042 21.788
28.631 28.468 23.387
26.979 28.160 26.788
25.223 30.679 29.036
25.058 30.307 32.850
21.689 30.167 34.611
21.320 30.059 38.404
18.048 28.396 37.653
15.782 27.786 34.724
12.534 26.096 33.789
12.940 22.570 32.384
10.142 20.869 30.455
8.938 17.432 31.496
10.803 14.374 30.251
10.846 10.616 30.722
12.577 10.977 34.100
11.598 14.440 35.387
8.264 16.289 35.165
8.123 20.033 34.454
10.412 21.667 37.050
12.870 24.422 37.863
16.455 23.192 37.970
19.506 25.014 39.325
23.180 25.517 38.473
22.735 25.139 34.720
24.610 25.838 31.513
22.520 26.109 28.372
23.375 26.474 24.681
22.167 25.405 21.241
22.776 21.866 20.099
21.165 18.465 19.518
19.994 16.280 22.383
17.966 13.088 22.604
17.046 10.595 25.364
20.183 8.721 26.422
22.368 11.829 26.033
22.502 12.681 29.742
25.959 12.379 31.241
27.719 13.600 28.106
30.678 15.815 28.986
30.867 19.576 28.377
34.418 20.954 28.335
36.112 24.339 27.969
39.809 24.720 27.267
40.627 24.111 30.944
38.720 20.900 31.551
35.255 19.426 32.135
32.692 21.919 33.384
29.454 20.019 32.968
27.370 17.013 31.967
24.151 16.868 29.947
21.059 16.920 32.198
18.259 18.007 29.884
17.306 18.655 26.316
14.689 20.893 24.798
14.127 21.994 21.225
17.460 22.796 19.607
18.940 23.427 23.067
20.811 21.289 25.555
21.270 21.877 29.288
24.204 20.803 31.471
24.870 20.738 35.195
27.537 23.371 35.880
30.004 21.254 37.832
32.260 24.213 38.622
29.636 25.026 41.253
30.292 21.790 43.151
34.043 21.838 43.488
36.464 24.002 45.520
38.836 26.135 43.445
