7.352 -0.859 -24.620
4.069 0.898 -25.484
4.175 2.801 -28.768
3.002 6.294 -27.712
5.459 6.266 -24.783
8.289 5.028 -27.003
7.660 7.859 -29.477
8.256 10.465 -26.777
10.845 8.789 -24.543
13.146 7.114 -27.074
15.414 10.180 -27.047
16.686 8.652 -23.805
17.650 5.333 -25.347
20.926 6.315 -27.018
22.243 8.215 -23.963
25.276 6.658 -22.212
23.424 6.028 -18.930
20.646 4.138 -20.711
22.948 1.840 -22.666
24.744 1.119 -19.396
21.436 0.463 -17.618
20.323 -2.029 -20.267
23.667 -3.867 -19.962
23.414 -3.921 -16.185
19.897 -5.379 -16.143
20.765 -7.974 -18.812
23.836 -9.101 -16.855
21.780 -9.302 -13.654
19.212 -11.518 -15.374
21.993 -13.958 -16.332
22.882 -14.527 -12.666
19.760 -13.712 -10.657
16.011 -13.774 -10.856
15.048 -10.184 -11.539
11.549 -8.779 -11.104
9.412 -7.947 -12.945
10.148 -10.281 -15.886
11.163 -8.498 -19.114
7.647 -8.395 -20.607
6.396 -6.517 -17.517
9.156 -3.957 -16.862
7.193 -1.416 -18.905
3.590 -2.365 -18.087
3.040 1.290 -17.120
3.427 2.162 -20.849
0.872 -0.441 -22.018
-2.341 0.564 -20.288
-3.134 3.951 -21.802
-1.721 6.383 -24.341
0.812 8.814 -22.870
-1.513 11.663 -23.985
-4.279 10.295 -21.745
-2.435 10.318 -18.415
-4.500 12.163 -15.765
-2.925 11.210 -12.424
0.644 10.211 -11.535
1.540 8.133 -8.487
5.287 7.900 -7.962
6.837 4.876 -6.297
10.338 3.743 -5.484
11.286 0.038 -5.788
9.242 -2.823 -7.315
8.007 -5.589 -5.034
10.798 -8.142 -4.631
8.775 -11.285 -3.779
7.785 -13.989 -6.272
4.803 -13.153 -8.504
4.334 -9.661 -7.057
5.856 -6.935 -9.261
4.320 -6.577 -12.701
5.368 -3.074 -13.769
2.757 -0.928 -11.968
3.667 0.588 -8.616
1.922 -1.035 -5.604
-0.046 -3.460 -7.812
-0.035 -7.275 -7.693
-1.681 -9.472 -10.333
-4.317 -12.072 -9.530
-4.301 -14.234 -7.437
-1.571 -12.553 -5.340
-2.789 -11.097 -2.022
-2.455 -7.310 -1.713
0.721 -6.571 0.303
0.329 -4.424 3.444
1.008 -1.131 1.633
-1.730 -1.898 -0.872
-4.131 -2.980 1.883
-3.469 0.453 3.415
-4.192 2.195 0.113
-7.491 0.281 -0.064
-8.273 1.143 3.590
-7.831 4.856 2.921
-10.018 4.553 -0.191
-12.771 2.971 1.896
-12.774 5.796 4.451
-12.254 8.545 1.848
-14.929 7.485 -0.626
-17.959 5.804 0.941
-18.936 4.192 -2.355
-15.528 2.592 -3.019
-15.781 -1.164 -3.445
-12.768 -3.371 -2.679
-12.183 -5.491 -5.797
-10.981 -8.569 -3.841
-7.585 -8.530 -5.561
-4.538 -6.267 -5.864
-4.356 -5.623 -9.621
-4.384 -1.871 -10.269
-4.579 -2.226 -14.059
-8.085 -0.728 -13.963
-6.590 2.529 -12.656
-3.796 2.469 -15.234
-6.360 2.108 -18.042
-8.093 5.254 -16.749
-4.862 7.248 -17.003
-3.441 6.745 -13.525
0.293 6.354 -14.164
1.706 3.981 -11.565
5.404 4.699 -11.996
8.197 3.295 -9.871
11.481 5.220 -9.936
13.486 1.997 -10.151
11.957 -0.516 -12.548
13.771 -3.761 -11.715
14.916 -5.495 -8.528
16.784 -8.697 -7.738
14.484 -11.311 -6.159
14.318 -10.982 -2.344
16.734 -8.023 -2.295
15.080 -4.633 -1.849
16.834 -1.738 -3.594
19.367 -4.047 -5.264
19.065 -2.092 -8.530
19.088 1.358 -6.927
21.179 4.026 -8.690
22.051 1.927 -11.743
20.382 4.302 -14.220
16.619 3.810 -13.738
16.283 7.041 -11.753
17.543 9.147 -14.629
15.118 7.417 -17.002
12.095 7.783 -14.761
13.128 11.400 -14.062
12.929 11.884 -17.838
9.411 10.450 -17.779
8.331 12.806 -15.006
9.983 15.731 -16.806
8.227 14.890 -20.061
4.831 14.853 -18.354
5.595 18.032 -16.452
6.431 19.845 -19.697
4.040 18.282 -22.224
0.868 17.617 -20.276
-1.311 19.969 -18.311
-3.419 19.813 -15.173
-2.143 16.405 -14.038
-2.640 15.379 -10.439
0.620 14.134 -8.901
0.245 12.065 -5.733
3.526 12.104 -3.829
3.485 9.631 -0.957
6.546 9.766 1.271
9.777 11.763 1.210
11.324 9.863 -1.710
8.335 10.526 -3.993
8.197 14.116 -2.824
11.841 14.554 -3.834
11.205 12.932 -7.226
8.267 15.291 -7.793
10.026 18.347 -6.349
10.375 20.161 -9.700
6.784 19.697 -10.908
5.417 23.075 -11.898
2.749 23.851 -9.260
1.226 26.527 -11.512
0.624 23.988 -14.266
-0.139 20.759 -12.359
-1.822 19.807 -9.107
0.346 18.230 -6.421
-0.892 16.371 -3.334
1.564 15.110 -0.735
1.382 12.865 2.305
3.267 10.101 4.112
4.024 6.741 2.541
1.330 4.009 2.874
3.785 1.393 4.270
2.824 0.007 7.706
5.706 1.846 9.390
4.667 5.260 8.004
0.944 5.077 7.199
-0.249 6.675 10.468
2.140 9.568 9.958
-0.294 11.168 7.500
-1.431 8.720 4.822
-4.520 7.625 6.742
-6.794 10.651 6.521
-5.022 12.151 3.483
-8.185 11.751 1.370
-6.117 12.002 -1.803
-8.602 9.988 -3.878
-11.592 12.287 -3.414
-9.301 15.332 -3.609
-7.873 14.065 -6.910
-11.316 13.932 -8.516
-12.149 17.464 -7.417
-8.838 18.644 -8.902
-9.550 16.797 -12.149
-12.714 18.904 -12.501
-10.522 22.050 -12.442
-8.407 20.481 -15.168
-11.607 19.979 -17.235
-11.282 16.202 -16.972
-13.580 13.336 -16.072
-12.889 11.744 -12.672
-11.168 8.475 -11.896
-13.560 5.750 -10.866
-11.359 4.330 -8.123
-13.588 1.216 -7.818
-13.126 0.367 -11.506
-10.620 -2.419 -10.829
