33.107 8.274 7.071
30.932 5.357 8.313
31.006 1.571 8.439
27.788 -0.090 7.184
26.550 -3.583 8.065
23.581 -5.819 7.246
22.240 -7.648 10.295
19.473 -10.251 10.031
17.464 -11.096 13.140
14.694 -13.652 13.762
11.859 -12.185 15.841
11.256 -13.864 19.225
8.265 -14.068 21.576
9.382 -10.762 23.145
10.287 -9.218 19.773
13.780 -8.316 18.541
15.374 -7.617 21.932
16.412 -3.963 21.602
15.169 -0.412 22.203
15.411 2.550 19.858
15.452 6.320 20.273
15.619 9.037 17.626
13.427 10.261 14.786
12.679 13.610 13.173
10.460 14.472 16.161
12.791 12.881 18.720
16.428 13.653 17.987
19.059 11.549 19.797
21.581 14.324 19.241
21.176 17.831 17.767
20.153 17.989 14.102
20.342 14.226 13.545
16.979 12.608 12.746
18.411 9.054 12.875
17.104 5.981 14.689
19.650 4.811 17.246
19.924 1.733 19.423
19.707 2.577 23.139
19.498 -0.864 24.789
20.220 -4.543 23.926
18.226 -7.059 26.061
20.121 -10.066 27.511
18.840 -13.300 25.973
17.034 -11.444 23.171
17.548 -11.866 19.411
19.835 -8.824 18.988
22.053 -9.900 21.923
22.271 -13.507 20.807
23.104 -12.470 17.222
25.989 -10.406 18.585
26.358 -7.813 15.796
24.193 -4.873 16.955
25.640 -2.348 19.356
24.381 0.559 21.427
24.302 3.823 19.446
24.347 2.004 16.101
22.143 3.930 13.675
19.424 1.905 11.919
18.905 3.127 8.319
16.629 0.467 6.872
14.232 -2.185 8.123
13.616 -4.771 5.389
12.388 -2.554 2.515
11.556 0.459 4.705
13.872 3.489 4.727
14.074 4.846 8.304
16.899 7.361 7.697
14.502 10.282 8.292
11.110 9.363 9.726
9.071 10.163 12.851
9.767 7.831 15.803
6.417 5.979 15.520
7.048 5.109 11.843
10.335 3.412 12.801
8.626 1.498 15.626
5.893 0.528 13.178
8.443 -0.701 10.585
10.158 -2.872 13.174
6.821 -4.277 14.482
5.527 -5.237 11.029
8.764 -6.489 9.419
7.819 -10.176 9.931
9.745 -13.153 11.355
13.091 -12.281 9.680
14.247 -8.672 9.964
17.087 -7.369 7.822
18.619 -4.236 9.357
20.979 -1.908 7.543
23.004 -0.099 10.197
25.908 2.233 10.384
28.478 3.049 13.018
31.872 4.690 13.334
34.554 3.657 10.836
37.999 3.752 12.589
40.587 5.903 10.846
42.471 4.118 8.057
46.182 3.367 8.233
