7.926 11.321 3.585
7.338 11.485 7.355
7.366 15.218 8.296
6.324 17.315 11.300
2.653 18.208 10.925
2.761 21.554 12.768
5.365 24.247 13.657
5.156 23.224 17.346
5.980 19.647 16.405
8.838 20.833 14.189
10.304 22.940 16.991
10.185 19.934 19.376
12.028 17.772 16.843
14.655 20.526 16.443
15.185 20.779 20.218
15.619 16.970 20.381
18.116 17.229 17.478
20.123 19.776 19.578
20.124 17.473 22.600
21.014 14.326 20.605
23.527 16.196 18.325
21.876 15.720 14.922
23.045 18.870 13.175
22.003 17.581 9.721
18.398 17.668 10.958
18.844 21.276 12.166
20.161 22.372 8.745
17.554 20.509 6.668
14.642 21.887 8.678
15.888 25.485 8.169
14.412 27.562 5.328
16.144 26.124 2.221
17.436 29.601 1.090
19.317 29.942 4.411
20.823 26.479 4.596
24.086 27.360 2.795
24.516 30.190 5.320
24.680 27.760 8.287
27.957 26.301 9.619
27.104 22.722 10.502
30.298 22.216 12.496
29.515 25.243 14.705
25.983 23.979 15.252
27.364 20.514 16.068
29.802 21.869 18.672
27.281 24.226 20.337
24.689 21.439 20.522
27.246 19.076 22.113
28.659 21.567 24.622
25.355 22.991 25.915
24.147 21.050 28.956
20.517 20.742 27.865
17.945 20.287 30.680
14.532 20.367 29.032
11.846 22.130 26.986
8.728 24.077 27.903
6.410 25.047 25.054
4.722 28.272 26.202
2.463 28.917 23.185
1.784 27.822 19.623
0.318 30.197 17.049
-0.455 27.966 14.047
-2.179 30.731 12.036
0.187 33.681 12.455
-0.381 34.332 8.726
-1.623 32.359 5.728
1.759 30.640 5.592
3.456 31.278 8.963
3.303 30.018 12.510
5.044 30.880 15.736
6.089 28.806 18.760
7.171 30.458 22.042
9.269 28.197 24.253
11.871 27.945 26.992
14.891 25.741 26.373
16.568 24.900 29.669
20.223 24.270 30.285
22.647 23.787 33.171
25.561 26.099 34.010
27.933 26.377 37.013
25.400 28.970 38.179
22.297 26.674 38.025
19.292 25.909 35.781
18.900 28.615 33.080
16.518 29.032 30.129
16.565 30.529 26.650
13.165 32.212 26.198
12.531 32.224 22.500
9.848 33.185 19.995
10.507 31.283 16.757
8.879 31.723 13.379
8.216 29.060 10.810
7.052 29.071 7.182
5.073 26.440 5.297
6.467 25.633 1.838
4.937 23.267 -0.752
6.944 20.386 -2.256
7.914 20.887 -5.924
6.910 17.252 -6.135
3.303 16.805 -4.974
0.776 18.995 -3.143
2.515 18.176 0.185
3.970 20.990 2.282
6.514 21.100 5.102
7.286 23.578 7.837
10.651 25.311 7.920
12.399 27.372 10.570
13.120 31.046 9.723
16.616 31.569 11.205
16.819 35.158 12.511
20.568 34.919 13.248
22.029 34.398 9.713
23.288 37.510 7.878
