98.023 84.086 37.083
94.379 83.009 37.250
93.256 85.313 40.043
91.437 88.659 40.110
90.401 90.834 43.050
87.548 93.266 42.414
86.125 95.911 44.762
82.759 97.515 45.469
82.064 100.616 47.570
79.183 102.518 49.190
78.911 104.461 45.936
77.770 101.442 43.923
81.007 101.197 41.947
83.379 98.421 40.923
87.076 99.204 40.648
87.159 97.447 37.246
85.032 97.715 34.111
86.583 94.701 32.363
88.254 91.463 33.449
90.590 89.408 31.261
91.276 85.702 31.780
94.386 83.969 30.442
93.702 81.145 27.988
96.248 79.007 29.852
93.868 79.051 32.829
91.679 75.961 33.174
89.753 77.384 36.126
89.491 81.074 37.025
89.033 82.591 40.482
87.406 85.952 41.213
87.578 87.740 44.572
85.119 90.445 45.645
85.792 92.995 48.396
83.207 95.441 49.748
85.274 98.505 50.645
82.253 100.411 51.931
80.774 100.352 55.429
77.057 99.999 54.686
75.400 96.681 55.662
74.598 94.154 52.927
70.914 94.710 53.667
71.279 98.328 52.546
74.211 98.350 50.113
75.301 94.807 49.277
77.344 93.720 46.257
77.985 90.483 44.370
79.330 89.351 41.001
77.323 87.447 38.402
78.879 86.204 35.166
76.572 85.676 32.194
76.303 86.200 28.446
76.019 89.924 27.688
72.437 89.437 26.469
71.318 87.400 29.487
72.458 90.104 31.923
69.152 91.969 32.303
67.053 88.791 32.338
69.313 87.205 34.957
69.295 90.361 37.099
65.495 90.460 36.955
65.005 86.862 38.091
67.808 87.334 40.594
65.788 90.172 42.093
62.839 87.800 42.505
65.161 85.180 44.020
65.745 87.378 47.052
68.723 87.946 49.329
68.618 84.407 50.731
69.535 83.278 47.224
72.241 85.921 46.816
69.907 87.620 44.345
70.366 84.916 41.710
67.680 82.489 40.542
68.659 79.064 41.878
69.876 76.627 39.235
69.846 79.422 36.660
71.410 78.039 33.465
72.170 81.537 32.162
74.690 82.111 34.953
78.257 80.904 34.383
79.307 81.781 37.932
78.311 84.081 40.788
79.506 85.128 44.247
77.560 85.524 47.480
76.192 88.943 48.425
78.616 90.668 50.793
78.221 93.715 53.009
80.624 96.527 53.814
83.927 95.126 55.015
83.080 91.626 53.791
84.608 89.596 50.956
83.687 86.550 48.867
85.220 84.201 46.286
84.187 82.157 43.243
86.039 79.663 41.056
84.670 78.339 37.763
86.147 76.279 34.930
86.916 78.426 31.884
86.012 75.536 29.568
82.640 77.145 28.823
82.999 80.373 26.847
80.611 80.617 23.896
82.990 81.344 21.025
82.006 84.557 19.287
79.795 85.884 22.075
80.424 88.436 24.817
80.282 87.835 28.567
79.689 90.383 31.315
79.998 90.508 35.091
77.557 92.601 37.110
75.871 92.956 40.489
72.378 91.499 40.745
71.684 93.350 43.996
68.389 95.233 43.283
69.016 98.222 41.023
72.813 97.897 41.063
73.445 96.233 37.688
72.875 99.738 36.306
76.454 100.893 36.905
78.055 97.828 38.461
78.619 95.923 35.213
81.690 95.112 33.141
83.173 92.982 30.372
84.897 89.694 31.187
86.795 88.032 28.330
89.109 85.155 27.397
92.533 85.506 25.807
94.325 88.742 24.973
