12.521 24.318 7.978
13.426 25.089 11.612
17.090 24.945 12.629
16.446 25.678 16.322
18.151 22.905 18.273
16.215 23.715 21.439
13.028 22.602 19.657
14.395 19.104 19.022
14.120 15.785 20.837
15.995 15.417 24.120
17.853 12.443 22.646
18.793 14.537 19.639
20.042 17.341 21.881
21.967 14.792 23.935
23.600 13.537 20.729
24.673 17.069 19.806
26.521 17.364 23.113
28.355 14.072 22.623
29.269 15.322 19.144
30.656 18.481 20.727
32.925 16.429 22.989
33.981 14.001 20.245
34.777 16.728 17.697
36.620 18.520 20.473
39.052 15.626 20.903
39.737 15.445 17.167
40.299 19.201 17.190
42.882 18.980 19.961
44.681 16.132 18.205
44.832 18.244 15.061
46.160 21.336 16.858
48.541 19.293 18.994
46.733 20.288 22.161
47.246 17.534 24.732
44.133 15.449 25.331
43.448 11.967 26.662
40.729 10.619 24.388
39.921 7.735 26.730
39.171 10.076 29.612
36.620 11.971 27.509
34.804 8.833 26.358
34.441 7.939 30.032
32.776 11.294 30.782
30.010 10.470 28.300
26.707 8.785 29.248
27.274 5.026 29.087
24.395 4.507 26.654
26.202 6.890 24.297
29.851 5.867 24.539
29.416 3.712 21.431
28.057 6.824 19.759
31.002 8.831 21.061
33.551 6.420 19.591
31.843 6.458 16.207
31.549 10.247 16.237
35.197 10.496 17.282
36.180 8.408 14.231
33.875 10.534 12.081
35.318 13.855 13.240
38.889 12.589 12.959
38.234 12.095 9.258
36.872 15.626 8.973
40.062 16.824 10.658
41.929 15.802 7.493
40.101 18.538 5.596
41.581 21.140 7.946
45.094 22.544 8.495
47.387 20.936 11.063
48.514 22.911 14.103
51.919 23.167 12.454
50.507 24.694 9.268
50.782 28.379 8.236
47.140 29.000 9.141
48.146 28.738 12.805
51.502 30.518 12.509
