27.381 45.318 -8.476
30.349 43.764 -6.622
29.882 41.135 -3.924
32.389 41.733 -1.131
33.805 39.060 1.185
33.408 41.227 4.266
29.801 42.507 4.243
28.080 45.125 2.074
29.328 48.594 1.135
27.406 51.620 2.452
26.762 53.126 -1.005
25.094 49.805 -1.969
22.961 49.997 1.188
21.819 53.537 0.375
21.085 52.655 -3.263
18.738 49.906 -1.993
17.110 52.336 0.449
16.589 54.920 -2.341
14.952 52.275 -4.565
12.394 51.289 -1.911
11.846 54.865 -0.703
10.957 55.869 -4.299
8.498 52.942 -4.450
6.886 53.632 -1.048
6.612 57.425 -1.113
4.375 59.772 -3.069
6.214 62.195 -5.377
7.838 64.918 -3.272
7.382 62.944 -0.046
9.321 60.648 2.314
12.206 61.154 4.737
15.578 59.462 5.020
17.194 60.109 8.417
20.882 59.627 9.148
22.612 59.235 12.501
26.282 60.309 12.772
29.434 58.507 11.555
31.440 57.732 8.414
28.280 56.297 6.746
26.497 59.648 7.269
28.635 61.299 4.607
27.697 58.503 2.218
24.109 59.575 3.047
24.963 63.175 2.123
26.319 62.015 -1.263
23.933 59.180 -2.067
20.604 59.525 -0.234
17.458 60.441 -2.147
15.771 63.697 -1.064
12.665 64.728 -3.035
11.530 67.606 -0.765
13.075 70.100 1.678
14.262 68.116 4.734
13.807 64.873 2.738
17.251 63.964 4.037
17.586 64.717 7.748
20.760 64.698 9.793
22.437 66.844 12.455
24.842 69.173 10.640
25.734 71.648 13.421
25.892 69.478 16.543
26.331 65.969 15.057
25.737 63.948 18.243
25.782 60.198 17.688
22.453 58.586 18.689
20.630 61.370 16.793
18.945 58.885 14.437
16.112 57.445 16.529
14.774 60.757 17.962
15.071 62.478 14.556
13.133 59.607 12.934
10.496 59.918 15.698
10.215 63.676 15.103
10.145 63.199 11.324
7.495 60.432 11.384
5.280 62.494 13.705
5.659 65.588 11.491
4.849 63.546 8.374
2.419 60.872 9.659
1.452 59.529 6.217
4.931 59.437 4.640
7.584 56.685 4.792
10.421 57.360 7.230
13.686 55.446 6.872
16.645 55.704 9.243
20.244 54.735 8.586
22.589 54.472 11.598
25.987 52.915 12.361
26.607 50.438 15.204
28.513 53.019 17.327
25.977 55.847 17.156
22.906 53.615 17.072
23.856 51.698 20.212
24.671 54.946 22.058
20.889 55.645 22.083
19.306 52.297 21.113
16.998 51.998 24.151
14.481 54.379 22.585
13.577 51.526 20.216
10.971 50.787 22.930
9.625 54.321 22.420
9.304 53.668 18.663
7.356 50.460 19.458
5.218 52.153 22.147
4.188 55.043 19.872
3.877 52.531 17.002
5.740 54.743 14.534
6.284 52.726 11.319
9.949 53.787 10.994
12.226 51.452 9.015
15.726 51.383 10.496
18.894 50.117 8.830
21.858 49.578 11.154
25.141 49.357 9.247
27.406 47.383 11.562
31.201 47.145 11.424
31.822 46.650 15.190
33.714 49.964 15.227
33.416 53.705 15.632
34.559 53.725 11.997
34.806 57.492 11.505
37.168 57.611 14.495
39.398 54.823 13.150
39.638 56.951 9.992
40.892 59.933 12.027
43.420 57.695 13.825
44.854 56.756 10.420
44.773 60.331 9.100
46.705 61.565 12.158
48.993 58.625 12.969
48.958 56.285 9.917
47.721 53.404 12.104
44.772 52.340 14.283
44.497 51.789 18.033
41.665 49.321 18.654
41.061 50.062 22.388
39.766 53.546 21.395
37.442 52.454 18.521
36.610 48.710 18.523
33.558 46.950 19.962
32.560 43.309 20.387
29.468 41.824 18.735
26.001 43.303 19.204
23.064 41.486 17.634
20.903 44.446 16.592
18.174 42.136 15.256
17.821 40.509 18.695
18.170 43.936 20.330
15.236 45.348 18.328
13.097 42.284 19.061
13.818 42.609 22.798
12.260 46.089 22.494
9.235 44.749 20.579
10.445 45.842 17.135
10.389 43.223 14.351
13.798 42.794 12.730
15.898 40.850 10.220
19.507 40.524 9.030
20.403 41.376 5.402
23.790 40.608 3.843
23.345 41.418 0.130
21.343 43.697 -2.195
18.653 41.050 -2.755
18.051 40.436 0.960
18.195 44.163 1.758
15.622 45.142 -0.894
13.255 42.403 0.350
13.717 43.490 3.989
13.150 47.172 3.135
10.009 46.346 1.117
8.728 44.194 3.995
9.427 47.020 6.462
7.852 49.747 4.323
4.596 47.763 4.034
4.523 46.422 7.629
2.431 49.146 9.314
4.737 49.030 12.340
8.438 49.714 13.016
11.034 47.391 11.466
14.802 47.069 11.883
17.354 45.638 9.456
20.965 44.900 10.432
23.530 45.000 7.621
27.178 43.972 8.041
29.469 46.510 6.348
33.119 47.475 6.028
34.793 50.621 4.679
38.375 49.993 3.556
39.128 53.722 3.725
42.138 55.507 2.239
43.421 58.098 4.793
45.422 59.999 2.139
42.375 61.307 0.253
40.880 63.305 3.137
42.976 66.500 2.976
39.819 68.637 2.645
38.994 67.907 6.327
42.029 69.821 7.636
41.650 73.115 5.772
