-21.500 -2.030 10.059
-24.093 -3.712 7.790
-25.397 -0.420 6.368
-22.858 2.152 5.120
-23.640 5.769 4.349
-21.335 7.261 1.714
-20.657 10.918 2.317
-19.569 13.045 -0.602
-19.507 16.775 -1.278
-21.721 18.221 -4.024
-19.196 17.983 -6.887
-20.024 15.998 -10.030
-16.421 14.852 -10.027
-17.027 13.191 -6.667
-20.111 11.318 -7.927
-18.165 8.696 -9.834
-15.699 8.263 -6.991
-18.514 7.754 -4.453
-20.215 5.312 -6.851
-17.045 3.401 -7.572
-16.618 2.735 -3.833
-20.346 1.885 -3.527
-19.712 -0.824 -6.130
-16.945 -2.361 -4.010
-19.157 -2.074 -0.929
-22.023 -3.799 -2.748
-19.730 -6.527 -4.021
-18.719 -7.137 -0.400
-22.344 -7.488 0.762
-22.954 -4.054 2.299
-26.043 -1.882 1.782
-25.401 1.808 1.184
-26.958 5.208 0.568
-25.034 8.131 -0.901
-25.281 11.500 0.824
-24.336 14.495 -1.337
-23.648 17.489 0.882
-25.108 17.658 4.407
-28.682 18.870 3.716
-30.336 15.474 3.986
-29.043 14.980 7.575
-30.912 15.700 10.807
-31.378 14.626 14.448
-34.312 12.916 16.130
-35.908 14.192 19.353
-33.158 12.976 21.734
-30.317 13.896 19.368
-29.559 10.799 17.302
-28.271 11.276 13.717
-30.608 10.234 10.890
-30.521 10.491 7.119
-33.323 11.540 4.764
-35.451 8.399 4.949
-35.092 8.575 8.716
-32.620 5.678 9.123
-29.868 5.999 11.776
-26.395 6.969 10.580
-24.005 4.428 12.123
-21.260 3.750 9.610
-19.739 6.261 7.213
-17.240 6.111 4.350
-16.384 9.698 3.535
-14.961 11.512 0.551
-14.330 14.587 2.735
-10.881 15.251 4.218
-10.580 15.127 8.014
-8.856 18.496 7.915
-12.109 20.105 6.723
-13.739 18.977 9.980
-10.670 20.023 11.918
-11.182 23.496 10.410
-14.726 23.614 11.871
-13.145 23.140 15.324
-10.474 25.775 14.663
-13.270 28.179 13.592
-14.512 28.292 17.198
-12.317 26.415 25.735
-14.618 23.397 25.477
-14.520 20.206 27.509
-15.015 18.079 24.408
-15.105 18.176 20.630
-17.819 20.908 20.285
-20.307 18.915 18.198
-24.050 19.510 18.018
-26.643 16.868 18.915
-29.583 19.192 18.316
-30.315 22.493 16.551
-33.307 24.789 15.720
-32.964 24.565 11.922
-31.699 21.006 12.262
-28.427 22.195 10.712
-25.866 19.336 10.718
-22.210 20.248 10.068
-19.529 17.842 8.855
-18.019 17.412 12.365
-21.472 16.695 13.831
-21.298 13.445 11.896
-17.576 12.483 11.816
-16.846 13.086 15.480
-20.032 11.521 16.843
-18.751 8.676 19.088
-21.277 6.196 17.778
-20.380 6.809 14.104
-17.821 4.360 12.757
-15.965 6.283 10.073
-13.654 5.237 7.223
-10.960 6.301 6.800
-10.390 6.219 10.567
-9.245 9.351 12.353
-5.618 8.241 12.897
-4.937 8.397 9.138
-4.632 12.182 9.388
-1.191 11.577 10.857
0.412 9.700 7.892
-1.438 12.044 5.559
