64.629 3.463 39.461
63.391 5.188 42.610
64.973 3.906 45.815
63.665 4.069 49.380
65.747 4.020 52.569
65.013 3.480 56.243
61.580 1.932 55.669
59.942 -0.584 58.024
60.584 -3.552 55.756
64.291 -2.674 55.765
64.561 -2.159 59.529
62.474 -5.150 60.553
64.226 -7.060 57.800
67.778 -6.242 58.831
67.089 -7.827 62.208
65.765 -11.039 60.666
69.331 -11.626 59.472
70.468 -11.925 63.091
68.286 -14.902 63.916
70.158 -17.941 65.203
73.105 -15.832 66.284
74.944 -14.185 69.161
75.559 -10.453 69.623
78.557 -9.692 71.829
79.403 -6.656 73.952
82.925 -5.447 73.178
85.097 -2.802 74.823
88.073 -2.720 72.493
89.097 -3.350 68.914
90.798 -6.496 70.161
87.591 -7.836 71.623
85.677 -6.914 68.498
88.072 -9.123 66.553
87.780 -12.040 68.968
84.004 -11.720 68.780
84.072 -11.626 64.969
86.468 -14.585 64.701
84.243 -16.528 67.095
81.271 -16.193 64.770
79.360 -13.383 66.434
76.696 -11.908 64.159
77.301 -8.382 65.509
79.073 -6.502 68.283
77.836 -3.938 70.809
80.219 -1.024 71.457
80.748 -0.087 75.092
83.227 1.669 77.370
82.637 -0.916 80.109
80.513 -4.110 80.084
77.329 -4.446 82.237
79.145 -6.115 85.150
81.533 -3.164 85.403
78.678 -0.696 84.945
77.318 -2.201 88.182
80.590 -2.365 90.106
81.639 1.180 89.120
78.497 3.282 89.498
77.942 6.898 88.505
75.977 7.994 85.433
76.163 5.549 82.524
75.887 7.358 79.194
76.580 6.869 75.501
80.055 5.609 74.662
82.658 8.036 73.334
82.607 8.493 69.566
86.285 7.523 69.576
85.557 4.180 71.194
82.749 3.448 68.727
84.812 4.380 65.651
87.544 2.126 66.994
85.176 -0.813 66.936
83.466 0.161 63.689
86.820 0.124 61.941
87.924 -3.139 63.558
85.337 -5.531 62.104
83.101 -5.901 59.091
80.049 -7.155 60.968
77.365 -4.689 62.092
78.201 -2.495 65.066
75.538 -1.496 67.623
75.755 1.242 70.248
73.615 1.835 73.362
71.908 5.144 74.220
70.161 6.245 77.402
66.410 5.768 77.353
64.671 8.837 75.957
67.916 10.530 74.918
66.987 11.777 71.451
70.246 13.714 71.030
72.508 10.720 71.682
70.516 8.744 69.109
70.707 11.510 66.497
74.462 11.642 66.986
74.733 7.855 66.647
72.572 7.707 63.532
74.788 10.383 61.960
77.853 8.386 62.985
76.561 5.473 60.934
76.086 2.884 63.688
74.091 -0.107 62.356
71.652 -0.522 65.238
70.868 1.724 68.192
70.012 0.124 71.511
67.845 2.259 73.769
68.805 0.185 76.789
68.031 0.286 80.470
71.519 -0.813 81.500
72.404 2.864 81.086
71.194 5.708 83.325
67.777 6.624 81.829
67.564 10.143 80.402
63.785 10.347 80.241
61.786 8.969 83.152
58.483 8.529 81.305
58.891 8.629 77.547
61.109 6.752 75.141
62.581 7.914 71.875
60.108 8.203 69.038
62.013 5.766 66.825
59.889 6.346 63.728
61.775 9.580 63.052
64.990 7.616 62.515
66.360 5.706 59.534
68.485 3.393 61.605
66.744 0.544 63.441
66.353 0.419 67.228
66.239 -2.520 69.637
64.508 -2.226 73.011
64.003 -4.252 76.140
60.835 -5.771 77.500
59.838 -7.897 80.455
56.543 -9.018 78.941
54.270 -8.846 75.884
52.800 -5.559 77.069
55.992 -3.512 76.910
57.464 -5.471 74.038
54.363 -4.351 72.166
54.570 -0.763 73.434
58.238 -0.526 72.455
57.251 -1.726 68.986
54.490 0.886 68.767
57.202 3.506 69.270
59.151 2.076 66.338
61.408 -0.674 67.716
62.466 -3.081 64.977
63.799 -5.665 67.423
62.991 -6.583 71.013
65.234 -8.233 73.539
63.710 -9.883 76.556
65.920 -8.632 79.376
66.997 -10.143 82.669
69.607 -8.839 85.098
72.538 -7.329 83.262
75.964 -8.457 84.461
75.066 -10.915 87.217
75.680 -14.235 85.490
72.195 -15.343 86.487
69.764 -16.369 83.711
66.835 -16.513 86.133
65.230 -13.175 85.152
65.857 -13.877 81.467
64.117 -17.228 81.832
61.245 -15.677 83.782
60.562 -13.034 81.116
61.162 -15.181 78.063
58.644 -17.647 79.461
56.299 -14.816 80.311
56.338 -13.316 76.811
55.981 -16.676 75.078
53.147 -17.664 77.419
51.167 -14.504 76.687
51.782 -14.766 72.963
50.450 -18.318 72.986
47.335 -17.172 74.870
46.664 -14.171 72.659
46.883 -16.585 69.741
43.566 -18.080 70.806
41.643 -14.986 71.865
38.541 -13.625 70.168
38.554 -9.984 69.113
36.468 -8.849 72.098
38.974 -10.666 74.325
41.864 -9.032 72.468
40.540 -5.505 73.105
40.035 -6.414 76.740
43.468 -8.002 77.101
44.987 -4.922 75.515
43.610 -2.829 78.350
44.848 -5.335 80.919
48.472 -5.589 79.768
48.465 -2.077 78.359
49.347 -2.959 74.775
47.956 -1.610 71.479
45.092 -3.803 70.219
46.304 -3.428 66.649
49.564 -5.164 67.505
47.710 -7.841 69.478
45.651 -8.720 66.418
48.960 -8.966 64.567
50.479 -11.255 67.188
47.347 -13.362 67.052
47.835 -14.055 63.347
51.622 -14.454 63.164
51.555 -16.633 66.269
54.628 -14.692 67.406
55.946 -11.155 68.046
55.946 -8.974 64.956
59.745 -8.502 65.219
62.795 -10.560 66.201
63.008 -11.368 69.928
66.375 -12.033 71.580
67.187 -13.331 75.049
69.484 -11.105 77.101
70.942 -10.655 80.563
72.737 -13.270 82.618
73.911 -15.675 79.946
77.266 -16.902 81.207
77.744 -20.407 79.793
76.941 -22.354 76.579
74.213 -24.243 78.451
72.573 -20.929 79.372
72.521 -19.890 75.702
71.010 -23.212 74.641
68.327 -22.892 77.309
67.297 -19.479 76.040
66.748 -21.033 72.625
64.824 -23.919 74.213
62.542 -21.301 75.696
61.866 -19.751 72.296
64.435 -17.022 71.722
65.603 -16.037 68.247
69.157 -15.550 69.540
71.061 -14.146 72.506
72.925 -11.047 73.595
76.012 -11.810 75.670
78.018 -9.044 77.284
79.766 -9.816 80.569
79.563 -13.610 80.323
82.276 -13.857 77.639
84.980 -11.362 78.448
84.532 -11.731 82.210
85.541 -15.389 81.956
89.013 -16.953 81.910
89.355 -17.711 78.206
87.073 -15.318 76.251
87.936 -16.536 72.774
87.258 -20.098 73.930
83.969 -19.188 75.631
82.879 -17.075 72.672
83.168 -19.839 70.064
81.137 -22.102 72.370
78.309 -19.579 72.774
77.997 -19.236 69.005
77.763 -23.018 68.657
75.303 -23.470 71.532
72.781 -21.118 69.985
73.027 -23.087 66.730
73.030 -26.584 68.223
70.808 -25.987 71.261
68.842 -29.131 70.405
71.953 -31.314 69.986
73.151 -32.762 73.327
76.161 -34.395 71.706
77.353 -31.052 70.430
76.363 -29.097 73.521
78.521 -31.483 75.559
81.396 -31.186 73.104
81.536 -27.387 73.321
81.201 -27.678 77.100
84.078 -30.154 77.607
86.241 -27.116 78.085
85.302 -23.458 78.227
87.317 -22.087 81.097
85.835 -20.499 84.210
82.534 -18.615 83.710
82.268 -15.288 85.502
81.554 -15.771 89.236
78.304 -13.856 89.035
76.338 -11.868 91.579
73.419 -13.364 93.522
