-10.447 1.020 -6.222
-7.742 1.237 -3.492
-9.188 1.767 0.085
-8.108 4.847 2.141
-6.284 2.736 4.839
-2.485 3.131 5.414
-0.332 -0.013 4.795
3.494 -0.497 4.631
5.020 -2.417 1.657
8.032 -3.547 -0.440
5.902 -4.641 -3.492
2.258 -4.251 -4.743
1.466 -7.805 -3.430
1.646 -6.363 0.165
-1.130 -3.812 -0.657
-4.976 -3.954 -0.694
-7.088 -4.503 -3.875
-6.507 -1.957 -6.717
-3.564 -0.398 -4.754
0.149 0.022 -5.694
3.262 0.131 -3.466
4.511 3.757 -3.853
8.188 4.956 -3.599
7.581 6.165 0.024
7.263 2.426 1.039
3.457 2.666 1.667
0.354 1.627 -0.337
-1.931 3.935 -2.423
