31.908 54.227 42.253
32.895 56.371 45.248
35.509 58.730 46.692
38.200 57.551 49.100
37.954 60.158 51.871
39.871 58.669 54.786
42.977 56.579 55.374
43.474 56.242 59.125
46.617 54.532 60.403
47.775 53.533 63.864
49.829 51.072 65.875
48.739 49.129 68.962
52.257 49.220 70.459
51.111 46.293 72.618
51.829 42.747 71.419
53.114 40.892 68.331
49.787 39.089 67.729
47.222 40.308 70.308
45.337 43.651 70.264
44.981 45.635 73.531
41.890 45.038 75.701
40.572 48.589 75.086
41.181 48.500 71.306
42.897 51.904 71.400
44.743 51.174 68.140
41.486 50.401 66.343
39.921 53.540 67.900
42.822 55.687 66.636
42.663 54.240 63.112
38.899 54.844 62.824
39.100 58.313 64.402
41.909 59.328 62.024
39.986 58.214 58.920
36.942 60.192 60.147
39.005 63.311 60.893
40.500 63.258 57.366
37.056 63.029 55.731
35.685 65.869 57.877
32.782 63.623 58.898
31.243 62.974 62.314
30.763 59.408 63.657
26.969 59.754 63.192
27.492 60.326 59.444
28.828 56.786 58.905
26.249 54.428 57.413
28.162 51.131 57.207
31.228 49.610 58.872
32.826 46.486 57.423
34.565 45.162 60.554
37.909 43.340 60.540
36.482 40.691 62.905
38.158 37.435 61.886
36.155 35.093 64.190
38.594 35.254 67.119
37.477 35.376 70.800
39.653 38.344 71.867
39.976 40.152 68.518
36.269 40.426 67.679
35.331 41.683 71.156
38.124 44.288 71.101
36.931 45.693 67.764
33.294 45.652 68.957
34.429 47.618 72.025
36.331 50.019 69.740
33.285 50.512 67.472
31.282 51.362 70.620
33.933 53.919 71.638
34.116 55.638 68.233
30.398 55.734 67.426
28.879 55.640 70.958
25.195 56.682 70.677
25.214 56.165 66.878
26.177 52.516 67.474
24.371 51.704 70.748
21.014 52.956 69.401
21.209 50.479 66.508
21.503 53.216 63.870
24.976 52.114 62.725
25.030 49.115 60.393
28.067 46.869 60.756
29.114 43.367 59.729
32.111 41.153 59.079
32.171 39.340 55.734
34.861 36.877 56.893
32.194 34.279 57.734
31.754 33.984 53.947
35.228 34.624 52.485
37.389 33.470 55.381
40.465 35.503 56.309
42.103 36.491 52.998
45.131 37.761 54.964
47.101 40.190 52.730
44.106 40.447 50.393
41.512 40.921 53.170
41.766 44.725 53.345
41.417 45.078 49.572
38.536 42.636 49.123
36.652 44.209 52.038
37.255 47.733 50.700
35.582 46.523 47.493
32.648 45.226 49.580
32.424 48.673 51.229
32.509 50.459 47.839
29.819 48.059 46.564
27.674 48.738 49.650
27.669 52.421 48.654
27.137 51.591 44.963
24.235 49.133 45.425
22.705 50.344 48.707
23.024 46.881 50.273
25.018 46.050 53.399
26.267 42.431 53.580
25.438 40.019 56.419
27.678 38.402 59.015
27.323 34.623 58.730
26.923 32.247 61.692
25.887 34.678 64.450
23.583 32.284 66.314
24.570 33.523 69.764
25.918 37.104 69.587
28.757 38.164 71.917
27.643 39.460 75.388
28.847 42.951 74.361
25.914 43.101 71.923
22.269 43.776 72.767
18.922 44.259 70.982
20.139 47.551 69.463
23.952 47.297 69.271
24.213 44.232 67.025
26.025 43.150 63.831
23.921 42.495 60.714
22.814 38.870 60.313
20.891 39.390 57.065
21.785 41.393 53.945
19.911 44.663 54.347
18.834 47.239 51.783
19.693 50.750 52.991
21.111 54.038 51.738
24.874 53.769 52.184
26.480 57.155 51.527
29.533 56.389 53.683
31.336 53.072 54.268
34.343 52.407 56.515
36.552 49.294 56.396
38.915 48.215 59.206
42.009 46.025 58.699
44.337 44.990 61.543
47.547 42.927 61.343
50.268 41.207 63.372
52.674 43.733 64.879
49.700 45.859 65.923
49.413 47.560 62.532
46.012 49.179 61.895
44.346 50.756 58.892
40.869 52.168 58.368
39.621 53.120 54.897
36.655 55.479 54.578
34.690 55.767 51.335
31.814 58.075 50.406
29.474 58.596 47.454
30.418 61.534 45.213
