46.646 25.456 24.652
47.266 22.501 22.222
47.660 24.040 18.733
47.422 27.718 17.614
48.164 29.766 14.545
50.167 32.178 16.725
53.652 30.716 17.524
54.048 32.365 20.956
50.580 31.332 22.249
51.766 27.729 22.811
54.492 28.649 25.360
56.647 25.783 24.024
59.977 25.301 25.947
61.576 24.351 22.617
61.156 25.569 19.032
57.546 24.670 18.058
56.626 22.573 15.072
55.175 24.541 12.127
52.501 22.845 10.001
51.518 24.819 6.858
49.013 23.768 4.143
48.010 26.405 1.529
50.187 29.361 2.656
48.891 29.518 6.255
50.672 28.229 9.335
49.779 26.371 12.541
52.100 25.686 15.430
52.208 22.761 17.789
54.467 21.926 20.726
56.212 18.552 21.044
58.074 19.444 24.249
55.716 18.919 27.166
56.382 20.813 30.391
55.296 18.581 33.317
