-19.034 42.713 90.021
-16.807 43.264 93.082
-13.966 41.202 91.581
-14.381 42.968 88.199
-14.009 46.492 89.632
-11.028 45.201 91.638
-9.563 43.799 88.417
-9.663 47.252 86.792
-8.331 48.915 89.956
-5.355 46.554 89.899
-4.593 47.413 86.262
-4.912 51.169 86.935
-2.535 50.930 89.913
0.101 48.917 88.062
-0.252 51.323 85.066
0.279 54.192 87.499
3.670 52.599 88.373
2.560 51.753 91.955
4.295 48.341 91.656
3.166 44.817 92.529
4.028 44.890 96.219
1.989 48.009 97.127
-0.783 47.086 94.692
-1.236 43.610 96.251
-1.362 45.143 99.768
-3.953 47.717 98.709
-6.225 45.277 96.829
-6.202 42.923 99.801
-7.086 45.580 102.397
-9.816 46.967 100.150
-11.294 43.446 99.784
-10.945 42.608 103.500
-12.879 45.772 104.429
-16.007 44.700 102.504
-16.559 48.435 101.952
-19.305 49.609 99.613
-17.354 51.637 97.086
-13.854 50.456 96.519
-12.583 53.608 94.735
-13.312 55.677 97.885
-11.735 52.964 100.060
-8.631 53.016 97.813
-8.391 56.832 98.006
-8.210 56.782 101.811
-5.590 54.007 101.906
-3.429 55.805 99.298
-3.595 59.257 100.930
-2.651 57.454 104.162
0.442 55.869 102.638
1.389 59.381 101.384
1.148 60.930 104.848
3.730 59.081 107.029
