30.967 38.182 33.783
32.012 35.547 31.246
31.336 35.630 27.487
30.849 32.457 25.420
30.915 32.718 21.623
29.757 29.869 19.444
30.660 28.350 17.071
34.466 28.141 17.361
34.674 27.658 13.557
32.211 28.248 10.727
32.708 27.420 7.012
30.878 29.221 4.195
31.044 30.337 0.553
30.952 33.830 -0.927
27.298 34.932 -1.216
26.067 32.886 1.763
24.707 34.345 5.025
25.897 33.360 8.498
25.075 34.129 12.132
27.737 33.794 14.814
26.561 33.936 18.399
27.738 35.388 21.720
26.150 34.480 25.089
26.694 36.329 28.390
26.900 34.648 31.823
24.814 37.407 33.459
22.658 40.180 31.944
24.581 43.047 30.305
21.674 45.010 28.799
23.182 46.275 25.492
26.785 46.802 26.663
28.384 44.717 23.872
30.683 45.363 20.904
31.571 43.315 17.799
35.035 43.185 16.266
36.578 41.773 13.085
40.225 40.721 12.956
41.857 39.783 9.646
45.147 37.915 9.260
47.786 40.447 9.995
46.128 43.663 11.080
44.767 44.815 14.448
41.088 44.368 15.458
38.350 46.449 13.830
35.088 47.829 15.282
31.922 46.539 13.553
29.008 47.111 15.949
28.560 49.240 19.093
25.646 49.458 21.569
24.833 45.839 20.487
22.937 46.915 17.299
24.473 50.204 16.048
26.654 49.785 12.954
30.134 51.362 13.221
31.309 54.008 10.744
32.004 52.892 7.145
30.858 49.278 7.476
28.590 47.536 4.942
24.873 46.987 5.673
25.320 43.218 5.192
26.643 43.221 8.768
24.096 43.677 11.582
23.836 42.971 15.327
20.838 41.813 17.339
19.432 40.851 20.732
19.770 42.210 24.258
20.665 41.167 27.811
22.142 37.665 27.652
21.882 36.461 24.013
23.439 38.348 21.088
24.133 37.521 17.443
25.969 38.958 14.432
24.486 38.333 10.990
26.543 38.616 7.805
24.477 38.686 4.573
25.875 37.965 1.091
29.443 37.188 2.217
32.221 38.923 0.271
35.725 37.318 0.055
37.221 39.895 2.447
34.787 38.887 5.246
36.629 35.652 6.113
38.714 35.957 9.259
38.149 36.064 12.998
35.329 37.705 14.953
35.063 38.744 18.610
32.383 40.098 20.919
33.412 42.216 23.913
31.102 43.195 26.762
31.775 46.372 28.739
29.126 46.294 31.527
31.886 46.952 34.102
34.877 44.819 33.315
35.161 44.403 29.556
36.236 40.858 28.770
36.182 39.218 25.332
34.629 36.011 24.049
36.935 33.312 22.652
36.211 34.377 19.096
35.243 32.624 15.872
37.170 31.792 12.703
35.022 32.181 9.607
36.260 29.562 7.139
36.171 29.695 3.351
34.340 26.532 2.201
36.404 24.478 -0.243
