3.528 49.637 52.847
7.181 50.616 52.444
7.988 54.339 52.652
9.825 55.716 49.621
11.380 58.990 48.479
8.213 59.968 46.615
6.158 59.656 49.801
8.168 62.389 51.528
9.294 64.598 48.650
7.632 67.931 48.018
5.421 68.785 46.305
2.940 66.516 48.054
-0.482 65.529 46.727
-2.195 68.879 47.367
0.868 71.102 46.948
1.804 73.406 44.043
4.260 72.374 41.324
7.979 72.430 42.129
9.269 76.011 41.983
11.919 75.781 39.281
14.120 78.083 37.210
14.747 77.341 33.555
18.320 77.417 32.294
17.429 79.713 29.426
13.993 81.331 29.589
13.656 83.173 32.916
13.738 86.963 32.769
15.114 89.056 35.631
11.559 89.973 36.656
10.381 86.350 36.656
13.088 85.354 39.131
12.563 88.487 41.219
8.854 87.748 41.608
9.861 84.205 42.558
12.300 85.490 45.194
9.693 87.841 46.668
6.827 85.334 46.583
8.653 82.316 48.046
10.902 81.525 51.019
12.584 78.419 49.603
16.305 78.223 50.344
17.022 77.233 46.758
15.680 76.293 43.351
16.359 73.444 40.973
17.398 74.577 37.510
16.105 72.570 34.546
16.691 72.563 30.788
13.034 73.401 30.163
9.643 72.931 31.804
8.964 70.280 29.156
11.976 68.071 29.882
12.269 68.815 33.604
15.819 67.539 33.192
18.017 68.684 36.050
20.776 71.143 35.245
21.611 72.046 38.832
20.486 73.825 41.996
20.753 77.511 42.925
20.335 79.194 46.332
17.957 82.111 46.947
20.652 84.124 48.725
22.995 83.860 45.749
20.342 84.932 43.239
19.468 88.000 45.281
23.083 89.124 45.559
23.807 88.336 41.904
20.738 90.008 40.392
21.016 92.835 42.908
24.569 93.514 41.738
23.528 92.992 38.114
20.945 95.801 38.013
23.518 97.776 39.977
26.265 97.245 37.460
25.393 99.130 34.326
25.825 96.444 31.869
22.330 97.618 31.029
20.479 94.757 32.757
16.710 95.335 33.110
13.528 93.472 34.125
13.003 91.855 30.710
16.639 90.721 30.620
16.939 86.980 30.060
18.918 85.077 32.673
20.775 81.936 31.601
22.705 79.257 33.496
24.300 77.706 30.415
27.832 78.720 29.447
26.481 80.688 26.513
23.346 82.708 25.857
20.480 81.229 23.847
19.522 82.678 20.436
17.818 86.054 20.984
15.450 88.099 18.751
16.655 91.297 16.988
15.898 93.983 19.592
16.295 92.248 22.960
17.900 93.588 26.180
21.364 92.574 27.479
21.449 89.190 29.239
22.587 88.006 32.671
24.789 84.918 32.949
24.342 83.282 36.360
26.314 80.097 35.669
28.728 80.907 38.504
26.204 80.560 41.345
24.749 77.284 40.053
25.515 74.076 41.899
26.168 71.758 38.946
26.362 68.681 41.185
23.198 68.612 43.266
22.475 65.425 45.204
19.712 63.430 43.626
17.800 60.279 44.431
15.265 58.205 42.508
11.626 58.488 43.560
11.513 54.749 44.316
14.403 54.995 46.792
13.404 53.735 50.246
13.253 56.556 52.816
15.460 54.492 55.138
18.160 54.792 52.467
17.508 58.526 51.941
17.731 59.189 55.684
20.997 57.281 55.797
22.382 59.237 52.847
21.396 62.524 54.513
23.210 61.544 57.718
26.348 60.092 56.167
26.717 62.837 53.563
25.469 65.799 55.589
23.017 66.859 52.898
21.040 70.087 53.203
18.687 68.944 50.457
18.106 66.137 47.991
16.448 66.318 44.598
14.197 63.413 43.674
13.948 62.110 40.121
12.042 59.671 37.959
13.845 58.209 34.941
16.207 61.174 34.676
13.428 63.726 35.214
12.939 66.092 38.159
9.948 65.281 40.388
10.491 66.854 43.785
12.744 67.833 46.667
13.564 66.597 50.158
15.263 68.986 52.588
17.029 68.219 55.863
14.018 69.480 57.815
11.725 67.261 55.717
13.821 64.295 56.820
13.501 65.430 60.439
9.726 65.847 60.127
9.549 62.328 58.701
11.556 60.881 61.580
9.233 62.726 63.957
6.210 61.242 62.203
7.447 57.657 62.600
8.053 58.408 66.274
4.603 57.903 67.822
7.221 51.075 63.484
10.566 49.271 63.558
