36.121 58.013 94.873
36.575 61.661 95.881
33.685 64.163 95.668
36.084 66.343 93.652
36.624 63.567 91.059
32.883 62.772 90.811
31.954 66.459 90.460
34.410 66.735 87.550
32.969 63.594 85.916
29.407 64.890 86.399
30.219 68.239 84.720
31.892 66.326 81.874
29.119 63.755 81.255
26.390 66.419 81.477
28.124 68.288 78.638
28.393 65.009 76.680
24.710 64.085 77.194
23.555 67.484 75.887
25.991 67.421 72.941
25.269 63.807 71.881
21.547 64.683 71.972
22.242 67.706 69.731
24.231 65.463 67.361
21.404 62.916 67.125
19.076 65.734 66.000
21.561 67.447 63.650
22.129 64.068 61.975
18.330 63.781 61.772
18.258 67.073 59.830
21.045 65.675 57.627
19.566 62.190 57.164
16.143 63.701 56.310
17.902 65.563 53.472
19.972 62.484 52.548
17.089 59.995 52.251
15.044 62.228 49.924
18.107 62.968 47.762
18.939 59.241 47.685
15.698 58.552 45.767
16.676 60.020 42.340
20.362 59.062 42.740
19.373 55.385 43.107
17.580 55.106 39.750
20.393 57.228 38.255
23.171 54.944 39.537
21.595 51.942 37.771
23.524 52.638 34.542
41.896 50.572 41.780
39.684 50.335 44.882
39.557 52.914 46.406
37.408 53.358 49.568
34.609 55.779 50.502
33.518 57.234 53.876
33.887 60.765 55.353
35.832 63.152 57.609
33.613 62.816 60.670
33.614 60.126 63.367
30.988 59.189 65.978
29.096 57.014 63.500
29.815 53.543 64.860
31.557 51.302 62.339
30.972 53.300 59.101
34.713 53.875 58.543
35.969 50.528 59.884
33.433 48.531 57.818
34.733 49.925 54.500
38.397 50.113 55.559
46.394 54.360 46.981
43.989 57.334 47.324
40.741 57.082 49.375
37.940 59.648 49.778
37.263 61.001 53.276
39.994 62.017 55.728
39.136 59.010 57.911
39.990 56.463 55.182
43.588 57.766 55.098
44.106 58.134 58.880
43.082 54.489 59.395
45.291 53.441 56.439
43.285 61.564 49.445
40.305 63.882 49.929
39.212 66.106 52.804
35.948 68.000 53.449
33.542 65.126 52.682
30.283 64.398 54.516
29.478 67.716 56.230
27.594 69.119 53.240
25.696 66.548 51.138
27.906 65.059 48.343
27.301 66.224 44.759
28.208 64.828 41.322
30.648 67.763 41.326
32.381 66.038 44.241
32.602 62.809 42.198
33.966 64.801 39.230
36.759 66.310 41.354
37.769 62.789 42.502
37.552 61.338 38.965
39.534 64.186 37.360
42.379 63.548 39.815
42.644 59.877 38.790
34.216 47.674 42.215
33.998 50.647 44.599
33.562 50.114 48.366
30.878 52.026 50.281
28.029 51.603 52.780
24.554 51.058 51.292
21.631 52.540 53.266
18.738 50.205 54.166
16.909 51.873 57.078
17.540 54.107 60.131
19.519 51.242 61.712
20.714 48.990 58.887
23.570 49.542 56.413
25.754 47.133 54.392
29.310 47.212 53.016
34.821 57.596 31.162
31.605 59.258 32.356
30.028 56.159 33.943
33.220 56.018 36.022
32.222 59.352 37.596
28.683 57.955 37.916
29.941 55.052 40.054
31.975 57.316 42.382
28.846 59.466 42.787
26.581 56.510 43.594
29.010 55.333 46.283
28.933 58.891 47.713
25.140 59.251 47.899
24.743 55.894 49.652
27.860 56.339 51.831
26.510 59.494 53.497
22.918 58.290 53.959
24.427 55.299 55.770
26.794 57.579 57.723
24.106 60.021 58.894
21.759 57.277 60.116
24.629 55.409 61.795
25.594 58.640 63.578
21.910 59.060 64.546
21.915 55.551 66.045
25.309 56.017 67.725
24.560 59.474 69.185
21.127 58.432 70.427
22.710 55.423 72.147
25.557 57.613 73.482
23.019 60.094 74.893
21.152 57.224 76.587
24.386 55.873 78.093
25.397 59.348 79.295
21.988 59.701 80.953
22.343 56.319 82.718
25.874 57.184 83.852
24.709 60.577 85.214
22.246 58.693 87.446
24.918 56.219 88.579
27.427 59.011 89.348
24.802 61.204 91.079
23.956 58.311 93.384
27.655 57.655 93.976
28.101 61.363 94.686
25.305 61.396 97.249
26.256 58.215 99.107
29.811 59.597 99.327
28.520 63.036 100.422
26.518 61.415 103.244
29.303 59.000 104.291
31.885 61.831 104.560
29.569 63.746 106.894
28.823 60.613 108.950
32.477 59.531 109.286
33.678 63.014 110.284
30.968 63.179 112.960
31.849 59.730 114.357
35.519 60.843 114.700
34.380 63.888 116.679
32.005 61.865 118.885
34.791 59.303 119.523
37.328 61.968 120.504
34.783 63.638 122.806
33.647 60.433 124.574
37.287 59.415 125.209
37.804 62.426 127.528
37.784 62.772 131.349
