20.408 -1.019 -6.145
23.456 -3.272 -5.794
24.321 -4.609 -2.348
28.045 -5.198 -1.832
30.300 -5.878 1.134
32.143 -2.812 2.411
34.804 -2.200 5.033
34.325 -0.319 8.288
36.341 2.614 7.007
33.994 2.900 4.020
31.081 3.770 6.321
32.570 6.792 8.068
31.687 9.445 5.466
27.970 8.597 5.343
27.805 8.020 9.114
29.257 11.480 9.548
27.112 13.200 6.863
23.817 11.584 7.841
23.987 10.479 11.472
26.571 12.629 13.265
27.390 15.748 11.234
27.965 17.991 14.276
30.595 15.817 15.966
34.184 15.053 14.936
34.662 12.158 12.514
36.064 9.992 15.328
32.484 9.853 16.728
31.647 7.741 13.663
34.412 5.230 14.392
32.109 2.971 16.361
33.945 0.759 18.815
31.573 -2.075 17.855
33.222 -2.184 14.402
36.100 -3.912 16.207
33.999 -6.625 17.827
34.242 -10.219 16.684
32.409 -11.000 13.434
31.410 -7.450 12.589
30.464 -6.888 8.953
29.215 -4.024 6.830
27.066 -3.724 3.726
26.735 -0.932 1.197
24.006 -0.114 -1.267
25.266 1.305 -4.552
23.287 3.301 -7.108
24.493 5.058 -10.279
28.157 4.747 -9.347
27.856 5.904 -5.735
27.693 4.367 -2.275
24.315 5.658 -1.015
23.322 3.334 1.851
25.215 1.716 4.721
24.541 -0.758 7.535
26.767 -2.432 10.123
26.247 -5.608 12.123
27.963 -7.430 14.970
27.126 -10.156 17.481
25.689 -8.748 20.746
23.100 -10.319 23.020
20.714 -7.846 24.609
19.821 -8.757 28.186
16.167 -7.851 27.578
15.726 -9.830 24.337
15.344 -13.568 24.031
17.508 -15.608 21.699
20.778 -17.437 22.194
22.647 -15.678 19.368
21.788 -12.075 18.518
23.183 -9.334 16.292
22.974 -5.554 16.640
22.543 -3.136 13.721
24.413 0.175 13.903
24.953 2.937 11.402
21.859 2.402 9.238
21.698 5.356 6.807
20.658 6.247 3.259
21.726 9.468 1.534
19.120 12.144 0.714
18.338 11.803 -3.005
18.396 8.030 -2.757
15.873 7.249 -0.048
12.586 5.495 -0.806
14.336 3.204 -3.366
14.500 0.118 -1.040
18.246 0.687 -0.535
17.968 0.302 3.245
15.556 -2.642 3.022
17.876 -4.364 0.562
20.783 -4.070 2.996
18.708 -5.455 5.875
17.390 -8.408 3.851
20.872 -9.279 2.578
22.182 -9.038 6.170
19.366 -11.340 7.363
20.665 -14.003 4.929
24.147 -13.686 6.365
22.825 -13.758 9.924
20.507 -16.732 9.314
23.429 -18.651 7.790
25.493 -17.827 10.934
22.721 -19.258 13.163
21.619 -15.916 14.583
18.182 -15.859 16.201
17.414 -12.178 16.318
18.470 -8.798 14.849
18.028 -5.739 17.073
18.658 -2.015 16.900
18.492 0.992 19.210
16.471 2.740 16.519
16.100 6.462 16.135
12.433 7.042 16.886
12.274 9.067 13.652
12.999 5.764 11.786
10.690 3.534 13.822
8.250 3.173 10.897
11.003 1.943 8.609
11.878 -0.896 10.974
8.163 -1.630 11.407
7.794 -2.062 7.610
10.718 -4.521 7.835
8.805 -6.497 10.477
10.600 -5.224 13.595
8.767 -4.724 16.905
9.437 -2.119 19.611
10.328 -3.095 23.148
10.485 -0.973 26.258
10.473 2.795 26.400
11.890 5.688 24.416
15.250 6.874 25.802
17.635 9.669 24.850
21.192 9.124 23.498
23.423 12.242 23.678
23.860 14.029 21.284
21.689 12.160 18.730
18.276 12.228 20.363
15.435 9.770 21.117
15.882 6.039 20.486
13.794 2.928 21.054
14.802 -0.736 21.163
13.522 -2.650 18.147
14.010 -6.258 17.110
13.215 -8.859 14.495
13.183 -12.584 15.123
14.841 -14.341 12.161
14.220 -17.961 13.098
