16.038 24.600 71.899
13.173 23.969 74.324
11.217 26.122 76.780
10.337 24.873 80.279
6.905 26.094 81.375
6.706 28.357 84.413
3.292 29.353 85.812
2.279 32.916 84.897
4.795 33.127 82.028
3.690 35.173 79.024
4.000 32.961 76.011
3.267 33.135 72.272
2.112 29.736 71.018
0.793 28.216 67.805
-2.507 26.361 67.593
-2.246 22.825 66.238
-5.374 20.877 67.241
-8.959 21.818 68.052
-10.647 19.390 70.426
-14.338 19.354 71.418
-14.004 21.822 74.298
-10.606 23.484 73.659
-7.456 24.163 71.597
-4.084 22.343 71.734
-1.182 24.822 71.476
2.548 24.521 70.761
4.773 26.715 72.908
8.147 25.119 72.023
8.038 23.091 75.246
8.453 19.321 75.837
4.765 19.389 76.726
2.031 20.969 74.636
-0.268 23.551 76.127
-4.060 23.653 76.232
-6.223 26.783 76.039
-9.678 26.021 77.457
-12.718 27.250 75.506
-14.449 28.485 78.674
-11.393 30.711 79.311
-11.616 32.255 75.835
-15.417 32.698 75.819
-15.995 33.705 79.464
-18.806 31.139 79.270
-19.542 27.519 78.374
-19.479 26.176 74.810
-22.967 26.091 73.262
-24.875 23.188 71.753
-23.636 23.681 68.138
-20.729 26.063 68.717
-17.168 26.090 67.361
-16.397 27.203 63.882
-12.909 28.590 64.423
-13.436 32.382 64.152
-12.195 32.273 67.730
-9.023 30.231 66.913
-8.041 27.751 64.160
-4.982 25.664 63.306
-2.028 27.875 62.270
-3.064 30.885 64.369
-0.475 32.485 66.644
-1.741 33.198 70.183
-0.262 35.391 72.904
-1.151 33.847 76.265
-0.202 33.221 79.906
0.347 29.902 81.697
-2.430 29.585 84.303
-1.509 26.075 85.466
1.539 23.787 85.307
3.478 21.300 87.429
5.449 18.049 86.917
2.132 16.129 87.020
0.243 17.895 84.204
0.584 19.660 80.854
0.528 23.486 80.855
-2.839 25.292 80.765
-3.225 28.604 78.963
-5.265 31.710 79.723
-6.221 34.541 77.347
-7.706 36.699 80.166
-5.142 39.552 80.337
-4.857 42.638 78.118
-3.232 42.304 74.700
-3.293 38.480 74.946
-5.386 36.357 72.516
-4.925 35.792 68.775
-2.370 37.644 66.693
-3.623 39.385 63.550
