37.603 -3.214 8.213
39.799 -6.189 7.232
41.857 -5.515 4.107
45.055 -6.424 2.263
46.400 -3.364 0.467
48.706 -3.998 -2.481
51.091 -1.721 -4.368
50.091 0.033 -7.574
50.702 -1.147 -11.166
54.335 -1.568 -12.116
55.994 -1.115 -15.491
59.522 -2.473 -15.655
62.081 -3.374 -18.313
63.308 -6.965 -18.799
66.160 -8.107 -16.570
65.378 -5.864 -13.600
63.292 -6.615 -10.510
60.346 -5.252 -8.533
59.209 -5.640 -4.944
55.454 -5.842 -4.351
54.051 -5.003 -0.924
50.933 -6.394 0.718
49.826 -4.662 3.899
47.309 -6.359 6.149
45.033 -4.348 8.401
41.856 -4.911 10.364
42.903 -8.257 11.823
45.832 -9.837 13.658
48.585 -10.117 11.050
50.606 -12.879 12.730
47.537 -15.119 12.899
47.273 -15.581 9.115
50.003 -16.731 6.741
50.477 -14.786 3.516
50.202 -16.631 0.205
50.926 -15.283 -3.269
48.981 -16.146 -6.415
49.678 -15.262 -10.059
47.070 -14.761 -12.776
48.618 -14.899 -16.246
47.219 -15.232 -19.751
49.312 -18.373 -20.363
46.995 -20.159 -17.919
45.327 -18.130 -15.192
45.712 -18.974 -11.485
49.017 -20.271 -10.154
50.126 -20.585 -6.540
53.526 -18.994 -5.996
54.217 -19.726 -2.351
53.462 -18.829 1.243
55.266 -17.143 4.093
54.647 -17.666 7.783
53.879 -14.209 9.184
54.942 -15.632 12.525
58.364 -17.146 11.750
59.198 -15.891 8.275
59.364 -19.474 6.968
58.670 -19.718 3.230
57.530 -22.554 1.016
57.712 -21.958 -2.723
56.058 -23.528 -5.725
59.056 -25.248 -7.357
58.225 -23.345 -10.547
58.882 -19.963 -8.878
62.001 -20.687 -6.833
64.707 -18.144 -7.633
62.250 -15.895 -9.477
60.280 -14.880 -6.402
61.568 -14.006 -2.919
59.074 -13.541 -0.104
59.787 -11.661 3.115
57.682 -10.129 5.859
57.903 -7.189 8.254
55.855 -7.976 11.380
56.210 -4.459 12.792
54.672 -2.831 9.724
52.247 -5.701 9.049
53.563 -5.853 5.486
54.483 -8.896 3.404
56.656 -8.507 0.306
57.400 -10.344 -2.891
60.458 -9.411 -4.889
60.326 -10.587 -8.511
63.804 -10.733 -10.056
65.267 -11.222 -13.545
61.942 -10.246 -15.083
60.920 -11.461 -18.543
57.835 -10.888 -20.716
56.273 -14.011 -19.197
56.271 -12.390 -15.760
53.670 -9.880 -16.915
50.603 -10.738 -14.855
48.467 -9.774 -11.865
49.931 -10.786 -8.509
47.591 -11.295 -5.570
48.327 -11.779 -1.890
45.838 -13.706 0.240
45.751 -14.532 3.948
45.287 -18.080 5.229
44.304 -19.549 8.620
41.872 -22.223 9.742
39.691 -24.567 7.697
39.801 -22.513 4.520
42.410 -20.852 2.383
41.978 -17.496 0.673
39.047 -15.874 2.471
40.385 -12.329 1.972
42.321 -11.380 -1.155
44.424 -8.360 -2.050
43.242 -6.155 -4.921
46.063 -7.374 -7.136
49.170 -5.683 -8.503
49.674 -5.635 -12.262
53.263 -6.013 -13.433
54.079 -5.228 -17.061
57.541 -6.275 -18.264
58.408 -4.326 -21.427
61.124 -2.254 -23.104
