4.890 12.877 3.591
7.917 10.729 2.757
6.172 7.429 3.533
4.158 7.487 0.303
7.475 7.443 -1.584
8.645 4.106 -0.173
8.166 1.258 -2.717
5.913 -1.433 -1.245
6.692 -4.989 -2.359
4.007 -7.531 -3.249
6.027 -10.430 -1.838
4.973 -13.326 -4.061
5.862 -16.130 -1.639
3.054 -18.593 -0.858
0.605 -15.744 -0.231
-1.680 -13.687 -2.470
-3.780 -11.010 -0.759
-4.930 -7.761 -2.370
-3.845 -4.643 -0.476
-3.474 -0.882 -0.962
-0.315 1.229 -1.226
0.687 4.829 -1.953
1.768 5.737 -5.487
3.343 9.183 -5.369
0.067 10.880 -4.486
-2.743 8.420 -5.242
-3.390 4.881 -4.012
-2.857 1.569 -5.800
-3.715 -2.145 -5.635
-1.850 -5.426 -6.123
-1.424 -8.959 -4.779
0.628 -8.490 -1.613
1.528 -11.930 -0.303
2.926 -10.136 2.723
6.621 -10.137 1.815
8.136 -6.675 1.495
6.546 -3.766 3.322
7.492 -0.794 5.491
5.380 2.366 5.517
3.977 2.405 1.981
2.039 -0.836 2.478
-1.516 -0.890 3.845
-4.434 -3.391 4.110
-7.295 -1.019 3.269
-7.422 2.098 1.094
-9.053 3.975 3.979
-5.596 4.211 5.541
-3.862 4.891 2.228
-6.129 7.884 1.610
-6.005 9.091 5.217
-2.197 9.007 5.129
-1.631 10.808 1.816
-5.083 11.960 0.678
-6.045 13.371 4.077
-2.588 14.329 5.343
