10.027 9.268 16.294
13.136 7.101 15.878
12.516 4.369 13.287
9.970 4.907 10.485
6.570 6.559 11.009
4.127 3.659 11.445
3.512 0.227 9.892
0.101 -0.318 8.275
-1.523 -3.404 6.740
-1.912 -3.406 2.947
-5.622 -4.162 3.485
-5.964 -0.611 4.844
-4.232 0.826 1.752
-6.091 1.663 -1.478
-5.419 -0.726 -4.377
-5.044 1.053 -7.726
-6.287 -1.143 -10.588
-4.967 1.527 -12.996
-1.369 0.302 -12.610
-1.386 -1.892 -9.466
-0.412 0.720 -6.852
-1.267 1.208 -3.162
-1.732 4.563 -1.411
-2.092 5.681 2.219
-3.833 8.812 3.636
-1.343 11.282 5.120
-2.203 13.974 7.733
-0.041 16.467 5.807
-2.583 16.578 2.967
-1.330 14.142 0.319
-1.289 10.323 0.260
1.608 7.829 0.293
2.217 5.559 -2.722
3.731 2.096 -3.262
3.730 -0.145 -6.360
2.613 -3.794 -6.103
5.982 -4.889 -7.521
7.761 -3.082 -4.666
5.923 -5.181 -2.075
6.611 -8.345 -4.105
10.358 -7.603 -3.924
10.513 -6.222 -0.388
10.026 -2.468 -0.860
7.465 -2.122 1.944
8.113 1.609 2.297
5.951 4.505 1.126
7.247 8.035 0.570
5.094 11.173 0.427
5.829 13.800 -2.282
4.966 16.574 0.209
6.078 15.701 3.758
8.670 13.214 2.440
8.002 10.817 5.329
8.318 7.025 5.515
5.775 4.306 6.354
5.890 0.507 6.560
3.495 -1.585 4.520
2.506 -4.964 5.973
1.248 -7.697 3.636
1.282 -11.432 2.891
4.641 -12.282 1.288
3.225 -15.730 0.456
0.457 -14.078 -1.591
2.596 -11.335 -3.179
5.390 -13.791 -4.045
3.527 -15.948 -6.566
5.966 -17.698 -8.899
3.763 -20.398 -10.432
0.518 -19.790 -8.506
-2.025 -17.242 -9.768
-4.384 -16.084 -6.942
-8.173 -15.746 -7.310
-10.686 -12.835 -6.984
-12.811 -12.298 -3.868
-15.729 -9.832 -4.071
-15.359 -6.142 -4.996
-14.934 -2.864 -3.092
-16.062 0.599 -4.205
-15.479 3.261 -1.533
-13.278 5.741 -3.415
-14.772 9.005 -2.122
