5.041 -1.277 -7.742
7.297 -3.965 -6.143
9.662 -1.308 -4.590
6.738 0.944 -3.460
4.687 -1.503 -1.386
7.616 -3.619 -0.066
9.025 -0.420 1.538
5.435 0.865 2.291
4.457 -2.348 4.170
7.586 -2.694 6.332
7.736 -2.629 10.236
9.832 0.485 10.848
9.367 2.119 7.390
5.545 2.550 7.711
6.419 4.093 11.132
9.138 6.373 9.524
6.832 7.499 6.722
3.915 8.476 9.053
6.369 10.173 11.523
8.012 12.126 8.644
4.590 13.745 7.951
4.458 15.255 11.518
8.270 15.960 11.487
10.480 16.582 8.378
12.995 18.308 10.744
16.444 16.653 10.844
18.324 13.311 10.318
17.443 11.041 13.252
14.644 13.305 14.684
12.486 10.225 13.932
14.277 8.635 16.944
11.943 10.686 19.222
8.810 9.891 17.129
9.560 6.092 17.140
11.412 5.526 20.485
14.077 3.698 18.353
17.820 4.563 18.032
18.870 7.210 15.478
21.189 4.599 13.844
18.450 1.890 13.795
15.753 4.223 12.325
18.235 5.618 9.725
19.218 2.096 8.495
15.725 1.773 6.991
16.138 5.155 5.130
19.039 3.576 3.157
16.256 1.612 1.407
13.461 4.255 1.497
15.348 6.884 -0.590
16.141 4.315 -3.363
12.514 3.077 -3.323
11.700 6.821 -4.075
9.465 7.189 -0.950
11.686 9.798 0.767
13.800 12.743 -0.472
16.559 14.659 1.379
16.389 18.496 1.367
18.078 21.449 3.137
16.177 23.906 5.471
17.172 27.175 7.361
20.254 25.564 9.102
20.534 21.753 8.315
19.523 18.840 6.001
16.052 17.193 6.322
14.197 14.049 5.189
10.668 14.397 3.635
8.094 12.108 1.926
8.477 11.956 -1.889
5.503 14.308 -2.465
2.037 15.359 -1.256
0.974 12.088 -3.024
2.272 9.739 -0.256
1.531 12.253 2.560
-2.177 12.268 1.455
-2.744 8.489 0.803
-0.828 7.540 4.018
-2.673 10.440 5.801
-6.264 9.232 4.930
-5.183 5.995 6.616
-5.046 2.842 4.375
-8.125 1.639 6.373
-6.568 -1.840 7.268
-6.855 -0.846 10.986
-3.310 0.697 10.694
-0.919 -1.964 9.341
1.429 -3.357 12.059
3.387 -6.648 12.097
0.737 -9.275 12.982
0.581 -13.092 12.982
-1.850 -13.660 10.060
-1.194 -16.325 7.309
-1.563 -16.797 3.514
-3.267 -19.127 0.937
-7.054 -19.304 0.306
-9.190 -22.093 1.914
-6.104 -22.997 4.115
