-9.264 -4.206 33.407
-11.623 -2.611 35.955
-13.227 -6.051 36.404
-11.219 -9.276 36.823
-11.063 -11.085 33.439
-12.669 -14.546 33.197
-11.216 -17.291 30.969
-13.646 -19.763 29.360
-12.975 -23.025 27.485
-14.268 -23.299 23.899
-14.415 -26.356 21.612
-13.018 -26.199 18.059
-14.243 -28.471 15.241
-11.628 -29.501 12.652
-11.138 -32.279 10.075
-9.618 -35.494 11.475
-5.909 -36.000 10.703
-5.360 -32.219 10.607
-6.665 -31.520 14.133
-3.029 -31.290 15.287
-2.066 -28.881 12.481
-5.236 -26.836 13.099
-3.947 -26.033 16.606
-0.596 -24.898 15.162
-2.438 -22.571 12.755
-4.049 -20.829 15.752
-0.598 -19.898 17.106
0.243 -18.319 13.729
-3.054 -16.439 13.270
-3.165 -15.543 16.984
0.530 -14.569 17.051
0.077 -12.462 13.893
-3.110 -10.817 15.215
-1.547 -10.790 18.704
-4.535 -12.763 20.039
-2.346 -14.783 22.435
-3.704 -12.552 25.225
-7.152 -14.089 24.624
-5.893 -17.665 24.155
-4.651 -19.091 27.475
-4.067 -22.847 27.079
-5.006 -24.867 23.972
-5.596 -28.631 24.274
-4.788 -31.292 21.652
-6.500 -34.692 22.164
-4.749 -35.970 19.013
-1.034 -36.394 18.220
0.631 -35.149 15.013
1.839 -38.737 14.482
0.341 -42.171 15.236
1.776 -45.030 17.327
2.472 -48.413 15.693
0.543 -50.109 18.524
-3.196 -50.395 17.786
-6.372 -52.041 19.130
-5.711 -55.689 20.057
-8.705 -56.730 17.921
-10.251 -55.003 14.883
-13.694 -55.396 16.498
-12.435 -53.277 19.419
-13.219 -49.548 19.130
-11.274 -46.389 20.050
-12.451 -43.975 22.769
-10.440 -41.159 21.144
-12.513 -38.225 19.837
-10.604 -36.742 16.854
-11.887 -33.536 15.212
-12.611 -31.966 18.621
-10.152 -29.574 20.305
-10.461 -27.622 23.577
-9.000 -24.103 23.860
-9.257 -21.616 26.752
-9.927 -18.026 25.628
-12.375 -15.111 25.969
-15.271 -15.003 23.478
-14.931 -11.790 21.435
-15.539 -10.535 17.873
-11.789 -10.631 17.128
-10.932 -14.173 18.280
-14.229 -15.559 16.923
-13.526 -14.013 13.496
-9.905 -15.203 13.799
-11.087 -18.790 14.388
-13.134 -18.776 11.160
-10.039 -17.542 9.288
-8.203 -20.632 10.585
-7.993 -23.143 7.686
-9.205 -26.741 8.145
-11.827 -25.644 10.700
-15.462 -26.826 10.605
-16.584 -24.189 13.133
-17.304 -23.934 16.877
-19.263 -26.331 19.117
-21.937 -24.835 21.401
-25.598 -23.743 21.381
-25.238 -22.199 17.901
-22.638 -21.940 15.111
-22.138 -18.236 15.882
-21.489 -18.359 19.651
-20.074 -21.460 21.420
-21.650 -21.776 24.888
-18.947 -21.750 27.616
-18.391 -24.861 29.765
-17.092 -25.329 33.328
-13.307 -25.803 33.549
-13.871 -29.161 35.286
-15.943 -30.320 32.290
-12.992 -29.605 29.969
-10.780 -31.802 32.180
-13.274 -34.676 31.837
-13.018 -34.578 28.025
-9.212 -34.914 28.127
-9.544 -37.513 30.910
-11.382 -39.786 28.447
-8.406 -39.615 26.054
-6.107 -40.842 28.850
-8.512 -43.725 29.568
-7.308 -46.915 27.840
-8.785 -50.397 27.290
-6.192 -52.166 29.471
-8.819 -54.871 30.095
-10.795 -55.342 26.835
-13.934 -57.522 26.957
