2.071 0.001 -1.247
0.928 -0.735 -4.791
4.050 -2.066 -6.508
6.130 0.067 -8.874
5.969 0.986 -12.561
8.028 4.011 -13.599
10.954 3.302 -11.276
11.812 0.002 -9.590
13.656 -0.579 -6.327
17.069 -0.169 -7.938
15.977 2.755 -10.114
14.444 4.477 -7.089
17.945 4.908 -5.667
19.173 6.792 -8.734
16.176 9.111 -8.403
16.865 10.053 -4.783
20.497 10.408 -5.855
19.974 13.005 -8.584
19.949 16.536 -7.173
17.157 18.946 -8.107
19.732 21.706 -8.572
23.489 21.888 -9.284
24.129 24.094 -6.267
21.318 22.834 -4.068
20.946 20.172 -1.387
17.593 18.711 -2.434
17.008 15.625 -4.580
14.161 14.410 -6.791
11.199 12.659 -5.170
8.149 10.648 -6.232
6.119 13.849 -5.919
8.146 15.334 -8.777
7.416 12.260 -10.950
3.663 12.692 -10.510
3.529 16.357 -11.511
5.314 15.319 -14.704
3.150 12.302 -15.530
0.097 14.497 -14.955
1.257 17.458 -17.042
1.612 14.960 -19.889
-1.866 13.420 -19.889
-3.265 16.942 -19.558
-1.198 18.502 -22.345
-1.952 15.504 -24.540
1.005 13.183 -24.006
0.812 9.790 -22.300
2.186 9.008 -18.841
3.252 5.377 -19.236
5.812 6.632 -21.755
8.004 7.596 -18.799
8.765 3.939 -18.081
10.641 3.160 -21.297
13.608 5.261 -22.416
12.362 5.115 -26.007
9.023 6.722 -25.204
10.823 9.489 -23.329
12.694 10.320 -26.535
9.379 11.301 -28.122
8.574 13.565 -25.174
11.969 15.281 -25.142
11.981 15.792 -28.911
8.699 17.706 -28.742
9.517 19.752 -25.642
13.015 20.282 -27.038
12.023 22.924 -29.625
9.410 24.149 -27.148
11.920 24.842 -24.374
12.872 28.249 -25.833
9.409 28.892 -27.267
7.505 27.604 -24.253
6.258 29.082 -20.985
7.952 28.176 -17.703
5.249 25.569 -17.097
6.692 23.786 -20.132
10.299 24.201 -18.998
9.743 22.331 -15.733
8.038 19.470 -17.571
11.069 19.228 -19.856
13.835 19.338 -17.247
12.006 16.496 -15.501
11.808 14.244 -18.560
15.514 14.732 -19.258
16.223 13.199 -15.850
13.761 10.331 -16.254
15.287 9.326 -19.589
18.794 9.502 -18.127
17.874 7.146 -15.287
16.536 4.620 -17.798
19.349 5.056 -20.366
21.689 4.230 -17.483
23.415 7.618 -17.564
25.090 8.934 -14.412
24.080 12.530 -13.691
24.992 14.765 -10.752
22.188 17.278 -11.293
19.581 18.447 -13.804
22.054 20.636 -15.689
24.135 17.507 -16.197
21.196 15.340 -17.230
20.263 17.795 -19.982
23.779 18.110 -21.399
23.899 14.326 -21.752
20.485 14.206 -23.424
21.019 17.001 -25.946
24.476 15.568 -26.626
22.851 12.429 -28.036
20.594 14.563 -30.286
23.161 17.073 -31.543
25.458 14.200 -32.503
22.768 13.122 -34.967
21.704 16.645 -35.929
25.185 17.274 -37.292
24.346 15.041 -40.245
20.570 15.476 -40.132
20.997 19.196 -40.799
24.022 19.046 -43.101
22.162 21.470 -45.367
22.895 21.943 -49.094
25.985 23.537 -50.637
26.901 27.220 -50.396
23.816 29.113 -51.564
22.031 32.166 -50.166
18.249 32.051 -49.591
16.434 33.563 -52.572
13.133 34.601 -50.996
10.237 35.290 -53.401
8.912 38.760 -54.224
6.005 39.995 -52.105
4.648 43.111 -50.396
1.528 44.924 -49.193
-0.033 48.345 -49.675
-2.853 50.560 -48.463
-2.592 54.263 -49.256
-3.923 56.936 -51.612
