1.873 8.946 0.247
3.042 8.179 -3.293
1.162 5.208 -4.851
4.228 3.699 -6.542
3.497 0.380 -4.844
0.465 -0.435 -6.977
-1.086 -2.522 -4.225
-4.658 -2.451 -3.011
-5.127 -1.980 0.723
-8.564 -3.537 0.356
-7.419 -6.542 2.382
-5.374 -4.301 4.668
-2.028 -5.740 3.580
0.906 -4.534 1.470
3.802 -6.665 0.287
6.040 -3.729 -0.564
7.939 -3.015 2.649
7.770 0.703 3.286
4.361 1.243 1.730
1.558 2.457 3.966
-1.837 0.782 3.828
-3.961 3.805 2.969
-7.250 1.924 2.503
-8.035 0.998 -0.095
-4.556 1.633 -1.601
-0.973 0.979 -0.497
1.036 4.177 -0.841
4.714 4.648 -0.066
5.159 7.917 1.818
