2.093 -0.001 -1.242
0.235 -1.283 -4.304
2.006 -3.886 -6.437
1.409 -3.780 -10.191
3.363 -6.979 -10.835
2.301 -10.167 -9.052
5.074 -12.579 -10.030
5.803 -13.480 -6.406
3.052 -14.184 -3.874
3.389 -13.426 -0.174
1.465 -10.498 1.348
2.233 -8.812 4.669
1.056 -10.214 8.003
-0.262 -8.369 11.057
-1.453 -9.499 14.474
0.656 -9.464 17.631
-2.002 -8.343 20.109
0.442 -5.709 21.354
2.554 -8.482 22.879
6.201 -7.705 23.634
8.411 -10.666 24.541
12.144 -11.031 25.169
12.625 -14.630 24.035
13.124 -15.778 20.444
10.100 -18.079 20.622
8.025 -14.893 20.728
8.211 -11.664 18.725
9.116 -8.419 20.491
6.677 -6.101 18.717
3.143 -4.715 18.965
0.218 -5.086 16.562
-0.133 -2.866 13.509
3.344 -3.759 12.276
3.678 -5.701 9.022
5.884 -8.780 8.681
6.623 -11.677 6.328
7.017 -15.423 6.862
10.503 -16.889 6.478
9.579 -20.543 6.985
6.285 -22.441 6.845
6.084 -25.423 9.199
3.210 -27.798 9.953
3.598 -27.050 13.662
4.554 -23.388 14.038
4.998 -20.565 11.529
8.169 -18.485 11.244
7.829 -14.699 11.124
10.294 -11.819 10.809
9.561 -8.314 12.091
10.970 -5.729 9.682
11.309 -1.970 10.151
9.289 0.653 8.277
11.970 0.497 5.583
11.471 -3.247 5.250
14.789 -4.242 6.774
14.593 -7.251 9.079
14.714 -6.516 12.809
12.893 -8.954 15.089
12.850 -12.735 14.683
10.605 -15.461 16.063
7.853 -17.998 15.426
4.171 -18.156 16.367
0.916 -19.897 15.360
-1.476 -18.312 12.863
-3.918 -18.100 15.773
-1.867 -15.104 16.904
-1.087 -13.192 13.710
-3.464 -12.986 10.749
-2.578 -12.568 7.073
-3.343 -9.239 5.399
-4.194 -9.879 1.747
-3.717 -6.885 -0.550
