8.263 -14.406 8.691
9.468 -11.513 6.537
9.677 -8.079 8.159
10.557 -4.751 6.543
12.789 -3.976 9.509
14.870 -7.114 9.024
15.033 -6.978 5.227
15.802 -3.252 5.231
18.372 -3.702 7.998
20.039 -6.389 5.882
20.205 -4.457 2.612
21.192 -1.408 4.638
20.135 -0.121 8.050
17.019 0.714 10.110
16.646 4.302 8.906
13.787 4.210 6.399
11.874 1.561 8.346
9.634 4.242 9.851
9.009 5.894 6.482
8.008 2.649 4.768
5.877 1.441 7.678
4.084 4.778 8.014
3.872 4.789 4.216
1.916 1.542 4.306
5.026 -0.481 3.499
4.991 -2.146 6.919
4.502 -5.663 5.551
7.109 -7.292 3.310
4.199 -9.080 1.638
3.536 -5.790 -0.150
6.474 -6.689 -2.392
6.007 -10.452 -2.379
4.244 -10.718 -5.731
5.397 -7.408 -7.211
8.853 -6.119 -6.280
9.007 -2.457 -5.270
9.292 0.073 -8.096
11.597 3.068 -8.530
8.607 5.422 -8.519
7.436 3.918 -5.228
10.742 3.843 -3.347
11.309 7.343 -4.726
7.825 8.539 -3.780
8.313 7.416 -0.180
11.229 9.615 0.836
14.734 8.180 0.598
17.699 10.027 2.103
19.576 10.632 -1.149
20.866 9.032 -4.351
22.924 5.860 -4.067
20.254 3.905 -2.207
17.502 3.723 -4.827
19.411 1.203 -6.944
20.307 -0.737 -3.797
16.691 -1.276 -2.743
15.705 -1.917 -6.360
18.344 -4.541 -7.144
17.822 -5.976 -3.661
14.028 -6.208 -3.555
14.283 -7.448 -7.141
16.978 -10.010 -6.338
14.986 -11.227 -3.335
14.654 -14.973 -4.045
10.952 -15.277 -3.226
9.631 -16.181 -6.676
8.623 -19.820 -7.133
6.485 -21.920 -9.514
4.374 -23.397 -6.717
3.600 -19.871 -5.554
