21.929 -17.522 9.217
18.109 -17.233 9.056
16.267 -16.581 5.751
12.446 -16.100 5.759
10.170 -15.513 2.718
7.597 -12.618 2.906
3.966 -13.318 3.916
0.844 -11.095 4.153
-0.750 -11.938 7.535
-3.595 -9.474 6.789
-5.027 -8.362 3.416
-5.910 -4.642 2.779
-9.679 -4.244 2.231
-11.242 -1.603 -0.055
-12.299 1.907 1.058
-14.381 4.784 -0.368
-13.792 8.451 0.582
-14.694 12.018 -0.490
-12.634 14.481 -2.597
-10.201 16.129 -0.165
-10.208 13.443 2.554
-7.705 10.719 3.539
-7.540 6.902 3.645
-5.188 4.296 5.189
-4.073 0.965 3.666
-2.109 -1.308 6.043
-0.971 -4.950 6.309
1.412 -7.190 8.321
4.386 -8.796 6.506
6.750 -11.342 8.151
10.078 -11.518 6.248
13.808 -12.000 7.016
15.355 -9.767 5.884
12.684 -7.021 5.229
11.641 -7.053 1.507
11.473 -4.260 -1.107
7.996 -2.651 -1.318
6.298 -1.463 -4.548
2.955 0.374 -5.040
1.051 0.698 -8.349
-2.254 2.526 -9.098
-4.075 1.838 -12.424
-0.741 0.585 -13.865
0.836 3.900 -12.774
3.986 3.854 -10.589
3.068 5.495 -7.243
5.728 7.872 -5.848
5.902 9.018 -2.202
7.569 12.435 -2.713
4.372 14.391 -1.844
2.115 15.242 1.119
-0.840 13.583 -0.685
0.979 10.194 -0.533
3.046 8.728 2.364
4.361 5.207 3.143
6.141 3.614 6.139
6.969 0.095 7.396
7.005 -0.803 11.118
9.229 -3.311 13.005
6.133 -5.555 13.376
6.120 -5.735 9.572
3.198 -3.283 9.422
3.205 -1.602 5.985
0.964 1.511 6.031
0.058 3.722 3.037
-1.572 7.107 3.805
-3.417 8.839 0.939
-4.406 12.483 1.632
-6.528 15.018 -0.293
-7.438 12.316 -2.846
-9.951 13.310 -5.565
-11.703 11.548 -8.511
-8.553 11.737 -10.703
-6.501 9.942 -7.998
-8.928 6.998 -7.566
-7.991 3.541 -8.858
-6.868 -0.026 -8.151
-3.668 -0.194 -6.058
-1.143 -3.060 -6.126
1.476 -3.772 -3.428
4.496 -6.055 -4.000
7.076 -7.297 -1.468
10.222 -8.965 -2.886
12.842 -10.846 -0.828
15.600 -13.071 -2.332
13.969 -16.003 -0.469
10.560 -15.280 -2.061
8.043 -12.722 -3.416
4.368 -11.852 -2.699
1.861 -9.395 -4.259
-1.673 -8.216 -3.321
-4.223 -5.867 -4.971
-6.395 -3.185 -3.271
-9.365 -0.986 -4.324
-9.969 2.723 -3.536
-13.151 4.661 -4.439
-13.607 8.466 -4.344
-16.768 10.634 -4.396
-17.256 14.412 -4.819
-17.973 16.570 -1.731
-21.253 18.628 -1.763
-19.207 21.693 -0.728
-15.523 22.695 -0.990
-13.513 25.689 0.318
-14.989 28.527 -1.792
-13.686 32.150 -2.297
