-12.601 19.520 6.328
-13.280 16.304 4.324
-11.146 13.208 5.054
-8.508 12.402 2.375
-9.664 9.710 -0.101
-6.620 7.672 -1.301
-7.246 5.288 -4.235
-5.122 2.066 -4.270
-4.659 0.319 -7.670
-3.896 -3.418 -7.158
-3.430 -6.571 -9.433
-6.818 -7.676 -7.998
-9.040 -4.564 -8.266
-9.164 -0.799 -7.432
-10.122 0.396 -3.890
-10.245 3.771 -2.030
-9.612 4.314 1.735
-10.385 7.320 3.997
-7.393 8.687 6.010
-6.846 12.197 7.686
-3.653 12.629 5.495
-1.704 11.735 8.722
-1.826 7.974 7.968
1.675 7.154 6.694
2.537 3.945 4.716
3.065 1.880 7.964
-0.528 2.860 9.070
-2.134 2.796 5.580
-1.097 -0.684 4.325
-2.797 -2.099 7.492
-6.146 -0.768 6.140
-5.258 -2.395 2.816
-4.276 -5.793 4.370
-7.529 -6.340 6.342
-9.709 -5.349 3.316
-7.794 -7.388 0.645
-7.326 -10.252 3.260
-3.548 -10.027 2.621
-0.477 -9.770 4.956
1.140 -6.264 5.274
4.552 -7.892 4.548
3.068 -9.100 1.173
2.064 -5.466 0.365
4.607 -3.173 -1.387
3.360 0.327 -2.377
4.994 2.106 -5.378
4.674 5.803 -6.333
6.954 8.286 -8.223
8.722 5.159 -9.630
10.067 4.168 -6.144
8.798 1.794 -3.382
6.992 3.415 -0.409
8.542 2.000 2.801
7.464 2.681 6.447
9.967 5.648 6.354
7.777 7.021 3.503
4.449 8.825 4.035
1.892 8.940 1.162
1.187 12.695 1.790
4.939 13.612 1.368
4.863 12.044 -2.181
1.906 14.287 -3.124
-0.606 11.453 -2.647
-3.659 13.422 -1.482
-7.427 13.374 -2.267
-7.977 11.960 -5.800
-4.427 10.514 -6.156
-3.709 6.772 -6.655
-0.888 4.546 -5.266
0.351 1.544 -7.318
0.220 -1.541 -5.024
1.745 -4.950 -5.773
0.355 -7.804 -3.619
2.428 -11.043 -3.330
-0.088 -13.338 -1.526
-0.583 -15.691 -4.567
-3.422 -17.554 -2.641
-5.494 -14.275 -2.681
-6.195 -13.830 -6.500
