1.873 -3.185 -1.220
3.395 -4.621 1.977
0.733 -7.322 2.230
1.628 -8.701 -1.183
4.309 -11.236 -0.791
3.860 -14.926 -1.452
0.639 -14.783 -3.319
0.293 -16.997 -6.448
-3.373 -16.131 -5.954
-4.363 -17.039 -2.427
-7.823 -17.023 -0.916
-9.828 -14.197 -2.388
-13.397 -13.838 -1.262
-15.960 -11.807 -3.171
-19.694 -11.562 -2.754
-22.212 -10.078 -5.098
-25.927 -10.195 -4.976
-27.599 -11.057 -8.239
-31.117 -9.943 -9.125
-31.875 -13.492 -10.352
-33.259 -16.695 -8.732
-30.830 -19.212 -7.233
-31.512 -21.687 -10.023
-30.502 -19.207 -12.747
-27.248 -18.295 -11.066
-26.549 -21.973 -10.534
-26.826 -22.771 -14.244
-24.774 -19.687 -14.937
-21.929 -21.174 -12.854
-22.518 -24.807 -13.728
-23.074 -24.839 -17.504
-20.480 -24.778 -20.268
-21.602 -21.333 -21.454
-21.834 -19.712 -18.063
-18.547 -21.092 -16.797
-16.806 -20.041 -20.016
-18.483 -16.612 -19.394
-18.732 -16.406 -23.197
-15.034 -15.670 -23.096
-13.893 -18.618 -25.216
-16.767 -21.142 -24.836
-15.436 -24.477 -23.683
-17.489 -27.575 -23.414
-17.233 -27.763 -19.646
-19.149 -30.654 -18.083
-20.577 -30.492 -14.630
-19.132 -33.527 -12.942
-18.576 -34.073 -9.246
-14.995 -34.842 -9.937
-14.165 -34.672 -13.602
-10.533 -35.327 -13.011
-8.555 -35.625 -9.875
-5.541 -33.557 -9.200
-2.287 -34.938 -7.786
0.551 -33.635 -9.864
1.035 -30.353 -11.567
-0.078 -30.808 -15.215
3.026 -30.486 -17.335
1.085 -31.909 -20.161
-1.932 -29.929 -21.473
-4.716 -30.419 -19.011
-8.080 -28.664 -18.977
-10.355 -27.559 -16.243
-11.590 -30.227 -13.957
-14.308 -30.139 -11.453
-13.367 -30.981 -7.932
-16.821 -31.272 -6.504
-20.193 -29.990 -7.450
-22.797 -29.480 -4.782
-26.379 -29.478 -5.624
-27.553 -25.909 -6.309
-25.569 -24.700 -3.291
-21.849 -24.951 -4.010
-19.531 -25.431 -6.917
-15.805 -26.095 -6.956
-13.532 -26.558 -9.983
-9.917 -26.319 -10.847
-8.701 -24.574 -13.931
-5.097 -25.660 -14.554
-4.048 -22.557 -16.295
-1.687 -21.744 -13.408
-3.960 -23.723 -11.180
-6.832 -21.503 -10.356
-9.241 -23.300 -8.179
-12.414 -21.409 -7.813
-15.355 -22.090 -5.675
-18.778 -20.560 -6.063
-21.373 -20.424 -3.427
-25.036 -19.675 -3.659
-26.805 -17.851 -0.866
-30.592 -18.178 -0.866
-32.215 -14.790 -0.667
-35.641 -13.594 -1.458
-35.859 -11.791 -4.819
-32.237 -12.155 -5.365
-29.364 -14.510 -4.934
-26.141 -13.918 -3.145
-23.264 -15.235 -5.087
-20.108 -15.855 -3.259
-16.932 -16.121 -5.147
-13.974 -17.802 -3.735
-10.669 -17.951 -5.443
-7.829 -20.130 -4.360
-4.802 -21.014 -6.441
-3.501 -24.525 -6.169
-0.343 -25.757 -7.735
3.070 -25.548 -6.126
2.758 -22.592 -3.733
4.932 -20.164 -5.579
5.137 -16.493 -4.811
3.815 -15.620 -8.267
1.284 -17.509 -10.475
4.124 -18.311 -12.790
3.437 -18.427 -16.471
0.212 -16.460 -17.066
1.818 -13.275 -15.839
5.097 -12.823 -14.104
4.278 -10.631 -11.131
2.550 -11.254 -7.880
1.612 -7.901 -6.408
0.343 -6.546 -9.705
-1.447 -9.773 -10.568
-3.053 -9.650 -7.152
-4.253 -6.078 -7.687
-5.392 -6.933 -11.156
-7.314 -9.954 -9.840
-9.006 -7.809 -7.202
-10.265 -5.344 -9.762
-10.730 -8.078 -12.309
-12.849 -10.436 -10.251
-14.913 -7.659 -8.712
-15.930 -6.276 -12.107
-16.144 -9.636 -13.827
-18.255 -11.491 -11.299
-20.446 -8.466 -10.688
-21.727 -7.627 -14.143
-20.805 -10.807 -15.965
-22.758 -13.020 -13.638
-25.507 -10.427 -13.458
-25.759 -10.393 -17.256
-25.580 -14.118 -17.648
-28.294 -14.557 -15.053
-30.554 -11.861 -16.483
-29.802 -12.418 -20.132
