2.094 0.002 -1.242
2.864 -3.101 -3.304
6.662 -2.912 -3.332
6.512 -6.678 -3.837
6.627 -6.811 -7.636
7.232 -3.500 -9.406
9.570 -0.702 -8.321
8.361 2.541 -6.687
9.980 4.935 -9.160
8.270 2.964 -11.927
4.859 3.290 -10.279
5.145 6.911 -9.156
5.982 7.664 -12.789
3.044 5.704 -14.197
0.590 7.201 -11.705
1.328 10.856 -12.455
1.603 9.946 -16.138
-2.156 9.449 -16.439
-3.388 10.302 -12.944
-6.204 12.321 -14.511
-9.577 10.584 -15.018
-10.367 8.956 -18.363
-6.766 9.777 -19.272
-5.091 6.434 -18.574
-5.667 2.981 -20.061
-5.546 -0.732 -19.143
-2.768 -1.294 -21.680
-0.877 1.932 -20.984
0.326 1.307 -17.429
2.754 -1.529 -18.156
5.088 0.670 -20.201
5.796 3.170 -17.425
5.583 0.643 -14.591
6.725 -2.703 -15.960
3.922 -5.146 -15.195
4.330 -7.051 -18.462
7.969 -7.560 -17.479
6.668 -9.582 -14.531
5.573 -13.215 -14.809
1.914 -14.252 -14.708
2.643 -15.420 -11.163
4.046 -12.059 -10.068
1.102 -10.220 -11.623
-1.211 -12.306 -9.440
0.261 -11.012 -6.180
-1.350 -7.679 -7.052
-4.788 -9.174 -7.694
-4.852 -10.352 -4.077
-4.592 -6.668 -3.170
-7.415 -5.566 -5.469
-9.919 -8.101 -4.137
-11.860 -5.923 -1.696
-14.336 -8.773 -1.233
-11.928 -11.688 -0.823
-14.361 -13.574 -3.058
-11.698 -14.377 -5.635
-12.342 -11.770 -8.319
-12.191 -7.993 -8.743
-15.685 -6.844 -9.710
-16.284 -3.350 -11.088
-17.165 -2.192 -7.573
-13.533 -2.917 -6.705
-12.011 -2.291 -10.135
-12.858 1.416 -10.054
-10.241 1.649 -7.304
-7.454 0.708 -9.716
-5.809 4.038 -8.894
-6.201 3.259 -5.192
-3.788 0.340 -5.547
-0.738 2.201 -6.854
-1.530 5.514 -5.161
-3.711 4.421 -2.242
-5.870 7.536 -2.120
-6.298 8.666 -5.718
-9.684 8.907 -7.434
-11.650 5.998 -8.898
-12.428 4.978 -12.479
-15.259 6.098 -14.759
-17.640 4.264 -17.089
-14.998 4.817 -19.770
-12.190 3.339 -17.673
-13.461 0.447 -15.555
-15.418 -0.931 -18.511
-12.341 -0.901 -20.747
-10.070 -2.555 -18.184
-12.738 -5.198 -17.575
-13.141 -5.718 -21.320
-9.367 -6.137 -21.532
-8.876 -8.661 -18.730
-12.179 -10.431 -18.075
-13.390 -10.972 -21.641
-15.661 -13.571 -20.043
-18.648 -11.293 -19.522
-18.882 -11.744 -15.760
-17.990 -8.236 -14.631
-15.242 -9.563 -12.373
-11.506 -9.923 -12.987
-9.748 -13.135 -12.005
-6.213 -14.331 -11.312
-6.318 -16.258 -14.589
-7.606 -13.516 -16.889
-5.521 -10.729 -15.354
-1.920 -11.559 -16.255
-3.113 -12.285 -19.793
-4.181 -8.641 -20.012
-0.716 -7.592 -18.842
1.913 -9.390 -20.917
-0.691 -9.997 -23.623
-14.007 -9.268 -4.871
-13.871 -13.240 -15.234
