117.488 26.990 -14.927
116.584 23.924 -16.967
118.944 23.261 -19.864
122.231 21.511 -20.632
124.598 20.317 -17.916
127.909 18.496 -17.449
128.828 15.900 -14.824
131.979 13.833 -15.270
135.379 15.160 -14.224
133.703 16.453 -11.069
131.919 13.293 -9.974
134.982 11.438 -11.236
137.523 12.819 -8.767
134.960 13.183 -6.001
133.679 9.719 -6.863
136.910 7.741 -6.626
137.794 9.926 -3.643
134.473 9.913 -1.803
134.386 6.130 -1.972
137.392 6.217 0.321
138.137 2.660 1.626
136.802 3.807 4.990
133.581 5.014 3.407
133.024 1.707 1.642
133.707 -0.318 4.772
131.447 1.854 6.914
128.586 1.556 4.434
129.187 -2.165 3.970
129.014 -2.736 7.723
125.798 -0.737 8.098
124.348 -2.545 5.093
125.135 -5.902 6.655
123.172 -5.114 9.796
120.397 -3.562 7.754
119.950 -6.800 5.805
119.744 -8.856 8.981
117.439 -6.384 10.670
114.816 -6.666 7.938
115.290 -10.430 7.788
114.718 -10.767 11.526
111.432 -8.898 11.254
110.399 -10.888 8.186
111.389 -14.229 9.688
110.773 -13.613 13.391
107.822 -11.603 14.684
109.160 -10.424 18.044
106.706 -8.692 20.369
105.575 -5.127 19.760
108.160 -3.943 22.281
111.211 -5.269 20.433
109.583 -4.167 17.201
109.588 -0.596 18.391
113.294 -0.772 19.174
113.992 -2.515 15.885
112.263 0.219 13.901
114.273 2.871 15.715
117.545 1.123 15.065
116.578 0.574 11.433
115.875 4.279 11.093
119.390 5.194 12.190
120.892 2.867 9.614
118.953 4.711 6.940
120.401 8.031 8.108
123.941 6.832 7.467
122.932 5.571 4.036
121.187 8.860 3.326
124.524 10.540 3.994
126.045 9.231 0.759
122.826 9.458 -1.240
122.050 12.916 0.110
125.570 14.032 -0.761
125.142 13.203 -4.445
121.575 14.523 -4.394
122.655 18.051 -3.483
125.762 17.757 -5.622
123.634 17.198 -8.710
121.859 20.430 -7.792
118.593 18.689 -8.677
117.397 16.215 -6.001
114.114 15.622 -7.819
115.937 14.654 -10.992
118.607 12.745 -9.089
115.852 10.701 -7.463
114.152 9.820 -10.736
117.561 8.523 -11.756
118.161 6.456 -8.616
114.704 4.923 -8.724
116.423 1.555 -8.470
118.035 2.784 -5.240
114.800 3.915 -3.609
113.728 0.326 -2.759
116.940 0.183 -0.749
116.053 3.203 1.385
112.320 2.500 1.629
111.995 3.254 5.385
110.003 0.707 7.387
108.304 3.473 9.351
107.083 5.126 6.164
105.539 1.913 4.870
104.270 1.009 8.312
102.010 4.061 8.480
100.954 3.598 4.872
100.281 -0.100 5.418
98.109 0.725 8.422
96.150 3.278 6.406
95.409 0.727 3.689
94.398 -1.898 6.240
92.149 0.577 8.042
90.344 1.298 4.797
89.696 -2.429 4.434
92.241 -3.161 1.697
94.080 -6.491 1.592
95.112 -6.652 -2.061
97.825 -4.020 -1.636
98.967 -5.731 1.546
99.591 -8.942 -0.383
101.759 -7.147 -2.940
103.466 -5.297 -0.124
104.446 -8.586 1.511
106.104 -9.789 -1.689
107.859 -6.448 -1.896
109.391 -7.072 1.505
111.039 -10.297 0.360
112.073 -8.689 -2.925
113.431 -5.698 -1.056
115.833 -7.935 0.862
116.968 -9.601 -2.356
117.729 -6.205 -3.879
120.021 -5.282 -0.989
121.460 -8.779 -1.272
123.531 -7.420 -4.154
125.278 -5.027 -1.773
126.128 -7.864 0.601
127.357 -10.103 -2.206
129.481 -7.292 -3.594
131.037 -6.598 -0.193
132.043 -10.206 0.411
133.156 -10.635 -3.177
135.569 -7.713 -2.961
136.476 -8.494 0.644
137.302 -12.098 -0.234
139.607 -10.984 -3.031
141.298 -8.552 -0.675
