7.288 4.105 -3.341
4.101 2.583 -4.883
2.260 -0.778 -4.904
1.144 -2.844 -7.970
-1.319 -5.686 -8.797
-4.120 -4.593 -6.407
-7.613 -5.898 -7.407
-10.813 -4.401 -5.811
-11.665 -6.394 -2.664
-10.435 -5.237 0.756
-10.724 -1.723 2.260
-7.811 0.564 3.302
-8.393 -0.534 6.945
-7.365 -4.123 6.023
-5.193 -2.974 3.101
-2.703 -0.479 4.625
-1.934 -2.868 7.529
0.676 -4.591 5.298
1.499 -1.434 3.273
2.655 0.777 6.193
3.930 -1.522 9.074
7.393 0.065 8.577
9.687 1.538 11.333
10.674 5.015 9.998
8.119 5.988 7.331
5.041 7.986 6.295
1.818 7.071 4.383
-0.448 8.344 1.580
-4.042 7.879 0.374
-5.122 4.198 0.518
-8.111 3.024 -1.574
-11.295 1.305 -0.336
-13.256 -1.682 -1.700
-16.061 -4.110 -0.777
-15.254 -7.811 -1.374
-19.048 -8.359 -1.322
-19.412 -7.492 -5.040
-16.447 -5.162 -5.781
-16.971 -1.554 -7.134
-15.531 -2.623 -10.564
-12.880 0.142 -10.889
-9.138 -0.210 -10.131
-7.250 1.920 -7.573
-3.577 2.135 -6.516
-2.079 2.695 -3.029
0.910 5.015 -2.412
3.670 4.639 0.222
6.037 7.288 1.666
9.313 6.863 3.622
11.705 8.713 5.955
14.903 6.701 5.251
16.323 5.108 1.999
17.531 2.179 4.163
13.957 1.537 5.365
13.140 1.181 1.628
15.428 -1.758 0.674
14.301 -3.355 3.960
10.564 -3.704 3.151
10.941 -3.359 -0.660
12.737 -6.738 -0.859
10.458 -8.733 1.515
7.150 -7.371 0.103
8.271 -7.704 -3.546
5.353 -9.706 -4.994
3.820 -11.495 -1.980
0.383 -13.190 -1.810
-2.056 -11.855 0.822
-5.244 -13.953 1.228
-8.776 -12.695 1.981
-11.675 -14.673 3.587
-12.715 -15.828 0.073
-9.100 -16.802 -0.655
-8.523 -13.716 -2.827
-4.825 -13.730 -3.800
-3.464 -10.167 -3.508
-0.043 -10.323 -5.309
1.221 -7.000 -3.887
4.339 -5.709 -5.711
6.334 -2.886 -4.088
8.457 -0.660 -6.399
10.040 2.817 -6.641
7.578 5.573 -7.625
8.265 7.854 -10.673
10.181 10.541 -8.752
9.031 14.160 -9.161
10.674 17.121 -7.385
