17.108 3.453 -5.178
13.729 2.987 -6.839
14.205 -0.575 -8.062
15.956 -2.760 -5.493
15.322 -6.237 -6.829
12.025 -5.119 -8.377
10.593 -8.632 -8.082
11.454 -8.445 -4.388
7.766 -8.711 -3.653
4.711 -8.962 -5.871
0.918 -8.933 -5.309
1.680 -5.315 -4.474
4.755 -4.079 -6.297
7.330 -3.518 -3.596
11.096 -3.460 -3.566
13.004 -4.251 -0.390
14.777 -1.212 1.041
16.863 -0.976 4.176
18.616 1.967 5.763
22.323 1.444 6.696
21.213 1.159 10.352
19.571 -2.171 9.565
15.958 -1.002 9.349
14.185 -2.649 6.431
10.943 -1.289 5.017
8.892 -1.810 1.882
8.639 0.574 -1.033
5.590 0.280 -3.204
6.181 1.679 -6.660
2.425 1.975 -7.060
2.193 4.902 -4.681
5.938 5.513 -4.826
5.943 5.411 -1.044
7.927 3.657 1.649
5.759 1.843 4.160
5.874 -0.662 7.020
5.368 -4.426 6.699
2.045 -4.675 4.902
-1.125 -6.531 6.000
-2.764 -9.418 4.062
-1.999 -7.527 0.792
0.886 -9.908 0.296
-1.542 -12.732 0.946
