-13.659 -6.158 -16.952
-12.971 -2.414 -16.607
-10.541 -0.415 -14.444
-9.008 -3.715 -13.306
-5.575 -2.875 -11.874
-5.584 -4.825 -8.584
-4.265 -8.410 -8.690
-1.947 -10.740 -6.731
1.467 -9.225 -6.049
0.218 -5.786 -7.108
1.507 -2.771 -5.170
-1.553 -0.945 -3.823
-2.138 1.840 -1.284
-4.203 1.358 1.875
-5.334 3.690 4.673
-3.972 2.485 8.029
-5.947 2.833 11.318
-5.134 6.371 12.436
-2.351 6.833 9.868
-2.620 8.041 6.214
-2.369 5.839 3.096
0.510 3.367 3.499
2.275 1.442 0.662
1.131 -2.196 0.749
1.104 -5.174 -1.639
-2.048 -7.133 -2.548
-1.732 -10.847 -1.740
-5.196 -12.363 -2.272
-8.894 -11.441 -2.448
-10.670 -12.927 0.583
-14.479 -12.751 0.669
-16.682 -13.398 3.710
-20.459 -13.297 4.240
-23.042 -13.949 6.982
-22.939 -17.724 6.421
-24.512 -19.236 3.282
-27.563 -17.049 2.549
-25.861 -14.525 0.211
-28.868 -12.241 0.801
-27.956 -10.335 3.985
-24.607 -8.500 3.943
-21.250 -9.266 2.317
-17.857 -8.324 3.766
-15.078 -8.544 1.172
-11.573 -7.196 1.810
-8.072 -7.183 0.303
-5.232 -9.041 2.040
-2.222 -6.749 1.526
1.357 -6.809 2.832
2.766 -3.744 4.597
6.343 -2.388 4.485
9.029 -2.037 5.471
7.754 -4.016 8.472
6.658 -7.355 6.987
3.030 -7.036 8.086
-0.435 -7.029 6.487
-4.014 -5.753 6.692
-7.544 -6.698 5.610
-9.714 -3.845 4.299
-12.240 -3.216 1.501
-11.197 -1.786 -1.892
-12.716 1.520 -0.692
-9.732 2.102 1.613
-7.329 0.849 -1.089
-6.077 2.608 -4.246
-4.019 1.375 -7.259
-0.313 2.208 -6.931
2.141 2.383 -9.846
5.937 2.242 -10.120
6.246 5.896 -11.148
3.907 6.928 -8.306
5.990 5.118 -5.672
9.243 6.461 -7.132
7.579 9.882 -7.105
6.240 9.716 -3.548
9.811 9.033 -2.425
11.211 11.735 -4.708
8.855 14.258 -3.068
11.247 17.046 -2.028
8.462 19.009 -0.300
6.795 16.813 2.330
8.545 13.572 3.262
8.991 11.597 6.497
11.675 9.044 7.445
8.952 6.528 8.334
7.055 7.388 5.131
10.078 7.305 2.813
11.385 4.010 4.207
7.858 2.678 3.644
7.717 3.453 -0.066
11.384 2.468 -0.358
10.507 -0.962 1.065
7.662 -1.538 -1.424
9.759 -0.091 -4.297
11.324 -3.572 -4.618
8.483 -5.760 -6.058
10.708 -8.935 -5.981
10.382 -8.780 -2.173
6.913 -10.306 -2.657
6.576 -10.887 -6.429
7.314 -14.360 -7.863
5.578 -16.043 -4.907
4.694 -19.462 -6.365
3.520 -22.463 -4.311
0.210 -24.181 -5.188
-0.507 -26.929 -2.621
2.003 -28.364 -0.119
4.265 -31.430 0.049
