2.727 -4.520 -8.962
6.254 -5.739 -7.915
9.260 -4.877 -5.609
12.529 -6.232 -7.266
14.709 -3.911 -5.037
16.687 -0.817 -6.321
20.391 -1.477 -5.489
22.712 -4.545 -5.102
26.180 -4.964 -3.501
28.992 -7.497 -2.762
31.370 -8.740 0.000
33.793 -11.346 -1.533
32.346 -14.140 -3.783
29.847 -11.982 -5.814
26.486 -10.176 -5.338
25.611 -10.686 -1.648
22.658 -8.372 -0.664
20.125 -5.824 -2.063
18.384 -2.573 -0.941
15.358 -0.316 -1.808
16.560 3.112 -0.494
14.348 2.771 2.666
15.893 3.306 6.164
19.620 3.494 7.171
22.144 3.137 4.262
23.763 -0.400 4.101
27.373 -0.558 5.432
29.033 -1.392 2.032
26.999 1.355 0.229
27.963 3.841 3.042
31.692 2.901 2.830
31.630 3.143 -1.004
30.125 6.686 -0.753
32.564 7.889 2.001
35.895 5.988 1.335
35.636 5.321 -2.480
33.752 8.620 -3.305
31.041 6.622 -5.232
27.342 7.337 -5.934
24.320 4.946 -5.792
24.360 4.396 -9.613
27.436 2.086 -9.132
25.014 -0.289 -7.246
21.670 0.588 -9.008
19.801 -2.318 -10.724
16.390 -0.907 -11.931
15.565 2.869 -12.202
