-6.550 -13.850 12.570
-7.697 -10.387 13.678
-7.880 -8.949 10.167
-10.474 -7.740 7.677
-9.663 -7.661 3.953
-7.178 -10.221 2.642
-3.900 -9.211 0.942
-2.063 -10.712 -2.029
0.955 -12.995 -1.640
2.882 -13.025 1.633
6.084 -13.373 -0.394
5.286 -10.139 -2.222
4.640 -8.195 0.965
7.698 -9.738 2.622
10.057 -8.767 -0.194
8.342 -5.384 -0.395
9.152 -4.704 3.254
12.665 -6.027 2.668
13.579 -3.590 -0.103
11.629 -0.845 1.662
13.699 -1.313 4.820
16.892 -1.182 2.753
16.202 2.525 2.196
12.670 3.456 1.129
12.693 3.118 -2.625
14.895 1.327 -5.136
16.008 1.520 -8.759
14.259 -0.110 -11.717
16.801 -2.940 -11.745
15.771 -3.770 -8.190
12.030 -3.363 -8.802
12.347 -5.697 -11.791
13.881 -8.321 -9.515
10.809 -8.179 -7.288
8.503 -8.036 -10.305
9.983 -11.175 -11.870
9.608 -12.978 -8.554
6.032 -11.826 -7.909
5.055 -12.230 -11.573
4.017 -8.589 -11.607
4.125 -6.076 -14.450
6.764 -3.803 -12.833
4.316 -0.881 -12.740
2.303 -2.316 -9.841
5.555 -3.032 -7.982
6.156 0.692 -7.636
2.528 1.163 -6.569
2.880 -1.303 -3.687
5.894 0.679 -2.486
3.773 3.814 -2.175
1.050 1.720 -0.556
3.513 0.665 2.132
3.786 4.316 3.175
0.079 4.445 4.005
0.265 0.985 5.585
2.450 2.179 8.452
0.194 5.219 8.879
-2.753 2.881 9.401
-0.861 1.015 12.128
-0.055 4.223 14.025
-3.711 5.238 13.774
-4.820 1.888 15.195
-2.292 2.121 18.021
-4.464 4.582 19.928
-7.372 2.560 21.330
-9.605 5.634 21.292
-12.572 3.630 20.035
