-15.296 0.133 -5.681
-12.228 -2.070 -6.099
-14.318 -5.224 -6.125
-16.315 -5.265 -2.918
-15.055 -7.163 0.120
-12.011 -8.557 -1.641
-8.989 -7.964 0.571
-8.124 -5.109 2.883
-4.817 -4.456 4.624
-3.759 -2.116 7.374
-0.554 -0.157 7.030
2.250 -1.017 9.435
4.326 2.007 8.461
4.175 5.382 6.785
5.625 5.084 3.287
6.546 7.825 0.863
5.652 6.710 -2.692
8.296 6.965 -5.396
5.621 8.118 -7.809
2.149 9.633 -7.833
1.085 6.342 -9.376
1.968 4.747 -6.045
-0.285 4.915 -3.022
0.556 6.852 0.117
0.821 4.473 3.014
0.485 5.846 6.501
0.913 4.077 9.831
-2.507 2.669 10.660
-4.191 3.586 7.368
-6.190 0.902 5.559
-5.794 -0.037 1.907
-8.062 -2.341 -0.084
-6.015 -4.379 -2.537
-7.655 -5.315 -5.830
-4.727 -6.711 -7.811
-1.636 -8.625 -6.753
1.804 -8.476 -8.303
3.836 -11.606 -7.596
6.747 -9.242 -7.000
5.161 -8.367 -3.681
3.792 -4.917 -4.325
0.029 -4.760 -4.707
-2.630 -2.533 -6.260
-5.098 -0.919 -3.914
-6.947 2.166 -2.764
-6.416 4.277 0.329
-9.311 4.128 2.773
-8.483 7.590 4.110
-7.716 9.587 0.979
-9.422 7.216 -1.493
-6.603 7.301 -4.015
-5.865 4.423 -6.366
-2.601 2.928 -7.549
0.136 0.550 -6.552
1.411 0.170 -3.025
4.179 -1.964 -1.531
2.272 -4.642 0.379
5.336 -4.942 2.569
3.984 -2.154 4.760
0.521 -3.613 5.246
-1.067 -6.450 7.219
-3.845 -8.885 6.188
-7.125 -7.899 7.821
-10.561 -9.491 7.898
-13.987 -8.469 6.608
