-12.111 10.336 -5.481
-9.660 8.889 -2.958
-12.052 7.884 -0.177
-11.647 4.244 0.852
-13.672 2.040 -1.477
-10.800 2.330 -3.943
-8.321 1.149 -1.312
-10.096 -1.936 0.028
-10.999 -2.772 -3.571
-7.325 -3.271 -4.420
-6.715 -5.338 -1.286
-9.390 -7.859 -2.262
-7.435 -9.058 -5.326
-4.147 -8.473 -3.506
-5.291 -10.896 -0.806
-4.033 -13.777 -2.947
-0.298 -13.261 -2.454
-0.932 -11.365 0.782
-2.348 -14.627 2.132
0.592 -16.620 0.806
-1.030 -17.583 -2.476
0.448 -17.091 -5.963
1.189 -13.542 -7.073
1.273 -10.736 -7.178
-1.672 -10.877 -9.582
-1.999 -8.660 -12.684
-5.304 -7.049 -11.711
-3.909 -6.398 -8.233
-0.842 -4.442 -9.347
-3.046 -2.376 -11.639
-5.259 -1.229 -8.791
-2.443 -0.727 -6.294
-0.461 1.509 -8.646
-3.677 3.476 -9.158
-4.159 3.843 -5.402
-0.835 5.633 -4.927
-1.052 7.316 -8.331
-4.550 8.670 -7.702
-3.269 10.081 -4.411
-0.581 12.682 -5.104
-1.998 15.395 -2.845
-2.034 15.520 0.955
-5.818 15.219 1.446
-6.015 11.985 -0.546
-2.791 10.656 0.974
-4.224 11.220 4.452
-7.431 9.344 3.638
-5.818 6.514 1.676
-3.121 5.709 4.234
-5.751 6.051 6.961
-7.806 3.363 5.225
-4.982 0.821 5.029
-3.924 1.936 8.508
-6.808 0.212 10.293
-7.095 -2.402 7.545
-3.553 -3.558 8.305
-4.848 -4.718 11.675
-7.284 -7.086 9.979
-4.882 -8.880 7.640
-4.498 -12.622 8.200
-0.917 -13.804 8.701
0.259 -10.235 8.103
3.917 -10.103 7.069
6.048 -6.988 6.602
8.024 -8.895 3.972
4.860 -9.555 1.968
3.375 -6.083 2.417
6.665 -4.528 1.311
6.985 -6.973 -1.585
3.608 -5.812 -2.898
4.836 -2.371 -4.035
8.412 -3.454 -4.677
7.225 -6.210 -7.002
4.711 -3.897 -8.673
7.507 -1.413 -9.308
6.347 1.487 -7.149
8.987 3.193 -5.008
7.582 5.622 -2.441
9.211 8.250 -0.186
7.900 6.274 2.788
8.234 2.694 4.025
5.235 0.358 3.919
4.471 -0.923 7.417
1.833 -1.012 10.155
4.090 1.254 12.212
4.718 3.867 9.521
3.595 7.476 9.939
1.765 8.528 6.773
1.244 11.919 8.419
4.785 12.909 7.447
4.675 11.955 3.768
6.295 14.009 1.007
4.202 15.378 -1.861
