9.267 0.958 -13.040
12.735 1.908 -11.801
13.884 0.516 -8.453
17.378 1.954 -8.889
19.045 4.634 -6.767
21.711 7.235 -7.534
24.223 9.087 -5.362
24.951 12.799 -5.753
28.622 13.516 -6.450
28.285 17.294 -6.165
25.721 19.860 -5.024
23.744 20.551 -8.199
21.560 23.634 -8.627
18.789 24.269 -11.154
17.618 27.586 -12.602
13.964 26.605 -12.991
11.456 24.643 -10.867
11.130 22.133 -13.706
14.369 20.486 -12.582
15.560 19.445 -9.122
18.773 20.049 -7.179
21.291 17.485 -5.933
23.184 17.359 -2.637
26.702 16.028 -2.070
26.686 12.662 -0.296
22.982 12.026 -0.885
20.828 9.308 -2.449
18.000 9.760 -4.952
15.342 7.281 -6.071
15.907 6.956 -9.819
12.681 7.052 -11.833
13.618 7.872 -15.427
17.083 7.466 -16.942
17.074 8.082 -20.695
20.360 9.971 -21.011
22.810 12.217 -19.163
20.803 15.073 -20.676
18.123 14.683 -18.005
17.603 12.136 -15.230
14.312 11.918 -13.337
14.945 11.157 -9.664
13.122 11.441 -6.339
14.368 12.809 -3.015
13.721 11.387 0.452
10.852 13.828 0.985
8.448 12.747 -1.741
9.398 15.061 -4.598
10.697 14.158 -8.057
12.592 16.282 -10.562
15.154 16.363 -13.362
18.899 16.275 -12.704
22.213 15.687 -14.524
23.377 12.066 -14.593
27.007 13.167 -14.873
26.676 14.188 -11.224
24.948 10.961 -10.192
26.360 7.471 -9.650
24.347 4.251 -9.858
24.016 2.927 -6.307
24.992 -0.707 -6.869
26.827 -1.930 -3.741
