22.225 -5.960 20.953
21.064 -4.010 17.840
23.190 -1.060 16.572
25.113 0.055 13.427
23.025 2.779 11.710
25.387 5.771 11.228
28.858 6.655 9.741
31.732 9.167 10.291
30.863 11.211 7.166
27.970 13.415 5.963
27.097 15.568 2.908
23.570 16.919 3.531
21.008 17.214 6.379
19.357 13.982 5.020
22.389 11.824 4.102
20.333 8.586 4.019
17.410 9.372 6.287
14.515 8.831 3.908
14.133 7.760 0.262
14.549 4.063 -0.581
16.263 1.218 1.305
17.217 -2.180 -0.126
16.045 -5.432 1.499
17.619 -8.870 1.442
15.867 -12.248 0.965
17.194 -15.556 2.318
15.934 -19.001 1.274
17.126 -22.605 1.865
16.194 -23.515 -1.774
17.577 -22.731 -5.205
15.587 -20.002 -6.922
15.752 -21.055 -10.659
13.234 -18.210 -11.224
12.535 -14.960 -9.392
8.809 -15.813 -8.817
9.836 -17.999 -5.832
10.556 -14.928 -3.677
7.629 -12.806 -4.939
5.037 -15.492 -4.123
6.261 -15.614 -0.502
6.011 -11.830 -0.069
2.597 -11.878 -1.838
1.499 -14.546 0.747
2.278 -12.277 3.781
2.088 -8.632 2.528
-0.973 -9.555 0.423
-0.747 -10.087 -3.327
-0.906 -6.325 -4.015
2.793 -5.700 -3.562
4.029 -5.779 -7.216
3.210 -2.102 -7.952
5.491 -1.183 -5.024
9.002 -2.560 -5.714
11.861 -1.709 -8.111
14.128 -4.036 -10.152
14.514 -7.123 -7.908
17.967 -8.679 -8.536
19.579 -12.053 -7.656
21.888 -12.537 -4.643
25.020 -14.703 -4.711
24.546 -18.479 -4.335
21.194 -18.080 -6.239
19.770 -18.806 -2.703
18.421 -15.257 -2.362
17.328 -12.059 -4.103
17.302 -8.374 -3.068
15.183 -5.372 -4.078
14.614 -1.658 -3.291
11.483 -0.233 -1.639
10.711 3.354 -0.483
11.703 4.036 3.175
8.011 4.581 4.073
7.213 1.021 2.882
10.559 -0.406 4.244
9.022 0.132 7.706
5.669 -1.384 6.544
7.122 -4.723 5.402
9.002 -5.758 8.566
5.900 -5.185 10.720
3.787 -6.960 8.049
6.197 -9.981 7.985
6.593 -13.031 10.260
9.908 -14.911 9.956
9.306 -18.360 8.519
10.427 -22.052 8.344
12.736 -21.369 5.332
12.256 -17.723 4.334
13.775 -14.872 6.315
13.801 -11.159 5.451
16.609 -8.657 6.143
17.152 -4.891 5.529
20.095 -2.828 4.250
22.638 -1.017 6.447
22.278 2.097 4.212
