29.367 14.443 1.133
26.234 13.470 3.094
25.885 9.976 4.471
23.454 8.754 7.130
23.063 5.626 9.235
19.837 4.905 11.226
20.164 2.477 14.126
18.314 0.249 14.486
16.609 0.402 11.046
14.576 -2.896 10.769
11.987 -4.794 12.839
11.107 -1.478 14.550
8.245 -1.002 16.924
5.672 1.813 16.838
7.007 4.567 19.163
10.600 3.351 19.077
13.481 5.832 19.354
16.170 5.402 16.654
19.486 7.247 16.357
20.194 9.112 13.087
23.974 9.606 12.562
25.099 11.714 9.640
28.483 12.741 8.361
29.897 14.842 5.510
27.479 17.734 6.144
28.168 21.463 6.039
29.128 22.959 9.400
26.583 25.507 10.585
23.742 24.476 8.282
20.423 23.488 9.823
19.158 20.041 8.784
15.531 18.911 9.287
15.497 15.328 10.712
12.286 13.342 10.146
10.374 10.214 9.137
8.934 10.477 5.608
7.473 8.544 2.678
6.550 9.226 -0.945
2.841 9.980 -0.773
2.581 10.779 -4.448
5.141 10.552 -7.190
7.367 13.594 -6.725
5.736 14.461 -3.383
7.328 13.519 -0.071
5.245 13.768 3.109
6.802 13.626 6.654
5.635 13.466 10.334
5.744 17.038 11.579
5.068 15.872 15.172
8.348 14.049 15.521
10.635 16.071 13.240
13.379 18.168 14.718
16.088 20.631 13.529
19.779 20.155 14.279
22.745 22.319 13.135
25.725 20.340 11.883
28.868 20.844 13.964
32.417 21.854 12.937
33.116 18.236 11.931
30.118 18.090 9.598
28.224 15.659 11.808
24.842 15.357 13.394
23.762 12.620 15.836
20.067 12.812 16.740
17.326 10.762 18.338
14.101 10.406 16.399
10.894 8.711 17.573
9.325 6.703 14.703
5.801 5.399 14.253
4.393 2.644 12.081
1.622 4.937 10.825
1.721 8.764 10.885
-0.144 11.803 9.553
1.996 13.196 6.767
2.352 16.906 5.990
3.548 18.090 2.521
5.178 21.274 1.204
6.859 24.085 3.113
3.731 25.304 4.872
3.092 21.839 6.335
-0.292 21.089 4.779
-1.883 17.866 6.095
-2.110 15.126 3.511
-3.420 12.073 5.337
-2.332 8.839 6.905
0.763 6.920 5.859
1.096 3.255 7.003
4.766 2.182 6.932
3.873 -1.500 6.973
2.253 -0.981 3.503
4.461 1.685 1.860
8.189 2.260 2.266
9.150 4.940 4.827
12.535 6.387 5.709
14.337 8.327 8.451
16.883 10.907 7.299
17.787 14.596 7.187
17.871 17.390 4.651
18.562 21.121 4.467
16.444 23.815 2.787
18.393 23.133 -0.439
17.694 19.412 -0.443
21.231 18.456 0.596
21.034 15.353 2.922
20.425 11.618 2.937
17.870 9.063 4.118
17.710 5.359 4.977
14.604 3.110 4.373
13.342 1.567 7.633
10.998 -1.322 8.297
8.624 -2.189 11.136
7.967 -5.530 12.730
-3.755 12.642 -4.711
