4.959 -2.125 -0.001
5.804 -5.764 -0.717
6.980 -7.024 2.674
6.311 -10.171 4.745
4.718 -10.318 8.196
5.913 -13.523 9.861
9.607 -12.911 9.195
11.537 -10.008 10.713
12.695 -6.955 8.762
14.242 -3.714 10.017
14.631 -0.315 8.381
18.009 -1.443 7.065
18.471 -5.218 6.992
15.910 -8.018 6.726
15.935 -11.597 8.009
13.638 -14.396 6.846
13.733 -18.019 8.074
11.881 -19.082 4.926
14.861 -18.310 2.693
17.417 -18.515 5.502
19.086 -15.378 4.145
19.523 -11.671 4.880
18.701 -8.708 2.643
20.026 -5.187 3.207
19.341 -2.322 0.820
17.434 -4.608 -1.517
20.359 -6.970 -2.050
21.312 -10.140 -0.175
24.273 -9.935 2.204
26.866 -12.700 2.501
28.154 -13.440 6.003
30.087 -16.293 7.613
28.074 -18.955 9.437
28.703 -17.245 12.775
28.111 -13.750 11.398
24.838 -15.078 9.985
23.714 -16.467 13.343
24.858 -13.329 15.165
22.411 -11.059 13.340
19.712 -13.736 13.477
19.493 -13.333 17.253
20.547 -9.678 17.218
17.356 -8.796 15.345
15.015 -11.192 17.146
16.165 -9.440 20.320
15.932 -5.881 18.998
15.778 -2.995 21.452
17.347 -5.209 24.107
21.078 -4.846 24.746
22.878 -7.912 23.394
26.105 -8.671 25.260
29.031 -10.517 23.679
28.822 -13.405 26.146
25.071 -13.593 25.546
25.590 -13.225 21.795
28.159 -15.977 21.251
25.879 -18.290 23.232
23.600 -18.197 20.188
26.436 -18.828 17.731
27.845 -21.895 19.484
25.594 -22.789 22.401
28.245 -24.638 24.394
29.161 -24.243 28.063
32.363 -22.477 27.020
32.101 -18.960 28.441
34.403 -16.014 27.806
34.486 -16.806 24.094
34.078 -13.202 22.948
37.008 -13.815 20.601
34.557 -14.923 17.910
32.114 -12.139 18.773
34.640 -9.363 18.165
35.603 -10.753 14.758
31.925 -11.174 13.892
30.973 -7.636 14.909
33.801 -6.026 12.939
32.763 -8.195 9.992
29.129 -7.160 10.436
29.730 -3.404 10.416
32.482 -3.544 7.793
29.967 -5.317 5.556
27.021 -3.168 6.639
28.957 0.107 6.648
26.181 1.694 4.588
26.548 5.450 4.105
24.797 6.649 0.948
21.787 4.338 1.202
21.611 4.387 5.001
23.702 4.996 8.148
25.193 2.372 10.462
22.036 1.507 12.398
24.087 -1.207 14.098
25.768 1.122 16.590
27.784 0.163 19.670
26.682 0.886 23.238
28.764 2.159 26.154
31.009 -0.906 26.345
27.760 -2.745 27.078
27.444 -4.591 23.781
25.849 -3.622 20.475
22.357 -2.210 19.943
20.432 -0.703 17.029
20.421 3.037 16.339
18.115 5.335 18.351
16.181 5.966 15.137
15.475 2.276 14.539
12.853 0.306 16.464
9.744 -1.856 16.111
6.664 -2.055 18.336
