4.053 -2.568 -1.470
1.331 -3.350 -4.075
3.114 -2.192 -7.297
4.026 -4.391 -10.342
2.865 -5.346 -13.897
1.426 -8.652 -12.441
-0.015 -6.539 -9.496
1.138 -8.382 -6.331
2.644 -7.345 -2.958
6.464 -7.355 -2.597
6.532 -10.252 -0.016
10.180 -10.391 1.221
11.435 -9.151 -2.221
11.186 -5.340 -2.742
13.403 -3.545 -5.302
12.642 0.215 -5.641
13.007 2.162 -8.922
14.280 5.675 -9.699
11.905 7.086 -12.350
10.545 10.754 -12.621
7.494 9.210 -14.414
6.911 5.832 -12.671
3.880 4.551 -10.667
5.442 1.007 -10.818
8.501 2.217 -8.688
8.255 -0.879 -6.424
8.846 -4.426 -7.769
9.912 -7.910 -6.554
13.361 -9.255 -7.612
12.079 -12.564 -9.126
9.672 -10.743 -11.575
12.448 -8.495 -12.994
14.968 -11.456 -12.836
17.354 -10.245 -10.076
18.978 -11.666 -6.929
21.619 -8.863 -6.452
20.359 -5.891 -4.257
21.033 -2.705 -6.486
24.210 -0.702 -5.554
22.582 2.516 -6.902
19.754 4.091 -8.963
17.747 1.114 -10.352
15.788 1.912 -13.547
12.900 -0.543 -14.167
12.478 -1.846 -17.870
9.610 0.734 -18.203
11.924 3.740 -17.397
14.630 2.161 -19.644
12.184 2.377 -22.658
10.882 5.876 -21.579
