9.259 -0.657 6.576
6.426 -3.170 6.406
3.670 -1.552 4.355
4.116 1.009 1.585
1.867 3.961 2.304
2.238 6.001 -0.865
-0.031 8.674 -2.359
-1.343 8.021 -5.837
-2.473 10.993 -7.937
-6.087 9.820 -7.537
-5.844 11.458 -4.121
-5.605 8.160 -2.299
-2.956 6.815 0.021
-2.669 3.271 -1.275
-0.950 0.580 0.735
0.951 -1.464 -1.794
2.609 -4.634 -0.589
5.628 -5.901 -2.494
6.629 -8.275 0.304
4.072 -10.896 -0.696
2.727 -9.000 -3.736
-0.672 -7.755 -2.604
-2.634 -4.517 -2.938
-4.149 -3.399 0.361
-6.559 -0.460 0.551
-7.809 -1.079 4.092
-5.284 -0.662 6.927
-5.036 -3.912 8.981
