4.486 8.736 -9.430
2.226 6.517 -7.335
4.848 4.330 -5.643
2.001 2.483 -3.944
2.438 -1.225 -4.531
-0.311 -3.436 -3.155
0.967 -6.677 -1.704
-1.801 -9.202 -1.222
-0.606 -11.590 1.451
-1.987 -15.105 1.944
-2.771 -13.995 5.496
-5.866 -12.538 3.843
-4.799 -8.909 3.807
-3.865 -6.433 1.103
-1.599 -3.721 2.477
-0.430 -0.863 0.305
3.309 -0.350 0.484
4.848 2.838 -0.860
8.282 1.990 -2.205
9.252 5.667 -2.275
8.578 6.842 1.279
8.830 3.307 2.726
5.282 3.774 4.004
3.268 0.703 4.968
-0.416 1.182 5.714
-3.404 -1.155 5.958
-5.709 1.555 4.629
-5.580 2.659 0.994
-4.648 6.351 0.441
-7.013 8.921 -1.063
-5.453 7.886 -4.399
-7.410 4.663 -3.979
-9.893 4.849 -1.096
