5.575 0.656 -3.015
7.543 2.398 -0.270
10.001 1.348 2.423
9.509 3.949 5.146
6.324 5.912 5.733
6.103 8.955 7.990
2.342 8.753 7.833
0.396 6.087 9.686
-3.163 5.009 8.996
-5.302 4.139 11.995
-8.070 1.630 11.172
-7.918 3.368 7.762
-10.378 5.782 9.321
-7.696 8.310 10.095
-4.251 9.293 8.885
-1.461 10.451 11.167
1.602 12.433 10.184
4.656 12.106 12.426
6.384 15.420 13.075
10.006 15.382 14.227
9.114 17.717 17.103
7.019 14.956 18.664
3.755 16.290 17.334
1.313 13.975 15.650
-1.119 15.375 13.121
-4.083 13.055 12.697
-6.666 13.689 10.018
-9.849 11.660 9.760
-11.825 10.521 6.733
-14.549 13.083 7.476
-12.054 15.781 6.520
-11.329 16.958 10.046
-7.839 17.177 11.538
-6.400 16.848 15.040
-3.063 17.964 16.462
-1.718 15.992 19.421
1.493 16.617 21.332
3.226 13.567 22.809
2.743 13.452 26.574
0.065 16.146 26.518
-3.705 15.718 26.919
-4.570 19.070 25.341
-5.186 18.615 21.627
-6.221 20.910 18.784
-9.144 19.839 16.612
-9.792 21.443 13.227
-13.032 21.175 11.248
-12.979 21.924 7.464
-15.901 24.331 7.928
-13.283 26.642 9.368
-13.632 25.747 13.019
-10.705 24.767 15.176
-11.421 23.950 18.798
-8.761 23.245 21.405
-9.453 20.442 23.832
-7.952 20.558 27.268
-8.393 18.221 30.206
-10.839 20.836 31.522
-12.861 20.633 28.287
-15.621 18.264 27.166
-15.736 16.566 23.765
-18.934 16.114 21.758
-19.835 12.569 20.678
-17.978 12.579 17.348
-14.861 14.206 18.788
-14.572 11.689 21.580
-15.278 8.920 19.079
-12.386 9.881 16.796
-10.102 10.563 19.783
-10.758 6.966 20.832
-8.892 5.714 17.751
-5.719 7.528 18.879
-5.498 5.100 21.810
-3.868 2.594 19.442
-0.827 4.857 19.135
-0.580 5.095 22.925
-0.615 1.294 23.058
2.075 1.258 20.364
4.196 3.304 22.790
3.546 0.662 25.439
5.869 -1.636 23.494
8.724 -2.840 25.801
11.329 -0.120 25.285
13.832 1.808 27.492
11.761 4.923 26.773
8.826 3.298 28.551
8.463 2.585 32.264
