2.902 1.885 19.230
0.533 4.697 20.207
-2.707 2.818 19.514
-1.575 -0.282 21.416
-0.464 1.955 24.314
-3.896 3.670 24.460
-5.862 0.434 24.327
-3.650 -1.409 26.858
-3.864 1.283 29.567
-0.373 2.691 29.186
0.844 6.248 28.760
3.166 7.387 25.957
6.023 9.417 27.489
9.171 10.971 26.033
10.298 11.278 29.651
11.050 8.249 31.738
8.513 5.816 33.040
7.639 6.783 36.647
9.456 4.539 39.144
6.830 1.959 39.991
5.808 1.601 36.294
7.380 -0.447 33.523
7.977 -0.214 29.777
5.279 -2.072 27.805
6.360 -0.962 24.320
7.074 2.316 22.583
5.133 5.085 20.873
5.651 7.524 18.017
8.105 5.580 15.812
10.153 4.230 18.713
10.971 7.633 20.226
8.754 7.553 23.319
8.020 4.794 25.871
4.643 3.196 26.611
4.643 3.073 30.442
2.230 1.253 32.773
