117.694 36.740 122.218
116.637 33.105 121.735
117.846 29.693 122.911
118.593 28.482 119.390
117.988 29.331 115.745
115.123 27.290 114.399
113.633 26.132 111.111
110.873 23.789 110.070
110.862 21.236 107.245
108.336 18.869 105.753
108.915 15.180 105.041
106.675 13.110 102.770
106.760 9.367 102.267
105.781 8.248 98.830
106.707 5.391 96.524
107.983 3.598 99.585
110.405 6.491 99.883
111.224 9.592 101.882
111.026 12.991 100.237
111.802 16.247 102.037
109.825 19.497 101.660
106.722 18.173 99.959
106.048 21.286 97.933
102.435 21.630 96.935
101.799 19.130 94.159
102.893 16.219 96.321
101.050 17.749 99.272
98.216 16.730 96.965
99.249 13.094 97.308
97.834 10.534 99.702
98.433 13.315 102.096
101.517 11.585 103.542
103.102 14.671 105.197
104.768 15.436 108.511
106.582 18.542 109.736
108.528 19.656 112.739
110.230 22.746 113.994
113.741 22.070 115.200
116.614 23.478 117.199
119.829 21.823 116.011
121.231 23.401 119.177
120.859 19.923 120.647
118.316 18.864 118.064
115.285 19.021 120.321
112.047 18.791 118.461
110.253 21.971 119.352
107.047 21.563 117.439
105.900 18.504 115.557
102.846 17.910 113.398
102.329 15.002 111.042
98.985 14.389 109.438
99.057 11.344 107.160
97.943 7.703 107.368
101.491 6.217 107.477
102.246 2.833 109.097
104.005 2.813 112.403
107.437 2.550 110.931
108.124 4.893 108.128
108.662 7.159 111.010
112.196 6.577 111.750
112.448 7.287 108.036
110.059 10.161 107.543
110.771 11.431 110.956
114.366 11.385 110.026
113.638 12.957 106.749
112.279 16.317 107.997
114.632 16.070 110.985
117.727 16.210 108.867
115.992 18.480 106.383
115.684 21.177 108.980
119.377 20.817 109.833
120.035 21.837 106.256
117.533 24.599 106.004
119.362 25.689 109.085
122.864 25.846 107.646
121.310 27.468 104.568
119.787 30.370 106.460
122.754 30.142 108.827
124.535 31.775 105.936
121.732 33.936 104.594
122.078 35.209 108.120
125.856 35.197 108.710
125.940 37.440 105.676
123.359 39.992 106.797
125.394 40.570 109.972
128.690 41.484 108.363
127.214 43.826 105.749
124.862 45.562 108.172
128.058 45.912 110.205
129.275 48.640 107.808
