104.797 11.116 89.686
108.463 11.049 90.672
111.310 8.565 90.079
114.710 7.319 88.834
116.305 9.775 91.206
114.059 12.595 90.045
111.031 13.828 91.924
107.970 15.273 90.146
109.095 18.901 90.780
112.349 17.864 89.222
114.688 17.441 92.122
116.376 15.013 94.421
113.939 13.990 97.154
116.853 14.798 99.450
117.513 18.180 97.855
115.327 21.038 99.187
113.880 23.730 96.896
116.114 26.823 96.763
114.890 29.660 98.868
115.968 33.291 98.917
114.951 35.491 101.830
114.877 39.227 102.337
115.165 39.816 106.070
115.198 43.228 107.703
112.914 44.541 104.947
110.539 47.346 105.980
112.406 48.996 108.887
109.198 50.396 110.407
108.821 47.531 112.894
111.896 45.950 114.437
111.633 42.369 113.280
111.173 41.893 109.564
111.654 38.994 107.189
110.703 37.864 103.675
111.038 34.466 102.134
109.718 31.942 99.671
110.108 28.163 99.755
110.847 27.958 96.073
107.415 29.226 95.005
105.714 29.725 98.375
105.841 33.339 99.591
105.013 34.972 102.926
105.974 37.917 105.110
106.580 37.732 108.868
106.989 40.708 111.192
107.651 41.052 114.899
107.719 44.071 117.217
110.200 44.227 120.072
109.445 43.462 123.735
107.237 46.540 124.051
105.422 46.922 127.357
101.941 45.345 127.392
99.828 47.312 124.946
96.074 47.195 124.249
93.831 45.656 126.910
96.166 46.605 129.804
94.758 43.554 131.685
96.328 40.087 131.113
100.092 40.422 131.641
102.369 37.455 132.394
105.117 38.805 134.732
107.866 36.238 135.460
108.425 35.925 131.697
107.536 37.950 128.639
104.441 37.245 126.596
103.962 36.198 122.970
101.518 36.806 120.161
101.400 35.774 116.516
98.960 36.341 113.665
98.595 34.271 110.595
96.676 35.103 107.442
97.057 34.192 103.746
96.586 36.083 100.457
93.165 35.074 99.052
94.817 34.361 95.707
98.099 33.127 97.214
96.349 29.762 96.992
95.093 28.193 93.781
91.726 29.927 93.527
90.461 32.291 96.205
88.483 32.136 99.477
87.348 34.023 102.614
90.179 34.694 105.071
88.254 36.192 108.045
85.513 33.529 107.786
87.505 30.308 107.271
89.648 31.382 110.223
89.576 27.899 111.746
92.735 26.930 109.959
94.761 30.101 110.243
94.114 30.647 113.899
94.808 27.000 114.572
97.874 27.623 112.495
98.732 30.756 114.401
98.751 28.994 117.720
101.185 26.491 116.309
103.356 29.476 115.569
102.853 30.786 118.994
103.836 27.668 120.814
107.000 27.142 118.812
108.826 30.321 119.733
106.809 30.530 122.885
109.091 27.664 123.762
112.330 29.049 122.358
112.426 32.814 122.442
113.537 33.572 126.043
110.508 35.401 127.418
112.514 34.822 130.590
114.130 38.239 130.270
111.117 40.251 129.280
108.698 40.064 132.170
105.354 41.520 131.119
107.025 42.423 127.826
104.645 41.616 124.977
106.191 40.400 121.692
103.827 40.040 118.829
104.861 38.430 115.534
102.478 38.373 112.657
102.779 36.414 109.488
101.198 36.515 106.102
101.232 34.072 103.212
101.813 35.881 99.968
102.078 32.898 97.562
101.144 29.459 98.868
102.957 26.320 97.624
103.450 23.541 100.182
105.298 23.433 103.502
103.294 26.572 104.250
103.930 26.215 107.938
107.598 25.443 107.883
107.817 28.531 105.794
106.471 31.095 108.208
108.295 29.201 110.824
111.618 30.418 109.654
109.957 33.263 107.837
109.018 34.272 111.358
112.295 32.982 112.814
114.234 35.320 110.598
111.769 38.040 111.369
112.940 37.844 114.963
116.580 37.162 114.226
116.212 40.658 112.708
114.497 42.130 115.761
117.558 40.369 117.210
115.611 39.342 120.373
