-55.933 48.732 18.446
-58.918 46.356 18.664
-59.448 42.934 20.270
-60.718 42.735 23.844
-64.451 42.289 24.283
-67.500 43.493 22.376
-69.971 46.014 23.755
-73.623 46.905 23.041
-75.658 44.729 20.660
-72.844 42.261 19.926
-72.080 41.762 23.628
-75.796 41.243 24.343
-76.301 38.748 21.496
-73.252 36.671 22.455
-74.242 36.636 26.146
-77.794 35.569 25.223
-76.623 32.729 22.940
-73.530 31.481 24.820
-74.150 32.609 28.417
-71.053 34.796 28.488
-68.378 36.133 26.197
-65.827 33.890 27.959
-67.905 30.807 27.109
-68.241 31.897 23.495
-64.484 32.568 23.333
-63.645 29.099 24.691
-66.102 27.384 22.330
-64.938 29.287 19.232
-61.292 28.601 20.092
-61.987 24.895 20.639
-63.861 24.590 17.323
-61.071 26.377 15.455
-58.335 24.165 16.937
-60.323 20.970 16.218
-61.062 21.907 12.589
-59.068 19.237 10.753
-57.086 20.177 7.654
-57.641 23.508 5.930
-60.712 25.614 6.597
-62.488 28.302 8.560
-64.329 28.651 11.852
-67.288 31.041 12.030
-69.721 32.780 14.294
-73.022 32.971 12.375
-76.541 34.240 12.924
-79.236 31.829 11.793
-82.366 33.219 10.153
-84.387 32.738 13.364
-81.847 34.928 15.199
-79.973 32.116 16.966
-76.186 32.411 17.021
-73.982 29.419 16.298
-70.357 28.449 15.893
-69.764 26.469 12.702
-66.628 25.178 10.996
-66.094 24.691 7.290
-63.540 22.811 5.210
-61.311 24.351 2.546
-63.243 27.179 0.786
-66.526 26.301 2.516
-68.562 29.269 3.655
-71.838 29.960 5.448
-72.919 31.892 2.319
-74.098 28.582 0.815
-76.398 28.224 3.860
-79.196 30.316 5.313
-76.924 31.718 8.057
-75.237 35.136 8.170
-71.480 35.244 8.873
-70.497 37.522 11.781
-66.852 36.609 12.515
-64.311 34.172 11.078
-60.834 32.801 11.601
-58.788 31.245 8.783
-57.206 27.989 9.944
-55.452 27.111 6.693
-51.812 26.616 7.700
-50.700 29.549 5.516
-52.578 31.854 7.904
-50.193 31.060 10.757
-47.267 28.826 9.766
-44.682 31.598 9.348
-45.420 33.000 12.812
-46.555 29.968 14.845
-45.452 26.900 12.865
-47.613 23.937 14.059
-48.881 25.867 17.106
-52.381 26.699 15.866
-53.531 27.314 19.490
-50.950 30.137 19.787
-52.313 31.696 16.606
-55.857 31.512 18.034
-54.790 33.196 21.254
-53.334 36.050 19.216
-56.369 36.229 16.912
-58.425 37.442 19.895
-56.069 40.425 20.286
-57.051 41.516 16.746
-60.814 41.079 16.518
-62.581 44.057 14.976
-65.845 44.143 16.907
-67.038 47.144 14.866
-67.149 44.873 11.817
-68.886 42.118 13.782
-71.479 44.716 14.868
-72.097 45.765 11.256
-72.584 42.125 10.302
-75.072 41.627 13.136
-76.993 44.842 12.396
-77.461 44.072 8.680
