27.688 22.270 18.140
25.900 18.913 18.097
28.145 16.243 19.710
28.183 14.068 16.589
30.953 11.527 16.169
29.638 10.801 12.659
26.616 11.984 10.707
24.260 9.494 12.393
25.793 9.160 15.889
25.438 11.493 18.875
27.486 10.882 22.044
27.195 13.316 24.944
28.424 13.221 28.555
25.734 14.741 30.834
26.481 16.564 34.075
29.706 16.451 35.983
29.377 13.581 38.406
32.559 11.572 38.770
32.460 7.832 38.393
35.377 5.640 39.330
36.263 2.983 36.790
34.775 -0.518 36.498
31.274 0.374 37.714
28.184 -1.261 36.265
25.744 1.044 34.502
22.018 1.305 34.186
21.285 1.538 30.470
17.890 2.988 29.530
16.127 3.329 26.235
14.396 6.753 25.976
11.120 6.700 23.964
8.774 4.198 25.630
10.934 3.898 28.763
11.823 7.336 30.148
9.257 9.265 28.142
5.991 8.267 26.601
6.570 6.801 23.146
5.419 8.603 20.015
5.842 8.155 16.284
7.700 11.432 15.746
9.634 12.601 18.825
10.494 16.037 17.351
8.314 18.443 19.410
9.579 19.159 22.907
6.165 20.426 23.948
4.665 16.924 23.523
7.201 15.185 25.809
5.745 13.505 28.906
7.731 11.419 31.382
6.755 7.865 32.297
6.612 8.270 36.074
7.097 4.561 36.666
10.709 4.855 35.414
11.567 7.586 37.912
12.138 5.247 40.918
14.733 3.350 38.858
16.642 6.463 37.875
16.495 7.774 41.465
17.754 4.435 42.803
20.688 4.326 40.377
21.509 7.970 41.107
21.610 7.344 44.871
23.596 4.127 44.398
26.281 6.085 42.478
25.679 4.000 39.305
25.924 5.884 36.001
22.672 6.121 34.030
23.245 5.858 30.293
20.536 6.670 27.736
20.907 4.607 24.529
18.317 5.556 21.898
17.652 4.811 18.235
16.354 7.933 16.465
15.451 6.547 13.038
13.195 9.515 12.327
16.381 11.452 11.543
17.383 9.112 8.696
13.767 9.134 7.518
13.592 12.942 7.278
10.942 13.311 9.935
13.306 15.583 11.906
17.009 16.315 12.469
19.624 16.517 15.175
18.468 20.003 16.190
15.036 18.659 17.040
16.666 15.766 18.928
18.683 18.306 20.912
15.548 20.248 21.876
13.477 17.164 22.712
16.246 15.400 24.601
16.983 18.589 26.510
13.329 18.792 27.503
13.420 15.178 28.772
16.485 15.994 30.915
14.776 19.177 32.224
11.685 17.256 33.252
13.891 14.688 34.993
15.702 17.522 36.811
12.333 18.774 38.061
11.773 15.287 39.546
15.204 15.406 41.167
16.812 12.732 38.978
19.472 12.752 36.293
21.376 10.812 33.683
25.131 10.703 32.985
25.494 10.026 29.262
23.308 10.072 26.129
24.049 8.065 22.965
21.786 8.177 19.936
21.861 6.511 16.517
20.011 7.951 13.489
20.854 5.317 10.880
17.998 3.224 9.489
17.371 0.957 6.465
14.253 2.902 5.459
16.006 6.213 5.488
16.487 8.391 2.525
19.898 9.589 1.656
23.283 9.014 3.216
21.838 8.107 6.633
19.988 5.081 5.148
22.624 2.653 6.500
20.684 -0.511 7.249
22.670 -2.391 9.884
24.950 0.071 11.528
26.931 -1.232 14.567
25.491 1.608 16.725
21.855 0.851 15.895
20.160 -1.480 18.430
19.883 -4.489 18.363
23.586 -4.106 17.545
25.399 -3.390 20.873
27.618 -0.525 19.693
26.215 2.218 21.891
26.590 0.045 25.004
30.131 -0.965 24.034
31.042 2.680 23.344
29.581 3.895 26.655
31.577 1.072 28.226
34.823 2.360 26.716
34.124 5.951 27.654
33.096 5.346 31.279
35.231 2.225 31.838
32.057 0.256 32.620
31.693 -3.295 33.866
29.304 -4.367 31.101
28.897 -7.897 32.406
27.293 -6.548 35.607
25.298 -3.742 33.878
21.546 -3.709 33.411
19.361 -2.488 30.559
15.695 -1.411 30.561
13.612 -0.745 27.444
10.263 -1.500 25.812
11.565 -3.110 22.633
13.104 -6.518 22.010
16.026 -4.715 20.342
17.015 -3.330 23.739
17.199 -6.848 25.191
19.101 -8.120 22.169
21.563 -5.221 22.404
22.111 -5.915 26.093
22.727 -9.647 25.504
25.100 -8.908 22.628
27.037 -6.393 24.773
27.674 -9.069 27.422
25.050 -8.117 30.013
23.267 -10.909 31.927
19.898 -9.259 32.571
17.512 -6.722 31.173
13.974 -5.564 32.025
11.408 -5.374 29.285
8.826 -2.675 29.847
5.351 -4.193 29.408
6.989 -7.439 28.300
7.180 -11.127 29.199
9.940 -13.011 30.971
12.469 -15.113 29.059
14.858 -16.738 31.536
17.742 -18.603 29.964
21.322 -19.382 30.942
23.538 -16.396 30.106
20.658 -13.902 29.650
17.423 -13.219 31.422
14.701 -10.932 30.086
12.883 -9.846 33.234
9.286 -8.635 32.930
8.513 -4.994 33.870
4.729 -4.719 33.955
3.699 -3.712 37.476
5.117 -2.340 40.741
6.252 -5.763 41.999
8.386 -6.162 38.893
9.771 -2.631 39.341
10.823 -3.856 42.787
12.836 -6.652 41.199
14.624 -4.080 39.068
15.277 -1.758 42.035
16.717 -4.658 44.043
19.037 -5.456 41.135
20.251 -1.813 40.934
20.721 -1.594 44.723
22.982 -4.672 44.787
25.321 -2.771 42.462
25.539 0.239 44.855
28.785 1.665 46.309
30.017 0.856 49.808
31.348 4.191 51.120
33.170 2.330 53.950
