-8.245 18.958 47.337
-5.443 17.253 45.440
-2.360 15.084 45.793
-2.702 11.842 47.825
-5.651 13.415 49.668
-7.709 13.521 46.430
-6.677 10.175 44.943
-4.653 7.174 46.207
-1.410 6.821 44.297
0.586 3.765 43.304
3.954 3.114 41.579
3.700 1.944 37.958
0.229 3.289 37.251
1.386 5.905 34.690
3.023 3.468 32.287
1.723 5.233 29.196
2.652 8.757 30.390
6.095 7.293 31.130
6.555 6.101 27.534
4.716 7.024 24.293
1.306 8.458 25.215
-0.709 5.798 23.409
1.564 5.562 20.398
3.609 2.429 19.715
2.732 -0.235 22.250
3.407 -1.285 25.847
4.321 -4.670 27.413
2.789 -3.811 30.818
5.837 -3.514 33.085
6.457 -0.471 35.317
9.889 1.227 35.362
10.157 2.954 38.725
11.732 1.302 41.764
13.561 -1.374 39.715
17.297 -1.983 39.085
18.616 -2.964 35.640
18.174 -6.746 36.138
14.438 -6.022 35.774
14.065 -6.111 31.958
10.731 -4.238 32.368
13.048 -1.253 32.660
16.418 -2.089 31.057
14.996 -3.742 27.918
12.339 -1.032 27.420
15.173 1.512 27.593
17.320 -0.512 25.134
14.282 -0.968 22.832
13.820 2.820 22.766
17.521 3.226 22.001
17.261 0.713 19.117
14.146 2.421 17.677
15.681 5.903 17.850
18.975 4.662 16.361
17.059 3.157 13.380
15.221 6.463 12.698
18.418 8.496 13.139
20.252 6.129 10.790
17.684 7.097 8.099
16.472 3.478 7.859
12.833 4.337 8.680
10.558 7.253 9.632
8.583 5.356 12.301
9.384 2.112 14.061
8.112 -0.237 16.773
10.501 -2.792 18.303
9.288 -5.722 20.440
11.609 -7.842 22.568
10.809 -10.553 25.116
12.486 -12.645 27.831
12.170 -15.662 30.147
13.200 -15.375 33.780
16.816 -16.453 34.310
17.624 -16.444 30.569
19.953 -13.638 29.380
19.209 -13.804 25.628
15.902 -12.356 24.348
13.426 -15.023 23.247
12.298 -12.939 20.242
12.903 -9.558 18.651
10.472 -8.017 16.124
10.683 -4.823 14.014
7.672 -2.989 12.555
8.246 0.103 10.364
4.658 1.040 9.315
5.638 0.938 5.618
8.294 3.612 6.281
11.479 1.608 5.546
13.085 0.794 2.224
14.797 -2.246 3.755
12.497 -5.063 4.812
11.649 -5.547 8.465
13.635 -8.808 8.328
16.704 -6.936 6.915
16.375 -4.388 9.736
16.267 -7.190 12.319
19.616 -8.321 10.870
20.898 -4.726 11.253
19.745 -4.752 14.906
21.425 -8.141 15.575
24.700 -6.836 14.059
24.645 -3.607 16.077
23.077 -4.404 19.486
23.323 -6.994 22.301
20.052 -6.962 24.257
21.148 -9.166 27.142
20.563 -7.140 30.313
24.182 -7.662 31.378
25.331 -5.892 28.175
22.596 -3.241 28.182
23.736 -2.232 31.721
27.177 -1.430 30.246
25.957 0.359 27.108
23.427 2.535 28.948
25.273 2.919 32.296
22.275 1.634 34.229
23.871 1.481 37.701
24.120 5.319 37.707
21.779 6.926 40.270
19.781 9.080 37.767
16.453 7.303 38.115
14.493 9.878 40.121
15.003 12.262 37.140
13.205 9.740 34.893
10.137 9.332 37.146
8.292 12.510 36.020
7.964 14.132 32.546
8.580 10.900 30.623
11.417 8.406 30.439
11.811 9.072 26.696
12.444 12.209 24.651
14.866 13.949 27.034
18.424 14.380 25.778
20.394 13.688 28.997
19.572 9.957 29.210
21.955 7.450 27.462
19.119 5.583 25.689
18.394 8.894 23.929
21.837 9.107 22.381
21.528 7.184 19.106
24.098 4.513 18.291
25.901 4.808 14.937
24.838 1.781 12.906
26.997 -0.310 10.577
24.954 -1.660 7.655
