-16.627 4.255 43.874
-14.978 7.667 44.145
-11.675 5.786 43.834
-14.145 7.909 39.484
-10.772 9.424 40.347
-9.156 6.745 38.157
-11.692 7.396 35.366
-10.559 11.073 35.508
-6.889 9.991 35.462
2.586 16.260 30.788
-0.660 16.660 32.745
1.210 15.698 35.916
4.159 17.977 35.019
1.759 20.917 34.694
-0.088 19.958 37.847
3.154 19.836 39.871
4.234 23.156 38.353
0.890 24.574 39.586
1.454 23.199 43.072
4.855 24.908 43.116
3.359 28.180 41.871
0.522 28.149 44.388
2.689 27.197 47.318
5.234 29.930 46.376
2.389 32.488 46.182
1.204 31.376 49.599
4.669 31.718 51.090
4.764 35.267 49.751
1.278 36.437 50.695
0.015 34.035 53.345
0.646 33.655 57.055
4.093 32.120 56.675
7.253 32.826 58.639
10.507 31.202 59.799
11.419 33.431 62.813
12.174 30.648 65.306
14.415 28.631 62.978
16.505 31.702 62.145
17.167 32.682 65.799
20.969 32.692 66.418
20.669 29.985 69.070
18.749 27.697 66.692
20.606 28.049 63.404
23.010 25.200 64.246
20.028 22.915 64.887
19.033 22.943 61.174
20.586 20.346 58.858
20.059 22.532 55.742
20.158 26.357 55.607
17.259 26.473 53.151
14.912 24.256 55.200
13.358 26.049 58.160
10.141 24.992 59.849
7.219 27.362 59.402
6.412 29.030 62.709
2.687 28.493 62.199
2.822 24.695 62.570
6.248 24.145 64.240
6.684 21.549 66.978
7.176 23.359 70.285
9.058 21.174 72.757
8.336 21.534 76.458
9.858 18.328 77.788
12.756 19.202 80.092
11.974 22.930 79.821
12.482 23.212 83.633
16.030 21.879 83.147
16.718 24.611 80.560
16.196 22.847 77.236
15.100 24.911 74.256
11.663 24.625 72.626
13.152 24.342 69.160
13.302 21.421 66.723
13.293 21.489 62.958
9.886 19.869 62.592
6.249 20.655 61.849
2.883 19.118 62.614
0.729 17.985 59.693
-3.054 17.549 60.076
-4.657 14.203 59.266
-7.978 13.148 57.833
-9.857 13.933 61.096
-8.243 17.412 61.400
-6.097 16.227 64.354
-2.294 16.523 64.473
-1.676 13.187 62.805
1.957 13.534 61.659
5.134 15.127 62.853
7.397 15.776 59.815
10.947 16.414 60.952
14.554 16.278 59.729
17.078 13.483 60.278
18.684 14.427 63.591
22.219 15.814 63.870
24.693 14.719 66.533
23.678 17.699 68.659
19.918 17.310 68.031
19.631 13.561 68.911
18.408 14.471 72.372
15.808 16.838 70.866
14.569 14.118 68.522
13.919 11.820 71.515
12.263 14.663 73.460
9.896 14.999 70.475
9.183 11.261 70.327
8.641 11.046 74.116
6.646 14.243 74.646
4.065 13.454 71.955
3.777 9.734 72.784
4.957 8.567 69.402
4.592 4.812 68.859
5.934 4.570 65.268
8.773 6.361 63.479
9.047 6.178 59.679
12.543 6.978 58.343
12.844 7.435 54.559
16.582 7.757 54.154
19.838 6.033 55.066
22.482 7.384 57.468
24.840 7.980 54.507
23.672 8.367 50.931
26.093 8.501 48.011
29.001 9.595 50.156
27.128 12.271 52.161
25.901 12.130 55.770
22.118 12.427 55.754
21.034 11.325 59.253
22.634 10.407 62.543
21.912 6.956 63.948
19.457 7.442 66.810
18.584 3.757 67.293
20.571 1.163 69.239
22.484 -1.744 67.811
22.561 -5.360 68.971
23.989 -5.564 72.490
24.920 -1.862 72.270
22.347 0.405 73.906
22.598 4.066 72.998
22.634 6.735 75.742
21.532 10.119 74.462
21.284 12.526 77.337
18.689 11.175 79.712
17.372 8.589 77.129
18.587 4.998 76.940
17.649 3.271 73.696
17.810 -0.545 73.523
17.367 -2.766 70.508
14.857 -5.555 71.149
14.555 -6.978 67.608
15.260 -6.210 63.948
13.218 -7.688 61.051
13.371 -7.156 57.296
9.729 -6.971 56.129
10.864 -7.105 52.477
14.129 -6.269 50.648
13.577 -2.524 51.095
12.105 -2.146 54.610
13.642 -2.713 58.054
11.508 -2.819 61.251
13.314 -2.166 64.534
11.639 -2.779 67.869
13.136 -0.375 70.372
12.885 0.039 74.138
13.214 3.740 75.053
13.844 4.525 78.755
13.542 8.025 80.251
13.020 9.092 83.913
12.370 5.521 85.120
9.722 4.697 82.435
10.263 2.383 79.458
8.238 2.503 76.250
8.140 0.469 73.087
8.863 2.483 69.940
8.823 0.877 66.503
11.015 2.306 63.745
10.480 1.511 60.123
13.363 2.404 57.814
13.176 2.515 54.013
16.587 1.169 52.979
16.981 1.800 49.221
15.444 5.128 48.251
17.608 6.190 45.304
19.980 9.102 45.268
18.334 10.138 41.977
14.690 9.459 41.169
12.181 7.334 43.071
11.761 3.624 43.902
11.178 1.145 41.066
7.588 0.539 42.245
5.299 1.727 45.105
4.787 -1.724 46.554
7.332 -1.771 49.337
6.569 1.771 50.471
2.883 0.786 50.666
3.932 -2.250 52.768
5.777 0.187 55.077
2.667 2.358 55.531
0.464 -0.692 56.059
2.760 -1.997 58.781
3.088 1.413 60.443
-0.670 1.581 60.703
-0.921 -1.867 62.257
1.694 -0.888 64.865
0.077 2.509 65.498
-3.360 1.005 66.172
-6.115 3.222 67.504
-5.451 6.461 69.342
-4.406 9.946 68.403
-0.605 10.011 68.881
1.137 11.331 65.782
3.299 9.256 63.463
6.867 10.627 63.411
8.009 10.796 59.757
11.414 11.952 58.600
13.980 11.774 55.846
17.144 13.868 55.744
15.566 17.333 55.303
12.074 16.228 56.285
10.514 17.523 53.055
10.253 15.481 49.898
10.207 11.860 50.820
8.582 12.687 54.145
5.786 14.442 52.266
5.306 11.429 49.997
4.886 9.131 53.020
2.487 11.472 54.849
0.378 11.949 51.735
0.197 8.213 50.986
-0.943 7.542 54.541
-3.462 10.423 54.484
-5.011 9.123 51.230
-4.993 5.546 52.524
-6.826 6.631 55.674
-9.496 8.309 53.493
-9.794 5.117 51.445
-10.133 2.781 54.408
-12.704 5.065 56.098
-14.732 5.292 52.828
-14.155 9.038 52.703
-12.831 9.603 49.193
-15.250 12.171 47.696
-16.123 12.178 43.984
-14.171 15.405 43.525
-11.129 14.007 45.369
-8.043 15.969 44.412
-4.503 14.724 45.100
-3.406 18.236 44.041
-5.346 19.743 46.941
-3.874 17.257 49.465
-0.285 17.992 48.445
-0.855 21.764 48.346
-2.306 21.624 51.852
0.733 19.604 53.050
3.052 22.251 51.552
1.420 24.925 53.795
2.352 22.864 56.894
5.872 21.496 56.185
8.210 23.263 53.740
8.608 21.520 50.365
6.374 18.564 51.292
6.619 16.539 48.064
9.613 18.323 46.597
9.976 17.071 43.007
7.924 16.250 39.940
9.231 12.665 40.072
7.992 12.375 43.672
4.589 13.756 42.651
4.353 11.233 39.788
5.404 8.421 42.217
2.676 9.552 44.612
0.153 9.391 41.737
1.338 5.876 40.874
0.966 4.827 44.532
-2.531 6.273 44.905
-3.709 4.720 41.579
-2.428 1.347 42.819
-4.251 1.726 46.143
-7.430 2.643 44.249
-6.844 -0.499 42.090
