39.980 17.623 84.122
42.570 19.778 85.938
43.068 23.111 84.094
44.743 26.280 85.488
43.433 29.771 84.388
45.183 30.956 81.160
46.941 34.393 81.088
47.966 35.426 77.496
49.803 38.822 77.497
50.311 40.472 74.057
53.805 41.176 72.527
55.539 38.379 74.487
59.277 37.614 74.429
60.524 34.363 72.837
61.679 31.670 72.442
58.372 30.554 70.929
56.452 28.310 71.344
55.960 29.527 74.976
54.146 27.380 77.577
50.851 28.840 78.899
49.596 26.005 81.176
49.856 22.273 81.579
46.413 20.599 81.285
45.706 17.085 82.712
43.009 14.452 83.029
43.147 12.304 86.198
41.872 9.383 84.102
45.785 9.077 83.456
46.052 6.938 86.703
43.958 4.068 84.989
45.998 4.310 81.622
47.994 6.683 79.299
46.126 9.882 78.152
46.719 11.841 74.919
45.779 15.536 74.700
44.598 17.607 71.715
43.016 20.988 71.040
40.436 22.178 68.495
38.841 25.561 67.622
39.807 28.620 65.530
43.415 29.438 66.553
44.146 25.586 66.868
42.902 23.032 64.097
40.939 25.573 61.942
42.196 29.087 60.741
44.388 30.743 62.092
45.923 27.202 62.364
48.446 26.624 65.150
48.440 29.920 67.079
47.829 27.485 70.001
49.212 23.924 70.095
49.229 21.189 72.781
52.005 18.617 73.410
50.095 15.292 73.094
51.843 13.322 75.942
52.418 16.090 78.540
49.359 18.308 78.092
51.490 21.505 77.696
49.266 24.124 75.934
51.581 26.624 74.151
51.233 29.870 72.083
53.446 29.796 68.889
53.711 33.561 68.209
53.192 37.005 69.765
49.470 37.922 70.065
47.940 41.309 69.279
44.942 42.405 71.331
43.802 45.029 68.779
43.852 42.401 66.027
42.139 39.388 67.752
41.110 39.908 71.400
39.587 36.407 72.084
39.931 32.674 71.134
37.533 29.793 71.933
39.460 26.474 72.136
38.420 22.978 73.318
40.727 20.517 75.075
40.281 16.765 74.411
41.636 13.737 76.339
41.709 10.217 74.775
43.155 6.838 75.824
45.643 4.649 73.781
42.458 3.169 72.079
41.182 6.627 70.848
38.186 6.769 73.311
37.303 10.154 74.891
38.099 9.853 78.660
36.695 13.419 79.196
33.904 15.571 77.722
35.712 18.331 75.669
36.400 21.496 77.842
35.740 24.986 76.479
38.702 27.315 77.221
38.180 31.098 76.661
41.616 32.802 76.188
41.571 36.644 76.586
44.558 38.577 75.185
45.623 41.039 77.982
48.166 43.969 78.060
