5.515 -4.296 -7.287
8.417 -6.069 -5.626
7.214 -8.542 -3.024
4.290 -10.803 -3.949
2.152 -9.149 -1.300
3.599 -11.645 1.188
3.199 -11.621 4.952
6.372 -9.745 5.811
5.428 -6.693 3.782
2.511 -5.813 1.537
2.765 -3.930 -1.737
-0.358 -2.695 -3.481
-0.453 -1.227 -6.970
-3.034 0.969 -8.654
-1.833 3.497 -11.201
1.147 3.286 -13.526
3.434 3.583 -10.524
1.165 4.831 -7.764
1.551 1.493 -6.024
2.572 1.504 -2.380
4.207 -0.666 0.256
3.256 -1.538 3.814
5.470 -3.591 6.095
4.052 -5.684 8.912
4.848 -2.556 10.891
4.843 1.148 10.114
8.558 0.484 9.840
8.158 0.365 6.079
5.059 1.908 4.547
5.157 3.487 1.109
2.272 5.804 0.310
1.748 7.099 -3.208
-0.697 9.671 -4.522
-4.321 8.554 -4.146
-4.568 8.094 -7.895
-6.587 4.964 -7.226
-9.347 7.454 -6.511
-10.058 7.630 -10.224
-12.461 10.522 -10.647
