-2.178 -5.531 35.726
-2.620 -3.733 32.344
-0.407 -0.907 33.618
2.459 -2.927 35.141
4.712 -2.395 32.110
4.394 1.423 32.137
7.597 3.111 33.377
5.459 5.741 35.146
3.178 3.263 36.967
4.060 2.954 40.654
1.588 0.289 41.693
-0.173 0.335 45.051
1.380 3.406 46.691
-0.232 6.081 48.864
-0.947 9.686 47.917
1.874 10.738 50.251
4.404 8.485 48.515
3.161 9.676 45.119
3.639 13.326 46.083
7.112 12.517 47.402
8.193 11.169 43.992
6.792 14.153 42.085
8.599 16.534 44.451
11.923 14.747 44.055
11.454 14.935 40.277
11.347 18.729 40.092
7.655 19.651 40.463
7.439 20.626 36.794
3.997 21.373 35.348
2.599 18.398 33.481
4.743 15.975 35.507
2.585 12.931 36.223
2.512 9.363 37.483
-0.027 6.534 37.626
-0.818 4.466 40.717
-3.346 1.754 41.557
-6.597 2.909 43.152
-6.940 1.881 46.801
-10.684 2.480 46.744
-12.015 0.720 43.653
-11.517 -2.627 41.910
-9.274 -2.305 38.882
-9.084 1.482 39.003
-6.139 3.879 38.912
-5.287 7.372 40.070
-3.579 9.900 37.826
-1.357 12.132 39.953
-0.143 15.340 38.265
1.609 18.615 39.074
0.450 22.048 37.932
1.309 25.436 39.429
3.401 23.729 42.115
0.231 21.961 43.265
-0.843 18.333 43.151
-3.947 17.050 41.413
-5.234 13.506 41.854
-7.780 12.144 39.412
-9.398 8.774 40.095
-9.767 6.576 36.986
-12.619 4.076 37.138
-12.828 0.874 35.128
-16.217 0.762 33.402
-18.261 -2.432 33.242
-17.450 -2.804 29.534
-13.742 -2.847 30.354
-12.889 0.741 29.426
-11.363 3.356 31.741
-12.380 6.948 32.366
-11.990 9.897 34.713
-15.328 11.063 36.145
-17.031 12.967 33.347
-14.318 12.200 30.829
-14.045 10.164 27.651
-13.582 6.426 28.160
-10.414 4.780 26.872
-9.554 1.140 26.203
-6.733 1.150 28.746
-4.600 3.239 31.156
-1.789 3.804 28.614
-4.208 5.095 25.957
-5.771 7.421 28.520
-2.404 8.999 29.364
-1.494 9.287 25.667
-4.777 11.078 24.931
-4.314 13.574 27.761
-0.768 14.322 26.589
-2.307 15.733 23.412
-5.519 17.211 24.776
-6.012 18.351 28.425
-9.767 17.830 27.957
-10.682 19.032 31.447
-7.366 18.674 33.271
-5.513 21.794 34.566
-2.883 21.153 31.872
-1.904 18.385 29.456
0.340 15.535 30.596
3.935 16.621 29.950
6.772 14.302 30.968
5.978 11.095 32.854
7.581 10.697 36.267
9.314 7.434 35.387
10.253 5.025 38.174
13.875 5.453 39.332
16.233 2.633 38.348
15.777 -0.308 40.696
12.226 0.677 41.612
9.436 -1.647 40.518
5.683 -1.104 40.939
4.487 -1.858 44.484
2.240 -4.952 44.715
-1.165 -4.325 46.280
-2.077 -6.100 49.496
-5.702 -6.578 48.379
-4.656 -8.124 45.052
-2.285 -10.397 46.946
-5.013 -11.587 49.328
-7.644 -11.968 46.606
-5.284 -14.319 44.773
-5.329 -16.832 47.636
-9.102 -16.513 48.010
-9.817 -17.133 44.311
-7.544 -20.189 44.380
-9.312 -21.576 47.444
-12.752 -20.862 45.969
-11.861 -22.628 42.699
-10.252 -25.564 44.512
-13.265 -26.107 46.799
-15.842 -25.688 44.035
-14.251 -27.599 41.148
-12.195 -30.004 43.293
