19.178 28.271 -2.315
16.960 31.129 -3.477
17.799 34.555 -2.052
14.127 34.682 -1.077
14.180 31.546 1.068
17.472 32.477 2.719
16.300 36.023 3.379
12.978 34.902 4.860
14.673 32.402 7.179
17.127 35.006 8.458
14.277 37.421 9.149
12.321 34.677 10.943
15.395 34.033 13.087
15.741 37.719 13.946
12.015 38.036 14.655
12.310 35.471 17.446
14.933 37.688 19.070
13.071 40.957 18.497
9.905 39.405 19.883
11.810 38.432 23.036
13.316 41.939 23.415
16.795 40.499 23.990
20.061 42.409 24.343
22.920 41.700 21.895
24.829 39.615 24.465
21.840 37.361 25.092
21.017 37.190 21.380
24.543 35.948 20.680
24.526 33.412 23.505
21.384 31.944 21.950
22.584 32.019 18.345
25.922 30.462 19.300
24.188 27.588 21.068
21.922 27.190 18.038
24.943 26.970 15.737
26.659 24.393 17.965
23.448 22.365 17.830
23.531 22.440 14.030
27.226 21.644 13.666
26.652 18.557 15.802
24.351 17.514 12.951
27.192 17.172 10.448
29.681 14.274 10.492
32.303 14.447 13.221
34.974 14.336 10.501
33.736 17.661 9.094
32.975 19.611 12.261
36.315 21.354 12.784
36.488 22.418 9.151
32.879 23.564 9.089
33.220 25.582 12.290
36.456 27.130 10.980
34.822 28.189 7.688
31.820 29.486 9.569
33.926 31.593 11.903
36.295 32.851 9.210
33.404 34.029 7.036
31.701 35.470 10.124
34.746 37.526 11.118
35.280 38.712 7.561
31.667 39.871 7.301
31.893 41.574 10.688
