83.411 32.848 10.622
81.421 29.701 9.910
84.390 28.015 8.270
86.701 28.394 11.273
84.161 26.992 13.736
83.226 24.046 11.510
86.919 23.154 11.113
87.444 22.954 14.879
84.201 20.989 15.126
85.317 18.483 12.466
88.517 17.885 14.406
86.872 17.223 17.767
84.666 14.864 15.784
87.529 12.921 14.213
89.577 12.852 17.434
86.375 11.484 18.960
86.350 14.122 21.709
82.660 13.630 22.580
82.358 16.344 25.235
84.357 18.969 23.312
82.214 18.169 20.276
78.929 18.461 22.157
79.889 21.805 23.720
80.757 23.306 20.336
77.982 21.721 18.265
75.278 22.542 20.809
76.535 26.142 20.946
75.595 26.538 17.277
72.092 27.637 16.233
70.134 24.663 14.828
70.453 26.043 11.278
74.243 26.140 11.547
74.049 22.637 13.040
72.241 21.609 9.873
74.870 23.074 7.559
77.720 21.471 9.493
75.915 18.116 9.398
75.098 18.364 5.691
78.805 18.815 4.954
79.922 15.627 6.705
80.726 12.439 4.803
78.852 9.269 5.739
81.578 8.322 8.213
81.423 11.502 10.273
77.605 11.459 10.288
77.772 8.104 12.049
80.009 9.446 14.830
77.628 12.350 15.147
74.722 9.968 15.786
76.752 8.539 18.670
77.246 11.900 20.413
73.729 13.295 20.076
70.486 12.055 21.578
67.393 11.608 19.396
65.939 14.782 20.926
69.076 16.751 20.128
69.221 15.408 16.574
65.534 16.222 16.137
66.096 19.884 17.042
68.382 20.046 14.047
66.268 18.032 11.608
63.294 20.298 12.316
65.053 22.802 10.080
66.821 20.672 7.481
64.847 20.955 4.225
62.784 17.746 4.080
62.928 18.015 0.290
66.719 17.920 0.621
66.384 14.546 -1.095
69.396 13.026 0.571
66.806 12.184 3.214
65.707 8.589 2.852
69.330 7.512 3.345
70.074 9.945 6.205
67.365 8.010 7.994
68.375 4.679 6.441
71.949 4.870 7.752
70.464 5.391 11.219
69.473 2.464 13.403
65.702 2.159 12.826
65.053 2.506 16.555
67.205 5.643 16.753
65.502 7.197 13.706
62.051 6.508 15.129
62.880 8.131 18.470
64.213 11.132 16.568
61.064 11.423 14.436
59.035 11.282 17.642
60.995 14.242 19.036
60.728 16.595 16.053
57.881 19.082 15.894
54.905 17.280 14.408
54.621 19.464 11.322
58.246 18.675 10.495
57.833 14.988 11.288
54.808 14.616 8.997
56.746 16.321 6.199
59.777 14.065 6.595
57.564 10.977 6.504
55.708 12.116 3.383
59.116 12.362 1.712
60.406 8.889 2.517
59.333 5.972 0.327
55.932 4.499 1.193
57.792 1.595 2.853
60.095 3.533 5.197
57.164 5.704 6.285
55.242 2.711 7.659
58.311 0.988 9.067
59.461 4.005 11.116
55.867 4.723 12.038
55.539 1.125 13.217
58.534 1.573 15.533
56.589 4.181 17.532
54.240 3.587 20.447
50.635 4.780 20.369
51.357 8.003 22.248
54.499 8.727 20.216
52.720 8.529 16.870
49.395 10.030 17.950
49.775 13.645 16.794
51.788 12.622 13.737
48.926 10.356 12.667
46.277 13.065 12.943
48.072 15.693 10.874
49.003 13.198 8.150
45.310 13.201 7.227
45.308 16.841 6.120
45.478 17.647 2.415
48.722 19.140 1.189
