25.921 11.170 25.826
22.885 8.893 26.092
20.509 8.149 28.982
22.163 4.694 29.095
25.668 6.020 29.787
24.924 9.404 31.390
23.147 10.651 34.564
19.839 12.548 34.756
20.512 16.287 34.442
23.360 15.973 31.926
23.454 19.257 30.006
23.409 18.317 26.326
23.812 21.610 24.517
26.552 24.215 24.817
25.200 27.115 26.960
26.754 30.626 26.646
29.923 31.475 28.630
31.504 34.577 30.149
34.012 34.383 27.277
34.431 36.439 24.623
32.664 35.102 21.498
29.701 34.124 23.699
29.539 37.581 25.234
29.712 39.207 21.758
26.896 36.960 20.578
24.830 37.728 23.677
25.402 41.426 22.910
24.280 40.850 19.284
21.100 39.188 20.579
20.526 42.344 22.678
20.888 44.568 19.598
18.491 42.367 17.551
15.831 42.814 20.253
16.485 46.544 20.611
16.117 47.174 16.881
12.492 45.982 17.040
11.654 48.433 19.861
13.714 51.479 18.916
12.790 54.904 17.479
12.847 54.556 13.685
13.169 58.367 13.451
16.334 58.481 15.564
18.962 60.317 13.492
21.756 58.360 15.250
20.707 55.173 13.413
22.894 56.442 10.589
26.030 56.150 12.796
24.762 52.939 14.472
24.564 51.225 11.072
28.104 52.422 10.339
29.357 50.929 13.630
27.587 47.570 13.069
29.078 47.434 9.588
32.512 48.303 11.017
32.137 45.516 13.586
31.018 43.074 10.907
34.043 43.996 8.771
36.323 43.312 11.772
34.692 39.901 12.438
34.901 39.047 8.734
38.588 39.959 8.551
39.315 37.863 11.698
38.208 34.488 10.367
40.272 31.300 10.006
41.417 29.978 6.593
39.345 26.793 7.031
35.930 27.067 8.749
35.407 25.099 11.985
33.984 21.569 11.722
30.264 21.144 12.372
28.526 18.368 14.307
26.048 16.522 12.073
23.534 15.488 14.719
21.238 13.851 12.179
24.082 11.562 11.081
24.903 10.439 14.652
27.813 12.819 15.310
26.450 14.301 18.568
24.500 17.414 19.540
24.901 20.458 17.245
26.504 23.656 18.537
25.855 25.878 15.473
22.088 25.706 15.130
19.560 28.552 15.388
17.890 26.954 18.453
20.807 26.179 20.848
24.008 27.523 19.256
25.847 29.765 21.751
27.470 31.709 18.919
24.261 31.889 16.830
22.453 35.133 17.627
19.292 33.701 16.054
19.127 31.158 18.892
17.411 32.295 22.078
19.491 30.111 22.926
17.702 27.095 24.407
19.615 24.977 26.938
18.675 21.267 26.963
19.427 18.494 29.463
19.035 14.709 29.278
16.957 12.767 31.815
17.065 9.154 33.111
13.725 8.221 31.518
15.289 9.055 28.122
13.572 12.444 27.794
15.237 15.780 27.089
14.039 19.088 28.540
14.825 22.791 28.730
13.201 26.045 29.840
13.101 29.177 27.683
11.612 32.665 27.895
10.990 33.963 24.386
11.367 37.579 23.334
9.983 39.951 20.665
12.056 38.798 17.723
10.105 35.487 17.952
6.680 37.171 17.881
3.893 36.091 15.532
0.481 36.983 16.848
0.865 40.025 19.191
2.384 39.020 22.572
2.785 35.453 21.328
5.322 33.115 19.807
5.165 32.634 16.018
3.729 29.161 15.293
6.687 28.569 12.961
9.102 29.357 15.807
7.349 26.740 17.976
7.791 24.270 15.082
11.490 25.150 14.774
12.145 24.764 18.483
10.289 21.445 18.611
11.998 20.079 15.509
15.417 20.644 17.075
14.340 19.267 20.448
13.334 16.021 18.689
16.753 15.731 17.058
18.371 16.157 20.446
16.003 13.567 22.033
17.096 11.096 19.369
20.769 11.833 20.102
20.219 11.338 23.864
18.382 8.108 23.015
21.419 7.072 20.978
19.627 7.137 17.658
19.870 9.399 14.666
17.953 9.749 11.453
17.182 12.408 8.881
13.805 14.058 9.333
10.992 12.534 7.291
7.849 14.170 8.656
6.967 16.538 11.515
3.309 16.841 12.554
2.798 19.881 14.798
-0.475 20.469 16.653
-1.346 23.817 18.182
-3.451 23.467 21.324
-3.247 26.863 23.035
-1.515 30.187 22.283
2.180 30.253 23.192
3.055 33.441 25.103
6.177 35.566 24.864
7.921 36.854 28.009
7.367 33.790 30.209
9.114 30.475 31.021
8.211 27.763 28.536
9.230 24.134 28.995
10.371 22.164 25.923
10.422 18.380 26.170
11.172 15.624 23.633
11.573 11.847 23.849
12.326 9.062 21.391
9.180 6.919 21.470
9.963 3.868 19.326
12.215 2.391 16.660
10.636 0.092 14.048
13.165 -0.945 11.398
14.625 2.251 9.898
11.788 4.401 11.318
12.416 6.451 14.450
9.365 8.010 16.113
9.942 10.967 18.431
7.470 13.163 20.303
7.553 16.396 22.275
5.685 19.511 23.395
5.944 23.096 24.644
4.189 23.778 27.953
3.587 26.826 30.095
4.706 27.029 33.730
1.379 25.476 34.744
2.194 22.397 32.631
-0.357 23.092 29.874
0.521 21.939 26.416
0.661 24.855 23.998
2.150 22.953 21.054
2.934 19.249 20.537
4.739 17.393 17.824
5.334 13.911 16.487
8.360 13.385 14.286
9.341 10.533 12.015
12.985 10.065 11.153
14.648 7.522 8.903
17.969 6.077 10.012
