16.600 -29.361 -26.515
12.855 -28.910 -25.888
11.267 -25.467 -26.213
9.945 -24.477 -22.778
6.402 -23.088 -22.608
5.435 -21.441 -19.326
1.654 -21.405 -18.813
0.780 -18.924 -16.085
-2.588 -19.924 -14.697
-4.574 -20.262 -11.480
-7.205 -22.617 -12.986
-7.404 -26.194 -11.713
-6.301 -27.771 -14.998
-3.232 -29.604 -16.299
-2.105 -27.651 -19.384
0.328 -30.312 -20.587
-2.604 -32.481 -21.727
-3.541 -29.943 -24.444
0.003 -29.973 -25.855
0.417 -33.771 -26.124
2.073 -34.631 -29.448
2.515 -31.001 -30.467
5.965 -30.051 -31.702
7.470 -26.728 -32.788
7.640 -26.720 -36.614
6.525 -30.342 -36.272
10.083 -31.072 -35.128
11.017 -29.933 -31.578
9.490 -31.275 -28.342
7.588 -28.800 -26.147
8.236 -28.904 -22.385
5.233 -27.399 -20.564
5.817 -25.626 -17.238
2.724 -24.455 -15.377
2.401 -22.193 -12.362
0.296 -19.411 -10.944
1.858 -15.988 -10.576
2.330 -16.321 -6.808
4.692 -19.266 -7.402
6.992 -17.428 -9.859
10.016 -15.154 -9.669
12.680 -14.230 -12.215
15.694 -12.179 -13.233
15.656 -10.740 -16.780
18.705 -9.685 -18.823
19.490 -7.137 -21.532
21.778 -9.787 -22.988
18.578 -11.842 -23.500
15.902 -13.864 -21.719
14.726 -14.635 -18.178
15.758 -17.150 -15.559
12.525 -18.267 -13.840
12.300 -19.827 -10.376
9.119 -21.798 -9.716
8.259 -22.772 -6.124
13.048 -25.437 -9.788
14.676 -23.047 -12.326
14.556 -22.648 -16.129
14.731 -20.266 -19.068
11.342 -20.113 -20.775
10.988 -19.702 -24.532
7.263 -18.813 -24.756
4.544 -17.638 -22.349
0.796 -18.306 -22.247
-0.898 -15.873 -19.845
-4.147 -17.260 -18.436
-4.103 -15.468 -15.050
-4.966 -11.860 -14.170
-1.717 -9.989 -13.407
-3.436 -7.406 -11.142
-6.415 -7.920 -8.835
-6.822 -5.057 -6.350
-9.549 -6.582 -4.132
-7.482 -9.796 -3.718
-4.307 -7.788 -2.938
-2.508 -9.564 -5.806
-0.086 -7.555 -7.932
2.074 -9.348 -10.497
2.612 -6.449 -12.916
6.385 -6.543 -12.257
6.532 -10.216 -13.366
4.873 -9.085 -16.627
7.462 -6.295 -16.926
10.221 -8.915 -16.341
9.076 -11.400 -18.959
8.808 -8.536 -21.512
12.308 -7.253 -20.491
13.500 -10.849 -21.197
12.097 -10.472 -24.727
9.654 -13.388 -24.347
7.159 -14.117 -27.149
3.723 -14.743 -25.644
-0.008 -15.213 -26.036
