61.833 5.667 0.784
58.119 6.574 0.666
58.090 3.111 -1.093
59.296 1.002 1.943
56.759 2.620 4.156
54.131 2.132 1.488
55.208 -1.548 1.364
55.063 -1.627 5.081
51.501 -0.488 5.418
50.281 -2.732 2.557
51.502 -5.702 4.815
49.259 -4.378 7.660
46.374 -5.066 5.300
47.043 -8.799 4.634
45.504 -12.013 6.041
47.889 -13.844 8.412
47.574 -16.747 6.076
49.380 -14.799 3.358
51.889 -13.224 5.840
52.782 -16.678 7.177
54.149 -17.473 3.595
56.267 -14.212 3.447
59.861 -14.105 4.809
59.418 -11.562 7.638
61.689 -11.201 10.626
60.036 -11.889 14.090
60.351 -8.168 14.746
58.139 -7.494 11.704
55.605 -10.158 12.479
55.356 -8.568 15.971
55.155 -4.934 14.693
52.476 -6.140 12.360
50.284 -7.896 14.991
50.682 -4.938 17.195
49.593 -2.486 14.391
45.810 -2.262 15.042
46.477 -1.265 18.709
47.675 2.050 17.258
44.468 4.137 16.859
45.837 7.755 17.494
47.292 9.769 14.579
50.639 10.062 16.277
50.671 6.390 17.401
49.786 5.147 13.941
52.339 7.321 12.028
55.090 6.333 14.471
54.327 2.632 14.183
54.241 2.764 10.354
57.581 4.590 10.193
58.941 2.126 12.629
57.497 -0.553 10.270
59.219 1.394 7.459
62.615 1.220 9.287
61.996 -2.433 9.949
61.524 -3.258 6.270
65.270 -2.705 5.847
65.888 -6.047 7.644
63.752 -7.881 5.109
64.199 -9.416 1.758
62.196 -6.739 -0.053
62.522 -8.349 -3.460
61.013 -11.625 -2.070
58.241 -9.727 -0.360
57.511 -7.709 -3.564
57.540 -10.838 -5.701
54.951 -12.571 -3.493
52.704 -9.468 -3.403
52.932 -9.259 -7.219
51.660 -12.894 -7.278
48.724 -11.986 -5.019
47.806 -8.861 -7.055
48.144 -10.788 -10.334
45.821 -13.492 -9.127
43.343 -10.819 -8.093
43.781 -9.196 -11.558
43.008 -12.488 -13.172
39.968 -12.825 -10.962
38.755 -9.363 -11.991
39.288 -9.992 -15.718
37.072 -13.177 -15.472
34.519 -11.334 -13.271
34.039 -8.446 -15.698
34.026 -10.900 -18.688
31.101 -12.699 -17.004
29.313 -9.395 -16.267
29.552 -8.626 -20.068
28.281 -12.072 -20.964
25.261 -11.609 -18.602
24.366 -8.246 -20.034
24.857 -9.459 -23.616
22.688 -12.481 -23.172
19.839 -10.484 -21.474
19.996 -7.730 -24.161
20.377 -10.051 -27.177
18.914 -13.173 -28.634
19.672 -16.730 -29.663
22.801 -15.753 -31.662
24.380 -14.633 -28.396
23.276 -17.733 -26.517
25.111 -19.741 -29.240
28.299 -17.737 -28.935
28.112 -18.205 -25.155
27.743 -21.970 -25.349
30.599 -22.197 -27.827
32.845 -20.601 -25.135
31.082 -22.829 -22.413
29.992 -26.095 -24.324
28.935 -27.693 -21.020
26.258 -25.014 -20.400
22.716 -26.405 -19.943
21.169 -24.612 -22.913
17.603 -25.124 -21.861
18.147 -23.778 -18.339
20.083 -20.748 -19.630
17.374 -20.085 -22.281
14.700 -20.279 -19.591
16.764 -17.933 -17.359
17.236 -15.419 -20.249
13.524 -15.341 -21.099
12.562 -14.684 -17.454
15.207 -11.863 -17.129
14.152 -10.262 -20.481
10.562 -10.328 -19.190
11.598 -8.671 -15.875
13.449 -6.073 -17.927
10.505 -5.444 -20.234
7.884 -5.416 -17.530
10.233 -3.379 -15.229
10.405 -5.889 -12.341
13.254 -6.219 -9.758
15.885 -7.739 -11.944
16.268 -11.002 -9.858
16.812 -13.429 -12.667
19.809 -11.479 -13.972
21.541 -12.088 -10.629
20.670 -15.873 -11.186
22.232 -15.770 -14.639
25.429 -14.113 -13.244
25.448 -16.843 -10.591
24.989 -19.746 -13.074
27.632 -18.444 -15.457
30.097 -17.925 -12.586
29.501 -21.629 -11.804
30.348 -22.564 -15.433
33.610 -20.394 -15.299
34.254 -21.787 -11.858
34.660 -18.240 -10.621
34.945 -19.272 -6.996
