16.121 56.465 -0.949
16.360 57.577 -4.578
19.180 58.894 -6.731
19.060 62.686 -6.817
22.184 63.617 -8.794
24.960 62.288 -11.014
28.166 63.939 -12.161
30.921 62.980 -14.566
34.395 64.336 -13.887
37.004 63.832 -16.621
40.530 63.574 -15.201
44.059 63.495 -16.592
46.703 62.102 -14.217
50.490 61.900 -14.784
52.396 58.598 -14.520
55.421 58.046 -12.267
57.456 57.057 -15.316
56.933 56.905 -19.108
54.735 54.033 -20.334
55.881 52.363 -23.549
53.541 51.040 -26.214
53.262 50.428 -29.955
52.780 54.147 -30.573
55.520 56.014 -28.730
55.308 56.698 -25.008
52.414 57.677 -22.732
52.996 59.885 -19.702
49.558 60.047 -18.114
46.369 58.000 -17.835
42.886 59.471 -18.239
39.695 58.301 -16.582
36.181 59.675 -16.301
34.812 59.620 -12.787
31.135 58.980 -12.218
29.510 60.096 -8.986
25.985 59.022 -8.105
24.413 60.966 -5.248
21.392 59.719 -3.308
18.781 62.117 -1.926
20.159 61.555 1.577
23.577 62.925 0.675
25.368 59.582 0.299
27.514 59.403 -2.829
28.654 56.356 -4.784
31.793 56.673 -6.877
33.157 54.778 -9.863
35.292 55.378 -12.958
35.508 54.481 -16.658
38.362 54.181 -19.137
38.219 56.781 -21.921
39.267 55.379 -25.303
38.779 56.278 -28.131
38.145 59.855 -26.915
37.787 61.067 -23.335
35.524 64.001 -24.237
33.308 61.759 -26.357
33.032 58.885 -23.862
32.588 61.274 -20.946
29.563 62.626 -22.821
28.241 59.085 -23.258
28.780 58.227 -19.586
26.879 61.365 -18.536
23.981 60.646 -20.901
23.643 57.097 -19.571
24.055 58.042 -15.890
21.287 60.627 -16.189
18.730 57.822 -16.616
19.423 56.805 -13.003
18.113 59.954 -11.316
14.794 59.353 -9.585
15.445 55.632 -9.155
16.780 53.292 -6.431
20.478 52.350 -6.328
19.241 48.879 -5.329
17.799 48.510 -8.849
21.178 48.613 -10.585
20.756 45.453 -12.710
17.442 46.210 -14.423
18.322 49.904 -14.691
21.481 49.177 -16.673
19.667 46.608 -18.858
16.939 49.134 -19.692
19.461 51.894 -20.429
21.426 49.512 -22.650
18.275 48.481 -24.510
17.158 52.100 -24.891
20.367 53.944 -25.794
22.045 51.136 -27.729
19.961 48.171 -28.874
16.951 50.259 -29.816
19.187 52.001 -32.340
20.770 48.865 -33.782
24.089 49.492 -32.041
24.657 46.017 -30.600
28.057 47.002 -29.215
28.134 45.174 -25.891
31.870 45.539 -25.262
31.743 49.314 -25.763
28.616 49.552 -23.615
30.323 47.448 -20.918
33.143 50.015 -20.904
30.758 52.693 -19.640
28.424 50.600 -17.496
31.511 49.358 -15.600
31.859 52.771 -13.958
28.131 53.125 -13.326
27.829 49.658 -11.763
30.888 50.463 -9.624
29.335 53.613 -8.176
25.971 51.909 -7.595
27.424 49.136 -5.443
29.674 51.644 -3.731
26.511 53.612 -2.941
24.647 50.492 -1.813
27.505 49.596 0.513
27.718 53.088 1.998
23.948 53.139 2.590
24.078 49.723 4.265
27.355 50.410 6.078
28.957 47.296 4.595
31.910 46.545 2.318
30.836 45.537 -1.201
32.088 41.942 -0.912
29.611 41.434 1.950
26.810 42.545 -0.366
27.885 39.790 -2.746
27.742 36.829 -0.386
30.980 37.290 1.526
