14.755 -1.557 15.683
16.736 -0.118 18.602
16.021 -0.619 22.327
14.050 2.638 22.659
11.016 3.239 20.447
11.322 7.028 20.330
8.133 9.105 20.291
7.129 10.760 17.021
5.319 14.121 16.878
2.250 12.421 15.353
2.012 9.911 18.246
1.944 12.443 21.091
-1.824 13.080 21.076
-2.451 9.353 21.666
-0.399 9.223 24.874
-2.445 9.850 28.021
0.011 10.581 30.814
-2.823 11.205 33.298
-3.620 7.457 33.333
-0.074 6.433 34.194
1.825 5.489 37.331
5.199 7.161 37.773
6.953 3.998 36.476
4.868 4.121 33.270
5.499 7.868 32.828
9.261 7.230 33.018
8.934 4.794 30.099
7.464 7.728 28.146
10.123 10.226 29.309
12.774 7.754 28.069
11.083 7.643 24.642
11.285 11.418 24.208
14.164 11.994 21.777
16.098 14.345 24.022
18.589 17.030 23.009
20.552 18.055 26.103
22.792 21.139 26.050
23.913 21.590 29.669
25.472 18.655 31.484
28.825 18.717 33.251
30.588 15.508 32.202
33.038 15.805 35.108
30.082 15.683 37.562
27.981 13.223 35.549
27.841 9.770 37.111
25.642 7.267 38.919
25.790 6.533 42.661
27.152 3.061 41.891
29.924 4.426 39.676
30.961 7.077 42.199
31.190 4.612 45.108
33.142 2.192 42.878
35.766 4.932 42.375
35.988 5.651 46.121
36.544 1.904 46.776
39.003 1.451 43.879
41.409 3.995 45.365
40.575 3.126 49.005
39.668 6.755 49.723
37.035 6.177 52.436
37.702 2.824 54.169
35.922 3.922 57.363
32.695 4.973 55.558
29.861 2.864 54.107
28.557 3.190 50.537
25.684 5.467 51.676
27.915 7.535 54.020
30.179 8.126 51.006
27.246 9.513 48.981
26.268 11.836 51.848
29.858 13.000 52.423
30.645 13.819 48.778
27.433 14.560 46.888
24.456 16.955 46.858
21.395 14.659 46.554
19.631 16.310 49.500
20.564 19.761 48.144
22.057 22.665 50.074
21.855 26.366 50.816
23.402 27.877 47.696
25.517 27.622 44.562
28.456 28.484 46.841
27.865 25.345 48.913
27.544 23.257 45.749
30.875 24.540 44.410
32.631 23.611 47.675
31.103 20.140 47.657
32.124 19.560 44.028
35.744 20.232 45.064
35.527 17.117 47.310
34.335 14.961 44.404
37.655 15.644 42.631
39.103 12.976 44.983
38.067 10.515 42.227
40.150 12.140 39.457
43.068 9.929 40.440
44.340 9.035 36.966
43.446 8.935 33.248
41.881 5.454 33.328
39.117 6.520 35.726
38.524 9.697 33.681
38.101 7.638 30.505
35.723 5.268 32.322
33.699 8.161 33.729
33.325 9.515 30.190
32.306 6.114 28.774
29.687 5.502 31.452
28.377 9.075 31.190
27.712 8.657 27.447
26.247 5.171 27.822
23.770 6.236 30.510
22.581 9.174 28.375
22.052 6.679 25.530
20.052 4.389 27.849
17.974 7.395 28.963
16.955 8.272 25.365
19.208 11.261 24.703
19.946 11.505 20.969
21.961 14.759 21.002
24.373 15.388 23.885
26.596 18.421 24.441
28.861 17.506 27.338
30.932 20.190 29.014
33.901 19.820 31.358
36.506 21.913 33.132
40.084 20.790 32.419
41.380 22.745 35.428
38.684 21.283 37.714
39.624 17.725 36.716
43.397 18.472 36.934
43.922 20.213 40.291
43.432 17.442 42.878
46.180 15.106 41.579
48.082 17.667 39.461
47.123 15.957 36.209
48.069 17.028 32.678
45.109 18.719 30.937
46.317 17.365 27.575
46.053 13.801 28.927
42.722 14.499 30.663
41.343 15.690 27.301
42.799 12.669 25.514
41.111 10.321 27.988
37.692 12.009 27.689
37.794 12.163 23.883
38.901 8.499 23.715
36.152 7.355 26.113
33.421 9.193 24.210
34.718 7.991 20.813
34.795 4.350 21.926
31.229 4.362 23.283
29.677 6.268 20.360
31.420 3.831 17.987
30.098 0.837 19.966
26.644 2.437 19.799
26.947 2.938 15.997
26.506 6.695 16.552
22.900 6.334 17.765
23.813 9.055 20.246
25.692 12.101 18.968
28.002 13.732 21.467
29.882 17.041 21.275
32.173 18.653 23.863
32.375 22.113 25.387
35.239 23.552 27.420
34.607 25.312 30.765
36.888 27.968 32.259
35.697 28.130 35.861
36.060 30.007 39.144
36.162 28.729 42.734
38.657 25.856 42.888
42.440 25.769 43.272
44.390 26.214 40.019
41.395 27.814 38.242
42.429 29.878 35.208
40.001 31.324 32.661
42.680 32.580 30.270
44.437 29.180 30.236
41.101 27.418 29.741
40.308 29.673 26.740
43.744 28.994 25.206
43.244 25.261 25.790
39.802 25.387 24.179
41.158 27.130 21.072
44.154 24.771 20.935
41.601 21.927 20.806
39.050 23.755 18.623
38.664 20.561 16.531
37.175 18.803 19.599
35.310 21.684 21.274
32.090 23.190 19.900
31.659 25.877 22.558
33.135 27.671 25.566
31.569 28.241 28.990
32.210 29.744 32.397
30.901 28.053 35.547
31.611 27.684 39.248
31.006 30.872 41.218
28.783 33.181 39.174
30.986 36.160 38.348
30.370 39.186 36.129
32.325 38.159 33.047
32.629 41.721 31.665
36.075 41.834 33.311
37.135 39.006 30.950
35.686 40.707 27.816
38.963 40.389 25.904
39.315 36.636 26.470
35.721 35.865 25.486
35.920 38.148 22.402
38.988 36.222 21.233
37.367 32.808 21.710
34.110 33.919 20.036
35.813 35.698 17.121
37.871 32.522 16.566
34.604 30.720 15.700
33.887 29.072 19.063
30.465 30.197 20.254
29.738 31.026 23.877
27.281 29.764 26.435
28.078 30.905 29.969
26.447 30.370 33.348
24.515 33.537 34.218
21.290 34.309 36.068
21.468 31.155 38.197
22.496 32.517 41.590
19.607 34.289 43.365
21.900 35.682 46.075
23.535 38.170 43.688
22.279 41.732 44.390
21.491 42.569 40.733
21.279 41.036 37.234
24.609 42.457 35.980
25.970 38.994 35.108
23.094 38.499 32.628
23.522 41.920 31.021
27.263 41.231 30.601
26.697 37.738 29.199
24.229 39.071 26.629
25.637 42.502 25.740
29.412 42.106 26.261
30.051 38.389 25.687
27.370 38.124 22.970
26.565 34.602 24.045
24.361 32.413 21.860
22.909 30.530 24.865
22.871 31.056 28.649
23.472 28.367 31.281
20.435 28.491 33.587
19.409 32.122 32.960
16.294 31.697 35.137
16.719 35.175 36.677
15.821 36.553 33.217
12.222 36.053 34.463
12.739 38.923 36.935
13.130 41.525 34.140
10.927 42.301 31.141
13.909 44.108 29.565
16.009 40.926 29.651
13.064 38.764 28.506
12.619 41.009 25.454
16.396 41.090 24.910
16.868 37.309 24.993
13.869 36.854 22.697
15.098 39.519 20.235
18.594 37.984 20.122
17.233 34.407 19.754
19.160 33.360 22.867
18.202 30.020 24.473
18.215 29.485 28.244
19.588 26.083 29.199
17.276 25.431 32.158
18.240 22.911 34.873
15.071 22.500 36.992
16.250 20.072 39.701
19.592 21.861 40.139
17.784 25.155 40.780
15.520 23.646 43.441
18.320 21.741 45.218
20.559 24.865 45.286
17.658 27.125 46.434
17.799 29.237 43.259
14.108 28.454 42.894
11.847 28.290 45.968
10.111 25.135 44.744
9.454 23.304 41.489
5.873 24.724 41.661
7.309 28.221 41.362
10.227 27.459 39.048
10.657 30.374 36.570
10.726 28.049 33.496
6.906 28.141 33.306
6.828 31.961 33.188
9.745 32.078 30.734
8.197 29.457 28.453
4.835 31.279 28.497
6.583 34.612 27.805
7.941 33.168 24.534
11.575 32.669 25.603
13.397 29.689 24.110
14.185 27.268 26.926
15.496 23.686 26.997
15.580 21.017 29.712
18.894 19.873 31.176
20.252 17.731 34.068
23.292 19.882 34.980
25.175 17.464 37.302
23.638 13.963 37.479
26.527 12.837 39.721
26.081 15.613 42.285
22.269 15.305 42.470
22.013 11.539 41.872
19.420 12.262 39.200
19.129 11.800 35.453
17.604 13.876 32.652
14.242 12.027 32.806
13.888 13.194 36.434
13.895 16.814 35.214
11.134 15.914 32.698
9.141 14.173 35.470
9.395 17.261 37.701
8.242 19.638 34.948
5.260 17.439 34.084
4.152 16.827 37.685
4.731 20.270 39.211
4.297 22.666 36.277
1.949 20.867 33.851
4.375 20.688 30.906
3.067 18.474 28.094
4.702 16.103 25.602
4.107 18.754 22.939
6.017 21.265 25.073
8.899 18.801 25.575
9.131 18.065 21.834
9.218 21.776 20.990
11.938 22.453 23.563
14.104 19.614 22.267
13.769 20.922 18.717
14.826 24.370 19.961
17.811 22.689 21.634
18.648 20.994 18.322
18.400 24.332 16.492
20.601 26.112 19.061
23.079 23.243 19.441
26.716 24.024 18.611
27.092 20.632 16.865
27.908 20.454 13.125
24.853 21.359 11.039
25.244 18.252 8.821
24.903 16.057 11.932
21.998 18.092 13.332
20.131 17.886 10.000
20.277 14.088 10.159
19.028 14.074 13.766
16.179 16.435 12.822
15.125 14.199 9.907
15.326 11.044 12.051
13.362 12.239 15.116
11.631 15.600 14.453
