-18.106 22.669 15.064
-17.644 20.499 18.149
-14.439 18.835 19.345
-14.088 15.973 21.830
-10.727 16.634 23.542
-8.990 14.020 25.675
-5.494 13.418 26.962
-3.344 10.966 28.937
-1.759 13.365 31.470
-4.962 14.334 33.294
-7.640 17.027 32.993
-5.500 19.470 34.982
-2.422 19.288 32.767
-1.183 22.514 31.142
-1.160 20.820 27.694
-4.865 19.905 27.572
-5.883 23.234 29.068
-3.760 25.259 26.623
-5.277 23.385 23.709
-8.828 23.727 25.113
-8.450 27.496 25.477
-7.053 28.011 21.967
-9.693 25.839 20.321
-12.618 27.852 21.648
-12.323 30.257 18.697
-13.071 27.393 16.265
-16.014 25.693 17.988
-17.241 24.005 21.155
-14.631 22.073 23.093
-15.936 19.166 25.128
-13.235 17.799 27.424
-13.329 14.298 28.861
-9.970 13.429 30.435
-8.414 11.179 33.079
-8.168 12.350 36.697
-4.427 11.363 36.862
-1.425 10.852 34.643
-1.668 7.440 32.916
1.401 7.739 30.714
3.264 4.897 32.433
0.446 2.381 32.626
-2.182 0.602 30.546
-4.253 2.446 27.930
-6.812 -0.160 26.851
-10.615 0.242 26.874
-12.030 -0.800 30.354
-14.707 -3.519 29.937
-14.335 -5.354 33.248
-14.929 -2.540 35.771
-17.180 0.491 35.915
-15.983 4.063 35.640
-16.908 7.133 37.635
-17.284 10.270 35.523
-17.496 13.655 37.245
-18.489 17.048 35.853
-15.820 19.669 36.596
-17.596 22.461 34.681
-19.784 22.906 31.663
-18.455 20.647 28.872
-15.540 19.559 31.106
-15.567 16.058 32.594
-13.125 13.685 34.159
-13.158 9.915 34.133
-11.705 8.585 37.388
-8.825 6.266 36.463
-10.213 6.327 32.856
-7.797 5.652 29.977
-7.884 7.960 26.913
-9.834 5.177 25.190
-12.413 5.175 28.048
-12.640 8.974 27.769
-13.284 8.925 23.996
-15.899 6.231 24.268
-17.731 7.754 27.262
-17.392 11.212 25.661
-19.010 10.027 22.479
-21.713 7.729 23.864
-22.662 9.526 27.107
-21.644 13.197 26.930
-22.348 13.699 23.204
-25.269 11.258 23.137
-23.840 9.377 20.118
-23.705 12.516 17.979
-20.294 12.457 16.342
-18.180 15.545 16.924
-16.270 17.074 14.017
-12.971 15.871 15.478
-11.536 13.864 18.328
-8.340 15.561 19.565
-5.864 14.153 22.047
-3.160 16.155 23.805
-1.167 18.264 24.066
1.014 15.575 25.525
3.750 16.433 27.974
6.504 14.963 25.839
6.910 13.583 22.329
5.352 10.584 20.613
7.693 9.768 17.753
8.847 6.801 15.780
8.492 3.287 17.116
7.245 4.526 20.456
3.859 5.595 18.951
2.517 2.061 19.672
2.833 2.597 23.418
1.369 6.127 23.568
-1.876 6.882 25.392
-2.129 10.200 23.599
-1.951 8.496 20.220
-4.405 5.767 21.280
-7.025 8.427 22.150
-6.893 9.692 18.547
-6.929 6.080 17.284
-10.101 5.403 19.236
-11.778 8.414 17.693
-10.964 7.098 14.218
-12.204 3.583 15.228
-15.504 5.273 16.064
-15.631 6.875 12.595
-14.521 10.366 13.617
-11.547 12.239 12.082
-8.853 12.438 14.762
-5.532 14.057 15.671
-2.962 13.487 18.434
-0.721 16.421 19.522
2.512 16.002 21.508
5.187 18.502 22.628
8.810 17.771 21.648
10.414 19.089 24.805
11.242 17.960 28.332
11.441 21.077 30.511
9.696 24.437 30.460
7.358 23.434 27.695
5.558 26.418 26.158
2.110 24.797 25.828
0.356 28.072 24.957
2.748 28.729 22.092
2.339 25.128 20.921
-1.458 25.423 21.024
-1.312 28.182 18.427
0.042 25.835 15.771
-2.402 23.077 16.878
-5.303 25.433 16.187
-3.791 26.348 12.774
-3.840 22.632 11.899
-7.375 22.075 13.203
-8.611 25.023 11.136
-7.128 23.555 7.963
-8.384 20.052 8.678
-11.915 21.302 9.224
-11.718 22.834 5.749
-9.974 20.098 3.807
-10.355 16.843 5.725
-8.285 13.737 6.553
-7.957 10.946 3.956
-8.923 7.295 4.028
-7.820 4.865 6.781
-5.923 7.559 8.549
-5.505 9.597 11.709
-2.843 12.231 12.327
0.079 12.153 14.730
1.453 15.661 15.344
4.610 16.599 17.270
5.483 20.258 17.867
8.906 21.615 18.844
9.193 23.554 22.090
9.581 26.912 20.403
7.773 30.179 20.335
5.110 30.222 17.623
7.020 32.717 15.528
10.179 30.590 15.701
8.502 27.427 14.295
10.042 26.971 10.860
7.058 25.379 9.212
4.917 22.248 9.133
6.088 19.079 7.404
4.254 15.911 6.463
6.502 13.108 7.788
6.833 9.326 8.068
7.220 7.392 11.297
10.980 7.194 11.992
12.977 4.362 13.516
14.272 5.184 17.022
16.657 8.127 16.742
19.121 6.770 19.332
21.677 4.016 20.004
20.747 1.445 22.644
23.396 0.337 25.132
22.866 -1.939 28.169
24.916 -1.246 31.323
25.505 -4.066 33.838
25.654 -3.607 37.613
25.900 -5.905 40.636
23.359 -5.512 43.461
24.266 -5.553 47.208
23.591 -9.324 47.343
25.897 -10.133 44.352
23.192 -10.542 41.696
23.162 -8.765 38.304
20.954 -5.953 37.137
20.875 -3.931 33.951
20.054 -0.459 32.716
18.952 0.058 29.106
20.384 3.409 28.016
19.475 5.594 25.046
22.671 7.219 23.600
23.369 9.704 20.783
19.756 10.991 20.494
19.090 12.401 17.009
22.733 12.134 15.855
21.672 10.241 12.697
18.084 11.546 12.094
16.874 10.861 8.505
15.240 13.738 6.558
11.565 12.929 5.916
11.016 11.402 9.372
9.038 12.765 12.328
12.224 12.928 14.411
14.145 14.941 11.797
11.341 17.488 11.438
11.069 18.307 15.156
14.865 18.174 15.736
15.145 20.864 13.046
12.352 23.143 14.295
9.460 22.003 12.125
6.079 20.609 13.174
5.776 16.933 12.198
2.452 15.584 10.918
2.458 11.822 10.213
-0.605 10.110 8.670
-0.996 6.757 10.455
-2.849 3.692 9.312
-5.804 2.610 11.390
-5.712 -0.858 9.765
-2.454 -2.587 10.656
-2.884 -5.375 8.053
-0.115 -5.681 5.481
-2.423 -6.589 2.570
0.304 -6.590 -0.094
2.159 -9.496 1.504
-0.700 -11.869 2.241
0.115 -13.881 -0.865
3.640 -14.495 0.439
2.436 -16.218 3.627
-0.326 -18.340 2.041
2.134 -21.265 2.348
0.968 -21.362 5.968
-2.468 -22.559 4.804
-1.025 -25.666 3.077
