97.840 -49.203 11.665
94.509 -48.697 9.866
92.196 -51.307 11.359
89.043 -50.359 9.495
87.432 -47.808 7.179
83.728 -47.268 6.512
82.067 -44.560 4.455
78.498 -43.279 4.483
76.251 -40.719 2.850
75.329 -37.690 5.016
73.929 -34.217 4.312
75.800 -31.002 3.669
74.674 -27.499 4.666
72.435 -27.146 1.599
70.664 -30.466 2.170
72.557 -32.414 -0.473
74.296 -35.757 -0.007
78.021 -35.882 0.554
80.658 -38.319 1.741
81.616 -39.002 5.349
84.334 -41.461 6.367
85.034 -43.322 9.615
88.577 -44.626 10.074
89.683 -46.707 13.035
93.123 -47.220 14.572
94.053 -48.572 17.987
93.718 -44.970 19.151
90.035 -44.856 18.242
87.536 -43.493 15.724
88.421 -40.717 13.288
85.715 -39.093 11.204
85.818 -36.575 8.356
83.323 -35.226 5.834
83.675 -33.691 2.369
82.510 -30.193 1.276
80.867 -29.357 -2.067
80.927 -26.155 -4.066
78.153 -24.407 -6.000
80.339 -22.238 -8.254
82.760 -25.021 -9.180
85.431 -24.366 -11.793
85.656 -26.594 -14.866
89.128 -27.773 -13.763
88.213 -28.988 -10.316
88.909 -32.671 -9.626
85.766 -34.769 -10.185
83.088 -34.684 -7.536
81.442 -38.039 -8.347
77.634 -37.878 -8.186
75.317 -40.850 -8.862
73.205 -38.975 -11.404
70.096 -41.020 -10.600
67.379 -38.438 -11.337
64.903 -40.204 -9.057
67.152 -39.905 -6.003
68.155 -36.475 -4.656
67.731 -35.157 -8.207
70.841 -37.069 -9.245
73.019 -35.785 -6.385
73.488 -39.025 -4.457
77.038 -40.095 -3.647
76.382 -43.791 -3.053
78.866 -44.593 -5.832
81.705 -42.682 -4.191
80.836 -44.189 -0.818
80.950 -47.647 -2.429
84.356 -47.058 -4.065
85.578 -46.455 -0.546
83.820 -49.343 1.157
84.448 -51.934 -1.542
87.829 -50.839 -2.903
89.858 -48.203 -1.082
89.253 -49.484 2.458
90.163 -53.148 1.918
93.285 -52.004 0.074
94.414 -49.586 2.790
93.713 -52.085 5.569
95.698 -54.789 3.730
98.792 -52.631 3.172
98.946 -52.111 6.922
100.142 -48.552 6.281
100.640 -46.251 9.269
98.264 -43.292 9.550
101.174 -40.896 10.022
102.303 -41.657 6.457
99.961 -39.206 4.732
101.894 -38.955 1.480
102.259 -42.695 0.952
98.601 -43.305 1.680
97.453 -40.456 -0.586
99.760 -41.578 -3.406
98.475 -45.137 -3.119
94.876 -43.928 -3.501
95.931 -41.698 -6.367
97.629 -44.644 -8.078
94.619 -46.891 -7.489
92.326 -44.344 -9.158
94.886 -43.883 -11.925
93.228 -40.885 -13.596
94.368 -37.278 -13.891
91.244 -35.871 -12.257
90.328 -38.724 -9.920
87.426 -39.660 -12.169
87.365 -43.383 -11.276
86.835 -43.150 -7.508
85.811 -39.503 -7.380
87.853 -36.816 -5.623
85.177 -36.778 -2.934
85.874 -40.458 -2.245
89.638 -40.030 -1.958
89.534 -36.795 0.044
87.175 -38.238 2.658
89.631 -41.024 3.385
92.604 -38.644 3.066
91.137 -36.347 5.741
90.275 -39.136 8.192
93.799 -40.489 7.798
95.252 -37.060 8.607
93.248 -36.708 11.846
94.235 -40.237 12.902
97.893 -39.448 12.256
97.755 -36.447 14.588
96.423 -38.535 17.481
98.930 -41.296 16.691
101.693 -38.710 17.098
100.025 -37.453 20.266
99.844 -33.887 19.014
97.031 -31.439 18.007
95.883 -31.684 14.370
97.244 -28.226 13.448
100.663 -29.267 14.829
100.496 -32.464 12.739
99.584 -30.495 9.607
102.502 -28.185 10.430
104.951 -31.133 10.538
103.593 -32.483 7.235
104.080 -29.049 5.658
107.533 -28.524 7.165
106.467 -25.512 9.212
