-25.098 1.833 32.187
-22.847 -0.155 29.827
-22.166 -3.801 30.702
-18.931 -4.246 28.731
-16.944 -1.336 27.289
-15.091 -1.393 23.968
-11.852 -3.304 24.497
-13.594 -5.740 26.847
-16.029 -7.516 24.529
-14.632 -10.960 25.388
-15.845 -10.516 28.975
-19.356 -11.201 27.639
-18.432 -14.741 26.524
-19.006 -17.682 28.904
-15.741 -19.389 29.917
-17.571 -22.594 30.821
-18.402 -23.157 27.148
-14.754 -23.262 26.036
-13.073 -25.513 28.609
-9.900 -27.365 27.648
-10.168 -30.924 26.394
-6.887 -31.980 24.749
-3.131 -31.476 24.848
-2.558 -29.683 21.538
0.823 -30.104 19.801
2.229 -26.564 19.524
5.048 -27.340 17.088
6.165 -30.599 15.451
9.810 -29.609 15.742
10.694 -30.290 12.122
12.057 -26.806 11.387
15.090 -25.038 12.866
13.016 -22.036 13.926
9.435 -21.419 15.094
7.032 -20.075 12.459
6.601 -16.341 11.837
10.035 -15.491 13.200
10.771 -11.815 12.519
12.786 -8.949 13.990
12.750 -5.142 13.877
16.092 -5.357 12.045
14.384 -7.052 9.081
13.860 -5.462 5.678
10.256 -4.529 4.887
8.428 -6.700 2.339
5.337 -6.079 0.172
2.045 -5.903 2.111
-0.378 -8.830 1.963
-3.161 -8.403 -0.581
-5.880 -9.191 1.960
-5.220 -5.889 3.741
-5.703 -3.698 0.653
-2.730 -1.495 1.472
-0.627 0.859 -0.650
2.244 -1.268 -2.022
3.975 1.898 -3.232
4.076 3.371 0.249
7.540 3.475 1.860
7.153 3.401 5.666
9.594 5.363 7.788
12.152 3.112 9.511
12.841 5.774 12.142
13.752 4.023 15.377
13.652 0.477 14.005
17.397 -0.090 14.368
17.207 0.669 18.083
13.806 -0.970 18.683
15.246 -4.428 19.409
12.172 -6.644 19.339
11.159 -9.839 17.559
8.209 -12.184 17.433
7.350 -15.782 16.539
4.778 -18.507 17.082
5.295 -21.440 19.510
8.527 -23.409 19.629
10.250 -26.558 20.792
13.144 -26.179 23.268
15.670 -26.675 20.442
13.963 -24.024 18.310
14.071 -21.542 21.185
17.809 -22.182 21.575
18.190 -21.409 17.866
16.235 -18.165 18.292
18.322 -17.175 21.317
21.542 -17.763 19.381
20.332 -15.641 16.490
19.242 -12.814 18.734
22.533 -12.846 20.662
24.287 -11.914 17.408
22.235 -8.709 17.457
22.676 -7.526 21.044
24.760 -7.686 24.203
21.788 -6.906 26.414
19.401 -9.273 28.208
17.112 -11.174 25.825
13.581 -11.754 27.101
11.166 -14.512 26.193
7.893 -12.555 26.478
5.268 -15.325 26.661
1.902 -13.792 25.687
-0.159 -16.952 26.120
-3.053 -17.135 28.579
-3.698 -20.772 27.654
-1.953 -23.302 29.882
1.117 -24.665 28.122
4.422 -26.352 28.737
6.690 -29.162 27.606
6.062 -32.887 28.101
9.134 -34.946 27.201
10.383 -31.802 25.484
7.262 -31.594 23.288
5.573 -28.147 23.352
1.901 -28.576 24.231
-1.079 -26.506 25.345
-4.354 -27.400 27.046
-6.715 -26.549 24.247
-10.344 -25.569 24.547
-12.602 -24.338 21.724
-11.290 -21.039 20.255
-8.165 -21.623 22.362
-10.179 -20.149 25.248
-9.520 -22.754 27.960
-8.425 -20.039 30.431
-10.822 -17.295 29.327
-11.834 -14.995 32.185
-9.234 -16.298 34.601
-6.945 -13.846 36.388
-3.256 -14.384 35.572
-2.820 -15.926 39.047
-5.589 -18.446 38.261
-4.366 -19.184 34.738
-0.853 -19.927 35.955
-2.139 -22.080 38.819
-4.137 -24.129 36.281
-1.009 -24.525 34.162
1.155 -25.573 37.110
-1.377 -28.161 38.310
-2.009 -29.608 34.839
1.642 -29.922 33.896
2.508 -31.565 37.214
-0.434 -33.962 36.911
0.935 -35.160 33.568
4.176 -36.519 35.018
4.359 -40.343 34.885
0.887 -40.431 33.354
-0.357 -41.413 29.914
-1.328 -38.471 27.704
-2.696 -37.979 24.207
-0.940 -35.173 22.285
-2.359 -34.163 18.929
-2.297 -31.467 16.277
-5.641 -29.958 15.276
-6.895 -30.754 11.841
-10.270 -30.773 10.252
-12.393 -28.196 12.122
-10.033 -27.474 15.024
-10.435 -31.001 16.394
-7.672 -33.530 17.160
-6.438 -35.561 14.205
-3.812 -38.272 14.608
-1.109 -37.479 17.146
0.514 -39.797 19.661
0.098 -41.395 23.076
2.931 -41.456 25.600
3.683 -42.002 29.250
5.351 -38.745 30.318
8.773 -38.874 31.963
9.665 -35.161 32.047
7.616 -31.993 32.552
8.913 -28.422 32.103
7.360 -24.958 32.188
8.230 -22.437 29.495
10.068 -20.482 32.175
12.475 -23.433 32.580
12.913 -23.838 28.837
13.553 -20.099 28.431
16.166 -20.108 31.197
17.810 -23.141 29.577
18.121 -21.089 26.389
19.722 -18.164 28.182
16.651 -15.927 28.038
14.929 -14.039 30.824
11.224 -14.883 31.096
8.170 -12.701 31.392
4.583 -13.883 31.163
1.564 -11.838 30.046
-1.533 -14.063 30.094
-3.370 -12.742 26.993
-6.419 -14.528 25.550
-6.028 -15.735 21.947
-8.049 -13.852 19.274
-8.973 -10.749 21.253
-7.561 -7.381 22.240
-5.308 -7.702 25.348
-7.123 -6.717 28.564
-6.420 -3.558 30.623
-4.758 -5.908 33.139
-2.497 -7.431 30.429
-1.426 -4.011 29.154
-0.921 -2.471 32.623
1.378 -5.387 33.449
3.270 -4.973 30.190
3.759 -1.228 30.605
5.082 -1.610 34.150
7.516 -4.271 32.848
8.551 -2.059 29.925
9.386 0.781 32.310
12.054 -1.090 34.208
13.859 -2.621 31.233
17.525 -1.718 30.709
18.165 0.310 27.570
19.669 -2.663 25.722
16.970 -5.236 26.516
15.749 -7.259 23.521
12.140 -8.471 23.661
11.156 -11.638 21.836
7.366 -11.947 21.879
5.577 -15.174 21.019
2.087 -16.611 20.887
0.700 -19.990 19.752
0.051 -19.895 16.035
-0.223 -16.914 13.759
0.716 -13.334 14.587
-2.227 -11.776 16.433
-0.995 -11.320 20.002
2.661 -10.868 19.119
1.856 -8.153 16.617
-0.349 -6.290 19.116
2.512 -6.096 21.649
5.151 -5.402 19.017
2.993 -2.497 17.790
2.527 -1.249 21.332
6.271 -1.432 21.988
7.085 0.404 18.749
4.630 3.171 19.713
6.057 3.489 23.233
9.677 3.571 22.091
9.199 5.695 18.939
6.339 8.121 19.777
7.288 10.569 17.026
6.513 7.986 14.335
3.081 8.174 12.721
0.428 5.538 13.414
0.399 4.678 9.706
4.156 4.035 9.665
4.048 1.895 12.815
1.174 -0.209 11.505
2.635 -0.638 8.037
6.144 -1.528 9.210
5.043 -4.065 11.810
2.961 -5.725 9.109
5.712 -5.607 6.474
8.306 -7.397 8.634
5.811 -10.245 8.906
3.175 -9.325 11.446
-0.529 -8.652 11.233
-1.792 -5.311 9.909
-3.705 -3.563 12.696
-5.349 -0.776 10.709
-8.688 -0.762 8.902
-9.107 -3.315 6.141
-12.006 -5.257 4.591
-12.599 -7.984 7.163
-13.717 -11.204 5.472
-14.306 -14.479 7.321
-15.639 -17.952 6.559
-19.053 -18.592 8.136
-17.310 -20.942 10.581
-15.219 -17.989 11.801
-17.820 -15.214 11.669
-17.474 -14.899 15.469
-14.025 -13.376 14.869
-15.382 -10.343 13.035
-16.284 -8.135 15.975
-12.993 -8.965 17.687
-11.019 -7.802 14.633
-13.036 -4.582 14.570
-12.461 -4.102 18.301
-8.682 -4.521 17.892
-8.628 -1.821 15.190
-10.407 0.635 17.491
-8.233 -0.276 20.471
-4.870 0.066 18.711
-5.911 3.640 17.841
-6.896 4.310 21.445
-3.544 2.966 22.658
-1.743 5.284 20.255
-3.781 8.152 21.766
-2.747 6.985 25.256
0.947 7.043 24.353
0.704 10.480 22.741
-1.231 12.007 25.620
0.662 10.475 28.515
4.317 10.289 27.488
5.076 13.884 28.491
4.576 13.279 32.218
6.165 9.850 32.178
2.949 7.815 32.113
1.845 8.728 35.637
-1.662 7.472 34.796
-1.963 3.726 34.100
-3.574 2.560 30.882
-6.462 0.888 32.729
-7.270 4.067 34.619
-6.893 6.301 31.579
-9.062 4.005 29.439
-11.900 4.159 31.963
-11.878 7.976 31.812
-11.379 8.020 28.006
-13.428 5.057 26.738
-13.027 3.964 23.137
-16.021 4.015 20.800
-16.975 1.273 18.353
