15.339 -33.391 11.902
12.945 -32.265 9.159
12.229 -33.950 5.809
14.473 -33.197 2.777
11.871 -30.893 1.307
11.502 -28.838 4.525
15.268 -28.654 4.913
15.761 -27.320 1.337
12.932 -24.852 1.792
14.789 -23.482 4.890
18.068 -23.105 2.942
16.208 -21.524 0.016
14.624 -18.859 2.244
18.061 -18.269 3.741
19.665 -17.876 0.298
16.874 -15.660 -1.139
17.361 -13.299 1.716
20.691 -12.118 0.264
23.872 -14.669 3.521
27.354 -14.864 5.006
30.252 -12.987 3.394
30.683 -13.126 0.361
28.734 -16.131 -0.824
25.379 -16.361 -2.452
23.213 -19.346 -3.348
19.844 -20.151 -4.881
17.927 -22.356 -7.262
19.278 -22.813 -10.774
15.658 -22.430 -11.920
12.669 -21.219 -9.903
10.395 -24.014 -11.221
12.469 -27.017 -9.914
10.138 -28.656 -7.404
12.751 -31.143 -6.204
14.974 -28.144 -5.166
18.028 -30.180 -6.108
20.171 -27.891 -8.305
21.680 -24.680 -6.930
23.395 -21.760 -8.567
26.081 -20.356 -6.233
28.634 -17.535 -6.100
31.910 -17.270 -4.162
33.826 -13.980 -3.876
37.598 -14.548 -3.983
39.527 -14.073 -0.784
41.300 -10.654 -0.313
45.099 -10.979 -0.322
45.317 -14.097 -2.474
45.561 -15.045 -6.141
41.706 -15.193 -5.943
41.417 -11.545 -4.871
38.546 -9.662 -6.575
37.339 -12.594 -8.636
33.829 -14.026 -8.770
33.464 -17.793 -9.025
30.272 -19.413 -10.256
29.359 -22.888 -9.127
26.643 -25.508 -9.142
25.580 -27.605 -6.131
23.406 -30.648 -6.702
21.499 -32.180 -3.783
20.338 -35.767 -4.541
17.317 -37.402 -2.870
19.423 -38.612 0.130
20.268 -34.962 0.982
21.004 -33.782 3.779
22.262 -37.188 4.932
24.593 -37.450 1.929
26.878 -34.648 0.666
25.847 -32.710 -2.424
28.068 -32.743 -5.518
29.976 -29.523 -6.017
31.441 -28.149 -9.230
32.919 -24.892 -10.377
31.606 -23.463 -13.607
34.307 -20.727 -13.296
37.843 -22.009 -13.744
39.907 -22.292 -10.611
43.115 -23.926 -9.397
42.710 -25.304 -5.890
44.057 -28.482 -4.295
40.435 -29.722 -3.712
39.232 -28.961 -7.281
39.834 -31.501 -10.099
40.738 -30.828 -13.777
37.043 -30.366 -14.687
36.247 -28.085 -11.748
34.604 -30.619 -9.547
35.298 -30.703 -5.851
37.394 -33.652 -4.744
35.400 -34.880 -1.743
38.429 -36.369 0.052
40.381 -33.104 -0.148
37.748 -31.014 1.698
36.918 -31.883 5.365
33.233 -31.091 5.357
32.596 -33.268 2.260
34.934 -36.085 3.267
33.544 -36.250 6.792
30.128 -34.955 5.858
27.585 -34.471 8.674
23.877 -33.743 7.957
24.251 -30.532 9.999
26.391 -28.932 7.246
24.586 -26.894 4.549
25.058 -25.525 1.066
26.337 -22.449 2.952
28.925 -24.527 4.933
30.330 -25.736 1.608
30.524 -22.225 0.151
32.182 -20.950 3.362
34.581 -23.899 3.347
35.600 -23.189 -0.228
36.273 -19.551 0.525
38.454 -20.612 3.500
40.403 -23.046 1.384
41.524 -20.039 -0.695
43.402 -18.767 2.389
45.485 -21.910 2.750
49.173 -22.024 1.778
48.681 -24.831 -0.734
46.231 -22.495 -2.605
46.742 -18.758 -1.930
49.858 -18.351 -4.146
48.730 -20.843 -6.793
48.861 -19.510 -10.419
45.279 -19.055 -11.711
43.460 -19.357 -15.077
42.439 -16.045 -16.732
39.589 -14.260 -14.943
36.044 -15.201 -15.995
37.260 -18.228 -17.976
34.858 -21.203 -17.722
35.027 -24.990 -18.259
