-33.650 41.745 22.745
-33.375 38.540 20.689
-31.164 35.558 19.812
-31.085 32.943 17.009
-31.645 29.184 17.301
-31.243 26.596 14.536
-34.406 24.852 13.283
-33.294 21.558 11.697
-35.399 20.336 8.757
-35.053 17.647 6.070
-35.044 18.055 2.303
-38.283 16.083 2.335
-39.875 18.764 4.535
-38.592 21.621 2.366
-39.881 19.821 -0.736
-43.423 19.039 0.443
-43.875 21.681 3.125
-44.708 20.639 6.684
-46.747 21.940 9.611
-45.556 20.735 13.004
-45.018 21.363 16.710
-41.556 22.482 17.804
-40.119 22.668 21.305
-38.189 25.823 22.142
-36.432 26.931 25.300
-35.747 30.383 26.698
-34.675 32.198 29.887
-37.462 33.119 32.329
-37.460 34.364 35.949
-39.366 31.953 38.189
-39.413 32.410 41.968
-36.444 34.839 41.754
-34.234 32.474 39.735
-33.408 32.293 36.029
-34.732 29.052 34.546
-34.648 27.453 31.082
-38.373 27.287 30.349
-39.574 25.014 27.549
-42.609 25.984 25.444
-44.185 24.457 22.341
-44.691 26.521 19.200
-46.022 25.712 15.770
-44.022 26.196 12.590
-45.167 25.979 8.984
-42.265 25.049 6.707
-42.950 26.342 3.171
-41.884 24.484 -0.019
-38.617 25.840 -1.390
-37.516 27.809 1.659
-33.720 28.134 1.696
-31.180 27.687 4.515
-30.788 30.881 6.522
-34.474 31.781 6.358
-35.353 33.544 9.635
-38.597 33.115 11.566
-39.188 35.685 14.333
-41.430 34.608 17.207
-42.334 37.786 19.076
-42.229 37.445 22.856
-40.852 33.875 22.828
-37.330 34.954 23.738
-35.345 35.555 26.918
-36.555 37.690 29.816
-33.945 40.164 31.065
-35.500 41.108 34.415
-38.399 39.817 36.556
-41.780 41.022 35.345
-40.299 42.728 32.272
-41.609 41.636 28.884
-39.668 38.803 27.173
-37.561 39.510 24.099
-37.991 37.715 20.770
-36.885 34.267 19.580
-35.400 33.874 16.080
-35.360 30.431 14.439
-33.065 29.780 11.470
-33.714 27.053 8.897
-30.850 24.581 8.744
-30.982 21.520 6.463
-29.903 18.085 7.676
-27.563 15.957 5.571
-29.520 13.758 3.176
-28.316 10.258 2.278
