50.672 12.051 -8.249
51.551 8.770 -6.567
55.109 8.026 -5.417
57.229 4.930 -4.958
60.861 3.926 -4.473
62.964 1.022 -5.697
66.331 -0.441 -4.827
68.653 -2.362 -7.120
71.903 -4.240 -6.437
74.184 -4.774 -9.427
76.821 -7.465 -8.785
79.098 -9.240 -11.234
78.103 -12.792 -12.124
85.300 -7.164 -13.297
84.381 -3.585 -14.268
81.051 -4.732 -15.686
79.071 -3.898 -12.525
80.140 -0.273 -12.911
79.533 -0.447 -16.659
76.088 -1.852 -15.912
75.356 0.742 -13.214
75.999 3.882 -15.272
74.153 2.221 -18.141
71.063 1.422 -16.057
71.187 4.976 -14.726
70.977 6.721 -18.087
68.457 4.073 -19.153
66.134 4.847 -16.229
66.588 8.610 -16.476
65.246 8.190 -19.993
61.788 7.069 -18.764
61.217 10.564 -17.332
59.199 12.688 -19.712
56.592 15.317 -20.474
53.767 15.234 -22.964
50.766 17.318 -23.951
48.526 16.031 -21.120
49.829 16.849 -17.643
48.389 13.513 -16.500
50.820 11.514 -18.654
53.887 12.848 -16.801
56.135 10.093 -15.511
59.439 10.479 -13.752
62.135 8.229 -12.337
64.900 9.823 -10.248
68.102 7.987 -9.372
69.319 9.412 -6.084
71.444 6.645 -4.548
74.412 4.944 -6.228
77.507 3.453 -4.545
83.864 -2.580 -7.198
82.046 -5.876 -6.612
78.570 -4.448 -6.032
76.795 -1.155 -6.554
73.530 -0.192 -4.890
71.225 2.117 -6.825
68.342 3.771 -4.980
65.651 5.378 -7.091
62.175 6.877 -7.034
59.274 6.919 -9.465
56.097 8.973 -9.868
53.031 8.899 -12.085
49.423 10.159 -12.062
48.238 7.127 -14.037
49.733 3.722 -14.942
51.920 3.731 -11.835
52.095 -0.104 -11.675
53.104 -0.168 -15.318
55.899 2.280 -14.525
57.070 0.233 -11.524
57.433 -2.829 -13.752
59.224 -0.774 -16.410
61.789 0.412 -13.874
62.317 -3.219 -12.786
62.432 -4.599 -16.331
64.990 -2.005 -17.456
67.368 -2.569 -14.523
67.131 -6.334 -14.920
67.725 -6.525 -18.672
70.301 -3.737 -18.603
72.108 -5.794 -15.955
71.805 -9.099 -17.819
73.267 -7.891 -21.121
76.235 -6.734 -19.061
76.654 -10.184 -17.490
75.578 -9.045 -14.025
73.225 -10.217 -11.279
70.238 -7.895 -10.747
68.484 -7.458 -7.412
65.548 -5.006 -7.541
63.122 -4.210 -4.724
60.062 -1.928 -5.288
59.254 -1.653 -1.563
62.731 -1.341 -0.001
62.877 -1.288 3.804
59.090 -1.310 4.061
58.710 1.763 1.834
55.361 0.816 0.279
54.214 2.839 -2.717
51.652 5.607 -2.266
49.114 5.519 -5.112
47.973 8.696 -6.913
