49.895 52.674 -46.211
46.717 50.596 -45.994
45.455 50.756 -49.572
47.284 49.995 -52.822
45.476 52.296 -55.265
46.681 55.234 -53.173
49.897 55.433 -55.198
50.297 58.921 -53.730
50.732 57.899 -50.087
52.957 54.948 -51.002
55.391 57.000 -53.089
56.462 58.301 -49.679
57.591 54.858 -48.542
59.709 54.131 -51.616
63.279 55.271 -52.284
64.252 56.571 -55.723
65.094 52.940 -56.487
61.720 51.222 -56.276
62.483 49.305 -53.087
60.341 50.213 -50.082
61.753 52.417 -47.326
62.693 50.633 -44.065
60.518 51.080 -40.970
63.393 52.316 -38.803
63.913 55.305 -41.101
60.257 56.343 -40.859
59.276 55.495 -37.297
56.158 53.869 -38.750
54.818 51.214 -36.383
55.558 47.545 -37.064
51.902 46.565 -37.425
51.534 49.356 -39.979
54.879 48.740 -41.682
53.709 45.248 -42.632
50.316 46.367 -43.930
52.020 49.153 -45.882
54.449 46.755 -47.571
51.583 44.612 -48.870
49.922 47.631 -50.474
53.176 48.406 -52.286
53.660 44.778 -53.332
50.223 44.204 -54.873
50.358 47.736 -56.282
53.563 46.903 -58.149
51.764 43.977 -59.765
48.930 46.227 -60.919
51.623 48.339 -62.573
50.472 51.256 -60.416
54.032 51.444 -59.095
57.526 50.406 -60.271
59.282 47.252 -59.054
62.532 49.178 -59.371
63.577 52.495 -60.897
65.213 50.714 -63.832
62.050 48.945 -64.989
