93.067 4.806 24.494
94.949 3.763 27.605
93.684 6.699 29.645
90.005 5.811 29.307
88.437 3.348 31.746
86.625 0.400 30.078
83.213 1.394 28.722
80.575 0.798 26.039
80.472 3.973 23.979
83.214 6.311 22.817
82.139 9.881 22.027
84.655 11.832 19.923
83.594 15.424 20.502
85.303 17.817 18.106
85.023 21.225 16.476
86.944 22.336 13.396
90.406 20.834 12.981
89.927 19.182 16.377
88.578 16.227 14.399
92.175 15.500 13.298
93.231 13.076 16.077
89.858 11.400 15.779
90.485 10.555 12.126
93.266 8.333 13.475
90.932 6.947 16.173
88.236 5.880 13.688
90.828 4.022 11.598
92.263 2.178 14.607
91.159 -1.455 15.038
91.715 -1.063 18.793
88.914 1.487 18.881
86.402 -1.112 17.661
87.839 -3.780 19.929
87.080 -1.592 22.963
83.626 -0.178 22.217
80.134 -1.124 21.139
79.550 2.290 19.516
81.899 5.091 18.421
80.288 8.484 17.873
82.188 11.057 15.857
80.695 14.506 16.403
82.143 17.189 14.143
80.869 20.662 14.915
81.525 23.438 12.437
80.104 26.790 11.316
79.748 26.219 7.562
78.922 23.123 5.534
82.178 23.455 3.565
84.105 22.889 6.810
82.828 19.289 7.022
86.116 17.874 5.747
86.420 14.123 5.134
82.665 13.682 4.754
82.989 11.271 1.826
85.845 9.383 3.445
83.898 8.882 6.665
80.540 7.993 5.147
81.510 6.156 1.963
85.120 4.992 1.962
85.850 3.905 5.548
82.720 1.680 5.784
84.095 -0.365 2.868
87.481 -0.897 4.508
88.766 -4.331 3.516
89.625 -5.363 7.082
87.353 -3.494 9.515
84.694 -1.947 7.303
82.057 -4.175 8.843
83.043 -2.930 12.311
82.701 0.626 10.984
79.244 -0.096 9.546
78.072 -1.658 12.810
79.663 0.756 15.254
80.587 4.141 13.793
78.047 6.946 14.043
78.921 10.208 12.273
77.130 13.292 13.553
78.219 16.408 11.671
76.817 19.712 13.022
76.622 23.122 11.336
75.576 26.398 12.955
75.394 29.112 10.269
73.827 27.493 7.172
70.957 25.052 6.548
72.056 21.539 7.477
70.469 18.278 8.493
71.888 18.604 12.024
71.860 22.220 13.203
73.454 23.654 16.294
76.219 23.333 18.862
77.002 19.911 20.287
77.083 21.173 23.877
73.566 22.594 23.633
72.299 19.401 21.945
73.820 17.231 24.635
72.396 19.338 27.478
68.887 19.071 25.965
69.307 15.376 25.181
68.602 15.956 21.486
72.026 14.730 20.320
71.448 11.298 21.857
67.888 11.096 20.522
69.141 11.965 17.011
71.777 9.226 17.022
69.607 6.614 18.697
71.575 6.080 21.904
70.622 6.578 25.542
71.663 9.566 27.632
75.219 9.367 28.908
76.109 7.852 32.275
79.511 7.416 33.993
79.440 3.652 33.796
78.939 3.230 30.046
80.136 6.366 28.317
83.614 7.615 27.552
84.740 10.588 25.541
87.629 12.445 24.012
87.146 16.207 23.503
89.208 18.276 21.056
88.435 21.893 20.171
89.219 25.456 21.228
90.022 26.097 24.889
86.538 27.622 25.354
84.951 24.584 23.697
86.876 22.248 26.035
85.661 24.124 29.095
82.034 24.160 27.982
81.964 20.537 26.801
83.783 19.303 29.921
81.116 20.982 32.035
78.387 19.176 30.086
80.016 15.790 30.622
80.544 16.628 34.291
76.801 17.315 34.566
76.135 13.687 33.605
78.501 12.463 36.299
81.563 11.696 34.192
84.975 12.360 35.718
87.939 13.537 33.664
91.296 11.739 33.691
93.197 13.879 36.218
96.413 13.807 34.197
98.123 11.759 31.503
98.606 8.204 32.736
95.601 8.220 35.097
92.522 6.598 33.440
89.217 8.422 33.623
85.850 8.748 31.884
86.951 11.383 29.407
90.029 13.122 28.013
90.599 16.565 26.572
93.179 18.327 24.396
93.228 21.812 22.897
92.838 21.858 19.113
94.690 25.191 19.164
95.418 28.164 21.409
94.367 31.791 21.034
97.689 33.549 20.690
