17.938 -2.741 -0.751
15.288 -0.422 -2.222
12.604 -2.541 -3.922
11.856 -1.783 -7.587
8.093 -1.964 -7.045
6.974 -0.175 -3.899
4.086 1.643 -2.226
4.308 4.854 -0.225
2.687 4.205 3.161
3.541 7.497 4.843
5.897 10.417 5.439
8.083 11.455 8.342
7.103 14.979 9.365
8.548 17.403 11.966
11.011 16.392 14.668
9.336 15.585 17.996
11.087 16.176 21.283
14.809 15.843 21.931
15.095 12.039 21.883
14.983 11.554 18.123
11.240 10.966 17.765
9.370 12.321 14.709
5.796 13.164 13.784
4.644 10.840 11.004
1.838 10.927 8.428
0.160 7.604 7.630
-1.539 6.493 4.426
-3.139 3.503 6.155
-6.457 3.297 7.994
-6.427 2.784 10.897
-3.340 5.025 10.714
-1.242 2.953 13.114
-1.336 0.021 10.686
1.739 1.612 9.135
3.679 0.372 12.177
3.070 -3.292 11.311
5.434 -3.155 8.358
9.076 -4.052 8.962
11.337 -2.580 7.653
10.742 0.879 6.194
12.502 2.347 3.178
12.792 6.098 3.607
14.226 8.423 0.970
16.399 10.947 2.812
18.466 13.918 1.687
21.470 11.606 1.856
20.085 8.719 -0.161
17.904 5.772 0.742
17.980 4.248 4.230
16.324 1.178 5.690
14.745 1.729 9.100
13.043 -0.313 11.813
10.334 1.138 14.034
11.090 0.715 17.747
8.048 2.393 19.255
5.258 4.859 18.538
2.273 6.553 20.072
-0.622 8.748 19.097
-0.158 12.342 20.195
-3.166 14.597 20.110
-3.889 15.117 16.448
-1.663 12.444 14.911
1.272 10.128 15.497
4.884 10.285 16.645
7.394 7.530 16.018
10.698 6.231 17.378
13.127 4.725 14.877
15.853 2.319 15.907
19.166 4.192 15.778
17.640 7.685 15.815
17.981 8.999 19.350
18.608 12.735 19.194
17.180 15.964 17.806
19.756 16.204 15.015
19.066 12.656 13.882
15.384 13.497 13.528
15.828 16.806 11.691
17.871 15.093 8.981
14.961 12.777 8.230
12.221 15.380 8.418
9.851 15.170 5.446
11.260 11.995 3.932
8.823 9.547 2.354
8.237 6.045 3.706
7.880 3.053 1.407
7.400 -0.687 1.572
7.879 -3.398 -1.039
4.890 -4.125 -3.253
4.805 -7.661 -1.854
5.481 -6.774 1.793
2.884 -8.177 4.145
2.396 -6.548 7.558
3.874 -8.477 10.471
2.843 -7.280 13.928
5.169 -8.870 16.465
2.260 -9.868 18.709
1.101 -12.224 15.984
4.608 -13.517 15.259
