-3.481 -22.989 26.619
-1.166 -25.946 26.582
-0.890 -24.709 22.989
-0.178 -21.348 24.723
2.375 -22.806 27.163
3.879 -25.113 24.538
4.225 -22.390 21.958
5.863 -19.994 24.381
8.324 -22.659 25.564
9.274 -23.384 22.001
10.066 -19.715 21.445
12.083 -19.675 24.671
14.070 -22.732 23.715
14.720 -21.620 20.149
15.585 -17.992 20.907
17.377 -18.671 24.198
14.843 -16.359 25.859
12.728 -16.053 28.941
9.198 -14.840 28.268
6.979 -13.489 31.023
3.325 -12.961 30.153
0.159 -12.161 32.048
-3.231 -11.506 30.549
-6.016 -10.377 32.856
-9.643 -9.369 32.480
-10.795 -5.877 33.429
-11.067 -6.860 37.118
-7.643 -8.469 37.134
-8.718 -12.074 36.967
-6.165 -14.265 35.279
-6.807 -15.261 31.644
-3.322 -16.660 30.915
0.236 -16.403 31.922
3.730 -17.704 31.688
6.524 -17.004 34.205
3.899 -14.613 35.463
5.423 -14.012 38.923
9.085 -13.840 37.801
10.713 -10.454 38.185
11.855 -8.628 35.063
13.337 -5.173 34.613
10.492 -2.746 33.832
12.590 -0.261 31.884
10.412 2.068 29.854
7.168 0.283 30.564
7.002 2.204 33.841
6.365 5.400 31.885
2.731 4.329 31.492
2.122 4.081 35.278
4.085 7.331 35.650
1.587 9.016 33.348
-1.201 7.468 35.388
0.330 8.972 38.560
0.422 12.361 36.829
-3.223 12.049 35.805
-4.195 11.109 39.351
-2.564 14.323 40.543
-4.320 16.257 37.816
-7.657 14.654 38.789
-7.095 15.487 42.414
-5.979 19.075 41.830
-2.379 18.591 43.084
-0.932 19.040 39.609
-2.013 21.105 36.580
-1.556 19.667 33.106
-0.603 22.948 31.425
2.024 23.841 34.119
5.344 24.655 32.475
8.366 22.577 33.557
11.578 24.457 32.863
14.869 22.760 32.023
18.245 23.192 30.398
20.634 21.032 28.413
21.588 18.948 31.524
18.182 17.299 31.310
18.856 15.832 27.869
19.820 12.192 28.210
19.965 9.404 25.640
16.751 9.126 23.635
15.033 12.401 24.425
13.593 13.374 21.022
10.797 15.717 22.235
12.836 17.176 25.101
15.573 18.046 22.619
13.107 19.799 20.295
11.587 21.789 23.129
14.961 22.662 24.701
15.378 26.082 23.094
11.900 27.093 24.243
13.089 26.158 27.737
10.144 24.106 28.971
7.596 21.361 28.396
4.259 21.252 30.116
3.303 18.436 32.437
1.031 17.013 29.776
3.523 17.471 26.893
6.137 15.653 28.961
3.737 12.850 29.918
2.609 12.338 26.342
6.241 12.300 25.129
7.159 9.803 27.828
4.349 7.472 26.812
4.338 7.837 23.021
8.008 8.445 22.299
9.558 6.839 25.393
11.322 10.198 25.952
13.793 9.835 28.788
14.342 13.522 29.489
10.580 14.028 29.657
10.341 11.124 32.055
13.021 12.541 34.321
11.306 15.954 34.227
8.156 14.318 35.562
10.053 12.279 38.137
11.499 15.331 39.640
8.089 16.961 39.837
6.303 14.030 41.483
8.805 13.066 44.142
11.315 10.801 42.459
11.485 7.019 42.330
10.105 6.779 45.893
6.825 8.528 44.894
6.464 6.289 41.790
6.818 3.279 44.073
4.327 4.782 46.553
1.752 5.150 43.730
2.155 1.490 42.822
1.469 0.563 46.440
-1.553 2.910 46.639
-3.233 1.186 43.703
-2.690 -2.286 45.196
0.563 -3.207 43.450
2.936 -4.470 46.123
5.568 -5.674 43.652
6.539 -3.053 41.080
9.399 -0.816 42.247
11.150 2.201 40.730
14.578 2.764 42.264
16.370 5.006 39.752
15.792 7.636 37.086
16.679 7.311 33.419
18.773 5.964 31.960
20.334 3.957 34.826
16.968 2.395 35.709
17.385 0.316 32.479
20.765 -1.196 33.346
19.152 -4.540 33.950
22.119 -6.025 35.705
21.528 -9.797 36.091
20.043 -10.550 39.511
19.261 -6.946 40.411
15.800 -6.520 41.835
15.873 -2.750 41.526
13.500 -1.307 38.923
11.559 -4.563 38.420
8.030 -5.780 38.193
6.327 -9.102 37.426
4.013 -9.737 34.466
1.036 -10.396 36.745
1.608 -7.346 38.980
2.027 -5.069 35.989
-0.972 -6.530 34.096
-3.091 -5.960 37.179
-1.783 -2.392 37.423
-2.720 -1.769 33.801
-6.180 -3.104 34.401
-6.665 -0.926 37.500
-5.690 2.163 35.573
-7.696 1.496 32.445
-10.646 -0.436 33.772
-10.649 -0.356 37.561
-11.523 3.283 38.235
-8.073 4.571 39.206
-8.564 7.663 37.046
-11.522 9.831 36.086
-13.340 8.875 32.925
-11.755 11.772 31.059
-8.208 10.974 32.197
-8.722 7.268 31.516
-9.840 8.012 27.980
-6.881 10.309 27.358
-4.276 7.803 28.501
-6.017 5.062 26.488
-5.767 7.196 23.320
-2.116 7.923 24.073
-1.441 4.186 24.229
-3.274 3.549 20.989
-1.268 6.311 19.339
2.079 5.176 20.771
4.793 5.677 18.125
7.254 3.009 19.312
5.283 -0.233 19.218
4.563 -0.898 15.549
6.856 -3.930 15.405
6.182 -5.456 18.844
2.963 -6.834 20.362
0.471 -5.031 18.206
2.224 -6.403 15.094
1.108 -9.831 16.283
-2.538 -9.007 17.026
-5.494 -9.046 14.575
-5.873 -5.706 12.837
-9.436 -5.174 14.008
-8.506 -5.394 17.730
-8.227 -2.085 19.529
-4.739 -2.128 21.030
-2.661 0.375 23.005
0.700 -0.307 24.597
3.901 0.960 26.039
7.215 -0.646 24.993
10.508 -1.007 26.776
14.053 -1.858 25.714
16.878 -2.276 28.171
20.339 -3.568 28.377
21.220 -7.239 28.638
18.464 -8.335 26.294
15.292 -6.839 27.769
12.313 -6.244 25.430
8.913 -5.546 26.911
5.408 -4.363 25.981
2.433 -3.700 28.253
-1.021 -2.403 27.567
-4.521 -3.408 26.616
-6.499 -4.933 23.805
-10.178 -5.191 22.939
-11.088 -8.274 20.867
-14.514 -7.000 19.733
-16.205 -6.495 23.087
-13.833 -8.409 25.262
-11.366 -6.157 27.083
-8.044 -7.396 28.407
-4.876 -6.036 30.020
-1.547 -7.600 29.085
2.039 -7.441 30.212
4.907 -9.026 28.294
8.466 -8.978 29.587
11.261 -10.797 27.732
14.928 -11.374 28.168
16.947 -12.554 25.164
20.577 -11.553 25.546
21.726 -13.366 22.345
19.233 -11.866 19.921
19.631 -8.741 17.842
17.267 -5.823 18.334
15.154 -6.706 15.275
14.954 -10.304 16.497
13.709 -9.170 19.888
10.966 -7.109 18.237
9.990 -10.219 16.244
10.034 -12.243 19.478
7.510 -9.934 21.076
5.319 -9.957 17.924
5.482 -13.762 18.047
4.218 -13.632 21.668
1.373 -11.473 20.361
0.442 -14.238 17.895
0.461 -16.863 20.696
-1.778 -14.630 22.756
-4.041 -14.235 19.752
-4.477 -17.960 19.214
-5.583 -18.345 22.815
-8.015 -15.437 22.716
-9.494 -16.555 19.419
-10.179 -20.022 20.920
-12.763 -18.485 23.307
