-16.594 9.002 31.054
-18.280 12.357 30.397
-14.921 13.923 31.313
-12.962 11.829 28.710
-12.659 13.861 25.500
-13.302 11.883 22.370
-13.383 12.182 18.652
-16.775 11.476 17.104
-17.324 9.092 14.210
-20.214 7.763 12.151
-19.583 4.052 11.518
-21.370 2.666 8.466
-21.825 -0.492 6.444
-23.679 -1.505 3.269
-26.490 -3.917 2.745
-29.352 -5.060 0.611
-31.385 -3.795 3.543
-29.484 -0.728 2.204
-27.171 1.619 4.177
-26.698 1.300 7.966
-24.715 3.341 10.418
-24.337 4.636 13.944
-22.519 7.354 15.875
-19.538 6.084 17.900
-16.894 7.452 20.185
-15.317 4.082 21.216
-12.929 3.867 18.267
-9.146 3.771 18.416
-6.137 2.580 16.518
-4.701 -0.750 17.498
-1.710 -1.478 15.362
0.164 -0.400 12.232
1.066 -3.971 11.230
-1.092 -3.836 9.266
-3.025 -0.646 9.972
-5.922 -1.685 12.145
-8.493 0.010 14.317
-11.191 -1.187 16.636
-14.759 -0.150 17.014
-16.903 -1.044 20.033
-20.561 -1.802 19.222
-23.565 -2.603 21.374
-24.497 -6.161 20.401
-28.127 -5.417 21.134
-28.299 -2.383 18.863
-30.388 -2.255 15.725
-27.110 -1.681 13.885
-25.349 -4.784 15.102
-26.411 -7.645 12.886
-25.761 -5.615 9.720
-22.108 -5.350 10.722
-21.939 -9.053 11.626
-23.520 -10.021 8.276
-21.420 -7.725 6.042
-18.100 -7.852 7.786
-16.974 -4.478 6.472
-17.369 -0.989 7.887
-16.328 2.600 7.278
-15.184 4.843 10.131
-16.176 8.406 9.164
-14.485 10.766 11.602
-16.466 13.993 11.912
-15.500 17.611 11.433
-16.533 20.346 13.889
-19.306 21.242 11.441
-21.000 17.821 11.633
-22.513 17.796 15.119
-26.136 17.611 13.838
-25.149 14.575 11.797
-23.632 13.046 14.933
-26.938 13.497 16.753
-28.941 12.128 13.843
-26.870 8.940 13.720
-27.280 8.489 17.504
-31.073 8.740 17.424
-33.956 6.319 16.550
-34.513 7.449 12.994
-34.847 5.201 9.989
-31.620 4.668 8.058
-33.252 6.366 5.083
-33.873 9.509 7.082
-30.389 9.396 8.630
-28.510 9.007 5.326
-30.620 11.712 3.623
-28.831 14.318 5.770
-25.412 14.084 4.046
-23.729 12.952 0.832
-22.171 9.520 0.558
-19.969 7.520 -1.811
-17.841 4.372 -1.531
-14.165 3.482 -1.423
-13.387 -0.254 -1.531
-15.811 -2.193 0.690
-19.076 -0.598 -0.325
-19.515 0.776 3.181
-20.846 4.355 2.786
-18.158 7.041 2.803
-19.290 10.318 4.298
-18.429 13.260 2.082
-16.849 16.281 3.751
-15.705 14.168 6.711
-12.486 14.742 8.640
-11.171 11.229 7.869
-12.543 8.095 6.249
-11.179 4.629 7.103
-12.631 1.768 5.015
-12.217 -1.529 6.801
-12.650 -5.244 6.848
-13.972 -6.652 10.155
-11.336 -9.246 10.578
-12.533 -10.639 13.925
-15.150 -10.002 16.582
-14.646 -10.363 20.321
-17.521 -10.480 22.776
-17.413 -8.302 25.900
-20.835 -8.738 27.456
-23.361 -6.264 26.054
-20.748 -4.982 23.571
-18.474 -6.474 20.985
-15.050 -5.290 19.866
-14.780 -5.184 16.064
-11.162 -5.611 14.939
-10.857 -3.806 11.655
-8.100 -4.038 9.084
-7.928 -0.752 7.135
-8.079 -1.290 3.376
-8.592 2.285 2.084
-8.250 5.790 3.595
-9.362 9.257 2.601
-8.195 12.250 4.680
-9.041 15.930 4.816
-6.654 18.808 5.240
-6.986 21.983 7.250
-10.258 21.048 8.914
-11.227 21.111 12.565
-12.293 17.965 14.459
-15.487 17.400 16.354
-14.840 16.425 19.978
-17.374 15.357 22.616
-16.676 16.151 26.290
-18.853 17.084 29.284
-21.831 16.034 27.190
-21.365 18.923 24.716
-19.451 19.449 21.478
-16.133 21.131 20.858
-13.882 22.100 17.958
-10.280 20.948 17.996
