76.059 52.078 5.995
78.442 49.151 6.423
78.344 45.491 5.580
80.337 43.772 8.330
81.183 40.107 7.895
81.305 37.921 11.054
83.803 35.808 9.173
84.048 32.037 9.444
87.153 30.530 11.020
88.539 28.140 8.373
89.952 24.889 9.883
91.688 22.234 7.775
93.441 19.122 9.099
92.453 20.104 12.649
94.164 23.486 12.609
93.428 26.989 11.321
94.277 27.355 7.670
95.281 30.975 7.012
95.524 30.442 3.259
91.856 29.374 3.049
91.016 32.282 5.409
92.891 34.936 3.405
91.434 33.848 0.081
87.915 33.975 1.610
88.418 37.381 3.247
89.862 38.912 0.079
86.957 37.559 -1.996
84.182 38.853 0.236
85.764 42.280 0.743
85.987 42.531 -3.071
82.219 41.914 -3.202
81.096 44.602 -0.762
82.147 43.634 2.772
83.444 46.834 4.416
84.691 45.470 7.771
85.796 41.998 8.908
84.511 40.909 12.367
86.751 38.071 13.640
85.814 35.394 16.262
82.098 36.276 16.304
79.612 33.429 16.839
79.697 32.699 13.110
83.570 32.514 13.550
83.079 30.011 16.409
84.566 32.561 18.845
83.837 30.853 22.185
85.214 27.560 20.798
88.626 29.155 19.979
91.566 29.269 22.390
93.347 32.539 23.061
96.158 31.499 20.683
93.694 30.575 17.952
92.117 34.037 18.306
95.588 35.587 18.053
96.253 33.587 14.883
92.914 34.692 13.523
93.650 38.343 14.447
96.931 38.143 12.485
95.204 36.544 9.473
92.307 39.032 9.484
94.464 42.167 9.889
96.840 41.054 7.152
93.917 40.301 4.740
91.598 43.268 5.406
92.093 46.964 6.046
89.200 47.224 8.524
89.000 44.601 11.299
87.112 44.306 14.568
88.196 41.485 16.890
85.788 39.641 19.247
87.757 39.043 22.480
85.480 37.359 25.054
86.853 34.596 27.261
85.572 32.956 30.429
88.999 33.799 31.830
88.698 37.591 31.745
92.501 38.165 31.737
92.504 36.523 28.309
89.985 39.042 26.955
92.237 41.891 28.159
95.373 40.296 26.716
93.768 39.685 23.320
92.264 43.174 23.207
95.762 44.657 23.612
97.104 42.257 20.952
94.335 43.165 18.478
95.028 46.853 19.032
98.756 46.335 18.325
97.834 44.505 15.118
95.884 47.534 13.892
92.281 46.418 14.622
90.008 49.389 14.382
87.981 48.202 17.381
87.511 45.234 19.709
84.152 43.705 20.682
83.029 41.391 23.462
80.105 39.191 24.287
78.991 39.731 27.861
80.179 36.936 30.173
78.221 33.873 28.947
77.332 30.338 30.120
77.025 31.134 33.876
73.464 31.993 34.899
72.907 34.844 37.279
76.258 36.592 37.394
75.686 39.950 39.141
75.331 43.329 37.464
78.557 44.333 39.268
80.426 41.400 37.675
79.209 42.194 34.149
80.080 45.894 34.555
83.575 45.231 35.903
84.250 42.930 32.937
83.398 45.601 30.352
85.028 48.451 32.268
88.269 46.488 32.569
88.202 45.905 28.822
87.695 49.614 28.114
90.644 50.475 30.419
92.893 48.035 28.574
92.870 49.763 25.173
92.503 53.106 23.410
90.564 51.870 20.379
86.709 51.692 20.679
85.193 48.788 22.616
81.918 47.351 21.160
79.258 45.480 23.018
78.466 42.265 21.117
75.017 41.358 22.405
73.493 37.967 21.528
70.974 36.982 24.205
69.918 33.648 22.650
73.545 32.382 22.772
74.862 34.312 25.823
71.895 33.636 28.121
71.670 37.290 29.215
70.985 40.673 27.635
72.929 43.902 28.023
70.203 46.278 26.775
70.600 49.918 25.655
70.123 51.354 29.149
72.624 48.891 30.728
75.060 49.595 27.874
74.850 53.346 28.586
75.249 52.606 32.349
78.631 50.945 31.564
79.942 54.343 30.482
82.523 53.353 27.833
80.777 51.489 24.997
81.329 53.078 21.565
79.679 50.477 19.365
77.078 47.710 19.478
76.477 44.539 17.489
73.046 43.216 18.451
72.411 39.715 17.105
68.743 39.917 17.907
65.345 39.394 16.196
63.969 42.493 17.941
64.800 45.507 15.707
63.448 47.853 18.397
65.950 46.434 20.931
68.733 47.327 18.452
67.330 50.771 17.644
67.221 51.522 21.360
71.077 51.578 21.412
71.003 54.418 18.907
68.578 56.208 21.241
70.665 55.792 24.420
74.061 56.063 22.731
73.628 58.565 19.884
77.381 58.542 19.148
77.855 54.745 19.061
78.017 52.803 15.805
75.048 50.341 16.014
74.623 47.169 13.870
72.041 44.404 13.824
73.342 40.830 13.429
70.200 38.971 12.282
70.229 37.767 8.627
66.427 38.210 8.601
66.856 41.958 9.354
69.410 43.140 6.731
66.784 44.945 4.659
65.098 46.393 7.750
68.423 47.585 9.270
69.316 49.610 6.151
65.716 50.904 5.934
65.853 52.303 9.457
69.427 53.561 8.935
71.300 51.580 11.539
75.033 52.091 11.005
75.169 48.727 9.295
74.640 44.994 9.473
76.836 42.218 10.804
75.135 39.259 9.159
76.528 35.712 8.747
75.398 35.678 5.098
78.133 38.211 4.236
80.277 35.070 4.161
78.416 33.356 1.322
76.357 36.075 -0.413
78.013 39.455 0.160
76.814 40.537 -3.304
73.209 39.912 -2.171
73.659 42.086 0.928
75.207 44.821 -1.246
72.223 44.448 -3.612
69.865 44.984 -0.667
71.807 48.044 0.519
71.852 49.494 -3.047
68.149 48.883 -3.428
67.244 50.551 -0.156
69.445 53.584 -1.030
67.742 53.902 -4.472
64.317 53.842 -2.750
63.636 50.443 -4.335
62.050 48.875 -1.229
60.309 46.153 -3.233
63.599 44.840 -4.723
65.303 45.017 -1.266
62.441 43.096 0.308
62.447 40.523 -2.477
66.220 39.937 -2.099
65.666 39.626 1.676
63.032 36.940 1.215
65.329 34.990 -1.109
68.033 35.139 1.593
65.509 33.977 4.247
64.729 30.850 2.179
68.435 30.022 1.977
68.943 30.579 5.717
65.868 28.426 6.456
67.253 25.457 4.488
70.662 25.822 6.207
69.173 25.999 9.698
67.557 22.693 8.977
70.955 20.834 8.948
72.960 22.822 11.509
73.388 26.461 10.547
76.932 27.065 11.903
78.369 24.136 9.910
76.200 24.910 6.870
77.643 28.448 6.507
80.897 26.864 5.224
79.111 24.783 2.590
77.066 27.846 1.540
80.369 29.671 0.882
81.514 26.780 -1.349
78.128 26.690 -3.128
77.779 30.386 -3.863
81.434 31.553 -4.017
83.006 28.480 -5.620
86.128 27.888 -3.510
87.072 25.687 -0.565
85.935 27.235 2.704
87.466 24.771 5.184
85.523 23.329 8.135
84.353 24.088 11.668
85.482 21.902 14.623
83.765 19.487 17.052
81.081 20.095 18.794
80.392 22.159 15.678
81.210 19.130 13.499
81.589 19.671 9.737
78.597 18.687 7.579
78.817 15.165 6.288
78.638 14.297 2.580
74.919 13.526 2.677
74.113 16.842 4.427
76.227 18.784 1.919
74.452 17.149 -1.042
71.021 17.878 0.485
71.907 21.533 1.051
73.238 22.044 -2.471
69.889 20.833 -3.873
67.921 22.785 -1.258
69.311 26.140 -2.388
69.673 25.433 -6.130
66.389 27.167 -6.997
67.063 30.308 -4.908
70.510 30.353 -6.466
69.183 30.383 -10.044
66.864 33.293 -9.132
69.903 35.454 -8.312
70.660 38.474 -10.548
73.589 39.837 -8.476
