-9.011 -5.016 5.149
-8.447 -8.173 7.151
-11.117 -10.271 8.809
-12.704 -13.208 7.014
-14.602 -13.824 3.739
-18.396 -13.688 3.599
-21.234 -14.585 1.250
-20.817 -17.147 -1.531
-17.034 -16.938 -1.360
-17.013 -17.968 2.300
-19.407 -20.841 1.575
-17.169 -22.168 -1.207
-14.041 -21.833 0.935
-15.572 -23.811 3.804
-16.812 -26.515 1.427
-13.518 -26.922 -0.434
-10.990 -26.446 2.360
-13.170 -27.237 5.362
-12.811 -23.820 6.990
-11.257 -20.389 6.517
-8.544 -21.326 8.998
-7.681 -24.455 7.001
-7.596 -22.393 3.834
-5.157 -19.935 5.404
-2.972 -22.794 6.622
-2.850 -24.341 3.136
-2.340 -20.970 1.431
0.473 -20.079 3.842
2.102 -23.460 3.207
2.052 -22.844 -0.536
3.533 -19.372 -0.104
6.254 -20.621 2.228
7.062 -23.625 0.056
7.697 -21.615 -3.116
11.472 -21.899 -3.449
13.009 -18.867 -5.095
10.872 -16.072 -6.548
7.166 -16.532 -7.077
3.526 -16.124 -6.121
0.982 -18.046 -4.033
-2.547 -18.134 -5.461
-6.196 -18.886 -4.792
-7.772 -19.514 -8.216
-10.940 -20.795 -9.865
-10.097 -23.813 -12.034
-12.988 -25.301 -14.010
-15.362 -23.552 -11.629
-13.581 -24.983 -8.585
-11.425 -23.122 -6.054
-7.874 -24.364 -5.525
-4.540 -23.190 -4.132
-1.466 -23.066 -6.355
1.934 -21.387 -6.593
3.894 -20.192 -9.620
7.552 -19.280 -10.238
8.840 -15.789 -11.065
6.074 -13.848 -12.833
4.254 -16.820 -14.336
0.487 -16.458 -14.038
-2.217 -19.084 -13.559
-4.058 -17.305 -16.374
-1.628 -18.913 -18.815
-2.978 -22.324 -17.744
-6.664 -21.433 -17.960
-7.042 -20.632 -14.260
-8.424 -17.367 -12.887
-6.677 -15.906 -9.822
-8.859 -14.157 -7.245
-6.225 -13.836 -4.529
-2.468 -13.740 -4.791
0.525 -13.113 -2.537
3.840 -11.912 -3.955
6.663 -13.918 -2.379
9.588 -12.395 -4.306
12.043 -11.242 -1.662
11.655 -7.608 -2.755
8.079 -7.696 -1.430
9.184 -8.343 2.165
12.930 -8.123 2.697
13.131 -4.557 4.015
10.802 -5.206 6.934
10.979 -8.976 7.454
14.314 -9.979 5.908
14.512 -13.797 5.843
11.280 -14.160 7.859
8.883 -14.928 5.007
6.419 -16.729 7.331
5.973 -13.519 9.351
5.248 -11.607 6.142
2.666 -14.177 5.095
0.996 -13.878 8.501
0.884 -10.087 8.251
-0.729 -10.389 4.806
-3.989 -11.573 6.333
-4.362 -8.221 8.094
-4.579 -6.259 4.833
-6.482 -8.576 2.496
-9.554 -6.896 0.982
-11.998 -9.808 1.036
-14.697 -7.688 -0.576
-12.516 -7.345 -3.674
-11.723 -11.066 -3.612
-15.470 -11.771 -3.403
-16.115 -9.556 -6.428
-13.427 -11.313 -8.472
-14.909 -14.616 -7.328
-18.332 -13.775 -8.773
-16.707 -12.650 -12.019
-14.746 -15.921 -12.229
