0.337 -69.857 92.305
2.225 -71.917 89.728
0.656 -75.386 89.884
2.393 -77.175 86.988
5.554 -76.808 84.921
6.019 -78.823 81.728
9.021 -79.034 79.415
8.687 -79.887 75.723
11.360 -80.567 73.115
10.836 -80.534 69.335
12.801 -80.408 66.065
12.587 -77.291 63.900
13.959 -78.100 60.413
15.195 -75.174 58.276
13.013 -74.129 55.276
15.934 -74.168 52.795
17.716 -77.300 54.071
20.998 -75.912 55.427
21.831 -72.543 57.063
25.480 -71.514 56.574
26.663 -69.198 59.364
30.063 -68.173 60.823
33.307 -70.048 60.184
31.684 -72.940 58.262
28.765 -74.038 60.475
25.319 -75.486 59.630
21.813 -75.652 61.159
20.074 -78.499 59.349
17.692 -79.050 62.313
17.380 -76.830 65.411
16.274 -78.305 68.748
13.515 -76.240 70.392
12.900 -76.074 74.155
9.371 -75.091 75.193
8.420 -74.307 78.805
4.704 -74.431 79.753
3.466 -73.074 83.089
-0.003 -73.585 84.593
-1.633 -71.656 87.452
-4.419 -72.195 90.028
-6.660 -69.661 88.223
-6.160 -71.636 85.000
-3.955 -69.067 83.276
-1.249 -70.681 81.170
2.135 -69.248 80.143
4.646 -70.503 77.593
8.200 -69.633 76.548
10.790 -70.911 74.093
14.552 -71.117 73.800
15.962 -72.478 70.539
19.629 -72.077 69.581
20.819 -71.273 66.062
23.639 -73.787 66.354
24.815 -75.290 69.633
28.159 -73.403 69.435
26.751 -70.011 68.408
26.787 -68.379 71.859
27.237 -69.542 75.473
24.042 -71.629 75.252
22.916 -75.112 74.187
19.610 -76.998 73.903
20.148 -79.439 76.768
20.764 -76.611 79.279
17.057 -75.795 79.665
16.438 -79.376 80.812
19.333 -79.172 83.297
18.078 -75.847 84.690
14.465 -77.043 84.931
15.462 -80.144 86.921
17.046 -78.023 89.652
14.727 -75.006 89.539
11.194 -76.198 88.692
10.462 -77.877 92.087
11.341 -74.538 93.740
9.153 -72.499 91.338
5.949 -74.373 92.122
3.450 -72.439 94.280
5.111 -69.136 93.483
3.408 -66.036 91.971
4.348 -65.850 88.257
2.900 -62.353 87.567
5.696 -60.887 89.687
8.355 -61.123 86.959
11.215 -59.510 88.902
10.615 -61.706 91.940
10.743 -64.775 89.664
13.873 -63.345 88.006
15.413 -62.960 91.364
14.482 -66.358 92.508
15.903 -68.059 89.411
19.168 -66.124 89.689
19.328 -67.225 93.355
18.927 -70.887 92.401
21.594 -70.811 89.689
24.176 -68.227 88.653
24.494 -67.381 84.965
22.896 -69.814 82.473
20.535 -66.991 81.311
19.429 -68.825 78.113
17.912 -71.615 80.203
16.011 -69.160 82.422
14.769 -67.284 79.327
11.730 -69.444 78.379
10.542 -69.430 82.012
10.763 -65.609 82.106
8.727 -65.346 78.864
5.971 -67.567 80.260
5.771 -65.285 83.310
5.375 -62.193 81.109
2.721 -64.200 79.231
0.817 -64.863 82.490
1.138 -61.227 83.630
-0.330 -60.081 80.301
-3.327 -62.430 80.590
-3.878 -61.459 84.244
-3.802 -57.740 83.392
-5.765 -58.161 80.123
-2.938 -56.453 78.207
-0.492 -57.503 75.456
3.142 -57.872 76.534
4.235 -54.759 74.553
1.923 -52.704 76.805
3.643 -53.871 80.000
6.975 -53.198 78.289
5.945 -49.540 77.944
3.558 -49.098 75.013
