3.614 13.859 -15.652
6.146 12.369 -13.207
4.833 9.249 -11.382
4.566 10.480 -7.859
4.416 7.954 -5.061
1.363 9.034 -3.172
-0.443 6.976 -0.550
-3.628 6.997 -2.521
-3.661 3.349 -3.095
-5.419 0.824 -1.002
-4.970 -2.904 -0.713
-8.065 -4.885 -0.048
-7.480 -8.326 1.261
-9.730 -11.212 1.923
-12.156 -10.576 -0.924
-14.870 -13.183 -1.683
-14.573 -15.743 -4.341
-15.797 -13.991 -7.386
-16.777 -10.693 -5.836
-18.093 -8.765 -8.765
-17.211 -5.238 -9.835
-20.470 -3.774 -8.526
-20.155 -5.831 -5.361
-16.765 -4.319 -4.670
-18.179 -0.827 -5.387
-20.932 -1.440 -2.827
-18.290 -2.472 -0.339
-16.397 0.724 -1.017
-19.421 2.926 -0.720
-18.940 6.579 -1.424
-15.207 5.972 -1.702
-15.882 4.333 -5.058
-16.924 7.756 -6.232
-13.359 9.179 -5.794
-11.562 6.238 -7.399
-8.973 7.112 -10.051
-9.701 6.093 -13.610
-9.130 2.276 -13.740
-7.667 2.531 -10.263
-9.157 -0.828 -9.335
-6.793 -3.713 -10.022
-7.700 -7.131 -8.733
-4.849 -9.497 -8.138
-5.352 -12.784 -9.879
-3.725 -15.990 -8.838
-2.205 -18.808 -11.016
-5.655 -20.154 -11.807
-6.610 -16.764 -13.271
-9.033 -16.113 -10.462
-8.828 -13.492 -7.656
-6.231 -14.031 -4.958
-8.512 -12.122 -2.637
-6.156 -9.228 -2.918
-6.970 -6.077 -4.781
-5.398 -2.726 -5.114
-7.431 0.335 -5.697
-6.018 3.702 -6.345
-8.146 6.621 -5.380
-7.762 10.166 -6.481
-7.015 11.479 -3.089
-4.659 10.097 -0.462
-6.860 11.383 2.291
-9.837 9.527 0.945
-7.669 6.432 0.605
-6.704 6.718 4.262
-10.322 7.273 5.242
-11.376 4.254 3.197
-8.618 2.124 4.697
-9.678 3.161 8.135
-13.360 2.682 7.414
-12.814 -0.639 5.766
-9.987 -1.889 8.004
-11.536 -5.315 8.491
-15.011 -4.548 7.408
-17.720 -7.114 6.940
-18.393 -7.539 3.295
-21.610 -9.500 3.013
-20.450 -12.530 4.986
-16.684 -12.135 4.727
-14.296 -9.850 6.494
-12.184 -7.870 4.212
-9.240 -6.180 5.700
-8.365 -3.056 3.831
-5.036 -1.271 4.281
-3.713 1.944 2.766
-0.688 1.780 0.511
1.447 3.827 -1.712
1.854 3.553 -5.453
5.269 2.014 -4.699
3.743 -0.548 -2.322
1.115 -1.390 -4.893
3.699 -2.018 -7.589
5.873 -3.839 -5.105
3.173 -6.341 -4.259
2.123 -6.648 -7.913
5.725 -7.329 -8.960
6.024 -9.736 -6.148
8.723 -7.931 -4.286
10.780 -9.498 -1.562
8.848 -9.423 1.687
10.714 -10.685 4.696
8.699 -12.923 6.935
