85.827 61.255 39.183
86.560 59.236 36.041
85.574 55.588 35.574
86.903 52.555 33.745
85.552 49.008 33.630
87.093 45.546 33.653
85.069 42.761 31.984
85.933 39.131 32.750
85.459 37.162 29.530
88.121 34.422 29.338
86.010 31.322 30.053
85.690 28.248 27.833
82.029 27.729 28.753
82.319 23.935 28.635
78.682 23.286 29.617
77.491 25.207 26.530
78.966 22.320 24.478
80.056 24.769 21.812
83.047 25.713 19.676
82.414 29.311 20.817
83.861 30.670 24.067
81.399 31.334 26.904
80.632 35.030 26.411
80.017 35.065 22.627
76.650 33.267 22.909
73.920 35.755 22.042
71.070 37.350 23.953
68.645 39.285 21.727
70.967 38.811 18.727
73.991 40.262 20.541
76.874 38.406 22.289
76.519 38.443 26.097
79.816 40.320 26.410
78.597 42.988 23.951
75.684 43.765 26.304
78.183 44.330 29.126
80.523 46.457 26.965
77.580 48.652 25.919
76.436 49.074 29.522
79.969 50.010 30.590
80.092 52.614 27.797
76.742 54.243 28.660
77.903 54.329 32.303
80.660 56.681 31.109
83.669 54.332 31.109
86.833 55.921 29.698
88.580 52.567 29.266
87.039 49.093 29.092
89.573 46.352 29.832
88.421 43.063 28.310
90.055 40.040 29.962
89.910 37.304 27.321
91.538 33.919 26.762
89.623 30.904 25.479
88.395 31.179 21.898
90.670 34.203 21.507
90.582 34.323 17.701
86.772 34.114 17.723
86.579 36.899 20.328
88.763 39.099 18.121
86.736 38.493 14.936
83.314 38.792 16.611
84.174 41.940 18.614
86.679 43.531 16.222
85.061 46.989 16.306
84.555 47.195 20.081
86.392 50.006 21.854
88.152 47.883 24.463
91.659 47.217 25.747
92.410 43.619 24.720
94.006 41.928 27.745
94.979 38.365 26.807
95.160 36.155 29.901
97.377 33.070 29.446
95.919 31.150 32.419
92.810 31.297 34.602
94.011 31.398 38.216
90.966 33.117 39.752
89.027 36.373 39.441
91.610 38.450 41.351
94.299 37.287 38.907
92.044 38.249 35.972
91.397 41.761 37.275
95.114 42.140 38.076
95.914 41.583 34.371
94.325 44.999 33.695
95.633 46.624 36.916
98.757 48.254 35.356
96.409 50.393 33.220
94.242 51.646 36.118
94.571 55.354 36.875
95.132 55.851 40.611
92.247 58.329 40.957
89.591 56.829 38.683
86.946 54.376 39.862
87.034 50.829 38.506
83.940 48.635 38.189
84.405 44.869 37.749
81.816 43.152 35.547
81.340 39.640 34.172
80.896 38.924 30.469
78.527 36.016 31.195
76.150 38.272 33.203
74.660 40.487 30.469
71.519 41.825 32.203
73.264 44.171 34.679
71.753 47.655 34.243
73.376 51.087 34.067
70.946 52.259 36.771
72.079 49.671 39.336
75.753 50.291 38.533
75.246 54.056 38.921
73.862 53.456 42.432
76.836 51.180 43.144
79.424 53.773 42.076
77.681 56.548 44.045
77.629 54.488 47.260
81.406 53.874 47.154
83.119 55.621 50.092
86.542 57.246 49.589
89.382 54.671 49.637
86.723 51.968 50.091
84.620 49.477 48.122
80.998 49.378 46.965
79.861 45.747 46.712
76.818 44.649 44.698
74.737 42.118 46.644
71.495 40.250 45.971
68.794 38.671 48.146
67.998 35.043 47.296
65.248 32.909 48.842
67.641 29.945 48.813
71.149 31.406 49.317
72.778 27.945 49.659
76.280 27.838 48.144
76.884 31.606 48.040
78.864 33.890 50.360
76.675 35.581 52.978
76.984 39.327 53.585
77.697 40.156 57.232
76.791 43.719 58.197
78.032 45.273 61.445
76.159 48.565 61.715
76.037 49.600 58.034
79.215 48.154 56.463
80.247 44.758 55.070
82.762 43.339 57.566
82.838 39.836 56.035
81.675 37.504 53.270
81.181 34.129 54.960
81.097 31.193 52.534
78.618 28.294 52.848
80.826 25.806 54.731
82.186 28.377 57.235
78.819 29.882 58.221
77.191 29.058 61.565
73.459 28.269 61.881
72.121 31.850 62.000
74.479 33.051 59.233
73.083 30.466 56.797
69.666 32.145 57.214
71.089 35.413 55.809
69.559 35.895 52.348
71.875 38.669 51.125
74.805 37.242 49.142
77.897 38.335 47.211
77.708 38.812 43.422
81.412 39.554 42.854
80.587 42.881 41.172
82.334 45.785 42.897
83.703 49.324 42.566
86.893 50.785 44.060
89.538 53.354 43.065
92.445 52.260 40.866
95.152 52.754 43.494
93.205 50.644 46.006
92.788 47.871 43.421
96.535 47.830 42.669
97.349 47.675 46.403
94.881 44.950 47.424
95.180 42.702 44.348
98.907 42.306 45.112
97.957 41.041 48.599
95.428 38.396 47.486
96.644 34.841 48.086
95.425 31.425 46.952
95.317 29.499 50.243
91.907 27.863 49.822
90.407 24.544 48.651
90.359 25.645 44.989
93.882 27.119 44.994
92.592 30.289 43.315
93.095 34.026 43.797
89.574 35.293 44.565
88.520 38.902 43.989
86.158 38.310 46.948
89.146 38.613 49.321
89.370 42.373 48.620
86.560 42.860 51.169
88.711 41.259 53.891
91.766 43.277 52.800
89.787 46.539 52.816
88.619 45.857 56.378
92.263 45.107 57.300
93.163 48.644 56.158
90.270 50.235 58.088
88.562 51.070 54.790
84.777 50.971 54.480
82.878 48.440 52.361
79.259 49.438 51.623
76.608 47.051 50.269
74.245 48.082 47.467
71.371 45.672 46.826
70.384 44.822 43.250
66.733 45.550 42.428
66.126 42.436 40.324
67.682 39.015 40.987
67.844 38.278 37.244
69.930 41.438 36.779
73.031 39.777 38.273
72.213 36.297 36.934
74.862 34.606 34.792
74.658 31.807 32.226
76.850 28.689 32.496
74.740 26.697 30.034
72.113 27.287 27.345
69.158 26.549 29.649
70.250 29.426 31.891
70.888 31.543 28.797
67.331 30.885 27.568
66.035 32.126 30.937
68.027 35.355 30.543
66.691 35.732 26.980
63.079 35.455 28.110
63.576 37.889 31.001
65.250 40.345 28.617
62.534 40.064 25.954
59.819 40.520 28.579
61.511 43.672 29.895
61.824 45.046 26.347
58.193 44.263 25.532
57.010 45.816 28.807
58.936 49.013 28.042
57.325 49.234 24.594
53.831 48.584 26.004
54.244 51.417 28.529
55.438 53.666 25.653
52.127 52.980 23.873
