-9.206 4.430 -46.992
-7.782 7.396 -48.877
-4.319 8.044 -50.307
-2.902 10.866 -52.375
0.583 11.944 -53.406
1.642 15.325 -52.040
1.972 18.018 -54.733
3.888 21.358 -54.804
0.712 23.343 -53.978
0.307 21.207 -50.824
3.660 22.423 -49.477
5.518 25.513 -48.267
8.687 27.009 -49.811
10.803 24.358 -48.038
8.895 21.417 -49.623
7.051 20.463 -46.433
3.295 19.899 -46.518
1.034 22.529 -44.873
-0.965 21.495 -41.800
-4.063 22.855 -43.591
-3.645 20.332 -46.444
-3.719 17.407 -44.006
-6.586 18.923 -41.974
-8.612 19.077 -45.180
-7.900 15.376 -45.974
-8.759 14.382 -42.397
-12.182 16.077 -42.640
-12.858 14.548 -46.086
-12.402 11.064 -44.571
-14.604 12.030 -41.613
-17.340 13.416 -43.850
-17.582 10.243 -45.967
-17.646 7.748 -43.094
-20.161 9.719 -41.006
-22.570 10.502 -43.895
-22.589 6.831 -44.995
-23.292 5.732 -41.448
-26.052 8.288 -40.844
-27.899 7.005 -43.938
-27.146 3.309 -43.251
-30.642 2.489 -41.962
-32.410 4.492 -44.678
-33.737 7.176 -42.357
-34.380 10.722 -43.566
-31.678 11.526 -46.160
-28.937 13.573 -44.574
-25.371 14.815 -44.745
-23.022 14.798 -41.770
-21.732 18.269 -40.760
-18.462 18.782 -38.836
-19.314 19.947 -35.321
-15.976 19.592 -33.516
-12.289 18.843 -33.948
-10.548 17.525 -30.837
-7.034 18.696 -29.959
-4.516 17.181 -32.410
-0.715 17.163 -32.671
1.375 17.051 -35.830
4.223 14.670 -35.048
6.361 14.628 -38.205
6.591 16.578 -41.470
5.450 15.301 -44.841
7.169 16.186 -48.103
6.224 16.768 -51.717
6.118 13.390 -53.442
5.265 11.384 -50.325
1.903 9.598 -50.170
-0.577 10.652 -47.499
-2.602 7.663 -46.250
-5.832 8.645 -44.454
-7.962 6.115 -42.584
-11.109 6.658 -40.520
-13.161 4.692 -38.019
-16.443 5.485 -36.257
-15.618 4.921 -32.594
-18.815 6.180 -30.938
-22.374 7.284 -31.652
-24.660 9.306 -29.376
-28.347 10.040 -30.062
-27.544 12.780 -32.617
-23.763 12.677 -33.147
-20.887 10.553 -34.502
-17.328 10.346 -33.190
-14.702 9.570 -35.848
-11.037 8.772 -35.280
-8.754 9.550 -38.207
-5.153 8.367 -38.738
-2.767 10.034 -41.182
0.350 8.150 -42.259
3.041 9.372 -44.662
4.678 6.927 -47.035
7.823 7.680 -48.920
7.509 5.420 -51.970
11.171 5.910 -52.962
12.610 4.768 -49.598
9.675 2.727 -48.257
9.696 4.724 -44.988
6.322 5.158 -43.249
5.659 7.641 -40.406
2.603 8.505 -38.320
1.782 12.101 -39.248
-1.285 12.667 -37.113
-4.190 11.176 -35.158
-7.365 13.279 -34.960
-10.845 12.844 -33.511
-13.868 14.548 -35.052
-17.543 14.904 -34.182
-20.250 15.056 -36.835
-23.976 15.746 -36.628
-26.374 14.599 -39.387
-28.481 17.352 -40.950
-31.520 16.648 -43.119
-31.166 17.475 -46.812
-34.899 18.241 -47.061
-35.358 20.159 -43.805
-32.620 22.751 -43.345
-30.617 22.468 -40.113
-32.844 19.588 -38.926
-30.694 17.390 -36.683
-31.387 13.674 -37.122
-31.039 10.583 -34.949
-27.861 8.583 -35.606
-28.142 4.781 -36.061
-26.311 2.859 -33.306
-22.984 1.223 -34.266
-21.892 -2.294 -33.365
-19.144 -2.589 -30.733
-16.930 -5.683 -30.512
-16.551 -5.127 -26.749
-18.628 -3.198 -24.176
-15.379 -1.440 -23.156
-15.328 0.351 -26.533
-18.802 1.789 -25.916
-17.896 2.821 -22.351
-14.737 4.616 -23.530
-16.618 6.433 -26.302
-19.429 7.359 -23.922
-16.858 8.945 -21.571
-15.401 11.053 -24.414
-18.937 12.051 -25.491
-19.781 13.144 -21.938
-16.484 15.090 -21.700
-17.157 17.253 -24.782
-20.884 17.585 -23.954
-19.986 18.888 -20.473
-17.228 21.193 -21.778
-19.658 22.862 -24.221
-21.263 24.348 -21.087
-17.859 25.683 -19.920
