62.034 -10.034 -62.452
59.123 -8.995 -60.278
59.643 -5.588 -58.790
58.095 -3.900 -55.788
55.918 -1.900 -58.075
54.928 -2.759 -61.661
52.469 -1.564 -64.243
50.211 -3.678 -66.382
48.275 -3.208 -69.604
45.079 -5.100 -70.473
43.024 -5.780 -73.598
39.629 -7.516 -73.278
37.420 -8.977 -75.957
34.097 -10.164 -74.626
30.518 -11.176 -75.281
27.429 -11.203 -73.084
24.112 -12.530 -74.371
25.272 -12.173 -77.979
26.433 -8.556 -77.453
30.117 -8.063 -78.108
32.419 -5.405 -76.728
36.097 -4.445 -76.312
37.797 -2.894 -73.332
41.198 -1.318 -72.828
42.990 -0.493 -69.614
46.104 0.022 -67.541
46.893 -0.653 -63.918
49.581 -0.631 -61.272
50.479 -2.009 -57.843
52.801 -3.671 -55.353
53.138 -7.380 -56.257
54.482 -8.310 -52.783
52.009 -6.240 -50.803
49.067 -7.525 -52.856
47.429 -4.187 -53.683
46.711 -2.773 -57.136
44.480 -0.393 -59.122
43.296 -0.306 -62.728
41.572 2.094 -65.128
39.359 0.592 -67.884
37.744 2.167 -70.996
35.065 0.606 -73.152
36.592 1.108 -76.584
33.883 -0.871 -78.471
30.231 -1.863 -78.054
29.448 0.553 -75.216
27.548 1.637 -73.253
27.502 -1.959 -71.996
23.909 -3.224 -71.724
24.775 -5.423 -68.708
26.245 -4.981 -65.199
29.945 -4.102 -65.025
30.527 -6.211 -61.904
30.703 -9.486 -63.928
33.645 -7.988 -65.823
35.579 -6.567 -62.877
37.365 -9.735 -61.731
38.682 -10.420 -65.227
40.943 -7.312 -65.052
45.923 -9.913 -61.910
46.851 -12.395 -59.203
50.572 -11.841 -59.704
49.915 -8.943 -57.351
49.098 -11.216 -54.412
50.946 -11.196 -51.132
52.510 -14.546 -50.270
54.087 -15.615 -47.015
57.578 -16.971 -47.566
56.568 -20.621 -46.943
53.873 -20.746 -49.677
55.460 -20.977 -53.169
54.399 -18.003 -55.364
53.583 -20.005 -58.497
52.422 -16.999 -60.484
55.437 -14.788 -59.656
57.886 -17.663 -60.267
56.414 -18.083 -63.771
57.989 -14.873 -65.088
59.385 -13.405 -67.236
57.744 -16.034 -69.452
54.517 -15.778 -67.435
51.294 -17.759 -67.043
47.821 -18.177 -68.488
44.629 -18.329 -66.530
41.176 -19.697 -67.241
37.861 -19.451 -65.514
34.345 -20.790 -65.301
31.736 -18.611 -63.625
28.462 -20.362 -62.662
25.702 -17.929 -61.621
22.834 -19.346 -59.495
20.304 -18.196 -62.167
21.905 -20.106 -65.091
24.258 -17.441 -66.403
27.579 -19.027 -67.469
30.936 -17.502 -68.506
34.233 -18.945 -69.671
37.278 -16.638 -69.622
40.731 -17.175 -71.148
43.761 -14.981 -70.420
47.430 -14.583 -71.299
49.777 -12.795 -68.926
53.276 -11.896 -70.112
55.988 -9.419 -69.084
57.028 -6.995 -71.834
59.838 -4.519 -71.137
59.122 -4.375 -67.365
55.351 -4.098 -67.825
52.745 -6.922 -67.588
50.694 -7.431 -70.738
47.229 -8.990 -70.255
45.023 -10.444 -73.049
41.528 -11.481 -71.942
38.669 -13.170 -73.799
35.237 -13.645 -72.296
32.007 -15.321 -73.404
29.053 -15.011 -71.028
25.774 -16.678 -71.980
22.345 -17.632 -70.642
21.613 -14.587 -68.462
17.923 -14.015 -67.829
16.787 -10.805 -69.510
14.935 -9.891 -66.340
17.850 -10.803 -64.001
20.401 -8.720 -62.036
23.126 -8.857 -64.735
21.068 -7.598 -67.724
18.939 -5.199 -65.610
22.066 -3.769 -63.905
20.818 -4.457 -60.347
24.188 -5.357 -58.837
26.280 -3.350 -56.391
29.756 -4.795 -56.216
31.251 -8.056 -54.986
31.530 -9.117 -51.367
35.112 -9.895 -50.320
35.940 -13.501 -51.042
38.142 -16.412 -50.020
39.524 -18.756 -52.658
40.469 -22.362 -52.040
43.547 -23.521 -53.971
45.539 -26.736 -54.462
47.800 -28.381 -57.070
46.104 -30.529 -59.734
47.155 -31.915 -63.126
50.583 -30.238 -62.948
49.096 -26.722 -62.616
47.387 -24.634 -59.889
43.608 -24.559 -59.455
41.255 -22.737 -57.142
37.580 -22.140 -56.473
35.453 -19.471 -54.813
31.880 -18.978 -53.620
31.340 -15.344 -54.581
28.364 -13.009 -54.277
27.226 -9.819 -55.859
25.273 -7.440 -53.670
21.706 -6.618 -54.751
19.754 -3.331 -54.864
16.786 -4.338 -52.711
19.330 -5.964 -50.403
20.253 -9.635 -50.807
22.795 -11.568 -52.832
23.268 -12.872 -56.348
25.478 -15.954 -56.116
28.310 -17.130 -58.337
30.820 -19.981 -58.163
34.292 -19.268 -59.664
36.635 -22.064 -60.848
40.098 -20.954 -61.968
43.061 -22.717 -63.577
46.470 -21.022 -63.483
49.014 -22.411 -65.958
52.678 -21.328 -65.901
54.418 -21.131 -69.313
57.350 -22.956 -67.758
57.869 -25.492 -65.016
57.712 -23.737 -61.656
57.313 -24.982 -58.086
53.729 -25.869 -57.070
52.169 -24.955 -53.725
49.943 -27.214 -51.667
46.552 -26.586 -50.119
45.911 -22.946 -49.180
43.611 -19.890 -49.391
43.523 -16.425 -50.981
41.470 -13.563 -49.560
40.486 -10.742 -51.907
38.384 -7.639 -51.880
37.723 -5.865 -55.168
36.182 -2.370 -55.174
34.887 -0.040 -57.889
36.548 3.179 -56.721
34.992 5.360 -59.432
33.103 5.208 -62.697
31.570 7.625 -65.165
27.789 7.727 -65.686
27.221 4.774 -68.070
30.330 2.839 -67.023
32.499 3.417 -70.151
35.329 4.487 -67.863
35.817 2.609 -64.568
38.421 2.432 -61.801
39.036 -0.588 -59.577
41.167 -1.375 -56.571
41.888 -4.904 -55.322
43.590 -6.131 -52.179
44.752 -9.781 -52.232
46.662 -12.046 -49.819
47.567 -15.742 -49.695
47.636 -17.668 -46.408
47.222 -21.009 -44.741
43.985 -21.857 -43.015
43.711 -19.932 -39.693
43.629 -23.190 -37.641
46.690 -24.634 -39.426
