65.877 -31.116 57.987
67.902 -33.726 56.101
69.412 -33.237 52.661
70.686 -36.449 50.958
69.904 -36.448 47.185
71.383 -39.971 46.780
69.846 -42.226 49.483
70.389 -46.001 49.625
68.587 -48.274 47.196
67.837 -52.007 46.945
70.314 -52.247 44.061
73.211 -49.920 43.156
72.249 -47.005 40.922
74.572 -45.586 38.294
74.475 -41.835 38.734
75.366 -40.263 35.357
75.577 -36.453 35.323
74.700 -35.456 31.786
73.115 -32.934 29.370
69.326 -33.202 29.131
67.205 -31.352 26.539
64.625 -28.868 27.854
62.817 -28.996 24.495
62.446 -30.871 21.215
65.756 -31.807 19.545
66.494 -32.806 15.961
70.025 -34.006 16.532
72.376 -35.006 19.342
71.372 -36.670 22.634
71.697 -40.154 21.168
72.224 -41.599 24.699
68.464 -40.900 25.214
67.111 -42.737 22.137
69.825 -45.424 21.828
68.577 -47.237 24.915
66.955 -50.652 24.964
65.201 -50.253 28.347
62.337 -48.294 29.932
62.870 -44.680 31.052
60.856 -42.385 33.376
61.591 -38.764 32.504
60.600 -36.064 34.959
59.481 -32.752 33.478
58.776 -29.405 35.158
55.335 -28.929 33.557
52.662 -30.630 31.459
53.655 -28.304 28.593
57.335 -29.351 28.676
56.190 -32.999 28.812
54.122 -32.595 25.619
57.000 -31.138 23.620
59.500 -33.773 24.860
57.071 -36.667 24.565
56.162 -35.672 20.996
59.815 -35.527 20.003
60.258 -39.010 21.430
57.161 -40.307 19.558
58.471 -38.797 16.319
61.637 -40.866 17.025
59.540 -44.070 17.096
59.332 -44.377 20.897
56.174 -45.423 22.736
55.414 -42.823 25.400
52.968 -42.631 28.319
52.191 -39.210 29.763
51.631 -38.893 33.525
50.179 -35.808 35.131
47.204 -35.226 37.500
44.692 -35.215 34.594
45.985 -38.380 32.990
47.218 -40.483 35.954
44.305 -42.746 36.960
43.837 -43.972 33.359
47.461 -43.885 32.051
49.339 -45.158 35.123
47.824 -48.690 34.942
49.033 -48.741 31.308
52.605 -48.873 32.663
51.764 -52.503 33.564
49.235 -53.484 30.858
51.080 -51.920 27.906
54.574 -51.953 26.413
56.278 -48.566 26.649
59.689 -47.002 26.191
59.258 -43.703 28.054
57.047 -42.370 30.802
56.966 -38.606 30.660
55.835 -37.405 34.146
55.400 -34.292 36.197
56.235 -34.436 39.909
53.018 -36.447 40.435
55.195 -39.621 40.138
57.626 -38.576 42.889
55.612 -40.497 45.467
52.531 -42.289 44.213
54.135 -44.422 41.539
56.102 -47.671 41.142
57.566 -48.477 37.752
59.586 -51.447 36.584
62.060 -49.252 34.758
65.744 -49.183 33.880
66.450 -45.466 33.862
65.266 -42.159 35.197
66.055 -38.950 33.360
65.908 -35.955 35.677
66.786 -32.351 34.753
65.960 -31.509 38.406
63.740 -28.581 37.475
60.452 -27.323 38.846
58.261 -24.222 38.618
57.234 -22.971 42.063
54.828 -20.355 43.359
56.742 -17.513 44.995
55.236 -14.838 47.212
56.608 -11.383 46.280
55.230 -7.881 46.853
51.768 -9.193 47.864
51.340 -11.509 44.896
52.181 -15.054 43.900
54.209 -15.612 40.739
55.418 -18.827 39.106
59.173 -18.849 39.021
61.156 -21.389 37.073
62.631 -23.546 35.856
64.433 -23.604 39.235
66.324 -26.401 41.026
64.226 -29.018 42.872
64.830 -30.059 46.517
67.152 -32.907 47.607
63.990 -34.734 48.800
62.345 -34.468 45.377
65.558 -35.460 43.537
65.882 -38.499 45.877
62.267 -39.413 45.193
62.852 -39.127 41.424
66.055 -41.224 41.419
64.306 -43.555 43.876
62.033 -44.752 41.072
64.899 -47.034 39.954
67.548 -49.220 41.631
64.769 -51.108 43.365
65.318 -54.712 42.270
68.228 -56.266 44.327
68.875 -58.814 41.552
68.997 -56.187 38.788
72.203 -54.098 38.494
72.003 -51.980 35.289
69.793 -49.061 36.608
70.720 -45.467 35.662
69.902 -42.066 37.099
70.752 -39.620 34.289
70.619 -36.147 35.791
71.679 -32.545 35.416
71.763 -29.512 37.658
71.944 -28.798 41.376
69.527 -29.416 44.227
68.449 -26.555 46.506
66.952 -26.140 50.000
66.664 -22.373 49.468
62.846 -22.352 49.331
61.726 -19.819 51.984
60.283 -17.563 49.252
57.829 -20.320 48.239
54.278 -19.361 49.322
53.944 -22.943 50.507
55.267 -22.108 53.979
53.043 -19.041 54.336
50.098 -21.187 53.295
50.988 -23.805 56.027
50.704 -21.012 58.649
47.446 -19.797 57.133
46.167 -23.345 57.625
47.634 -23.857 61.098
46.579 -20.461 62.418
43.023 -21.571 61.714
43.059 -24.984 63.380
41.662 -25.299 66.909
43.666 -27.414 69.380
41.611 -28.662 72.397
43.436 -27.898 75.692
46.292 -26.314 73.763
47.423 -23.307 71.765
48.246 -22.531 68.079
50.353 -25.334 66.665
53.796 -24.236 65.560
55.214 -25.847 62.430
57.131 -29.091 62.789
60.483 -28.244 64.425
62.970 -28.611 61.494
60.500 -26.622 59.307
60.063 -23.614 61.655
63.075 -21.984 59.972
60.952 -21.658 56.820
58.614 -18.930 58.080
58.923 -15.643 59.987
55.169 -15.311 60.732
54.104 -14.591 64.343
51.651 -16.826 66.297
48.053 -16.131 65.183
48.895 -13.771 62.307
46.607 -15.603 59.885
43.802 -16.452 62.325
40.378 -15.705 60.887
36.978 -15.181 62.518
34.362 -17.947 62.342
32.717 -16.777 59.156
35.840 -15.716 57.294
37.255 -19.150 58.177
34.257 -20.959 56.622
34.728 -18.891 53.444
38.502 -19.594 53.465
38.041 -23.348 53.995
35.438 -23.608 51.151
37.414 -21.427 48.693
40.113 -24.092 49.083
37.942 -27.247 49.466
35.206 -26.601 46.921
36.540 -23.534 45.051
39.879 -25.304 44.409
41.691 -21.991 45.038
45.276 -22.029 46.184
45.507 -21.411 49.973
47.140 -17.915 49.711
44.484 -16.766 47.255
41.610 -18.201 49.339
43.107 -16.291 52.299
43.112 -12.913 50.477
39.480 -13.285 49.491
38.240 -14.474 52.908
40.187 -11.923 54.957
38.710 -9.185 52.702
35.255 -10.236 53.972
34.195 -11.420 50.524
31.353 -13.961 50.681
31.923 -17.345 49.074
29.290 -16.914 46.298
30.463 -13.395 45.343
32.804 -13.781 42.340
33.080 -10.099 41.372
36.670 -10.000 42.746
37.655 -12.282 39.816
37.032 -9.412 37.381
37.357 -6.045 39.148
41.059 -5.826 39.965
43.529 -3.316 38.462
44.625 -3.607 34.815
48.027 -4.871 35.997
46.152 -8.046 37.137
44.823 -8.813 33.641
45.432 -12.520 33.299
47.160 -13.803 30.155
47.323 -17.197 28.484
49.111 -17.767 25.139
49.720 -13.982 25.405
45.984 -13.232 25.320
43.316 -12.206 27.844
40.743 -14.717 28.998
37.141 -13.721 28.310
34.693 -15.573 30.582
30.921 -15.730 30.988
29.416 -15.292 34.469
26.035 -16.545 35.788
24.105 -13.880 33.769
26.336 -13.978 30.673
28.153 -10.971 29.171
31.775 -9.856 28.431
34.219 -9.976 31.380
37.924 -10.695 31.295
39.810 -12.503 34.048
41.443 -9.828 36.198
41.462 -10.760 39.889
41.749 -8.328 42.840
44.597 -10.552 44.052
47.179 -11.965 41.648
48.140 -15.599 42.037
50.211 -16.965 39.126
48.818 -20.487 39.668
45.557 -19.469 38.006
47.200 -19.626 34.537
50.214 -21.889 35.320
48.698 -24.782 33.351
45.422 -25.625 31.682
44.025 -27.574 34.621
44.410 -24.563 36.953
42.988 -22.191 34.351
39.899 -24.291 33.620
39.221 -24.714 37.352
39.465 -20.930 37.928
37.261 -20.091 34.900
34.644 -22.445 36.328
34.991 -20.790 39.739
34.832 -17.234 38.308
31.711 -18.191 36.281
30.038 -19.179 39.557
29.983 -22.927 38.794
31.290 -23.972 42.266
