12.006 51.150 0.441
14.374 52.597 3.061
12.996 56.178 2.727
13.698 59.285 0.565
17.428 60.018 0.169
19.247 63.330 -0.559
22.870 64.302 -1.153
23.850 67.023 1.286
27.050 68.809 2.381
27.566 69.403 6.080
28.115 72.920 7.475
30.251 73.652 10.569
28.366 73.390 13.874
29.506 72.249 17.331
27.699 68.899 17.081
28.867 68.232 13.499
32.495 68.926 14.593
32.123 66.638 17.611
30.853 63.851 15.295
33.694 64.357 12.712
31.258 65.311 9.915
32.886 66.955 6.907
31.983 67.047 3.245
29.134 65.221 1.529
26.698 62.650 2.812
23.325 61.103 2.064
20.564 62.162 4.484
17.773 59.610 4.444
14.253 60.386 5.691
13.060 57.131 7.242
9.747 56.143 8.840
10.808 57.047 12.403
14.251 58.665 12.120
16.763 60.511 9.954
19.901 58.624 9.034
23.220 60.038 7.766
25.175 57.762 5.404
28.572 57.923 3.657
30.176 55.998 0.803
32.273 53.026 2.036
28.199 51.596 -1.262
26.265 53.574 1.434
27.170 52.908 5.079
25.157 54.380 7.933
26.913 56.672 10.427
24.275 58.282 12.697
20.501 58.156 13.141
18.235 60.587 15.004
14.742 59.377 15.998
12.111 62.057 15.240
10.951 61.801 18.869
14.388 62.963 20.019
14.560 66.015 17.717
13.920 69.484 19.160
13.121 71.233 15.875
13.932 71.299 12.186
13.762 73.817 9.330
15.039 74.810 5.915
15.562 77.577 3.378
16.551 77.580 -0.352
20.174 76.722 0.497
20.027 74.461 3.552
18.276 71.962 5.798
18.842 71.988 9.555
17.687 70.077 12.637
18.479 70.106 16.355
19.013 66.874 18.272
18.159 66.419 21.926
20.531 64.941 24.509
19.410 61.295 24.084
20.539 61.043 20.424
23.674 58.858 19.819
25.283 62.017 18.291
24.667 64.030 21.459
22.607 67.220 21.395
22.968 70.131 19.022
22.453 71.576 15.604
23.170 69.749 12.372
22.976 71.872 9.225
23.492 70.765 5.627
23.800 72.639 2.377
21.310 71.528 -0.252
18.960 73.089 -2.829
16.399 70.403 -1.801
15.738 71.759 1.751
11.983 72.104 1.180
11.818 68.579 -0.224
13.599 67.189 2.849
11.468 69.308 5.143
8.207 68.090 3.555
9.416 64.448 3.689
10.228 64.805 7.423
6.946 66.632 8.202
5.097 63.877 6.401
6.948 61.013 8.091
6.326 62.634 11.507
2.626 63.149 10.680
2.336 59.453 9.761
4.114 58.398 12.978
