33.848 -19.949 -29.974
32.375 -20.483 -26.495
34.523 -23.575 -25.766
37.636 -21.383 -26.371
36.645 -18.858 -23.646
37.908 -19.310 -20.090
37.526 -17.453 -16.780
40.213 -14.977 -15.725
41.033 -17.237 -12.741
40.965 -20.506 -14.751
38.413 -21.840 -12.215
37.624 -25.601 -12.472
34.024 -26.953 -12.880
32.370 -28.134 -9.678
32.931 -31.776 -8.849
35.146 -34.469 -10.294
36.308 -34.435 -13.965
34.008 -37.264 -15.148
30.350 -37.497 -16.336
28.022 -37.498 -13.320
30.952 -36.679 -10.979
28.649 -34.631 -8.735
26.138 -35.078 -5.875
23.150 -34.910 -8.276
23.033 -35.220 -12.164
19.857 -34.231 -13.949
18.942 -34.566 -17.632
16.293 -32.274 -19.164
14.510 -34.013 -22.081
12.804 -31.416 -24.331
9.524 -31.911 -26.179
6.542 -30.112 -27.663
2.892 -31.173 -27.888
-0.507 -29.445 -27.997
1.175 -26.082 -28.587
3.197 -26.453 -25.350
6.871 -27.094 -24.696
7.714 -29.885 -22.246
10.715 -30.757 -20.081
10.717 -34.388 -18.937
7.060 -34.569 -20.033
5.886 -31.506 -18.045
4.846 -28.089 -19.335
5.241 -25.135 -16.984
2.014 -23.273 -16.217
2.249 -20.504 -13.553
0.729 -21.613 -10.223
-1.737 -19.296 -8.445
0.405 -19.444 -5.267
4.010 -18.358 -6.056
6.490 -21.231 -5.532
8.327 -19.216 -2.819
5.049 -18.677 -0.933
4.220 -22.415 -1.207
7.532 -23.172 0.540
6.961 -20.490 3.217
3.506 -22.004 3.784
4.901 -25.484 4.540
5.512 -27.320 1.252
8.310 -29.844 1.951
9.133 -31.614 -1.324
9.117 -31.350 -5.112
5.978 -33.573 -5.005
4.196 -30.982 -2.811
4.966 -28.096 -5.111
3.039 -26.819 -7.960
3.014 -26.945 -10.882
3.191 -30.765 -10.643
6.135 -32.345 -12.493
7.959 -29.009 -13.085
9.828 -28.607 -9.775
13.137 -30.277 -8.806
14.405 -30.456 -5.223
18.162 -29.778 -4.922
20.359 -30.753 -1.950
22.103 -28.067 0.118
25.753 -27.072 -0.280
26.357 -29.529 -3.104
27.549 -29.877 -6.725
24.979 -30.337 -9.514
25.279 -31.288 -13.207
22.469 -30.679 -15.701
22.494 -31.824 -19.334
20.149 -30.105 -21.817
20.412 -32.152 -25.061
19.056 -30.380 -28.148
16.309 -32.010 -30.199
14.157 -31.190 -33.222
11.195 -32.254 -30.996
11.607 -28.790 -29.572
11.105 -26.514 -32.472
13.160 -23.209 -32.973
16.290 -24.197 -31.635
18.821 -23.015 -30.699
17.205 -22.462 -27.254
19.226 -20.245 -24.831
18.631 -21.509 -21.277
19.066 -19.335 -18.204
19.488 -20.376 -14.542
18.384 -17.829 -11.889
20.369 -17.246 -8.645
23.604 -18.765 -10.021
26.534 -18.731 -12.369
27.374 -22.116 -13.935
30.376 -23.786 -15.596
29.629 -24.658 -19.220
31.410 -28.028 -19.246
30.151 -28.692 -22.802
29.132 -26.006 -25.344
27.004 -26.103 -28.511
28.960 -27.128 -31.607
31.603 -28.921 -29.509
32.042 -32.666 -28.915
34.282 -32.204 -25.878
33.884 -31.802 -22.097
36.015 -29.321 -20.136
36.129 -29.715 -16.327
39.522 -27.993 -15.856
38.885 -24.414 -17.036
35.486 -23.961 -18.723
33.838 -20.568 -19.164
31.271 -19.713 -16.466
28.156 -17.716 -17.386
24.364 -17.566 -16.745
22.702 -17.966 -20.199
23.848 -20.748 -22.570
22.750 -21.792 -26.045
21.622 -25.442 -26.007
22.439 -25.516 -29.745
21.148 -27.826 -32.489
19.992 -31.517 -32.591
23.027 -33.632 -31.725
24.408 -31.184 -29.119
24.463 -32.027 -25.411
25.140 -28.752 -23.626
26.028 -29.596 -20.011
26.418 -27.226 -17.070
27.569 -27.492 -13.433
26.876 -25.286 -10.434
27.031 -25.239 -6.644
23.909 -25.109 -4.476
25.151 -22.122 -2.420
21.856 -20.203 -2.534
18.668 -21.510 -0.771
15.474 -20.690 -2.673
13.274 -21.542 -5.668
15.058 -20.473 -8.906
13.744 -20.560 -12.481
15.575 -22.549 -15.170
14.111 -21.845 -18.603
14.484 -20.917 -22.250
15.051 -17.148 -22.535
13.172 -16.931 -25.825
10.230 -15.274 -24.035
7.615 -16.743 -26.408
8.871 -20.244 -25.502
8.809 -19.537 -21.740
5.196 -18.396 -22.275
4.510 -21.775 -23.897
5.789 -23.688 -20.826
9.521 -24.173 -21.560
10.656 -23.942 -17.920
11.339 -25.820 -14.674
11.978 -24.631 -11.088
15.022 -25.619 -9.024
13.790 -25.724 -5.411
17.181 -25.385 -3.761
17.633 -26.387 -0.112
13.911 -26.312 0.723
14.462 -26.733 4.530
16.496 -23.477 4.708
14.498 -21.262 2.310
12.340 -19.536 4.946
15.172 -18.792 7.410
17.583 -17.645 4.669
15.081 -15.349 2.872
13.077 -13.258 5.392
10.312 -11.391 3.409
9.280 -7.708 3.767
5.642 -7.108 4.629
5.351 -5.234 1.286
6.157 -8.592 -0.369
3.567 -10.396 1.794
0.822 -7.998 0.607
1.502 -8.570 -3.134
-0.596 -11.741 -3.450
-3.793 -10.621 -1.649
-3.685 -7.355 -3.664
-3.136 -9.109 -7.004
-5.674 -11.841 -6.254
-8.365 -9.215 -5.596
-8.017 -7.856 -9.187
-10.651 -8.700 -11.782
-9.224 -10.364 -15.006
-9.575 -7.240 -17.057
-7.321 -5.282 -14.599
-4.476 -7.818 -14.713
