12.924 41.112 -52.354
15.604 41.992 -49.796
13.574 40.473 -46.960
13.604 37.045 -48.647
17.393 37.206 -49.059
17.882 38.626 -45.523
15.849 35.853 -43.892
18.159 33.354 -45.667
21.548 34.943 -45.026
21.446 36.170 -41.402
21.758 34.302 -38.093
18.623 34.312 -35.928
18.856 35.629 -32.353
16.241 37.192 -30.074
17.463 39.468 -27.275
15.918 40.231 -23.912
16.244 44.012 -24.371
13.359 43.772 -26.914
10.895 42.077 -24.487
9.194 42.808 -21.161
9.512 39.241 -19.764
11.902 36.351 -20.177
9.047 34.119 -21.433
8.288 36.627 -24.244
11.921 36.484 -25.385
12.010 32.654 -25.084
8.839 32.350 -27.182
10.342 34.610 -29.897
13.667 32.740 -30.010
14.352 30.222 -32.800
18.174 29.649 -32.752
19.958 32.167 -30.535
18.776 34.000 -27.403
20.893 36.845 -25.983
20.524 38.018 -22.391
21.658 41.663 -22.891
20.022 43.376 -19.899
19.807 42.497 -16.223
16.617 40.600 -15.435
14.845 40.604 -12.103
13.014 37.277 -11.671
10.551 36.153 -9.007
11.134 32.881 -7.150
9.527 30.069 -9.126
9.337 32.054 -12.350
9.100 29.383 -15.076
10.167 29.689 -18.715
8.901 27.254 -21.405
11.367 27.021 -24.301
8.963 25.067 -26.548
11.261 22.095 -27.193
13.548 24.396 -29.190
17.299 23.747 -29.501
18.528 27.110 -28.278
21.969 28.662 -27.890
21.508 30.997 -24.942
24.292 33.586 -24.561
24.313 35.590 -21.300
25.925 39.050 -21.052
23.957 40.276 -18.022
22.609 39.090 -14.643
19.598 37.114 -13.499
18.734 38.817 -10.191
16.493 37.270 -7.525
16.239 35.143 -4.418
14.845 31.664 -5.193
14.672 29.647 -8.382
14.545 30.689 -12.026
13.112 27.574 -13.692
13.952 26.621 -17.289
11.784 23.923 -18.904
11.285 22.253 -22.286
14.706 22.979 -23.745
15.552 20.814 -26.757
18.391 18.297 -26.705
21.605 20.107 -27.572
20.637 23.411 -25.964
23.477 25.391 -24.385
23.486 28.204 -21.808
26.721 30.233 -21.621
27.951 32.880 -19.231
24.927 32.873 -16.927
25.344 34.996 -13.765
22.937 34.474 -10.824
22.728 37.010 -7.982
20.490 37.233 -4.898
18.531 40.361 -3.981
19.267 39.769 -0.277
22.664 40.443 1.307
22.742 37.887 4.153
24.826 37.557 7.295
27.858 35.340 6.675
30.575 33.763 8.864
34.239 33.499 7.840
35.843 30.780 10.055
39.463 31.417 8.969
42.079 34.077 9.809
44.095 36.522 7.703
46.919 33.928 7.783
44.487 31.176 6.587
44.349 29.349 9.909
41.008 27.718 10.616
38.992 29.169 13.500
37.478 26.443 15.686
36.286 28.480 18.697
32.573 29.336 18.382
32.961 32.831 19.887
35.771 33.638 17.452
33.573 32.509 14.541
30.647 34.652 15.734
32.989 37.682 15.823
33.547 37.325 12.050
29.911 38.072 11.181
29.323 40.554 8.351
26.640 41.231 5.742
27.989 40.167 2.363
27.066 38.112 -0.686
30.539 36.455 -0.582
33.791 35.914 1.455
32.008 33.560 3.839
28.765 31.622 4.160
25.361 31.638 5.878
25.314 29.414 8.957
23.275 26.232 8.822
22.485 23.545 11.421
25.665 21.615 10.570
27.639 24.576 11.895
26.139 23.873 15.335
28.049 20.557 15.321
31.207 21.888 13.617
31.666 24.785 16.079
30.277 23.503 19.367
28.429 26.164 21.345
27.867 28.399 18.311
24.102 27.728 18.302
23.759 29.600 21.617
26.151 32.405 20.646
24.875 33.280 17.132
22.497 36.230 17.001
19.022 35.233 15.786
19.450 37.251 12.554
22.334 34.972 11.543
20.443 31.702 12.089
18.113 29.963 9.673
18.854 32.136 6.647
17.919 30.737 3.249
19.414 32.950 0.508
20.291 31.397 -2.871
19.740 32.588 -6.454
19.314 29.298 -8.323
19.143 28.499 -12.024
16.976 25.363 -12.156
17.002 23.200 -15.280
13.901 21.004 -14.867
13.266 17.687 -16.647
15.528 18.354 -19.626
17.766 16.050 -21.641
21.025 17.121 -23.273
21.415 20.614 -21.839
24.817 22.150 -21.037
25.511 25.105 -18.781
28.943 26.596 -19.597
31.041 29.254 -17.815
28.379 30.000 -15.196
29.077 32.370 -12.310
27.332 34.443 -9.670
26.964 35.676 -6.121
24.930 33.623 -3.597
24.492 31.432 -6.645
23.279 27.869 -7.236
22.684 25.569 -10.207
20.135 22.774 -9.984
19.430 20.057 -12.539
16.200 18.436 -11.333
15.083 15.267 -13.092
17.577 15.750 -15.903
19.637 13.331 -18.009
22.697 13.804 -20.234
23.242 17.290 -18.824
26.551 18.949 -17.980
27.897 21.807 -15.838
31.042 22.763 -17.829
33.877 25.144 -16.934
32.009 26.774 -14.009
33.587 30.245 -13.727
33.975 30.347 -9.955
30.452 31.102 -8.803
30.314 32.182 -5.181
27.736 29.957 -3.449
24.658 30.557 -1.340
22.651 28.466 1.129
22.028 25.478 -1.150
24.533 23.272 -2.985
26.359 25.124 -5.759
25.943 22.376 -8.410
23.291 19.686 -7.874
22.060 16.764 -10.024
18.918 15.620 -8.201
16.901 12.697 -9.645
14.625 11.631 -6.766
11.657 11.411 -9.178
11.530 9.712 -12.562
14.335 7.551 -13.935
17.706 7.331 -12.203
19.942 10.194 -13.387
22.466 9.280 -16.069
24.870 11.214 -18.294
25.137 14.032 -15.733
28.568 15.593 -15.241
30.536 18.411 -13.700
33.442 18.933 -16.184
36.182 21.476 -15.451
35.824 24.793 -13.686
35.635 25.738 -10.044
33.416 27.056 -7.245
33.954 29.038 -4.070
32.150 29.256 -0.723
28.522 28.161 -0.263
26.933 26.954 2.978
26.854 23.301 1.985
28.511 21.102 -0.682
29.980 22.416 -3.949
28.968 19.544 -6.267
26.455 16.854 -5.312
24.438 13.964 -6.728
21.165 12.303 -5.652
19.838 9.065 -7.281
22.242 8.961 -10.251
23.528 5.753 -11.853
26.115 6.095 -14.611
25.642 2.493 -15.779
28.541 0.168 -16.554
29.582 2.853 -19.076
30.317 5.162 -16.074
28.388 7.944 -17.816
28.445 10.694 -15.200
30.267 12.244 -12.262
32.980 14.845 -11.701
36.122 15.284 -13.852
38.654 18.126 -13.783
36.856 20.129 -11.068
38.090 22.396 -8.227
36.100 23.211 -5.055
37.261 25.914 -2.656
35.893 26.538 0.849
32.695 24.520 0.716
30.604 25.145 3.835
30.174 21.369 3.881
32.010 19.148 1.343
33.686 19.586 -2.050
32.063 16.664 -3.858
29.248 14.635 -2.287
27.201 11.604 -3.239
24.206 11.649 -0.898
23.497 8.917 1.650
20.321 7.323 2.919
16.659 8.105 2.349
15.516 11.531 1.129
11.778 11.989 1.130
10.419 8.535 0.440
13.245 7.066 -1.629
16.986 6.508 -2.066
19.411 9.430 -2.611
22.326 7.081 -3.326
24.519 6.888 -6.409
26.258 4.213 -8.487
28.716 3.942 -11.335
30.003 7.548 -11.408
33.458 8.894 -12.154
35.394 11.003 -9.622
38.662 11.840 -11.358
41.305 14.464 -11.904
39.791 16.829 -9.320
40.863 18.982 -6.380
39.114 20.038 -3.165
40.727 22.740 -0.990
39.701 24.087 2.430
36.278 22.459 2.855
34.711 23.074 6.278
33.635 19.424 6.301
35.071 16.897 3.788
36.997 16.894 0.516
35.234 13.971 -1.188
32.268 12.322 0.533
31.534 9.274 -1.641
29.591 7.202 0.882
26.069 5.861 0.190
24.915 4.587 3.627
24.346 6.652 6.734
27.066 6.251 9.365
25.542 7.663 12.588
22.007 6.445 13.412
21.354 4.682 10.070
18.035 3.767 8.477
16.993 0.118 8.982
15.960 -0.084 5.307
16.675 1.353 1.817
13.389 2.205 0.076
14.005 2.422 -3.675
17.383 0.658 -3.415
18.886 -2.741 -2.545
17.602 -4.138 0.759
19.832 -4.594 3.826
19.183 -8.350 3.474
20.967 -8.297 0.105
23.807 -5.864 0.983
24.615 -4.914 4.597
25.173 -1.327 5.637
28.271 0.165 3.931
28.561 -2.836 1.544
26.714 -1.607 -1.543
28.280 -2.372 -4.944
28.728 1.312 -5.681
31.310 0.641 -8.415
32.476 4.273 -8.837
35.595 4.972 -10.897
37.828 6.920 -8.496
41.326 8.093 -9.538
43.766 11.032 -9.349
42.221 13.141 -6.581
43.875 15.852 -4.442
42.563 17.306 -1.161
44.268 19.992 0.947
43.185 21.903 4.028
39.958 20.186 5.127
38.627 21.088 8.570
36.877 17.711 8.427
37.899 14.522 6.597
39.907 14.639 3.351
38.482 11.576 1.616
35.582 9.440 2.780
33.658 6.564 1.263
31.883 3.271 1.859
31.041 0.271 -0.296
32.219 -3.277 -1.103
34.401 -4.420 -4.064
35.760 -0.928 -4.743
39.040 -0.063 -6.544
40.554 3.331 -5.667
43.809 4.776 -6.977
46.143 7.728 -6.843
44.668 9.727 -3.964
46.662 12.536 -2.327
45.466 14.216 0.927
47.465 16.907 2.762
47.070 19.153 5.798
43.619 18.197 7.094
42.362 18.825 10.620
40.380 15.558 10.703
41.287 12.147 9.253
42.952 12.132 5.843
40.775 9.134 4.903
37.719 7.515 6.528
37.007 4.311 4.650
33.960 2.211 5.624
34.844 -0.263 2.895
35.070 -4.056 2.576
36.803 -6.318 0.005
38.205 -3.144 -1.587
41.622 -2.222 -3.020
43.495 1.071 -2.468
46.577 1.696 -4.655
49.111 4.533 -4.304
47.521 6.488 -1.449
49.296 9.464 0.193
48.009 10.787 3.528
50.330 13.609 4.541
49.941 15.623 7.769
46.257 14.990 8.588
44.223 14.782 11.836
46.268 17.857 12.758
43.587 18.943 15.310
42.956 15.454 16.795
39.295 15.454 15.769
39.311 11.732 14.948
41.034 8.693 16.351
43.431 8.396 13.408
44.759 9.808 10.095
43.425 6.902 8.006
40.730 4.449 9.128
39.539 1.337 7.244
36.769 -0.737 8.788
36.557 -3.860 6.597
38.871 -6.401 5.036
40.711 -4.385 2.414
44.045 -4.224 0.627
46.339 -1.183 0.574
49.207 -1.259 -1.955
51.370 1.836 -1.432
50.666 4.201 1.474
52.685 7.361 2.141
52.408 8.602 5.733
53.759 11.674 7.531
54.960 15.010 6.169
56.585 17.402 8.651
54.041 17.540 11.523
54.484 15.886 14.891
51.821 14.163 16.958
52.012 14.837 20.723
49.255 12.482 21.920
48.441 8.796 21.573
46.313 8.738 18.398
46.995 6.090 15.736
48.228 7.031 12.265
46.592 4.077 10.427
43.888 1.921 12.033
42.902 -0.681 9.469
42.542 -3.732 11.705
41.108 -6.106 9.029
43.327 -4.916 6.184
46.524 -6.197 4.601
49.011 -3.461 3.714
52.313 -3.216 1.785
54.534 -0.296 0.794
54.380 2.230 3.603
56.833 5.111 3.219
57.494 8.004 5.592
58.596 8.813 9.113
55.653 7.016 10.729
55.881 6.155 14.413
55.574 2.339 14.171
53.578 2.171 17.437
50.851 4.142 15.580
50.327 1.485 12.878
47.518 -1.059 13.353
46.774 -3.441 10.476
45.859 -7.145 10.085
49.087 -7.902 8.150
52.024 -5.749 6.907
54.535 -7.219 4.424
57.174 -6.519 1.765
57.221 -9.927 0.041
58.977 -8.824 -3.150
61.980 -6.685 -2.267
65.365 -7.327 -3.935
68.792 -7.373 -2.337
68.652 -4.651 0.339
70.949 -1.985 1.778
70.202 0.035 4.946
71.993 3.404 4.665
72.399 5.357 7.905
73.025 9.108 8.142
73.597 11.206 11.281
74.353 8.216 13.523
77.401 6.113 14.486
75.366 2.991 13.630
72.998 1.478 11.066
70.050 -0.722 12.070
67.651 -3.341 10.785
65.090 -3.749 13.580
62.258 -6.233 14.204
59.017 -5.474 16.083
56.382 -8.090 16.971
53.267 -5.994 17.588
51.547 -8.810 19.542
54.463 -8.649 22.037
54.827 -4.857 22.098
53.753 -2.046 19.785
56.342 0.306 21.355
59.548 -1.748 21.780
61.651 -3.476 19.126
62.020 -7.207 19.946
65.382 -7.735 18.197
67.874 -6.060 15.881
70.777 -6.375 13.517
73.144 -3.410 14.024
76.417 -2.187 12.585
78.379 0.201 14.864
81.524 2.274 14.251
84.706 1.114 16.007
86.679 4.209 16.977
85.840 7.112 14.660
85.056 8.152 11.080
87.381 6.686 8.435
88.629 3.917 10.787
87.558 1.298 8.283
86.198 -0.776 11.179
82.736 -1.613 12.568
81.086 -4.260 14.726
77.952 -6.191 13.903
75.465 -7.023 16.634
72.503 -9.391 16.844
70.190 -8.598 19.752
67.047 -9.722 21.589
64.709 -8.084 24.114
64.460 -9.332 27.721
62.584 -7.779 30.654
61.127 -5.195 28.267
64.645 -3.798 27.741
65.443 -3.605 24.041
68.810 -5.041 23.011
69.235 -6.670 26.452
70.998 -9.785 25.133
73.432 -9.745 22.215
76.055 -11.486 20.120
78.788 -9.316 18.584
81.253 -9.704 15.724
84.425 -7.510 15.644
83.822 -5.306 18.716
86.841 -2.977 19.163
88.203 -4.428 15.898
89.093 -7.623 17.790
88.196 -9.875 14.809
86.263 -12.238 17.131
82.707 -13.168 18.108
81.464 -12.217 21.584
78.974 -14.854 22.661
76.368 -14.457 25.448
75.995 -17.279 27.992
73.254 -18.188 30.470
74.347 -16.450 33.714
73.445 -19.428 35.940
72.716 -23.173 35.591
70.677 -23.658 32.394
67.429 -25.597 32.691
66.882 -28.587 30.342
64.139 -26.752 28.448
66.383 -23.769 27.565
67.866 -25.630 24.595
65.679 -25.823 21.473
67.273 -27.897 18.693
69.206 -31.149 18.361
72.924 -30.985 17.531
73.234 -27.631 19.329
74.916 -26.433 22.526
74.107 -23.666 25.001
76.903 -22.243 27.184
76.135 -21.460 30.820
77.915 -20.283 33.951
78.935 -22.475 36.902
79.932 -19.896 39.503
81.030 -22.432 42.149
83.976 -23.498 39.959
84.536 -20.417 37.739
83.684 -22.534 34.711
81.629 -22.372 31.561
79.498 -25.454 30.960
77.564 -26.482 27.828
74.050 -27.850 27.817
74.171 -30.135 24.779
71.257 -31.541 22.840
72.993 -34.372 21.028
72.271 -35.313 17.417
69.931 -38.055 18.757
67.923 -35.462 20.777
69.155 -36.557 24.209
70.621 -34.056 26.673
74.093 -34.086 28.206
76.012 -31.506 30.260
79.676 -30.883 29.439
82.525 -28.687 30.711
83.291 -25.992 28.120
85.902 -23.671 29.669
87.982 -23.921 32.853
90.549 -22.081 34.968
86.805 -26.725 26.703
