20.520 46.489 4.289
21.217 47.209 7.959
20.548 49.829 10.670
22.435 51.733 13.368
21.648 49.612 16.444
23.819 51.455 18.927
26.651 53.956 19.060
29.420 55.196 21.334
30.314 58.696 22.450
33.919 58.984 23.693
33.756 55.207 24.144
30.507 55.269 26.158
27.666 52.952 25.031
24.308 54.343 23.869
21.317 52.238 22.816
19.957 52.850 19.290
16.634 51.946 17.719
16.405 48.251 16.825
13.840 46.402 14.722
12.632 44.381 17.787
11.194 47.612 19.237
8.950 48.084 16.192
7.393 44.700 16.955
7.197 45.482 20.693
5.148 48.543 19.732
2.833 46.517 17.455
2.242 43.991 20.255
1.996 46.218 23.337
1.752 49.841 22.121
5.034 50.808 23.827
8.826 50.184 23.520
12.079 51.263 25.310
12.916 54.979 25.288
16.035 55.499 23.154
18.013 58.225 21.332
17.741 56.493 17.931
14.710 57.424 15.825
11.780 55.061 15.376
11.434 53.905 11.742
9.247 51.394 9.902
11.403 49.762 7.195
10.983 46.172 8.385
13.884 44.756 6.315
16.381 47.453 7.214
16.082 48.609 3.553
16.551 51.938 1.797
15.034 55.191 0.447
15.235 55.567 -3.370
15.871 58.630 -5.596
12.132 58.751 -6.433
11.689 59.520 -2.707
14.301 62.332 -2.453
11.585 65.026 -2.068
9.457 63.056 0.458
9.427 63.043 4.279
10.957 59.547 4.251
14.359 60.990 3.156
14.682 62.958 6.406
15.207 60.068 8.881
14.000 57.006 6.910
10.566 55.354 6.601
7.715 56.897 8.664
10.382 58.000 11.141
9.724 59.695 14.474
12.133 61.259 16.981
13.635 59.083 19.736
11.817 59.581 23.050
15.068 60.676 24.767
18.394 62.292 23.791
22.029 61.228 24.196
24.626 63.897 25.026
28.189 64.738 24.024
30.801 67.471 24.378
31.684 69.334 21.172
34.774 67.659 19.688
33.620 64.202 20.803
33.764 61.223 18.451
30.608 59.297 17.703
31.046 55.736 16.496
27.974 54.468 14.694
27.605 50.685 14.925
25.729 49.127 12.029
24.104 45.695 12.255
22.983 43.121 13.160
24.830 41.462 10.240
27.956 42.419 8.281
27.277 45.372 5.949
26.485 43.895 2.412
27.388 46.795 0.192
31.063 47.558 -0.640
30.337 50.335 -3.185
29.504 53.920 -2.230
30.180 56.998 -0.092
29.321 57.748 3.547
28.026 61.154 4.715
26.840 62.567 8.082
24.788 65.710 8.757
23.650 67.653 11.836
20.581 69.822 12.469
19.513 71.931 15.459
16.089 71.549 17.115
13.809 74.334 18.262
12.907 72.970 21.688
13.547 69.314 22.546
14.524 67.010 19.654
12.140 64.435 21.189
9.148 66.457 19.927
10.600 68.203 16.851
8.808 68.432 13.494
11.329 66.521 11.316
10.190 68.344 8.170
11.491 71.674 9.527
14.994 70.351 10.227
17.815 71.934 8.179
20.950 69.873 7.702
24.626 70.777 7.677
27.201 68.279 6.325
29.887 67.471 8.936
31.462 64.327 7.399
31.891 62.852 3.917
33.988 60.023 2.463
33.998 58.618 -1.069
36.449 56.514 -3.134
40.237 56.412 -2.700
41.322 57.071 -6.316
44.622 55.175 -5.925
43.109 51.979 -4.449
39.581 52.276 -6.010
38.210 51.298 -2.562
35.037 52.979 -1.252
34.242 54.240 2.243
31.607 51.466 2.531
34.293 48.785 2.053
36.220 50.510 4.865
33.074 50.268 7.025
32.894 46.490 6.442
36.624 46.175 7.276
36.187 48.188 10.526
33.559 45.815 11.971
30.532 47.820 10.797
31.735 50.916 12.715
32.044 54.492 11.401
33.664 57.367 13.344
32.270 60.897 13.058
33.724 63.892 14.936
31.319 66.483 16.402
32.927 69.825 15.314
34.824 71.399 18.250
33.324 74.830 17.568
29.676 73.718 17.681
27.755 75.644 20.351
25.676 73.802 22.990
22.166 72.852 21.881
19.735 70.084 21.071
20.729 68.418 17.774
19.905 65.497 15.513
22.682 63.649 13.672
21.763 62.046 10.324
24.278 59.333 9.370
23.853 57.934 5.838
25.255 55.226 3.554
24.636 55.673 -0.155
25.065 52.116 -1.553
26.010 52.534 -5.177
26.165 48.980 -6.695
23.037 49.895 -8.717
23.819 53.581 -9.313
24.380 53.298 -13.102
20.555 53.123 -13.564
17.957 55.827 -12.879
16.519 55.299 -9.381
19.342 52.818 -8.620
21.185 54.545 -5.743
20.142 53.154 -2.344
20.077 55.634 0.594
20.283 54.391 4.210
19.760 57.440 6.504
19.714 56.953 10.269
18.932 59.680 12.809
20.005 59.937 16.481
19.206 62.649 19.092
22.460 63.964 20.533
22.529 67.148 22.578
25.850 69.012 22.531
27.621 70.578 25.540
31.005 72.201 26.142
33.060 75.119 24.898
32.075 75.608 21.248
30.749 79.063 20.378
29.627 78.829 16.707
26.001 78.590 15.579
25.066 76.074 12.892
24.493 77.899 9.574
21.242 77.863 7.592
21.865 74.395 6.086
19.582 72.466 3.712
16.133 70.761 4.035
16.618 66.957 3.663
14.261 67.063 0.649
16.788 69.320 -1.148
19.951 67.253 -0.445
19.895 65.101 -3.593
18.398 64.840 -7.107
18.086 61.533 -9.082
20.430 62.934 -11.782
23.230 64.298 -9.579
26.715 63.209 -10.771
27.475 61.117 -7.634
23.949 59.681 -7.512
23.746 58.470 -11.136
27.130 57.072 -12.242
28.913 53.891 -13.252
30.646 52.145 -10.301
32.056 49.329 -12.471
34.806 51.262 -14.224
38.007 53.000 -13.055
37.042 56.319 -11.404
39.459 59.258 -11.382
37.028 61.932 -10.208
33.904 61.569 -8.012
31.539 64.287 -6.710
30.257 63.165 -3.305
26.508 64.005 -3.238
24.903 66.648 -1.002
25.839 70.205 -0.004
29.295 71.439 1.026
31.174 70.133 4.064
31.076 72.510 7.034
