14.819 32.364 19.213
12.054 31.601 21.742
9.283 33.556 20.117
6.545 30.982 20.174
6.032 27.364 19.000
7.503 27.881 15.535
10.771 29.000 17.113
10.819 25.866 19.310
10.499 23.623 16.262
13.083 25.432 14.173
15.592 25.490 17.057
15.084 21.826 17.920
15.977 20.811 14.381
18.802 23.362 14.145
20.258 21.852 17.298
20.159 18.372 15.770
21.924 19.384 12.565
24.445 21.369 14.638
25.133 18.406 16.904
24.609 15.696 14.301
28.147 14.203 14.531
27.708 13.388 18.226
23.967 12.809 17.949
24.521 10.159 15.249
26.842 8.210 17.487
24.599 8.359 20.490
21.623 7.349 18.391
23.571 4.198 17.384
25.100 3.380 20.760
23.185 4.925 23.663
19.688 5.883 22.452
18.083 6.085 25.928
20.519 8.888 26.703
19.778 10.663 23.452
16.000 10.344 23.887
16.257 11.599 27.448
18.120 14.773 26.526
16.562 17.800 28.208
16.907 19.679 24.899
13.865 17.756 23.552
11.597 19.055 26.333
10.486 22.213 24.374
9.480 20.191 21.284
7.737 17.741 23.563
5.570 20.492 25.050
4.090 20.993 21.568
3.268 17.318 21.077
-0.376 16.565 22.062
-0.312 15.220 25.632
-2.773 12.409 24.890
-0.562 10.802 22.234
3.075 11.734 22.996
3.835 8.346 24.461
2.434 6.389 21.563
4.300 8.557 19.116
7.475 7.842 21.053
6.830 4.092 21.299
6.251 4.158 17.552
9.371 6.155 16.709
11.557 4.167 19.115
10.449 1.008 17.323
11.240 2.443 13.865
14.683 3.519 14.977
15.384 -0.003 16.283
14.266 -1.443 12.963
16.794 0.852 11.292
19.517 -0.273 13.646
18.669 -3.966 13.048
18.289 -3.810 9.264
21.768 -3.433 7.751
22.169 -0.815 5.076
18.985 1.141 5.851
20.498 4.144 7.634
18.585 7.322 6.734
19.908 10.536 8.266
17.000 12.795 7.477
14.430 10.267 8.840
16.424 9.989 12.020
16.625 13.802 12.319
12.902 14.305 11.555
11.555 11.722 13.952
14.063 12.117 16.812
12.240 14.699 18.869
9.209 12.421 18.997
11.263 9.682 20.615
11.761 11.924 23.702
8.456 10.953 25.425
8.189 7.954 27.779
7.081 5.267 25.335
3.629 3.673 25.211
3.024 0.762 22.879
0.212 0.289 20.470
-0.400 -1.538 17.209
-1.302 1.739 15.538
0.500 2.919 12.420
1.062 6.623 11.964
1.508 8.312 8.693
1.870 11.654 10.400
2.979 13.016 13.725
1.359 16.176 14.994
2.873 19.173 16.788
0.569 21.972 18.058
1.433 25.404 16.725
-0.868 28.169 18.075
-3.949 25.922 18.243
-3.227 24.398 14.803
-2.247 20.733 14.598
0.717 20.581 12.233
1.533 17.286 10.480
5.060 16.021 10.284
4.715 13.317 7.662
6.611 10.111 8.495
7.529 9.499 4.904
8.726 12.543 2.993
8.388 16.325 3.224
5.640 18.353 4.888
4.887 22.006 5.641
6.705 21.587 8.955
9.703 19.492 7.780
11.048 20.083 4.299
14.344 18.646 3.197
15.892 19.540 -0.135
17.938 16.572 -1.308
20.111 18.611 -3.730
21.018 21.603 -1.564
20.866 19.418 1.566
18.938 22.259 3.177
16.405 21.552 5.917
13.654 24.133 6.127
11.288 24.113 9.084
8.056 26.149 8.692
9.827 28.355 6.206
13.038 28.914 8.233
16.428 27.460 7.383
17.478 24.897 10.022
20.808 24.362 8.236
22.367 22.048 5.712
23.126 18.397 6.337
26.719 17.369 5.812
26.913 14.160 3.834
