3.515 20.406 13.596
6.513 18.526 12.165
6.321 14.752 12.738
9.572 12.819 12.372
9.871 9.032 12.386
13.492 7.971 12.685
14.744 4.686 11.296
17.101 3.235 13.909
19.692 0.706 12.699
22.085 2.426 10.307
20.454 5.843 10.870
20.550 6.632 14.626
22.817 3.672 15.473
26.068 3.073 13.618
25.965 -0.511 12.253
29.446 -0.198 10.628
30.923 -2.039 13.605
29.216 -5.427 13.001
29.977 -7.878 10.169
28.442 -6.362 7.030
27.523 -9.752 5.524
25.604 -10.377 8.750
23.715 -7.034 8.566
22.774 -7.750 4.915
21.651 -11.320 5.728
19.599 -10.030 8.682
17.894 -7.557 6.264
17.500 -10.219 3.559
15.614 -12.502 6.004
13.263 -9.652 6.955
12.431 -9.183 3.254
12.054 -12.865 2.344
9.783 -13.588 5.326
7.639 -10.529 4.522
7.212 -11.627 0.874
6.079 -15.085 2.018
3.682 -13.767 4.704
5.772 -15.393 7.435
6.856 -13.770 10.694
9.864 -14.361 12.958
10.836 -11.986 15.832
13.690 -9.624 14.915
15.994 -10.814 17.757
15.647 -14.376 16.511
16.318 -13.320 12.872
19.436 -11.567 14.254
20.746 -14.684 16.098
20.009 -17.084 13.190
21.585 -14.903 10.446
24.667 -14.053 12.569
25.317 -17.715 13.429
24.936 -18.759 9.758
27.327 -16.039 8.512
29.905 -16.989 11.182
29.641 -20.698 10.252
30.277 -19.841 6.582
33.466 -17.931 7.643
34.628 -20.662 10.060
34.183 -18.161 12.895
31.317 -19.677 14.912
33.570 -19.551 18.015
33.155 -15.732 17.920
29.376 -15.838 18.163
28.977 -14.231 21.605
31.519 -11.495 20.956
29.933 -10.698 17.561
26.375 -10.671 19.004
27.626 -8.407 21.801
28.711 -5.841 19.153
25.078 -5.784 17.966
23.839 -5.484 21.551
26.252 -2.550 22.104
25.780 -0.407 18.937
26.858 3.229 19.414
24.815 6.140 18.138
26.438 8.494 15.591
28.030 11.543 17.306
25.716 13.995 15.517
22.610 12.293 17.033
23.188 14.700 19.977
21.174 17.116 17.797
18.083 15.083 18.663
18.021 17.392 21.699
17.522 20.549 19.587
15.265 18.694 17.127
12.930 17.388 19.869
12.336 21.029 20.907
10.756 21.928 17.520
9.589 18.565 16.092
7.678 15.490 17.306
10.362 12.781 17.514
9.428 9.096 17.017
11.293 5.878 16.332
9.999 3.498 13.657
12.091 0.351 13.386
12.260 -3.308 12.337
13.507 -3.876 15.919
11.133 -4.666 18.809
10.039 -1.727 21.023
12.018 -3.160 23.954
15.237 -3.594 21.961
15.038 -0.102 20.445
14.308 1.423 23.877
17.370 -0.294 25.334
19.671 0.916 22.539
18.398 4.505 22.774
18.613 4.582 26.572
22.165 3.145 26.674
23.087 5.922 24.202
21.358 8.598 26.294
18.845 9.374 23.518
15.546 7.857 24.722
14.739 11.090 26.622
14.174 12.819 23.252
11.613 10.385 21.841
7.876 10.744 22.337
7.076 7.242 21.087
8.651 4.032 19.811
7.058 1.980 17.060
7.996 -1.438 15.747
7.264 -3.424 12.610
6.671 -6.352 15.000
3.230 -4.742 15.659
2.156 -5.588 12.087
4.198 -8.834 11.691
5.687 -7.505 8.423
9.038 -5.772 8.055
10.091 -2.626 6.154
9.456 -1.590 3.373
5.951 -3.100 3.841
3.450 -0.241 3.605
1.741 -1.641 6.752
4.696 -0.567 8.894
4.528 3.086 7.912
0.716 3.158 7.976
0.657 1.613 11.484
2.767 4.527 12.668
0.603 7.182 10.976
-2.643 5.593 12.226
-1.335 5.090 15.787
-0.576 8.791 16.305
-3.448 10.024 14.072
-1.098 11.712 11.601
-1.760 12.516 7.962
1.672 13.821 7.026
4.994 12.801 8.561
8.651 12.503 7.541
10.536 9.245 7.687
14.216 9.981 8.484
16.581 7.256 7.199
20.049 6.450 5.905
18.583 3.331 4.253
17.477 3.621 0.630
14.826 0.882 1.015
13.252 2.793 3.867
13.170 6.002 1.831
11.189 4.349 -0.962
9.017 2.329 1.476
8.012 5.621 3.178
7.135 7.290 -0.125
5.183 4.203 -1.304
3.144 4.290 1.947
2.335 8.012 1.841
5.040 9.446 4.087
7.516 12.084 3.062
11.174 11.041 3.249
14.410 12.644 4.459
17.489 10.721 3.333
20.542 11.103 5.620
23.581 10.464 3.410
26.657 10.242 5.654
29.336 8.436 3.657
28.406 10.813 0.805
27.528 7.936 -1.468
26.351 7.620 -5.047
22.541 7.360 -4.959
21.002 3.836 -4.825
18.434 4.242 -7.599
15.549 2.449 -5.823
15.728 5.122 -3.110
16.706 7.864 -5.560
13.747 10.215 -4.976
13.731 11.356 -1.330
11.921 14.619 -0.556
14.991 15.982 1.244
18.647 14.993 1.394
20.880 15.950 4.333
24.403 14.777 5.291
23.825 14.379 9.025
21.626 15.329 12.002
23.071 18.838 12.252
21.997 19.511 8.682
18.687 17.804 9.519
18.185 20.244 12.415
19.040 23.182 10.165
16.516 22.012 7.535
13.819 21.681 10.213
14.567 25.234 11.432
13.968 26.448 7.863
10.765 24.401 7.455
9.228 25.368 10.802
