8.226 29.111 22.753
7.278 25.634 21.572
10.095 23.994 19.667
8.558 20.897 18.066
10.575 18.795 15.637
13.768 17.217 16.076
12.453 16.117 12.662
14.079 12.745 12.841
14.033 10.246 10.041
15.154 6.673 10.638
15.736 3.871 8.136
15.228 0.317 9.436
16.973 -2.424 7.464
16.703 -6.235 7.361
18.784 -8.184 4.850
20.247 -11.525 3.767
23.730 -12.585 4.856
26.433 -10.945 2.739
24.288 -8.062 1.400
26.686 -5.319 0.214
26.760 -1.685 1.334
26.281 -0.787 -2.357
23.105 -2.899 -2.586
21.718 -1.539 0.663
22.516 2.041 -0.390
20.684 1.658 -3.745
17.605 0.261 -2.072
17.745 2.927 0.644
17.991 5.680 -2.011
14.996 4.246 -3.857
12.943 3.989 -0.662
13.778 7.553 0.350
12.923 8.797 -3.186
9.452 7.263 -3.061
8.797 9.377 0.014
10.452 12.537 -1.304
13.219 12.282 1.287
16.912 12.824 0.532
19.684 10.653 1.954
20.914 13.948 3.466
17.828 13.915 5.707
18.461 10.535 7.336
19.500 10.671 10.982
20.381 7.005 11.632
20.032 3.424 10.482
18.458 0.700 12.646
18.452 -3.083 12.600
18.214 -6.081 14.873
21.012 -7.177 17.147
22.090 -10.784 17.165
25.033 -12.990 16.572
25.680 -12.533 12.815
28.424 -10.018 11.937
27.076 -6.968 10.123
29.829 -5.603 7.760
27.462 -4.387 4.952
25.499 -2.307 7.495
28.586 -1.018 9.190
30.076 -0.006 5.820
26.819 1.753 4.906
26.923 3.658 8.192
30.493 4.734 7.401
29.533 5.878 3.887
26.679 7.937 5.323
28.781 9.244 8.226
25.695 8.386 10.306
25.196 5.798 13.007
23.710 2.293 12.826
21.999 0.969 15.957
21.297 -2.676 16.580
18.282 -3.183 18.801
17.366 -6.121 21.028
14.840 -8.571 19.556
12.739 -8.080 22.720
12.657 -4.338 22.032
11.477 -4.862 18.420
8.715 -7.157 19.696
7.077 -4.177 21.467
6.148 -2.884 17.958
4.458 -6.045 16.614
0.927 -4.548 16.835
2.016 -1.603 14.692
3.790 -3.389 11.841
2.536 -3.146 8.275
4.364 -5.910 6.361
4.845 -9.246 8.213
7.770 -11.420 7.044
7.848 -15.213 7.381
11.684 -15.286 7.288
11.976 -12.506 9.919
9.412 -14.120 12.210
11.106 -17.562 11.971
14.632 -16.232 12.493
14.145 -13.387 14.980
10.700 -13.554 16.655
9.917 -10.173 15.062
7.539 -9.944 12.056
9.493 -7.195 10.270
12.996 -6.192 11.241
12.969 -3.127 8.979
9.627 -1.779 10.185
10.126 -2.603 13.893
13.718 -1.311 14.028
12.728 1.959 12.347
9.900 2.619 14.819
11.958 1.478 17.858
14.965 3.661 17.175
12.882 6.721 16.213
10.972 6.568 19.519
14.152 6.050 21.575
16.066 8.941 20.040
12.946 11.144 19.828
11.181 10.406 23.116
7.697 10.282 21.643
5.531 8.391 19.163
6.899 7.561 15.747
5.026 6.505 12.581
6.131 4.568 9.553
6.079 6.627 6.338
4.724 3.588 4.540
5.074 -0.140 4.157
8.680 -1.371 3.804
10.231 -1.578 0.335
11.647 -5.016 -0.442
13.787 -6.897 -2.921
14.969 -10.476 -2.641
17.991 -9.614 -0.491
16.826 -6.691 1.705
13.918 -4.651 3.065
13.984 -1.010 4.134
11.408 1.002 6.101
11.293 4.650 7.140
9.977 6.111 10.373
9.492 9.719 11.406
8.899 11.381 14.757
5.203 12.246 14.668
4.675 15.810 15.896
2.317 16.956 14.562
0.147 19.623 16.201
