-0.063 0.943 14.408
-1.877 -1.908 12.654
0.861 -2.665 10.152
3.214 -2.508 13.119
1.015 -5.136 14.782
0.684 -7.233 11.620
4.446 -7.015 11.109
4.504 -7.701 14.832
2.735 -10.991 14.156
5.006 -11.845 11.232
8.015 -11.396 13.505
6.469 -13.688 16.137
5.806 -16.318 13.477
9.422 -16.255 12.314
10.612 -16.495 15.943
8.396 -19.592 16.222
10.106 -21.309 13.290
7.744 -20.331 10.477
8.586 -18.661 7.225
5.749 -16.154 6.923
4.563 -13.439 4.571
1.931 -10.732 4.524
-0.382 -10.914 1.534
-0.462 -7.932 -0.812
-3.865 -6.460 -1.606
-5.563 -8.965 0.686
-8.628 -6.724 0.522
-9.086 -5.646 -3.087
-8.139 -9.061 -4.478
-10.363 -11.027 -6.917
-9.234 -14.316 -5.375
-9.828 -15.763 -1.939
-6.931 -14.752 0.263
-5.875 -14.500 3.872
-3.856 -11.740 5.484
-0.804 -13.856 6.289
0.508 -17.167 4.982
3.039 -19.178 6.970
4.781 -22.524 6.759
7.547 -24.541 8.370
7.599 -27.583 6.064
5.100 -29.515 8.188
2.448 -27.030 9.287
0.969 -24.498 6.848
-1.232 -21.624 7.994
-3.683 -19.275 6.279
-4.369 -16.515 8.789
-6.965 -13.749 8.982
-5.563 -11.060 11.267
-7.748 -9.045 13.645
-7.049 -6.475 16.339
-9.765 -5.379 18.797
-9.695 -3.031 21.788
-12.012 -5.421 23.607
-14.038 -8.546 22.997
-16.006 -9.711 21.177
-14.635 -10.170 17.699
-17.241 -10.431 14.919
-16.319 -11.654 11.418
-18.576 -11.918 8.408
-19.632 -15.224 6.916
-17.988 -14.160 3.662
-14.631 -13.433 5.235
-14.544 -16.814 6.933
-15.774 -18.692 3.832
-13.096 -17.027 1.702
-10.428 -17.978 4.265
-11.543 -21.622 4.293
-11.677 -21.782 0.496
-8.151 -20.402 0.241
-6.852 -22.785 2.897
-8.421 -25.799 1.200
-6.958 -24.831 -2.179
-3.515 -23.991 -0.805
-3.058 -26.889 1.612
-3.133 -24.933 4.864
-5.034 -24.720 8.113
-7.433 -21.784 8.413
-6.918 -19.609 11.489
-8.024 -16.306 12.921
-5.297 -14.501 14.846
-6.734 -12.017 17.341
-4.872 -9.392 19.365
-6.277 -7.531 22.376
-4.399 -4.553 23.877
-2.628 -6.321 26.754
-2.508 -9.809 25.249
-0.156 -11.739 23.058
-1.530 -12.912 19.744
-4.029 -15.739 20.145
-4.911 -18.221 17.386
-8.305 -19.740 16.663
-8.856 -22.506 14.161
-11.997 -21.746 12.207
-13.900 -24.578 13.882
-13.476 -22.788 17.214
-15.427 -19.762 15.989
-19.013 -19.426 17.149
-21.805 -19.031 14.671
-24.479 -16.424 14.960
-27.335 -16.529 12.475
-25.298 -14.484 10.005
-21.745 -13.952 11.300
-18.987 -15.656 13.296
-17.840 -14.474 16.715
-15.172 -14.891 19.390
-16.445 -13.791 22.797
-15.226 -14.261 26.370
-16.375 -17.848 26.557
-14.209 -18.842 23.577
-11.254 -16.487 23.800
-9.597 -18.465 26.654
-9.556 -21.554 24.425
-7.350 -19.807 21.855
-3.880 -21.086 21.137
-0.438 -19.622 21.491
1.740 -19.819 18.405
3.887 -22.629 19.851
0.709 -24.652 20.372
-0.254 -24.034 16.748
3.113 -25.442 15.613
2.917 -28.342 18.077
-0.370 -29.720 16.730
1.528 -31.560 14.013
3.191 -33.752 16.647
-0.155 -34.066 18.418
