5.036 -18.714 16.016
3.594 -17.465 12.703
5.324 -16.610 9.419
4.504 -13.443 7.461
2.147 -15.518 5.292
0.427 -17.059 8.321
-0.095 -13.544 9.771
-1.358 -12.050 6.519
-3.681 -15.038 5.961
-4.643 -14.881 9.654
-5.606 -11.201 9.268
-7.830 -11.680 6.206
-9.417 -15.016 7.205
-9.662 -13.582 10.724
-11.517 -10.553 9.410
-14.035 -12.811 7.626
-14.440 -15.080 10.669
-15.037 -12.009 12.901
-17.640 -10.627 10.438
-19.494 -13.951 10.226
-19.374 -14.633 13.962
-20.384 -11.101 14.962
-23.138 -10.772 12.327
-25.379 -13.167 14.273
-25.449 -10.680 17.170
-25.285 -7.332 15.300
-27.800 -4.795 16.791
-28.227 -6.863 19.980
-27.203 -5.572 23.404
-24.691 -7.435 25.620
-27.670 -8.327 27.835
-29.860 -9.553 24.957
-27.038 -11.787 23.782
-26.542 -13.172 27.319
-30.251 -13.959 27.651
-30.566 -15.584 24.221
-27.142 -17.241 23.773
-25.371 -17.232 27.155
-22.092 -16.737 25.308
-22.318 -16.588 21.509
-19.357 -18.636 20.277
-20.203 -20.666 17.144
-21.194 -19.969 13.545
-24.944 -20.383 13.742
-26.059 -17.750 11.203
-29.438 -16.172 11.926
-29.631 -12.734 13.532
-31.397 -9.765 11.938
-29.972 -10.565 8.468
-31.102 -14.226 8.772
-27.706 -15.448 7.653
-26.561 -18.943 6.779
-24.027 -20.364 9.233
-20.665 -18.766 8.462
-22.081 -16.170 6.047
-20.065 -12.944 5.765
-21.445 -9.418 5.216
-20.185 -6.039 3.928
-16.996 -5.923 6.054
-15.595 -8.861 4.106
-17.170 -8.113 0.723
-15.976 -4.497 0.614
-12.521 -5.647 1.729
-12.577 -8.173 -1.133
-13.730 -5.491 -3.586
-10.798 -3.248 -2.565
-8.233 -6.068 -2.679
-9.546 -7.156 -6.087
-8.696 -3.721 -7.510
-5.297 -3.565 -5.785
-4.385 -7.020 -7.128
-5.774 -6.428 -10.643
-4.033 -3.050 -11.128
-0.873 -3.720 -9.062
-1.201 -0.232 -7.562
-3.721 2.230 -6.113
-6.263 3.156 -8.786
-8.958 5.077 -6.956
-11.429 5.158 -9.889
-11.038 1.378 -10.278
-11.707 0.904 -6.572
-14.835 3.048 -7.027
-15.848 0.798 -9.934
-15.437 -2.366 -7.833
-17.424 -0.717 -5.018
-20.147 0.181 -7.584
-20.256 -3.399 -8.952
-20.469 -4.599 -5.353
-23.354 -2.229 -4.542
-25.120 -3.451 -7.694
-24.708 -7.122 -6.634
-27.577 -6.862 -4.086
-25.328 -7.343 -1.043
-26.917 -8.672 2.156
-26.081 -5.367 3.882
-24.621 -1.947 3.052
-23.669 1.015 5.244
-25.594 4.257 4.857
-22.477 6.360 4.293
-20.941 3.682 2.071
-24.173 3.693 0.006
-24.206 7.499 -0.268
-20.509 7.663 -1.261
-20.779 4.934 -3.914
-23.926 6.565 -5.306
-22.079 9.913 -5.503
-19.355 8.259 -7.555
-21.850 6.451 -9.817
-23.759 9.635 -10.664
-21.136 12.405 -10.346
-17.955 10.466 -11.165
-16.208 11.961 -8.118
-13.812 9.538 -6.378
-13.596 11.356 -3.067
-16.208 12.468 -0.545
-16.647 15.984 0.762
-16.232 16.388 4.501
-19.386 15.718 6.461
-19.885 15.804 10.234
-21.898 12.580 9.822
-19.085 10.627 8.083
-17.668 9.348 11.409
-19.062 5.804 10.875
-16.756 2.757 10.713
-17.480 1.775 7.072
-14.122 2.981 5.747
-12.059 1.459 8.585
-13.730 -1.959 8.225
-12.172 -2.451 4.776
-8.615 -1.090 5.193
-6.831 -4.473 5.451
-5.982 -4.974 1.769
-4.418 -1.491 1.559
-2.204 -2.386 4.562
-1.261 -5.755 3.043
-0.350 -4.282 -0.366
2.016 -1.695 1.192
4.004 -3.863 3.640
7.143 -3.587 1.475
6.626 0.114 0.660
5.146 1.655 3.879
5.452 5.256 2.605
2.373 4.268 0.551
0.280 3.134 3.548
-1.148 6.573 4.384
-1.977 7.725 0.838
-3.446 4.309 -0.165
-5.518 3.724 2.999
-6.893 7.275 2.952
-7.531 7.219 -0.825
-9.793 4.177 -0.445
-11.392 5.399 2.806
-12.208 8.814 1.347
-14.289 7.235 -1.445
-17.036 7.151 1.185
-15.784 8.719 4.444
-14.071 12.091 4.837
-13.882 12.776 8.567
-10.823 13.273 10.829
-11.929 10.522 13.235
-12.441 8.007 10.394
-9.125 9.090 8.790
-7.301 8.598 12.114
-8.841 5.170 12.795
-7.995 3.864 9.284
-4.404 4.986 9.535
-3.984 3.563 13.051
-5.374 0.158 12.045
-3.196 0.064 8.948
-0.098 0.940 10.958
-0.997 -1.753 13.538
-1.283 -4.361 10.758
2.217 -3.300 9.571
3.653 -3.618 13.097
2.108 -7.057 13.570
3.133 -8.529 10.190
6.537 -6.885 10.504
6.903 -8.737 13.823
6.968 -5.660 16.057
4.213 -7.120 18.158
1.291 -6.018 20.264
3.881 -3.863 22.077
4.236 -1.708 18.943
0.435 -1.535 18.596
0.000 -0.247 22.165
2.305 2.627 21.248
0.252 3.242 18.080
-2.958 3.214 20.119
-1.396 5.718 22.541
-0.643 7.992 19.588
-4.249 7.796 18.334
-5.706 8.581 21.743
-3.295 11.504 22.220
-4.201 13.058 18.861
-7.960 12.396 19.313
-8.933 12.189 22.998
-12.329 10.694 21.940
-10.594 7.320 21.412
-9.623 6.770 25.094
-10.735 3.197 25.828
-9.596 2.419 29.408
-11.611 2.166 31.518
-13.762 0.578 28.811
-17.251 2.108 28.833
-19.209 -0.491 26.808
-20.241 1.497 23.727
-19.945 -0.517 20.535
-22.162 1.154 17.862
-21.051 1.786 14.249
-19.620 5.202 15.286
-15.872 4.882 14.708
-15.149 6.003 18.286
-17.391 3.286 19.822
-15.963 0.776 17.354
-12.318 1.569 17.988
-12.746 1.699 21.799
-14.329 -1.765 21.669
-11.858 -3.315 19.268
-8.768 -1.940 21.002
-10.016 -2.742 24.526
-10.747 -6.398 23.731
-7.592 -6.852 21.571
-5.285 -5.502 24.252
-6.840 -7.412 27.221
-6.919 -10.831 25.483
-4.124 -13.263 24.577
-5.700 -15.531 21.934
-7.629 -15.163 18.688
-10.623 -17.076 19.989
-10.960 -15.163 23.278
-10.441 -11.841 21.518
-13.328 -12.560 19.127
-15.687 -14.105 21.681
-15.254 -11.176 24.086
-15.592 -8.620 21.280
-18.735 -10.023 19.646
-20.510 -10.682 22.977
-20.286 -6.957 23.749
-22.921 -6.610 20.995
-23.719 -3.451 19.076
-22.048 -3.411 15.673
-20.696 -6.893 16.355
-19.775 -8.006 12.810
-17.634 -4.908 12.380
-15.973 -4.883 15.797
-15.646 -8.640 15.252
-14.076 -8.186 11.805
-11.546 -5.607 13.029
-10.679 -7.684 16.115
-10.313 -10.651 13.750
-7.895 -8.689 11.553
-5.745 -7.540 14.453
-5.853 -10.853 16.292
-5.349 -12.855 13.085
-2.299 -10.743 12.302
-0.982 -11.203 15.884
-1.633 -14.929 16.477
-1.585 -16.328 12.899
-4.103 -18.357 10.882
-3.465 -21.553 12.953
-4.960 -19.934 16.049
-8.339 -19.490 14.349
-10.748 -22.201 15.607
-11.150 -24.762 12.820
-14.824 -25.076 13.866
-15.379 -21.434 12.823
-13.103 -21.327 9.772
-14.642 -24.467 8.264
-18.018 -22.670 8.109
-16.789 -19.972 5.685
-18.251 -20.162 2.205
-15.855 -22.062 -0.058
-15.728 -19.305 -2.696
-15.161 -16.564 -0.088
-12.321 -18.532 1.510
-10.770 -19.236 -1.892
-10.904 -15.559 -2.880
-9.365 -14.455 0.439
-6.508 -16.920 -0.076
-6.003 -15.745 -3.679
-5.945 -12.081 -2.629
-3.560 -12.670 0.292
-1.066 -14.180 -2.180
-1.597 -11.430 -4.795
-1.290 -8.614 -2.230
1.813 -10.126 -0.603
3.313 -10.392 -4.102
2.436 -6.719 -4.630
4.011 -5.848 -1.243
6.997 -8.009 -2.327
6.701 -10.764 0.327
