-84.420 -67.721 59.113
-81.279 -68.106 56.994
-79.520 -70.928 55.121
-76.340 -71.147 57.213
-74.440 -68.960 59.692
-72.005 -66.685 57.939
-69.047 -65.780 60.082
-66.411 -63.183 59.060
-62.653 -62.635 59.465
-59.560 -60.991 58.008
-56.138 -62.357 57.239
-53.126 -60.325 56.296
-49.956 -61.476 54.589
-46.691 -60.583 56.310
-43.866 -61.709 54.043
-44.374 -65.512 53.756
-46.520 -65.681 56.907
-50.282 -65.102 57.289
-51.388 -63.137 60.350
-54.835 -64.292 61.364
-56.815 -61.328 62.680
-55.707 -57.959 61.617
-55.786 -54.887 63.848
-55.582 -51.488 62.145
-51.780 -51.157 62.364
-51.599 -54.514 60.614
-53.889 -53.543 57.687
-51.588 -50.566 56.997
-48.382 -52.600 56.730
-49.544 -55.598 54.675
-52.133 -56.805 52.185
-55.362 -57.994 53.751
-58.007 -60.549 52.830
-61.521 -60.611 54.303
-63.689 -63.671 54.020
-67.202 -64.491 55.094
-67.598 -68.273 55.553
-70.781 -70.374 55.348
-71.094 -72.420 58.531
-68.554 -75.081 59.400
-68.062 -75.592 55.609
-65.269 -74.169 53.525
-67.445 -72.345 50.983
-67.028 -68.555 51.052
-70.075 -66.261 50.870
-67.626 -63.392 50.749
-64.078 -63.101 49.597
-62.487 -59.638 49.414
-58.809 -59.611 48.611
-57.997 -56.012 49.194
-54.327 -55.484 48.387
-51.742 -57.433 46.411
-51.036 -61.061 47.306
-48.945 -63.419 45.227
-51.107 -66.033 43.542
-48.697 -68.646 44.917
-49.635 -67.618 48.490
-53.386 -66.987 48.256
-54.571 -70.522 49.041
-52.630 -70.855 52.277
-54.021 -67.462 53.417
-57.529 -68.665 52.605
-56.761 -71.810 54.673
-56.167 -69.686 57.801
-59.176 -67.409 57.168
-61.403 -70.465 57.044
-60.055 -71.891 60.351
-60.284 -68.586 62.174
-63.755 -67.991 60.694
-64.759 -71.377 62.007
-63.496 -70.495 65.453
-65.478 -67.322 65.387
-68.607 -69.347 64.708
-67.629 -71.691 67.516
-67.407 -68.731 69.872
-70.671 -67.358 68.500
-72.331 -70.734 69.186
-71.213 -70.679 72.839
-73.008 -67.425 73.661
-76.131 -68.623 71.819
-75.922 -71.679 74.063
-75.368 -69.434 77.138
-78.205 -66.881 76.584
-80.498 -69.883 75.761
-80.046 -71.347 79.292
-81.358 -68.218 81.052
-84.917 -69.444 81.667
