-8.318 -6.296 24.698
-5.728 -5.181 22.114
-2.241 -6.271 23.233
-0.780 -2.732 23.244
1.814 -3.332 25.981
3.472 -6.750 25.805
4.941 -8.126 28.999
8.566 -8.732 29.851
11.996 -7.237 30.407
12.809 -7.269 26.673
9.829 -5.032 25.832
10.558 -2.934 28.966
14.065 -2.044 27.802
12.966 -1.534 24.186
10.185 0.762 25.342
12.502 2.654 27.691
15.153 3.106 24.999
12.562 4.410 22.575
11.374 6.896 25.213
14.894 8.114 26.061
15.701 8.676 22.401
14.315 12.233 22.226
16.492 13.773 24.906
14.810 17.161 24.564
11.395 15.645 25.301
12.834 13.749 28.238
14.696 16.769 29.645
11.780 19.187 29.328
9.067 16.779 30.521
6.449 18.262 32.852
3.779 15.806 33.979
0.905 18.336 34.322
1.330 19.420 30.711
0.871 15.913 29.253
-2.531 15.112 27.707
-4.867 12.545 29.287
-6.781 12.057 26.034
-4.249 11.962 23.243
-4.943 8.812 21.215
-1.340 7.677 21.731
0.118 7.854 25.269
1.601 11.249 26.156
3.817 9.663 28.797
6.296 6.767 28.832
3.903 3.925 29.723
6.743 2.258 31.601
4.497 1.789 34.663
3.473 -1.857 34.047
7.147 -2.722 33.545
8.135 -0.859 36.698
5.313 -2.535 38.604
6.434 -6.068 37.687
10.096 -5.223 37.904
10.547 -5.930 34.172
12.407 -2.633 34.208
14.729 -1.566 36.959
13.753 1.800 38.433
17.447 2.272 39.343
18.523 1.753 35.725
15.797 4.102 34.473
16.866 6.690 37.100
20.484 6.361 35.979
19.640 6.858 32.282
17.573 9.953 33.087
20.381 11.512 35.121
22.806 11.032 32.208
20.346 12.863 29.979
19.711 15.717 32.419
23.465 16.225 32.659
23.544 16.647 28.857
20.596 19.078 28.598
21.132 22.538 30.133
17.435 23.390 29.767
15.438 20.914 31.843
12.596 20.472 34.326
13.009 19.553 38.004
10.903 17.621 40.534
8.059 17.395 41.210
7.017 17.642 37.501
10.126 16.216 35.791
10.512 12.648 34.602
12.945 11.903 37.425
10.443 13.633 39.669
7.857 10.975 38.682
10.195 8.153 39.758
10.626 10.067 43.021
6.820 10.068 43.509
6.914 6.305 43.163
9.650 6.306 45.841
7.640 8.690 48.017
4.535 6.487 48.103
6.509 3.323 48.679
7.944 5.025 51.762
4.669 6.258 53.300
3.144 2.894 52.387
5.970 0.928 54.053
5.148 2.553 57.426
1.412 1.815 57.236
-0.167 -1.672 56.772
-3.604 -0.062 56.429
-2.407 2.184 53.593
-5.091 0.846 51.249
-8.028 1.629 53.598
-9.588 4.691 55.172
-10.084 3.295 58.670
-7.020 2.872 60.812
-4.865 4.589 58.216
-2.579 7.159 59.823
-2.444 9.503 56.828
-6.067 9.402 55.824
-8.817 11.964 56.347
-11.866 10.203 57.808
-14.634 11.135 55.326
-18.236 9.853 55.403
-18.354 8.324 51.904
-21.737 6.879 50.874
-23.030 3.635 49.403
-24.434 4.249 45.923
-24.618 0.819 44.238
-26.223 1.885 40.960
-23.835 4.796 40.562
-20.847 2.645 41.355
-21.941 0.152 38.732
-22.378 2.855 36.102
-18.955 4.363 36.892
-17.301 0.939 36.871
-18.622 0.128 33.389
-18.277 3.580 31.850
-22.016 4.254 31.668
-22.220 7.476 33.719
-23.626 9.560 30.868
-20.571 11.861 30.979
-18.811 10.932 27.720
-15.297 11.944 28.829
-15.577 9.856 32.011
-17.122 6.941 30.098
-14.424 7.038 27.392
-11.735 6.793 30.044
-13.383 3.940 31.959
-13.838 2.123 28.642
-10.167 2.509 27.590
-9.078 1.272 31.009
-11.180 -1.860 30.867
-10.196 -2.554 27.285
-6.486 -1.754 27.389
-5.305 -1.766 31.022
-3.649 1.663 30.952
-4.918 5.201 31.078
-2.994 8.428 31.453
-2.403 9.838 34.917
-4.779 12.822 34.360
-7.414 10.516 32.930
-7.151 8.670 36.262
-7.561 12.059 37.987
-10.798 12.714 36.079
-12.490 9.427 36.907
-11.148 9.224 40.428
-12.332 12.743 41.266
-15.704 12.060 39.643
-16.172 8.870 41.681
-15.176 10.369 45.052
-15.210 14.013 46.198
-16.193 15.451 42.815
-19.525 13.832 42.014
-20.635 10.396 43.227
-19.401 10.682 46.830
-18.301 7.043 46.775
-15.285 5.780 48.741
-11.900 5.797 47.023
-11.607 2.201 48.259
-14.266 1.188 45.676
-12.352 2.975 42.936
-9.172 1.309 44.084
-10.825 -2.087 43.757
-11.858 -1.444 40.186
-8.425 -0.058 39.225
-6.790 -3.065 40.905
-8.681 -5.358 38.569
-8.181 -3.422 35.322
-4.707 -1.908 35.546
-1.674 -3.553 34.057
0.379 -1.416 36.497
-1.750 -2.127 39.592
0.550 -1.344 42.477
-0.598 -1.616 46.071
1.260 1.474 47.266
0.798 3.638 44.143
-2.908 2.898 43.707
-3.658 3.594 47.396
-1.532 6.723 47.528
-2.951 8.307 44.363
-6.527 7.394 45.286
-6.039 9.226 48.606
-4.536 12.202 46.794
-7.423 12.411 44.309
-10.073 12.095 46.965
-8.267 14.779 48.985
-7.917 12.206 51.804
-4.144 12.599 52.139
-1.288 14.549 50.489
-3.620 16.831 48.535
-5.966 19.115 50.479
-7.140 21.840 48.072
-10.593 20.295 47.637
-12.081 23.473 46.159
-10.181 22.493 43.007
-12.543 20.073 41.244
-12.098 18.489 37.814
-15.039 19.119 35.526
-16.123 15.956 33.708
-17.310 18.245 30.914
-14.546 20.871 30.733
-11.310 19.112 31.655
-10.798 17.021 28.546
-11.670 19.837 26.143
-8.362 21.620 26.751
-6.428 18.867 25.010
-9.086 17.293 22.751
-11.525 20.002 21.580
-12.910 17.854 18.776
-13.497 14.955 21.196
-11.515 12.387 19.106
-10.875 10.319 22.236
-14.557 10.222 23.099
-15.449 9.345 19.479
-13.056 6.394 19.704
-14.070 4.896 23.061
-17.723 5.909 23.017
-18.444 5.256 19.336
-22.172 5.580 19.828
-21.630 9.357 20.210
-19.258 9.571 17.226
-21.523 11.754 15.056
-22.149 14.419 17.751
-20.708 17.843 16.928
-17.781 18.843 19.156
-20.028 21.572 20.580
-22.028 19.050 22.572
-20.169 15.751 22.440
-18.881 16.374 26.008
-22.378 17.321 27.203
-24.823 15.405 24.934
-27.819 16.338 27.127
-27.567 19.753 25.427
-28.784 18.163 22.140
-32.503 18.292 21.329
-34.257 15.016 20.568
-34.404 15.782 16.822
-30.654 16.441 16.977
-30.003 13.206 18.876
-31.909 11.334 16.145
-29.911 13.025 13.402
-26.748 11.910 15.236
-28.016 8.323 15.396
-27.866 8.086 19.194
-30.795 8.927 21.414
-30.133 9.556 25.053
-31.672 6.980 27.338
-31.722 4.493 24.446
-28.343 4.291 22.756
-26.362 6.104 25.483
-27.221 6.790 29.128
-28.783 9.869 30.643
-26.240 11.449 32.989
-26.426 9.805 36.400
-25.920 13.041 38.380
-25.643 16.776 37.671
-22.025 17.837 38.074
-22.867 21.543 38.317
-25.023 20.803 41.386
-23.462 17.897 43.277
-19.857 19.078 43.167
-20.788 22.263 45.030
-22.657 20.274 47.662
-19.678 17.882 47.925
-17.208 20.737 48.424
-19.311 21.610 51.477
-19.280 17.983 52.634
-15.484 17.948 52.317
-15.060 21.106 54.392
-17.377 19.602 56.977
-15.320 16.410 57.188
-12.008 18.280 57.363
-13.412 20.254 60.303
-14.343 17.049 62.134
-10.860 15.677 61.472
-9.319 18.919 62.835
-11.276 18.736 66.059
-10.237 15.126 66.524
-6.567 15.928 66.016
-6.302 18.951 68.295
-8.520 16.869 70.605
-5.943 14.092 71.053
-3.579 16.708 72.511
