29.089 -2.617 -53.789
28.821 -1.784 -50.045
30.964 0.556 -47.936
32.661 -0.701 -44.784
33.732 1.126 -41.607
37.375 0.250 -41.355
38.949 3.657 -40.886
41.593 2.765 -38.297
41.922 6.422 -37.216
38.320 6.321 -35.876
38.746 3.207 -33.659
40.150 3.208 -30.020
42.759 0.503 -29.558
43.575 -0.705 -26.024
47.221 -1.210 -24.957
46.942 -4.955 -25.567
46.163 -4.296 -29.273
49.107 -1.888 -29.457
51.336 -4.530 -27.826
50.165 -6.981 -30.439
50.585 -4.916 -33.592
54.126 -3.981 -32.419
54.868 -7.687 -32.013
53.959 -8.305 -35.628
55.992 -5.277 -36.688
58.968 -6.523 -34.638
58.625 -9.848 -36.527
58.897 -8.381 -40.019
61.833 -6.227 -39.003
63.662 -9.129 -37.320
63.222 -11.275 -40.415
65.009 -8.698 -42.555
67.503 -8.072 -39.719
68.841 -11.652 -39.804
70.105 -11.149 -43.364
71.832 -7.912 -42.348
73.386 -9.654 -39.328
74.498 -12.548 -41.467
75.992 -10.199 -44.026
77.915 -8.495 -41.193
78.991 -11.820 -39.627
80.270 -13.203 -42.924
82.518 -10.194 -43.472
83.793 -10.145 -39.864
84.908 -13.796 -40.134
86.347 -13.966 -43.675
89.791 -12.458 -42.864
91.600 -10.173 -40.353
90.894 -7.402 -42.840
87.215 -8.343 -42.923
87.069 -7.962 -39.153
88.573 -4.411 -39.237
86.161 -3.629 -42.061
83.185 -4.792 -39.960
84.522 -2.799 -36.983
84.662 0.330 -39.153
81.108 -0.283 -40.367
79.937 -0.623 -36.756
81.807 2.639 -36.101
79.391 4.748 -38.159
76.629 6.540 -36.158
74.009 5.729 -38.807
74.901 2.000 -38.481
74.820 2.135 -34.656
71.269 3.496 -34.866
70.167 0.714 -37.223
71.855 -1.881 -35.003
70.212 -0.490 -31.878
66.918 -0.604 -33.797
67.512 -4.209 -34.806
68.350 -5.236 -31.207
65.337 -3.348 -29.864
62.953 -5.097 -32.316
64.659 -8.411 -31.433
64.278 -7.666 -27.704
60.627 -6.916 -28.291
60.069 -10.144 -30.245
61.614 -12.077 -27.346
59.989 -10.396 -24.349
56.470 -10.286 -25.845
57.022 -13.761 -27.278
57.690 -14.989 -23.739
54.574 -13.214 -22.474
52.526 -15.031 -25.128
54.042 -18.389 -24.158
53.287 -17.645 -20.495
49.585 -17.382 -21.380
49.808 -20.507 -23.606
51.345 -22.492 -20.720
48.908 -21.025 -18.116
51.408 -18.946 -16.111
49.509 -15.730 -16.951
45.812 -15.157 -16.661
43.854 -14.194 -19.796
41.646 -11.629 -18.045
41.791 -8.154 -19.600
43.448 -6.674 -16.517
46.243 -9.289 -16.631
46.631 -8.579 -20.333
47.095 -4.827 -19.844
49.396 -5.348 -16.870
51.597 -7.924 -18.700
51.793 -5.704 -21.799
52.904 -2.708 -19.711
55.568 -4.831 -18.011
56.753 -6.084 -21.400
57.227 -2.488 -22.548
59.272 -1.726 -19.428
61.440 -4.885 -19.816
61.908 -4.107 -23.536
63.012 -0.496 -22.834
65.499 -1.806 -20.233
66.994 -4.208 -22.826
66.921 -1.425 -25.434
69.140 0.759 -23.196
71.405 -2.248 -22.612
71.656 -2.728 -26.397
72.559 0.973 -26.606
75.444 0.468 -24.180
76.612 -2.596 -26.165
76.577 -0.614 -29.431
77.820 2.872 -28.443
