21.670 34.232 29.026
20.071 37.665 29.244
18.356 38.749 32.443
15.091 39.625 30.695
15.001 36.141 29.163
15.007 34.293 32.501
11.987 32.055 32.932
10.253 33.332 36.068
7.482 31.927 38.221
4.906 34.592 39.088
2.457 32.308 40.890
2.468 28.752 42.195
-0.495 27.154 43.932
-2.042 23.855 44.869
-5.229 22.304 46.145
-5.101 20.609 49.503
-4.124 16.971 48.995
-6.610 14.424 50.360
-6.697 10.713 51.073
-8.074 8.794 48.133
-11.348 6.866 48.476
-12.070 8.003 52.038
-10.819 11.584 52.133
-12.404 14.912 51.318
-11.994 14.694 47.527
-13.444 11.201 47.216
-16.523 12.641 45.463
-14.680 15.294 43.459
-14.062 14.936 39.713
-10.486 15.438 38.439
-11.469 18.502 36.403
-12.841 20.096 39.591
-9.426 19.722 41.240
-7.521 21.270 38.331
-9.909 24.128 37.512
-9.498 25.933 40.862
-5.707 26.089 40.598
-5.793 27.207 36.966
-8.298 29.946 37.821
-6.220 31.063 40.807
-3.142 31.663 38.642
-5.138 34.032 36.451
-7.066 35.761 39.196
-4.039 36.394 41.395
-2.057 37.982 38.561
-4.939 39.727 36.779
-3.703 38.117 33.575
-5.943 37.852 30.537
-6.093 34.070 30.122
-5.869 34.403 26.323
-2.211 35.376 26.781
-1.322 31.896 28.060
0.584 29.983 25.392
-0.056 26.445 26.626
-1.371 24.604 29.634
0.744 21.529 30.280
-0.624 19.062 32.837
1.416 16.249 34.392
-0.951 13.388 35.133
-0.308 9.657 35.318
-3.026 7.051 35.796
-6.027 7.762 33.544
-6.689 6.760 29.915
-4.731 9.320 27.939
-7.378 10.832 25.702
-10.099 11.114 28.340
-7.766 12.835 30.780
-6.441 15.286 28.179
-10.101 16.070 27.409
-10.813 16.555 31.113
-7.920 19.023 31.269
-9.412 21.024 28.376
-12.756 21.029 30.184
-11.075 22.181 33.410
-9.487 25.098 31.553
-12.944 26.097 30.306
-14.325 25.855 33.862
-11.481 28.132 34.971
-12.476 30.808 32.467
-9.928 30.212 29.726
-11.017 30.875 26.135
-11.027 28.250 23.385
-7.793 29.696 21.963
-5.557 28.433 24.777
-4.171 24.977 23.978
-3.842 22.185 26.549
-1.854 18.951 26.736
-0.740 16.345 29.232
2.635 14.809 29.956
3.608 11.591 31.731
6.936 10.762 33.291
5.240 8.799 36.053
5.911 10.185 39.548
7.710 13.255 38.134
4.943 14.324 35.757
3.945 17.528 37.535
7.542 18.724 37.644
8.102 17.646 34.058
5.167 19.871 33.059
6.843 22.890 34.647
10.154 22.068 32.916
8.363 21.682 29.576
6.866 25.160 29.927
10.272 26.585 30.863
11.839 24.908 27.843
9.125 26.184 25.509
9.542 29.763 26.762
13.344 29.581 26.467
12.944 28.169 22.950
10.697 31.078 21.935
7.550 28.977 21.402
5.527 31.409 23.552
6.161 33.887 26.384
3.734 32.677 29.091
2.692 29.164 30.064
1.116 27.085 32.831
2.761 23.921 34.127
0.394 21.898 36.267
-0.085 18.492 37.837
-3.232 16.486 38.530
-4.228 13.136 39.985
-7.347 11.593 41.398
-6.176 8.265 42.762
-9.760 7.825 43.921
-10.819 7.768 40.280
-7.929 5.893 38.640
-6.508 2.613 39.985
-2.885 1.554 39.545
-3.383 -1.672 37.623
-2.031 -3.202 34.418
-4.636 -3.806 31.712
-4.494 -6.762 29.350
-1.501 -9.008 28.811
2.215 -8.349 29.078
4.293 -8.910 25.931
5.823 -12.362 26.478
8.878 -11.053 24.632
9.754 -9.140 27.815
11.436 -12.408 28.896
14.447 -11.499 26.757
15.164 -8.198 28.551
15.666 -8.364 32.302
15.533 -4.594 32.714
12.237 -4.448 30.852
10.893 -7.154 33.162
11.979 -5.101 36.151
9.794 -2.216 34.931
6.864 -4.394 36.000
7.906 -4.631 39.657
5.470 -3.221 42.189
6.781 0.109 43.479
6.691 -1.372 46.976
9.005 -4.169 45.925
11.538 -1.616 44.685
11.222 -0.001 48.121
12.194 -3.279 49.770
15.045 -3.655 47.279
16.442 -0.266 48.299
16.087 -0.938 52.031
17.772 -4.327 51.678
20.574 -3.324 49.299
21.510 -0.153 51.183
20.725 -1.225 54.741
17.895 1.124 55.645
16.379 -0.119 58.884
12.722 -0.265 59.892
13.325 2.359 62.586
15.013 4.788 60.176
12.036 4.410 57.838
9.458 4.883 60.544
11.366 7.833 62.030
11.212 9.607 58.680
7.451 9.099 58.662
7.115 10.428 62.223
9.154 13.473 61.159
6.990 14.041 58.085
3.739 14.122 60.093
5.297 16.319 62.797
6.574 18.848 60.275
3.369 18.808 58.238
1.215 19.337 61.323
3.477 22.166 62.529
3.524 23.866 59.129
-0.252 23.678 58.795
-0.784 25.148 62.269
1.772 27.884 61.612
-0.140 28.992 58.509
2.689 27.988 56.189
0.378 26.366 53.596
-2.119 29.241 53.493
-0.438 31.077 50.631
0.056 28.047 48.412
-3.317 26.396 49.043
-6.409 27.253 47.028
-9.435 26.066 48.994
-11.763 23.837 46.976
-15.537 24.013 47.285
-16.955 20.554 46.655
-19.270 17.964 48.248
-19.355 14.653 50.069
-21.792 11.894 49.187
-22.798 9.393 51.840
-22.715 5.933 50.270
-24.789 4.555 53.155
-27.605 7.095 52.828
-27.072 8.882 49.509
-27.157 12.251 51.254
-24.930 15.013 49.889
-23.441 17.929 51.811
-21.149 20.727 50.685
-17.647 21.071 52.055
-14.854 23.575 51.571
-11.513 21.807 51.700
-8.501 23.848 52.897
-6.197 21.468 54.724
-4.347 18.285 53.780
-6.469 15.597 55.409
-3.852 12.849 55.541
-1.779 14.377 58.348
-1.870 12.280 61.536
-0.469 14.154 64.551
-0.569 11.002 66.685
1.970 9.180 64.479
4.831 7.769 66.584
7.499 5.085 66.282
5.242 2.898 68.407
2.136 3.292 66.234
4.126 2.818 63.025
5.831 -0.224 64.552
2.524 -2.099 64.787
1.942 -1.933 61.045
2.703 -5.000 58.947
4.875 -5.167 55.805
2.742 -4.790 52.686
4.984 -6.321 49.996
7.351 -8.745 51.725
6.819 -11.139 54.638
9.960 -10.130 56.542
9.986 -6.711 54.893
10.184 -3.179 56.245
7.917 -1.281 53.834
4.496 -0.543 55.328
1.561 1.748 54.614
2.936 4.007 57.354
6.365 4.566 55.794
5.124 4.883 52.198
3.540 7.870 50.492
-0.223 8.181 50.859
-2.560 7.498 47.954
-4.109 10.890 47.335
-6.143 13.306 45.209
-5.073 16.839 44.306
-3.632 19.298 41.828
-0.993 22.010 41.510
-0.282 24.743 38.990
2.524 27.164 38.234
2.402 30.281 36.041
5.666 30.926 34.197
6.763 33.714 31.873
9.778 35.562 30.497
11.156 37.959 33.086
10.727 40.873 30.689
7.010 40.072 30.402
6.576 39.848 34.184
8.338 43.193 34.496
6.194 44.874 31.856
