47.399 -27.629 -39.894
47.022 -24.964 -37.180
48.208 -26.985 -34.213
51.381 -28.011 -36.084
52.229 -24.368 -36.897
51.420 -23.290 -33.345
53.735 -25.880 -31.805
56.614 -25.295 -34.211
56.597 -21.569 -33.553
56.967 -22.217 -29.826
59.460 -25.091 -30.138
61.786 -22.911 -32.262
61.236 -19.896 -29.979
62.567 -21.932 -27.046
65.641 -22.979 -29.095
66.163 -19.362 -30.205
65.812 -18.053 -26.642
68.639 -20.374 -25.554
70.744 -19.263 -28.517
70.245 -15.616 -27.647
71.249 -16.208 -24.030
74.350 -18.040 -25.297
75.248 -15.196 -27.689
74.424 -12.334 -25.330
76.380 -14.200 -22.612
79.425 -14.204 -24.881
79.123 -10.493 -25.762
78.507 -9.390 -22.154
81.608 -11.200 -20.791
84.087 -11.273 -23.694
85.679 -7.938 -22.770
88.071 -6.551 -25.433
86.648 -7.644 -28.821
89.792 -8.646 -30.751
89.767 -10.653 -33.994
91.563 -13.496 -32.177
88.848 -13.962 -29.510
86.086 -13.482 -32.104
87.394 -16.157 -34.422
88.149 -18.269 -31.305
84.468 -18.073 -30.342
83.155 -18.997 -33.822
85.796 -21.687 -34.312
84.259 -23.611 -31.458
82.198 -26.604 -32.529
79.653 -25.596 -29.920
79.173 -22.167 -31.564
79.050 -23.581 -35.106
76.351 -26.174 -34.343
74.286 -23.871 -32.139
74.408 -21.144 -34.824
73.285 -23.503 -37.599
70.594 -24.923 -35.344
69.399 -21.334 -34.775
69.279 -20.711 -38.532
67.094 -23.782 -39.124
64.893 -22.639 -36.254
64.609 -19.188 -37.822
63.623 -20.803 -41.136
60.767 -22.612 -39.449
59.768 -19.813 -37.029
59.952 -16.917 -39.459
58.294 -18.814 -42.303
55.210 -19.553 -40.187
55.121 -15.972 -38.913
55.560 -14.352 -42.328
52.951 -16.695 -43.818
50.441 -15.452 -41.201
51.251 -11.846 -42.061
50.790 -12.434 -45.774
47.567 -14.325 -45.341
46.114 -11.273 -43.537
47.224 -8.476 -45.802
47.906 -9.840 -49.297
44.734 -11.110 -50.883
45.641 -11.350 -54.601
46.933 -14.877 -55.041
49.786 -14.311 -57.503
51.321 -11.463 -55.472
51.048 -13.478 -52.279
52.639 -16.621 -53.775
55.469 -14.587 -55.273
56.129 -12.902 -51.926
56.101 -16.278 -50.213
58.645 -17.477 -52.742
60.936 -14.505 -52.018
60.575 -15.115 -48.266
61.165 -18.877 -48.353
64.198 -18.390 -50.630
65.575 -15.700 -48.309
65.189 -18.035 -45.318
66.828 -20.981 -47.134
69.602 -18.660 -48.341
70.065 -17.638 -44.710
70.744 -21.234 -43.624
72.917 -21.990 -46.663
74.980 -18.801 -46.281
75.436 -19.794 -42.616
76.939 -23.162 -43.576
79.293 -21.435 -46.017
80.414 -19.004 -43.335
81.003 -21.512 -40.498
82.619 -24.089 -42.831
85.101 -21.304 -43.647
86.299 -20.701 -40.073
