-20.832 -3.416 17.783
-23.175 -5.947 16.215
-21.117 -6.585 13.033
-23.984 -7.990 10.971
-26.119 -4.917 11.688
-23.168 -2.626 10.993
-22.372 -4.269 7.639
-26.000 -4.123 6.581
-26.192 -0.418 7.321
-22.798 0.097 5.688
-23.810 -1.842 2.525
-27.238 -0.157 2.351
-25.728 3.309 2.674
-23.008 2.639 0.110
-25.173 0.922 -2.536
-27.803 3.637 -2.178
-25.096 6.277 -2.743
-23.847 4.539 -5.886
-27.452 4.191 -7.087
-27.971 7.904 -6.559
-24.562 8.911 -7.949
-23.685 6.235 -10.518
-20.959 8.417 -12.042
-18.785 8.014 -8.953
-18.659 4.253 -9.511
-18.182 4.249 -13.254
-15.562 6.989 -13.198
-13.619 5.182 -10.465
-13.145 2.500 -13.202
-11.954 4.469 -16.213
-9.328 5.570 -13.597
-8.514 2.351 -11.776
-7.481 1.214 -15.318
-5.668 4.237 -16.714
-3.744 4.078 -13.392
-3.743 7.861 -13.932
-2.181 10.752 -12.046
-5.855 11.317 -11.195
-6.423 8.002 -9.462
-4.091 8.916 -6.561
-6.051 12.088 -5.900
-9.510 10.502 -6.194
-8.713 7.468 -3.946
-9.268 9.545 -0.755
-12.985 9.510 -1.629
-13.150 5.685 -1.084
-10.183 4.695 1.172
-12.190 5.907 4.196
-15.167 3.674 3.555
-12.854 0.703 2.865
-11.140 0.801 6.260
-14.513 0.957 7.977
-15.514 -2.065 5.878
-12.309 -3.863 6.921
-13.077 -3.075 10.581
-16.631 -4.320 10.376
-15.446 -7.519 8.733
-12.646 -8.194 11.191
-14.912 -7.414 14.148
-17.452 -9.913 12.729
-14.813 -12.595 12.160
-13.482 -12.008 15.679
-17.006 -12.361 17.130
-17.349 -15.522 15.044
-20.328 -14.254 12.994
-18.419 -13.904 9.633
-16.229 -16.552 7.943
-13.952 -15.860 5.040
-10.763 -16.854 3.262
-9.022 -13.537 3.809
-9.938 -9.916 4.389
-8.339 -8.850 1.082
-10.381 -11.433 -0.899
-13.527 -10.373 0.936
-13.062 -6.647 0.489
-12.221 -7.278 -3.187
-15.515 -9.002 -4.041
-17.711 -6.749 -1.805
-16.274 -3.473 -3.117
-16.617 -4.952 -6.581
-20.422 -5.230 -6.148
-20.565 -1.803 -4.526
-18.534 0.213 -7.031
-19.600 -1.800 -10.063
-23.192 -2.960 -9.423
-23.751 -3.245 -13.180
-21.266 -6.135 -13.602
-22.986 -7.887 -10.736
-26.284 -7.554 -12.628
-24.563 -8.685 -15.861
-23.368 -11.911 -14.196
-26.796 -12.316 -12.526
-28.165 -12.302 -16.062
-25.886 -15.179 -17.084
-25.926 -17.261 -13.890
-29.217 -17.976 -11.942
-35.255 -10.789 -7.249
-33.333 -11.213 -3.971
-31.815 -8.512 -1.839
-28.186 -7.666 -2.659
-27.267 -6.916 0.964
-28.780 -10.232 2.176
-26.732 -12.014 -0.459
-23.497 -10.399 0.685
-24.346 -11.177 4.308
-25.361 -14.791 3.529
-21.954 -15.327 1.804
-20.168 -14.053 4.940
-22.178 -16.032 7.491
-21.984 -19.307 5.514
-20.346 -22.002 7.651
