2.012 15.419 21.825
2.475 18.452 19.447
6.292 18.568 19.514
6.410 14.826 18.688
3.971 15.230 15.790
6.110 17.977 14.329
9.275 15.893 14.650
7.618 13.121 12.650
6.514 15.649 9.986
10.050 17.086 9.926
11.253 13.619 9.018
9.087 13.398 5.878
11.683 15.229 3.723
14.473 13.127 5.163
12.634 10.029 4.101
11.775 11.551 0.707
15.495 12.047 0.128
17.060 8.964 1.657
14.209 6.696 2.650
15.456 3.877 0.445
18.810 4.092 2.142
17.070 3.785 5.530
15.109 0.761 4.394
18.132 -0.856 2.793
19.708 -0.625 6.275
16.523 -1.956 7.895
16.509 -5.076 5.689
20.242 -5.626 6.260
19.678 -5.551 10.034
16.554 -7.644 9.963
17.878 -10.352 7.647
21.077 -10.553 9.712
19.457 -10.633 13.159
16.267 -12.480 12.194
17.254 -14.662 9.236
14.163 -16.788 9.820
11.993 -14.049 8.285
14.050 -13.708 5.093
12.252 -16.414 3.028
8.967 -14.557 3.527
10.371 -11.840 1.250
11.146 -11.996 -2.431
14.863 -11.392 -2.870
14.396 -10.259 -6.455
12.336 -7.393 -5.019
15.203 -6.566 -2.653
17.831 -6.559 -5.383
15.757 -4.362 -7.728
15.165 -1.838 -4.939
11.410 -2.245 -5.316
10.689 -3.479 -1.802
13.036 -1.015 -0.076
11.259 1.737 -1.972
7.847 0.323 -1.140
8.612 0.232 2.600
10.035 3.713 2.534
6.886 4.930 0.838
4.699 3.228 3.401
6.686 4.847 6.225
6.243 8.194 4.473
2.534 7.491 4.207
2.363 6.854 7.944
4.462 9.902 8.875
2.249 12.115 6.698
-0.816 10.784 8.469
0.603 10.355 11.938
-2.089 12.575 13.572
-4.853 10.455 12.027
-3.882 7.035 10.716
-7.428 6.491 9.418
-6.372 8.675 6.464
-4.182 5.860 5.256
-6.781 3.123 5.653
-7.308 2.485 1.926
-3.510 2.114 1.609
-2.967 -0.165 4.573
-5.931 -2.344 3.603
-4.016 -3.366 0.551
-0.694 -3.963 2.254
-2.555 -6.154 4.790
-3.379 -8.611 2.015
0.293 -9.242 1.386
1.096 -9.509 5.062
-1.739 -11.908 5.909
-1.031 -14.053 2.841
2.623 -14.385 3.912
1.850 -15.159 7.559
2.906 -11.893 9.127
1.794 -12.089 12.750
1.285 -9.585 15.523
4.447 -10.933 17.095
6.603 -9.972 14.088
5.845 -6.284 14.560
8.230 -5.846 17.562
11.001 -7.362 15.369
10.368 -4.832 12.630
10.251 -2.027 15.178
13.563 -2.993 16.739
15.255 -3.217 13.345
13.685 -0.012 12.046
14.661 1.983 15.130
18.188 0.663 14.858
18.334 1.612 11.173
17.182 5.100 12.138
19.836 5.392 14.822
22.505 4.163 12.367
21.697 6.350 9.416
19.948 9.460 10.756
21.955 9.645 13.982
19.068 11.569 15.545
18.702 13.214 18.931
16.856 11.462 21.719
13.677 13.416 21.162
13.603 12.209 17.548
14.319 8.634 18.518
11.564 8.775 21.169
9.173 10.263 18.672
9.806 7.358 16.244
9.507 4.776 19.009
6.085 6.180 19.859
4.979 6.594 16.241
6.033 3.086 15.344
3.952 1.657 18.138
0.928 3.485 16.794
1.573 2.569 13.138
2.120 -1.048 14.048
-1.128 -1.160 15.985
-3.011 0.205 12.969
-1.610 -2.535 10.702
-2.046 -5.275 13.335
-5.700 -4.438 13.927
-6.584 -4.488 10.230
-4.668 -7.738 9.743
-6.264 -9.326 12.822
-9.646 -8.749 11.205
-8.406 -10.398 8.017
-7.186 -13.420 9.891
-10.446 -13.687 11.862
-13.009 -12.374 9.369
