-8.180 5.570 -18.651
-7.321 2.983 -21.301
-3.505 2.894 -21.248
-3.052 -0.325 -23.192
-4.926 -1.954 -26.045
-2.871 -4.398 -28.080
-2.755 -7.954 -29.440
-6.041 -9.051 -27.751
-5.610 -7.410 -24.321
-6.758 -4.067 -22.963
-6.145 -2.332 -19.668
-7.865 0.605 -18.042
-5.897 2.207 -15.240
-8.424 4.392 -13.440
-8.472 6.515 -10.316
-9.424 9.678 -8.520
-8.304 12.107 -5.869
-11.071 13.501 -3.772
-10.113 16.631 -1.872
-12.790 16.257 0.743
-13.716 18.078 3.981
-16.495 17.237 6.474
-18.133 19.855 8.691
-20.006 18.614 11.770
-20.780 19.372 15.414
-19.770 15.721 15.939
-15.976 16.063 16.230
-15.401 12.499 15.035
-17.030 13.476 11.747
-15.427 16.888 11.422
-12.382 17.671 9.307
-10.240 16.380 6.463
-11.468 13.359 4.576
-9.237 13.540 1.526
-8.600 10.216 -0.200
-7.433 8.536 -3.356
-8.800 5.585 -5.324
-6.972 3.637 -7.918
-7.682 0.549 -9.945
-7.251 -1.527 -13.023
-9.742 -3.189 -15.275
-8.430 -5.705 -17.752
-10.187 -7.550 -20.533
-8.680 -10.146 -22.892
-10.343 -11.652 -26.009
-9.668 -15.409 -25.992
-12.011 -16.309 -28.846
-14.800 -14.334 -30.583
-17.187 -15.444 -27.860
-14.915 -15.866 -24.815
-13.343 -13.002 -22.924
-11.173 -13.247 -19.824
-11.099 -10.392 -17.330
-9.796 -9.114 -14.043
-10.273 -6.101 -11.865
-8.582 -4.661 -8.798
-9.472 -1.454 -6.963
-7.682 0.047 -3.981
-8.409 2.973 -1.660
-5.718 5.023 0.011
-6.546 7.563 2.636
-4.999 11.006 2.082
-6.011 12.547 5.405
-3.424 10.817 7.588
0.069 11.648 8.666
2.940 9.855 6.979
3.833 7.744 10.041
0.504 5.868 9.937
-1.317 5.764 6.573
-4.105 3.264 5.814
-5.270 1.649 2.570
-7.336 -1.293 1.437
-8.514 -3.393 -1.474
-12.086 -2.780 -2.447
-12.361 -5.386 -5.237
-10.037 -8.038 -6.644
-11.461 -10.672 -8.965
-10.800 -12.729 -12.118
-13.413 -14.109 -14.474
-14.540 -15.484 -17.804
-17.423 -14.325 -20.004
-18.959 -16.384 -22.800
-21.348 -14.687 -25.258
-25.090 -15.362 -24.736
-24.171 -17.815 -21.931
-22.993 -15.565 -19.107
-19.985 -14.788 -16.944
-18.311 -16.237 -13.877
-15.878 -14.471 -11.579
-14.305 -15.168 -8.243
-12.605 -12.953 -5.673
-13.411 -9.988 -3.523
-16.410 -8.360 -5.070
-19.903 -6.975 -4.618
-22.632 -9.079 -3.077
-25.531 -9.723 -5.403
-27.895 -7.753 -3.098
-25.983 -4.627 -4.261
-27.259 -5.355 -7.843
-30.406 -3.614 -6.566
-29.454 -1.560 -3.484
-26.848 0.161 -5.686
-29.653 2.058 -7.509
-29.951 4.503 -4.558
-26.179 4.606 -3.867
-25.645 7.650 -6.116
-25.294 10.581 -3.689
-22.222 12.869 -3.883
-20.704 11.588 -0.616
-23.305 10.127 1.778
-25.835 7.369 1.131
-25.413 3.643 0.705
-25.224 3.141 4.449
-28.188 0.999 5.482
-25.512 -1.730 5.113
-21.717 -2.052 5.271
-18.715 -3.557 3.591
-17.882 -7.109 4.729
-21.495 -7.383 5.824
-22.597 -10.747 4.465
-23.674 -10.500 0.800
-24.978 -6.914 1.001
-21.943 -5.080 -0.390
-18.207 -5.670 -0.921
-16.897 -8.876 0.635
-14.395 -11.748 0.340
-14.783 -14.964 -1.567
-17.711 -14.369 -3.905
-18.269 -16.902 -6.675
-20.676 -15.062 -8.985
-22.489 -16.280 -12.061
-24.188 -13.638 -14.199
-26.448 -13.832 -17.233
-27.250 -10.736 -19.254
-30.219 -10.415 -21.628
-31.294 -13.953 -20.592
-29.025 -16.032 -22.862
-29.490 -13.273 -25.511
-33.259 -13.865 -25.632
-34.765 -11.015 -23.526
-33.136 -7.586 -23.896
-32.734 -6.012 -20.433
-33.338 -9.152 -18.366
-30.294 -9.814 -16.196
-29.828 -12.199 -13.309
-27.138 -13.487 -10.956
-26.528 -16.498 -8.722
-23.850 -16.047 -6.080
-22.131 -18.166 -3.425
-19.917 -16.663 -0.695
-17.616 -18.960 1.141
-17.160 -18.882 4.889
-14.823 -16.120 6.154
-14.243 -17.055 9.729
-12.097 -16.250 12.744
-8.311 -15.860 12.892
-8.050 -18.378 15.748
-9.598 -21.582 17.126
-12.968 -23.039 16.178
-14.398 -21.649 12.940
-10.990 -20.587 11.626
-10.395 -19.881 7.931
-7.073 -19.150 6.256
-8.266 -15.546 5.832
-9.892 -15.349 9.269
-10.652 -12.016 10.862
-11.355 -11.366 14.498
-13.844 -8.578 13.894
-17.122 -10.455 14.210
-18.905 -7.822 12.096
-16.658 -8.834 9.166
-17.147 -12.638 9.411
-19.650 -14.826 7.616
-20.526 -18.439 7.015
-21.415 -19.986 3.665
-24.047 -17.922 1.880
-26.130 -17.979 -1.260
-27.930 -15.253 -3.095
-29.602 -14.246 -6.300
-30.736 -11.164 -8.167
-33.035 -10.344 -11.087
-33.320 -7.011 -12.871
-35.373 -5.817 -15.824
-34.610 -2.545 -17.571
-36.696 -1.148 -20.433
-36.594 2.390 -21.919
-35.097 3.923 -18.754
-37.440 2.141 -16.335
-35.989 -0.456 -13.934
-37.511 -3.091 -11.626
-35.418 -5.531 -9.586
-35.242 -8.001 -6.727
-32.507 -9.690 -4.702
-32.366 -12.299 -1.945
-29.474 -13.568 0.148
-29.043 -16.061 2.944
-25.782 -16.516 4.835
-25.018 -18.794 7.707
-23.773 -16.917 10.786
-20.516 -17.964 12.498
-20.146 -19.261 16.049
-18.227 -16.114 17.108
-21.019 -13.939 15.714
-23.643 -15.777 17.772
-21.583 -16.240 20.956
-19.921 -12.932 21.965
-23.015 -11.466 23.680
-24.233 -9.155 20.865
-27.820 -8.421 19.863
-29.316 -9.890 16.714
-28.121 -13.434 16.851
-29.481 -16.516 15.070
-28.478 -19.204 12.568
-28.652 -17.095 9.442
-28.373 -13.570 8.170
-31.052 -12.984 5.522
-32.018 -10.192 3.135
-34.892 -9.482 0.767
-34.722 -6.400 -1.471
-37.099 -4.820 -3.958
-36.161 -1.831 -6.102
-37.334 0.560 -8.798
-35.643 3.236 -10.944
-36.177 5.699 -13.720
-33.009 6.817 -15.533
-33.578 8.860 -18.728
-34.173 12.413 -20.020
-31.647 13.832 -17.483
-33.889 12.579 -14.644
-32.818 9.927 -12.121
-35.378 8.472 -9.711
-34.758 5.380 -7.600
-36.043 3.613 -4.513
-35.117 0.433 -2.674
-36.777 -1.426 0.169
-34.867 -4.162 1.997
-36.006 -6.364 4.887
-33.165 -7.962 6.844
-32.797 -10.517 9.630
-29.634 -10.763 11.747
-27.907 -8.873 8.928
-28.028 -5.133 9.530
-25.420 -3.716 11.893
-26.638 -1.611 14.822
-23.538 0.412 15.758
-21.367 -1.467 18.276
-24.325 -3.406 19.731
-24.626 -6.194 17.184
-27.191 -6.723 14.456
-30.964 -6.146 14.117
-33.206 -9.177 14.700
-35.248 -7.573 11.982
-34.555 -4.339 10.168
-36.640 -2.499 7.612
-34.467 -0.410 5.305
-35.641 2.177 2.794
-33.779 4.547 0.493
-35.187 6.929 -2.107
-33.428 9.378 -4.430
-34.304 12.104 -6.951
-31.757 13.795 -9.191
-31.645 16.084 -12.191
-28.794 16.919 -14.565
-28.834 20.402 -16.089
-27.123 20.662 -19.522
-24.606 23.202 -18.106
-23.212 20.707 -15.531
-25.064 21.115 -12.215
-26.744 18.031 -10.809
-28.966 18.629 -7.752
-29.792 15.695 -5.488
-32.436 14.960 -2.877
-32.505 11.690 -0.939
-34.066 9.959 2.047
-32.673 6.995 3.939
-34.044 5.004 6.825
-33.190 1.852 8.744
-35.853 0.765 11.247
-34.820 -1.778 13.871
-37.521 -4.082 15.255
-37.543 -5.978 18.578
-33.805 -5.410 18.982
-33.367 -6.843 22.472
-31.510 -5.528 25.491
-34.451 -3.311 26.492
-34.510 -1.360 23.210
-37.577 -2.719 21.337
-38.040 -0.665 18.083
-35.483 2.016 17.247
-34.282 3.898 14.183
-30.743 2.762 13.305
-30.469 5.375 10.607
-32.753 8.197 9.457
-31.688 11.156 7.371
-32.528 13.417 4.520
-29.792 14.263 2.065
-29.526 17.420 -0.033
-26.630 18.012 -2.391
-25.342 19.209 -5.722
-22.458 18.144 -7.935
-21.046 20.465 -10.578
-19.332 18.567 -13.403
-16.699 20.698 -15.135
-16.178 17.749 -17.558
-15.565 13.932 -17.337
-12.407 14.360 -15.263
-13.231 17.206 -12.843
-16.107 17.916 -10.502
-17.034 19.611 -7.261
-19.843 18.974 -4.811
-21.596 19.786 -1.583
-23.559 17.062 0.259
-25.746 17.972 3.256
-26.874 15.143 5.554
-29.776 16.343 7.638
-29.625 13.783 10.396
-33.094 13.052 11.746
-32.071 10.652 14.553
-32.714 11.845 18.071
-29.923 11.697 20.598
-31.194 9.090 23.084
-30.015 6.080 25.150
-29.975 3.761 22.165
-27.895 5.950 19.826
-25.346 6.693 22.564
-25.053 3.061 23.547
-24.790 2.040 19.883
-22.323 4.875 19.111
-24.496 6.088 16.210
-24.033 9.643 14.908
-27.114 11.781 15.337
-25.483 15.026 14.071
-25.655 16.721 10.666
-22.678 16.598 8.295
-21.804 18.824 5.306
-19.249 17.424 2.867
-17.338 19.639 0.487
-15.368 18.002 -2.284
-13.190 18.721 -5.305
-12.547 15.616 -7.422
-10.024 14.843 -10.167
-10.511 11.501 -11.919
-9.041 9.703 -14.895
