52.862 6.661 -13.288
49.299 6.023 -11.978
48.339 7.568 -8.602
46.171 5.556 -6.204
44.629 6.578 -2.873
46.360 5.065 0.134
45.269 4.928 3.771
47.691 5.382 6.711
47.053 2.474 9.154
49.964 3.034 11.558
52.532 5.738 12.411
55.564 4.648 14.471
57.562 7.605 15.859
61.026 6.115 16.487
62.453 9.513 17.458
61.327 13.175 17.133
62.579 13.151 13.505
62.433 9.445 12.433
59.084 7.729 11.730
57.665 4.780 9.732
54.239 4.836 8.056
52.233 1.684 7.337
49.902 2.195 4.357
47.080 0.318 2.639
47.119 1.157 -1.104
46.208 -0.901 -4.221
49.803 -0.812 -5.511
51.129 -3.374 -8.001
53.567 -6.173 -6.982
57.141 -4.910 -6.692
60.700 -6.227 -6.523
62.332 -5.963 -3.022
64.701 -2.943 -3.023
62.411 -0.789 -5.222
60.745 2.517 -4.329
57.504 4.291 -5.165
56.291 7.872 -4.754
54.220 9.343 -1.954
52.164 12.462 -2.598
50.119 15.034 -0.711
48.243 18.114 -1.866
50.148 21.194 -0.532
48.776 24.671 -1.430
46.506 23.164 -4.130
49.346 21.238 -5.867
50.389 17.582 -5.516
53.951 17.424 -4.053
55.634 14.057 -4.665
58.872 12.448 -3.485
60.400 8.927 -3.744
60.234 6.512 -0.752
61.559 2.969 -0.593
59.384 0.049 0.439
60.625 -1.409 3.748
58.029 -4.204 3.753
58.636 -7.557 2.030
56.801 -7.504 -1.388
54.688 -10.465 -0.109
53.285 -8.323 2.734
50.395 -6.014 1.616
51.068 -3.657 4.601
53.305 -1.082 2.812
55.954 0.323 5.126
57.975 3.522 4.607
60.881 4.671 6.801
61.328 8.436 6.772
63.000 11.425 8.322
61.680 15.021 8.551
64.222 16.905 6.470
65.846 20.123 7.800
68.315 22.189 5.774
69.844 25.669 5.464
68.529 27.248 2.238
70.487 29.676 -0.059
69.254 32.684 2.023
70.819 31.261 5.247
67.377 30.286 6.648
67.013 26.987 8.545
63.888 25.373 7.049
61.975 22.083 6.859
61.646 20.178 3.581
58.349 20.496 1.668
56.850 16.985 1.830
58.520 15.115 4.764
56.991 17.140 7.677
53.529 16.824 6.023
54.031 13.045 5.848
55.162 13.161 9.563
51.831 14.884 10.476
49.684 12.063 9.000
47.632 10.026 11.453
45.952 6.565 11.039
42.925 6.979 8.779
44.531 9.874 6.814
44.833 9.610 3.019
48.179 9.589 1.168
48.685 9.385 -2.619
50.844 6.445 -3.789
52.198 5.614 -7.298
50.880 2.086 -8.157
54.000 0.992 -10.086
57.367 0.765 -8.368
60.610 1.990 -9.916
64.303 1.372 -9.347
67.139 -1.046 -10.060
68.502 -1.354 -6.482
67.532 -5.056 -6.554
69.119 -8.545 -6.268
