37.559 14.444 -9.724
39.687 14.874 -6.626
39.019 18.595 -6.531
35.206 18.355 -6.750
35.307 15.553 -4.196
37.045 18.063 -1.882
34.447 20.760 -2.681
31.604 18.336 -1.967
33.268 17.540 1.360
33.459 21.240 2.362
29.761 21.522 1.710
28.924 18.255 3.558
31.021 19.169 6.598
29.285 22.545 6.923
25.824 21.020 6.665
26.763 18.229 9.080
26.892 20.914 11.867
24.713 23.850 10.654
21.367 22.067 10.943
21.113 21.431 14.687
19.452 24.731 15.496
18.385 28.077 14.186
19.000 28.648 10.500
19.624 25.269 8.899
22.269 26.816 6.609
24.222 28.898 9.133
26.413 27.979 12.050
25.558 29.242 15.532
28.489 29.766 17.938
27.607 26.331 19.414
27.580 24.615 16.031
30.827 26.373 15.052
32.420 25.206 18.368
31.264 21.728 17.621
32.715 21.816 14.126
36.021 23.341 15.353
36.400 20.676 18.039
35.648 17.735 15.776
37.124 18.949 12.452
39.982 21.353 13.314
41.099 19.971 16.665
44.805 20.089 15.714
44.504 23.914 15.325
43.267 23.963 18.946
46.180 21.725 19.938
43.447 19.277 20.954
42.566 21.582 23.823
39.306 23.188 24.666
39.704 26.834 23.967
36.376 28.743 24.385
38.006 32.188 24.412
39.692 31.276 21.126
36.350 30.101 19.679
34.760 33.361 20.733
37.416 35.246 18.785
37.003 32.914 15.761
33.192 33.508 15.877
33.750 37.295 16.032
36.283 37.327 13.167
34.163 35.085 10.914
30.785 36.759 11.513
31.524 39.764 9.252
27.934 40.884 8.893
27.212 40.586 12.600
24.059 38.401 12.414
25.461 36.155 15.156
25.931 33.284 12.653
28.637 31.958 10.407
27.044 31.398 7.005
28.616 29.288 4.271
30.462 32.180 2.603
31.817 33.094 6.025
32.842 29.462 6.736
34.676 29.318 3.410
36.682 32.341 4.454
37.927 30.211 7.380
38.706 27.180 5.254
40.533 29.290 2.639
42.637 31.087 5.252
43.664 27.823 7.041
44.365 25.994 3.764
46.537 28.824 2.426
48.363 28.930 5.834
49.008 25.091 5.679
50.090 25.262 2.016
52.455 28.125 2.925
53.810 26.013 5.835
54.570 23.018 3.621
56.180 25.207 0.962
58.438 26.984 3.492
59.430 23.685 5.030
60.580 22.557 1.536
62.308 25.916 0.825
64.122 25.690 4.213
65.305 22.157 3.331
66.733 23.111 -0.052
69.174 25.599 1.592
22.274 26.460 12.503
27.373 36.141 9.716
