-21.239 45.345 22.906
-22.105 49.017 23.286
-22.805 51.279 20.326
-20.523 54.323 20.221
-21.956 56.000 17.142
-24.275 55.347 14.227
-24.228 57.255 10.950
-25.565 57.190 7.422
-22.718 56.885 4.929
-21.420 55.466 1.663
-18.820 52.706 1.423
-16.220 52.236 -1.316
-13.625 49.510 -1.746
-10.304 50.135 -3.464
-9.862 48.051 -6.596
-6.210 47.298 -7.304
-6.996 46.296 -10.893
-8.457 49.624 -12.018
-6.615 51.535 -9.283
-9.884 53.260 -8.448
-12.582 53.382 -5.811
-15.521 51.063 -6.436
-18.727 52.154 -4.718
-20.418 49.489 -2.599
-23.245 51.843 -1.713
-25.032 53.425 1.217
-25.972 52.037 4.597
-26.005 52.634 8.330
-22.553 52.355 9.874
-22.042 51.617 13.558
-18.891 51.732 15.644
-19.291 49.268 18.507
-17.172 48.779 21.611
-16.829 45.513 23.496
-15.004 45.582 26.837
-13.523 42.395 28.271
-15.140 41.426 31.575
-11.781 40.099 32.771
-9.310 42.785 31.715
-11.680 45.588 30.785
-9.587 45.507 27.610
-11.291 47.089 24.623
-12.109 45.677 21.224
-14.025 47.723 18.678
-15.542 47.069 15.284
-17.164 48.862 12.382
-20.402 47.231 11.250
-22.481 48.372 8.293
-25.772 47.187 6.805
-27.594 48.331 3.684
-30.597 50.569 4.239
-33.968 48.968 3.602
-32.710 45.413 3.157
-30.415 45.418 6.219
-27.752 43.272 4.532
-24.267 43.076 6.037
-21.632 44.943 3.982
-18.980 45.684 6.601
-17.757 43.973 9.763
-14.208 45.055 10.472
-12.412 44.879 13.803
-10.069 47.723 14.765
-6.388 46.770 15.073
-3.302 48.786 16.051
-1.888 48.449 12.533
-5.057 49.884 10.968
-4.360 53.239 9.325
-6.913 56.008 9.104
-6.584 59.066 6.897
-9.026 61.918 6.467
-9.015 61.802 2.661
-11.290 64.833 2.508
-13.639 66.859 4.678
-16.285 64.227 3.929
-14.341 60.977 3.647
-12.026 58.668 5.585
-9.668 56.093 4.069
-9.189 52.957 6.179
-6.992 49.876 5.934
-7.935 46.404 7.164
-6.342 42.992 7.675
-7.107 39.637 6.082
-6.759 35.854 -0.250
-8.142 38.334 -2.777
-9.460 40.368 0.154
-9.970 44.118 -0.134
-7.324 45.911 1.938
-8.370 49.547 1.644
-11.811 51.094 1.953
-13.366 54.545 2.023
-16.238 55.905 4.080
-17.966 59.028 2.768
-20.444 60.971 4.898
-21.500 64.431 6.026
-18.649 66.638 7.222
-20.022 66.383 10.748
-20.306 62.579 10.812
-16.892 62.205 9.174
-15.294 64.314 11.899
-17.004 62.310 14.630
-16.053 58.981 13.060
-12.441 60.031 12.554
-12.066 61.195 16.159
-13.612 57.985 17.497
-11.396 55.748 15.384
-8.285 57.819 16.058
-8.502 57.495 19.836
-9.292 53.786 19.750
-6.395 53.058 17.397
-4.074 55.226 19.483
-5.020 53.181 22.557
-4.414 49.905 20.698
-1.034 51.138 19.452
0.043 52.169 22.946
-0.889 48.708 24.178
1.005 46.919 21.398
4.230 48.850 21.824
4.213 48.159 25.563
3.392 44.459 25.151
5.315 43.530 22.005
7.911 46.246 21.371
9.577 46.532 24.776
