47.579 -3.385 26.167
45.562 -3.278 29.388
46.567 -0.533 31.812
49.970 0.023 30.167
48.792 3.350 28.741
50.916 6.436 29.427
49.695 8.475 32.387
47.318 11.147 31.145
46.181 9.112 28.114
42.784 10.414 26.920
39.724 8.685 28.364
36.306 9.165 26.735
33.827 8.796 29.609
30.820 9.385 27.347
30.855 9.161 23.572
28.093 10.018 21.125
25.076 7.775 21.582
22.529 6.521 19.073
20.253 9.477 18.395
17.193 10.247 16.318
16.596 13.887 15.452
13.678 15.531 13.612
14.424 17.509 10.464
14.928 21.198 11.290
15.804 20.437 14.915
19.187 20.861 16.585
21.159 17.914 17.937
24.077 18.131 20.358
26.282 15.071 20.312
28.194 14.407 23.471
31.857 13.675 23.729
33.142 13.759 27.286
36.854 13.109 27.599
39.602 13.684 30.140
43.368 13.650 29.851
46.659 15.311 30.674
47.270 17.443 28.752
43.596 18.360 28.273
42.547 16.504 25.118
41.708 18.036 21.776
38.374 16.750 20.468
37.362 16.357 16.860
34.500 14.641 15.035
34.412 12.075 12.233
31.419 10.970 10.203
31.645 7.820 8.059
35.417 7.563 8.639
36.241 11.125 7.527
36.585 14.319 9.552
33.406 16.320 9.824
33.686 19.497 7.760
33.414 22.133 10.465
33.273 24.983 7.928
29.642 24.012 7.432
27.769 26.878 9.106
25.339 24.486 10.840
28.133 22.539 12.526
29.988 23.801 15.605
31.817 22.577 18.715
30.581 23.374 22.225
33.178 22.326 24.809
33.925 19.356 22.542
30.297 18.432 21.818
29.186 18.501 18.153
26.203 20.733 17.488
24.282 20.387 14.247
21.618 23.076 13.865
18.605 22.888 11.560
19.286 19.234 10.839
18.853 17.869 7.308
18.518 14.298 6.081
22.052 14.711 4.660
23.431 14.922 8.208
22.602 11.283 8.927
25.480 8.875 9.348
27.849 7.108 11.712
29.681 9.564 13.973
32.546 9.122 16.370
34.619 11.600 18.357
38.378 11.473 18.769
40.137 12.619 21.931
43.844 13.344 21.413
46.803 14.681 23.378
50.594 14.318 23.445
50.164 10.999 25.292
47.811 9.202 22.902
44.628 9.073 20.834
41.263 7.503 21.606
38.320 7.120 19.200
34.849 6.696 20.708
32.667 3.877 19.497
30.813 5.043 16.378
27.036 5.529 16.518
24.213 6.263 14.115
22.435 9.586 13.869
19.064 9.094 12.218
17.190 12.076 10.855
13.436 11.548 10.855
11.498 13.245 8.050
