17.294 34.999 69.866
16.735 32.496 67.064
13.078 32.214 67.957
12.000 35.709 66.884
12.898 34.968 63.253
10.542 31.985 63.086
7.819 33.724 65.127
8.056 36.435 62.517
7.392 34.054 59.673
4.177 32.977 61.444
2.862 36.456 62.244
3.683 37.776 58.747
1.972 34.695 57.295
-1.026 34.974 59.652
-1.156 38.696 58.828
-1.604 38.189 55.064
-3.842 35.142 55.516
-6.157 37.108 57.814
-6.456 34.228 60.238
-7.664 34.512 63.845
-5.291 35.978 66.489
-5.344 32.636 68.366
-3.441 31.077 65.446
-0.382 33.142 66.205
-0.857 32.763 69.954
-0.986 28.976 69.711
1.866 28.769 67.194
3.970 31.384 69.034
5.672 28.555 71.014
6.238 24.786 71.414
3.498 22.714 72.974
6.112 20.895 75.041
9.852 21.074 75.701
11.733 18.614 77.898
15.223 19.460 79.192
17.234 16.571 80.691
20.591 15.937 82.389
22.234 12.928 80.823
24.986 11.441 82.977
27.782 9.613 81.153
30.172 7.300 82.964
33.208 8.291 80.927
35.929 5.804 79.871
38.438 6.977 82.502
35.658 6.270 85.082
34.178 9.713 85.661
30.844 11.381 85.281
30.061 14.254 83.011
26.452 15.335 82.644
25.303 16.669 79.279
22.165 18.746 78.721
19.664 17.509 76.160
16.343 18.671 74.759
13.312 17.626 72.801
10.846 20.249 71.727
7.507 19.264 70.293
6.378 22.400 68.511
3.087 21.181 67.154
0.999 18.087 66.853
-2.061 19.874 65.405
-1.939 18.135 62.076
-0.231 14.861 63.152
2.512 13.468 65.400
5.661 15.551 65.865
8.739 15.076 63.737
12.228 16.549 63.353
15.936 15.865 63.950
18.460 15.721 66.779
21.537 17.939 66.953
24.843 17.176 68.643
26.395 20.659 68.482
28.012 22.698 71.227
25.812 25.678 70.210
22.493 23.948 70.852
20.474 25.363 73.718
16.750 25.576 74.541
16.182 28.565 72.247
17.888 26.790 69.297
15.685 23.734 69.610
12.523 25.832 70.180
13.254 27.871 67.036
14.331 24.857 64.976
11.184 22.852 65.818
9.056 25.787 64.791
10.920 25.797 61.438
10.069 22.070 61.260
6.326 22.692 61.508
6.787 24.857 58.383
9.064 22.328 56.623
6.364 19.669 57.187
3.145 21.542 56.409
4.791 22.885 53.280
4.569 19.323 51.983
1.189 18.799 53.624
2.457 15.827 55.620
0.477 14.476 58.530
2.991 15.760 61.045
3.830 18.773 63.145
7.260 20.137 64.004
9.562 18.569 66.559
13.312 18.761 67.267
15.935 17.845 69.836
19.620 18.159 70.592
22.409 17.602 73.075
24.901 20.350 73.935
28.013 18.282 73.319
31.131 18.324 71.205
30.874 14.719 69.943
34.447 15.159 68.706
35.549 15.100 72.387
33.762 11.718 72.872
34.797 8.073 72.608
32.402 5.940 70.619
31.210 3.960 73.643
30.803 7.321 75.371
28.833 8.578 72.388
26.544 5.516 72.508
25.980 5.944 76.252
24.970 9.573 75.668
22.598 8.582 72.831
21.012 5.821 74.872
20.921 8.236 77.814
19.076 10.783 75.740
16.236 8.303 74.951
16.221 7.054 78.549
15.511 10.653 79.523
12.448 11.289 77.322
11.058 8.024 75.959
7.609 8.572 77.474
7.077 11.498 75.138
8.384 9.765 72.032
6.851 7.232 69.718
5.877 6.520 66.179
2.536 8.289 66.932
3.692 10.950 69.337
7.046 12.349 68.223
9.498 11.011 65.663
13.164 12.076 65.871
15.557 11.926 62.833
19.165 12.927 62.076
20.438 16.494 62.072
23.925 18.024 62.442
26.443 15.511 63.891
23.868 12.723 63.932
23.335 9.884 61.463
21.844 6.398 61.024
24.317 5.092 63.577
22.902 7.356 66.301
19.361 6.511 65.088
20.161 2.818 65.451
21.286 3.402 69.009
18.169 5.426 69.669
15.990 2.610 68.311
17.735 -0.128 70.299
17.263 1.633 73.630
13.821 2.850 72.745
12.583 -0.709 72.021
13.917 -1.929 75.339
12.010 0.828 77.090
8.941 0.281 74.926
7.954 -3.158 76.293
10.082 -4.720 73.532
7.639 -3.602 70.866
9.661 -2.792 67.813
8.069 0.532 66.859
11.024 1.228 64.630
9.302 4.146 62.866
9.830 6.088 66.108
13.114 7.227 64.524
13.691 7.891 60.876
16.925 8.302 58.968
17.801 4.724 59.784
20.084 2.600 57.590
18.279 0.496 54.959
19.995 -2.399 56.745
