-25.373 17.132 233.877
-25.122 13.500 235.187
-26.776 10.684 233.093
-28.184 7.155 233.697
-24.766 5.570 232.960
-22.896 5.230 236.272
-26.223 5.494 238.204
-27.812 2.608 236.225
-26.381 -0.567 234.618
-27.567 -3.136 231.991
-28.772 -0.623 229.368
-31.421 -2.312 227.160
-33.382 -0.811 224.221
-35.998 -2.832 222.328
-36.178 -1.545 218.692
-39.897 -2.460 218.310
-41.559 -0.586 221.257
-38.469 1.694 221.730
-38.386 1.338 225.548
-35.183 1.914 227.569
-34.860 -0.496 230.532
-32.092 -0.351 233.159
-31.579 -1.103 236.879
-30.761 1.934 239.073
-29.847 2.273 242.792
-32.301 4.209 244.992
-31.321 6.580 247.798
-31.976 3.720 250.255
-29.273 1.806 248.333
-31.968 -0.526 246.897
-31.767 -1.560 243.193
-34.969 -1.241 241.088
-35.866 -1.601 237.350
-37.158 1.379 235.281
-38.604 1.776 231.745
-38.693 4.892 229.485
-40.291 5.596 226.049
-38.181 7.922 223.823
-40.944 8.212 221.188
-42.288 10.812 223.674
-39.393 13.219 222.827
-38.251 11.770 219.439
-40.140 12.226 216.115
-39.258 12.295 212.382
-38.650 15.626 210.683
-38.201 15.411 206.902
-35.725 12.460 207.279
-33.826 13.809 210.332
-34.083 12.899 214.058
-34.619 15.673 216.662
-35.721 16.113 220.292
-39.187 17.626 220.960
-40.898 15.551 218.244
-42.680 12.169 218.609
-43.542 9.073 216.456
-40.219 8.091 214.779
-39.925 4.249 214.781
-43.040 4.249 212.562
-40.934 5.884 209.787
-37.512 4.410 210.731
-35.789 0.995 210.979
-32.523 -0.710 212.081
-32.355 1.288 215.357
-29.317 0.116 217.300
-27.170 1.329 220.168
-23.372 1.396 219.776
-20.704 1.343 222.542
-17.658 3.650 222.061
-14.108 3.232 223.461
-15.629 3.229 226.990
-18.670 1.046 227.746
-19.901 4.018 229.848
-21.723 5.305 226.751
-24.066 3.928 224.044
-24.963 5.802 220.792
-28.356 5.742 218.993
-28.346 5.528 215.143
-31.461 4.866 212.950
-32.494 4.947 209.301
-35.524 7.287 208.914
-37.513 7.463 205.645
-37.648 10.899 203.952
-40.926 12.508 202.821
-40.149 11.517 199.215
-39.905 7.912 200.524
-36.081 7.636 200.417
-34.114 6.059 203.313
-31.254 7.966 205.015
-28.993 7.222 208.033
-29.097 9.698 210.971
-27.311 9.661 214.388
-28.014 11.098 217.888
-26.344 10.920 221.345
-28.735 10.187 224.247
-26.152 11.548 226.755
-27.008 15.293 227.091
-30.029 17.174 228.575
-31.360 13.843 230.016
-30.704 12.526 233.557
-32.104 10.063 236.153
-32.594 10.868 239.867
-31.382 8.365 242.530
-34.930 6.872 242.874
-36.835 8.603 240.011
-36.369 8.932 236.200
-37.094 12.382 234.684
-35.428 14.805 232.228
-33.043 17.371 233.778
