77.296 34.634 40.913
75.428 32.196 38.705
76.427 32.648 35.081
77.065 30.523 32.026
79.648 27.743 32.289
82.616 26.729 30.153
82.404 26.754 26.355
84.731 24.682 24.144
84.917 25.097 20.360
87.323 23.703 17.747
89.345 26.391 15.950
91.825 24.243 13.986
92.896 20.637 13.550
93.880 19.634 17.086
93.230 23.063 18.615
90.231 23.988 20.767
89.314 27.349 22.273
88.019 27.175 25.835
86.133 30.161 27.159
84.953 30.780 30.708
83.159 33.733 32.308
83.158 35.869 35.461
81.198 38.834 36.792
83.054 42.106 37.218
81.576 44.154 40.059
79.468 47.055 38.824
79.858 45.926 35.196
78.682 42.396 34.442
79.969 39.321 32.639
83.393 39.152 30.940
84.999 36.234 29.040
88.433 34.622 29.353
90.099 32.281 26.799
92.614 29.488 26.814
93.369 26.566 24.493
93.516 22.789 24.423
96.135 21.507 21.978
96.155 17.880 20.848
98.900 15.652 19.585
97.114 12.519 18.737
95.475 11.432 21.952
97.686 13.659 24.132
96.214 16.970 25.331
97.920 20.118 26.599
96.104 22.967 28.316
97.201 26.543 27.612
95.808 28.525 30.551
93.197 27.190 32.930
89.599 28.382 32.964
88.723 31.247 35.318
87.408 28.976 38.093
88.140 25.588 39.587
84.683 24.366 38.561
85.221 25.343 34.938
88.617 23.615 35.098
86.842 20.442 36.237
84.435 20.777 33.316
87.349 21.266 30.885
89.306 18.287 32.210
86.227 16.088 31.887
85.540 17.351 28.350
89.022 15.979 27.605
88.959 12.770 29.644
85.504 11.850 28.330
86.983 12.052 24.804
89.665 9.576 25.892
92.492 12.113 25.831
95.571 11.738 28.022
96.023 15.141 29.688
99.765 15.787 29.728
100.292 19.215 31.272
99.037 22.752 31.620
100.967 25.948 31.009
99.800 29.257 32.505
100.843 32.444 30.724
100.934 34.801 33.718
100.027 34.730 37.401
96.571 36.342 37.252
93.547 34.316 38.401
92.079 34.052 34.896
95.201 32.115 33.819
95.821 30.021 36.922
92.556 29.300 38.799
92.808 25.600 37.930
96.433 24.951 38.931
95.476 23.668 42.410
93.054 21.154 40.893
95.533 19.976 38.270
98.161 19.485 40.991
95.687 17.388 42.992
95.319 15.076 39.966
99.072 14.749 39.433
98.857 16.526 36.090
102.093 18.476 35.537
101.585 22.229 35.740
103.977 24.742 34.212
104.646 28.452 34.345
107.724 30.574 33.765
109.980 30.812 36.811
108.981 34.484 37.269
105.271 33.593 37.199
105.956 30.928 39.848
107.718 33.508 42.046
104.752 35.881 41.742
102.244 33.116 42.556
104.371 31.981 45.507
104.599 35.441 47.024
100.810 35.864 46.756
100.149 32.650 48.680
98.682 31.019 45.568
99.090 27.417 44.452
102.346 27.029 42.540
103.064 24.941 39.447
105.091 21.748 39.834
107.348 22.695 36.894
108.756 26.082 35.866
111.257 27.219 33.261
113.957 29.868 33.675
114.882 30.729 30.085
113.001 33.103 27.742
111.980 30.056 25.687
110.698 26.552 26.432
108.766 23.820 24.611
106.041 21.355 25.552
105.154 18.146 23.712
108.298 17.809 21.557
107.767 21.064 19.731
103.974 21.094 19.786
103.937 24.307 21.830
106.737 26.879 21.782
106.729 29.239 24.757
108.338 32.683 24.504
108.786 35.610 26.905
108.718 38.820 24.818
108.994 41.277 27.693
106.631 43.072 30.076
103.295 44.491 28.978
99.956 43.418 30.392
101.997 42.081 33.310
105.699 41.752 34.085
105.600 38.013 33.475
103.329 37.550 30.450
104.410 34.866 27.973
103.026 33.766 24.606
102.635 30.318 23.041
103.288 29.615 19.368
101.773 26.496 17.754
103.862 25.692 14.665
101.479 23.139 13.070
98.237 25.111 13.304
100.099 28.430 12.945
98.189 29.913 15.880
99.819 32.433 18.217
98.256 32.346 21.664
98.928 35.925 22.711
97.144 35.701 26.039
96.300 38.890 27.855
99.359 40.656 26.409
97.405 41.033 23.176
94.141 42.925 22.839
91.190 41.737 20.766
89.151 44.226 18.779
86.219 43.199 21.019
87.221 44.777 24.346
88.005 48.502 24.141
91.368 49.882 25.293
94.204 48.057 27.073
91.994 46.503 29.740
93.160 46.024 33.323
96.529 47.759 33.688
96.916 47.581 37.469
99.882 45.234 37.032
101.028 46.551 33.640
104.254 48.026 32.325
102.679 50.311 29.740
105.904 51.934 28.468
107.352 48.480 27.711
104.190 47.005 26.178
104.561 48.099 22.538
108.184 46.942 22.401
107.157 43.580 23.829
104.639 43.132 21.017
107.345 44.147 18.525
109.551 41.363 19.911
106.791 38.907 18.996
106.523 40.409 15.496
110.325 40.067 15.183
110.021 36.289 15.530
108.258 36.468 12.143
106.038 33.550 13.016
103.843 32.622 10.009
100.749 33.689 11.944
97.341 32.498 10.736
95.405 33.469 13.904
96.099 35.273 17.165
94.135 34.172 20.220
93.734 36.856 22.929
93.139 36.163 26.622
89.880 38.126 26.480
87.649 38.697 23.468
87.440 37.271 19.966
90.191 35.599 17.981
91.646 37.650 15.127
94.458 37.726 12.586
97.999 39.009 13.097
96.383 42.466 12.902
95.647 42.078 16.640
99.372 42.634 17.204
99.270 45.907 15.258
96.123 46.932 17.150
97.832 46.253 20.480
100.918 48.258 19.484
98.663 51.207 18.596
96.919 51.055 21.975
100.151 50.723 23.936
101.856 53.560 22.073
98.834 55.825 22.519
98.728 55.083 26.248
102.488 55.618 26.541
102.537 58.964 24.695
