67.215 18.137 45.913
67.018 20.750 42.990
63.453 21.419 41.201
62.861 24.144 38.553
59.155 25.097 38.566
59.473 26.064 42.275
61.696 29.108 41.501
60.328 32.604 41.248
61.126 34.003 37.817
60.685 37.426 36.223
60.711 38.523 32.633
64.085 40.092 31.481
65.973 38.096 34.199
67.642 34.727 33.274
67.539 31.448 35.283
70.005 28.511 34.953
68.078 25.318 33.945
67.974 22.525 36.444
70.212 20.127 34.619
72.921 22.796 34.239
72.767 23.714 37.913
73.041 20.012 38.863
76.254 19.762 36.820
77.669 23.137 37.972
76.899 22.420 41.666
78.724 19.107 41.408
81.835 20.799 39.964
82.016 23.069 43.028
82.498 20.112 45.451
80.885 22.094 48.233
81.292 21.330 51.939
80.134 22.957 55.200
83.232 25.077 55.582
83.098 26.712 52.132
82.477 30.450 51.780
81.525 31.024 48.181
81.147 34.029 45.993
78.511 33.669 43.321
78.998 36.162 40.594
76.779 37.202 37.782
73.254 38.468 37.981
70.605 35.775 37.657
67.395 34.844 39.319
68.825 33.054 42.339
68.706 29.434 41.184
72.397 28.711 41.628
72.611 30.959 44.760
70.089 28.828 46.693
71.594 25.592 45.604
75.024 26.855 46.694
73.684 28.359 49.917
72.146 25.043 50.875
75.508 23.242 50.788
78.070 25.577 52.277
79.017 27.990 55.162
78.046 31.349 53.506
77.420 32.696 49.982
77.885 36.147 48.542
75.551 36.782 45.672
77.067 39.530 43.607
74.548 40.776 41.073
74.779 44.195 39.300
71.205 44.682 38.060
68.120 45.598 40.038
65.784 43.040 38.546
68.108 40.175 39.413
68.702 41.361 42.949
64.987 41.525 43.424
64.247 38.025 42.196
67.197 36.469 43.920
65.998 38.126 47.118
62.527 36.597 46.639
63.976 33.189 45.988
66.211 33.560 49.022
63.033 34.330 51.012
61.252 31.453 49.396
63.721 28.773 50.569
64.384 30.434 53.930
68.057 31.036 53.195
69.947 32.953 55.952
73.265 31.845 54.625
73.502 34.558 51.993
74.386 38.154 51.352
73.379 39.838 48.173
75.852 42.482 47.175
74.785 44.937 44.589
77.577 45.871 42.254
80.469 45.054 39.984
82.231 41.911 41.146
85.562 43.507 40.342
84.834 46.402 42.895
83.571 44.072 45.578
85.686 40.971 45.328
88.790 42.458 47.032
86.816 43.135 50.152
85.656 39.543 50.871
87.096 36.503 52.528
85.980 33.316 50.805
87.576 30.261 49.405
85.471 29.241 46.314
83.873 30.918 43.334
81.100 30.251 40.819
80.931 32.740 38.013
77.956 32.992 35.721
76.766 35.847 33.483
79.342 38.629 34.450
81.343 41.580 32.824
85.136 41.797 32.910
85.761 38.108 33.276
89.408 38.965 32.721
89.397 41.331 35.673
87.458 38.864 37.895
89.725 35.926 37.096
92.852 37.954 37.838
91.377 39.142 41.227
90.219 35.621 42.034
93.754 34.322 41.298
95.621 36.919 43.319
93.061 36.422 46.192
94.328 32.840 46.244
90.911 31.396 45.285
91.962 27.878 44.433
88.698 26.324 43.311
86.548 28.077 40.675
83.666 27.007 38.461
82.678 29.171 35.544
79.738 28.731 33.106
79.746 30.442 29.777
77.642 30.337 26.606
80.220 32.446 24.792
82.947 31.124 22.633
85.500 33.908 23.399
84.992 33.494 27.137
85.253 29.795 27.103
88.600 30.372 25.248
89.709 33.078 27.807
88.742 31.303 30.963
90.352 27.979 30.124
93.630 29.625 29.040
93.590 32.253 31.828
93.120 29.509 34.448
95.689 27.080 32.942
98.282 29.957 32.837
97.561 30.785 36.420
98.528 27.352 37.505
95.143 25.659 37.766
94.355 22.350 36.552
91.394 22.849 34.297
88.561 20.530 33.463
85.974 21.876 30.849
82.964 20.247 29.313
80.602 21.611 26.727
77.045 20.555 27.591
74.284 20.657 24.985
70.892 19.769 26.431
67.728 19.470 24.230
64.191 18.920 25.755
61.570 16.552 24.504
58.461 18.317 23.234
55.441 16.566 21.784
54.377 17.727 18.354
51.831 16.006 16.089
54.325 13.384 14.833
55.965 12.532 18.205
58.699 13.999 20.369
61.129 16.459 18.914
64.025 17.806 20.932
64.104 21.546 21.572
67.595 22.883 22.167
68.769 26.334 22.944
72.465 27.022 23.217
75.196 24.728 24.489
77.039 25.888 27.607
80.681 25.414 28.738
81.188 24.507 32.343
84.762 25.018 33.515
86.362 23.752 36.734
89.769 25.174 37.738
91.377 23.695 40.864
94.862 24.431 42.129
