-2.442 124.903 18.922
-3.003 122.320 21.644
-1.598 123.274 25.059
-1.245 121.661 28.489
0.285 123.435 31.491
0.518 122.234 35.096
1.616 123.915 38.298
2.114 122.533 41.783
3.648 123.616 45.047
3.867 122.399 48.624
4.719 124.314 51.778
5.649 122.661 55.068
6.441 124.899 58.031
7.403 124.051 61.613
6.259 127.178 63.433
7.818 130.633 63.191
9.058 131.198 59.636
11.071 127.988 59.263
9.934 125.647 56.514
10.397 123.882 53.204
8.806 124.963 49.923
8.700 122.990 46.680
7.447 124.506 43.421
7.603 122.739 40.038
10.875 120.950 40.757
12.743 123.537 42.841
13.108 123.231 46.616
13.550 126.248 48.891
14.374 126.057 52.579
13.676 128.842 55.059
15.196 129.188 58.512
15.552 131.785 61.236
18.259 131.952 63.885
19.142 134.718 66.337
21.646 134.544 69.189
22.654 136.611 72.204
26.139 138.183 72.105
28.880 135.545 71.835
32.009 137.686 72.181
32.604 141.296 73.255
33.436 142.427 69.720
30.239 143.757 68.024
31.661 143.042 64.575
32.445 139.419 65.460
28.961 139.038 66.931
27.365 139.999 63.630
29.743 137.791 61.657
29.357 134.763 63.939
25.573 135.097 64.180
25.497 135.171 60.381
27.633 132.050 59.954
25.388 130.430 62.571
22.163 131.335 60.724
23.487 130.270 57.308
24.435 126.918 58.850
20.763 125.941 59.233
20.587 126.072 55.431
23.941 124.403 54.732
22.922 121.528 57.022
19.968 120.771 54.738
22.287 120.649 51.730
21.162 124.120 50.734
22.713 127.055 48.950
21.877 130.285 50.809
20.432 132.898 48.426
19.153 135.827 50.479
18.460 136.925 54.046
16.835 139.407 56.381
18.467 140.745 59.554
16.590 140.387 62.840
17.457 142.165 66.090
15.835 143.693 69.165
16.834 147.144 67.860
15.992 150.051 70.188
14.340 147.480 72.465
17.674 146.438 73.978
19.525 149.763 73.763
23.014 152.570 68.459
26.671 152.408 67.415
27.404 148.770 68.172
24.619 147.542 65.892
26.294 149.476 63.092
29.328 147.285 63.761
27.101 144.218 64.106
25.581 144.861 60.684
29.049 145.457 59.256
30.112 142.027 60.491
26.973 140.420 59.096
27.461 142.094 55.709
31.035 140.872 55.432
30.035 137.297 56.290
27.045 137.369 53.906
29.248 138.705 51.095
31.629 135.804 51.710
28.634 133.432 51.583
27.427 135.146 48.400
24.076 135.778 50.115
22.104 139.001 49.532
20.729 141.023 52.472
17.187 142.124 51.566
16.520 144.167 54.698
15.707 143.821 58.376
12.990 143.212 60.952
12.803 144.447 64.549
11.514 142.387 67.467
10.186 143.535 70.841
12.822 142.128 73.182
14.784 143.731 76.016
17.383 140.949 75.837
20.064 141.802 73.210
19.743 139.420 70.262
20.721 139.386 66.591
20.366 136.903 63.763
18.965 136.264 60.319
16.012 134.772 58.516
17.554 132.886 55.556
16.219 131.475 52.285
18.195 128.912 50.317
17.724 126.356 47.551
18.417 122.611 47.323
19.160 121.845 43.628
18.332 118.545 41.917
16.161 117.482 44.839
19.204 117.246 47.103
17.157 117.997 50.231
