84.600 42.036 117.702
86.681 43.636 120.485
88.501 46.995 120.329
91.407 47.996 122.598
91.775 51.481 124.113
94.721 53.279 125.684
94.543 55.177 128.953
97.397 57.657 128.725
99.062 60.369 130.774
99.825 60.645 134.509
97.359 59.180 137.000
94.967 58.121 134.213
93.392 54.750 134.941
90.555 52.270 134.496
89.463 49.611 136.966
86.019 47.958 136.898
82.709 47.268 138.634
81.091 44.005 137.545
81.506 44.916 133.894
81.146 48.700 134.032
84.429 50.288 132.937
85.774 52.805 135.482
87.714 55.863 134.390
89.994 57.939 136.593
91.539 60.501 134.299
92.093 63.767 136.165
88.522 64.723 136.937
87.607 66.046 140.333
85.458 62.915 140.516
85.496 59.559 138.644
83.785 58.716 135.328
81.716 55.525 135.512
80.953 53.764 132.243
78.451 50.945 131.727
78.363 48.504 128.787
75.033 48.334 126.858
72.981 45.122 126.721
75.284 42.903 124.661
78.790 44.318 125.137
81.485 43.744 127.757
84.423 45.756 129.042
87.825 44.344 129.782
90.999 45.675 131.332
94.556 44.226 131.289
96.849 46.795 132.880
94.679 49.550 134.480
95.995 51.776 131.691
94.759 49.819 128.692
91.082 49.338 127.778
89.193 46.656 125.880
85.749 46.882 124.309
84.821 43.426 123.134
81.488 42.641 121.556
79.266 41.157 118.899
77.694 43.880 116.764
80.605 45.573 115.011
78.700 48.844 115.245
77.936 49.045 118.987
81.467 48.122 119.932
82.636 50.963 117.755
79.554 52.869 118.792
80.570 52.442 122.487
84.299 52.451 122.796
83.478 55.722 121.117
81.797 56.910 124.340
84.951 55.845 126.141
87.115 57.661 123.616
85.210 60.790 124.627
85.257 60.833 128.408
88.650 62.249 127.472
90.003 63.186 124.024
93.819 63.442 123.659
95.232 66.928 124.089
97.064 68.785 121.357
100.062 69.103 123.643
100.625 65.781 125.400
97.923 63.654 123.813
96.511 62.393 127.107
93.202 60.653 127.513
91.956 57.702 125.549
93.176 56.655 122.097
93.685 53.826 119.572
97.061 52.278 120.571
98.806 53.090 117.314
96.902 56.384 117.642
98.659 59.109 115.643
98.412 62.365 117.604
101.204 64.906 117.098
101.874 67.676 119.572
101.236 71.245 118.454
