10.741 -29.191 -3.805
11.717 -27.640 -0.448
8.978 -25.366 0.889
10.213 -22.294 2.786
7.807 -20.763 5.270
8.702 -17.339 6.575
7.405 -15.888 9.844
5.985 -13.409 10.360
4.394 -12.635 6.986
4.223 -9.004 8.051
5.276 -6.874 11.013
6.091 -3.309 11.950
8.903 -1.932 14.085
10.224 1.369 15.375
13.827 2.343 14.668
16.056 1.082 17.474
13.988 -2.089 17.952
15.347 -5.613 17.557
13.746 -7.519 14.666
13.942 -11.297 14.143
12.437 -12.981 11.104
12.458 -16.770 10.627
12.468 -19.201 7.703
11.349 -22.787 8.205
12.197 -25.399 5.527
10.038 -28.491 4.830
13.250 -30.549 4.692
16.740 -29.754 5.905
19.044 -27.635 3.748
22.788 -26.992 4.065
22.571 -23.165 3.850
19.984 -20.372 3.749
20.280 -17.256 1.586
18.424 -13.982 2.114
17.363 -11.228 -0.265
16.041 -7.725 0.315
13.502 -6.100 -1.951
11.886 -2.686 -1.932
8.879 -1.817 -4.105
9.767 -1.018 -7.709
13.265 -2.521 -7.609
14.997 -5.886 -7.997
15.855 -8.230 -5.137
19.326 -7.711 -3.699
21.407 -10.506 -2.180
21.503 -9.669 1.526
22.943 -12.746 3.247
24.681 -15.753 1.682
25.686 -19.177 3.071
23.488 -18.643 6.133
25.561 -16.007 7.933
27.643 -14.005 5.456
26.643 -10.390 4.841
26.664 -9.322 1.206
28.761 -6.224 0.309
27.157 -3.017 1.611
24.922 -4.779 4.170
25.291 -3.103 7.585
26.493 -4.964 10.679
23.016 -4.671 12.354
22.040 -7.704 10.287
22.903 -11.261 11.312
22.002 -14.502 9.531
21.905 -17.758 11.494
20.317 -21.167 11.594
20.761 -24.809 10.683
18.832 -27.810 9.331
15.235 -26.646 8.805
15.330 -23.392 10.872
16.983 -20.162 9.875
16.736 -16.543 11.020
17.517 -13.020 9.947
18.089 -10.670 12.894
18.354 -6.893 12.955
20.006 -5.887 16.247
18.590 -2.361 16.092
16.418 -1.519 13.122
16.806 1.581 10.962
13.985 3.121 8.901
15.887 2.182 5.721
15.482 -1.502 6.709
11.736 -1.384 5.883
11.514 -3.844 2.988
10.478 -7.374 2.120
13.014 -10.068 2.968
12.966 -13.420 1.196
14.833 -16.552 2.245
16.045 -18.940 -0.469
17.543 -22.438 -0.473
19.827 -23.969 -3.111
20.239 -27.441 -1.641
18.895 -29.014 -4.791
16.535 -28.265 -7.650
14.277 -26.433 -7.796
15.808 -23.454 -6.024
12.972 -22.054 -3.932
12.147 -18.814 -2.127
10.027 -18.243 0.998
6.914 -16.077 0.635
8.578 -12.992 2.100
8.476 -11.143 5.384
7.421 -7.536 4.951
8.975 -5.240 7.567
7.008 -1.973 7.881
7.505 1.171 10.004
5.476 1.711 13.182
4.084 5.260 13.576
