113.769 63.757 30.447
112.103 66.336 28.222
108.830 64.507 27.606
105.482 66.140 28.357
104.106 65.313 31.788
100.963 63.236 31.234
98.504 63.310 34.141
94.963 63.991 35.342
94.078 67.471 36.591
91.694 67.379 39.538
89.579 70.382 40.490
87.464 70.412 43.646
85.072 67.705 44.814
85.760 64.494 42.831
85.846 66.542 39.635
88.467 66.306 36.891
89.191 68.400 33.776
87.820 66.709 30.665
88.274 67.506 26.967
85.165 67.896 24.832
86.141 68.577 21.262
87.401 72.142 21.463
85.857 72.716 24.849
86.893 71.713 28.364
84.925 71.350 31.568
84.601 69.231 34.726
83.442 65.611 35.067
83.684 63.029 37.811
87.283 61.754 37.856
87.502 58.394 36.063
90.946 56.981 35.260
89.540 54.912 32.394
88.601 58.004 30.389
91.270 59.043 27.943
89.558 62.439 27.651
90.805 63.145 31.168
94.502 62.502 30.420
96.582 65.657 29.924
100.024 66.356 28.502
101.818 69.273 30.115
104.609 70.200 27.705
107.955 71.605 28.841
106.772 74.899 27.351
103.958 75.190 29.878
101.100 74.171 27.594
98.386 71.761 28.735
97.344 69.542 25.826
94.666 66.855 25.421
96.357 63.504 25.090
94.121 62.676 22.119
95.219 65.738 20.170
98.486 67.411 21.021
97.711 70.103 18.446
95.087 71.478 20.842
96.094 73.695 23.798
94.050 75.042 26.714
94.022 78.792 26.219
92.068 81.801 27.439
89.798 83.387 24.845
90.738 86.932 25.930
93.393 88.469 28.178
90.731 89.576 30.667
89.061 88.562 33.904
86.231 86.196 33.156
87.473 84.735 29.870
86.747 81.013 29.525
89.555 78.477 28.837
89.065 76.782 25.453
90.957 74.628 22.965
93.103 76.321 20.305
95.847 75.240 17.926
99.137 75.178 19.781
100.919 76.371 16.623
100.142 79.898 17.848
102.204 79.653 21.050
100.533 82.560 22.829
100.991 83.836 26.376
97.480 82.454 26.836
98.640 78.895 26.272
101.349 78.816 28.936
100.646 77.863 32.541
102.445 77.135 35.776
101.235 74.727 38.442
101.913 76.984 41.464
102.805 75.916 44.970
99.431 77.262 46.130
97.428 74.632 44.203
96.410 76.965 41.379
96.934 76.938 37.661
98.491 80.281 36.956
99.068 82.442 33.867
102.145 84.655 34.006
101.063 87.286 31.457
97.528 87.779 32.770
98.415 87.260 36.425
95.228 85.221 36.983
94.321 81.563 37.609
91.967 78.923 36.249
88.764 79.105 38.224
85.494 77.178 38.123
82.820 79.751 37.227
81.002 80.742 40.419
81.890 77.315 41.785
79.160 75.777 39.630
80.247 72.660 37.719
77.020 72.505 35.663
78.047 75.677 33.794
80.595 73.473 32.005
82.905 76.466 32.056
86.445 76.980 33.380
87.377 80.683 33.391
90.228 83.088 34.156
89.923 84.980 37.427
92.098 86.657 40.043
93.415 84.652 42.960
90.906 84.187 45.756
92.293 80.924 47.115
88.859 79.292 47.285
88.205 75.621 46.714
86.969 76.386 43.208
90.515 77.559 42.409
92.391 74.557 43.764
93.711 71.872 41.416
96.014 68.890 41.755
98.032 66.940 39.222
96.854 63.347 39.680
99.451 61.443 37.655
