-5.067 5.511 -15.013
-5.173 2.319 -12.961
-8.780 1.337 -12.265
-8.644 -2.014 -10.490
-7.906 -5.554 -11.628
-11.342 -6.357 -13.083
-11.308 -3.489 -15.574
-7.701 -4.275 -16.519
-8.187 -8.016 -17.067
-11.924 -8.263 -17.680
-11.516 -10.490 -20.737
-9.880 -13.089 -18.467
-12.592 -12.955 -15.792
-16.195 -14.223 -15.466
-17.791 -10.809 -15.959
-19.460 -8.891 -18.778
-20.579 -5.403 -19.803
-23.316 -5.467 -17.133
-21.336 -6.807 -14.160
-21.184 -4.184 -11.377
-17.532 -3.436 -10.587
-16.716 -2.857 -6.917
-13.061 -1.920 -6.858
-10.645 -0.221 -4.478
-7.965 0.093 -7.151
-6.343 -3.113 -5.901
-3.582 -4.672 -7.965
-0.889 -2.990 -10.064
1.376 -3.317 -7.035
5.127 -2.672 -7.411
7.341 -5.401 -8.903
10.566 -4.190 -7.252
14.001 -5.233 -8.570
15.915 -6.197 -5.431
19.608 -5.916 -6.316
20.645 -5.096 -2.734
18.864 -8.225 -1.478
20.376 -10.342 -4.247
23.857 -9.121 -3.288
23.109 -9.705 0.391
22.181 -13.360 -0.173
24.641 -14.055 -2.990
22.010 -14.736 -5.655
23.666 -14.368 -9.065
20.568 -13.383 -11.000
17.666 -10.953 -10.835
15.165 -10.896 -7.984
11.820 -9.076 -8.278
9.547 -8.563 -5.262
5.793 -8.299 -5.944
4.821 -6.040 -3.015
1.162 -7.030 -2.417
1.222 -5.275 0.937
0.248 -2.116 -0.917
-3.206 -3.455 -1.796
-6.161 -1.500 -0.214
-6.509 -3.627 2.948
-2.877 -4.743 3.100
-3.178 -8.212 1.546
-3.300 -9.834 -1.900
-6.721 -11.172 -0.784
-8.136 -7.939 -2.209
-7.655 -9.408 -5.694
-10.150 -12.121 -4.913
-12.619 -10.019 -2.960
-13.069 -7.385 -5.645
-14.352 -10.126 -7.962
-16.176 -12.017 -5.218
-18.124 -8.960 -4.011
-18.717 -7.670 -7.524
-20.232 -11.021 -8.482
-22.242 -10.975 -5.246
-23.754 -7.593 -6.125
-24.461 -8.891 -9.612
-26.332 -11.806 -8.038
-28.377 -9.440 -5.879
-26.802 -10.489 -2.581
-27.564 -8.124 0.290
-24.531 -8.941 2.398
-21.448 -11.139 2.688
-20.729 -13.516 5.535
-17.402 -14.761 6.795
-16.024 -17.058 9.506
-12.427 -15.772 9.467
-10.357 -13.779 11.959
-7.645 -12.779 9.506
-6.911 -10.912 6.278
-9.844 -12.627 4.569
-12.340 -10.999 6.928
-10.798 -7.533 6.673
-10.700 -7.741 2.876
-14.296 -8.977 2.512
-15.519 -6.231 4.855
-13.757 -3.451 2.940
-15.298 -4.539 -0.347
-18.701 -5.005 1.265
-18.535 -1.420 2.577
-17.464 -0.215 -0.861
-20.407 -2.074 -2.411
-22.855 -0.732 0.160
-23.461 -4.247 1.464
-23.507 -5.526 5.035
-20.719 -7.794 6.275
-21.160 -10.455 8.940
-18.464 -12.375 10.789
-19.508 -15.430 12.820
-16.836 -16.944 15.057
-16.740 -19.046 18.233
-16.369 -16.978 21.414
-12.976 -18.638 21.791
-11.539 -17.496 18.452
-12.403 -13.852 19.109
-9.507 -11.441 19.677
-10.045 -7.739 18.921
-6.528 -7.185 17.592
-7.160 -9.600 14.726
-10.639 -8.199 14.067
-10.202 -4.425 14.422
-9.707 -3.695 10.721
-12.681 -5.789 9.644
-14.717 -4.100 12.346
-13.825 -0.546 11.390
-14.855 -1.461 7.830
-18.297 -1.986 9.390
-18.343 -5.785 9.784
-20.702 -7.043 12.470
-18.881 -9.658 14.529
-20.791 -12.257 16.527
-19.232 -14.305 19.312
-20.951 -17.673 18.939
-21.031 -19.357 22.344
-20.008 -22.651 20.777
-17.407 -24.531 18.745
-15.834 -23.668 15.384
-17.790 -26.204 13.338
-20.771 -25.366 15.538
-20.732 -21.891 14.043
-19.898 -22.858 10.472
-23.181 -24.741 10.429
-24.943 -21.471 11.221
-22.986 -19.698 8.476
-24.094 -22.431 6.071
-27.753 -22.211 7.115
-27.730 -18.456 6.520
-26.437 -18.806 2.980
-29.026 -21.462 2.190
-31.947 -19.463 3.576
-31.051 -15.822 2.827
-29.488 -13.785 -0.026
-26.190 -13.524 1.873
-22.923 -14.275 0.095
-20.569 -16.738 1.777
-17.025 -15.600 1.038
-15.063 -18.501 2.554
-12.563 -20.568 0.546
-15.512 -22.253 -1.174
-16.049 -19.089 -3.228
-14.390 -19.746 -6.639
-14.069 -16.073 -7.568
-11.303 -15.551 -5.031
-8.837 -17.759 -6.888
-10.007 -16.273 -10.195
-9.287 -12.724 -9.107
-5.966 -13.724 -7.570
-4.565 -15.081 -10.832
-4.253 -11.454 -11.977
-1.048 -11.174 -9.951
0.651 -13.520 -12.426
-0.697 -11.432 -15.315
0.910 -8.309 -13.873
4.297 -9.954 -13.405
4.223 -11.168 -17.009
3.024 -7.754 -18.265
5.767 -5.896 -16.412
8.650 -8.278 -17.210
7.507 -8.946 -20.780
8.040 -12.679 -20.174
7.624 -15.182 -17.345
10.270 -15.645 -14.594
12.290 -18.857 -14.359
10.886 -19.389 -10.871
8.112 -17.906 -8.761
8.470 -18.051 -4.973
5.303 -17.813 -2.908
4.137 -18.532 0.659
1.612 -21.369 0.958
-1.178 -21.405 3.540
-4.483 -22.688 2.164
-2.654 -22.888 -1.176
-5.226 -20.849 -3.091
-2.644 -18.262 -4.164
-0.057 -20.649 -5.613
-2.957 -22.319 -7.448
-4.099 -18.940 -8.761
-0.653 -17.867 -9.973
-0.157 -21.159 -11.803
-3.534 -20.821 -13.509
-2.585 -17.259 -14.413
0.743 -18.271 -15.907
-0.851 -21.101 -17.897
-3.453 -18.746 -19.370
-0.820 -16.301 -20.614
1.208 -19.252 -21.899
-1.741 -20.852 -23.713
-2.367 -17.444 -25.241
1.240 -17.091 -26.335
1.964 -14.027 -24.202
4.840 -15.879 -22.536
7.184 -18.517 -23.987
8.030 -20.407 -20.810
6.230 -21.378 -17.620
7.800 -20.514 -14.269
8.649 -23.307 -11.869
6.342 -22.776 -8.888
8.269 -22.798 -5.623
5.848 -22.745 -2.707
6.954 -22.379 0.910
5.418 -23.428 4.217
6.489 -22.808 7.797
8.169 -25.858 9.371
5.581 -26.290 12.121
2.704 -26.028 9.652
3.800 -27.855 6.504
1.089 -30.465 5.821
1.670 -30.249 2.065
5.406 -30.769 2.444
4.826 -33.748 4.748
1.879 -35.261 2.901
-0.587 -35.363 5.798
-2.658 -32.879 7.882
-1.190 -31.107 10.910
-3.594 -31.148 13.857
-2.107 -28.134 15.632
-0.081 -26.084 13.119
2.579 -23.893 14.713
4.358 -20.819 13.339
4.931 -17.133 13.939
3.713 -16.517 10.361
-0.003 -16.594 11.203
-1.112 -16.121 7.584
0.264 -19.566 6.665
-0.477 -21.375 9.938
-2.722 -23.919 8.188
-2.928 -27.630 9.023
-5.265 -28.842 6.280
-5.095 -26.469 3.274
-8.339 -26.042 1.354
-6.550 -25.993 -2.039
-4.117 -28.818 -1.200
-4.827 -30.840 -4.355
-4.524 -28.024 -6.902
-1.347 -26.781 -5.187
0.373 -30.148 -5.646
-0.754 -30.128 -9.275
0.717 -26.650 -9.744
4.092 -27.740 -8.373
3.975 -30.953 -10.409
2.950 -29.380 -13.737
5.332 -26.432 -13.371
8.261 -28.615 -12.353
8.352 -26.788 -9.049
7.911 -27.892 -5.463
6.325 -26.934 -2.143
8.885 -27.014 0.661
9.422 -25.745 4.192
11.557 -23.232 6.064
11.910 -22.625 9.794
10.470 -19.634 11.645
14.083 -18.508 12.158
14.728 -18.542 8.424
11.409 -16.753 7.890
12.251 -13.998 10.382
15.740 -13.584 8.901
14.187 -12.966 5.469
11.456 -10.774 6.981
14.142 -8.486 8.394
16.564 -8.714 5.466
13.933 -7.664 2.916
13.358 -4.486 4.918
17.016 -3.679 5.633
18.202 -4.239 2.063
15.299 -2.804 0.059
13.152 -0.715 2.400
10.219 -3.040 1.744
8.177 -3.966 4.821
6.114 -7.154 4.491
4.546 -9.394 7.123
6.236 -12.637 8.349
4.214 -15.010 6.141
5.187 -12.997 3.057
8.882 -13.395 3.910
8.632 -17.192 3.583
9.014 -16.814 -0.175
12.392 -15.063 0.144
13.431 -17.419 2.935
12.748 -20.260 0.521
14.968 -18.578 -2.058
17.756 -18.052 0.470
17.577 -21.740 1.360
17.949 -22.857 -2.246
20.768 -20.366 -2.841
22.806 -21.761 0.055
22.149 -25.331 -1.107
23.674 -24.423 -4.473
20.382 -24.914 -6.334
20.935 -22.201 -8.949
23.270 -22.132 -11.949
23.334 -18.368 -12.410
21.388 -15.777 -14.359
17.934 -17.055 -13.434
15.071 -14.582 -13.057
13.054 -15.031 -9.883
9.897 -13.298 -8.658
8.726 -13.447 -5.051
5.261 -12.657 -3.766
5.285 -10.531 -0.625
1.669 -11.324 0.271
1.010 -8.808 3.058
1.923 -5.371 4.405
4.316 -5.505 7.358
2.044 -2.980 9.071
-0.433 -5.877 9.410
1.713 -7.406 12.185
2.886 -4.838 14.780
3.501 -7.575 17.353
6.173 -9.403 15.374
7.697 -6.047 14.375
8.162 -5.144 18.039
9.315 -8.671 18.916
12.270 -8.641 16.485
13.400 -5.139 17.454
16.708 -4.983 19.275
17.114 -2.605 22.206
17.891 1.089 21.534
21.501 1.737 22.584
21.600 4.210 25.473
24.252 6.927 25.175
25.161 10.127 27.076
24.354 13.605 25.622
27.864 14.009 24.226
28.789 14.599 20.576
32.085 12.711 20.769
30.533 9.762 22.616
27.667 9.557 20.116
30.125 9.654 17.221
31.998 6.931 19.101
28.940 4.672 19.292
28.238 5.201 15.592
30.965 4.103 13.188
32.428 7.547 12.477
