20.141 13.708 -19.209
18.371 10.420 -18.845
16.098 8.971 -16.198
15.230 5.438 -15.205
11.395 5.053 -14.912
9.602 2.649 -12.496
9.824 -0.283 -14.818
13.440 -0.744 -13.778
13.925 -4.343 -12.547
17.170 -3.832 -10.771
19.493 -6.033 -12.910
22.680 -3.897 -12.371
23.532 -4.330 -16.084
23.700 -0.536 -16.551
25.973 0.570 -13.606
29.620 -0.606 -14.564
29.017 0.759 -17.985
28.197 4.484 -17.724
31.349 6.375 -18.730
30.733 8.988 -16.072
29.640 6.708 -13.166
26.324 8.629 -12.760
24.219 5.586 -12.124
23.760 4.158 -8.679
21.287 2.150 -6.701
19.127 3.553 -3.999
15.764 3.559 -2.373
13.724 1.427 -4.788
15.258 1.392 -8.333
18.507 2.487 -10.044
18.938 6.229 -10.187
20.742 8.525 -12.584
22.251 11.689 -11.268
21.076 14.500 -13.404
24.320 16.405 -12.841
26.579 13.689 -14.091
24.645 12.422 -17.184
25.825 13.685 -20.563
23.619 11.149 -22.371
26.975 9.675 -23.376
27.866 12.496 -25.686
31.656 12.331 -26.167
31.813 8.698 -25.468
29.228 6.652 -27.394
26.917 7.414 -30.381
24.112 5.956 -28.247
23.487 6.175 -24.493
25.247 3.143 -23.100
22.600 2.369 -20.377
19.775 2.112 -22.959
22.068 -0.181 -24.805
22.669 -2.647 -22.024
19.070 -2.409 -20.624
16.953 -5.546 -21.015
13.630 -3.901 -20.594
13.628 -0.339 -22.264
13.226 1.737 -19.114
15.586 4.632 -19.721
14.038 7.737 -21.237
14.850 11.333 -21.769
13.822 13.369 -18.820
11.559 16.218 -19.002
12.651 18.077 -15.815
16.207 17.829 -17.108
16.031 19.144 -20.617
19.510 19.672 -22.113
20.555 20.734 -25.578
23.266 18.903 -27.372
25.848 21.518 -26.810
25.098 21.689 -23.071
25.530 17.847 -22.879
28.651 18.453 -24.738
29.922 21.099 -22.451
29.194 18.704 -19.498
31.297 16.054 -21.160
34.267 18.426 -21.744
34.205 19.856 -18.033
34.118 16.191 -16.794
36.788 14.728 -19.056
38.526 17.954 -20.590
41.292 18.354 -23.444
