40.325 -7.554 -16.447
37.051 -8.419 -14.789
36.667 -5.944 -11.946
34.417 -3.899 -9.704
35.067 -0.151 -9.628
33.575 1.830 -6.737
32.933 5.582 -6.443
35.366 7.775 -4.484
35.833 8.414 -0.763
32.993 10.132 1.080
33.170 12.712 3.875
29.659 13.435 5.116
28.136 15.307 8.077
25.885 13.343 10.470
22.184 13.419 9.606
23.018 13.513 5.904
22.756 10.605 3.471
25.009 9.204 0.767
24.768 6.917 -2.289
27.777 4.747 -3.172
28.216 3.082 -6.557
29.948 -0.033 -7.871
30.407 -0.656 -11.610
31.319 -4.010 -13.112
33.453 -4.605 -16.196
34.134 -8.045 -17.691
30.721 -9.549 -16.836
27.094 -8.427 -16.506
25.836 -7.936 -12.971
22.471 -9.311 -14.013
24.189 -12.697 -14.257
25.228 -12.856 -10.593
24.408 -11.418 -7.152
25.773 -8.102 -5.913
26.536 -7.360 -2.277
27.747 -4.587 -0.053
29.969 -5.333 2.963
30.979 -2.918 5.715
34.216 -2.945 7.688
34.351 -0.468 10.585
37.701 1.129 11.398
39.977 -1.667 12.674
37.166 -4.243 12.732
35.663 -7.322 11.111
33.381 -7.702 8.110
29.600 -7.165 8.110
27.366 -8.213 5.267
24.849 -5.416 4.582
22.631 -6.370 1.707
22.260 -8.446 -1.415
20.517 -7.776 -4.729
19.742 -9.864 -7.791
19.964 -7.313 -10.662
17.979 -9.563 -13.030
14.764 -8.979 -11.005
15.695 -6.439 -8.347
14.992 -8.757 -5.402
16.900 -7.807 -2.255
17.987 -9.164 1.134
19.157 -7.047 4.084
20.741 -7.893 7.407
17.987 -6.810 9.861
20.255 -4.317 11.601
20.616 -2.210 8.449
16.893 -2.159 7.717
15.779 1.447 7.486
19.369 2.598 7.070
20.597 0.897 3.894
19.005 0.544 0.470
20.572 -1.561 -2.255
19.635 -1.055 -5.919
21.138 -1.907 -9.290
21.019 -0.726 -12.883
21.745 -3.424 -15.454
22.032 -0.913 -18.317
24.969 0.795 -16.576
26.086 -2.501 -14.992
26.122 -0.705 -11.657
25.046 -1.642 -8.115
24.328 1.099 -5.529
24.275 1.477 -1.769
22.220 4.258 -0.179
22.741 5.056 3.530
20.451 7.523 5.339
20.563 9.429 8.675
24.299 8.963 8.890
26.022 8.802 12.283
29.633 8.152 13.327
28.699 4.463 13.557
28.366 4.515 9.768
31.991 5.543 9.264
33.631 2.549 7.618
35.035 1.175 4.401
32.241 -0.157 2.169
32.972 -2.919 -0.296
30.740 -4.162 -3.028
31.224 -7.814 -3.946
29.927 -10.061 -6.702
29.381 -13.824 -6.378
31.643 -15.610 -8.910
30.428 -14.476 -12.348
32.321 -17.278 -14.160
32.996 -20.967 -13.589
36.626 -21.688 -12.769
37.163 -18.456 -10.853
36.188 -16.884 -7.549
34.326 -13.800 -6.431
35.101 -10.150 -7.028
35.408 -7.311 -4.494
35.668 -3.623 -5.310
38.574 -1.538 -4.012
36.390 -0.149 -1.241
34.875 3.274 -0.556
35.835 4.998 2.678
32.944 6.852 4.294
33.704 9.294 7.108
30.768 10.757 9.037
31.790 13.730 11.174
30.653 17.287 11.809
