10.690 -29.743 -24.437
6.934 -29.376 -24.726
5.658 -26.738 -22.289
1.997 -25.837 -21.780
1.023 -22.320 -20.617
-2.027 -22.396 -18.338
-3.886 -19.693 -16.453
-7.168 -18.021 -15.536
-8.470 -15.400 -17.978
-6.643 -12.027 -17.842
-3.460 -12.939 -15.968
-1.023 -11.781 -18.681
-0.737 -15.189 -20.330
-0.812 -13.857 -23.925
1.788 -11.188 -23.135
4.086 -13.808 -21.607
3.567 -16.146 -24.589
4.483 -13.294 -26.964
7.574 -12.278 -24.982
8.841 -15.861 -25.011
8.148 -16.744 -28.683
8.390 -13.367 -30.431
7.179 -13.759 -34.016
8.077 -17.459 -33.910
4.450 -18.459 -33.389
1.389 -19.198 -35.454
-2.363 -19.497 -34.932
-4.527 -22.499 -35.816
-7.629 -24.224 -34.439
-7.818 -26.827 -31.721
-8.758 -30.160 -33.360
-12.406 -30.484 -34.398
-13.388 -27.099 -32.979
-13.353 -23.413 -33.895
-11.316 -22.481 -30.797
-8.030 -20.781 -31.693
-4.689 -22.287 -30.703
-1.436 -20.343 -30.402
1.770 -22.337 -30.499
5.391 -21.324 -30.875
9.056 -22.087 -30.439
12.131 -20.643 -28.789
15.577 -21.975 -27.983
17.404 -21.692 -24.677
20.846 -23.117 -23.904
20.586 -25.963 -26.412
16.955 -26.786 -25.621
14.245 -26.225 -28.214
11.024 -25.361 -26.439
7.609 -25.830 -28.033
5.293 -23.549 -26.076
1.572 -24.225 -26.364
-0.920 -21.668 -25.040
-3.955 -23.256 -23.373
-7.321 -21.488 -23.268
-7.933 -19.400 -20.133
-9.706 -21.418 -17.405
-11.029 -20.641 -13.946
-11.355 -24.373 -13.390
-10.592 -27.487 -15.410
-13.885 -28.999 -14.227
-16.221 -26.492 -15.907
-18.370 -27.496 -18.889
-17.457 -24.947 -21.587
-15.280 -25.918 -24.568
-12.327 -23.830 -23.349
-11.996 -25.824 -20.122
-12.615 -29.180 -21.837
-9.765 -28.388 -24.208
-7.370 -27.478 -21.398
-8.401 -30.378 -19.166
-8.153 -32.948 -21.960
-4.751 -31.654 -23.044
-3.420 -31.823 -19.482
-4.834 -35.332 -18.902
-3.207 -36.591 -22.104
0.197 -35.597 -20.709
1.946 -34.640 -23.971
3.439 -31.604 -22.221
6.695 -32.194 -20.331
5.810 -29.473 -17.812
3.340 -26.675 -17.194
3.875 -22.996 -16.602
0.967 -21.605 -14.617
0.655 -17.881 -15.202
-0.675 -16.165 -12.091
-1.841 -12.677 -11.161
0.257 -11.270 -8.263
-2.345 -8.754 -7.122
-5.183 -11.243 -6.714
-3.680 -14.753 -6.679
-6.654 -16.666 -5.214
-8.113 -17.924 -8.524
-4.646 -18.830 -9.826
-3.801 -20.761 -6.648
-7.069 -22.657 -6.910
-6.310 -23.613 -10.525
-2.775 -24.594 -9.455
-4.213 -27.190 -7.046
-6.227 -28.707 -9.895
-3.290 -28.728 -12.305
-1.004 -30.373 -9.727
-3.441 -33.299 -9.755
-2.625 -33.924 -13.437
0.974 -32.737 -13.714
3.445 -32.408 -10.839
5.990 -30.485 -12.918
4.659 -26.933 -12.634
6.345 -23.514 -12.560
4.368 -20.574 -11.205
5.011 -17.432 -13.256
3.730 -14.368 -11.429
2.724 -11.340 -13.490
1.594 -7.775 -12.735
4.605 -7.518 -10.427
4.981 -3.792 -11.205
1.367 -2.990 -10.309
1.543 -5.283 -7.278
4.249 -3.173 -5.617
1.970 -0.159 -6.068
4.933 -11.038 -1.928
7.943 -12.853 -0.497
8.963 -15.071 -3.410
11.158 -17.453 -1.432
8.290 -17.803 1.055
5.597 -18.512 -1.539
7.955 -21.015 -3.173
8.808 -22.754 0.123
5.096 -23.035 0.845
4.140 -24.457 -2.546
7.066 -26.831 -3.137
7.430 -25.697 -6.743
9.533 -22.969 -8.433
7.998 -19.485 -8.409
9.289 -16.782 -10.753
8.319 -13.111 -10.884
7.986 -11.910 -14.465
7.410 -8.799 -16.502
6.726 -9.382 -20.187
7.424 -5.688 -20.802
10.940 -5.370 -19.367
11.897 -9.019 -19.642
12.402 -9.239 -15.882
12.275 -12.854 -14.732
12.243 -14.397 -18.213
15.799 -15.739 -17.902
14.936 -17.268 -14.495
11.772 -18.782 -16.033
13.701 -20.399 -18.884
16.306 -21.639 -16.430
13.495 -23.347 -14.481
12.110 -24.928 -17.658
15.442 -26.601 -18.416
15.769 -27.765 -14.782
12.470 -29.627 -15.017
13.392 -30.899 -18.499
16.287 -32.792 -16.892
