-14.951 -56.220 9.676
-13.819 -55.097 6.220
-15.873 -56.857 3.495
-14.137 -59.716 1.623
-11.232 -58.593 -0.555
-8.080 -59.812 -2.314
-4.600 -58.329 -2.234
-1.943 -59.005 -4.889
1.441 -58.188 -3.325
4.741 -58.324 -5.183
8.397 -57.437 -4.606
11.733 -57.934 -6.343
14.548 -58.895 -3.968
18.233 -59.451 -4.810
17.484 -63.190 -4.302
14.492 -63.147 -6.633
10.894 -62.045 -7.220
7.960 -62.973 -5.004
4.275 -62.506 -5.757
1.566 -63.316 -3.209
-2.187 -63.496 -3.731
-4.168 -63.249 -0.490
-7.917 -63.651 -0.273
-9.110 -62.133 3.001
-12.432 -62.593 4.826
-13.181 -61.212 8.294
-9.557 -60.065 8.534
-8.149 -63.585 8.008
-6.303 -64.893 4.978
-8.585 -67.637 3.630
-6.263 -68.431 0.717
-2.622 -67.633 0.048
-0.722 -68.392 -3.162
2.975 -67.731 -3.681
4.826 -67.405 -6.985
8.591 -66.958 -6.978
11.761 -67.326 -9.027
13.944 -67.533 -5.920
16.656 -70.177 -6.338
15.482 -71.692 -3.043
11.694 -71.705 -3.215
11.021 -74.414 -0.586
10.474 -72.094 2.418
8.225 -69.850 0.330
6.151 -72.878 -0.672
5.937 -73.910 2.991
4.827 -70.352 3.870
1.974 -70.413 1.367
0.279 -73.359 3.128
0.941 -72.045 6.615
-0.638 -68.649 5.884
-4.117 -70.045 5.541
-6.156 -68.748 8.484
-3.479 -66.216 9.482
-4.556 -62.709 10.521
-4.031 -60.131 7.803
-1.756 -58.123 10.119
1.950 -57.327 10.213
2.645 -58.942 13.614
1.209 -62.319 12.669
2.613 -62.310 9.122
6.113 -61.616 10.423
5.663 -64.394 12.992
4.891 -66.878 10.177
7.880 -65.730 8.093
10.236 -65.975 11.028
8.871 -69.330 12.270
10.388 -70.826 9.081
13.935 -70.166 10.363
13.885 -73.441 12.348
13.451 -75.713 9.347
14.939 -73.392 6.709
17.954 -71.846 8.475
19.940 -71.521 5.224
17.349 -69.004 3.950
17.517 -66.717 6.984
18.555 -63.666 4.903
15.689 -64.187 2.432
13.085 -64.852 5.121
14.015 -61.758 7.142
13.846 -59.552 4.016
10.533 -61.144 3.049
9.220 -60.627 6.576
10.117 -56.909 6.728
8.729 -56.268 3.255
5.483 -58.129 3.868
4.809 -56.258 7.107
5.218 -52.919 5.309
3.074 -54.139 2.419
-0.001 -54.929 4.547
0.298 -52.015 7.011
