22.844 -11.258 8.139
20.800 -8.071 8.451
19.743 -7.835 4.789
17.394 -10.813 4.991
15.727 -9.255 8.044
14.886 -6.114 6.126
13.929 -7.644 2.803
10.839 -8.790 4.737
9.661 -5.199 4.108
9.843 -5.378 0.294
6.032 -4.935 -0.020
6.059 -1.528 1.676
6.239 1.782 -0.147
9.482 3.753 0.454
10.006 3.982 4.185
12.257 5.404 6.856
13.669 3.896 9.981
14.849 6.757 12.161
17.690 6.125 14.615
18.359 8.836 17.187
19.997 9.274 20.565
22.379 11.635 22.357
25.851 12.238 20.938
28.261 9.311 21.659
25.440 6.759 22.188
26.890 4.606 19.374
24.576 5.422 16.411
27.166 5.843 13.678
28.862 2.644 14.916
25.580 0.730 14.598
24.891 2.115 11.115
28.330 0.976 9.938
27.926 -2.428 11.562
24.628 -3.041 9.623
26.608 -3.383 6.359
23.523 -2.454 4.297
25.156 0.274 2.237
27.299 3.389 2.377
26.728 5.970 5.147
26.109 9.293 3.303
26.120 12.595 5.226
23.944 15.530 4.174
23.387 18.921 5.776
19.780 19.798 4.813
19.790 22.957 6.941
22.703 24.804 8.560
23.969 22.977 11.642
21.945 19.760 11.067
23.988 16.766 9.924
22.034 13.661 8.861
23.546 10.273 8.011
21.543 7.938 5.731
21.955 4.357 4.588
19.624 3.473 1.768
18.948 -0.242 1.511
16.370 -1.199 -1.140
13.124 0.591 -0.129
14.391 1.580 3.361
16.235 4.726 4.427
18.008 4.405 7.759
18.163 8.021 8.863
20.338 9.079 11.774
20.798 12.294 13.726
21.855 13.387 17.197
19.323 14.667 19.734
19.916 16.633 22.936
12.213 20.918 11.366
12.676 17.147 11.778
8.981 16.836 11.009
9.302 16.337 7.233
11.104 12.987 7.982
8.294 11.555 10.115
5.616 11.063 7.476
7.077 7.763 6.118
8.908 6.659 9.337
7.779 3.101 10.248
10.367 2.406 12.914
12.077 4.531 15.574
15.346 3.277 17.090
16.546 5.053 20.214
20.145 4.334 21.171
21.366 4.920 24.745
24.848 4.724 26.211
24.116 2.248 29.053
27.293 3.299 30.817
26.480 7.065 30.852
24.552 7.406 34.114
24.859 11.200 34.071
23.007 11.576 30.746
20.247 8.954 31.136
17.778 11.621 32.414
18.537 13.653 29.269
18.038 10.528 27.142
14.654 9.920 28.797
13.548 13.464 27.975
14.637 13.265 24.299
12.957 9.863 23.884
9.623 11.089 25.185
9.681 14.330 23.162
10.112 12.128 20.078
7.198 9.955 21.219
5.119 13.154 21.666
5.259 13.792 17.881
1.816 13.144 16.377
3.363 12.058 13.051
5.243 9.243 14.854
2.114 7.875 16.604
2.146 4.553 14.734
5.940 3.983 14.673
7.352 0.809 16.228
9.949 1.628 18.956
13.226 -0.308 19.412
15.528 0.857 22.210
19.128 -0.301 21.997
20.770 -0.296 25.435
24.263 0.025 24.005
27.804 -0.469 25.448
26.797 -3.512 27.481
30.409 -4.664 27.155
31.446 -1.971 29.655
31.931 -3.231 33.255
29.757 -0.674 35.065
27.007 -0.408 32.426
23.395 -0.333 33.641
21.608 -3.475 32.512
18.570 -3.463 30.252
16.106 -3.665 33.165
17.621 -0.573 34.822
17.543 1.336 31.494
13.870 0.282 31.011
13.041 1.657 34.449
15.032 4.902 33.849
13.502 5.543 30.412
9.901 5.065 31.650
9.186 2.351 29.053
6.925 0.328 31.364
4.542 3.318 31.393
3.910 3.331 27.605
0.428 1.906 26.820
-0.415 2.161 23.089
3.157 1.800 21.693
4.735 -1.415 20.409
8.235 -1.187 21.942
11.151 -3.486 22.731
14.471 -2.983 24.493
17.592 -4.858 23.369
20.993 -4.911 25.107
23.822 -4.354 22.588
27.516 -3.936 22.042
27.646 -2.046 18.716
31.414 -2.475 18.298
31.108 -6.321 18.282
27.561 -6.344 16.886
26.225 -8.410 19.782
22.448 -7.949 20.167
21.903 -6.032 16.912
20.401 -9.003 15.047
17.942 -9.825 17.853
16.641 -6.238 18.169
16.405 -5.730 14.399
14.686 -9.094 13.959
12.015 -7.914 16.402
11.734 -4.492 14.725
11.465 -5.780 11.166
8.941 -8.490 12.175
6.804 -5.885 13.906
6.765 -3.543 10.946
6.210 -6.403 8.458
3.094 -7.629 10.241
1.190 -4.375 9.650
