20.452 -24.299 -8.084
19.527 -21.855 -5.321
16.761 -19.468 -6.409
15.711 -16.363 -4.470
12.157 -15.246 -5.265
10.856 -11.869 -4.060
7.175 -11.322 -3.302
6.920 -15.123 -3.268
3.357 -15.164 -1.916
1.838 -12.726 -4.414
1.547 -12.423 -8.189
3.555 -15.179 -9.875
5.650 -15.735 -6.761
3.935 -18.870 -5.495
3.875 -20.688 -8.843
7.484 -19.801 -9.596
8.537 -21.067 -6.169
6.505 -24.271 -6.572
7.989 -24.947 -10.012
11.634 -24.758 -8.910
10.918 -26.859 -5.804
8.989 -29.383 -7.886
12.022 -29.585 -10.178
14.279 -30.433 -7.244
15.963 -27.055 -6.759
16.517 -24.955 -3.620
14.308 -21.875 -3.199
14.724 -18.866 -0.895
11.231 -17.382 -0.748
10.923 -13.859 0.615
7.823 -11.810 1.306
6.132 -9.524 3.806
3.547 -12.034 5.040
5.279 -14.526 7.352
1.975 -16.377 7.749
1.806 -17.363 4.085
5.541 -18.024 3.859
5.079 -20.528 6.680
2.128 -22.136 4.905
4.243 -22.602 1.793
7.178 -24.042 3.736
4.999 -26.521 5.630
3.733 -27.603 2.223
6.949 -27.609 0.171
9.626 -28.872 2.551
13.277 -28.486 3.500
14.224 -27.328 0.006
12.298 -24.137 0.759
13.948 -21.480 2.923
11.644 -18.618 3.948
12.503 -15.090 5.065
10.169 -12.168 5.739
11.366 -9.144 3.785
10.268 -5.807 2.340
12.260 -5.057 -0.822
11.624 -1.313 -0.308
13.779 -1.435 2.849
17.397 -1.934 1.757
18.717 -2.098 5.307
16.370 -5.067 5.735
17.667 -6.619 2.505
21.258 -6.556 3.775
20.055 -8.085 7.036
18.156 -10.857 5.248
21.157 -11.744 3.067
23.540 -11.496 6.021
21.535 -14.056 7.998
21.720 -16.677 5.239
23.550 -19.868 6.292
26.793 -20.530 4.415
25.004 -23.244 2.415
22.320 -20.852 1.123
24.601 -17.930 0.245
25.485 -19.051 -3.285
22.435 -17.645 -5.047
22.211 -18.835 -8.658
19.030 -17.023 -9.695
17.332 -13.850 -8.463
13.722 -13.579 -9.599
12.591 -9.997 -9.036
8.894 -10.804 -8.809
7.843 -8.292 -6.133
5.654 -5.607 -7.660
2.075 -4.565 -8.259
-0.381 -2.649 -10.411
-2.641 -0.180 -8.611
-5.428 1.971 -10.028
-7.093 2.306 -13.425
-8.137 5.967 -13.429
-6.733 8.364 -16.043
-3.641 10.310 -14.919
-5.401 13.489 -13.751
-7.697 11.458 -11.463
-5.306 8.763 -10.237
-4.079 8.453 -6.659
-0.513 9.739 -6.434
-0.104 7.444 -3.417
-0.650 4.442 -5.711
2.047 5.826 -7.989
4.542 6.097 -5.122
3.815 2.529 -4.028
4.368 1.151 -7.523
7.621 3.059 -7.990
8.832 1.998 -4.533
8.165 -1.702 -5.105
8.476 -2.161 -8.893
11.567 -0.005 -9.385
13.286 0.922 -6.107
12.831 -2.513 -4.561
13.923 -4.187 -7.771
17.165 -2.207 -8.103
17.851 -2.595 -4.358
17.606 -6.399 -4.520
19.706 -6.487 -7.686
22.390 -4.198 -6.253
22.637 -6.403 -3.163
22.731 -9.784 -4.932
24.599 -8.992 -8.150
28.035 -8.405 -6.569
28.029 -11.963 -5.268
27.141 -13.297 -8.708
29.911 -11.304 -10.376
32.413 -12.581 -7.803
31.295 -16.165 -8.418
31.035 -15.308 -12.141
27.731 -17.124 -12.147
24.123 -16.080 -11.831
20.952 -15.054 -13.601
18.788 -11.992 -12.925
15.199 -12.661 -14.001
13.015 -9.572 -13.871
9.255 -9.870 -14.045
8.276 -7.040 -16.355
5.049 -6.596 -18.305
3.684 -5.870 -21.767
2.539 -2.713 -19.988
6.128 -1.538 -20.255
5.970 -1.464 -24.050
2.341 -0.888 -25.033
0.405 2.212 -23.839
-3.190 1.950 -22.603
-5.657 4.082 -20.642
-5.141 3.802 -16.895
-1.725 2.185 -17.122
0.178 5.479 -16.761
2.667 4.841 -13.941
2.400 1.033 -13.826
3.439 0.893 -17.472
6.173 3.435 -16.793
7.594 1.272 -13.978
7.657 -1.728 -16.312
9.457 0.237 -19.046
11.986 1.085 -16.316
12.320 -2.661 -15.644
12.929 -3.494 -19.295
15.627 -0.840 -19.819
17.258 -1.650 -16.484
17.481 -5.298 -17.628
19.095 -4.374 -20.956
21.551 -2.047 -19.210
22.555 -4.772 -16.727
23.711 -6.879 -19.676
25.938 -4.036 -20.887
27.380 -3.691 -17.367
27.935 -7.440 -17.131
29.604 -7.800 -20.511
32.548 -10.149 -20.159
31.011 -12.132 -17.310
28.861 -15.254 -17.391
25.955 -13.636 -15.536
22.661 -13.768 -17.442
19.748 -11.303 -17.401
16.187 -11.819 -18.638
13.087 -9.625 -18.665
9.907 -11.709 -18.714
7.047 -9.555 -20.034
3.607 -11.161 -19.488
0.332 -9.660 -20.656
-3.168 -10.297 -19.316
-3.066 -12.833 -16.494
-5.909 -14.501 -14.637
-4.415 -15.917 -11.462
-9.303 -16.330 -21.893
-6.099 -15.147 -20.217
-2.712 -16.410 -19.053
-2.249 -18.149 -15.707
0.547 -17.920 -13.123
1.583 -21.371 -14.335
2.171 -20.015 -17.845
4.583 -17.419 -16.433
6.432 -19.890 -14.200
6.994 -22.054 -17.285
8.657 -19.144 -19.083
10.853 -18.433 -16.046
11.795 -22.108 -15.768
12.587 -22.339 -19.477
14.884 -19.314 -19.647
16.709 -20.298 -16.447
17.479 -23.854 -17.551
18.734 -23.172 -21.081
22.469 -23.793 -21.758
24.813 -21.354 -19.980
25.905 -19.526 -23.147
22.302 -18.734 -24.081
20.756 -15.504 -22.836
17.097 -14.680 -23.431
17.141 -10.874 -23.243
13.399 -10.354 -23.450
10.343 -12.560 -23.772
6.901 -11.048 -24.382
3.889 -13.284 -23.822
0.150 -12.694 -24.071
-2.926 -14.907 -24.104
-3.956 -15.559 -27.720
-7.100 -13.511 -27.082
-4.980 -10.408 -26.422
-3.207 -8.320 -29.062
-2.412 -4.692 -29.907
