3.749 -2.339 18.110
2.987 -4.661 20.423
1.089 -2.917 23.115
-0.989 -4.504 25.818
-3.129 -1.366 26.534
-4.261 1.824 24.709
-4.894 4.737 27.123
-6.605 7.876 25.734
-5.413 11.084 27.472
-6.820 14.624 26.940
-4.934 17.946 27.558
-7.294 20.798 28.652
-6.718 24.480 29.590
-6.666 28.085 28.326
-5.097 28.937 24.976
-1.383 29.827 25.270
-0.505 27.777 28.429
1.742 25.237 26.565
-0.528 22.229 25.737
0.679 21.563 22.146
4.331 21.737 23.284
3.669 19.409 26.235
2.325 17.027 23.583
5.290 17.442 21.229
7.906 17.245 24.043
6.631 13.960 25.500
5.808 12.166 22.206
8.667 13.262 19.860
11.048 15.200 22.142
10.444 18.420 20.138
9.479 22.022 20.948
8.193 24.854 18.766
8.826 28.476 19.669
-8.423 21.560 14.394
-7.931 18.746 16.931
-4.634 16.799 17.042
-3.220 13.642 18.601
0.142 11.845 18.971
1.291 8.496 20.457
4.145 7.116 22.570
4.686 3.718 24.189
6.145 2.963 27.663
6.960 -0.391 29.368
6.479 -1.299 33.063
6.354 -6.532 34.556
7.047 -6.107 30.778
3.521 -4.679 30.093
3.444 -2.091 27.285
1.128 0.971 27.328
0.437 3.088 24.244
-0.476 6.615 25.359
-2.759 8.362 22.802
-2.639 12.050 23.732
-4.989 14.784 22.405
-5.290 18.542 22.405
-7.432 21.162 20.672
-6.729 24.563 19.101
-17.216 17.924 19.546
-17.009 18.174 23.399
-18.890 14.907 23.909
-16.795 13.254 21.175
-13.508 14.735 22.458
-13.887 13.336 26.022
-15.490 9.979 25.099
-13.289 7.026 26.045
-10.670 9.217 27.804
-9.078 7.439 30.828
-6.728 10.328 31.858
-6.382 14.137 31.605
-3.874 16.912 32.360
-5.463 20.201 33.529
-2.896 22.812 32.434
-2.248 26.459 33.489
0.614 28.994 33.054
2.375 29.876 36.325
2.879 33.460 34.956
-0.820 34.095 34.095
-3.295 34.391 36.987
-6.341 34.050 34.710
-5.213 30.618 33.452
-5.172 29.285 37.055
-8.520 30.874 37.927
-10.091 29.265 34.805
-9.083 25.715 35.990
-12.355 25.289 37.932
-14.302 25.743 34.675
-12.234 23.213 32.726
-12.603 20.733 35.600
-16.380 21.312 35.488
-16.492 20.643 31.686
-14.465 17.455 32.286
-16.802 16.234 35.083
-19.865 16.863 32.866
-18.411 14.808 29.926
-15.869 12.214 31.152
-15.986 8.768 32.768
-16.284 8.847 36.571
-13.020 6.937 37.077
-10.948 9.290 34.855
-7.505 10.070 36.375
-6.705 13.833 36.489
-3.392 15.703 37.169
-2.934 19.469 37.690
0.043 20.909 35.773
1.588 24.393 36.148
3.638 25.010 32.977
6.366 27.540 32.087
8.330 26.977 35.331
11.480 28.287 33.551
9.981 31.828 33.663
11.224 32.126 37.293
11.050 35.936 37.590
7.497 36.202 36.093
5.698 33.816 38.534
2.318 34.937 39.882
0.977 31.573 41.148
2.809 30.289 44.228
3.237 26.494 44.491
1.608 26.220 47.985
-1.592 27.870 46.630
-1.730 25.459 43.672
-1.069 22.467 46.020
-3.907 23.656 48.302
-6.352 23.647 45.350
-5.166 20.210 44.097
-5.654 18.658 47.567
-9.179 20.145 47.773
-9.990 18.524 44.389
-8.066 15.369 45.396
-5.500 15.674 42.536
-1.686 15.490 42.249
0.096 18.708 41.240
3.400 19.132 39.358
5.141 22.136 37.705
6.653 21.599 34.204
8.693 23.389 31.506
7.891 22.122 28.016
10.744 24.397 26.824
13.503 22.972 29.071
11.801 19.457 29.375
11.646 19.825 33.212
9.258 17.244 34.846
7.496 16.391 31.529
8.303 12.648 31.767
7.503 12.713 35.511
3.982 14.162 34.864
2.980 11.805 32.001
4.438 8.658 33.702
2.639 9.462 37.038
-0.619 9.716 35.062
-0.080 6.531 33.013
0.970 4.364 35.983
-2.022 5.518 38.038
-4.459 4.696 35.183
-2.925 1.160 35.016
-3.410 0.766 38.815
-7.023 2.046 38.636
-7.664 -0.313 35.707
-6.068 -3.342 37.446
