-1.349 39.258 40.577
-4.318 37.320 39.178
-4.689 37.855 35.419
-8.136 39.434 35.264
-10.110 41.472 32.731
-10.013 44.481 35.050
-6.652 45.279 33.430
-6.953 47.478 30.341
-4.137 46.848 27.835
-2.696 49.816 25.969
-0.037 51.096 23.591
2.659 53.648 24.442
5.193 55.364 22.183
7.927 57.702 23.433
11.647 58.511 23.431
14.181 56.858 25.754
15.458 59.469 28.245
17.577 59.659 31.417
22.503 53.144 45.420
25.997 52.161 44.236
24.708 49.012 42.449
23.932 50.832 39.194
20.278 50.029 38.617
18.748 51.071 35.280
17.487 54.673 35.167
16.140 54.717 31.577
12.650 56.200 31.176
10.081 56.833 28.469
9.553 60.577 27.980
5.985 61.515 28.896
3.883 64.685 28.739
0.915 65.954 30.790
-1.728 64.152 28.687
0.025 60.770 28.525
0.758 60.908 32.276
-3.030 61.201 32.763
-3.690 58.124 30.611
-1.198 56.112 32.692
-2.764 56.998 36.071
-4.768 53.738 36.323
-1.475 51.800 36.033
0.611 53.555 38.720
2.253 51.554 41.533
2.655 48.506 39.256
5.175 46.335 37.460
3.688 45.453 34.056
4.653 43.301 31.079
4.157 42.963 27.321
5.851 43.362 23.939
8.126 46.226 22.917
10.352 47.452 20.105
13.274 49.878 19.798
13.752 52.116 16.756
15.576 55.204 15.466
18.631 54.570 17.651
21.220 57.375 17.225
23.953 56.089 14.875
21.906 53.010 13.949
18.928 55.169 12.928
17.807 52.999 9.965
17.457 49.729 11.933
14.595 48.371 14.076
14.837 45.999 17.051
12.259 43.562 18.448
9.530 42.780 19.185
10.949 41.709 22.571
9.362 40.744 25.901
9.562 43.465 28.562
8.573 44.306 32.114
8.181 47.892 33.335
7.550 49.949 36.456
4.932 52.726 36.402
5.160 55.089 39.392
5.924 58.554 40.775
9.466 59.950 41.085
5.860 62.729 38.477
4.426 59.588 36.845
7.430 57.734 35.411
7.606 54.711 33.097
10.717 52.584 33.470
10.975 49.683 31.003
13.204 46.599 31.268
13.591 44.782 27.947
14.164 41.036 28.301
16.918 41.377 25.693
20.672 42.048 25.673
21.380 44.941 23.304
24.980 45.412 24.475
24.544 49.197 24.529
22.255 52.021 25.623
19.687 53.587 23.286
18.952 57.002 24.800
17.050 59.146 22.288
15.642 56.066 20.550
11.904 55.708 20.072
10.469 52.882 22.136
7.054 51.419 21.425
5.375 49.108 23.936
2.127 47.161 24.197
1.327 46.555 27.904
-0.690 43.341 28.220
-0.819 42.765 31.985
0.313 43.371 35.547
2.773 41.331 37.631
2.613 42.964 41.065
2.802 46.307 42.859
6.224 47.961 42.944
6.409 47.326 46.704
9.659 47.209 48.677
12.512 44.927 49.718
14.711 44.494 52.777
17.516 42.221 51.556
19.223 42.402 48.152
18.582 38.696 47.465
14.877 39.458 47.907
14.994 41.995 45.054
16.916 39.666 42.741
14.666 36.663 43.446
11.697 38.914 42.616
13.111 40.230 39.317
13.896 36.620 38.300
10.286 35.776 39.166
9.065 38.778 37.134
11.248 37.867 34.148
10.097 34.221 34.082
6.440 35.133 34.662
6.504 37.671 31.825
8.039 34.946 29.640
5.520 32.261 30.681
2.586 34.622 30.049
3.817 35.770 26.623
4.128 32.148 25.425
0.324 31.905 25.692
-1.190 31.696 22.161
-3.524 34.642 22.836
-0.754 36.980 24.087
1.985 35.760 21.698
-0.079 37.168 18.773
0.495 40.767 20.012
4.144 40.564 18.954
2.847 41.075 15.392
0.611 44.050 16.281
0.032 46.758 13.661
0.577 49.672 16.094
4.308 48.867 16.050
4.251 49.394 12.273
2.034 52.493 12.521
3.655 55.774 11.490
2.991 58.919 13.551
5.139 61.953 14.414
3.152 62.449 17.653
5.454 61.699 20.611
4.581 60.700 23.223
1.437 58.768 22.240
-0.951 56.538 24.231
-3.749 54.246 22.947
-6.150 51.670 24.478
-6.515 48.150 23.000
-9.921 46.403 22.617
