25.585 6.815 5.435
23.518 9.094 3.186
21.002 8.096 0.496
23.528 9.176 -2.159
26.295 7.104 -0.593
23.952 4.097 -0.565
23.140 4.590 -4.252
26.844 5.000 -5.066
27.743 1.832 -3.137
25.096 -0.192 -4.964
26.054 1.244 -8.344
29.628 0.201 -7.550
28.334 -3.385 -7.371
26.579 -3.111 -10.720
23.153 -2.116 -9.475
20.680 0.417 -10.783
19.733 2.666 -7.841
17.453 5.671 -7.556
16.438 7.905 -4.653
12.682 8.389 -4.306
10.443 10.433 -2.026
8.241 9.289 0.805
5.396 11.090 -1.003
5.886 8.793 -4.014
5.143 5.826 -1.752
1.873 7.195 -0.370
-0.649 4.416 0.141
2.069 1.851 0.898
4.007 3.256 3.843
2.824 2.058 7.224
3.729 2.836 10.803
5.578 0.142 12.650
3.471 -1.388 15.458
4.885 -3.230 18.505
2.754 -6.262 17.669
4.467 -6.724 14.327
7.235 -9.188 13.763
10.704 -8.002 12.694
10.861 -10.305 9.691
12.612 -11.027 6.429
12.881 -8.836 3.308
11.380 -11.821 1.353
8.705 -10.625 -1.067
6.346 -13.567 -0.704
3.055 -14.038 1.035
3.103 -16.017 4.275
1.149 -17.077 7.358
2.101 -13.867 9.124
-0.710 -12.456 11.283
1.612 -9.877 12.897
1.952 -7.182 10.261
3.633 -3.809 10.576
7.087 -4.836 11.753
10.523 -3.936 10.290
12.195 -5.910 7.522
15.806 -7.182 7.658
17.501 -10.082 5.817
16.533 -13.343 7.505
14.543 -11.490 10.163
16.658 -11.325 13.316
19.388 -13.346 11.605
20.519 -10.062 9.998
21.505 -8.823 13.469
23.383 -11.991 14.431
25.138 -12.041 11.047
26.162 -8.363 11.167
27.604 -8.832 14.673
29.310 -12.126 13.931
27.150 -13.890 16.541
27.035 -17.606 15.718
25.972 -19.439 18.869
22.512 -20.569 19.894
22.942 -18.699 23.176
23.835 -15.554 21.242
20.824 -16.002 18.966
18.514 -16.274 21.991
20.054 -13.129 23.475
19.296 -11.270 20.222
15.737 -12.643 20.256
15.176 -11.102 23.690
16.970 -7.915 22.651
14.605 -7.419 19.726
11.595 -8.134 21.964
12.871 -5.431 24.351
13.085 -2.827 21.602
9.491 -2.723 20.373
9.174 -5.620 17.926
8.306 -9.287 18.055
11.406 -11.206 16.898
11.061 -13.715 14.087
12.876 -15.976 11.642
11.136 -17.936 8.888
10.967 -20.875 6.548
8.534 -21.772 3.773
6.380 -24.669 2.664
8.738 -25.696 -0.151
12.017 -26.142 1.811
10.804 -25.794 5.406
13.469 -23.959 7.436
15.874 -23.778 4.513
13.103 -21.654 2.909
14.852 -18.469 4.099
17.272 -17.518 1.315
19.461 -15.419 3.582
19.922 -18.137 6.193
20.514 -20.782 3.511
23.293 -18.588 2.066
24.816 -18.068 5.506
24.723 -21.722 6.643
26.139 -22.905 3.271
29.146 -20.530 3.566
28.259 -18.071 0.813
29.440 -15.145 2.965
32.843 -16.716 3.732
34.985 -14.251 1.870
33.001 -11.244 2.964
34.541 -12.128 6.315
31.560 -13.647 8.074
31.816 -16.605 10.436
29.322 -19.437 9.858
26.433 -20.104 12.204
27.151 -22.871 14.723
23.661 -24.283 14.246
21.463 -25.490 11.418
18.160 -24.074 10.213
15.938 -26.182 12.455
18.103 -25.554 15.535
18.031 -21.812 14.935
14.240 -21.750 14.549
13.765 -23.863 17.677
16.035 -21.530 19.663
14.149 -18.423 18.518
10.823 -20.064 19.373
12.174 -21.152 22.779
13.281 -17.581 23.491
9.813 -16.192 22.782
10.059 -15.453 19.071
7.701 -16.219 16.182
8.397 -18.597 13.305
6.885 -17.285 10.075
6.304 -19.619 7.082
6.029 -18.337 3.529
4.313 -19.886 0.529
4.705 -19.688 -3.188
7.655 -18.647 -5.295
9.923 -15.626 -5.401
9.055 -13.066 -8.066
10.566 -9.882 -6.586
10.919 -7.093 -9.175
12.638 -4.412 -7.146
14.375 -3.744 -3.841
13.145 -0.901 -1.652
15.599 0.434 0.907
13.419 2.379 3.320
15.119 5.071 5.367
12.010 6.457 7.100
12.340 5.661 10.784
9.489 3.719 12.369
7.803 3.091 9.029
7.870 0.046 6.780
6.474 -1.366 3.534
4.521 -4.625 3.359
4.745 -7.658 1.100
2.590 -7.877 -1.999
2.729 -11.494 -3.215
1.086 -10.470 -6.464
3.627 -7.715 -7.373
6.629 -8.616 -5.289
9.435 -6.577 -3.907
12.264 -7.066 -1.440
11.915 -4.524 1.394
14.890 -3.493 3.564
14.297 -1.154 6.500
17.712 0.489 6.613
16.689 2.650 9.527
16.207 -0.491 11.642
19.888 -1.384 11.291
20.762 1.927 12.924
18.210 1.236 15.637
20.086 -1.957 16.561
23.520 -0.350 16.484
24.617 -2.365 13.503
27.543 -1.524 11.258
25.108 -0.027 8.719
27.284 0.106 5.600
28.152 -3.544 6.266
24.451 -4.386 6.750
23.402 -2.765 3.475
26.241 -4.415 1.530
25.274 -7.791 3.044
21.693 -7.129 1.931
22.913 -6.270 -1.569
25.086 -9.398 -1.753
22.141 -11.493 -0.556
19.901 -10.275 -3.376
22.772 -10.805 -5.836
23.445 -14.383 -4.676
19.749 -15.262 -4.793
19.636 -14.069 -8.388
17.151 -11.326 -7.440
17.063 -7.962 -9.223
19.907 -5.537 -8.638
17.479 -2.624 -8.897
16.963 -0.452 -5.823
14.689 2.428 -4.857
15.904 4.312 -1.750
13.007 5.964 0.084
13.881 9.164 1.914
11.958 11.571 4.144
