-20.707 -28.579 39.621
-18.483 -27.023 36.861
-20.877 -24.046 36.358
-18.373 -21.687 38.017
-15.459 -22.869 35.868
-14.333 -21.424 32.577
-14.096 -23.899 29.745
-11.805 -23.380 26.760
-13.613 -21.679 23.879
-16.246 -19.847 25.965
-16.837 -16.131 26.381
-15.529 -13.905 29.144
-15.500 -10.256 30.139
-12.464 -8.753 31.854
-12.727 -5.731 34.058
-10.572 -3.671 36.335
-11.406 -1.875 39.565
-9.208 0.824 40.996
-8.846 0.747 44.819
-12.507 -0.461 44.598
-13.013 3.328 44.570
-12.421 6.426 42.551
-15.778 5.774 40.908
-14.465 3.913 37.978
-14.357 0.447 36.600
-12.999 -0.192 33.142
-13.529 -3.039 30.714
-11.455 -4.864 28.160
-12.867 -3.844 24.770
-11.597 -3.759 21.181
-12.349 -0.572 19.307
-10.890 0.184 15.880
-8.344 -2.640 15.654
-6.978 -2.048 19.144
-7.651 -3.407 22.619
-8.518 -0.611 25.012
-10.107 -0.237 28.459
-13.511 1.335 28.059
-15.572 3.073 30.691
-18.862 2.208 28.955
-18.507 -0.862 26.729
-17.123 -4.326 27.301
-15.940 -7.087 25.068
-17.131 -10.638 25.159
-13.859 -12.514 24.444
-13.376 -16.129 23.573
-10.785 -17.586 25.948
-8.707 -20.377 24.448
-6.314 -22.862 25.976
-3.269 -22.427 23.688
-1.525 -25.663 22.643
1.815 -26.631 20.931
3.871 -26.892 17.708
6.211 -19.745 18.607
3.513 -17.418 17.207
1.046 -16.011 16.105
-1.928 -15.442 13.792
-2.725 -19.138 13.389
-2.614 -21.304 16.526
-3.710 -24.644 18.013
-6.088 -24.961 20.985
-7.020 -27.746 23.450
-10.318 -28.422 25.164
-10.708 -28.386 28.955
-11.240 -26.059 31.898
-8.866 -23.138 32.353
-6.472 -23.426 35.342
-4.071 -20.929 36.819
-0.684 -21.276 35.141
-2.202 -22.227 31.746
-1.258 -20.428 28.535
-4.357 -18.727 27.217
-5.521 -16.833 24.142
-8.039 -14.011 24.271
-9.966 -13.477 21.029
-12.560 -10.809 20.223
-16.028 -12.083 19.214
-16.771 -9.206 16.852
-13.490 -8.338 15.118
-11.415 -11.527 15.378
-8.531 -9.524 16.948
-6.417 -11.419 19.531
-4.078 -10.475 22.377
-0.670 -12.172 22.487
-0.591 -15.583 24.151
-0.670 -15.018 27.949
-0.379 -17.030 31.150
-3.216 -16.623 33.648
-2.255 -16.127 37.306
-4.327 -15.679 40.443
-3.972 -12.410 42.250
-4.323 -11.807 45.974
-4.453 -8.009 46.456
-1.817 -6.286 44.360
0.288 -9.542 44.360
0.561 -12.197 41.658
0.668 -15.722 43.069
3.037 -18.259 41.468
2.908 -21.407 43.648
3.104 -24.536 41.415
0.007 -25.824 43.285
-2.057 -23.102 41.492
-2.086 -25.427 38.442
-4.546 -27.484 40.460
-6.695 -24.339 40.851
-9.552 -23.736 38.350
-10.118 -20.219 37.149
-13.563 -19.304 38.453
-16.286 -16.586 38.122
-15.248 -13.210 39.586
-11.651 -14.250 40.368
-9.054 -11.520 40.575
-6.359 -12.543 38.054
-3.401 -11.353 35.922
-1.892 -12.102 32.532
1.882 -12.469 32.245
3.747 -12.317 28.951
5.230 -15.672 28.013
8.643 -14.275 27.006
8.938 -12.166 30.196
7.725 -13.370 33.626
7.641 -9.862 35.068
5.557 -8.298 32.322
1.785 -8.162 32.739
-1.232 -7.034 30.732
-2.160 -3.729 32.267
-4.391 -0.699 31.896
-3.458 3.005 31.854
-6.595 5.128 31.713
-8.223 3.721 28.566
-5.056 2.231 27.034
-3.849 -1.354 27.130
-0.119 -1.640 27.866
2.601 -3.996 29.089
3.508 -3.402 32.717
6.687 -4.657 34.359
6.187 -5.915 37.930
8.706 -6.078 40.785
9.588 -9.396 42.410
8.919 -9.951 46.094
9.462 -13.665 46.004
10.314 -16.731 44.003
6.461 -17.124 44.181
5.121 -13.533 44.354
5.039 -10.358 42.166
3.998 -6.767 43.040
1.719 -5.282 40.364
0.019 -1.935 39.677
-3.770 -1.743 40.229
-4.175 -1.648 36.455
-2.779 -5.164 36.164
-5.405 -6.792 38.413
-8.376 -8.016 36.352
-11.634 -9.705 37.185
-12.841 -12.463 34.958
-16.460 -13.602 34.534
-18.226 -15.828 31.945
-20.739 -13.995 29.797
