34.167 -21.317 -17.160
37.744 -20.501 -15.958
38.833 -22.836 -18.862
36.275 -21.391 -21.310
37.351 -17.761 -20.534
40.834 -18.950 -21.322
39.685 -20.666 -24.555
37.747 -17.551 -25.564
40.791 -15.388 -24.947
43.030 -17.707 -26.896
40.554 -17.599 -29.827
40.154 -13.758 -29.572
43.865 -12.820 -29.769
44.129 -14.832 -32.953
40.934 -13.444 -34.544
41.704 -9.776 -33.710
44.769 -9.948 -36.009
43.227 -12.192 -38.774
39.515 -11.046 -39.105
38.883 -8.445 -41.833
38.105 -4.821 -41.272
34.686 -5.347 -42.830
31.154 -5.235 -41.347
29.518 -8.363 -40.111
28.925 -11.156 -37.623
30.749 -14.211 -36.321
29.202 -16.756 -34.048
31.482 -18.774 -31.806
30.118 -21.910 -30.190
32.025 -23.768 -27.462
30.729 -26.898 -25.765
30.006 -26.225 -22.110
30.670 -29.311 -19.930
27.910 -30.135 -17.516
29.912 -33.010 -16.135
29.985 -30.742 -13.039
26.737 -29.039 -12.133
26.764 -25.329 -13.051
24.357 -22.863 -11.521
23.911 -20.356 -14.371
21.695 -18.024 -12.370
24.194 -17.487 -9.552
26.949 -17.189 -12.083
25.046 -14.492 -14.018
24.424 -12.710 -10.693
28.178 -12.462 -10.098
28.698 -10.329 -13.129
28.918 -6.535 -13.161
28.084 -5.957 -16.830
24.539 -5.298 -18.086
22.098 -5.993 -19.331
21.493 -9.566 -18.195
18.652 -11.873 -19.194
17.773 -15.180 -17.558
15.202 -17.556 -19.061
13.996 -21.112 -18.259
11.456 -23.080 -20.245
8.458 -24.134 -18.130
9.370 -27.841 -18.540
12.804 -27.078 -17.060
14.735 -28.752 -19.902
15.834 -25.491 -21.684
17.644 -22.687 -19.872
19.592 -19.660 -21.038
21.702 -16.807 -19.680
22.699 -13.790 -21.718
25.121 -11.136 -20.738
25.815 -7.841 -22.537
24.026 -6.397 -25.551
25.852 -6.145 -28.803
22.665 -4.398 -30.068
19.479 -3.264 -28.330
16.107 -3.541 -29.970
13.060 -1.417 -29.105
10.709 -3.936 -30.638
10.480 -7.567 -31.734
9.647 -6.043 -35.132
13.073 -4.357 -35.209
14.813 -7.516 -33.980
13.289 -9.663 -36.750
14.318 -7.143 -39.460
17.844 -7.645 -38.149
17.665 -11.434 -38.031
16.391 -11.477 -41.640
19.538 -9.722 -42.812
21.395 -12.777 -41.493
19.682 -15.804 -42.993
23.010 -17.730 -42.802
22.668 -17.963 -39.052
19.095 -19.216 -38.764
19.709 -20.097 -35.084
20.831 -16.669 -34.083
18.737 -15.725 -31.038
17.591 -12.347 -29.734
16.428 -12.362 -26.159
14.155 -10.333 -23.890
10.837 -8.581 -23.411
7.707 -7.278 -25.092
5.777 -4.811 -22.946
2.025 -5.047 -22.438
1.739 -3.024 -25.614
3.388 -5.448 -28.011
4.831 -2.680 -30.246
7.310 -1.766 -27.438
10.053 -4.215 -26.468
13.492 -4.443 -24.895
15.389 -7.229 -26.677
19.133 -7.864 -27.115
21.600 -9.489 -29.408
23.614 -11.137 -26.652
27.368 -10.734 -26.539
27.567 -13.978 -24.514
24.897 -16.694 -24.470
24.918 -19.742 -22.294
22.170 -22.100 -23.424
21.297 -25.510 -21.951
19.071 -28.181 -23.586
18.855 -31.238 -21.392
22.112 -32.220 -19.634
24.152 -30.437 -22.386
25.183 -26.700 -22.745
26.911 -24.379 -25.205
28.577 -21.061 -24.663
28.138 -18.764 -27.600
30.216 -15.664 -28.210
29.147 -13.453 -31.070
31.032 -10.786 -32.927
29.075 -8.171 -34.732
30.085 -4.927 -36.457
28.537 -2.209 -38.641
32.111 -1.031 -39.575
34.771 -3.675 -38.620
34.628 -7.239 -37.209
38.389 -6.839 -36.495
37.364 -3.868 -34.296
34.615 -5.718 -32.368
37.040 -8.584 -31.749
38.961 -6.206 -29.409
35.713 -5.100 -27.712
34.924 -8.780 -27.295
38.334 -9.222 -25.525
37.579 -6.392 -23.119
34.127 -7.936 -22.509
35.660 -11.256 -21.572
38.122 -9.470 -19.237
35.058 -8.238 -17.405
34.115 -11.730 -16.373
34.307 -12.584 -12.755
34.250 -16.056 -11.233
31.017 -17.447 -9.602
30.274 -16.256 -6.124
27.623 -17.819 -3.926
24.197 -16.155 -4.205
22.730 -15.112 -0.843
19.138 -15.790 0.074
16.989 -12.669 0.595
17.181 -10.862 3.930
14.585 -8.174 3.556
12.976 -5.712 5.965
9.638 -4.309 4.711
9.658 -0.460 4.884
6.324 0.335 3.083
3.237 -1.294 1.473
0.685 0.031 -1.004
-1.883 -1.559 -3.379
-3.010 0.098 -6.621
-5.963 -0.229 -6.296
-6.634 -1.217 -2.649
-9.564 -3.499 -1.709
-12.055 -0.699 -1.417
-11.023 0.752 -4.787
-10.857 -2.757 -6.285
-14.522 -3.460 -5.397
-15.773 -0.332 -7.085
-13.626 -1.195 -10.129
-14.877 -4.753 -10.489
-18.411 -3.520 -9.813
-17.898 -0.894 -12.559
-16.483 -3.510 -14.905
-19.345 -5.952 -14.486
-21.848 -3.131 -14.838
-20.156 -2.290 -18.178
-20.101 -5.869 -19.350
-23.879 -5.819 -18.627
-24.129 -3.118 -21.293
-23.784 -5.963 -23.776
-20.718 -4.685 -25.773
-17.711 -5.578 -23.575
-17.581 -9.290 -22.903
-14.458 -9.467 -20.728
-11.777 -7.249 -19.200
-8.701 -8.361 -17.253
-7.959 -5.870 -14.456
-4.822 -6.033 -12.288
-3.385 -4.672 -9.002
0.152 -3.305 -8.556
1.528 -3.770 -5.014
4.473 -1.530 -4.228
6.655 -3.119 -1.541
9.449 -0.991 -0.103
12.312 -2.534 1.774
14.971 -1.297 4.120
17.591 -2.188 1.435
17.897 -2.869 -2.295
16.430 -6.157 -3.536
18.697 -8.772 -5.120
16.528 -9.590 -8.154
18.762 -12.546 -9.013
18.208 -14.062 -5.553
14.516 -13.334 -5.939
14.656 -15.170 -9.284
16.475 -18.198 -7.645
14.012 -18.387 -4.807
11.152 -18.467 -7.375
12.872 -21.247 -9.470
13.250 -23.250 -6.224
9.556 -23.021 -5.298
7.492 -21.880 -8.336
7.684 -25.199 -10.321
6.197 -25.856 -13.781
6.600 -22.174 -14.593
8.764 -20.330 -17.115
11.268 -18.073 -15.337
12.373 -14.881 -16.979
14.570 -12.199 -15.529
15.849 -9.005 -17.165
18.390 -6.776 -15.379
18.128 -3.479 -17.291
21.067 -2.341 -15.245
22.253 -2.688 -11.651
19.344 -0.837 -10.106
16.407 -1.984 -12.292
14.907 -5.386 -13.059
11.754 -7.235 -14.287
11.309 -10.947 -13.511
8.709 -13.575 -12.873
7.609 -17.177 -12.937
4.801 -17.582 -15.363
2.797 -20.749 -16.143
1.690 -19.431 -19.536
3.039 -19.601 -23.143
2.226 -16.807 -25.555
3.532 -18.820 -28.490
6.159 -21.213 -29.561
7.152 -21.518 -33.229
9.193 -24.130 -35.029
9.544 -22.863 -38.595
5.834 -22.782 -39.404
4.362 -25.034 -36.655
2.740 -22.727 -34.147
1.763 -23.592 -30.503
-0.351 -21.360 -28.159
-2.994 -22.018 -25.425
-6.108 -20.533 -23.879
-5.102 -20.316 -20.283
-7.662 -18.610 -18.084
-9.929 -19.707 -15.211
-8.308 -20.226 -11.809
-8.852 -22.070 -8.500
-6.614 -22.257 -5.450
-4.095 -25.019 -5.318
-3.877 -27.192 -2.186
-0.642 -28.944 -1.171
-2.705 -32.158 -0.671
-3.130 -33.912 -4.006
-6.736 -35.156 -3.651
-7.935 -31.756 -2.507
-6.011 -30.130 -5.445
-7.673 -32.572 -7.772
-11.135 -32.002 -6.344
-10.665 -28.256 -6.513
-9.649 -28.713 -10.180
-12.821 -30.703 -10.856
-14.844 -27.883 -9.355
-13.051 -25.489 -11.763
-13.661 -27.658 -14.865
-17.320 -27.811 -14.025
-17.628 -24.085 -13.177
-19.685 -22.012 -15.638
-18.080 -18.696 -14.753
-14.536 -19.994 -15.208
-15.474 -22.063 -18.222
-16.716 -18.901 -19.890
-13.600 -16.966 -18.742
-11.522 -19.532 -20.641
-13.833 -19.931 -23.727
-13.540 -16.205 -24.329
-9.779 -16.700 -24.802
-10.244 -19.587 -27.262
-12.629 -17.290 -29.264
-10.203 -14.435 -29.303
-7.198 -16.547 -30.213
-8.969 -18.501 -32.956
-10.313 -15.299 -34.551
-6.991 -13.506 -34.251
-5.220 -16.440 -36.050
-7.813 -17.113 -38.879
-6.250 -14.908 -41.579
-2.592 -16.004 -40.943
-2.801 -19.764 -40.233
-3.973 -23.154 -41.567
-5.868 -25.926 -39.796
-6.394 -25.091 -36.097
-6.735 -27.694 -33.327
-8.063 -26.604 -29.906
-7.710 -29.373 -27.339
-10.046 -30.136 -24.504
-9.457 -28.182 -21.263
-6.916 -29.522 -18.720
-6.284 -28.295 -15.200
-2.777 -26.998 -14.722
-1.527 -27.044 -11.098
0.946 -24.449 -9.578
2.240 -23.570 -6.099
-0.790 -21.449 -5.019
-3.115 -21.479 -7.969
-4.534 -23.825 -10.663
-5.770 -22.969 -14.203
-7.854 -24.273 -17.071
-5.714 -24.607 -20.150
-6.614 -25.535 -23.738
-3.618 -26.098 -25.991
-3.912 -24.819 -29.552
-1.875 -26.144 -32.619
-1.770 -24.506 -36.044
0.623 -23.874 -39.006
1.524 -20.378 -39.999
1.282 -19.301 -43.614
4.512 -17.366 -43.008
7.433 -18.205 -40.645
6.995 -14.770 -39.059
7.324 -13.848 -35.383
5.839 -10.335 -35.805
2.627 -11.956 -37.123
2.675 -14.226 -33.988
3.232 -11.410 -31.554
0.896 -8.805 -33.100
-1.935 -11.232 -33.763
-1.689 -12.868 -30.363
-0.611 -10.244 -27.791
-2.448 -9.210 -25.688
-4.924 -12.103 -25.635
-8.259 -12.100 -23.905
-6.509 -13.989 -21.080
-4.698 -10.808 -20.290
-6.556 -7.729 -21.739
-9.968 -8.808 -22.960
-12.728 -8.952 -25.519
-13.559 -7.201 -27.842
-9.857 -6.246 -27.852
-10.446 -2.514 -28.363
-13.067 -1.978 -25.616
-11.050 -3.937 -23.144
-7.778 -2.101 -23.917
-9.739 1.207 -23.531
-11.327 0.234 -20.203
-7.851 -0.720 -18.825
-6.349 2.559 -20.157
-9.212 4.422 -18.416
-9.549 2.706 -15.076
-6.275 0.933 -14.124
-4.505 3.071 -11.507
-1.039 2.235 -12.911
0.698 1.321 -16.123
1.391 -2.412 -16.477
4.502 -1.655 -18.524
6.277 -5.065 -18.720
3.468 -6.856 -16.781
1.317 -9.138 -19.080
3.630 -8.682 -22.036
5.924 -11.417 -23.000
9.405 -12.895 -22.360
11.680 -15.251 -24.309
13.564 -15.332 -27.560
13.131 -15.331 -31.335
15.434 -16.553 -34.110
14.776 -17.324 -37.754
14.208 -21.003 -37.107
12.297 -20.975 -33.825
11.052 -18.730 -31.045
9.231 -19.081 -27.759
7.568 -16.409 -25.517
5.664 -16.731 -22.321
3.165 -14.338 -20.917
4.732 -11.985 -18.265
2.328 -12.883 -15.502
3.359 -13.774 -11.906
5.942 -11.066 -12.330
7.694 -8.130 -10.583
9.414 -4.869 -11.380
12.315 -4.055 -9.042
13.400 -0.481 -8.605
16.253 -0.185 -6.082
14.440 -1.235 -2.799
10.839 -1.261 -4.120
9.392 -4.415 -5.650
6.164 -3.837 -7.581
4.106 -7.050 -7.694
1.435 -7.546 -10.279
-1.569 -9.789 -10.267
-4.668 -9.791 -12.477
-8.116 -11.388 -12.697
-10.170 -11.776 -15.838
-13.584 -10.037 -15.470
-16.642 -11.653 -16.981
-20.404 -11.798 -16.278
-20.795 -12.998 -12.730
-17.417 -11.837 -11.355
-17.693 -11.301 -7.629
-15.223 -8.596 -6.500
-14.373 -10.295 -3.185
-13.659 -13.590 -4.949
-11.519 -11.707 -7.529
-9.544 -9.979 -4.744
-8.867 -13.433 -3.281
-7.795 -14.624 -6.803
-5.249 -11.851 -7.331
-3.842 -12.395 -3.824
-3.296 -16.079 -4.516
-1.553 -15.020 -7.751
0.552 -12.324 -6.060
1.509 -14.852 -3.335
3.802 -17.038 -5.521
6.238 -14.131 -5.606
5.292 -12.235 -2.421
5.898 -15.164 -0.075
9.512 -15.123 -1.195
9.968 -11.563 0.061
7.946 -11.827 3.237
8.761 -15.167 4.888
