-41.822 2.929 -3.584
-45.102 4.624 -4.541
-46.863 6.404 -1.680
-47.366 4.740 1.699
-51.059 4.079 2.307
-52.083 5.453 -1.087
-54.242 3.676 -3.685
-52.011 1.789 -6.201
-54.324 2.716 -9.075
-54.521 6.380 -8.061
-50.781 6.444 -7.487
-50.226 5.272 -11.084
-52.398 8.145 -12.286
-50.692 10.657 -9.989
-47.444 9.511 -11.618
-49.020 10.021 -15.095
-49.654 13.660 -14.281
-46.312 14.211 -12.487
-42.978 15.526 -13.814
-40.153 13.224 -14.996
-36.715 13.559 -13.386
-34.193 15.732 -15.223
-31.492 13.870 -17.161
-28.895 13.135 -14.460
-31.464 12.452 -11.730
-33.211 9.926 -13.968
-29.856 8.538 -15.052
-28.592 8.110 -11.476
-31.831 6.411 -10.439
-31.870 4.302 -13.621
-28.270 3.078 -13.629
-28.258 2.091 -9.940
-31.734 0.538 -9.781
-30.025 -2.891 -9.652
-27.824 -2.296 -6.580
-29.156 -3.266 -3.145
-30.636 -0.428 -1.090
-32.228 1.334 -4.095
-35.665 0.989 -2.353
-34.416 3.243 0.492
-34.160 6.227 -1.865
-36.923 8.833 -1.866
-39.425 8.354 -4.681
-39.271 10.514 -7.837
-42.303 12.458 -6.554
-40.473 13.386 -3.363
-37.361 14.459 -5.316
-39.468 16.804 -7.463
-41.194 18.236 -4.375
-37.796 18.555 -2.646
-36.323 20.570 -5.523
-39.474 22.690 -5.566
-38.938 23.508 -1.880
-35.306 24.616 -2.458
-36.570 27.063 -5.101
-39.729 28.311 -3.377
-37.830 28.781 -0.134
-34.749 30.516 -1.564
-32.548 28.115 0.406
-28.791 28.401 -0.044
-27.529 26.484 3.000
-28.768 22.867 3.072
-27.906 20.037 5.472
-28.610 16.450 4.425
-28.450 13.515 6.842
-28.747 10.235 4.956
-27.097 10.548 1.542
-26.729 7.049 0.067
-25.986 7.164 -3.694
-26.742 10.899 -3.851
-30.205 10.951 -5.475
-31.953 13.305 -2.989
-28.864 15.503 -2.652
-28.723 15.743 -6.463
-32.399 16.707 -6.720
-31.875 19.603 -4.310
-28.462 20.588 -5.669
-29.908 21.113 -9.147
-32.121 23.870 -7.754
-29.524 25.602 -5.564
-28.336 29.156 -6.348
-24.841 29.601 -7.831
-23.690 30.093 -4.235
-25.828 27.233 -2.917
-24.186 24.714 -0.555
-25.144 21.242 0.734
-23.395 19.544 3.630
-24.072 15.852 3.048
-23.643 13.417 5.955
-23.305 9.682 5.453
-21.575 6.742 7.111
-21.231 4.596 3.954
-18.075 5.273 1.853
-19.023 2.984 -1.048
-22.545 4.224 -1.762
-21.341 7.770 -1.181
-18.478 7.198 -3.647
-21.162 6.546 -6.259
-22.956 9.697 -5.115
-19.826 11.728 -5.809
-19.528 10.182 -9.298
-22.978 11.457 -10.270
-22.791 14.874 -8.641
-19.617 15.825 -10.526
-21.189 14.220 -13.596
-24.120 16.661 -13.306
-21.872 19.574 -12.404
-23.231 20.210 -8.906
-20.456 18.474 -6.964
-19.201 21.997 -6.312
-22.282 22.701 -4.219
-22.094 19.515 -2.122
-19.673 18.881 0.749
-19.753 15.216 1.732
-18.963 14.450 5.357
-18.176 10.722 5.614
-18.650 9.146 9.037
-21.349 8.831 11.749
-23.838 11.681 11.339
-23.815 12.551 15.059
-20.053 13.108 15.026
-20.470 15.444 12.030
-23.333 17.379 13.619
-21.239 17.762 16.749
-18.446 19.337 14.657
-20.914 21.667 12.916
-22.211 22.928 16.258
-18.591 23.269 17.425
-17.959 25.611 14.495
-16.937 29.259 14.611
-19.233 30.857 13.803
-22.212 28.534 14.338
-23.568 27.490 10.911
-27.285 28.005 10.181
-28.975 26.190 7.323
-32.080 27.288 5.461
-33.236 23.695 5.065
-32.367 20.350 6.667
-33.293 16.934 5.245
-33.307 14.092 7.790
-33.397 10.699 6.091
-31.023 8.245 7.799
-31.213 5.669 10.611
-34.618 6.083 12.253
-33.312 5.235 15.723
-31.496 8.592 15.828
-34.273 10.783 14.380
-34.971 12.408 17.771
-31.296 13.409 17.979
-30.971 14.616 14.393
-34.127 16.721 14.780
-33.077 18.327 18.065
-29.454 19.030 17.089
-30.467 20.153 13.616
-33.196 22.419 14.966
-30.618 24.618 16.689
-28.459 24.615 13.525
-31.514 25.827 11.545
-32.279 29.518 11.027
-35.613 30.870 12.210
-37.907 30.530 9.235
-35.817 27.610 8.032
-37.455 24.332 7.028
-36.882 20.899 8.529
-37.909 17.976 6.281
-38.164 14.468 7.734
-38.782 11.333 5.666
-40.414 7.999 6.611
-42.956 9.407 9.085
-45.617 6.908 7.946
-43.052 4.056 8.049
-44.714 1.489 5.768
-47.971 1.909 7.660
-46.395 0.289 10.720
-47.099 3.523 12.630
-50.671 2.260 13.092
-49.559 -0.790 15.099
-50.922 -0.892 18.628
-47.906 -2.593 20.211
-45.042 -2.072 17.730
-42.230 -4.549 18.280
-39.786 -3.079 15.753
-37.451 -0.381 17.119
-37.785 2.061 14.184
-41.589 1.922 14.458
-41.469 2.711 18.180
-38.996 5.540 17.672
-41.005 6.996 14.798
-44.276 6.778 16.731
-42.850 8.783 19.609
-41.117 11.168 17.197
-44.371 12.019 15.403
-46.298 12.429 18.662
-43.603 14.734 20.042
-43.419 16.812 16.878
-47.223 17.211 16.725
-47.036 19.388 19.839
-43.567 20.907 19.362
-44.394 24.604 19.658
-41.073 25.657 18.137
-42.273 24.520 14.696
-45.349 24.707 12.445
-45.744 21.316 10.749
-47.431 19.596 7.818
-47.429 15.816 7.262
-47.300 15.174 3.483
-48.187 11.733 1.993
-45.438 11.422 -0.655
-43.161 8.400 -0.736
-43.069 6.903 2.773
-44.489 10.060 4.344
-42.581 13.277 4.933
-43.076 15.999 7.512
-42.327 19.677 6.965
-41.423 21.556 10.130
-41.070 25.324 9.695
-39.017 26.874 12.535
-40.713 29.842 14.211
-31.154 9.260 0.121
