0.305 35.488 41.975
-3.289 36.268 41.074
-5.111 32.942 40.685
-7.525 32.822 37.685
-10.325 30.227 37.786
-12.661 29.069 35.027
-15.092 26.838 36.959
-16.445 25.264 33.758
-13.847 23.327 31.734
-16.257 21.735 29.212
-19.099 23.230 27.194
-21.316 21.819 24.425
-23.673 24.000 22.383
-25.477 24.229 19.010
-24.822 26.418 15.984
-26.550 29.786 16.346
-26.626 29.426 20.116
-25.275 31.889 22.609
-22.642 30.699 25.075
-21.249 32.322 28.189
-17.837 31.377 29.624
-16.977 32.675 33.063
-13.696 33.730 34.670
-12.946 34.609 38.310
-9.839 36.230 39.877
-8.383 35.735 43.401
-8.356 39.517 43.893
-9.819 42.646 42.226
-8.210 43.254 38.871
-10.047 46.421 37.835
-11.183 45.236 34.407
-7.661 44.384 33.222
-8.944 41.098 31.862
-8.169 39.632 28.421
-9.627 36.648 26.514
-7.855 34.313 24.104
-8.831 31.557 21.684
-6.626 28.474 21.370
-7.420 26.271 18.374
-6.712 22.524 18.641
-3.517 22.880 16.555
-2.216 25.194 19.304
-2.571 28.506 17.463
-3.491 31.296 19.887
-5.456 34.466 19.120
-6.378 37.497 21.180
-10.142 38.096 21.228
-10.999 40.776 23.810
-8.858 43.042 26.001
-9.754 45.159 29.056
-12.990 43.225 29.756
-15.008 44.274 26.702
-12.832 45.851 23.916
-12.488 43.889 20.671
-9.051 43.135 19.285
-8.686 44.185 15.660
-10.245 41.621 13.290
-12.428 39.778 15.837
-16.098 39.292 14.828
-18.696 41.338 16.789
-20.498 38.219 18.049
-17.689 38.006 20.638
-18.259 40.268 23.655
-17.172 40.504 27.262
-18.370 41.890 30.574
-17.554 42.006 34.269
-16.057 43.976 37.124
-14.064 43.388 40.309
-13.291 39.690 40.461
-15.959 38.252 38.150
-15.735 38.321 34.344
-17.531 36.641 31.432
-16.961 36.002 27.686
-20.096 35.768 25.570
-20.036 34.160 22.103
-23.374 34.514 20.345
-24.597 33.201 16.991
-22.164 30.338 17.570
-20.112 29.262 14.543
-18.580 25.964 13.321
-15.168 27.707 13.405
-15.484 28.391 17.166
-14.505 24.824 18.199
-11.687 25.919 20.509
-10.465 26.380 24.053
-11.094 29.806 25.607
-8.667 31.219 28.208
-8.805 34.369 30.344
-5.822 36.388 31.593
-5.281 39.106 34.198
-3.206 42.016 32.876
-2.795 43.972 36.088
0.386 42.536 37.682
3.399 40.262 37.141
3.444 37.359 36.559
0.649 37.545 34.005
-1.696 34.634 34.891
-4.143 32.569 32.881
-7.272 30.580 33.519
-7.371 26.817 32.946
-9.598 27.311 29.924
-13.039 26.169 28.810
-13.307 23.720 25.891
-16.164 24.270 23.471
-17.783 21.468 21.475
-20.278 22.185 18.667
-23.327 19.916 18.819
