-22.478 21.726 14.275
-21.078 21.096 10.751
-18.069 19.001 9.840
-15.733 19.708 6.916
-13.108 17.269 5.621
-10.204 17.481 3.141
-8.335 14.317 2.211
-4.954 14.593 0.514
-2.341 12.257 -0.836
0.699 13.435 1.130
1.357 14.948 4.542
2.654 18.478 3.684
-0.519 19.151 1.648
-2.775 18.079 4.517
-0.964 20.420 6.908
-1.453 23.299 4.479
-5.150 22.310 4.094
-5.549 22.426 7.849
-3.724 25.738 8.311
-5.709 27.453 5.575
-8.995 26.065 6.900
-8.506 27.390 10.442
-7.252 30.766 9.205
-10.111 31.253 6.746
-13.065 31.091 9.131
-14.175 30.360 12.678
-13.687 26.609 12.651
-11.747 24.305 14.979
-9.424 21.628 13.674
-10.576 18.522 15.521
-9.265 15.548 13.609
-6.384 14.060 11.625
-7.003 10.579 10.178
-4.636 8.246 8.332
-6.074 5.314 6.308
-3.090 4.132 4.226
-2.018 4.506 0.573
-0.713 7.946 1.659
-4.265 9.177 2.245
-4.704 11.572 5.142
-7.727 13.653 6.139
-8.097 16.762 8.292
-11.430 17.508 9.891
-12.835 20.803 11.118
-16.040 21.701 13.013
-17.994 24.957 13.122
-21.067 26.787 11.895
-22.186 25.682 8.444
-21.182 28.914 6.672
-17.804 28.949 8.397
-17.078 25.328 7.429
-18.031 26.103 3.829
-15.580 29.060 3.718
-12.856 26.957 5.379
-13.126 23.984 3.025
-12.992 26.173 -0.093
-9.892 27.957 1.267
-8.270 24.638 2.197
-8.779 23.160 -1.284
-7.299 26.208 -3.006
-4.289 26.191 -0.728
-3.628 22.445 -0.774
-3.770 22.368 -4.590
-0.901 24.877 -4.646
1.465 22.864 -2.439
4.471 21.511 -4.316
3.448 17.902 -4.995
0.105 18.643 -3.330
-2.803 16.316 -4.222
-6.380 16.804 -2.975
-8.252 13.496 -3.246
-11.678 14.037 -1.732
-13.561 16.683 0.187
-16.909 16.810 1.883
-19.098 18.808 4.249
-21.893 17.444 6.454
-23.984 20.324 7.920
-25.740 18.459 10.705
-23.939 15.158 11.418
-25.814 12.491 13.315
-24.820 12.142 17.000
-23.914 8.440 16.541
-20.944 9.401 14.352
-19.148 11.248 17.137
-18.241 8.205 19.220
-17.465 5.809 16.358
-15.589 7.917 13.794
-12.629 10.128 14.733
-14.237 13.221 13.246
