-62.678 45.054 -88.375
-63.386 43.180 -91.654
-61.024 40.381 -92.665
-59.761 40.869 -96.224
-60.625 37.879 -98.427
-60.060 36.799 -102.008
-62.836 34.508 -103.236
-61.554 32.032 -105.820
-62.639 31.446 -109.426
-64.953 28.590 -108.456
-67.022 30.602 -105.973
-70.742 29.742 -105.826
-70.085 26.405 -107.522
-72.240 23.424 -106.511
-70.117 20.243 -106.485
-72.216 17.094 -106.053
-69.316 15.190 -104.464
-67.738 17.960 -102.349
-66.190 16.283 -99.270
-67.770 18.680 -96.760
-71.058 19.588 -95.002
-73.569 22.365 -95.591
-75.614 24.491 -93.137
-78.227 22.832 -90.824
-81.764 24.168 -91.255
-83.740 22.360 -88.558
-81.365 21.201 -85.829
-81.504 20.010 -82.241
-83.474 16.946 -83.312
-83.144 13.733 -81.312
-84.045 10.514 -83.101
-85.435 7.167 -81.939
-82.528 4.856 -80.999
-81.553 2.036 -83.359
-79.694 -0.232 -80.919
-82.560 -2.727 -81.082
-81.847 -3.353 -84.782
-79.435 -6.197 -85.622
-77.737 -6.852 -88.957
-75.995 -3.522 -89.488
-73.851 -3.332 -92.614
-70.683 -1.255 -92.564
-69.252 -2.025 -95.999
-70.854 -3.451 -99.154
-67.955 -5.907 -99.431
-69.688 -7.757 -96.608
-72.412 -8.556 -99.131
-70.149 -9.116 -102.133
-68.528 -11.912 -100.107
-71.825 -13.765 -99.807
-71.958 -16.221 -102.684
-74.977 -15.868 -104.976
-76.093 -17.820 -108.052
-74.691 -17.309 -111.539
-76.776 -17.622 -114.725
-76.343 -19.629 -117.921
-78.497 -19.898 -121.055
-80.034 -23.372 -120.888
-78.261 -25.456 -123.555
-80.079 -24.777 -126.910
-83.242 -26.447 -125.611
-85.246 -23.875 -123.554
-88.434 -24.371 -121.510
-91.778 -22.924 -122.770
-91.143 -20.182 -120.159
-89.413 -17.169 -121.790
-86.015 -15.929 -120.526
-84.720 -19.457 -119.903
-81.632 -18.798 -117.798
-80.551 -21.328 -115.218
-78.283 -21.243 -112.124
-76.828 -24.677 -112.849
-75.258 -26.879 -115.475
-76.567 -30.364 -116.186
-73.799 -32.900 -116.708
-74.389 -34.628 -120.075
-73.594 -38.323 -120.397
-71.827 -38.168 -123.797
-68.034 -37.739 -123.888
-66.670 -34.562 -125.495
-63.189 -33.028 -125.122
-64.293 -29.450 -124.491
-65.669 -27.512 -121.531
-69.064 -28.323 -120.057
-69.290 -24.593 -119.462
-66.929 -21.639 -119.587
-67.102 -17.897 -119.133
-64.689 -14.973 -119.139
-63.224 -13.387 -116.048
-64.788 -10.070 -117.039
-67.020 -8.722 -114.298
-69.455 -7.122 -116.727
-70.232 -10.462 -118.381
-73.893 -11.531 -118.154
-73.066 -14.628 -116.073
-72.263 -12.300 -113.138
-75.047 -9.770 -113.914
-77.342 -10.952 -111.146
-74.808 -12.164 -108.599
-74.181 -9.709 -105.764
-70.456 -9.468 -106.596
-71.236 -8.542 -110.163
-74.132 -6.241 -109.358
-72.190 -4.368 -106.679
-68.967 -4.341 -108.711
-70.731 -2.855 -111.729
-71.201 0.285 -109.631
-67.466 0.935 -109.306
-64.785 1.433 -111.944
-62.112 -0.918 -110.592
-61.563 -4.068 -108.604
-58.472 -5.729 -107.175
-58.211 -9.170 -105.659
-59.735 -12.599 -106.067
-63.134 -13.700 -107.287
-64.485 -16.968 -105.929
-66.522 -19.557 -107.826
-68.349 -22.103 -105.673
-69.788 -25.314 -107.105
-72.397 -27.507 -105.410
-73.230 -30.960 -106.743
-76.975 -31.583 -106.709
-77.145 -35.059 -108.181
-78.034 -38.170 -106.162
-75.794 -39.265 -103.296
-75.068 -42.593 -105.004
-73.364 -40.697 -107.827
-69.596 -40.516 -108.246
-67.366 -38.598 -110.617
-64.606 -36.031 -110.945
-64.349 -32.581 -112.487
-61.476 -30.364 -113.533
-61.967 -26.646 -112.926
-59.452 -24.356 -114.559
-58.628 -20.707 -114.950
-56.649 -19.465 -117.896
-55.209 -15.954 -118.028
-55.597 -14.223 -121.393
-54.342 -16.011 -124.502
-54.854 -15.363 -128.205
-57.259 -18.289 -128.332
-59.494 -19.582 -125.559
-58.436 -23.075 -124.362
-60.948 -25.881 -124.974
-59.085 -29.125 -124.554
-58.524 -30.984 -121.260
-54.841 -31.012 -122.212
-54.877 -27.207 -122.452
-56.951 -26.541 -119.334
-54.651 -28.849 -117.401
-51.715 -26.521 -118.148
-53.360 -23.511 -116.504
-54.439 -22.934 -112.919
-56.691 -25.842 -112.049
-58.002 -28.176 -109.401
-59.609 -31.598 -109.652
-62.831 -31.937 -107.686
-64.039 -35.322 -106.431
-67.752 -35.989 -105.868
-68.480 -37.573 -102.503
-69.642 -36.913 -98.944
-69.045 -33.153 -99.112
-71.201 -31.464 -101.733
-69.257 -28.342 -102.618
-65.995 -27.035 -103.958
-64.724 -23.471 -103.848
-62.389 -22.255 -106.561
-60.536 -19.001 -106.116
-59.655 -17.232 -109.344
-56.202 -15.773 -108.631
-55.741 -12.075 -109.326
-53.162 -12.150 -112.110
-52.843 -8.756 -113.711
-50.286 -6.355 -115.163
-51.947 -3.508 -113.269
-52.677 -3.200 -109.546
-56.346 -2.572 -110.382
-58.517 -3.873 -113.205
-61.530 -2.432 -115.006
-64.862 -3.612 -113.704
-66.572 -3.053 -117.056
-65.155 -4.194 -120.392
-66.204 -1.089 -122.337
-63.236 -1.770 -124.593
-61.696 -5.228 -124.587
-58.133 -5.152 -123.219
-55.766 -6.946 -120.863
-57.042 -4.581 -118.137
-60.744 -5.447 -118.425
-60.777 -9.077 -119.604
-58.662 -11.539 -117.635
-59.066 -14.888 -119.337
-61.568 -17.660 -118.728
-62.871 -20.103 -116.173
-63.975 -23.474 -117.489
-65.360 -26.730 -116.137
-64.443 -30.075 -117.708
-65.779 -33.439 -116.671
-62.637 -35.414 -115.889
-64.129 -38.879 -115.492
-67.771 -39.314 -116.535
-70.336 -39.511 -113.762
-71.087 -43.066 -112.658
-74.503 -44.037 -111.339
-76.092 -47.271 -110.144
-79.228 -48.623 -111.870
-82.499 -46.763 -111.251
-80.870 -43.369 -110.717
-81.772 -40.150 -112.533
-79.379 -39.116 -115.290
-77.827 -35.684 -115.867
-77.091 -34.460 -112.331
-76.887 -30.681 -111.949
-74.108 -28.485 -110.598
-75.097 -25.180 -108.985
-72.748 -22.209 -109.610
-72.143 -19.333 -107.174
-69.856 -16.316 -107.430
-68.576 -14.054 -104.667
-65.700 -11.804 -103.688
-62.614 -13.530 -102.285
-61.207 -12.286 -98.975
-58.741 -9.885 -100.617
-61.307 -8.484 -103.080
-61.627 -4.691 -103.181
-63.610 -2.155 -105.255
-62.540 1.371 -106.167
-64.103 4.545 -107.634
-67.906 4.836 -107.370
-69.468 5.341 -110.819
-72.914 6.299 -112.116
-75.483 3.519 -111.984
-77.262 1.963 -114.941
-80.966 2.848 -114.360
-82.277 0.433 -116.999
-83.577 -2.019 -114.359
-86.605 0.250 -114.193
-87.397 0.010 -117.920
-66.339 35.902 -98.721
