10.090 35.028 14.342
7.735 32.056 14.367
8.084 29.865 17.448
8.838 26.268 16.532
8.773 23.065 18.573
10.645 19.903 17.444
9.064 16.574 18.359
11.712 13.838 17.994
15.135 15.403 18.416
17.026 12.798 16.363
18.880 12.832 13.035
16.285 15.035 11.387
15.225 16.888 14.565
18.760 17.977 15.439
19.663 18.799 11.808
16.489 20.916 11.522
17.524 22.605 14.771
20.935 23.389 13.258
19.392 24.687 10.051
16.974 26.856 12.076
19.890 28.555 13.857
20.689 30.114 10.480
17.164 31.248 9.761
16.049 34.527 11.281
12.371 33.909 10.501
12.355 30.858 12.811
12.927 30.356 16.509
13.002 26.841 17.983
11.821 27.231 21.579
11.265 23.655 22.685
12.215 20.082 21.807
10.667 16.793 22.873
12.204 13.334 22.967
12.493 10.347 25.330
15.499 11.316 27.378
16.911 14.032 29.615
18.414 17.431 28.726
21.928 16.269 29.517
21.660 13.548 26.874
20.055 15.793 24.250
22.717 18.447 24.894
25.535 15.900 24.456
23.993 14.549 21.223
23.522 18.071 19.891
27.097 19.081 20.739
28.891 16.061 19.206
27.651 14.492 16.019
29.351 11.473 14.427
28.358 12.643 10.926
28.286 16.432 11.130
30.950 17.089 13.711
30.972 19.498 16.624
28.042 21.930 16.870
29.224 25.420 15.820
27.530 27.017 18.901
27.703 27.091 22.633
25.561 24.393 24.312
24.879 23.839 27.986
22.140 22.571 30.269
20.163 24.641 32.762
17.760 22.562 34.815
15.576 20.626 32.408
16.455 22.815 29.462
19.094 23.305 26.799
20.929 26.628 26.526
22.189 27.329 22.996
24.043 30.611 22.367
22.430 31.881 25.555
18.884 31.047 24.423
16.981 28.594 26.587
15.321 25.714 24.711
12.675 23.869 26.714
13.174 20.093 26.935
10.136 17.851 27.159
10.086 14.046 27.513
6.495 13.135 26.642
5.978 9.917 24.705
2.353 10.888 23.966
2.101 14.109 21.949
-1.259 14.901 23.619
0.689 15.851 26.684
2.910 18.383 24.906
1.091 21.589 25.827
2.636 23.483 22.879
0.057 26.282 23.143
1.158 27.047 26.711
4.604 28.005 25.453
3.451 29.776 22.313
4.701 27.151 19.877
2.995 27.711 16.527
4.714 25.201 14.259
5.706 21.713 15.316
8.171 19.628 13.312
7.071 16.019 13.805
10.277 14.066 13.400
9.945 11.061 15.752
9.211 8.705 12.842
6.245 7.362 14.877
3.539 9.922 14.102
3.277 10.102 10.339
-0.465 9.263 10.462
-2.740 12.312 10.832
-4.437 10.764 13.886
-1.122 10.990 15.658
0.365 14.158 14.113
-2.820 16.094 14.688
-2.384 15.616 18.430
0.114 18.450 18.298
-2.694 20.735 17.095
-4.969 19.539 19.869
-2.028 20.351 22.184
-2.026 23.963 20.986
0.194 24.205 17.929
-1.153 25.968 14.812
0.662 23.805 12.262
2.521 20.476 12.090
5.177 19.559 9.544
5.586 15.765 9.354
9.208 15.050 8.375
8.268 12.086 6.216
5.626 10.778 3.773
2.372 10.843 5.737
-1.103 9.317 5.854
-4.212 11.488 5.690
-2.177 14.692 5.847
-3.811 17.920 4.590
-1.107 18.389 1.991
2.347 17.143 0.957
4.803 19.760 -0.158
8.197 19.645 -1.867
9.851 23.105 -1.806
10.659 24.323 -5.262
7.970 22.056 -6.672
4.512 22.806 -5.213
4.668 25.075 -2.152
2.198 27.397 -3.922
-0.396 24.644 -3.464
-0.285 25.244 0.285
-3.452 26.897 1.672
-3.022 28.652 5.068
-6.698 28.326 5.933
-7.150 24.682 4.867
-3.799 22.997 5.607
-2.561 22.430 9.124
-0.958 18.947 9.011
1.595 19.125 6.215
4.093 16.472 5.059
7.481 17.573 3.650
7.679 14.212 1.801
10.885 12.110 1.968
19.605 12.867 3.166
19.842 14.415 6.616
20.916 17.979 5.793
19.185 18.877 2.551
15.833 17.609 3.794
16.181 19.326 7.166
16.957 22.660 5.495
13.791 22.134 3.418
11.780 21.572 6.616
13.073 24.936 7.853
12.264 26.565 4.459
8.787 25.097 4.592
8.255 26.350 8.157
9.307 29.884 7.124
7.095 29.661 4.067
4.067 28.556 6.097
4.712 31.315 8.629
4.865 33.821 5.725
1.352 32.971 4.564
-0.050 33.767 8.033
-0.658 31.937 11.310
