-73.100 55.733 0.019
-71.784 54.902 3.489
-74.151 52.297 4.910
-73.244 50.222 7.943
-69.940 49.075 9.426
-67.315 46.429 8.603
-65.671 44.678 11.556
-62.651 42.686 10.392
-61.666 40.168 13.062
-58.323 38.435 12.568
-57.505 35.799 15.196
-54.426 37.651 16.510
-52.235 40.702 15.736
-48.829 39.096 15.135
-47.834 36.265 12.806
-44.634 34.489 11.900
-43.748 33.010 8.493
-45.879 30.061 7.359
-48.720 30.612 9.823
-52.336 30.768 8.672
-54.335 33.912 9.396
-57.798 33.066 10.681
-60.225 35.817 9.673
-63.912 36.678 9.701
-66.110 39.767 9.391
-68.971 41.175 11.455
-71.069 43.327 9.137
-73.767 45.705 10.354
-76.103 48.065 8.492
-77.524 51.443 9.485
-79.986 49.559 11.710
-77.376 47.398 13.463
-79.291 44.265 12.494
-77.318 41.431 10.812
-77.320 43.018 7.325
-76.625 40.279 4.772
-74.503 41.232 1.751
-71.604 39.501 -0.002
-68.373 41.147 1.190
-64.907 41.461 -0.356
-61.818 41.851 1.804
-58.419 42.255 0.157
-55.077 41.532 1.836
-52.336 44.137 1.368
-48.580 43.623 1.796
-46.578 45.891 4.161
-45.625 48.186 1.266
-49.007 49.213 -0.096
-49.683 46.471 -2.610
-52.601 44.059 -2.805
-51.571 40.404 -2.668
-54.868 38.555 -2.679
-58.627 39.103 -2.715
-61.755 37.076 -1.986
-65.529 37.374 -1.632
-68.008 35.365 0.442
-71.770 35.466 0.995
-73.260 36.837 4.218
-75.713 34.361 5.723
-76.125 35.895 9.190
-73.562 38.660 9.651
-70.578 36.484 10.517
-68.864 36.111 7.144
-66.185 33.417 7.282
-63.291 33.881 4.848
-60.469 31.406 4.111
-57.259 31.571 6.148
-54.469 33.657 4.620
-51.276 31.594 4.427
-48.215 33.717 5.183
-45.425 33.033 2.630
-42.436 30.758 3.307
-40.364 33.936 3.258
-42.933 36.777 3.456
-42.713 40.559 3.200
-42.010 41.492 6.824
-43.962 44.454 8.177
-47.411 45.862 8.885
-50.037 44.157 6.731
-53.448 45.617 5.912
-56.830 43.979 5.426
-59.313 46.417 3.910
-62.922 45.365 3.416
-65.825 46.523 1.258
-69.196 45.409 -0.049
-69.199 43.760 -3.468
-72.402 45.491 -4.544
-73.162 49.122 -3.712
-72.459 50.974 -0.451
-69.187 52.897 -0.043
-68.672 51.635 3.531
-65.235 50.411 4.598
-63.666 48.221 7.249
-60.014 47.892 8.174
-57.825 45.508 10.144
-54.127 44.976 10.735
-51.583 42.318 11.541
-47.816 42.516 11.888
-45.704 39.862 10.201
-42.496 39.439 12.183
-39.530 37.180 11.430
-39.239 34.535 14.150
