4.242 -18.324 -4.702
7.859 -19.500 -4.768
8.935 -21.601 -7.724
11.761 -24.179 -7.619
13.866 -21.466 -9.310
13.064 -18.968 -6.546
13.841 -21.507 -3.791
17.194 -22.412 -5.304
18.103 -18.715 -5.731
17.218 -17.919 -2.103
19.209 -20.931 -0.804
22.211 -20.035 -2.969
22.160 -16.348 -1.821
21.815 -17.316 1.879
24.612 -19.854 1.417
26.846 -16.915 0.422
25.738 -14.171 2.782
24.564 -16.102 5.909
28.077 -15.843 7.351
27.136 -12.217 8.161
23.636 -12.966 9.557
24.275 -11.187 12.859
25.598 -8.035 11.210
22.761 -7.976 8.668
20.202 -8.159 11.510
21.818 -5.450 13.587
21.966 -3.111 10.606
18.399 -3.894 9.405
16.837 -3.301 12.788
18.977 -0.197 13.342
17.732 1.244 10.038
14.173 0.342 10.698
14.053 2.205 14.043
15.763 5.330 12.616
14.064 5.534 9.216
10.605 4.357 10.323
10.348 5.798 13.844
6.757 4.508 14.274
8.481 1.145 14.878
10.559 2.250 17.855
7.655 1.931 20.317
7.760 -1.887 19.918
11.307 -2.030 21.335
10.907 0.684 23.982
10.910 -1.727 26.887
14.633 -2.317 26.160
17.113 -0.255 28.249
18.726 1.114 25.077
16.963 1.841 21.755
19.575 4.426 20.571
22.032 3.943 17.702
24.696 1.437 18.602
22.542 -0.269 21.239
23.659 -3.743 22.458
19.921 -4.591 22.680
19.394 -3.829 18.975
22.544 -5.859 18.195
21.378 -8.842 20.269
17.854 -8.749 18.739
19.276 -8.429 15.203
20.875 -11.855 15.694
17.424 -13.277 16.521
15.661 -11.620 13.576
18.135 -13.079 11.016
17.902 -16.433 12.846
14.131 -16.161 11.970
15.079 -15.470 8.323
17.491 -18.488 8.391
14.583 -20.550 9.805
12.389 -19.304 6.937
15.057 -20.369 4.372
15.026 -23.857 5.960
11.212 -23.923 5.947
10.921 -22.359 2.476
8.793 -25.231 1.189
6.081 -24.466 3.785
6.465 -21.077 5.427
3.047 -21.139 7.069
3.849 -24.193 9.143
7.519 -23.198 9.634
6.812 -19.690 10.947
3.557 -20.421 12.854
5.117 -19.921 16.296
6.733 -16.682 15.220
3.368 -15.535 13.775
1.666 -16.308 17.139
4.388 -14.395 18.982
4.072 -11.250 16.862
0.259 -11.338 16.681
-0.676 -12.318 20.210
2.171 -11.876 22.613
3.672 -8.715 20.991
0.762 -7.332 19.052
3.030 -5.872 16.331
0.830 -4.249 13.665
1.243 -6.471 10.581
1.789 -3.427 8.295
5.315 -3.297 9.701
6.565 -6.588 8.215
7.092 -5.045 4.759
9.154 -2.241 6.393
11.651 -4.655 7.925
11.746 -6.645 4.659
12.761 -3.496 2.746
15.429 -2.683 5.367
16.804 -6.248 5.014
17.069 -5.757 1.187
18.839 -2.406 1.686
21.309 -3.911 4.138
22.112 -6.921 1.921
22.640 -4.484 -0.980
25.107 -2.422 1.091
27.078 -5.485 2.208
26.930 -7.845 -0.756
26.601 -5.689 -3.897
28.137 -8.414 -6.140
25.921 -11.247 -4.951
22.749 -9.207 -4.705
21.993 -9.138 -8.399
18.576 -8.239 -9.819
17.880 -12.009 -10.213
18.816 -12.644 -6.573
16.617 -9.697 -5.618
13.430 -10.810 -7.413
13.492 -14.232 -5.743
14.439 -12.821 -2.321
11.675 -10.220 -2.552
9.109 -12.934 -3.438
10.478 -14.956 -0.466
10.218 -12.016 1.964
6.615 -11.409 0.759
5.977 -15.095 1.621
7.654 -14.612 5.028
5.371 -11.581 5.710
2.286 -13.565 4.693
3.301 -16.475 6.957
3.936 -14.043 9.847
0.457 -12.622 9.156
-1.138 -16.102 9.631
-2.354 -15.685 13.225
-3.611 -12.107 12.823
-7.214 -12.657 11.597
