9.901 15.764 9.228
10.301 12.688 11.438
13.645 12.412 13.250
15.339 9.605 15.139
17.821 9.945 17.976
19.809 7.145 19.543
20.983 8.033 23.018
23.873 5.682 23.850
23.851 5.425 27.640
26.360 4.460 30.293
26.053 0.714 30.898
28.092 -2.159 32.330
25.443 -4.775 33.103
26.145 -7.754 30.828
22.946 -8.100 28.777
21.268 -11.401 28.049
20.987 -12.022 24.297
17.713 -11.432 22.484
17.572 -14.831 20.809
18.098 -16.645 24.103
15.867 -14.255 26.030
12.829 -14.119 23.796
12.822 -17.905 23.928
12.562 -17.862 27.717
9.803 -15.245 27.527
7.837 -17.510 25.211
8.367 -20.523 27.463
7.463 -18.672 30.675
5.592 -15.372 30.213
1.830 -15.741 30.436
1.598 -12.016 29.639
3.631 -12.445 26.444
1.026 -14.851 25.098
-1.770 -12.324 25.696
0.306 -9.570 24.092
0.609 -11.491 20.805
-2.885 -12.997 20.707
-4.993 -9.991 21.662
-2.822 -6.865 21.718
-0.378 -6.565 18.822
-2.712 -7.186 15.853
-4.743 -4.131 16.770
-1.639 -2.056 17.527
-0.137 -2.985 14.162
-3.256 -1.649 12.409
-3.380 1.412 14.631
0.329 2.120 14.016
0.016 1.731 10.239
-2.787 4.273 10.435
-0.750 6.748 12.498
1.986 6.606 9.879
-0.233 7.115 6.810
-1.908 10.097 8.464
1.389 11.421 9.860
-0.301 11.745 13.265
2.681 12.198 15.599
1.042 12.274 19.037
-0.740 8.997 18.222
2.465 7.567 16.751
4.517 8.641 19.767
2.067 7.313 22.369
1.748 3.941 20.645
5.506 3.640 20.374
6.026 4.251 24.111
3.244 1.902 25.194
4.609 -0.869 23.003
8.196 -0.340 24.126
6.970 -0.474 27.700
4.960 -3.623 27.140
7.908 -5.408 25.519
10.102 -4.746 28.577
7.068 -5.617 30.678
7.019 -9.112 29.188
10.762 -9.403 29.868
10.024 -8.716 33.521
7.259 -11.358 33.386
9.735 -13.909 32.058
11.210 -16.380 34.603
13.930 -15.718 35.592
13.039 -12.052 34.859
14.969 -10.163 32.191
16.186 -6.598 32.643
17.283 -4.324 29.813
16.395 -0.871 31.137
18.862 0.683 33.585
18.617 3.738 35.831
19.566 5.985 32.916
16.820 4.446 30.797
14.261 5.505 33.375
15.540 9.044 33.896
15.267 9.404 30.134
11.773 7.906 30.118
10.833 10.432 32.788
12.498 13.272 30.886
10.333 12.568 27.852
7.064 12.512 29.788
7.988 15.709 31.660
9.014 17.343 28.396
5.687 16.460 26.762
3.603 17.455 29.772
5.337 20.831 29.790
4.389 21.451 26.166
1.003 20.038 27.042
1.458 17.896 23.927
3.118 14.578 22.952
6.090 16.042 21.091
8.576 13.274 21.861
8.638 9.501 22.062
11.057 6.904 23.377
11.498 3.243 22.566
13.937 0.684 23.931
15.220 -2.588 22.502
17.324 -5.253 24.341
19.607 -2.847 26.121
19.420 0.413 28.066
20.069 2.751 25.076
17.205 5.083 24.216
15.795 5.545 20.725
13.961 8.866 20.443
11.394 9.768 17.757
10.535 13.433 17.294
9.837 15.984 14.565
12.520 18.223 13.089
11.132 21.357 14.781
11.526 19.895 18.266
14.944 18.172 17.954
17.108 21.104 19.085
15.129 21.814 22.237
14.849 18.133 23.181
18.587 17.575 22.705
19.208 20.678 24.837
17.046 18.905 27.400
19.082 15.673 27.473
22.262 17.773 27.649
20.876 19.429 30.790
19.850 16.085 32.241
23.074 14.299 31.314
25.961 16.711 30.734
28.885 14.897 28.975
31.422 16.852 30.975
32.976 19.431 28.596
33.564 18.828 24.906
30.348 18.958 22.830
32.604 17.207 20.360
31.565 13.678 19.449
28.613 14.178 21.804
26.423 14.880 18.785
26.866 12.704 15.711
25.059 12.398 12.390
22.572 15.065 11.313
23.562 18.574 12.371
21.716 19.920 15.411
22.037 23.540 16.492
22.391 23.947 20.280
19.226 25.404 21.798
18.875 27.142 25.201
16.595 25.794 27.932
13.505 27.626 29.124
13.521 28.206 32.871
9.983 26.834 33.121
10.896 23.871 30.903
14.034 23.273 32.932
11.888 23.267 36.081
9.250 20.992 34.558
11.962 18.432 33.829
12.563 18.401 37.598
15.677 16.208 37.603
19.178 16.604 39.026
21.775 15.983 36.295
23.669 12.721 35.891
27.015 13.757 34.349
28.236 11.144 31.874
24.812 9.474 31.895
24.751 9.750 28.103
27.835 8.758 26.091
26.773 10.423 22.848
23.797 11.103 20.593
23.325 9.793 17.067
20.935 12.041 15.132
19.354 10.713 11.953
16.130 10.454 9.965
13.999 8.100 7.889
16.124 6.505 5.153
15.977 4.312 1.988
16.359 0.551 1.594
19.695 -1.123 0.752
21.924 0.555 -1.858
24.198 -0.710 -4.653
27.638 0.893 -4.897
29.299 1.947 -8.155
32.886 2.775 -7.148
35.656 0.157 -7.385
37.579 1.988 -4.661
34.744 1.067 -2.304
34.950 -2.711 -2.737
35.797 -4.385 0.568
37.437 -7.431 -0.982
40.581 -6.611 -2.920
41.712 -8.381 -6.116
41.356 -11.553 -4.037
40.879 -11.170 -0.287
41.221 -8.262 2.139
41.333 -5.371 2.573
