-29.012 -31.328 -25.782
-26.258 -33.771 -24.775
-26.558 -37.568 -24.962
-23.848 -39.715 -23.354
-26.323 -42.586 -23.409
-28.102 -44.359 -26.241
-31.852 -44.881 -26.238
-31.307 -48.468 -25.105
-29.058 -47.411 -22.239
-31.360 -44.751 -20.790
-34.466 -46.924 -21.268
-33.003 -50.151 -19.875
-34.730 -51.476 -16.778
-32.248 -52.159 -13.995
-32.311 -53.669 -10.508
-30.659 -53.261 -7.111
-29.748 -56.049 -4.703
-29.490 -53.540 -1.848
-31.661 -50.602 -2.989
-30.999 -47.214 -1.431
-32.351 -43.830 -2.455
-31.948 -40.161 -1.577
-34.061 -37.298 -2.855
-32.675 -33.838 -3.476
-34.913 -31.133 -4.917
-36.838 -32.658 -7.797
-34.216 -35.407 -8.249
-34.171 -39.014 -7.100
-30.818 -40.741 -6.536
-31.035 -44.543 -6.564
-28.008 -46.770 -6.013
-27.307 -50.428 -5.399
-25.514 -50.506 -2.052
-24.302 -54.038 -2.844
-21.843 -52.891 -5.519
-18.227 -52.654 -4.364
-14.698 -52.310 -5.704
-15.764 -51.380 -9.231
-14.654 -48.740 -11.686
-17.855 -46.806 -12.303
-18.468 -44.507 -15.270
-21.083 -41.740 -15.063
-22.928 -40.912 -18.290
-25.780 -38.425 -18.609
-28.373 -37.053 -21.036
-29.298 -33.444 -20.354
-30.062 -30.072 -21.904
-27.487 -27.283 -21.985
-28.449 -23.625 -21.769
-25.622 -21.777 -23.500
-22.761 -23.496 -21.643
-24.002 -25.206 -18.484
-26.188 -28.190 -17.693
-29.770 -26.928 -17.447
-32.142 -29.906 -17.247
-31.056 -33.438 -16.315
-33.041 -36.239 -17.922
-30.922 -39.139 -16.615
-27.468 -39.792 -15.287
-26.637 -43.486 -14.950
-23.586 -45.153 -13.418
-22.049 -48.022 -15.421
-19.528 -50.757 -14.690
-16.848 -51.455 -17.295
-19.100 -54.250 -18.621
-22.064 -51.899 -18.907
-24.104 -52.901 -15.862
-26.193 -50.062 -14.372
-25.605 -49.658 -10.625
-27.143 -46.247 -9.917
-29.253 -43.457 -11.451
-30.047 -39.784 -10.940
-33.313 -38.764 -12.564
-36.255 -36.409 -11.934
-39.052 -37.686 -9.707
-41.563 -38.625 -12.424
-44.619 -36.945 -10.840
-42.608 -33.952 -9.565
-39.692 -33.546 -11.966
-39.069 -29.816 -11.538
-35.430 -29.250 -10.621
-32.433 -26.936 -10.758
-28.780 -27.010 -11.742
-28.131 -26.892 -7.999
-30.178 -30.056 -7.403
-28.045 -31.707 -10.078
-24.737 -30.683 -8.489
-26.053 -31.903 -5.131
-27.324 -35.227 -6.528
-23.975 -35.947 -8.187
-22.002 -35.259 -4.999
-24.440 -37.533 -3.173
-24.107 -40.367 -5.691
-20.332 -40.153 -5.887
-20.132 -40.178 -2.131
-22.497 -43.139 -1.834
-20.535 -45.129 -4.400
-17.103 -44.263 -2.960
-18.209 -45.483 0.485
-18.234 -48.958 -1.084
-14.722 -48.490 -2.526
-15.881 -47.936 -6.094
-13.791 -45.582 -8.237
-15.680 -42.958 -10.206
-15.042 -41.380 -13.571
-17.386 -38.934 -15.305
-17.971 -38.587 -19.045
-16.259 -35.659 -20.759
-19.691 -34.034 -21.202
-20.464 -34.210 -17.487
-17.075 -32.757 -16.529
-17.602 -29.960 -19.056
-21.223 -28.957 -18.432
-21.674 -30.007 -14.810
