-6.954 -24.906 5.269
-4.594 -23.028 3.007
-2.688 -21.719 5.970
-3.787 -23.556 9.077
-2.481 -26.767 7.573
0.804 -25.188 6.520
4.081 -26.259 8.103
4.820 -22.607 8.742
1.477 -21.934 10.491
2.441 -24.958 12.487
5.831 -23.421 13.282
4.269 -20.092 14.132
1.531 -21.397 16.289
4.252 -23.303 18.091
6.703 -20.378 18.451
3.890 -18.332 20.005
3.566 -21.161 22.531
7.281 -21.319 23.114
7.701 -17.569 23.392
4.776 -17.051 25.823
6.105 -19.945 27.927
9.556 -18.470 28.171
8.151 -15.011 28.687
5.949 -16.062 31.646
8.727 -18.136 33.164
10.956 -15.059 33.131
8.460 -12.307 34.099
6.970 -14.306 36.956
10.396 -15.582 37.910
11.906 -12.113 38.168
9.078 -10.742 40.343
8.982 -13.406 43.089
9.633 -11.837 46.474
12.911 -13.788 46.927
13.958 -13.047 50.528
17.513 -13.386 49.380
17.030 -10.004 47.596
13.599 -8.473 47.029
13.244 -7.484 43.417
12.649 -3.717 43.052
10.204 -2.053 40.633
12.693 -1.198 37.864
14.335 -4.565 38.313
10.996 -6.112 37.465
10.109 -3.534 34.833
13.304 -4.335 33.058
12.901 -8.099 33.373
9.450 -8.211 31.803
10.654 -5.798 29.114
13.891 -7.480 28.118
11.959 -10.740 27.931
9.617 -9.436 25.247
12.342 -7.528 23.430
14.400 -10.711 23.456
11.674 -13.123 22.371
10.490 -10.601 19.793
13.961 -10.577 18.266
14.348 -14.351 18.458
10.949 -15.670 17.484
9.155 -12.799 15.717
10.241 -13.837 12.175
8.675 -17.201 12.863
5.260 -15.952 13.967
5.029 -12.189 14.303
5.812 -12.720 17.940
2.613 -11.413 19.399
3.092 -13.327 22.683
-0.067 -11.561 23.936
-3.729 -12.386 23.210
-4.657 -8.730 23.475
-2.343 -7.775 20.595
-3.277 -10.863 18.607
-6.980 -9.951 18.830
-6.215 -6.310 18.007
-4.284 -7.480 14.939
-7.430 -9.370 14.058
-9.472 -6.270 14.615
-7.214 -4.050 12.517
-6.964 -6.765 9.815
-3.573 -8.234 8.680
-4.083 -11.670 10.273
-6.845 -14.227 9.795
-9.547 -15.264 12.225
-8.094 -18.741 12.472
-4.514 -17.537 12.963
-5.942 -15.543 15.804
-7.687 -18.598 17.357
-4.621 -20.820 17.536
-2.377 -17.929 18.496
-4.516 -17.001 21.487
-4.879 -20.666 22.301
-1.135 -21.170 22.162
-0.418 -18.114 24.296
-2.755 -19.247 27.049
-1.263 -22.738 26.981
2.326 -21.608 27.051
1.524 -19.125 29.775
0.194 -21.987 31.855
3.090 -24.071 30.620
5.650 -21.449 31.788
4.022 -20.685 35.159
4.033 -24.430 35.860
7.722 -24.845 35.107
8.592 -22.012 37.426
6.410 -23.597 40.148
8.321 -26.797 39.644
11.607 -24.937 39.880
11.015 -22.153 42.420
12.098 -22.723 46.030
9.416 -22.703 48.718
10.551 -19.538 50.437
10.162 -17.510 47.238
7.358 -19.253 45.326
4.475 -17.496 47.098
2.011 -16.495 44.976
3.900 -17.101 41.710
3.528 -13.385 40.854
-0.166 -13.327 40.017
-1.692 -9.988 39.059
-3.641 -8.346 41.937
-5.359 -4.972 42.396
-3.909 -2.358 44.696
-6.294 -2.515 47.617
-6.509 1.292 47.347
-7.371 0.868 43.663
-10.849 0.616 42.121
-11.486 -2.141 39.561
-12.606 0.544 37.153
-9.596 2.682 37.938
-7.346 -0.336 37.401
-9.066 -1.097 34.114
-8.583 2.381 32.672
-4.918 2.116 33.637
-4.502 -1.304 32.006
-6.384 0.055 28.993
-3.932 2.887 28.637
-0.886 0.703 29.340
-1.599 -1.777 26.575
-2.758 1.002 24.243
0.655 2.606 24.204
2.303 -0.789 23.785
0.020 -1.860 20.938
0.488 1.504 19.200
4.274 1.179 19.325
4.087 -2.376 18.069
2.048 -1.443 15.083
4.279 1.562 14.289
7.438 -0.569 14.524
6.226 -3.391 12.267
4.449 -1.433 9.557
6.049 -2.321 6.226
5.156 1.103 4.905
7.192 2.934 7.496
9.784 5.261 5.895
11.596 6.865 8.823
14.222 4.763 10.570
12.590 2.141 12.849
15.724 1.553 14.932
15.196 -1.683 16.827
11.524 -2.692 16.710
12.335 -5.453 19.215
14.037 -3.214 21.780
11.445 -0.437 21.424
8.624 -2.936 21.878
10.599 -4.379 24.792
11.216 -1.014 26.440
7.557 -0.195 25.909
6.473 -3.083 28.067
9.115 -1.897 30.584
7.527 1.581 30.424
4.101 0.187 31.123
5.385 -1.708 34.182
6.886 1.378 35.836
3.374 2.746 36.271
1.175 -0.382 36.002
2.837 -2.362 38.753
1.643 0.077 41.491
-1.911 -0.330 40.164
-2.546 -3.918 39.107
0.964 -5.356 39.367
0.868 -4.708 35.563
-0.927 -7.104 33.242
-1.016 -5.702 29.690
-1.453 -9.341 28.657
-4.382 -11.670 29.511
-2.007 -14.648 29.080
0.495 -13.375 31.667
-2.360 -12.951 34.115
-3.995 -16.240 33.145
-0.943 -18.521 33.395
-0.111 -18.081 37.124
-3.838 -18.018 37.958
-4.449 -21.411 36.435
-1.429 -22.813 38.198
-2.318 -21.291 41.558
-6.114 -21.476 41.433
-6.331 -17.769 42.153
-8.993 -15.896 40.239
-9.268 -12.661 42.186
-12.713 -11.041 41.905
-11.092 -8.467 39.551
-9.621 -11.007 37.134
-11.824 -9.585 34.375
-9.717 -6.425 34.470
-6.593 -8.209 33.325
-8.389 -9.305 30.153
-10.828 -6.536 29.171
-8.555 -3.623 30.040
-5.651 -4.997 28.009
-7.869 -6.163 25.138
-9.793 -2.906 24.889
-6.730 -0.629 24.882
-5.194 -2.849 22.198
-8.183 -2.974 19.831
-8.520 0.731 20.427
-4.920 1.256 19.370
-5.435 -0.976 16.332
-8.565 0.875 15.263
-6.909 4.279 15.458
-3.655 3.195 13.789
-5.010 1.055 11.000
-8.373 2.591 10.213
-7.747 6.269 11.019
-4.027 7.145 10.938
-2.523 4.693 8.457
-5.306 3.198 6.436
-4.415 0.693 3.712
-5.662 1.269 0.174
-7.290 -2.118 -0.003
-10.168 -2.866 0.697
-12.565 -3.843 -0.191
-13.510 -7.536 0.461
-9.871 -8.704 0.137
-10.299 -7.779 3.766
-12.617 -10.752 4.091
-9.848 -12.763 2.358
-7.638 -11.540 5.214
-10.218 -12.796 7.718
-10.705 -16.000 5.742
-6.945 -16.429 5.358
-6.938 -16.760 1.591
-5.316 -13.419 0.729
-2.357 -12.691 -1.590
-1.664 -16.203 -2.995
