-43.067 -60.408 81.678
-43.543 -56.872 83.011
-40.395 -55.890 84.911
-38.652 -58.409 82.674
-39.396 -56.263 79.631
-37.946 -53.150 81.269
-34.765 -55.085 82.048
-34.636 -56.869 78.687
-34.582 -53.569 76.795
-32.371 -51.898 79.400
-29.659 -54.551 79.099
-28.888 -53.415 75.524
-29.732 -49.738 76.040
-26.774 -49.282 78.403
-24.709 -46.848 76.340
-23.422 -43.284 76.201
-20.330 -43.709 78.341
-16.682 -42.664 78.219
-13.898 -45.257 78.291
-11.486 -42.460 79.262
-13.609 -41.041 82.058
-10.783 -42.423 84.169
-9.068 -39.326 82.851
-12.042 -37.500 84.312
-11.423 -39.361 87.589
-7.825 -38.196 87.712
-9.225 -34.686 87.349
-11.871 -35.320 89.986
-8.964 -36.021 92.321
-7.121 -32.896 91.189
-10.315 -30.932 91.833
-10.454 -32.501 95.295
-6.872 -31.390 95.852
-8.232 -27.896 95.267
-10.925 -28.215 97.934
-8.550 -29.588 100.555
-5.884 -27.114 99.443
-8.353 -24.247 99.825
-9.485 -25.394 103.269
-5.863 -25.814 104.373
-5.247 -22.206 103.369
-8.050 -21.291 105.763
-6.530 -22.928 108.836
-3.202 -21.214 108.183
-4.369 -17.660 107.524
-7.445 -17.888 109.754
-5.085 -18.876 112.574
-2.934 -15.795 112.016
-6.290 -14.109 112.523
-6.976 -16.354 115.522
-4.059 -14.764 117.338
-4.912 -11.167 116.442
-8.695 -10.694 116.495
-9.141 -13.913 118.430
-7.324 -14.151 121.739
-6.706 -10.427 122.098
