5.392 8.282 7.012
6.564 11.470 5.322
3.140 11.982 3.596
1.676 11.674 7.149
3.798 14.549 8.493
3.049 16.722 5.463
-0.730 16.224 5.573
-0.631 17.132 9.261
1.792 20.064 8.779
-0.492 21.442 6.012
-3.124 21.986 8.697
-0.728 24.524 10.389
-1.470 27.095 7.665
-4.143 29.765 7.960
-5.599 32.285 5.546
-3.452 35.451 5.242
-0.418 33.835 6.867
3.158 34.736 6.055
5.217 31.570 6.283
8.808 30.609 5.663
9.239 26.915 4.801
12.526 25.161 5.399
14.370 22.735 3.156
13.379 19.107 3.589
9.832 18.063 4.507
8.350 21.632 5.043
8.566 22.511 1.320
6.330 19.473 0.503
3.391 20.571 2.712
3.020 23.771 0.636
1.408 21.636 -2.081
-1.186 20.621 0.482
-2.093 24.204 1.467
-5.869 24.460 0.900
-6.775 26.318 -2.304
-9.589 27.813 -0.213
-6.890 29.901 1.593
-3.931 32.133 0.672
-0.613 31.528 2.455
2.184 34.024 1.520
5.522 32.218 1.271
8.781 34.025 2.040
12.283 33.059 0.819
15.361 34.227 2.710
17.193 34.963 -0.530
14.800 37.845 -1.025
11.362 36.777 -2.184
7.773 37.104 -0.962
4.985 35.319 -2.751
6.627 32.127 -3.927
4.476 30.113 -6.375
4.860 26.485 -7.556
7.875 24.906 -9.198
8.191 26.121 -12.798
7.279 24.404 -16.003
10.406 23.887 -18.101
9.805 27.081 -20.090
9.370 29.162 -16.898
12.636 28.011 -15.170
14.983 31.004 -14.573
18.508 31.065 -13.097
17.666 34.458 -11.488
14.739 32.877 -9.493
15.433 30.256 -6.872
14.418 29.342 -3.354
16.640 28.856 -0.278
17.086 25.215 -1.280
18.690 26.553 -4.505
15.760 25.152 -6.539
14.253 27.005 -9.512
10.845 28.408 -8.478
8.132 30.786 -9.695
6.338 33.857 -8.180
2.570 34.583 -7.942
0.929 37.933 -8.910
1.534 40.339 -6.022
5.028 38.902 -5.299
7.982 41.124 -4.368
11.798 40.953 -4.416
14.138 42.630 -1.893
17.727 42.257 -0.663
19.099 39.738 1.807
19.461 42.322 4.622
15.764 43.247 4.151
14.800 39.588 4.015
16.339 38.960 7.397
14.952 42.158 8.880
11.529 40.655 8.017
12.443 37.354 9.758
14.537 38.793 12.633
11.838 41.415 13.239
9.038 38.874 13.771
6.998 39.757 10.663
6.732 36.140 9.443
3.868 34.336 11.196
5.130 30.782 10.842
8.500 29.111 10.265
8.434 25.347 9.486
11.739 23.457 9.814
13.369 20.059 9.808
15.355 18.841 12.787
17.915 16.224 13.774
16.922 16.798 17.379
14.412 18.712 19.460
14.636 18.968 23.252
11.984 18.824 25.975
11.940 22.612 26.313
12.180 23.456 22.611
15.862 23.621 21.832
16.552 22.725 18.202
19.578 20.983 16.657
19.582 21.012 12.872
22.920 22.361 11.439
25.920 20.447 12.696
27.018 16.841 13.234
30.521 17.235 14.705
33.011 15.157 12.699
30.590 14.445 9.839
28.552 17.382 8.566
29.840 20.951 8.949
28.191 22.947 6.175
26.815 25.964 8.014
23.595 27.067 9.625
22.433 29.214 6.683
19.391 31.178 7.724
18.215 28.579 10.292
19.386 30.418 13.436
17.654 33.614 12.258
14.429 31.766 11.476
14.085 30.678 15.082
15.291 33.940 16.607
11.916 35.746 17.024
9.435 35.360 19.907
6.720 36.768 17.563
6.935 33.842 15.089
5.585 30.301 15.486
8.198 27.602 14.963
6.972 24.171 13.952
9.385 21.244 13.477
8.426 18.555 10.987
10.450 15.334 11.333
10.442 11.579 11.571
9.924 10.783 15.258
13.095 8.630 15.709
16.485 8.263 13.968
18.097 5.037 12.632
18.046 2.170 15.150
15.086 3.845 16.898
17.629 6.374 18.228
15.684 9.216 19.973
15.374 12.559 18.234
13.001 14.113 20.810
14.920 14.137 24.062
15.632 15.858 27.354
18.673 17.769 26.141
20.183 17.810 22.627
23.602 16.209 22.074
24.129 17.920 18.692
25.095 21.652 18.456
22.033 23.864 18.842
20.446 25.949 16.137
18.283 27.579 18.806
17.537 27.437 22.477
13.877 27.157 23.642
12.444 28.117 20.241
10.249 25.260 18.944
6.522 25.730 19.611
5.243 22.474 18.043
6.670 19.118 16.881
4.840 17.168 14.158
6.060 13.613 13.619
4.410 10.571 11.971
3.328 9.300 15.420
2.683 12.455 17.500
1.997 16.160 17.626
3.529 17.829 20.676
3.039 21.332 21.965
6.270 22.621 23.470
6.538 24.999 26.430
9.845 26.478 27.522
8.908 26.074 31.255
6.334 23.200 31.200
7.914 20.877 28.618
6.037 18.711 26.094
2.333 17.909 25.764
1.218 15.100 23.450
-1.874 16.725 21.871
-2.305 14.371 18.892
-1.423 10.730 18.281
-1.499 8.659 15.059
-4.561 6.478 15.524
-3.648 2.822 16.078
-0.672 3.838 18.196
-1.180 4.198 21.949
0.691 6.591 24.311
3.244 3.885 25.283
4.237 3.584 21.606
5.132 7.276 21.568
6.894 7.061 25.013
9.069 4.097 23.895
10.120 6.229 20.875
10.611 9.556 22.715
13.649 10.167 24.967
11.871 12.191 27.713
8.513 12.401 29.538
5.582 14.558 28.441
2.069 15.570 29.509
-0.895 14.001 27.689
-3.635 16.495 26.765
-7.067 15.653 28.244
-8.426 16.628 24.803
-5.922 14.211 23.151
-7.228 13.250 19.708
-6.121 11.156 16.737
-3.580 12.989 14.541
-5.216 15.180 11.886
-4.700 14.826 8.106
-5.655 17.457 5.533
-8.347 16.052 3.253
