37.216 93.291 -13.182
40.523 91.610 -13.070
41.621 89.373 -15.935
41.577 85.820 -14.729
45.366 85.488 -15.175
45.655 88.085 -12.426
43.539 86.003 -10.081
45.457 82.887 -11.041
48.703 84.617 -10.271
47.562 85.433 -6.757
47.318 81.642 -6.324
50.560 80.795 -8.133
48.723 78.829 -10.809
50.573 78.227 -14.050
49.101 78.213 -17.524
49.876 74.609 -18.034
47.047 73.691 -15.667
44.786 76.637 -16.528
42.098 76.437 -19.196
40.557 79.814 -19.974
36.961 80.519 -20.802
37.213 84.005 -22.192
39.260 86.547 -20.265
37.597 86.339 -16.818
37.075 82.614 -16.137
39.247 79.503 -16.094
39.144 75.829 -15.289
41.913 74.378 -13.168
43.084 70.905 -13.960
41.797 68.668 -11.196
44.978 66.584 -11.419
46.773 69.581 -9.919
45.220 68.773 -6.540
47.118 65.479 -6.337
50.293 67.401 -7.131
49.745 69.405 -3.953
49.227 66.400 -1.761
52.338 67.118 0.307
51.425 70.758 0.803
49.718 71.790 4.012
45.987 72.384 4.275
44.631 75.661 5.545
41.531 76.255 7.625
38.042 75.286 6.511
35.104 77.472 7.401
31.648 75.984 6.979
28.882 78.504 6.302
25.354 77.538 7.155
22.179 79.232 8.354
19.118 79.232 10.562
16.038 77.587 9.153
15.295 79.315 5.801
12.332 81.658 5.579
10.645 83.415 2.635
12.173 86.673 3.917
15.560 85.472 2.610
18.715 85.307 4.760
21.437 85.996 2.173
23.745 83.099 3.071
25.657 83.027 -0.224
26.164 86.805 -0.144
27.563 86.361 3.378
29.911 83.551 2.381
31.411 85.685 -0.363
31.598 88.696 1.992
33.348 86.668 4.701
36.015 85.531 2.275
36.453 89.096 1.006
36.715 90.320 4.640
39.302 87.691 5.580
41.444 88.838 2.675
40.768 92.448 3.813
42.201 91.699 7.315
45.248 90.116 5.687
44.269 86.432 5.754
44.444 84.754 2.362
40.997 83.323 1.575
39.079 81.579 -1.192
35.319 81.179 -1.288
33.957 77.960 -2.780
30.397 77.854 -4.070
27.909 75.719 -5.963
27.156 76.592 -9.537
23.517 77.763 -9.778
21.070 76.003 -12.048
20.139 78.052 -15.094
16.489 77.132 -14.907
15.499 79.056 -11.759
17.046 82.293 -13.038
14.802 82.204 -16.090
12.038 82.110 -13.521
13.177 84.512 -10.765
16.329 86.506 -9.961
18.118 84.681 -7.156
21.039 85.028 -4.732
23.324 82.241 -5.879
26.016 84.648 -7.096
25.593 86.911 -4.077
24.302 90.483 -4.108
25.077 94.178 -3.715
28.806 94.697 -3.092
29.374 91.031 -2.346
29.168 89.081 -5.550
31.038 86.557 -7.614
31.857 87.817 -11.107
31.191 87.752 -14.011
27.669 87.285 -12.671
25.753 86.795 -15.926
28.021 84.041 -17.132
28.017 82.243 -13.780
24.252 82.424 -13.672
23.834 81.179 -17.267
26.010 78.771 -19.275
29.134 79.428 -17.245
31.749 76.852 -18.336
29.141 74.342 -19.518
29.303 71.907 -16.557
25.459 71.702 -16.285
25.276 70.876 -20.009
27.893 68.189 -19.633
25.967 66.537 -16.794
22.712 66.721 -18.763
24.377 65.135 -21.802
25.810 62.233 -19.847
22.537 61.708 -17.951
20.369 61.809 -21.081
22.743 59.540 -22.985
22.056 56.789 -20.457
18.296 57.295 -20.793
18.583 57.151 -24.611
20.748 54.062 -24.476
18.320 52.401 -22.023
15.347 52.886 -24.311
17.352 51.783 -27.349
18.514 48.658 -25.510
14.833 47.809 -24.945
13.948 48.680 -28.548
16.589 46.364 -29.991
15.567 43.251 -28.083
15.836 44.044 -24.398
18.494 41.425 -23.579
18.753 42.758 -19.997
14.972 42.149 -19.594
14.378 45.616 -18.212
10.952 46.036 -16.618
9.652 49.274 -18.139
7.422 49.806 -15.098
10.465 49.685 -12.826
12.846 52.229 -14.348
14.361 54.472 -11.639
16.354 56.543 -14.162
14.740 59.754 -15.353
15.634 62.260 -18.013
17.012 65.721 -17.392
17.068 69.349 -18.397
18.231 72.606 -16.800
14.971 74.358 -17.182
12.058 75.006 -14.857
9.529 72.957 -16.836
6.648 71.425 -14.946
5.185 70.021 -18.187
7.905 67.358 -18.134
7.242 66.110 -14.557
5.123 63.236 -15.833
5.234 62.150 -19.424
4.697 59.191 -21.724
7.426 58.382 -24.176
8.114 55.883 -26.932
4.857 56.363 -28.842
4.281 56.268 -32.586
4.942 52.606 -33.337
7.481 49.888 -33.723
10.184 52.085 -35.280
10.153 54.298 -32.128
10.440 51.514 -29.574
8.242 50.706 -26.616
5.877 53.127 -24.783
6.680 53.894 -21.156
6.166 56.426 -18.460
8.994 58.839 -17.689
9.911 62.082 -15.946
12.342 64.913 -16.267
14.244 66.268 -13.298
16.240 69.471 -13.199
19.834 68.673 -14.006
21.269 69.704 -10.595
19.142 66.914 -9.021
20.867 64.249 -11.146
22.883 61.573 -9.327
25.507 62.343 -11.988
25.827 65.839 -10.458
26.177 64.391 -6.895
28.819 61.968 -8.180
30.745 64.697 -10.052
30.779 66.652 -6.767
32.135 63.637 -4.875
34.777 62.279 -7.264
38.544 62.779 -6.757
39.554 61.765 -10.269
38.411 60.189 -13.534
38.825 56.600 -12.374
36.757 57.355 -9.270
34.140 59.105 -11.442
33.698 56.227 -13.918
33.535 53.634 -11.156
30.827 55.622 -9.398
28.855 56.169 -12.638
28.897 52.427 -13.369
27.360 51.673 -9.957
24.241 53.717 -10.560
20.974 51.728 -10.288
18.996 52.255 -13.488
16.110 49.797 -13.285
14.850 46.417 -12.143
14.570 43.532 -14.615
11.714 41.063 -15.054
13.012 38.949 -12.128
13.452 42.058 -9.950
17.226 42.051 -10.217
19.117 45.313 -10.221
20.273 46.732 -13.485
23.249 49.097 -13.211
24.882 51.493 -15.669
27.766 49.020 -15.839
25.316 46.440 -17.237
24.763 48.812 -20.182
28.478 49.550 -20.547
28.087 53.284 -21.016
29.930 54.622 -17.956
33.048 55.230 -20.104
31.136 57.443 -22.558
29.526 59.396 -19.716
32.981 59.946 -18.193
34.192 61.272 -21.553
31.265 63.682 -21.636
32.296 64.859 -18.109
36.042 65.113 -18.722
36.193 68.935 -18.593
33.297 69.187 -16.081
35.370 67.508 -13.347
37.768 70.520 -13.407
36.792 73.362 -11.001
36.095 76.883 -12.185
38.122 79.911 -11.045
36.412 83.315 -10.876
36.576 86.326 -8.522
34.622 88.390 -6.054
33.516 92.012 -6.277
36.811 92.894 -4.616
38.984 90.824 -6.893
39.575 87.982 -4.445
39.510 84.354 -5.649
36.488 82.108 -5.845
35.974 78.500 -6.950
32.554 77.510 -8.293
31.980 73.856 -9.029
28.981 71.552 -9.204
25.531 72.073 -7.787
23.931 69.083 -6.117
20.581 69.341 -4.374
20.671 69.801 -0.592
17.680 67.529 0.033
18.131 64.384 -2.100
21.850 65.022 -2.081
24.625 66.601 -0.016
24.144 70.211 -1.078
27.646 71.657 -1.375
30.289 72.247 -4.000
32.730 69.599 -5.218
35.259 68.070 -2.860
37.819 68.802 -5.580
37.181 72.596 -5.237
37.125 72.572 -1.419
40.301 70.494 -1.237
42.035 72.651 -3.834
41.125 75.851 -2.014
42.534 74.343 1.174
45.947 73.914 -0.454
45.879 77.392 -1.978
44.652 79.601 0.911
44.720 80.009 4.661
40.909 80.238 4.936
38.587 78.254 2.685
35.033 79.515 3.048
32.595 76.794 1.908
28.834 76.782 2.171
26.209 74.085 2.452
22.589 74.356 1.305
19.505 75.054 3.352
19.569 75.281 7.172
22.172 73.801 9.510
19.864 70.774 10.003
20.429 69.734 6.370
23.514 71.214 4.702
25.750 71.360 7.782
24.825 67.905 9.080
25.482 66.370 5.654
28.744 68.310 5.393
30.126 66.780 8.625
28.621 63.283 8.681
29.110 62.588 4.944
31.007 65.061 2.770
33.884 65.512 5.235
34.521 61.809 5.468
34.480 61.415 1.694
36.716 64.433 1.357
39.085 63.648 4.214
38.644 67.001 5.899
36.862 68.640 8.797
35.819 72.255 9.470
37.669 74.468 11.937
34.575 76.643 12.516
30.986 77.041 11.472
29.324 80.384 10.596
25.552 80.480 11.297
23.845 83.095 9.152
20.817 84.733 10.762
18.576 87.725 10.298
16.235 89.638 12.601
13.429 89.026 10.088
14.014 85.267 9.931
13.888 85.051 13.689
10.649 87.107 13.866
9.194 84.748 11.256
10.164 81.769 13.403
8.482 83.535 16.309
5.226 83.634 14.381
5.358 87.053 12.689
3.622 87.482 9.313
5.818 87.840 6.311
3.708 90.887 5.378
4.639 92.714 8.592
8.164 91.364 8.910
9.767 94.779 8.423
8.008 95.998 11.582
9.593 95.730 14.988
8.310 92.839 17.061
10.420 91.956 20.026
8.123 89.203 21.214
8.245 87.291 17.920
11.980 87.917 17.997
12.408 86.346 21.424
10.354 83.331 20.463
12.081 82.924 17.059
15.497 83.001 18.694
14.793 79.414 19.759
15.415 78.368 16.118
18.887 79.974 16.249
19.507 78.258 19.574
18.744 74.752 18.223
21.149 75.263 15.310
23.951 76.551 17.525
23.484 73.565 19.871
23.375 71.124 16.956
26.527 72.614 15.468
28.320 72.163 18.772
27.352 68.495 18.715
29.940 68.287 15.892
32.456 70.026 18.136
32.594 73.068 15.939
33.245 76.589 17.176
30.297 78.730 16.073
30.091 82.329 14.908
26.711 83.882 14.314
26.662 86.154 11.262
23.776 88.593 11.820
22.934 89.962 8.408
21.548 93.393 9.000
18.621 94.791 7.050
17.715 98.419 6.632
14.543 98.014 8.609
16.145 96.313 11.623
15.888 98.494 14.716
18.789 98.961 17.071
16.700 97.373 19.805
16.289 94.334 17.564
19.980 93.993 16.744
20.989 94.594 20.341
18.663 91.892 21.562
19.911 89.220 19.156
23.515 90.090 20.059
22.834 89.855 23.764
20.977 86.560 23.419
23.949 85.134 21.465
26.378 86.292 24.142
24.287 84.389 26.698
24.545 81.267 24.524
28.238 81.614 24.665
28.435 82.032 20.894
30.572 84.608 19.035
28.382 87.042 17.111
29.130 89.703 14.500
26.819 91.992 12.599
27.348 91.717 8.862
26.743 94.461 6.284
28.558 92.904 3.337
25.677 93.495 0.896
25.922 97.237 1.474
29.563 97.654 2.323
31.568 94.737 0.992
34.457 93.697 3.205
34.069 97.010 5.109
30.823 95.433 6.394
32.457 92.151 7.374
35.553 93.035 9.383
34.192 92.002 12.777
32.897 88.739 11.335
36.268 87.919 9.739
38.105 88.551 13.006
35.623 86.461 15.016
36.047 83.626 12.522
39.886 83.893 12.593
39.724 83.918 16.393
37.245 81.010 16.691
38.827 78.611 14.167
40.685 75.627 15.533
41.672 72.019 15.150
38.861 70.063 16.689
38.413 66.454 17.579
35.993 65.053 14.970
32.586 64.243 16.330
30.410 62.469 13.766
26.799 61.680 14.749
27.012 58.174 13.342
29.498 55.515 12.371
29.954 55.338 8.624
28.399 51.934 8.700
25.681 52.042 11.415
22.418 50.531 9.993
20.328 52.947 7.910
17.505 52.895 10.479
19.918 53.691 13.258
21.476 56.618 11.345
17.981 57.981 10.771
17.080 57.617 14.429
20.205 59.464 15.480
19.641 62.290 13.016
15.968 62.606 13.972
16.811 62.664 17.722
19.923 64.817 17.695
19.300 67.226 14.833
15.578 67.353 14.051
14.772 67.093 17.803
12.018 64.497 17.191
10.783 62.268 20.033
10.591 59.247 17.752
10.699 58.125 14.138
7.949 56.374 12.237
8.360 54.663 8.894
5.470 54.420 6.502
4.632 51.065 4.928
6.264 52.290 1.733
9.426 53.160 3.669
9.335 49.775 5.376
9.213 48.026 2.037
12.118 50.239 0.900
14.183 49.255 3.950
13.644 45.579 3.044
14.934 46.269 -0.427
17.938 48.190 0.960
18.873 45.287 3.299
18.294 42.651 0.625
20.666 44.348 -1.790
23.405 45.137 0.695
22.973 48.916 1.084
21.992 48.870 4.774
25.292 50.375 5.866
25.512 53.333 3.506
25.488 56.895 4.877
22.071 58.499 4.896
21.066 61.700 3.192
17.786 63.011 4.581
15.488 64.634 2.030
12.926 66.640 3.974
11.520 70.110 3.972
14.066 72.870 4.657
11.337 75.129 6.108
11.339 73.454 9.494
13.831 71.589 11.647
11.080 68.931 11.507
9.617 67.002 8.564
6.545 69.201 8.632
6.955 72.404 6.641
4.338 74.181 8.747
6.239 73.857 11.997
8.171 77.092 12.544
10.599 77.684 15.331
11.935 74.846 17.403
9.486 71.891 17.387
10.547 69.045 19.667
9.423 65.604 20.819
7.194 65.103 17.780
7.035 62.013 15.593
9.306 62.324 12.568
7.852 60.484 9.576
9.870 58.732 6.881
7.654 58.175 3.832
10.083 56.412 1.517
13.742 55.650 0.770
15.977 55.055 -2.242
19.546 54.174 -3.032
21.998 56.458 -4.808
24.567 53.692 -5.269
27.021 55.674 -7.351
27.003 58.699 -5.064
27.242 56.149 -2.227
24.248 56.963 -0.017
20.685 56.127 0.916
18.142 58.937 0.666
15.497 58.995 3.382
12.444 60.965 2.171
9.781 62.755 4.151
6.993 63.943 1.928
7.137 64.873 -1.715
10.342 66.467 -3.008
10.193 68.916 -5.896
12.887 67.877 -8.398
11.466 69.977 -11.245
10.413 73.519 -10.291
7.981 75.452 -12.510
7.868 78.949 -13.992
5.836 81.791 -12.440
3.053 83.568 -14.318
5.507 86.402 -15.130
8.888 84.844 -15.500
12.181 86.684 -15.166
12.925 85.708 -18.756
10.503 88.545 -19.659
13.066 91.027 -18.273
15.992 89.520 -20.080
17.571 91.136 -23.059
20.631 92.256 -24.911
20.623 96.081 -25.028
21.548 98.361 -27.956
25.106 98.320 -26.719
25.098 94.534 -26.844
25.074 94.129 -23.075
22.997 91.566 -21.190
20.303 92.948 -18.944
17.710 91.420 -16.618
19.558 88.269 -15.546
21.217 89.238 -12.281
