25.108 20.892 22.364
28.566 21.666 21.027
31.536 23.840 21.723
33.424 25.346 18.775
37.245 25.359 18.729
39.119 27.411 16.113
42.704 26.385 15.437
45.355 27.606 12.982
47.054 24.220 12.443
46.130 20.538 11.934
49.810 19.588 12.318
50.560 20.689 15.842
51.040 18.534 18.952
49.855 21.330 21.278
46.561 21.813 19.483
46.036 18.058 19.150
46.582 17.533 22.880
44.422 20.581 23.698
41.602 19.220 21.596
41.956 15.741 23.112
41.739 16.906 26.735
39.067 19.486 25.895
37.068 16.687 24.198
37.379 14.416 27.268
36.175 17.074 29.728
33.319 18.271 27.517
32.125 14.730 26.734
31.876 13.929 30.450
29.612 17.005 30.619
27.443 15.968 27.646
28.928 18.339 25.059
30.749 17.638 21.829
33.588 19.510 20.199
33.498 20.756 16.609
36.452 22.446 14.898
37.185 25.163 12.411
40.548 25.291 10.692
41.821 28.846 10.097
45.263 28.118 8.572
46.610 31.228 10.461
44.308 33.531 8.413
42.378 36.228 10.377
39.959 36.455 7.420
39.156 32.725 7.503
38.831 32.989 11.291
36.216 35.709 10.775
34.275 33.649 8.221
34.261 30.611 10.532
33.218 32.681 13.569
30.294 34.110 11.589
28.905 30.731 10.484
29.754 28.843 13.658
28.012 31.404 15.876
24.849 30.973 13.826
24.852 27.215 14.634
24.579 28.275 18.330
27.550 26.685 20.125
27.382 26.633 23.914
30.798 28.361 23.956
33.520 29.402 21.495
37.209 28.706 22.018
39.705 30.534 19.847
43.389 29.726 19.576
44.742 33.273 19.768
46.813 34.822 16.996
44.922 38.137 16.666
41.498 38.898 15.148
39.925 41.236 12.605
37.766 44.052 14.021
34.658 42.237 12.701
35.580 39.023 14.534
35.992 41.000 17.757
32.533 42.580 17.261
30.872 39.227 16.531
32.422 37.702 19.646
31.673 40.771 21.803
27.993 40.671 20.818
27.670 36.945 21.483
26.031 36.023 24.761
28.018 32.813 25.149
31.338 32.173 26.937
34.264 33.182 24.743
37.663 31.673 25.609
40.935 32.729 23.927
43.684 30.174 24.485
47.471 29.690 24.154
48.206 33.392 24.676
47.171 36.182 27.024
45.862 38.883 24.662
46.363 42.572 25.539
42.586 42.952 25.332
40.802 39.664 25.946
37.196 39.451 24.742
36.170 37.175 27.614
38.036 34.396 29.374
41.554 33.212 28.728
43.498 30.035 29.275
47.208 30.121 28.519
50.285 32.193 29.313
52.096 35.335 28.131
54.159 34.496 25.065
56.052 37.772 25.446
56.969 36.934 29.051
57.962 33.379 28.081
60.416 34.536 25.406
61.701 37.326 27.675
62.286 34.712 30.393
64.140 32.319 28.056
66.270 35.131 26.615
67.172 36.252 30.155
68.112 32.678 31.062
70.420 32.578 28.034
72.018 35.911 29.013
72.512 34.602 32.574
74.392 31.629 31.054
76.817 33.982 29.330
75.544 33.955 25.749
75.884 37.411 24.230
75.400 37.167 20.459
71.892 35.686 20.550
69.893 35.854 17.304
66.112 35.458 17.217
64.721 33.485 14.271
61.105 34.382 13.483
58.447 34.997 10.868
57.589 37.700 8.365
53.987 38.879 8.074
53.244 37.903 11.671
51.584 41.057 13.083
49.427 40.324 16.155
50.410 36.639 16.290
52.054 34.664 19.113
55.312 34.666 17.142
55.368 38.498 17.151
54.923 38.396 20.947
57.889 36.067 21.281
60.059 38.417 19.204
58.938 41.286 21.451
59.956 39.371 24.589
63.396 38.596 23.114
63.832 42.275 22.194
62.821 43.507 25.656
65.345 41.153 27.286
68.106 42.368 24.948
67.086 46.040 25.415
67.065 45.739 29.224
70.507 44.060 29.148
71.982 46.988 27.179
72.435 44.767 24.134
71.344 45.129 20.487
67.682 44.010 20.108
67.966 44.231 16.320
69.606 40.785 16.136
67.086 38.712 14.284
66.183 37.044 11.024
62.680 36.906 9.582
61.515 34.599 6.855
58.488 32.621 5.752
55.153 33.154 7.450
53.334 31.830 10.485
54.030 29.092 11.359
57.768 28.920 10.654
58.553 25.414 9.369
61.373 22.868 9.619
62.239 23.666 5.998
62.333 27.397 6.949
64.879 26.580 9.671
67.066 24.866 7.070
66.920 27.994 4.860
67.684 30.203 7.857
71.069 28.641 8.639
72.907 30.474 5.856
70.973 33.730 6.315
71.883 33.825 9.994
75.547 32.977 9.524
75.826 35.497 6.664
74.276 38.407 8.566
75.536 37.419 12.042
78.727 35.338 11.547
79.650 35.576 15.244
76.351 34.266 16.644
76.728 31.953 19.645
73.059 31.091 20.133
69.959 31.063 17.938
66.593 31.301 19.706
63.863 30.104 17.315
60.187 30.996 17.391
59.404 27.280 17.826
61.088 23.865 17.878
60.166 23.276 14.247
62.609 25.765 12.644
65.041 24.876 15.461
65.081 21.270 14.259
65.541 22.367 10.604
68.323 24.745 11.628
70.019 21.924 13.563
69.708 19.548 10.583
71.308 22.093 8.244
74.108 23.050 10.643
74.955 19.360 11.009
74.927 19.002 7.230
77.373 21.896 6.674
79.640 21.134 9.646
78.733 23.786 12.208
79.057 22.127 15.595
76.070 22.451 17.934
76.501 23.548 20.610
80.248 24.080 20.372
80.067 26.750 17.662
76.364 27.685 17.797
73.721 26.805 20.413
70.129 26.250 19.347
66.995 26.906 21.431
63.369 26.465 20.393
59.921 26.905 21.947
57.100 24.468 22.769
58.707 21.114 23.620
57.474 19.477 20.445
58.341 15.803 19.961
61.359 16.487 17.662
63.036 18.554 20.400
63.238 15.452 22.616
64.685 13.057 20.025
66.945 15.286 17.931
70.687 14.946 18.432
71.567 16.910 20.444
68.182 17.319 22.176
66.807 20.812 21.665
66.567 23.246 24.571
63.055 24.646 24.609
60.118 26.208 26.449
57.878 23.462 27.903
54.111 24.112 27.828
51.127 22.108 29.151
48.608 21.436 26.410
46.744 18.797 28.442
46.172 21.368 31.203
45.137 24.028 28.699
42.475 21.767 27.125
41.316 20.483 30.528
41.061 23.948 32.089
39.223 25.297 29.049
36.681 22.455 29.133
36.206 22.693 32.893
35.746 26.463 32.759
33.066 26.150 30.081
31.097 23.551 32.081
31.268 25.694 35.242
29.995 28.704 33.315
27.070 26.679 31.924
25.996 25.143 35.250
36.058 36.969 33.213
38.395 34.193 34.310
42.076 34.222 33.375
43.588 30.823 33.820
47.388 30.892 33.746
49.645 27.903 33.025
53.244 29.157 33.399
55.728 27.528 30.987
58.983 25.895 32.144
62.418 26.447 30.570
64.062 23.139 29.499
67.821 23.179 29.109
69.260 20.397 26.988
72.549 19.583 25.217
71.785 21.882 22.230
72.806 24.664 24.643
76.521 24.932 25.467
77.309 23.682 29.008
