24.045 -21.870 -8.961
21.491 -19.355 -10.205
23.063 -16.380 -11.926
20.066 -14.192 -12.582
19.129 -11.530 -10.080
15.460 -11.389 -10.956
15.197 -15.165 -10.896
16.829 -15.431 -7.478
14.437 -12.781 -6.231
11.374 -14.473 -7.671
12.381 -17.922 -6.512
12.946 -16.978 -2.878
9.459 -15.554 -2.539
8.030 -18.687 -4.069
9.788 -20.878 -1.554
8.763 -18.703 1.330
5.100 -18.833 0.337
5.367 -22.593 -0.064
6.914 -23.269 3.337
5.420 -20.585 5.567
2.211 -21.151 7.476
0.532 -17.859 6.783
-2.962 -19.195 7.306
-3.510 -16.945 10.313
-1.994 -13.919 8.626
-4.637 -11.558 7.195
-4.560 -10.507 3.541
-3.501 -6.941 4.304
-0.428 -8.296 6.105
0.606 -11.267 3.946
3.198 -9.394 1.895
4.646 -7.893 5.049
4.995 -11.353 6.625
6.585 -12.752 3.506
9.053 -9.850 3.256
10.063 -10.035 6.921
10.771 -13.757 6.476
12.811 -12.934 3.378
14.866 -10.407 5.258
15.833 -12.770 8.083
15.738 -16.235 6.533
13.415 -17.684 9.179
10.041 -18.975 8.052
9.111 -19.439 11.728
9.401 -15.732 12.373
5.801 -15.695 11.145
5.105 -17.548 14.406
5.960 -14.430 16.351
4.155 -11.832 14.258
1.500 -9.915 16.189
-0.761 -7.098 15.091
-3.931 -5.128 15.389
-6.603 -6.149 12.934
-6.218 -4.046 9.809
-2.733 -2.790 10.727
-1.514 -3.594 7.230
-4.211 -1.479 5.608
-3.516 1.308 8.097
0.102 1.472 7.080
-0.440 1.053 3.374
-3.024 3.835 3.262
-0.926 6.225 5.298
1.999 5.776 2.935
-0.276 6.221 -0.066
-1.274 9.495 1.533
2.262 10.782 1.858
2.917 9.903 5.512
6.511 10.156 6.726
8.345 7.214 8.178
10.076 7.895 11.510
13.045 5.634 12.246
14.864 4.965 15.516
18.020 3.750 13.823
20.238 4.720 10.960
20.131 1.309 9.360
16.335 1.210 9.503
16.251 4.529 7.711
18.833 3.414 5.133
17.069 0.082 4.686
14.008 1.770 3.263
13.871 1.562 -0.527
13.030 5.091 -1.562
12.039 4.040 -5.087
9.304 1.821 -3.648
7.742 4.772 -1.839
4.405 5.731 -3.345
4.202 9.408 -2.422
7.646 10.952 -2.029
7.445 9.961 1.628
9.987 11.512 3.954
12.222 9.219 5.934
12.878 10.931 9.245
15.871 10.078 11.403
16.825 12.446 14.217
19.419 10.531 16.202
22.280 12.489 14.609
20.881 15.880 15.522
23.607 17.777 17.475
21.108 18.655 20.209
20.428 15.018 21.110
23.183 14.254 23.652
22.043 17.248 25.731
18.408 16.258 25.385
19.334 12.816 26.687
21.009 14.124 29.816
18.090 16.431 30.281
15.295 13.832 30.161
17.598 11.250 31.691
17.140 8.598 29.006
19.098 7.075 26.135
20.053 9.080 23.082
17.794 6.901 20.914
14.909 7.825 23.204
15.821 11.522 23.459
15.778 11.758 19.662
12.024 11.159 19.831
11.422 14.685 21.071
12.523 15.696 17.592
9.805 13.562 16.045
6.978 15.557 17.515
6.457 17.975 14.560
6.190 14.977 12.274
4.550 12.203 14.290
0.896 12.777 13.398
-0.340 10.207 10.868
3.166 8.795 10.504
4.678 5.367 10.194
6.850 4.743 13.216
9.574 2.202 12.561
11.475 1.037 15.619
14.005 -1.631 14.794
16.785 -1.162 17.216
16.142 0.571 20.546
13.558 -0.637 23.030
14.047 2.597 25.013
12.673 4.367 21.942
9.521 2.271 22.129
9.283 2.741 25.879
9.718 6.483 25.436
7.079 6.530 22.699
4.528 5.266 25.254
5.327 8.202 27.506
4.923 10.645 24.644
1.601 9.127 23.630
0.275 9.152 27.208
1.223 12.846 27.340
-1.023 13.276 24.341
1.284 13.350 21.319
-0.427 13.143 17.944
-0.954 9.546 16.951
0.924 7.706 14.222
-1.025 5.818 11.596
0.961 2.720 12.477
3.674 1.631 14.838
6.013 -1.044 13.581
7.736 -2.328 16.699
10.579 -4.751 16.036
13.500 -3.936 18.309
15.967 -6.725 18.864
17.835 -7.923 21.900
18.152 -9.141 25.407
17.177 -6.061 27.417
13.713 -4.574 27.172
13.099 -5.675 23.553
10.666 -8.435 24.329
9.010 -6.401 27.074
8.650 -3.207 25.049
7.006 -5.040 22.168
4.591 -6.911 24.438
3.577 -3.649 26.094
2.796 -2.106 22.685
0.477 -5.026 21.845
-1.236 -4.863 25.240
-1.708 -1.121 25.093
-1.029 0.654 21.782
-2.758 3.803 23.013
-5.308 3.497 20.219
-2.647 3.180 17.518
-2.417 0.308 15.037
0.664 -1.938 15.465
2.754 -4.746 14.062
5.466 -6.458 16.115
7.719 -9.453 16.109
7.435 -10.956 19.586
10.452 -12.100 21.527
14.125 -11.252 21.206
14.219 -11.274 17.431
13.909 -8.225 15.220
16.357 -5.627 13.956
16.860 -3.067 11.196
16.478 -5.478 8.260
13.111 -6.849 9.426
11.743 -3.418 10.193
12.801 -1.926 6.923
11.296 -5.000 5.285
7.937 -4.268 6.911
7.907 -0.691 5.628
9.016 -1.761 2.178
6.204 -4.324 2.031
3.547 -1.712 2.814
4.920 0.940 0.445
4.378 -1.006 -2.705
