65.812 22.255 31.026
68.855 22.867 28.848
70.063 19.332 29.615
66.935 17.886 27.987
67.368 20.163 24.971
70.897 18.800 24.574
69.676 15.203 24.341
69.723 15.317 20.553
72.269 15.608 17.749
75.025 18.139 18.420
76.270 19.191 15.004
79.939 20.232 14.897
80.543 22.558 11.907
83.714 22.587 9.852
85.601 25.878 9.537
86.078 26.392 5.787
89.643 27.458 4.955
90.699 28.863 1.575
93.267 26.738 -0.241
94.928 29.965 -1.396
95.984 31.467 1.938
94.315 29.339 4.609
92.002 32.176 5.651
88.478 31.419 6.860
85.758 31.815 4.231
82.796 33.105 6.226
80.437 32.830 3.266
81.179 29.121 3.117
80.808 28.921 6.888
77.337 30.427 6.582
76.432 27.822 3.957
77.630 25.105 6.350
75.656 26.543 9.261
72.533 26.738 7.096
72.914 23.158 5.844
73.076 21.977 9.447
70.313 23.965 11.155
67.927 23.985 8.189
67.995 20.200 8.067
66.818 19.007 11.459
69.828 19.764 13.659
68.879 21.797 16.747
72.290 22.147 18.427
75.419 23.465 16.714
78.890 23.605 18.269
81.247 26.205 16.795
84.881 25.756 17.885
84.391 22.022 18.268
87.096 19.557 17.231
85.495 19.088 13.802
85.819 22.890 13.479
89.612 22.564 13.825
89.470 24.652 16.988
93.191 24.268 17.664
94.111 25.567 14.191
92.314 28.839 14.969
93.850 31.901 16.597
91.923 33.041 19.671
90.488 35.925 17.645
89.253 33.520 14.966
87.728 31.233 17.604
85.796 34.116 19.165
84.635 35.352 15.764
83.420 31.906 14.728
81.151 31.770 17.769
80.004 35.343 17.132
79.244 34.613 13.476
77.478 31.370 14.400
74.992 33.081 16.721
74.284 35.584 13.946
73.903 33.082 11.101
71.818 30.698 13.219
69.494 33.486 14.392
67.500 31.295 16.771
67.218 28.182 14.577
69.267 26.178 17.081
71.077 26.290 20.413
74.678 27.449 20.052
77.321 25.742 22.197
80.720 27.454 22.078
83.830 25.314 22.326
86.500 26.758 24.620
89.802 25.546 26.033
93.466 26.256 26.827
94.766 27.656 30.115
92.100 28.442 32.710
92.285 32.215 32.246
92.109 31.767 28.468
89.166 29.354 28.646
87.352 31.909 30.795
88.165 34.693 28.322
86.749 32.585 25.475
83.695 31.756 27.571
82.947 35.371 28.435
83.290 36.349 24.781
80.865 33.565 23.871
78.449 34.723 26.583
78.451 38.286 25.264
78.086 36.958 21.709
74.831 35.271 22.684
75.817 31.594 22.889
73.580 29.298 24.957
76.366 27.323 26.591
80.051 26.462 26.350
81.739 23.096 25.777
85.037 22.826 27.602
87.448 20.818 25.478
89.564 18.531 27.414
92.876 20.034 28.471
95.640 19.331 25.981
98.472 19.568 28.532
100.870 16.589 28.250
100.645 16.173 32.039
97.250 15.694 33.698
96.009 13.904 36.817
92.473 13.085 37.954
92.513 15.601 40.797
93.885 18.277 38.495
91.376 17.632 35.709
88.545 17.907 38.212
89.909 21.268 39.374
90.458 22.425 35.775
86.836 21.892 34.722
85.372 22.983 38.056
87.257 26.286 38.156
86.228 27.245 34.634
82.577 26.332 35.167
82.396 28.198 38.482
84.225 31.242 37.129
81.911 31.461 34.115
78.682 30.745 36.010
77.246 29.724 32.641
75.803 26.433 31.267
78.691 24.107 30.454
79.446 20.745 28.867
82.699 18.837 29.216
84.404 16.723 26.549
85.792 13.748 28.483
88.152 11.642 26.380
91.283 10.549 28.275
91.018 6.881 29.368
93.804 7.523 31.891
91.573 9.876 33.894
89.073 8.256 36.272
85.341 8.647 35.644
85.200 9.723 39.289
86.002 13.203 37.934
82.580 13.275 36.269
80.853 11.955 39.386
82.435 14.786 41.382
81.543 17.494 38.847
77.917 16.349 38.449
76.560 18.402 41.391
77.595 21.682 39.713
74.522 23.683 38.721
76.081 24.718 35.420
77.330 21.297 34.299
74.404 20.477 32.013
75.983 17.719 29.961
78.944 15.496 29.238
80.224 14.533 25.796
81.664 11.170 26.828
84.418 10.328 24.354
86.099 7.235 25.797
84.889 4.307 23.696
84.732 1.951 26.656
81.115 0.799 26.906
81.405 -0.842 30.338
82.933 2.374 31.718
80.241 4.569 30.177
77.367 2.340 31.284
78.765 2.398 34.818
79.335 6.156 35.099
75.837 6.884 33.762
74.531 4.728 36.617
76.861 6.262 39.206
75.343 9.726 38.967
71.969 10.494 40.630
69.129 11.565 38.334
68.777 14.721 40.426
71.923 16.090 38.765
70.282 16.209 35.343
73.319 15.507 33.194
72.706 15.099 29.474
74.792 12.076 28.456
76.029 12.567 24.912
78.079 10.138 22.833
81.019 12.292 21.826
82.338 9.883 19.208
79.541 10.215 16.644
77.412 7.829 14.575
79.752 4.841 14.531
79.452 4.634 18.306
76.030 6.171 18.942
73.970 2.950 18.786
76.154 1.289 21.415
76.252 4.353 23.676
72.489 4.787 23.292
71.805 1.254 24.510
74.077 2.030 27.473
72.378 5.279 28.478
73.288 8.070 26.052
70.437 10.291 24.845
72.343 12.304 22.269
75.411 12.214 20.049
77.812 14.504 18.210
78.127 14.457 14.432
80.482 15.742 11.776
78.470 13.997 9.059
75.826 16.731 9.358
78.278 18.967 7.458
77.382 17.129 4.248
74.430 14.815 4.933
72.464 15.944 8.002
69.528 13.773 6.880
71.441 10.573 7.685
72.214 11.705 11.236
68.596 12.686 11.820
67.446 9.268 10.585
69.789 7.645 13.099
68.464 9.782 15.960
64.821 9.074 15.122
65.436 5.331 14.790
67.194 5.274 18.160
64.430 7.273 19.846
61.794 4.997 18.305
63.608 1.880 19.513
63.526 0.657 15.898
66.555 -1.647 16.071
66.223 -2.830 12.462
66.320 0.748 11.187
69.140 1.638 13.583
71.461 -1.071 12.303
70.538 -0.325 8.697
71.489 3.339 9.001
74.546 2.382 11.058
75.889 -0.006 8.394
75.262 2.748 5.853
77.253 5.344 7.812
80.094 3.445 9.504
82.356 3.186 6.426
82.461 6.997 6.312
83.347 7.166 10.002
85.982 4.440 9.568
87.594 6.477 6.802
87.600 9.592 8.998
89.308 7.572 11.719
92.327 6.569 9.615
95.820 7.513 10.826
94.749 7.730 14.469
91.960 10.170 13.495
94.239 12.294 11.326
91.641 11.938 8.536
88.795 13.135 10.770
88.158 16.540 9.205
89.963 16.309 5.855
87.741 13.379 4.826
84.674 15.502 5.554
86.038 18.463 3.588
87.139 16.489 0.520
83.827 14.591 0.528
81.944 17.884 0.703
83.969 19.295 -2.187
83.288 16.190 -4.291
79.606 16.878 -3.648
80.240 20.449 -4.808
79.573 21.789 -1.314
82.002 24.500 -0.187
84.508 23.419 2.467
87.956 24.329 1.200
90.895 22.581 2.869
92.175 21.736 6.344
94.909 23.766 8.011
98.292 22.291 8.908
98.882 19.981 10.860
96.594 18.203 8.353
97.045 18.363 4.579
95.097 16.847 1.672
94.194 13.179 1.201
96.332 10.731 -0.753
95.050 9.593 -4.141
94.280 6.300 -2.408
91.988 7.841 0.204
90.486 10.151 -2.407
89.362 7.063 -4.312
87.897 5.567 -1.147
85.901 8.763 -0.596
84.673 8.603 -4.193
83.660 4.976 -3.710
81.691 5.888 -0.582
79.756 8.711 -2.224
79.094 6.405 -5.179
77.892 3.780 -2.707
75.511 6.341 -1.216
74.323 7.071 -4.758
75.264 10.742 -4.458
