-10.880 -2.535 12.630
-13.108 -0.858 10.108
-14.705 2.466 9.842
-18.465 2.626 10.326
-18.829 3.946 6.783
-16.584 4.080 3.728
-14.713 7.410 3.634
-14.311 9.124 0.272
-10.754 10.478 0.323
-10.570 14.223 -0.486
-8.553 14.961 -3.599
-6.900 18.289 -4.350
-6.065 18.167 -8.017
-4.102 20.451 -10.312
-4.761 19.802 -14.013
-2.399 21.811 -16.222
-2.135 24.243 -13.338
-5.852 24.596 -12.697
-6.943 23.553 -9.179
-10.044 21.895 -7.941
-11.125 19.798 -4.977
-13.242 16.624 -5.428
-14.341 13.603 -3.492
-15.935 10.542 -5.090
-17.201 7.095 -4.193
-14.639 5.899 -6.758
-11.752 6.682 -4.337
-12.972 5.447 -0.983
-12.272 2.928 1.768
-13.807 1.560 4.974
-10.495 0.187 6.246
-9.240 2.007 9.322
-5.702 1.531 7.994
-5.727 1.196 4.192
-2.814 0.301 1.946
-1.415 3.148 -0.088
-1.733 0.686 -2.985
-5.513 0.391 -2.657
-5.919 4.154 -2.679
-3.436 4.745 -5.516
-4.890 2.125 -7.852
-8.430 3.421 -7.262
-7.213 6.975 -7.843
-5.463 6.199 -11.120
-8.537 4.379 -12.447
-10.600 7.495 -11.557
-8.040 9.797 -13.239
-8.228 7.679 -16.371
-12.035 7.709 -16.360
-12.296 11.480 -15.878
-9.127 12.925 -17.454
-8.045 10.171 -19.879
-4.490 10.347 -18.458
-3.386 7.076 -20.078
-5.378 7.543 -23.260
-8.028 5.367 -24.863
-10.422 5.496 -21.928
-13.344 4.488 -24.179
-15.527 7.565 -23.479
-15.501 11.234 -24.383
-14.375 12.255 -20.902
-11.098 14.122 -21.060
-11.171 14.922 -24.783
-10.691 18.589 -23.805
-7.074 17.892 -22.841
-6.087 16.562 -26.267
-3.972 13.674 -27.450
-0.410 14.987 -27.794
1.290 12.548 -25.407
2.622 9.083 -26.193
-0.438 7.685 -24.364
-2.683 9.514 -26.856
-3.621 11.753 -23.915
-3.121 15.309 -22.684
-0.581 14.329 -20.067
2.837 12.851 -19.535
3.920 14.105 -16.071
2.124 13.585 -12.812
2.356 12.823 -9.139
0.092 11.535 -6.399
1.022 12.721 -2.923
-0.419 11.198 0.252
-0.669 14.115 2.626
-0.996 12.960 6.169
-2.574 15.178 8.855
0.805 15.811 10.479
2.123 17.098 7.057
4.259 14.006 6.494
3.894 12.952 2.885
4.960 10.384 0.335
4.440 10.304 -3.415
4.241 8.082 -6.466
4.965 9.027 -10.079
1.790 8.547 -12.176
3.745 7.772 -15.359
6.469 5.488 -13.944
6.908 2.320 -16.003
9.666 0.595 -14.073
12.796 -0.738 -15.676
11.130 -2.605 -18.532
7.478 -1.516 -18.707
6.291 -4.744 -17.062
4.051 -4.969 -13.972
6.515 -7.161 -12.075
8.750 -4.081 -12.217
6.422 -1.068 -11.910
4.206 -2.596 -9.178
7.260 -3.127 -6.924
6.565 0.366 -5.524
3.920 -1.363 -3.364
6.274 -3.968 -1.831
6.600 -2.015 1.444
2.900 -2.758 2.183
2.693 0.868 3.365
-0.588 1.813 5.056
-2.172 5.119 6.047
-4.842 5.899 8.626
-7.788 6.476 6.332
-9.471 9.231 8.354
-6.253 11.231 8.690
-4.981 11.926 5.186
-5.932 13.378 1.839
-4.531 13.267 -1.696
-2.765 15.974 -3.708
-2.625 15.142 -7.408
-0.758 17.031 -10.129
-1.002 16.180 -13.837
0.602 18.148 -16.659
2.483 17.899 -19.946
5.917 18.829 -21.256
6.795 18.234 -24.954
