-28.486 31.703 70.638
-28.818 31.954 66.910
-29.089 29.353 64.083
-25.871 28.774 62.110
-26.515 27.483 58.614
-22.966 27.321 57.310
-20.894 25.168 59.681
-17.546 27.007 59.411
-15.744 24.887 62.089
-16.739 21.415 60.779
-13.814 18.960 61.149
-12.199 20.985 63.982
-11.659 19.829 67.564
-11.722 22.224 70.548
-11.067 22.088 74.285
-13.377 23.769 76.824
-11.213 25.181 79.663
-12.820 26.889 82.700
-15.916 25.320 81.181
-18.580 26.485 83.692
-22.001 25.925 82.024
-20.341 25.100 78.681
-21.157 28.355 76.822
-18.115 28.011 74.600
-19.116 24.459 73.826
-22.625 25.509 72.732
-21.156 28.289 70.595
-18.480 26.206 68.806
-20.640 23.069 68.474
-23.272 25.245 66.731
-20.602 26.095 64.088
-19.863 22.377 63.696
-16.779 21.886 65.915
-16.272 18.877 68.184
-15.340 19.141 71.854
-12.529 16.732 72.890
-11.783 17.916 76.419
-13.355 20.067 79.160
-11.995 21.246 82.470
-13.871 22.845 85.388
-13.202 22.364 89.131
-16.378 23.670 90.752
-18.537 20.728 92.030
-21.886 22.311 91.098
-20.681 23.522 87.668
-19.469 19.945 86.987
-22.998 18.733 87.887
-24.787 21.118 85.452
-22.215 20.441 82.758
-22.732 16.678 83.145
-26.588 17.178 83.108
-26.219 19.033 79.828
-23.317 17.309 78.031
-23.087 13.852 79.585
-19.516 14.094 80.923
-17.819 15.375 84.085
-15.031 17.876 83.292
-11.615 17.216 84.770
-10.795 19.186 87.935
-8.033 21.673 88.975
-6.212 22.686 85.741
-3.113 23.801 87.742
-2.502 20.111 88.620
-3.118 18.825 85.065
-0.132 17.672 83.047
-0.454 19.477 79.725
0.953 16.380 77.883
-2.248 14.514 78.765
-4.503 17.098 77.046
-5.949 15.733 73.777
-4.779 17.218 70.494
-7.021 20.100 69.378
-7.409 22.923 66.882
-9.011 25.550 69.118
-8.412 26.308 72.773
-11.336 28.097 74.527
-10.925 29.762 77.912
-13.125 32.287 79.757
-10.700 32.497 82.627
-11.558 33.773 86.128
-12.266 37.506 86.341
-12.634 38.221 90.094
-9.009 39.425 90.270
-9.625 41.951 87.358
-13.247 43.184 87.871
-13.864 46.820 88.923
-16.128 45.337 91.603
-13.212 43.698 93.515
-9.688 44.398 94.778
-7.924 44.254 91.388
-4.926 42.318 92.709
-4.531 40.687 89.253
-1.588 38.296 89.008
-1.089 38.721 92.807
-4.384 36.888 93.362
-4.555 33.054 93.309
-7.513 33.360 90.976
-5.459 35.816 88.830
-2.783 33.555 87.331
-4.852 31.029 85.389
-3.732 32.719 82.138
-0.293 31.163 82.673
-1.868 27.666 82.723
-3.416 28.485 79.337
0.052 29.565 78.177
1.557 26.302 79.518
-1.013 24.279 77.565
-0.554 26.312 74.405
3.221 25.852 74.528
2.761 22.060 74.546
-0.322 21.517 72.395
0.110 24.334 69.834
-3.513 24.766 68.649
-4.370 26.737 65.473
-6.396 29.212 67.522
-6.594 30.471 71.141
-9.937 32.083 72.080
-10.113 33.863 75.462
-12.561 36.135 77.312
-12.330 38.319 80.425
-13.921 41.472 81.863
-13.680 44.848 80.033
-11.301 46.089 82.792
-8.735 43.406 81.863
-7.766 45.837 79.082
-7.056 48.727 81.532
-5.847 46.744 84.616
-2.349 47.629 86.090
-2.021 50.532 83.686
-2.430 48.268 80.642
0.445 46.022 81.713
-1.855 43.083 82.260
-3.052 43.023 78.612
0.479 43.807 77.516
1.813 40.676 79.287
-0.855 38.560 77.657
-0.049 39.938 74.190
3.681 39.401 74.730
3.148 35.857 76.005
1.082 34.926 72.946
3.542 36.658 70.503
6.487 34.671 72.064
4.433 31.412 71.658
4.320 32.349 67.874
0.682 33.664 67.821
-0.892 36.878 66.508
-3.058 38.723 69.095
-6.436 40.363 68.348
-8.243 41.919 71.322
-11.464 44.006 71.420
-14.090 44.849 74.074
-17.580 43.957 72.825
-20.946 44.873 74.461
-23.680 42.208 74.235
-26.309 44.859 73.450
-24.618 45.357 70.021
-25.197 41.630 69.112
-28.938 40.967 69.585
-28.942 40.415 73.357
-30.531 42.881 75.874
-27.715 42.971 78.400
-25.088 45.690 78.975
-22.279 43.064 79.397
-18.933 44.433 78.198
-16.127 41.863 77.918
-12.729 41.697 76.187
-12.379 38.981 73.627
-8.946 37.738 72.699
-8.355 35.742 69.498
-4.804 34.405 68.644
-3.835 32.607 65.418
-0.686 30.492 65.105
1.788 32.415 62.919
2.314 29.686 60.280
-1.382 30.007 59.233
-0.800 33.550 58.119
-4.304 34.785 58.972
-4.601 38.446 57.937
-8.374 38.783 57.645
-9.791 38.105 61.093
-12.445 40.630 61.996
-14.551 41.110 65.089
-18.294 40.973 64.204
-19.981 44.288 63.280
-22.699 45.605 65.695
-26.317 45.609 64.639
-29.536 47.129 65.867
-31.086 45.526 68.955
-34.711 44.353 68.525
-35.128 42.303 71.733
-35.603 43.892 75.170
-35.876 42.473 78.679
-39.692 42.443 78.449
-39.380 40.084 75.448
-37.583 37.394 77.542
-39.731 37.486 80.663
-41.654 34.449 81.947
-45.428 34.685 82.797
-46.186 36.483 86.054
-47.653 33.163 87.401
-44.197 31.545 87.219
-42.277 34.233 89.163
-44.477 35.363 92.059
-41.918 34.127 94.547
-39.288 36.551 93.155
-41.310 39.701 93.913
-39.714 41.882 96.586
-41.691 44.600 98.335
-39.442 46.997 100.176
-40.850 49.796 102.210
-37.789 51.986 101.395
-38.202 51.764 97.596
-37.788 55.208 96.013
-38.985 55.550 92.413
-36.732 58.087 90.731
-37.889 57.958 87.112
-41.107 57.402 85.198
-41.492 54.093 83.395
-40.916 54.200 79.633
-43.255 52.992 76.869
-40.650 53.146 74.066
-38.047 50.339 74.089
-34.401 51.472 74.120
-31.033 49.624 73.808
-29.718 50.925 77.195
-30.286 50.377 80.907
-32.995 52.604 82.368
-32.895 52.886 86.122
-36.309 53.751 87.607
-35.586 53.636 91.307
-33.446 52.416 94.148
-33.751 50.719 97.547
-31.453 51.257 100.548
-28.445 53.354 99.541
-28.618 52.286 95.831
-25.531 50.061 95.852
-25.108 46.925 93.745
-28.317 44.836 93.849
-30.208 47.895 95.169
-31.258 49.285 91.783
-34.490 48.819 89.813
-34.705 48.932 85.999
-37.292 49.183 83.165
-37.875 45.979 81.217
-38.298 48.264 78.221
-34.516 48.701 78.277
-31.791 46.068 78.602
-30.539 44.055 81.620
-27.595 45.114 83.814
-24.580 42.817 83.827
-25.418 39.541 85.564
-22.939 38.754 88.368
-21.637 35.643 90.169
-20.785 36.930 93.601
-22.949 40.088 93.647
-24.937 41.216 96.696
-27.847 43.517 97.558
-31.512 42.566 97.960
-31.799 42.028 94.173
-28.567 39.979 94.179
-26.911 38.817 90.951
-29.708 39.868 88.588
-30.723 43.396 89.561
-34.386 44.429 90.155
-36.996 45.038 87.410
-40.416 46.759 87.352
-42.885 44.149 86.042
-46.646 44.944 86.048
-46.416 47.343 88.983
-44.158 45.197 91.188
-40.365 44.891 91.642
-38.688 41.484 91.287
-35.411 39.836 90.468
-35.007 37.591 87.438
-35.766 33.854 87.432
-32.796 31.551 86.532
-34.521 30.792 83.229
-34.654 34.558 82.498
-30.933 34.807 83.380
-30.337 31.893 80.880
-32.179 33.923 78.239
-30.309 37.170 79.014
-27.040 35.171 78.494
-28.422 33.766 75.195
-28.806 30.164 76.457
-31.473 28.134 74.634
-34.563 27.103 76.602
-33.412 23.452 76.067
-30.434 24.132 78.395
-31.047 22.428 81.756
-30.527 24.715 84.802
-28.853 23.523 88.011
-31.394 22.330 90.687
-29.828 24.758 93.163
-31.344 28.148 92.218
-28.533 29.677 94.269
-25.848 27.911 92.163
-27.799 28.597 88.922
-27.668 32.419 89.518
-23.935 32.124 90.297
-23.308 30.058 87.175
-25.163 32.333 84.694
-23.527 35.416 86.326
-20.069 33.855 85.675
-20.894 32.711 82.126
-20.520 34.118 78.552
-23.127 35.511 76.156
-23.574 32.639 73.651
-24.626 34.822 70.664
-21.436 36.937 70.837
-19.229 33.805 70.897
-21.207 32.415 67.954
-20.461 35.482 65.748
-16.763 35.382 66.745
-16.457 31.631 66.263
-18.039 31.973 62.819
-15.479 34.649 61.945
-12.557 32.531 63.189
-13.892 29.744 60.941
-14.287 32.155 58.014
-10.621 33.217 58.366
-9.268 29.624 58.764
-11.167 28.467 55.627
-9.917 31.294 53.362
-6.991 29.640 51.656
-6.652 30.757 48.059
-3.970 29.483 45.676
-17.898 30.193 81.207
