-7.024 26.365 2.201
-3.783 28.026 3.279
-0.946 26.514 5.272
-0.615 27.636 8.939
2.227 27.591 11.460
1.697 27.157 15.181
3.512 26.301 18.384
0.363 24.741 19.938
0.907 20.990 20.171
-2.844 20.624 20.827
-3.156 21.293 17.109
-1.326 18.039 16.243
-3.236 14.734 16.082
-3.031 12.880 19.319
-1.072 10.084 17.675
1.665 12.545 16.580
1.862 14.060 20.060
2.210 10.590 21.565
4.861 9.602 19.026
6.929 12.703 19.853
6.521 12.191 23.583
7.558 8.541 23.418
10.412 8.655 20.970
11.799 12.227 21.196
11.479 12.986 24.890
14.947 14.552 24.791
13.419 17.535 23.031
10.100 19.251 22.345
8.097 20.888 19.585
9.422 24.204 18.218
6.742 24.689 15.581
4.204 22.829 13.442
3.330 23.617 9.809
-0.162 22.462 8.956
-0.239 21.976 5.207
-2.649 20.843 2.523
-1.397 18.888 -0.448
-2.642 18.671 -4.046
-5.353 16.297 -2.857
-6.314 18.886 -0.237
-5.163 16.422 2.465
-3.677 17.727 5.688
-0.168 16.934 6.854
1.914 18.186 9.694
5.532 19.167 9.374
7.042 19.466 12.807
10.318 21.038 13.822
11.710 19.976 17.168
13.755 22.447 19.228
16.901 20.382 18.649
16.480 20.614 14.882
14.909 17.218 14.225
12.112 17.338 11.604
9.131 15.000 11.523
6.265 14.795 9.121
2.923 13.205 9.881
-0.221 12.407 7.917
-3.703 13.592 8.652
-4.096 10.869 11.267
-0.820 11.568 13.024
1.024 8.587 11.490
4.602 9.408 10.672
5.726 9.881 7.087
9.263 11.154 7.525
11.693 11.138 10.391
14.749 13.354 9.841
17.349 13.179 12.619
19.775 15.286 10.644
23.226 14.003 11.761
22.018 11.467 14.262
20.602 8.000 13.769
16.919 7.329 13.388
15.622 5.427 16.399
15.821 1.770 15.395
12.184 1.052 16.264
11.126 2.890 13.119
13.190 0.690 10.765
11.465 -2.526 9.717
13.385 -5.660 10.719
13.890 -6.847 7.114
15.345 -3.423 6.253
17.682 -3.288 9.288
18.952 -6.755 8.327
19.676 -5.553 4.849
21.338 -2.368 6.085
23.561 -4.286 8.479
24.651 -6.710 5.750
25.198 -4.107 3.052
25.652 -0.667 4.464
27.245 -1.665 7.768
28.774 0.992 10.000
26.698 3.671 8.201
24.056 5.649 10.079
20.522 6.034 8.807
19.782 9.673 9.584
16.432 9.954 7.793
13.618 7.566 6.960
10.558 8.179 4.821
7.659 5.826 4.219
4.959 6.001 1.659
2.524 3.769 -0.185
5.373 2.460 -2.362
7.795 1.665 0.452
10.708 3.069 2.414
13.605 5.380 1.714
16.512 5.427 4.101
19.029 8.232 3.849
22.539 7.726 5.122
24.856 10.254 6.688
26.682 10.524 3.337
23.453 11.333 1.569
23.032 7.993 -0.144
19.337 7.039 -0.309
18.508 3.381 -0.050
15.074 2.450 -1.431
12.915 -0.514 -0.399
9.443 -1.766 -1.274
6.631 -2.020 1.263
7.872 -5.498 2.199
11.381 -4.351 2.885
12.746 -5.654 -0.357
15.716 -3.705 -1.765
14.941 -1.712 -4.882
17.786 0.705 -5.634
20.195 3.345 -4.521
19.080 6.883 -5.218
19.209 10.365 -3.804
