9.820 6.327 5.959
7.982 4.052 3.580
8.677 1.502 0.824
8.637 1.226 -2.951
7.621 -2.399 -3.345
5.062 -4.348 -5.377
1.750 -4.762 -3.555
2.130 -8.521 -3.396
5.088 -10.810 -2.952
5.554 -14.439 -2.004
8.812 -16.302 -2.256
7.152 -19.687 -2.910
4.796 -18.468 -5.659
7.014 -15.775 -7.107
10.321 -17.675 -7.083
10.198 -21.330 -6.217
7.137 -22.096 -8.293
8.847 -20.532 -11.310
11.519 -23.211 -11.179
8.972 -25.942 -10.657
6.947 -24.626 -13.576
10.044 -24.559 -15.809
10.599 -28.251 -15.113
6.968 -29.117 -15.688
7.093 -27.250 -19.013
10.254 -29.006 -20.201
11.906 -25.567 -20.254
14.557 -26.794 -17.830
15.533 -30.345 -16.909
14.602 -31.612 -13.417
17.184 -29.815 -11.307
18.249 -30.504 -7.718
16.776 -28.017 -5.259
17.577 -29.680 -1.974
20.218 -32.319 -1.345
20.300 -33.588 2.214
22.672 -36.040 3.792
23.035 -37.279 7.337
26.671 -38.366 7.036
25.705 -41.916 7.993
24.619 -43.090 4.522
21.133 -41.613 4.243
20.695 -38.989 1.471
17.583 -37.329 -0.015
17.161 -35.011 -2.943
14.263 -33.014 -4.298
14.179 -31.394 -7.709
12.191 -28.113 -7.926
8.980 -29.821 -8.996
9.215 -32.277 -6.105
10.139 -29.431 -3.762
7.111 -27.485 -4.831
4.838 -30.552 -4.522
6.171 -31.594 -1.159
6.024 -28.037 0.242
2.463 -27.750 -1.049
1.809 -30.911 0.927
3.417 -29.091 3.988
1.210 -26.062 3.413
-1.752 -28.422 3.309
-0.698 -30.149 6.531
-0.320 -26.801 8.207
-3.344 -25.010 6.808
-5.621 -28.077 6.529
-4.808 -30.857 8.956
-3.613 -28.396 11.672
-6.097 -25.630 10.805
-3.509 -22.852 10.984
-4.878 -19.672 9.424
-3.170 -16.763 7.626
-1.253 -14.740 10.157
-0.880 -17.554 12.659
2.571 -17.815 14.183
4.439 -21.126 14.002
7.427 -21.801 16.122
9.875 -23.968 14.283
12.530 -25.846 16.271
14.128 -28.473 14.077
17.582 -29.883 13.448
19.037 -29.807 9.928
16.504 -32.118 8.375
14.765 -31.443 5.075
11.465 -30.888 6.923
12.727 -27.540 8.089
12.895 -26.399 4.443
9.471 -27.963 3.659
7.936 -26.451 6.807
9.220 -22.979 6.169
8.049 -23.141 2.534
4.818 -24.573 3.855
4.370 -21.482 6.054
5.286 -19.098 3.223
2.649 -20.782 0.997
-0.028 -20.773 3.694
0.667 -17.178 4.876
1.802 -18.381 8.315
4.439 -16.485 10.322
7.304 -18.908 10.847
9.475 -18.394 13.915
12.639 -20.364 13.736
14.502 -21.381 16.827
17.469 -23.513 17.709
16.982 -27.199 18.558
19.359 -26.500 21.500
16.890 -24.274 23.330
15.970 -25.104 26.882
12.441 -25.013 28.269
12.835 -21.533 29.793
13.831 -20.198 26.312
10.997 -22.061 24.707
8.438 -20.856 27.288
9.569 -17.282 26.809
9.378 -17.444 23.008
6.034 -19.279 22.848
4.438 -16.965 25.396
5.951 -13.781 23.978
4.890 -14.688 20.410
1.578 -16.260 21.422
2.556 -19.008 18.981
-0.393 -21.173 17.879
1.874 -24.002 16.712
5.300 -25.473 17.253
6.954 -27.799 14.775
9.700 -29.647 16.611
12.131 -32.540 16.403
12.698 -35.481 18.696
15.525 -33.771 20.441
13.576 -30.864 21.862
10.122 -32.256 22.568
11.020 -33.228 26.117
11.949 -29.571 26.759
8.902 -28.325 24.953
6.637 -30.682 26.861
7.902 -29.325 30.189
6.396 -25.937 29.380
3.907 -26.375 26.486
1.081 -26.618 28.996
1.768 -23.030 30.212
1.258 -21.471 26.733
-2.455 -20.990 26.317
-2.188 -20.012 22.609
-0.333 -23.157 21.585
-2.879 -25.386 19.920
-0.786 -27.479 17.547
2.316 -29.545 18.352
3.737 -31.080 15.157
6.519 -33.557 15.588
9.095 -34.268 12.866
10.434 -37.681 13.863
10.675 -41.254 12.663
8.633 -42.104 15.780
5.318 -40.897 17.123
4.824 -39.237 20.481
1.531 -39.016 22.380
0.218 -35.448 22.163
2.216 -34.632 19.027
0.942 -34.643 15.445
3.017 -36.808 13.136
4.220 -34.334 10.538
5.888 -36.763 8.179
2.849 -39.058 7.954
0.482 -36.073 7.592
2.727 -34.756 4.834
2.522 -37.986 2.933
-1.227 -38.022 3.160
-1.495 -34.348 2.103
-2.430 -33.223 -1.409
0.402 -31.951 -3.640
-1.856 -29.051 -4.648
-2.095 -25.979 -2.444
-3.263 -22.603 -3.632
-0.470 -20.207 -2.548
-1.745 -17.309 -0.464
-1.527 -14.003 -2.241
0.629 -12.491 0.480
1.287 -8.743 0.722
4.867 -7.579 0.263
4.701 -5.905 3.690
2.689 -8.700 5.354
4.432 -10.508 8.231
6.229 -13.645 7.134
8.586 -14.418 9.997
9.591 -13.544 13.501
13.170 -13.957 14.636
13.942 -13.439 18.273
16.976 -11.280 18.801
19.030 -10.604 21.725
19.006 -6.779 21.994
17.785 -6.708 27.422
15.283 -9.520 26.922
14.887 -11.002 23.432
12.909 -8.872 21.015
10.672 -10.185 18.221
12.069 -8.956 14.896
9.255 -9.232 12.357
10.169 -9.685 8.689
7.842 -9.398 5.737
7.433 -11.488 2.594
9.433 -8.870 0.719
12.037 -8.076 3.385
13.076 -11.726 3.191
12.161 -13.026 -0.239
12.284 -9.964 -2.439
15.463 -8.774 -0.805
16.877 -12.265 -1.345
15.846 -12.092 -5.003
17.736 -8.800 -5.316
20.820 -10.024 -3.446
20.845 -13.292 -5.329
24.176 -14.377 -6.667
26.255 -11.989 -4.565
27.914 -15.228 -3.296
28.915 -16.108 -6.846
26.389 -18.956 -6.894
24.861 -19.783 -10.295
21.755 -21.704 -11.378
23.375 -25.108 -11.854
25.495 -25.028 -8.707
25.295 -26.430 -5.227
25.635 -24.214 -2.197
26.246 -25.422 1.326
25.204 -23.008 4.033
26.385 -24.202 7.425
23.959 -22.840 9.913
21.661 -23.542 12.805
18.229 -23.705 11.301
17.086 -21.136 13.866
19.393 -18.386 12.539
18.099 -15.919 10.001
21.207 -16.928 8.061
19.456 -20.173 7.306
16.465 -18.505 5.555
18.608 -16.016 3.648
21.465 -18.254 2.506
20.329 -21.863 2.892
16.944 -21.301 1.395
16.500 -18.059 -0.508
19.865 -17.433 -2.165
20.052 -20.758 -3.972
16.407 -20.904 -4.731
16.225 -17.397 -6.133
18.751 -18.691 -8.642
17.299 -22.137 -9.233
20.475 -23.645 -7.701
20.584 -26.508 -5.197
20.940 -26.099 -1.472
23.030 -28.745 0.249
22.152 -29.673 3.848
24.180 -31.866 6.179
22.579 -32.977 9.429
25.985 -32.314 10.910
24.817 -33.533 14.353
28.255 -32.632 15.792
30.098 -29.518 14.643
32.769 -31.832 13.392
35.344 -30.091 11.303
36.509 -33.404 9.792
32.928 -34.199 8.781
32.783 -30.819 7.122
36.049 -31.351 5.228
35.076 -34.820 4.130
31.768 -33.473 2.919
33.336 -30.654 0.975
35.705 -33.203 -0.503
33.039 -35.833 -1.308
30.335 -33.766 -2.876
30.242 -31.329 -5.818
29.635 -28.337 -3.549
30.652 -25.137 -5.292
29.741 -22.463 -2.734
29.728 -22.472 1.003
28.641 -20.061 3.667
29.578 -20.274 7.262
30.565 -18.284 10.298
34.295 -17.495 10.538
34.762 -20.225 13.173
33.918 -22.795 10.496
36.856 -21.644 8.468
39.214 -21.405 11.486
38.271 -24.961 12.463
38.841 -26.259 8.971
42.240 -24.592 9.053
43.006 -26.685 12.215
42.855 -29.630 9.926
45.648 -30.582 7.595
43.227 -29.948 4.768
45.629 -31.673 2.349
44.177 -35.183 2.637
40.767 -33.800 1.686
41.079 -31.519 -1.261
37.922 -29.833 -2.412
38.671 -28.708 -6.014
35.009 -28.174 -6.858
34.599 -25.437 -4.205
34.772 -21.979 -5.764
32.937 -19.594 -3.468
33.473 -19.165 0.284
31.498 -16.562 2.111
31.091 -15.772 5.730
29.021 -13.635 8.072
28.481 -13.172 11.824
31.835 -12.029 13.090
34.811 -10.069 11.813
36.843 -12.248 9.440
40.348 -11.899 10.727
42.860 -11.014 8.015
44.956 -13.913 9.339
42.056 -16.337 8.710
41.566 -14.987 5.165
45.321 -15.235 4.547
45.541 -18.699 5.958
42.521 -19.938 3.948
43.981 -18.466 0.741
47.234 -20.271 1.598
45.752 -23.627 2.264
42.922 -23.688 -0.322
43.782 -21.081 -2.926
40.306 -19.614 -2.286
39.114 -16.288 -1.083
36.691 -15.802 1.740
34.247 -13.030 0.949
32.843 -11.421 4.071
29.329 -10.194 4.595
27.685 -8.282 7.403
24.172 -8.147 8.721
21.938 -8.518 11.670
18.569 -10.114 12.290
16.787 -6.767 11.722
18.496 -5.965 8.394
19.526 -9.260 6.883
22.469 -8.940 4.470
23.645 -5.329 4.930
27.172 -5.174 3.600
29.068 -7.694 1.564
32.029 -8.411 -0.631
30.363 -9.712 -3.771
32.108 -12.091 -6.147
33.206 -9.306 -8.482
34.543 -7.005 -5.739
38.167 -6.969 -4.638
38.760 -8.244 -1.080
40.088 -5.738 1.430
41.224 -7.690 4.427
39.617 -6.478 7.674
36.732 -4.878 5.691
33.293 -6.380 5.287
32.518 -4.830 1.885
29.964 -2.353 0.639
26.214 -1.793 0.850
23.808 -4.471 -0.101
21.184 -4.204 -2.477
19.727 -0.755 -2.542
20.692 -0.227 1.090
22.168 3.180 1.620
24.680 2.292 4.406
26.614 5.177 5.944
28.693 5.962 8.975
26.815 8.587 10.921
27.515 10.988 13.761
25.582 11.364 16.997
23.042 13.646 15.351
22.504 11.363 12.323
24.632 13.213 9.803
26.576 11.236 7.222
30.221 11.344 8.067
33.079 11.499 5.648
35.277 8.532 4.909
37.876 7.647 7.573
35.809 8.881 10.500
34.448 6.470 13.051
30.796 6.624 13.708
27.717 4.480 13.905
26.865 2.208 11.036
23.379 3.092 9.811
21.011 2.248 6.970
19.024 5.089 5.491
15.343 4.431 6.146
13.936 7.925 5.476
12.351 9.098 3.238
12.355 5.573 1.733
12.631 2.376 3.860
14.534 -0.029 1.708
13.537 -3.563 0.835
15.237 -5.929 3.244
14.755 -3.961 6.471
12.534 -5.703 9.005
9.099 -4.335 9.847
9.693 -3.492 13.504
9.962 -5.177 16.840
6.611 -6.820 17.438
4.538 -5.079 20.127
7.431 -2.606 20.613
7.341 0.458 18.300
9.322 2.404 20.925
12.235 -0.011 20.799
11.974 0.235 17.010
11.935 4.076 17.334
14.891 4.061 19.725
17.131 2.585 17.003
16.341 5.247 14.392
18.630 8.279 14.370
17.596 10.997 11.926
17.080 9.244 8.636
19.052 6.138 9.739
18.446 2.733 11.242
21.348 2.169 13.671
22.828 -1.316 13.524
24.448 -0.690 16.936
27.905 -1.150 15.438
30.715 1.369 15.129
32.425 1.542 11.798
34.618 3.492 9.407
34.089 3.687 5.650
37.066 3.886 3.340
37.426 5.873 0.116
35.850 3.134 -2.025
32.926 2.731 0.350
34.117 -0.389 2.136
33.120 -0.664 5.747
35.404 -1.616 8.552
33.732 -2.946 11.642
34.836 -1.154 14.801
32.895 -3.028 17.521
29.543 -2.802 19.244
28.772 0.759 20.380
27.648 -0.720 23.761
31.164 -2.179 24.282
32.862 1.211 24.259
34.118 2.119 27.733
33.685 5.661 29.067
36.189 6.209 31.826
36.973 9.630 33.262
35.603 11.274 30.085
37.534 9.057 27.689
36.053 6.583 25.160
38.004 3.313 25.190
37.550 0.504 22.654
37.896 -2.896 24.372
39.695 -4.387 21.355
42.877 -2.317 21.720
43.000 -3.206 25.421
42.280 -6.894 24.808
44.830 -6.986 22.017
47.395 -5.362 24.334
46.787 -7.935 27.099
46.995 -10.739 24.486
50.639 -9.807 23.751
51.534 -10.812 27.315
52.552 -14.502 27.794
50.271 -14.861 30.865
47.086 -14.158 28.879
45.512 -16.903 26.799
42.177 -15.155 26.468
40.690 -11.845 27.632
37.502 -9.734 27.593
37.640 -6.021 28.440
34.538 -4.318 29.769
33.266 -1.412 31.819
33.039 -1.801 35.584
31.032 0.637 37.759
33.545 2.700 39.751
33.153 4.391 43.150
35.682 7.124 42.275
35.227 7.500 38.451
31.803 5.960 37.751
33.038 3.586 34.992
36.493 1.926 34.714
38.298 -0.369 32.248
38.288 -3.958 33.550
39.874 -7.030 32.007
38.797 -10.599 32.580
41.824 -12.741 31.903
42.199 -16.472 31.341
45.735 -17.301 32.492
48.370 -19.421 30.769
48.978 -22.486 32.978
52.543 -21.213 33.389
51.201 -18.225 35.389
48.683 -20.013 37.611
51.507 -20.338 40.181
52.251 -16.565 40.119
50.995 -14.103 42.788
47.623 -12.704 41.623
48.345 -9.171 42.892
51.856 -8.986 41.410
50.596 -10.486 38.150
47.732 -7.954 38.060
50.219 -5.084 38.456
52.469 -6.575 35.747
49.625 -6.864 33.266
48.511 -3.294 33.944
52.114 -2.077 33.721
52.258 -4.071 30.474
49.054 -2.466 29.066
50.012 1.027 30.293
53.256 0.422 28.368
51.766 -0.812 25.059
48.871 1.692 24.785
47.615 5.060 26.064
47.834 4.613 29.864
44.291 6.016 30.224
43.267 2.757 28.508
44.840 0.322 31.007
42.636 -2.107 32.996
42.323 -0.564 36.477
40.677 -3.864 37.425
41.741 -7.401 36.477
39.876 -10.559 37.325
41.298 -13.942 36.525
38.820 -16.478 35.294
38.995 -20.002 33.946
36.782 -19.368 30.944
34.981 -16.592 29.185
31.397 -16.851 27.957
31.061 -17.159 24.180
28.319 -17.629 21.626
27.964 -20.926 19.692
29.944 -19.238 16.929
32.756 -18.496 19.430
32.188 -14.758 19.938
33.071 -13.418 23.412
29.868 -12.293 25.144
31.001 -8.972 26.623
27.427 -7.881 27.388
27.091 -10.952 29.583
30.266 -10.050 31.426
29.248 -6.391 31.660
25.756 -7.290 32.953
27.205 -9.411 35.728
29.883 -6.791 36.366
27.133 -4.236 37.043
25.420 -6.544 39.541
