-16.475 14.370 -13.450
-17.805 16.128 -10.401
-20.971 14.096 -10.488
-23.543 13.800 -7.751
-26.457 12.108 -9.557
-29.943 11.558 -8.195
-29.770 8.393 -6.111
-32.376 6.670 -8.301
-30.403 7.440 -11.464
-30.513 3.841 -12.703
-33.881 2.641 -11.456
-35.384 0.272 -14.028
-32.126 0.061 -15.989
-30.606 -3.302 -16.872
-26.823 -3.096 -17.020
-24.328 -5.825 -17.868
-20.827 -5.520 -16.425
-17.968 -7.669 -17.704
-14.852 -8.582 -15.726
-17.219 -8.173 -12.801
-14.997 -9.813 -10.174
-11.987 -7.490 -10.705
-11.382 -4.217 -8.870
-13.128 -1.789 -11.192
-15.744 -4.263 -12.440
-16.968 -5.227 -9.001
-17.060 -1.587 -7.951
-19.009 -0.549 -11.042
-21.482 -3.372 -10.513
-21.944 -2.352 -6.866
-22.319 1.308 -7.780
-24.866 0.659 -10.484
-26.881 -1.527 -8.076
-26.733 1.189 -5.394
-28.228 3.638 -7.871
-31.097 1.285 -8.695
-29.844 -0.825 -11.593
-30.686 -4.421 -12.327
-27.132 -5.630 -12.776
-25.893 -8.642 -14.706
-22.368 -9.850 -13.901
-20.165 -11.500 -16.497
-16.832 -13.137 -15.827
-14.748 -16.276 -16.099
-14.641 -17.159 -12.399
-17.992 -18.475 -11.135
-16.791 -18.624 -7.531
-15.807 -14.969 -7.471
-18.936 -13.867 -9.373
-21.187 -15.578 -6.827
-19.325 -13.739 -4.078
-19.624 -10.351 -5.776
-23.347 -10.980 -6.313
-23.840 -11.848 -2.655
-21.931 -8.760 -1.490
-24.018 -6.534 -3.725
-27.169 -8.184 -2.366
-26.134 -7.546 1.231
-25.230 -3.900 0.616
-28.115 -2.915 -1.694
-30.882 -5.493 -1.170
-30.960 -6.759 -4.755
-29.041 -9.762 -6.042
-27.433 -9.643 -9.479
-27.496 -12.686 -11.714
-24.247 -13.829 -13.284
-23.138 -15.646 -16.411
-19.827 -17.254 -17.262
-17.730 -16.295 -20.279
-13.963 -16.552 -20.800
-13.014 -13.900 -23.336
-9.656 -15.531 -24.022
-11.171 -18.697 -25.463
-14.823 -17.961 -26.239
-16.287 -18.236 -29.703
-18.833 -15.958 -31.312
-21.346 -18.782 -30.853
-20.619 -18.786 -27.080
-21.421 -15.057 -27.062
-24.638 -15.600 -29.006
-25.620 -18.346 -26.547
-24.996 -15.957 -23.652
-27.259 -13.406 -25.333
-29.942 -16.106 -25.626
-29.657 -16.888 -21.915
-29.950 -13.203 -21.038
-32.979 -12.790 -23.311
-34.891 -15.512 -21.450
-34.707 -13.418 -18.268
-34.324 -9.792 -19.453
-36.267 -7.873 -22.128
-33.400 -5.551 -23.085
-29.994 -4.294 -22.056
-29.873 -0.598 -21.169
-26.117 -0.693 -20.703
-23.060 -2.814 -21.351
-19.812 -1.979 -19.576
-16.849 -3.801 -21.083
-14.435 -3.807 -18.196
-12.802 -7.204 -18.840
-9.254 -7.036 -20.110
-5.787 -8.508 -20.107
-2.745 -6.356 -19.373
-0.117 -8.686 -20.743
3.553 -7.746 -20.697
4.779 -4.325 -19.609
8.241 -4.336 -21.190
9.936 -3.197 -24.379
8.679 -4.320 -27.765
11.819 -6.405 -28.244
10.850 -8.372 -25.112
7.057 -8.659 -25.557
6.016 -12.296 -25.629
4.237 -13.089 -28.896
1.687 -15.478 -27.355
0.854 -12.978 -24.622
0.475 -10.295 -27.305
-1.961 -12.526 -29.171
-3.896 -13.196 -25.939
-4.170 -9.473 -25.126
-5.520 -8.735 -28.578
-7.909 -11.690 -28.384
-9.437 -10.580 -25.082
-9.318 -6.823 -25.420
-10.205 -6.540 -29.100
-11.522 -9.685 -30.765
-13.668 -11.216 -28.029
-14.770 -7.759 -26.862
-15.981 -7.221 -30.439
-17.671 -10.633 -30.629
-19.458 -10.066 -27.327
-20.568 -6.606 -28.457
-21.934 -8.060 -31.683
-23.948 -10.646 -29.755
-25.418 -7.987 -27.431
-26.334 -5.306 -29.999
-29.911 -6.560 -30.512
-30.586 -6.402 -26.764
-29.054 -2.916 -26.568
-31.252 -1.744 -29.448
-34.285 -2.721 -27.365
-33.378 -0.059 -24.792
-34.860 3.404 -25.104
-31.254 4.608 -25.354
-28.719 1.840 -24.928
-25.272 2.767 -23.631
-22.209 0.803 -24.656
-18.976 1.565 -22.797
-15.478 0.245 -23.535
-12.444 0.463 -21.282
-9.521 2.383 -22.678
-6.275 3.801 -21.254
-4.036 6.823 -21.714
-1.883 4.484 -23.830
-4.871 3.997 -26.108
-4.586 7.686 -27.107
-0.794 8.105 -27.107
1.443 5.074 -27.248
4.216 4.931 -24.661
7.304 2.838 -24.159
6.789 -0.578 -22.549
3.024 -0.713 -23.091
3.220 -3.013 -26.119
0.173 -5.147 -26.702
-1.968 -3.323 -24.187
-1.431 -0.006 -25.985
-2.108 -1.517 -29.399
-5.261 -3.119 -28.035
-6.557 0.076 -26.485
-5.914 2.044 -29.679
-7.951 -0.680 -31.411
-10.637 -0.227 -28.740
-10.865 3.504 -29.432
-11.151 2.723 -33.127
-13.888 0.149 -32.598
-15.761 2.643 -30.401
-15.507 5.299 -33.109
-16.758 2.915 -35.834
-19.670 1.855 -33.651
-20.530 5.426 -32.668
-20.694 6.379 -36.344
-22.870 3.370 -37.231
-25.242 3.913 -34.315
-25.679 7.671 -34.472
-29.017 8.525 -32.889
-29.483 4.864 -31.907
-26.901 3.940 -29.241
-24.396 5.827 -27.158
-20.929 4.317 -27.610
-18.003 5.718 -25.586
-14.817 4.764 -23.756
-13.581 5.321 -20.220
-9.908 5.586 -19.290
-9.937 4.796 -15.553
-6.427 6.181 -15.081
-4.087 4.710 -12.485
-6.090 3.067 -9.723
-5.312 0.862 -6.706
-5.980 -2.433 -8.433
-4.167 -5.696 -9.040
-3.506 -4.824 -12.686
-2.003 -1.458 -11.819
0.243 -3.129 -9.215
1.345 -5.611 -11.887
2.284 -2.787 -14.263
4.113 -0.751 -11.596
5.411 -3.272 -9.005
7.349 -0.625 -7.055
4.647 2.055 -7.059
3.144 3.124 -3.729
-0.615 2.476 -4.044
-1.343 5.304 -1.580
-0.549 7.774 -4.352
-3.496 6.466 -6.387
-7.274 6.732 -6.303
-9.420 3.695 -5.549
-11.986 2.213 -7.901
-14.671 3.774 -5.672
-13.110 7.190 -6.253
-13.425 6.971 -10.027
-17.076 5.872 -10.218
-18.702 9.219 -11.120
-17.888 8.844 -14.814
-19.051 5.194 -14.798
-22.393 6.324 -13.431
-22.684 9.302 -15.765
-22.268 7.190 -18.893
-25.095 4.801 -17.888
-27.622 7.376 -16.677
-29.768 9.711 -18.727
-27.511 12.733 -18.247
-25.217 11.349 -20.974
-27.945 10.398 -23.483
-26.687 12.909 -26.078
-23.032 11.855 -25.719
-21.533 9.405 -28.207
-18.232 8.723 -29.924
-16.102 10.047 -27.101
-13.384 8.879 -24.774
-13.321 10.152 -21.215
-10.740 10.266 -18.433
-12.106 9.248 -15.040
-9.253 11.275 -13.530
-8.857 14.488 -15.561
-5.443 16.159 -15.357
