61.823 5.579 21.491
62.983 9.177 21.074
62.765 8.937 17.266
59.686 6.696 17.378
57.653 9.269 19.311
58.744 11.844 16.744
57.517 9.986 13.667
54.048 9.889 15.231
53.811 13.608 15.963
55.002 14.236 12.408
52.723 11.811 10.560
49.601 13.154 12.257
50.730 16.777 11.976
51.187 16.015 8.267
47.611 14.851 7.695
46.345 17.340 10.281
46.341 19.747 7.336
45.819 18.878 3.670
43.357 21.676 2.962
42.312 24.132 5.678
38.754 24.520 4.389
38.056 20.808 4.979
39.333 21.191 8.521
37.081 24.225 8.865
34.023 22.261 7.665
34.814 19.559 10.250
34.891 21.689 13.406
32.025 23.749 12.031
30.169 20.435 12.025
31.135 19.873 15.672
30.194 23.379 16.780
26.813 23.237 15.059
26.055 20.040 17.004
26.795 21.463 20.430
25.144 24.760 19.571
22.028 22.766 18.709
22.303 20.789 21.966
22.382 23.969 24.048
19.369 25.411 22.260
17.333 22.220 22.727
18.107 22.016 26.439
17.195 25.670 26.867
13.966 25.347 24.871
12.752 22.374 26.909
13.504 24.310 30.087
11.410 27.296 28.987
8.767 24.937 27.583
8.521 23.164 30.937
8.365 26.425 32.921
5.658 27.926 30.724
3.371 24.893 31.003
3.682 24.897 34.788
2.509 28.505 34.608
-0.535 27.940 32.380
-1.667 25.226 34.789
-1.308 27.416 37.877
-3.221 30.128 36.022
-6.182 27.818 36.664
-6.339 25.820 39.892
-9.108 27.245 42.062
-10.932 30.149 40.407
-13.843 31.285 42.582
-13.240 29.685 45.984
-13.827 30.610 49.631
-10.440 30.087 51.376
-8.533 33.301 50.580
-9.875 36.860 50.777
-9.691 39.490 48.021
-6.529 41.143 49.354
-4.688 37.817 49.489
-5.807 36.669 46.070
-4.755 39.997 44.554
-1.329 39.723 46.215
-0.866 36.209 44.824
-1.851 37.350 41.345
0.547 40.286 41.364
3.413 37.977 42.357
2.361 35.719 39.475
2.444 38.543 36.917
5.725 39.744 38.434
7.504 36.419 37.990
6.228 36.023 34.411
7.362 39.518 33.356
10.688 38.883 35.131
11.218 35.934 32.811
10.232 37.560 29.512
13.900 37.657 28.466
13.989 33.855 28.368
12.245 33.603 24.998
14.117 36.625 23.644
17.479 34.889 24.081
16.223 31.706 22.414
14.991 33.692 19.408
18.426 35.262 19.106
20.252 31.946 19.378
17.821 29.996 17.213
17.480 32.665 14.521
21.250 32.948 14.217
21.538 29.228 13.462
18.754 29.537 10.885
20.476 32.506 9.259
23.646 30.398 8.858
21.939 27.439 7.202
22.284 25.198 10.278
21.280 21.555 9.696
18.376 21.536 12.181
16.859 24.765 10.820
13.373 23.311 10.361
13.163 21.837 13.835
14.471 25.110 15.297
12.087 27.312 13.337
9.175 25.142 14.358
10.102 25.066 18.039
10.482 28.854 18.213
6.996 29.276 16.648
5.342 26.990 19.189
7.216 28.609 22.085
5.910 32.052 21.125
2.379 30.709 20.751
2.358 29.280 24.279
4.045 32.329 25.763
1.449 34.517 24.113
-1.468 32.670 25.688
0.242 32.539 29.061
0.184 36.334 28.851
-3.420 36.253 27.610
-4.655 33.906 30.342
-2.753 35.972 32.916
-4.565 39.179 31.989
-7.856 37.245 31.988
-7.328 35.995 35.515
-6.365 39.491 36.665
-9.501 41.079 35.230
-11.646 38.279 36.651
-10.457 39.179 40.148
-11.802 42.734 39.897
-15.351 41.435 39.453
