-0.725 16.244 15.049
-2.266 13.312 16.853
-5.979 12.626 16.785
-8.064 10.299 18.872
-10.088 7.594 17.102
-13.488 8.747 15.942
-14.938 6.656 18.788
-12.817 8.474 21.374
-13.785 11.859 19.829
-17.505 11.114 20.329
-16.754 9.874 23.833
-15.449 13.353 24.715
-19.207 13.980 25.060
-18.994 17.746 24.547
-21.471 20.037 22.769
-19.722 19.411 19.437
-20.408 15.673 19.520
-23.872 15.713 21.120
-25.858 18.283 19.073
-26.434 16.161 15.916
-26.928 12.464 15.267
-24.254 9.737 15.204
-24.048 9.854 11.401
-23.411 13.589 11.168
-19.819 14.890 10.961
-19.668 17.975 13.212
-17.722 20.911 11.684
-19.619 23.603 13.542
-18.928 24.839 17.156
-15.367 25.975 17.854
-13.820 22.968 19.615
-10.894 21.174 17.891
-10.391 17.423 17.356
-6.632 17.291 18.036
-5.553 15.051 20.884
-5.112 17.429 23.819
-1.664 19.040 24.146
0.344 16.524 26.277
1.628 19.205 28.656
-1.873 20.519 29.282
-3.399 17.055 29.670
-0.708 16.057 32.204
-1.181 19.278 34.232
-4.938 18.541 34.497
-4.328 14.851 35.228
-1.831 15.685 38.006
-4.149 18.336 39.515
-7.015 15.802 39.715
-4.691 13.213 41.340
-3.713 15.913 43.848
-7.416 16.676 44.493
-7.011 20.401 43.673
-10.783 20.916 43.933
-11.119 23.710 46.492
-10.653 27.451 46.035
-7.852 28.937 44.006
-4.476 29.262 45.693
-2.526 32.329 46.596
0.650 32.920 44.649
-0.613 32.132 41.138
1.989 32.745 38.416
-0.632 32.642 35.635
-0.333 36.410 35.002
3.457 36.020 34.565
2.917 33.051 32.260
0.502 35.098 30.152
2.884 38.079 30.039
5.787 35.829 29.093
3.738 34.284 26.272
2.709 37.712 24.970
6.375 38.809 25.031
7.758 35.694 23.340
5.080 35.257 20.678
4.132 38.863 19.831
6.899 41.057 21.253
4.390 42.744 23.578
5.826 43.427 27.048
2.629 43.031 29.105
2.773 43.868 32.851
1.705 40.845 34.865
0.330 43.094 37.608
-2.211 44.335 35.043
-3.328 40.815 34.029
-6.256 39.174 35.815
-8.225 35.903 35.621
-11.857 35.672 34.516
-14.082 32.717 33.733
-14.180 33.291 29.989
-13.598 35.905 27.275
-17.250 36.868 26.788
-17.587 37.448 30.529
-14.594 39.781 30.301
-16.267 41.748 27.488
-19.469 41.869 29.532
-17.613 43.429 32.514
-15.706 45.724 30.149
-18.887 47.125 28.527
-20.793 47.296 31.801
-18.011 48.939 33.855
-15.585 50.634 31.419
-17.971 52.355 28.970
-20.611 54.950 29.821
-24.053 53.724 30.857
-26.396 53.145 27.921
-23.725 54.019 25.345
-23.972 52.263 21.960
-21.360 49.644 21.000
-19.968 49.234 17.467
-20.130 45.587 16.502
-18.597 44.578 13.161
-20.462 41.887 11.187
-20.500 39.007 10.462
-20.169 38.710 14.254
-19.290 35.893 16.683
-22.866 34.931 17.534
-22.591 35.349 21.315
-21.925 39.086 20.676
-25.659 39.548 20.044
-26.278 38.004 23.499
-23.632 40.287 24.917
-25.625 43.289 23.657
-28.867 42.003 25.213
-27.114 41.185 28.514
-25.543 44.681 28.729
-28.726 46.332 27.395
-26.769 48.269 24.761
-27.794 48.998 21.200
-25.322 47.767 18.573
-24.119 49.840 15.609
-23.348 47.234 12.983
-20.629 47.818 10.353
-19.590 45.412 7.574
-16.231 43.698 8.173
-16.394 41.666 4.911
-13.124 42.264 3.038
-11.852 44.300 5.977
-13.010 47.211 8.180
-13.316 50.762 6.800
-12.284 53.304 9.437
-14.862 55.684 7.957
-17.616 53.284 9.087
-16.071 53.250 12.546
-15.979 57.076 12.722
-19.619 57.287 11.658
-20.511 54.943 14.516
-18.735 57.142 17.058
-20.408 60.202 15.513
-23.743 58.398 16.015
-22.914 58.084 19.749
-21.024 54.806 20.183
-18.395 54.847 22.964
-16.659 51.532 22.317
-15.991 49.065 19.530
-15.723 45.307 19.914
-12.756 44.198 17.816
-11.935 40.557 17.203
-8.266 40.368 16.217
-7.751 37.935 14.653
-11.202 38.507 13.180
-13.420 35.464 13.231
-15.230 34.227 11.181
-13.284 35.934 8.347
-9.796 34.742 9.350
-8.316 38.285 9.172
-5.206 39.715 10.903
-5.233 43.493 11.275
-2.189 45.560 10.327
-0.341 47.539 12.996
-0.720 51.004 11.396
-4.463 50.300 11.035
-4.771 49.473 14.743
-2.786 52.610 15.451
-5.226 54.862 13.561
-8.260 53.014 15.035
-7.009 53.835 18.532
-6.286 57.477 17.672
-9.857 57.700 16.249
-11.375 56.119 19.368
-9.456 58.557 21.548
-10.800 61.551 19.586
-14.301 60.366 20.512
-13.541 59.332 24.138
-14.199 55.694 23.138
-12.680 52.366 24.190
-11.396 49.544 21.938
-12.327 46.158 23.420
-9.975 43.764 21.679
-10.901 40.070 21.664
-7.586 38.229 20.984
-8.766 34.657 21.731
-7.622 33.499 18.256
-4.229 35.277 18.368
-2.166 32.120 18.960
-3.639 30.716 15.750
-2.158 32.959 13.046
-0.733 30.863 10.185
-0.004 33.518 7.533
1.223 36.818 8.922
1.837 38.084 12.433
-0.504 39.056 15.243
-0.102 42.620 16.481
-1.276 43.441 20.013
-3.280 46.672 19.454
-2.630 47.854 23.011
1.088 48.110 22.234
1.144 50.074 18.970
1.181 53.482 20.721
0.741 55.295 23.988
-2.752 56.299 22.810
-3.540 52.584 22.146
-2.307 51.653 25.643
-4.893 54.077 27.058
-7.857 53.153 24.853
-7.582 49.371 24.632
-8.755 46.659 27.010
-7.379 43.309 25.787
-9.123 39.991 26.454
-7.803 36.496 25.610
-7.635 32.833 26.684
-5.778 29.634 25.789
-9.145 27.981 25.347
-9.260 28.003 21.489
-5.666 27.182 20.728
-5.399 24.439 23.340
-9.041 23.373 23.417
-10.018 23.825 27.062
-13.139 26.062 26.800
-15.014 23.973 29.330
-12.397 24.606 32.020
-13.272 28.289 32.411
-10.100 30.388 32.494
-9.442 33.479 30.456
-7.334 36.582 30.984
-7.995 40.293 31.009
-4.908 42.284 30.063
-4.962 45.948 31.000
-2.493 48.365 29.423
-2.711 51.388 31.763
-2.775 51.787 35.567
-6.135 53.525 35.794
-7.986 50.555 34.242
-6.155 48.132 36.552
-7.071 50.254 39.567
-10.713 50.402 38.440
-10.753 46.602 38.063
-9.302 46.122 41.530
-12.043 48.368 42.984
-14.829 46.170 41.571
-16.653 43.846 43.943
-15.111 40.355 43.899
-18.546 38.975 43.000
-18.282 40.812 39.658
-14.879 39.269 38.836
-15.026 35.700 40.102
-15.811 32.485 38.208
-12.598 30.956 36.953
-12.200 27.301 37.809
-9.304 25.925 39.828
-8.474 23.282 37.215
-8.842 25.900 34.495
-6.205 28.152 36.107
-3.861 25.161 36.177
-4.596 24.118 32.522
-4.166 27.723 31.243
-0.837 28.215 32.967
0.446 24.902 31.535
-0.742 25.911 28.016
1.124 29.217 28.214
4.301 27.822 29.806
4.694 24.507 27.941
2.296 24.526 24.994
4.250 26.416 22.307
5.775 23.470 20.497
2.312 21.940 20.170
0.926 25.298 19.069
3.463 25.564 16.268
2.576 22.086 14.977
-1.126 22.906 15.286
-0.781 26.068 13.225
1.221 24.255 10.509
-1.553 21.593 10.306
-4.293 24.288 10.088
-2.456 26.131 7.300
-2.339 22.914 5.296
-6.014 22.166 5.899
-6.825 25.745 4.842
-4.838 25.522 1.600
-6.509 22.161 0.813
-10.059 23.414 1.452
-9.513 26.698 -0.381
-8.623 24.823 -3.585
-10.981 21.833 -3.402
-14.250 23.192 -2.057
-15.000 25.320 -5.150
-14.098 22.426 -7.468
-16.402 19.866 -5.777
-19.246 22.059 -4.465
-20.120 24.343 -7.405
-20.874 27.915 -6.573
-19.197 27.800 -3.136
-16.812 30.775 -2.683
-14.107 31.247 -0.039
-11.779 34.134 0.702
-8.201 33.225 1.715
-7.493 33.467 5.413
-4.525 34.296 7.624
-5.632 32.961 11.055
-8.117 30.805 13.032
-9.651 27.424 12.185
-13.056 28.852 11.144
-13.834 29.131 7.420
-16.604 31.415 6.138
-18.124 29.878 2.960
-20.482 31.771 0.680
-23.187 29.520 -0.833
-25.248 32.342 -2.357
-24.123 31.396 -5.917
-25.462 27.923 -5.475
-29.163 27.415 -6.171
-29.739 25.616 -2.827
-33.265 26.221 -1.515
-33.423 27.546 2.059
-30.509 27.516 4.543
-27.373 25.870 3.115
-26.451 24.764 6.662
-29.717 22.879 7.019
-29.300 21.355 3.531
-25.852 19.960 4.367
-27.015 18.581 7.749
-30.065 16.864 6.288
-28.704 15.722 2.937
-24.897 15.425 3.375
-24.808 14.605 7.124
-22.275 17.388 7.649
-22.921 20.133 10.239
-21.703 23.725 9.745
-23.000 26.879 11.468
-25.767 28.822 9.667
-24.449 32.270 8.788
-27.735 33.931 9.762
-26.620 33.652 13.415
-23.742 36.031 12.627
-26.044 38.786 11.399
-28.735 39.107 8.760
-26.202 39.459 5.960
-24.718 36.081 6.949
-27.734 34.381 5.397
-26.488 32.030 2.671
-23.126 31.530 4.324
-21.844 28.722 6.557
-18.939 28.610 8.970
-16.838 25.427 8.722
-14.490 24.275 11.496
-11.319 22.853 9.988
-9.511 22.064 13.282
-9.844 18.321 12.538
-8.054 15.653 10.558
-7.495 15.792 6.803
-9.371 12.428 6.690
-12.425 13.978 8.327
-12.260 16.979 5.988
-12.006 14.774 2.885
-14.988 12.700 3.995
-16.993 15.853 4.795
-16.388 17.629 1.507
-17.025 14.453 -0.436
-20.415 13.983 1.306
-21.216 17.601 0.438
-19.969 17.247 -3.167
-22.346 14.362 -3.790
-25.367 15.813 -1.989
-25.107 19.190 -3.740
-24.948 17.685 -7.213
-28.715 17.023 -7.061
-30.147 19.374 -4.426
-33.740 20.318 -5.148
