30.731 71.141 5.945
27.960 72.621 3.775
30.700 73.892 1.414
32.235 70.498 0.726
31.087 68.502 -2.372
28.620 65.743 -1.477
30.933 62.816 -2.426
33.837 64.120 -0.259
31.410 64.810 2.639
30.062 61.242 2.445
33.622 59.878 2.348
34.521 61.984 5.415
31.545 60.749 7.414
32.362 57.131 6.472
36.024 57.646 7.414
35.006 59.083 10.783
32.753 56.075 11.387
35.605 53.629 10.539
37.905 55.682 12.881
35.370 55.234 15.737
35.348 51.437 15.051
39.157 51.301 15.283
39.034 53.474 18.396
36.619 51.093 20.124
38.632 48.066 18.960
41.661 49.754 20.591
39.680 50.034 23.833
38.364 46.524 24.288
38.587 47.400 28.027
35.569 49.711 27.508
32.597 47.394 28.113
29.310 47.807 26.199
27.492 48.259 29.542
29.592 51.335 30.385
28.876 52.806 26.966
25.147 52.179 27.544
25.364 53.808 30.982
27.386 56.883 29.923
26.338 57.370 26.299
23.086 55.407 25.720
24.646 53.410 22.846
27.252 50.665 22.506
28.902 48.505 19.865
25.662 46.564 19.290
23.902 49.879 18.555
26.494 50.778 15.902
25.835 47.375 14.297
22.024 47.963 14.360
22.533 51.405 12.788
24.637 49.783 10.043
21.794 47.260 9.481
19.371 50.194 9.093
21.799 51.875 6.626
22.075 48.664 4.563
18.213 48.760 4.110
18.574 52.384 2.963
21.074 51.229 0.341
19.039 48.328 -1.057
21.441 45.677 0.327
21.274 42.904 3.036
23.405 43.121 6.185
22.074 40.912 8.926
22.841 41.423 12.646
25.673 38.867 12.884
27.180 40.344 9.705
26.923 43.859 11.155
28.465 42.780 14.462
31.307 40.901 12.763
32.182 44.130 10.958
31.895 46.421 14.044
33.752 44.056 16.413
36.318 42.809 13.855
35.450 39.174 14.537
32.266 37.147 15.149
30.471 38.475 18.263
30.434 34.975 19.853
34.229 34.973 19.766
34.420 38.562 21.045
32.078 37.773 23.941
34.208 34.789 25.110
37.541 36.698 24.844
36.590 40.247 25.976
33.232 40.470 27.720
33.123 40.438 31.525
30.012 40.114 33.798
28.740 43.544 34.970
29.931 44.537 38.474
