24.218 68.090 46.049
22.934 66.507 49.253
23.647 63.012 50.617
21.159 61.459 53.011
21.761 59.222 55.988
18.828 57.033 57.045
18.607 55.247 60.428
16.195 53.596 62.858
15.550 54.508 66.547
16.987 57.696 65.041
17.637 59.639 68.265
19.907 56.948 69.727
23.615 57.970 70.575
25.120 55.209 68.455
24.267 57.186 65.287
26.061 60.347 66.359
29.497 59.122 65.391
28.119 57.627 62.118
26.739 61.009 61.271
30.007 62.775 62.244
32.097 60.654 59.807
29.439 61.346 57.182
29.753 65.157 57.797
33.570 64.957 57.951
33.660 63.364 54.437
31.028 65.891 53.159
33.011 68.873 54.534
36.072 67.438 52.852
34.067 67.012 49.574
32.163 70.350 49.839
28.710 68.718 49.693
25.613 68.704 51.988
24.149 65.961 54.241
20.661 65.388 55.693
19.963 63.060 58.606
16.755 61.063 58.820
15.403 57.907 60.448
12.425 56.124 61.940
12.072 57.484 65.504
11.038 54.093 66.709
12.175 50.593 66.123
9.486 50.114 63.458
9.905 48.573 59.970
6.948 50.350 58.245
8.162 53.734 59.634
11.660 53.089 58.127
10.060 52.090 54.853
8.185 55.468 54.884
11.381 57.384 55.628
13.268 55.636 52.826
10.325 56.080 50.386
10.331 59.785 51.312
14.113 59.970 50.625
13.784 58.378 47.166
11.049 60.958 46.347
13.476 63.820 46.917
15.900 62.144 44.553
19.121 63.037 46.547
22.734 62.585 45.270
22.904 59.375 47.380
21.545 57.472 50.389
23.345 55.621 53.194
20.955 53.543 55.242
21.208 51.087 58.166
18.414 48.674 57.388
16.156 47.855 60.353
15.618 44.391 58.910
17.769 42.364 56.547
14.746 41.361 54.408
11.721 43.534 54.959
13.462 46.695 53.653
14.796 45.116 50.452
11.951 46.018 48.108
12.284 49.697 49.143
16.127 49.611 48.780
15.872 48.149 45.282
13.437 50.926 44.502
16.163 53.500 45.178
18.569 51.467 43.020
15.956 51.152 40.240
15.438 54.924 40.509
19.175 55.470 39.766
20.020 56.822 43.245
23.441 55.796 44.660
22.668 53.774 47.826
24.884 51.948 50.283
24.093 50.013 53.424
25.929 50.791 56.712
25.899 49.280 60.183
23.146 46.691 59.398
22.737 45.194 55.951
20.290 43.550 53.558
22.443 40.969 51.717
19.788 39.995 49.134
19.138 43.632 48.124
20.753 45.414 45.181
22.450 48.210 47.166
25.925 49.169 45.863
28.033 48.371 48.983
27.768 47.443 52.706
29.981 49.204 55.243
30.099 47.871 58.781
31.062 45.293 61.362
31.900 41.689 60.563
29.749 40.437 63.339
31.162 36.920 63.297
34.663 38.300 63.675
33.401 40.703 66.389
32.296 37.608 68.367
35.669 36.060 67.689
37.410 39.156 69.032
35.273 38.921 72.165
36.218 35.174 72.548
39.940 36.016 72.526
39.467 38.872 74.918
37.442 36.635 77.228
40.164 33.917 77.183
42.748 36.456 78.135
40.562 37.731 81.096
40.011 34.151 82.286
43.495 32.792 81.609
42.229 30.341 79.018
39.725 28.537 81.290
36.300 28.809 83.001
32.510 28.776 82.361
30.946 31.596 80.285
27.440 32.711 79.265
26.042 34.827 76.405
23.242 37.384 76.656
22.096 38.171 73.102
19.070 38.741 70.768
18.336 35.266 69.408
16.188 36.365 66.441
18.488 39.135 65.098
20.979 38.027 62.519
23.854 40.317 63.562
23.559 39.132 67.202
23.368 35.521 66.025
26.638 35.927 64.128
28.233 37.612 67.169
27.188 34.652 69.342
28.361 32.038 66.748
31.727 33.782 66.326
32.248 33.752 70.090
31.076 30.131 70.615
32.861 28.721 67.590
36.095 30.515 68.428
36.076 29.099 71.999
35.168 25.485 70.877
38.012 25.749 68.370
40.809 27.512 70.288
39.959 27.202 74.069
38.629 23.810 75.095
39.034 24.661 78.824
36.567 27.578 78.517
32.955 26.233 78.209
29.788 28.157 76.998
27.030 27.016 79.460
24.136 29.228 78.359
23.032 31.517 75.598
20.035 33.544 76.753
17.736 36.269 75.485
18.285 39.690 77.076
15.383 41.189 75.038
17.306 44.448 74.329
16.128 45.520 77.785
18.369 46.243 80.872
15.911 45.211 83.550
15.257 42.021 81.688
18.992 41.265 81.228
19.603 41.862 84.913
16.977 39.287 85.937
18.445 36.901 83.295
22.057 37.527 84.517
20.973 37.088 88.103
19.252 33.765 87.327
22.375 32.633 85.498
24.550 33.395 88.554
22.212 31.235 90.681
21.987 28.360 88.250
25.724 28.229 87.511
27.851 28.410 90.657
31.160 28.515 88.775
30.162 30.997 86.079
33.309 33.113 85.403
32.409 35.384 82.464
29.485 36.920 80.580
29.418 38.217 76.994
26.522 40.569 76.149
26.205 41.028 72.366
23.789 43.951 72.900
24.366 47.214 74.914
21.282 47.147 77.071
22.061 43.491 77.906
25.501 44.463 79.201
24.218 47.284 81.340
21.721 44.889 82.981
24.512 42.263 83.407
26.705 44.936 85.026
23.832 45.952 87.392
23.336 42.305 88.347
27.036 41.734 89.131
27.400 44.991 91.065
24.115 44.385 92.928
25.453 41.034 93.939
28.789 42.652 95.124
30.733 40.741 92.515
32.594 43.482 90.560
35.161 42.224 89.013
35.029 38.690 90.116
32.782 38.035 87.069
34.320 39.053 83.735
31.879 40.973 81.537
32.171 41.938 77.885
29.622 44.130 76.321
29.016 46.004 73.025
29.177 49.597 71.797
30.020 52.814 73.583
26.896 54.204 75.154
27.569 56.414 78.179
26.178 53.820 80.623
28.403 51.109 79.183
31.463 53.398 79.422
30.565 54.393 83.063
30.331 50.702 84.012
33.795 50.111 82.365
35.356 53.201 83.970
33.989 51.923 87.334
35.631 48.500 87.042
32.367 46.655 86.637
32.313 45.815 82.899
35.681 44.484 81.834
35.537 45.469 78.064
33.229 46.734 75.388
33.535 46.242 71.626
33.506 49.630 69.790
32.394 49.440 66.088
34.000 51.730 63.495
31.106 54.141 63.281
33.200 57.037 62.158
34.514 54.834 59.356
31.006 53.794 58.326
30.026 57.449 57.897
33.210 58.695 56.310
33.497 55.856 53.787
29.732 55.608 53.000
29.697 59.274 52.100
32.858 58.869 50.067
31.504 55.872 48.228
28.197 57.723 47.502
30.149 60.747 46.145
32.274 58.603 43.869
29.192 56.836 42.544
27.268 60.038 42.066
30.114 61.628 39.988
30.675 58.385 38.119
34.297 58.142 39.351
34.347 54.362 39.338
34.799 51.838 36.528
31.947 49.505 37.331
31.977 45.748 36.887
29.249 44.652 34.428
26.754 41.977 35.611
25.119 39.176 33.550
22.059 41.433 33.450
24.350 44.135 32.026
23.717 46.206 35.192
26.715 47.887 36.896
28.490 47.056 40.243
30.336 50.280 40.688
31.670 49.718 44.286
33.442 47.118 46.431
30.947 44.779 47.999
31.840 45.192 51.638
33.977 47.431 53.811
34.874 45.854 57.253
34.963 49.088 59.356
36.712 47.388 62.317
36.187 46.661 65.971
38.107 48.174 68.860
38.447 46.644 72.348
37.668 49.292 74.961
38.855 48.732 78.583
39.924 51.193 81.304
43.107 51.442 79.373
41.351 53.335 76.616
37.918 54.188 77.911
38.638 57.949 78.006
38.871 58.517 74.209
35.302 57.086 73.704
33.112 59.542 75.603
