29.399 -20.836 -3.617
26.927 -18.752 -5.605
23.297 -17.631 -5.902
21.795 -14.735 -7.866
19.790 -11.939 -6.145
16.018 -12.024 -6.240
14.998 -8.450 -7.221
11.546 -6.999 -6.435
10.505 -3.428 -7.299
7.356 -1.794 -5.953
5.865 1.370 -4.537
4.814 2.081 -0.951
1.356 3.397 -1.997
-0.734 2.785 -5.138
1.260 4.233 -8.012
-1.048 6.829 -9.522
0.500 9.553 -11.737
1.442 12.928 -10.242
1.165 11.568 -6.670
4.149 11.733 -4.306
5.230 8.180 -3.427
8.187 5.948 -2.494
9.978 3.667 -4.907
11.294 0.563 -3.119
13.683 -2.160 -4.238
13.933 -5.304 -2.151
16.921 -7.526 -2.927
17.358 -10.960 -1.336
18.775 -14.499 -1.598
22.150 -13.475 -3.031
25.473 -15.340 -2.434
28.027 -13.916 -1.880
26.823 -11.019 0.355
28.546 -8.524 -1.906
26.166 -6.371 -3.934
25.272 -2.885 -5.023
21.839 -1.411 -5.744
20.802 1.691 -7.649
17.371 3.157 -8.351
17.031 4.623 -11.838
14.795 7.170 -13.516
14.918 6.725 -17.278
18.149 4.798 -16.789
19.755 7.533 -14.703
20.711 7.070 -11.060
18.280 8.713 -8.655
20.087 10.754 -5.955
19.595 10.620 -2.178
18.251 7.030 -2.218
18.601 5.295 1.133
19.714 1.711 1.669
19.029 -0.411 4.778
21.944 -2.133 6.583
22.707 -5.626 5.245
20.361 -8.055 6.981
21.275 -11.712 7.605
18.714 -14.334 8.615
18.531 -18.033 9.583
22.201 -18.660 8.787
21.796 -18.328 5.028
19.701 -15.406 3.782
20.885 -11.844 3.115
18.541 -8.987 2.208
18.723 -5.243 1.521
16.206 -2.490 0.810
16.863 0.679 -1.190
14.185 3.410 -1.387
13.724 7.023 -2.581
10.838 9.461 -2.956
9.432 9.685 -6.462
6.501 11.128 -8.406
5.622 8.730 -11.213
4.405 10.113 -14.548
3.244 8.140 -17.583
6.323 8.470 -19.782
8.966 7.769 -17.150
10.552 4.417 -16.575
11.609 3.604 -13.024
13.864 0.609 -12.362
16.135 -1.157 -9.943
19.707 -1.897 -11.078
21.536 -4.547 -9.076
25.145 -5.580 -9.671
26.244 -8.884 -8.159
29.392 -10.793 -9.124
30.196 -8.038 -11.651
26.939 -8.636 -13.588
24.222 -5.944 -13.588
20.558 -6.883 -13.723
17.890 -4.217 -14.325
14.272 -4.770 -13.201
11.659 -2.264 -14.414
8.959 -1.028 -11.966
5.757 -2.651 -13.272
3.271 0.135 -12.565
-0.009 -1.192 -14.119
-0.205 1.847 -14.460
