-15.651 70.445 37.077
-19.087 68.952 37.926
-20.787 72.074 39.383
-21.560 73.689 35.988
-24.892 72.588 34.351
-31.158 73.536 40.609
-33.008 70.296 39.640
-30.164 68.028 40.849
-29.769 68.682 44.607
-33.497 68.288 45.474
-32.907 64.708 44.236
-29.165 64.436 45.130
-29.352 65.291 48.844
-32.024 62.607 49.468
-29.763 59.530 49.316
-26.375 61.299 49.636
-23.160 60.686 51.669
-20.432 63.110 52.891
-20.186 64.788 49.442
-23.260 66.869 50.457
-21.108 70.020 50.983
-20.858 70.234 47.184
-24.657 69.981 46.740
-25.101 72.834 49.225
-22.384 74.823 47.420
-24.241 74.132 44.134
-27.605 75.327 45.533
-26.088 78.458 47.129
-24.542 79.124 43.711
-27.814 78.918 41.741
-29.648 81.037 44.357
-27.002 83.793 44.604
-26.643 83.994 40.772
-30.178 83.969 39.284
-33.158 85.183 41.361
-41.399 82.072 40.220
-42.719 78.482 40.605
-39.116 77.169 40.579
-37.507 79.027 43.502
-40.847 78.999 45.349
-40.281 75.238 45.346
-36.727 75.867 46.529
-37.753 78.016 49.575
-40.268 75.384 50.758
-37.738 72.561 50.240
-34.856 74.345 52.016
-36.913 75.205 55.138
-38.177 71.589 55.244
-34.639 70.206 55.520
-33.741 72.238 58.634
-37.139 71.764 60.337
-36.489 68.027 59.972
-32.777 68.171 60.932
-33.186 70.310 64.092
-36.096 68.389 65.709
-25.314 66.797 67.443
-22.625 65.791 64.898
-25.253 67.203 62.539
-24.152 70.691 63.810
-21.870 71.583 60.864
-24.545 70.873 58.198
-27.124 72.935 60.141
-25.064 76.155 59.893
-24.293 75.274 56.274
-28.054 75.026 55.533
-28.939 78.117 57.593
-26.361 80.041 55.560
-28.225 79.563 52.286
-31.647 80.372 53.760
-30.202 83.765 54.684
-28.611 83.999 51.225
-32.062 83.797 49.627
-33.735 86.026 52.270
-31.325 88.815 51.288
-33.070 88.884 47.911
-36.652 87.828 48.682
-37.568 89.336 52.087
-39.842 91.114 52.994
-41.608 92.515 49.890
-41.976 89.024 48.329
-41.798 86.965 51.548
-44.194 88.810 53.885
-45.209 85.852 56.071
-41.678 84.885 57.083
-41.621 86.975 60.261
-45.160 85.992 61.359
-44.361 82.359 60.472
-40.953 81.919 62.130
-42.405 82.991 65.480
-45.158 80.356 65.250
-42.735 77.489 64.581
-40.346 78.343 67.420
-43.107 79.363 69.846
-44.081 75.667 70.036
-40.803 73.728 69.673
-37.753 74.604 71.794
-35.458 72.660 69.430
-36.819 74.740 66.553
-36.587 77.919 68.631
-32.847 77.389 69.023
-32.214 77.482 65.313
-34.528 80.417 64.556
-32.597 82.515 67.010
-29.422 81.318 65.255
-31.057 82.224 61.914
-32.335 85.657 62.964
-28.843 86.438 64.341
-27.391 85.427 60.989
-29.970 87.522 59.109
-29.290 90.697 61.112
-25.683 90.299 59.940
-27.137 91.073 56.446
-29.062 94.022 58.007
-25.727 95.245 59.609
-27.414 104.549 54.858
-28.618 106.567 57.892
-31.962 107.619 56.342
-31.925 104.297 54.448
-31.840 102.422 57.777
-34.199 104.942 59.420
-36.755 104.044 56.725
-36.238 100.272 57.267
-36.825 100.751 61.008
-40.013 102.665 60.127
-41.383 100.344 57.414
-40.422 96.920 58.758
-41.593 98.100 62.149
-44.088 95.240 62.348
-41.395 92.635 61.643
-39.169 93.775 64.511
-42.082 94.102 66.966
-42.650 90.341 66.649
-38.969 89.376 66.943
-38.804 91.212 70.286
-41.966 89.495 71.499
-40.694 86.087 70.554
-37.651 86.914 72.688
-39.687 88.274 75.561
-41.777 85.135 75.684
-38.643 82.945 75.601
-36.873 84.990 78.300
-40.112 84.857 80.298
-40.638 81.110 80.374
-37.838 78.947 79.008
-35.396 77.246 81.277
-33.348 75.861 78.420
-30.062 77.697 79.076
-28.520 77.139 75.592
-31.740 78.476 74.049
-31.942 81.500 76.366
-28.348 82.395 75.425
-29.080 82.292 71.701
-32.192 84.383 72.349
-30.194 87.084 74.095
-27.682 87.046 71.219
-30.597 87.895 68.956
-32.117 90.590 71.138
-28.755 92.419 71.240
-28.381 92.085 67.497
-31.877 93.645 67.032
-32.189 96.233 69.833
-31.508 99.183 67.536
-34.336 98.184 65.189
-37.125 97.230 67.581
-39.447 100.210 68.365
-38.459 102.291 71.406
-41.475 101.557 73.627
-40.725 97.858 73.645
-37.363 98.671 75.278
-38.391 101.406 77.778
-42.148 100.971 78.436
-41.681 97.272 79.173
-39.871 95.442 81.953
-36.993 94.504 79.649
-34.390 96.607 81.475
-35.266 95.139 84.911
-35.615 91.559 83.613
-32.207 91.746 81.968
-30.555 93.181 85.110
-32.184 90.812 87.650
-32.778 87.533 85.847
-29.739 87.537 83.578
-26.850 89.956 84.293
-26.775 88.292 87.689
-25.875 84.941 86.130
-22.374 83.793 84.999
-22.963 82.202 81.531
-25.524 84.929 80.577
-23.792 87.958 82.129
-21.735 89.112 79.149
-24.610 89.207 76.645
-26.814 90.751 79.323
-24.401 93.641 79.696
-23.901 94.121 75.943
-27.694 94.516 75.697
-27.865 96.972 78.543
-25.057 99.010 77.000
-26.804 98.831 73.653
-29.857 100.298 75.400
-27.637 102.850 77.213
-26.484 104.151 73.809
-30.053 105.149 72.863
-30.156 108.969 72.620
-33.653 110.456 73.063
-35.460 113.218 74.999
-37.975 111.028 76.876
-37.432 107.898 79.037
-35.398 110.052 81.421
-36.511 108.017 84.491
-35.902 104.738 82.678
-32.298 105.674 81.899
-31.690 106.764 85.508
-33.058 103.387 86.582
-30.897 101.613 84.021
-27.942 103.329 85.657
-28.649 102.587 89.304
-29.789 98.948 88.919
-26.898 97.907 86.683
-24.477 99.653 89.068
-26.161 97.750 91.898
-25.622 94.383 90.226
-22.113 95.263 89.088
-20.994 96.207 92.604
-21.967 92.646 93.383
-19.967 90.786 90.775
-16.834 92.895 90.580
-17.039 94.777 93.883
-15.423 98.206 93.963
-12.484 96.898 96.034
-11.396 94.398 93.380
-8.022 94.740 91.739
-9.447 94.857 88.183
-5.930 95.449 86.794
-4.855 92.034 88.122
-8.245 90.352 87.690
-7.972 91.118 83.999
-4.447 89.800 83.400
-5.031 86.581 85.362
-8.699 85.689 84.879
-10.184 83.927 81.855
-11.793 85.327 78.648
-15.058 85.141 80.524
-13.883 87.655 83.188
-11.770 89.642 80.773
-14.713 90.352 78.480
-16.883 91.229 81.457
-14.409 93.969 82.413
-14.286 95.171 78.854
-18.111 95.121 78.817
-18.278 96.982 82.147
-16.229 99.868 80.843
-18.149 99.786 77.555
-21.316 100.132 79.619
-20.203 102.988 81.872
-18.565 104.821 78.994
-21.559 104.508 76.664
-23.963 105.344 79.421
-22.105 108.324 80.882
-21.156 109.890 77.570
-24.782 110.049 76.476
-26.524 110.424 79.839
-24.128 111.787 82.483
-26.025 115.057 82.975
-29.075 113.104 84.251
-27.040 111.508 86.991
-25.101 114.678 87.847
-28.348 116.538 88.688
-29.858 113.806 90.864
-28.134 114.806 94.136
-28.988 111.411 95.688
-26.879 109.719 93.060
-23.375 111.063 93.824
-22.288 108.029 95.745
-23.308 105.958 92.787
-21.925 108.425 90.235
-18.574 108.338 92.134
-18.845 104.585 92.153
-18.989 104.574 88.358
-15.898 106.790 88.155
-14.214 104.532 90.733
-14.742 101.695 88.214
-13.461 103.800 85.350
-10.288 104.494 87.361
-9.949 100.824 88.340
-10.268 99.733 84.730
-8.015 102.534 83.507
-5.355 100.574 85.450
-5.780 97.571 83.113
-2.634 96.793 81.144
-4.106 95.963 77.712
-4.443 98.725 75.052
-7.889 97.889 73.692
-9.257 98.275 77.242
-7.397 101.529 77.808
-8.779 102.945 74.569
-12.348 102.774 75.824
-11.396 104.249 79.211
-9.552 107.000 77.416
-12.516 107.798 75.217
-14.443 108.299 78.415
-11.802 110.549 80.023
-11.520 112.656 76.867
-15.324 113.172 76.930
-15.282 114.217 80.556
-12.339 116.551 80.007
-13.802 118.191 76.935
-17.180 118.743 78.588
-15.609 120.399 81.625
-13.266 122.441 79.416
-16.229 123.638 77.354
-18.107 124.521 80.529
-15.143 126.222 82.154
-12.295 126.744 80.601
-10.257 128.665 83.237
-8.568 127.693 86.527
-15.781 127.154 90.569
-18.291 126.204 87.797
-21.020 123.670 88.827
-20.185 120.513 86.784
-16.488 120.805 87.626
-17.348 120.971 91.346
-18.938 117.538 90.954
-15.762 115.956 89.658
-12.954 117.633 91.688
-12.810 114.647 94.022
-11.420 112.572 91.163
-10.071 114.908 88.437
-6.460 114.784 89.700
-6.602 111.027 89.338
-7.300 111.495 85.628
-4.363 113.929 85.423
-2.310 111.258 87.143
-3.381 108.560 84.744
-2.497 110.565 81.619
0.869 111.567 83.035
1.755 108.068 84.116
0.589 106.267 80.961
1.388 108.803 78.237
1.903 106.984 74.904
5.096 107.299 72.841
4.710 110.687 71.012
4.618 110.961 67.197
8.484 111.131 67.311
0.868 103.282 63.597
-2.178 105.490 62.735
-3.591 103.964 65.929
-0.507 104.889 68.005
-0.378 108.456 66.721
-4.073 108.676 67.647
-3.448 107.107 71.039
-0.859 109.794 71.783
-2.953 112.623 70.268
-5.967 111.661 72.430
-3.944 111.441 75.584
-2.334 114.779 74.794
-5.748 116.278 74.241
-7.246 115.003 77.465
-4.177 116.149 79.400
-4.208 119.572 77.789
-7.850 120.014 78.771
-7.157 118.884 82.315
-4.146 121.223 82.419
-6.314 124.211 81.547
-8.830 123.290 84.215
-6.038 123.395 86.854
-2.480 124.089 85.778
-1.190 124.124 89.377
-2.491 120.635 90.029
-0.972 119.333 86.810
2.429 120.919 87.468
2.362 119.399 90.920
1.566 115.895 89.699
4.492 116.325 87.294
7.008 117.709 89.808
6.160 114.777 92.009
6.494 112.172 89.299
9.910 113.710 88.825
10.836 113.498 92.522
10.077 109.811 92.243
12.696 109.369 89.529
15.211 111.095 91.826
13.945 108.981 94.850
14.421 105.837 92.935
10.913 104.872 94.051
9.613 104.827 90.486
12.940 104.980 88.653
13.041 103.175 85.280
13.926 104.021 81.676
10.339 103.369 80.745
9.017 105.523 83.583
11.343 108.438 82.966
10.561 108.412 79.263
6.790 108.392 79.879
7.019 111.252 82.330
9.074 113.265 79.882
6.659 112.544 77.068
3.803 113.820 79.250
5.850 116.917 80.172
6.508 117.502 76.503
2.856 116.909 75.609
1.355 119.900 77.440
3.768 122.364 75.785
1.390 125.207 74.943
-1.085 124.957 77.824
0.494 127.154 80.494
1.236 130.882 80.339
4.794 131.998 79.439
5.532 132.976 82.998
4.107 129.817 84.550
5.869 127.739 81.869
9.184 129.386 82.626
8.970 128.667 86.342
7.970 125.083 85.649
10.685 124.277 83.082
13.368 125.777 85.299
12.531 123.237 87.996
12.043 120.401 85.478
15.457 121.027 83.726
17.456 121.588 87.010
16.003 118.450 88.524
16.730 116.261 85.501
20.191 117.812 85.245
20.569 116.782 88.845
19.238 113.334 88.087
21.839 112.874 85.331
24.757 113.835 87.571
23.419 111.356 90.107
22.766 108.217 88.098
25.688 105.867 87.454
25.417 104.299 83.943
26.681 105.731 80.692
23.421 104.011 79.778
21.513 105.817 82.474
22.979 109.154 81.599
22.186 108.756 77.890
18.497 107.995 78.668
18.308 111.074 80.881
20.182 113.371 78.487
17.845 112.481 75.640
14.840 113.168 77.794
16.223 116.573 78.779
16.848 117.362 75.115
13.441 116.043 74.186
11.697 118.337 76.700
13.811 121.329 75.683
12.911 120.764 72.024
9.203 120.808 72.863
9.425 124.350 74.282
10.821 126.820 71.686
8.798 129.554 73.361
11.141 129.094 76.363
14.294 129.033 74.191
13.294 132.140 72.184
12.733 133.919 75.495
16.262 133.262 76.794
19.288 133.566 74.523
22.093 132.512 76.883
20.147 129.328 77.590
19.349 128.569 73.933
23.018 129.060 73.166
24.027 126.901 76.126
21.745 124.198 74.795
22.973 124.388 71.193
26.584 124.181 72.431
25.777 121.067 74.511
24.214 119.564 71.405
27.496 120.101 69.516
29.342 118.515 72.403
27.047 115.480 72.188
27.642 115.216 68.472
30.903 113.647 69.650
29.334 111.132 72.074
29.872 107.572 71.004
27.199 106.128 73.237
24.406 104.318 71.577
22.063 106.955 70.221
23.097 110.246 71.674
24.490 111.541 68.368
21.120 110.880 66.819
19.192 112.624 69.605
21.645 115.473 69.396
21.045 116.046 65.651
17.290 115.459 65.941
17.132 118.024 68.726
19.377 120.412 66.823
17.152 120.420 63.753
13.975 121.055 65.865
15.575 123.944 67.674
16.988 125.423 64.422
13.653 125.130 62.676
11.651 126.712 65.533
14.263 129.384 66.424
15.800 130.392 63.050
15.942 134.145 63.540
17.778 133.812 66.809
20.843 132.396 65.087
20.916 134.392 61.983
22.789 137.558 61.504
20.850 139.202 64.343
23.094 139.714 67.334
21.415 139.021 70.691
22.935 140.360 74.065
26.472 140.125 72.386
28.882 140.864 69.467
28.151 138.531 66.505
25.313 136.414 65.181
25.802 132.841 66.364
25.494 131.501 62.808
28.957 132.956 62.286
30.448 130.839 65.007
28.730 127.719 63.654
29.844 128.198 60.050
33.372 128.782 61.318
33.632 125.463 63.179
31.565 123.197 61.105
34.218 120.492 60.614
35.081 120.527 64.293
31.376 119.972 64.978
30.439 117.337 62.461
33.726 115.440 62.092
32.513 112.400 64.117
28.998 112.165 62.639
28.013 109.802 59.891
26.449 110.812 56.559
22.765 110.665 57.671
23.706 112.929 60.642
25.758 115.361 58.599
22.734 115.862 56.325
20.493 116.714 59.261
23.111 119.098 60.512
23.236 120.775 57.122
19.467 120.963 56.881
19.293 122.497 60.349
21.807 125.198 59.484
19.835 125.904 56.260
16.790 127.047 58.212
19.023 129.423 60.136
20.454 130.894 56.927
16.969 131.017 55.393
16.080 133.518 58.101
18.686 136.058 57.003
16.537 138.787 55.433
19.421 140.813 54.014
20.260 139.243 50.646
23.977 140.111 50.558
24.623 139.041 54.142
22.783 135.897 53.157
24.943 135.275 50.077
28.014 135.328 52.268
26.415 132.884 54.722
25.523 130.460 51.948
29.067 130.566 50.607
30.708 129.841 53.947
27.985 127.209 54.574
28.556 125.410 51.331
32.361 125.605 51.393
33.338 122.044 52.490
31.358 120.058 49.925
32.466 122.624 47.324
36.121 121.786 48.079
35.687 118.136 47.287
33.421 118.996 44.377
35.999 121.376 42.901
38.740 118.841 43.387
36.694 116.171 41.565
35.822 118.565 38.722
39.447 119.575 38.266
40.430 115.927 38.066
37.655 115.346 35.497
38.864 118.288 33.382
42.424 116.887 33.253
41.150 113.323 32.797
37.555 112.374 32.058
38.218 108.794 33.182
38.245 109.947 36.804
34.453 109.786 36.512
34.588 106.012 36.056
36.342 105.706 39.421
34.141 103.855 41.928
35.009 106.148 44.890
34.825 109.443 42.996
31.310 108.498 41.892
30.350 107.633 45.448
31.646 111.054 46.505
29.689 113.017 43.869
26.581 111.193 45.128
27.037 112.502 48.644
28.094 115.976 47.637
24.832 116.138 45.681
22.822 114.746 48.642
24.247 117.445 50.876
23.292 120.016 48.234
19.790 118.567 48.055
19.388 118.820 51.797
20.707 122.394 52.114
18.600 123.527 49.151
15.476 122.058 50.703
16.113 124.141 53.800
17.233 127.360 52.130
14.835 127.520 49.197
15.194 130.183 46.550
18.409 131.897 47.630
20.232 128.553 47.351
20.525 129.710 43.771
23.919 131.332 44.456
25.039 127.790 45.181
23.128 125.841 42.519
24.317 128.419 40.000
27.929 127.978 41.134
27.896 124.269 40.265
25.145 123.989 37.643
26.959 123.550 34.300
29.680 121.286 35.757
27.026 119.263 37.525
25.062 118.906 34.308
28.236 118.065 32.434
28.962 115.310 34.950
25.406 114.184 34.255
26.136 113.821 30.550
29.439 111.997 31.102
27.998 109.489 33.515
25.098 109.081 31.123
27.504 108.242 28.289
29.216 105.825 30.658
25.995 104.135 31.789
24.673 103.571 28.282
27.992 102.452 26.683
28.310 99.970 29.566
24.850 98.589 28.681
25.709 98.694 24.920
28.530 96.198 25.611
26.861 93.836 28.158
23.187 94.842 28.278
20.450 95.281 30.915
22.325 93.116 33.494
24.876 95.965 33.932
22.115 97.802 35.857
22.574 95.024 38.384
26.312 96.024 38.917
27.231 98.288 41.844
29.265 100.906 39.895
26.280 101.529 37.616
23.884 101.996 40.561
26.444 104.489 41.836
26.471 106.665 38.694
22.651 106.497 38.577
22.519 108.001 42.067
24.445 111.000 40.764
21.900 111.483 37.974
19.071 111.065 40.440
20.419 113.485 43.074
21.168 115.918 40.204
17.501 115.879 39.183
16.312 115.949 42.791
18.507 118.963 43.550
17.251 120.869 40.486
13.621 119.840 41.321
14.141 120.845 44.911
15.339 124.294 43.914
12.888 125.013 41.062
9.815 124.188 43.223
11.149 126.516 45.899
12.132 129.122 43.287
10.875 132.688 43.131
11.846 134.099 39.732
10.320 132.312 36.787
12.170 134.475 34.165
15.452 133.402 35.733
14.477 129.744 35.821
13.071 129.981 32.264
15.894 131.873 30.567
18.741 130.342 32.532
18.281 126.894 34.038
15.682 125.436 31.787
17.701 125.276 28.501
20.926 123.640 29.853
18.848 121.142 31.847
16.763 120.240 28.823
19.826 119.732 26.741
21.491 117.561 29.347
18.520 115.301 30.121
15.895 114.897 27.378
17.575 113.208 24.366
19.520 111.095 26.904
16.236 109.802 28.425
15.008 109.027 24.928
18.024 107.049 23.593
18.391 105.065 26.829
16.785 101.623 27.121
13.753 101.306 29.461
15.996 100.014 32.271
18.395 103.010 32.107
15.756 105.764 32.247
15.546 107.966 35.308
11.935 108.484 36.457
12.983 111.802 38.004
13.463 113.192 34.495
9.631 113.060 34.402
8.997 114.511 37.878
11.515 117.273 37.214
9.723 118.206 33.994
6.496 118.077 36.052
7.807 120.485 38.709
9.270 123.115 36.403
5.981 123.014 34.436
3.878 123.436 37.578
6.052 126.331 38.548
6.520 128.278 35.300
3.419 127.560 33.140
3.371 130.180 30.375
7.095 130.754 30.838
7.818 127.301 29.431
4.836 126.460 27.252
7.190 127.019 24.289
9.472 124.137 25.441
6.744 121.508 25.817
7.114 120.188 22.234
10.823 119.541 22.841
10.003 117.826 26.167
7.279 115.592 24.645
9.407 114.765 21.607
12.062 113.131 23.754
9.910 112.027 26.628
6.214 111.422 25.773
5.971 108.368 23.483
8.756 106.111 24.855
7.539 106.669 28.421
4.013 105.606 27.431
5.127 102.328 25.779
7.035 101.602 29.010
3.720 101.653 30.935
1.018 100.978 28.313
1.382 97.158 28.227
0.231 97.493 31.821
1.901 94.466 33.442
2.610 96.988 36.215
6.306 97.595 35.422
7.453 101.092 36.309
5.180 102.402 39.088
7.473 105.404 39.544
7.433 106.227 35.799
3.624 106.210 35.526
2.978 108.131 38.754
5.366 110.600 37.119
4.169 110.525 33.477
0.714 111.404 34.737
1.954 114.123 37.088
3.683 115.645 34.045
0.588 115.226 31.872
-1.628 116.821 34.490
0.851 119.723 34.702
1.052 120.370 30.938
-2.723 120.132 30.961
-3.229 122.542 33.899
-0.600 125.202 33.152
0.479 124.772 29.548
-2.640 123.952 27.560
-1.792 125.943 24.393
1.016 123.430 23.887
-1.407 120.626 22.916
-2.194 122.622 19.752
1.526 123.099 19.007
2.122 119.338 19.128
1.276 117.331 15.980
-2.196 115.663 16.038
-0.640 112.154 16.091
0.951 113.090 19.457
-2.261 114.653 20.790
-3.966 111.406 19.787
-1.402 109.726 22.070
-2.107 112.149 24.941
-5.718 110.983 24.730
-4.956 107.248 24.563
-2.761 107.839 27.596
-5.418 109.795 29.557
-7.853 107.089 28.522
-5.588 104.342 29.911
-5.295 106.271 33.202
-8.961 106.557 34.138
-9.329 102.983 32.869
-6.809 101.482 35.404
-7.726 99.449 38.562
-5.970 101.176 41.480
-8.114 104.224 42.440
-5.153 106.665 42.537
-4.275 106.216 38.822
-7.956 106.196 37.772
-8.677 109.362 39.795
-5.784 111.222 38.169
-6.863 110.192 34.644
-10.366 111.468 35.316
-9.016 114.746 36.671
-6.950 115.339 33.530
-9.887 114.505 31.237
-12.321 116.771 33.078
-9.796 119.617 32.863
-9.037 118.902 29.203
-12.743 119.227 28.526
-13.132 122.593 30.263
-9.911 123.717 28.595
-10.730 122.675 25.024
-13.903 124.764 25.242
-11.670 127.870 25.479
-10.505 127.559 21.844
-13.527 127.560 19.473
-11.534 126.920 16.234
-9.888 123.687 17.393
-12.706 123.019 19.863
-14.814 121.740 16.995
-12.037 119.552 15.474
-11.618 117.860 18.836
-15.353 117.415 19.476
-15.918 115.990 16.027
-12.886 113.639 16.328
-12.935 112.443 19.940
-16.207 113.415 21.594
-18.173 110.156 21.170
-15.246 107.841 21.707
-14.654 109.396 25.125
-18.162 108.594 26.470
-17.913 105.175 24.913
-14.856 104.759 27.140
-16.214 106.580 30.236
-19.553 104.763 30.175
-17.464 101.644 29.581
-15.951 102.370 33.025
-19.304 103.144 34.687
-21.160 100.227 33.024
-18.522 97.490 33.489
-17.718 95.165 36.382
-17.309 98.385 38.257
-14.277 99.925 39.798
-16.596 102.734 41.028
-13.772 104.681 42.703
-14.635 108.034 41.083
-18.420 107.863 40.675
-18.615 111.582 41.631
-16.084 112.267 38.875
-18.047 110.281 36.294
-21.058 112.361 37.313
-19.337 115.727 36.668
-17.732 114.550 33.437
-20.931 113.194 31.870
-22.966 116.178 33.069
-20.464 118.527 31.425
-20.495 116.516 28.175
-24.256 116.363 27.984
-24.517 120.151 28.401
-22.331 120.562 25.330
-24.916 118.903 23.029
-27.959 120.174 24.873
-26.673 123.763 24.785
-25.731 123.397 21.080
-22.003 124.017 21.588
-21.041 121.074 19.366
-21.948 123.196 16.391
-22.090 120.534 13.697
-23.642 117.060 13.845
-21.843 114.028 15.220
-23.503 111.699 12.678
-22.311 113.387 9.477
-24.368 111.150 7.143
-27.702 111.282 9.014
-27.537 114.862 10.395
-29.676 115.286 13.500
-29.846 117.451 16.600
-26.838 116.146 18.597
-28.935 115.902 21.816
-31.186 113.400 20.061
-28.244 111.511 18.528
-26.626 111.277 21.952
-29.865 110.388 23.730
-30.067 107.435 21.327
-26.321 106.590 21.142
-26.247 106.278 24.949
-29.481 104.241 25.115
-27.934 102.113 22.360
-24.701 101.610 24.321
-26.647 100.886 27.524
-29.068 98.314 26.013
-25.935 96.497 24.743
-24.144 96.344 28.106
-27.421 95.333 29.786
-29.383 93.091 27.331
-31.642 92.073 30.242
-32.911 95.643 30.643
-36.390 96.616 29.434
-36.282 99.098 26.537
-38.932 101.268 28.271
-36.741 102.057 31.318
-33.741 102.975 29.143
-35.633 105.689 27.214
-37.101 107.149 30.437
-33.747 107.149 32.280
-31.731 108.734 29.451
-34.531 111.356 29.350
-34.132 112.020 33.095
-30.367 112.563 32.779
-30.241 115.437 30.252
-33.030 117.207 32.181
-30.614 117.171 35.170
-27.440 118.361 33.429
-27.065 121.968 34.747
-27.222 120.492 38.285
-24.572 118.081 39.580
-25.611 116.660 42.999
-29.037 115.509 41.700
-27.456 114.286 38.441
-25.274 112.134 40.715
-28.126 110.644 42.801
-30.088 109.994 39.600
-27.223 107.965 38.072
-26.241 106.011 41.204
-29.949 105.156 41.598
-29.907 103.556 38.150
-27.035 101.476 39.449
-28.781 101.100 42.826
-31.860 99.326 41.366
-29.755 97.534 38.702
-27.162 96.177 41.151
-30.054 94.925 43.338
-30.906 92.724 40.375
-27.352 91.627 41.225
-26.129 91.769 44.859
-22.886 92.574 46.700
-22.501 96.091 45.224
-24.374 98.561 47.546
-21.431 99.804 49.721
-19.120 100.413 46.707
-21.207 103.231 45.143
-22.066 104.387 48.660
-18.284 104.546 49.477
-17.997 108.056 47.931
-20.495 109.752 50.259
-18.954 107.960 53.309
-15.533 109.607 53.091
-17.052 113.113 52.788
-18.485 112.550 56.318
-15.127 111.538 57.857
-13.562 114.783 56.550
-16.395 116.802 58.141
-15.794 114.911 61.396
-12.069 115.701 60.962
-12.750 119.353 60.053
-15.064 119.954 63.053
-12.593 118.128 65.371
-9.398 119.700 63.961
-10.876 123.236 64.016
-12.238 122.875 67.562
-8.623 122.214 68.636
-7.584 125.738 67.485
-9.265 127.405 70.504
-7.265 125.200 72.931
-3.773 126.620 73.648
-1.260 123.760 73.658
-3.331 121.104 71.920
-1.709 121.874 68.541
1.622 123.568 69.571
