13.051 5.974 6.046
12.896 7.038 9.721
14.224 3.993 11.533
13.683 5.183 15.112
10.719 7.341 16.059
8.275 7.483 18.980
4.943 7.743 17.162
3.162 6.964 20.436
4.607 10.046 22.193
3.088 12.654 19.821
-0.060 14.470 20.889
-1.943 12.886 17.930
-0.133 9.630 17.003
-2.699 8.596 14.407
-2.269 11.896 12.513
1.484 11.358 12.359
1.055 7.714 11.236
-1.405 8.771 8.522
0.999 11.466 7.354
3.738 8.836 7.041
1.475 6.635 4.928
0.560 9.550 2.667
4.280 10.071 2.064
5.004 6.332 1.866
7.600 7.035 4.569
8.727 3.886 6.394
9.018 4.294 10.143
10.281 2.118 12.967
7.720 2.963 15.610
9.534 2.206 18.882
8.031 1.667 22.342
9.244 2.616 25.814
7.631 -0.194 27.830
6.432 -3.574 26.574
3.057 -2.786 28.163
2.605 -0.201 25.380
2.669 -2.898 22.672
-1.046 -3.339 21.972
-1.817 0.370 21.910
1.170 1.351 19.815
0.852 -1.635 17.448
-2.717 -0.426 16.753
-1.284 2.642 14.978
0.000 0.286 12.320
-3.336 -1.420 11.457
-3.814 -0.853 7.744
-0.551 1.102 7.570
2.199 -1.038 5.938
4.850 1.691 6.376
4.493 1.631 10.159
6.762 -1.109 11.595
6.317 -1.423 15.350
9.171 -2.403 17.736
8.804 -3.887 21.254
10.919 -1.967 23.767
11.809 -1.094 27.330
13.609 2.245 27.527
16.386 2.501 30.109
14.910 5.717 31.515
11.724 3.934 32.657
12.976 0.566 33.921
12.522 1.501 37.600
9.191 3.239 37.382
7.729 0.609 35.015
9.641 -2.395 36.476
6.489 -4.532 36.764
5.845 -4.354 33.034
8.834 -6.661 32.286
6.832 -9.889 31.803
4.941 -8.344 28.855
8.232 -8.297 26.932
8.464 -12.075 26.589
4.667 -12.246 26.097
4.748 -10.109 22.960
8.142 -10.966 21.474
6.638 -13.510 19.022
4.612 -10.706 17.396
7.495 -8.657 15.999
10.879 -8.847 14.336
11.900 -5.481 15.856
12.979 -4.716 19.433
13.399 -1.107 20.626
13.891 1.224 22.257
16.175 -0.833 24.554
19.647 -0.295 26.043
21.602 1.496 28.737
22.044 5.142 29.752
25.040 6.315 31.767
23.645 9.724 32.784
24.316 10.633 36.392
20.624 11.291 37.078
19.800 7.635 36.208
22.819 6.120 37.951
20.836 4.801 40.928
18.887 2.667 38.446
21.999 1.156 36.845
21.642 -2.382 38.302
18.018 -2.476 37.111
18.939 -1.108 33.663
21.575 -3.799 33.257
19.256 -6.554 34.490
16.506 -5.567 32.075
18.768 -5.167 29.045
20.495 -8.500 29.711
17.045 -10.134 30.078
15.954 -8.573 26.796
19.033 -9.782 24.904
18.634 -13.293 26.279
14.917 -13.447 25.324
15.805 -12.163 21.849
18.311 -15.027 21.539
15.706 -17.526 22.791
13.231 -16.395 20.097
15.801 -16.694 17.288
17.230 -13.170 17.225
15.733 -9.735 16.537
16.616 -6.432 14.886
17.431 -4.165 17.866
17.244 -0.347 18.028
19.515 0.445 20.941
20.067 3.425 23.295
23.674 3.817 24.439
24.044 7.410 25.660
27.000 7.644 28.054
27.129 3.828 28.236
28.576 2.873 24.876
31.313 0.574 26.205
28.839 -1.174 28.520
26.321 -1.658 25.707
29.079 -3.151 23.556
30.145 -5.503 26.387
26.526 -6.708 26.571
26.270 -7.216 22.815
29.616 -9.039 22.720
28.341 -11.342 25.490
25.073 -11.974 23.619
25.965 -12.243 19.885
22.922 -14.407 19.075
20.453 -11.713 20.247
20.314 -10.497 16.648
21.389 -7.436 14.653
22.164 -4.402 16.820
21.494 -0.922 15.548
23.040 1.805 17.617
20.559 4.650 17.500
21.953 8.217 17.728
25.454 7.030 18.592
27.345 9.768 20.502
30.320 7.904 21.979
33.987 8.040 21.035
35.516 7.061 17.710
37.463 4.366 19.556
34.190 2.848 20.735
32.644 3.269 17.264
35.485 1.254 15.713
34.728 -1.475 18.245
30.992 -1.365 17.525
31.692 -1.754 13.805
33.899 -4.770 14.613
31.040 -6.324 16.630
28.680 -6.080 13.623
26.678 -3.035 14.739
24.619 -0.924 12.391
23.840 2.770 12.983
20.823 4.984 12.652
21.807 8.605 12.374
19.703 11.696 12.902
19.585 15.447 12.288
22.007 16.442 15.073
24.689 13.978 13.927
24.850 15.242 10.316
25.024 18.919 11.439
27.905 18.679 13.991
31.687 18.236 13.651
31.893 15.243 16.006
28.797 13.649 14.406
30.111 14.071 10.862
33.402 12.561 12.002
31.599 9.564 13.476
29.595 9.114 10.241
32.806 9.142 8.151
34.065 6.065 10.082
30.847 4.087 9.496
30.585 1.626 6.609
27.968 3.125 4.281
26.239 -0.262 3.941
25.330 -0.152 7.678
23.927 3.404 7.853
20.205 4.063 8.380
18.439 7.383 8.900
16.224 8.360 11.907
14.682 11.366 13.669
13.970 10.180 17.221
10.930 12.487 17.194
9.459 13.948 19.313
12.497 13.763 21.671
14.789 15.415 19.159
14.022 19.080 18.716
14.855 20.946 15.518
14.737 24.725 15.850
12.973 24.409 19.247
10.152 22.221 17.933
9.662 18.446 18.165
10.922 16.574 15.091
8.486 14.800 12.776
9.406 11.698 10.747
9.593 13.568 7.472
12.356 15.795 8.918
14.485 12.769 7.966
14.753 14.489 4.540
17.304 16.758 6.290
19.351 13.771 7.422
19.462 12.497 3.822
20.551 15.965 2.688
23.164 15.959 5.489
24.515 12.576 4.382
24.595 13.775 0.738
27.054 16.475 1.874
29.168 14.231 4.102
29.353 11.367 1.584
29.530 13.798 -1.367
26.876 11.959 -3.405
23.419 13.134 -4.555
20.466 12.870 -2.138
18.743 10.321 -4.434
21.752 7.962 -4.166
21.711 8.373 -0.371
17.984 7.438 -0.416
18.771 4.375 -2.542
21.647 3.266 -0.294
19.503 3.583 2.860
16.690 1.545 1.193
19.210 -1.080 0.075
20.516 -1.135 3.634
17.030 -1.713 5.091
16.529 -4.596 2.629
19.836 -6.152 3.684
19.031 -5.593 7.362
15.747 -7.461 6.972
17.717 -10.279 5.327
19.829 -10.682 8.469
