9.344 47.952 14.308
12.515 50.036 14.207
15.759 48.451 13.054
18.830 49.567 15.007
21.601 49.135 12.464
24.362 50.058 14.906
24.235 47.994 18.049
26.973 46.657 20.319
24.562 44.381 22.183
26.397 41.254 20.982
26.672 39.679 24.431
23.606 41.231 26.061
21.235 38.496 24.927
22.901 36.331 27.572
24.061 39.013 30.033
21.029 41.341 30.201
18.246 39.501 28.283
15.523 42.124 28.864
16.879 44.448 26.157
14.472 47.050 27.572
16.694 49.865 26.294
15.724 48.694 22.796
12.057 47.800 23.160
11.206 50.960 25.107
12.235 53.074 22.115
10.455 50.913 19.541
13.338 48.746 18.298
12.449 45.221 17.117
15.680 44.261 15.320
19.315 45.075 16.026
22.437 44.600 13.939
25.330 43.741 16.263
29.059 43.205 15.733
29.924 46.757 14.738
33.150 48.762 14.630
35.316 45.692 14.219
34.233 43.946 17.423
31.785 41.054 17.609
30.633 38.107 19.721
32.704 35.777 17.533
35.171 34.474 16.567
37.128 34.317 19.816
40.633 35.835 19.921
43.727 33.680 20.316
44.711 33.235 23.982
46.437 36.390 25.176
45.215 38.514 22.266
43.058 41.435 23.327
41.898 44.895 22.302
40.641 47.878 24.290
37.694 48.188 21.892
36.469 44.756 22.996
35.237 46.598 26.091
32.463 47.935 23.870
30.979 44.420 24.148
31.226 43.291 27.768
32.884 40.702 30.023
31.204 37.536 28.723
33.828 35.259 27.124
33.527 35.453 23.341
32.101 32.591 21.283
34.327 30.266 19.247
32.605 31.108 15.958
29.346 32.398 14.509
27.775 28.931 14.457
28.343 28.693 18.221
27.008 32.212 18.784
23.895 31.593 16.696
23.402 28.207 18.358
23.403 29.961 21.728
20.830 32.457 20.479
18.567 29.725 19.074
18.618 27.991 22.472
17.986 31.195 24.426
15.909 33.296 22.030
16.590 37.070 22.145
13.918 39.611 23.099
14.240 41.217 19.668
15.550 40.057 16.290
19.306 39.810 15.876
21.453 40.154 12.758
25.215 39.878 13.170
28.355 41.214 11.527
31.745 39.608 12.139
34.364 42.004 13.456
37.621 42.618 11.614
39.297 43.046 15.001
38.061 39.565 15.934
39.407 38.186 12.663
42.856 39.658 13.274
42.925 38.613 16.934
41.838 35.093 16.006
44.175 34.601 13.048
47.330 36.464 14.056
49.862 35.399 16.686
50.989 39.033 16.537
47.918 41.170 15.692
50.122 44.265 15.452
52.031 43.068 12.386
51.269 42.854 8.678
49.470 39.595 7.854
51.301 36.808 6.060
49.602 35.386 2.980
48.400 32.474 5.117
47.010 34.742 7.846
45.220 36.892 5.265
43.670 33.746 3.818
42.778 32.548 7.319
40.875 35.759 8.001
39.097 35.437 4.665
38.193 31.811 5.388
36.932 32.775 8.849
34.837 35.504 7.249
33.536 33.076 4.632
32.509 30.626 7.344
30.746 33.415 9.241
28.847 34.504 6.133
27.917 30.908 5.337
26.617 30.674 8.913
24.362 33.680 8.374
26.389 36.786 9.242
25.290 39.839 7.254
28.835 41.015 6.577
31.925 42.226 8.395
32.713 45.457 10.209
35.927 47.412 10.619
37.124 49.693 13.408
39.970 51.452 11.633
40.298 54.028 14.411
41.063 51.211 16.871
43.759 48.619 17.444
44.399 46.187 15.888
42.288 47.092 12.855
44.201 50.336 12.329
47.256 48.288 11.329
45.447 46.926 8.265
46.306 48.205 4.794
44.235 48.319 1.601
45.081 44.782 0.422
43.902 43.235 3.695
40.576 45.059 3.758
39.971 44.519 0.041
40.540 40.797 0.476
37.767 40.604 3.056
35.580 42.881 0.934
35.910 40.522 -2.043
34.666 37.651 0.111
31.694 39.718 1.285
30.942 41.154 -2.160
30.877 37.698 -3.761
28.082 36.732 -1.378
26.305 40.088 -1.568
27.202 40.853 2.043
28.245 44.118 3.701
31.304 45.977 4.881
30.232 48.386 7.626
32.919 50.709 8.918
33.892 52.856 11.855
36.371 54.722 9.658
40.046 55.439 10.355
39.571 58.968 11.663
36.512 61.125 12.224
38.269 64.431 12.861
41.088 66.049 10.861
41.342 63.027 8.580
37.627 62.363 8.117
37.587 63.086 4.377
40.524 60.751 3.757
38.878 58.136 5.991
35.641 58.125 3.999
37.592 58.015 0.726
39.512 55.001 2.047
36.414 52.865 2.574
34.748 54.103 -0.615
37.847 53.086 -2.578
37.444 49.578 -1.180
33.812 49.564 -2.257
34.499 50.901 -5.746
37.279 48.401 -6.337
35.468 45.322 -5.023
31.836 46.284 -5.541
31.162 45.448 -1.898
28.078 47.138 -0.431
29.332 49.633 2.160
27.955 51.369 5.249
29.699 54.309 6.920
28.956 53.893 10.631
27.916 56.782 12.880
29.056 59.362 10.354
30.223 62.569 11.987
32.811 65.351 11.976
34.574 65.832 15.317
36.164 69.066 16.584
35.277 72.638 15.453
37.940 72.847 12.746
36.223 69.924 11.019
32.610 71.023 11.340
30.986 71.164 7.923
33.267 68.667 6.212
30.335 66.288 5.765
29.464 68.336 2.704
32.612 66.867 1.164
32.228 63.336 2.554
28.580 63.090 1.523
29.521 64.396 -1.926
32.085 61.598 -2.170
29.487 59.089 -1.002
27.116 60.404 -3.668
29.755 60.022 -6.382
30.245 56.405 -5.321
26.558 55.473 -5.301
26.031 57.237 -8.634
28.654 54.836 -9.998
26.658 51.831 -8.815
28.325 51.095 -5.479
25.757 50.445 -2.762
26.654 52.911 -0.037
24.652 53.906 3.019
25.344 55.407 6.433
23.849 55.940 9.860
23.861 58.387 12.754
22.603 58.756 16.307
20.884 62.115 17.058
23.490 63.618 19.416
26.499 65.969 19.058
28.696 63.902 21.361
30.355 60.531 20.778
31.191 57.821 23.304
33.839 55.122 23.323
36.983 54.090 25.169
38.948 56.796 26.963
41.785 57.974 24.722
44.569 59.857 26.564
45.723 61.453 23.309
42.496 63.495 23.345
43.079 64.859 26.857
44.378 68.167 25.489
42.372 68.347 22.254
38.785 67.998 23.485
37.315 69.734 26.530
34.656 68.304 28.843
35.695 64.690 28.344
33.247 62.971 30.706
33.880 59.501 32.117
31.307 56.782 31.395
33.130 54.024 33.299
36.551 53.210 34.778
37.720 49.861 36.102
40.352 51.228 38.511
38.331 54.325 39.437
34.610 53.479 39.239
33.889 56.486 41.456
34.816 58.721 38.513
31.893 57.803 36.267
30.042 61.002 35.395
33.007 63.246 36.176
34.993 65.546 33.874
38.587 64.569 33.113
39.719 68.114 33.943
38.078 67.968 37.384
39.617 64.575 38.114
43.072 65.784 37.073
42.774 68.955 39.146
41.728 66.940 42.192
44.665 64.547 41.800
47.139 67.332 41.111
48.304 65.934 37.761
47.732 66.806 34.099
44.777 65.428 32.142
46.797 62.979 30.054
48.240 61.460 33.227
44.796 61.283 34.816
43.416 59.590 31.695
46.169 56.981 31.899
45.418 56.319 35.575
41.729 55.866 34.741
42.457 53.161 32.165
40.713 51.072 31.201
37.808 53.499 30.938
35.247 55.057 28.634
34.116 58.616 27.969
31.758 60.928 26.123
33.302 63.418 23.708
31.212 66.543 23.106
32.778 67.424 19.769
30.177 67.673 17.006
27.861 70.342 15.588
24.206 69.374 16.027
23.271 71.225 12.841
25.687 68.986 10.946
24.379 65.820 12.611
20.962 66.879 11.351
22.207 67.527 7.802
23.876 64.120 7.685
20.651 62.470 8.832
18.851 64.174 5.951
21.029 62.337 3.438
18.804 59.899 1.461
20.830 56.859 2.530
21.114 57.681 6.221
19.663 55.175 8.671
19.505 55.416 12.470
22.034 53.563 14.624
21.906 53.998 18.406
25.463 52.836 19.131
24.341 52.200 22.692
26.973 50.860 25.089
24.830 48.742 27.508
27.549 47.907 30.043
28.714 51.476 30.747
28.101 52.646 34.327
27.007 56.088 33.104
26.256 55.542 29.398
25.660 58.067 26.657
21.833 58.539 26.519
21.742 57.338 22.902
21.494 53.881 24.484
17.902 54.598 25.533
16.717 57.488 23.393
18.104 57.445 19.855
15.020 56.448 17.859
12.500 58.446 19.856
14.817 61.471 19.833
14.775 61.324 16.039
10.968 61.142 15.991
10.509 63.870 18.577
13.445 66.253 18.123
14.440 65.784 14.477
10.998 65.139 13.013
8.291 66.746 15.158
10.411 69.614 16.494
12.887 70.387 13.695
10.767 69.129 10.779
13.869 67.765 9.031
11.642 65.334 7.120
8.134 63.916 7.420
7.241 61.158 9.843
6.641 58.885 6.842
10.144 59.587 5.544
11.730 59.105 8.969
9.988 55.784 9.577
11.310 54.609 6.212
14.861 55.406 7.376
14.284 53.237 10.454
12.614 50.314 8.728
12.539 49.761 4.968
15.935 51.335 4.269
17.737 49.180 6.862
15.949 46.078 5.541
17.066 46.982 2.011
20.659 47.724 3.010
21.101 44.646 5.207
18.999 42.266 3.129
16.179 41.515 5.551
13.446 39.779 3.601
9.904 40.143 4.920
10.895 42.794 7.471
10.933 46.567 7.713
