-0.703 -21.990 -9.008
-3.512 -19.860 -7.468
-6.173 -20.928 -4.906
-9.582 -22.581 -5.414
-11.133 -19.594 -3.662
-9.562 -17.248 -6.208
-11.131 -19.440 -8.884
-14.502 -19.187 -7.093
-14.008 -15.392 -7.177
-13.311 -15.354 -10.918
-16.190 -17.595 -12.003
-18.803 -15.630 -10.022
-21.342 -14.298 -12.640
-21.709 -10.488 -12.833
-25.031 -9.085 -11.693
-27.584 -8.955 -14.505
-29.659 -5.913 -15.400
-33.415 -6.547 -15.591
-34.288 -3.755 -18.024
-37.426 -3.046 -16.017
-39.225 -0.024 -17.346
-40.345 2.044 -14.374
-42.183 4.492 -16.690
-45.165 2.110 -16.573
-46.355 1.739 -12.950
-45.788 -1.186 -10.509
-48.373 -3.999 -10.223
-48.123 -7.358 -8.429
-48.488 -9.308 -11.693
-45.970 -7.219 -13.551
-43.348 -7.375 -10.790
-43.536 -11.156 -10.382
-43.446 -11.713 -14.155
-40.361 -9.476 -14.307
-38.675 -11.292 -11.426
-39.208 -14.632 -13.101
-37.936 -13.446 -16.407
-34.844 -12.228 -14.585
-34.610 -15.486 -12.601
-34.618 -17.477 -15.815
-31.589 -15.553 -16.994
-29.880 -15.885 -13.603
-30.399 -19.676 -13.639
-28.787 -19.862 -17.067
-25.794 -18.101 -15.531
-25.885 -20.543 -12.629
-25.636 -23.573 -14.921
-22.512 -22.099 -16.533
-21.107 -21.321 -13.035
-21.695 -24.890 -11.737
-19.931 -26.343 -14.837
-16.826 -24.377 -13.865
-16.831 -25.665 -10.279
-13.875 -28.028 -9.878
-15.390 -31.438 -9.148
-18.898 -30.776 -10.421
-18.335 -32.311 -13.874
-17.039 -35.530 -12.308
-20.588 -36.072 -11.143
-22.878 -38.106 -13.341
-24.854 -35.898 -15.665
-28.190 -36.828 -14.076
-26.767 -35.807 -10.743
-25.579 -32.484 -12.118
-29.123 -31.983 -13.412
-30.807 -33.046 -10.169
-28.702 -30.798 -7.899
-29.366 -27.764 -10.080
-33.146 -28.405 -10.136
-33.286 -29.056 -6.394
-31.247 -26.046 -5.272
-31.865 -23.304 -7.866
-34.144 -21.263 -5.559
-31.766 -21.270 -2.582
-28.871 -20.440 -4.940
-30.816 -17.414 -6.203
-32.174 -16.268 -2.836
-28.693 -16.505 -1.297
-27.238 -14.214 -4.025
-30.218 -11.906 -3.623
-29.440 -11.866 0.123
-25.813 -11.009 -0.657
-26.475 -8.256 -3.208
-29.029 -6.700 -0.814
-26.504 -6.794 2.014
-23.789 -5.013 0.029
-26.179 -2.643 -1.770
-28.178 -1.313 1.219
-27.236 -3.272 4.335
-30.388 -5.408 3.979
-32.813 -2.464 4.026
-33.755 -3.058 0.370
-34.010 -5.972 -2.018
-31.446 -5.481 -4.846
-32.811 -7.855 -7.499
-30.845 -5.895 -10.087
-29.176 -2.481 -10.061
-32.204 -1.253 -12.047
-34.693 -3.208 -9.910
-34.366 -2.254 -6.290
-37.333 -2.793 -3.987
-37.348 -0.421 -1.014
-39.711 -0.534 1.969
-42.213 1.774 0.208
-42.170 -0.378 -2.902
-42.815 -3.706 -1.019
-46.117 -2.260 0.221
-48.012 -3.965 -2.641
-50.515 -6.386 -0.960
-49.367 -9.588 -2.715
-45.669 -8.694 -2.763
-45.342 -7.841 0.946
-45.034 -11.312 2.421
-42.617 -12.629 -0.186
-40.370 -9.598 0.319
-40.344 -10.147 4.101
-39.230 -13.703 3.425
-36.413 -12.626 1.064
-35.459 -9.868 3.491
-34.703 -12.274 6.325
-32.066 -14.030 4.213
-30.151 -10.781 3.825
-30.636 -9.946 7.483
-28.648 -13.102 8.298
-25.774 -11.761 6.176
-25.956 -8.494 8.185
-26.157 -10.252 11.540
-23.045 -12.326 10.747
-21.070 -9.854 8.585
-20.453 -12.610 6.124
-17.333 -12.019 4.036
-17.253 -12.402 0.264
-15.202 -15.656 0.346
-17.425 -17.131 3.076
-20.466 -16.351 0.887
-18.884 -18.010 -2.171
-18.071 -21.251 -0.344
-21.481 -21.381 1.296
-23.109 -20.915 -2.107
-21.454 -24.017 -3.551
-22.452 -25.908 -0.430
-26.082 -24.829 -1.175
-25.795 -26.352 -4.634
-24.882 -29.576 -2.769
-27.531 -29.373 -0.044
-30.698 -30.967 -1.443
-30.779 -34.526 -2.737
-33.239 -37.311 -3.589
-34.132 -39.728 -0.772
-32.982 -42.592 -3.076
-29.658 -40.860 -3.423
-27.355 -39.964 -6.236
-25.849 -42.020 -9.039
-22.327 -41.001 -8.162
-22.715 -40.728 -4.402
-19.001 -41.076 -3.675
-17.842 -38.285 -5.962
-20.575 -36.200 -4.374
-19.297 -36.956 -0.862
-15.776 -36.044 -1.911
-16.919 -32.769 -3.470
-18.861 -31.793 -0.290
-15.685 -32.438 1.756
-13.638 -30.267 -0.612
-15.931 -27.288 -0.213
-16.363 -27.745 3.559
-12.559 -27.376 3.923
-12.666 -24.479 1.502
-15.227 -22.841 3.795
-12.618 -23.335 6.563
-10.043 -21.363 4.549
-12.543 -18.562 3.965
-13.030 -18.376 7.739
-9.265 -18.122 8.271
-8.744 -15.363 5.667
-11.423 -13.365 7.461
-10.505 -13.664 11.162
-6.855 -14.816 11.244
-5.820 -17.884 13.288
-8.284 -17.395 16.118
-8.972 -20.530 18.156
-12.637 -19.423 18.140
-12.787 -20.050 14.340
-14.738 -23.120 15.493
-17.666 -20.900 16.611
-17.725 -19.239 13.201
-17.794 -22.543 11.345
-20.596 -23.553 13.592
-22.513 -20.292 12.901
-22.054 -20.619 9.155
-23.261 -24.240 8.917
-26.256 -23.253 11.006
-27.029 -20.530 8.481
-26.857 -23.136 5.696
-29.249 -25.428 7.577
-31.641 -22.529 8.117
-31.723 -21.870 4.341
-34.068 -24.862 3.830
-36.683 -23.313 6.038
-36.184 -19.771 4.653
-36.390 -21.030 1.062
-39.441 -23.303 1.658
-41.687 -20.256 1.933
-40.357 -18.903 -1.399
-40.793 -22.313 -3.030
-44.401 -22.408 -1.871
-45.139 -19.016 -3.479
-43.321 -20.072 -6.594
-45.207 -23.407 -6.929
-48.479 -21.647 -6.129
-48.057 -18.815 -8.688
-46.824 -21.308 -11.329
-49.784 -23.589 -10.986
-52.651 -21.214 -10.193
-52.393 -19.411 -13.516
-55.429 -17.231 -12.729
-52.912 -14.800 -11.261
-51.456 -14.408 -14.808
-47.845 -14.700 -13.615
-45.455 -15.387 -16.491
-42.560 -17.825 -16.273
-39.796 -18.192 -18.832
-39.158 -21.627 -20.360
-35.948 -22.102 -18.344
-37.869 -21.730 -15.027
-40.963 -23.613 -16.241
-38.828 -26.651 -17.182
-37.268 -26.850 -13.698
-40.413 -26.061 -11.686
-42.751 -28.445 -13.501
-40.071 -31.054 -13.011
-39.632 -30.289 -9.296
-43.274 -29.797 -8.318
-44.255 -33.484 -8.172
-41.023 -34.491 -6.395
-41.426 -31.942 -3.567
-45.149 -32.764 -3.310
-44.434 -36.515 -3.207
-42.236 -35.552 -0.210
-39.335 -37.233 -2.043
-36.606 -34.608 -1.423
-33.968 -34.819 1.321
-32.439 -31.619 2.767
-28.901 -32.192 4.045
-28.550 -30.657 7.533
-25.274 -30.152 9.387
-26.970 -30.208 12.811
-29.893 -32.404 13.942
