15.634 16.823 73.451
12.141 17.628 74.710
9.582 14.881 75.292
6.590 15.317 73.031
3.186 15.313 74.674
-0.290 15.103 73.221
-2.502 17.633 74.942
-5.685 16.910 72.928
-6.872 14.499 70.216
-10.198 14.839 68.463
-12.005 13.788 65.285
-15.144 14.363 63.260
-17.771 11.620 63.037
-17.132 9.292 60.162
-19.637 10.186 57.498
-20.897 7.692 54.935
-19.159 8.680 51.653
-22.022 7.300 49.484
-24.593 10.049 50.013
-24.130 10.590 53.749
-23.415 13.278 56.315
-20.660 15.266 54.670
-21.652 14.991 51.006
-22.062 18.803 50.987
-19.170 19.701 53.319
-15.713 20.319 51.851
-12.494 18.705 53.029
-11.009 22.064 53.999
-14.075 22.756 56.168
-13.926 19.420 58.013
-10.260 20.183 58.647
-10.740 23.840 59.678
-13.547 22.739 62.036
-11.088 20.526 63.937
-8.376 23.212 63.956
-10.822 25.723 65.431
-11.934 23.094 67.922
-8.433 22.395 69.184
-8.055 26.101 69.813
-11.419 26.507 71.524
-10.815 23.465 73.733
-7.388 24.668 74.854
-7.906 28.378 75.513
-4.498 29.061 77.098
-2.851 28.204 73.773
-2.545 31.387 71.724
-2.952 30.515 68.023
-0.022 32.746 66.914
2.335 30.552 68.955
1.747 27.487 66.759
5.073 26.713 65.048
3.642 24.551 62.243
0.685 22.511 61.072
1.267 19.046 59.587
-1.797 17.591 57.847
-2.133 14.217 56.119
-4.076 13.880 52.859
-3.644 11.505 49.933
-5.858 12.598 47.019
-4.420 16.092 46.794
-6.380 17.554 43.910
-9.605 19.540 43.676
-10.684 20.679 47.151
-7.774 18.688 48.631
-5.171 20.214 46.366
-2.650 23.039 46.640
-1.579 22.299 50.240
-4.835 21.711 52.074
-3.014 22.086 55.432
-2.575 25.823 54.666
-5.960 26.301 53.065
-7.736 24.766 56.041
-5.649 26.841 58.473
-6.529 30.082 56.676
-10.220 29.076 56.691
-9.954 28.369 60.437
-8.567 31.926 60.830
-5.326 30.693 62.318
-2.924 33.667 62.011
-1.160 33.962 58.627
2.172 33.770 60.448
1.692 30.067 61.215
3.045 27.805 58.444
1.389 24.568 57.206
2.396 21.476 55.169
0.505 18.500 53.722
2.037 15.066 53.948
1.372 11.907 51.915
2.428 8.432 52.940
-0.860 7.005 51.697
-2.776 5.260 54.568
-0.124 6.364 57.103
-0.160 10.097 56.140
-1.491 11.637 59.379
0.638 9.306 61.527
3.562 10.585 59.474
2.311 14.144 60.197
2.568 13.230 63.909
6.098 11.905 63.562
7.471 14.872 61.623
5.806 17.387 63.968
7.098 15.447 66.986
10.636 15.593 65.650
10.360 19.297 64.868
9.551 19.732 68.608
12.273 17.322 69.728
15.016 19.224 67.939
13.762 22.591 69.224
12.644 23.931 65.848
9.124 24.007 67.339
7.409 24.029 70.744
3.806 23.444 69.628
2.208 22.106 66.434
-1.185 21.054 65.115
-1.214 17.558 63.582
-4.054 15.873 61.753
-5.445 14.789 58.448
-8.508 14.513 56.279
-9.823 12.460 53.406
-13.054 13.311 51.725
-13.486 10.148 49.693
-16.951 11.225 48.571
-15.498 14.329 46.907
-12.135 12.991 45.694
-12.489 9.216 45.312
-9.510 6.857 45.175
-10.318 6.093 41.566
-10.153 9.764 40.510
-7.160 10.977 38.486
-5.386 7.615 38.554
-2.400 7.073 36.214
-0.256 4.300 37.648
3.121 3.769 36.048
2.951 0.758 33.722
6.233 -0.464 35.223
4.604 -0.906 38.648
2.218 -3.186 40.632
-5.999 -2.529 47.550
-6.925 -4.532 44.452
-5.556 -7.647 42.665
-6.548 -10.766 44.556
-3.213 -12.436 44.490
-1.519 -9.713 46.442
-4.490 -8.801 48.665
-5.014 -12.382 49.761
-1.427 -13.579 50.088
-1.281 -13.293 53.887
-4.657 -14.994 54.329
-3.425 -17.908 52.152
-0.121 -18.186 54.045
-1.897 -18.153 57.405
-5.054 -20.117 56.561
-7.447 -17.266 57.361
-10.832 -18.472 56.120
-13.810 -16.561 54.788
-15.658 -17.414 58.008
-12.831 -16.024 60.194
-12.812 -12.843 58.110
-16.592 -12.416 58.338
-16.431 -12.978 62.104
-13.830 -10.242 62.548
-15.828 -7.866 60.369
-19.030 -8.402 62.325
-17.014 -7.811 65.520
-15.843 -4.455 64.169
-19.377 -3.113 63.800
-20.442 -4.643 67.116
-17.526 -2.998 69.010
-18.041 0.340 67.213
-21.756 0.284 67.978
-21.109 -0.673 71.613
-18.714 2.279 71.884
-21.344 4.531 70.356
-23.936 3.367 72.916
-21.691 3.377 75.996
-20.411 6.929 75.452
-16.873 5.695 74.737
-16.630 7.993 71.724
-18.084 11.101 73.484
-14.699 12.470 74.460
-13.134 12.304 70.973
-15.973 13.165 68.590
-16.539 16.873 67.870
-20.118 17.415 66.700
-19.820 18.434 63.053
-22.374 19.994 60.676
-23.628 17.827 57.829
-26.983 17.103 56.217
-29.485 14.437 57.093
-31.190 12.207 54.511
-33.750 14.905 53.656
-31.052 17.520 53.132
-31.756 19.264 56.463
-28.792 20.777 58.295
-27.802 18.481 61.118
-25.063 18.388 63.732
-23.663 14.862 63.691
-22.164 13.415 66.842
-21.967 9.757 65.881
-20.361 7.642 63.184
-23.079 7.334 60.586
-21.115 4.749 58.643
-21.282 1.974 61.318
-23.859 -0.721 60.520
-25.158 -2.173 63.788
-27.342 -4.628 61.879
-24.218 -6.357 60.467
-24.259 -10.118 61.097
-21.958 -12.919 60.124
-25.012 -14.446 58.426
-25.485 -11.363 56.217
-21.734 -11.123 55.509
-21.636 -14.797 54.463
-23.976 -13.943 51.535
-21.568 -11.566 49.823
-19.553 -12.355 46.714
-15.742 -12.396 46.757
-14.184 -9.067 45.847
-11.552 -10.857 43.725
-11.527 -14.414 42.264
-15.118 -15.714 42.068
-14.057 -19.276 42.801
-11.362 -19.032 45.457
-11.536 -15.410 46.701
-12.256 -14.836 50.393
-12.124 -11.028 50.862
-15.456 -9.207 50.323
-16.517 -5.557 50.454
-18.040 -6.462 53.819
-14.659 -7.439 55.259
-12.741 -4.539 53.698
-12.567 -1.027 55.231
-15.720 1.102 54.741
-15.815 4.290 52.635
-16.182 7.243 54.971
-15.386 10.946 54.932
-13.645 12.381 57.963
-10.889 14.320 59.726
-8.877 13.916 62.904
-6.487 16.221 64.745
-4.140 16.433 67.752
-2.521 19.310 69.610
1.087 18.323 70.289
3.766 20.242 72.189
6.919 19.958 74.242
6.399 18.762 77.793
7.863 22.142 78.851
5.359 24.220 76.906
2.481 22.141 78.232
3.651 22.923 81.760
3.929 26.662 80.946
0.365 26.736 79.641
