-6.400 -3.917 46.051
-9.456 -6.263 46.459
-11.709 -6.394 43.419
-15.210 -6.800 44.825
-17.889 -8.493 42.777
-20.929 -6.259 42.549
-23.191 -8.093 40.135
-23.271 -11.198 37.945
-25.399 -11.065 34.792
-26.363 -13.723 32.321
-27.620 -13.255 28.781
-28.858 -15.899 26.416
-28.551 -14.633 22.851
-29.125 -16.081 19.403
-27.816 -13.532 16.920
-27.221 -16.209 14.242
-27.610 -20.037 14.365
-27.160 -21.135 18.037
-28.300 -20.209 21.476
-25.203 -18.599 23.127
-24.812 -17.959 26.867
-22.766 -14.916 28.066
-21.905 -14.247 31.729
-20.800 -10.709 32.807
-19.216 -10.175 36.321
-19.241 -6.453 37.389
-16.903 -5.129 40.121
-16.582 -2.158 42.420
-13.765 -0.818 40.195
-16.037 -0.605 37.178
-13.865 -3.118 35.372
-15.989 -6.037 34.245
-15.296 -9.480 32.779
-17.156 -11.690 30.261
-17.362 -15.383 30.029
-18.789 -18.098 27.816
-21.270 -20.555 29.382
-22.639 -21.831 26.128
-24.510 -25.174 26.394
-26.786 -24.692 23.328
-29.224 -27.514 24.175
-29.959 -26.380 27.798
-29.197 -22.639 27.873
-32.107 -21.630 30.109
-30.938 -24.048 32.805
-27.322 -22.650 32.642
-28.655 -19.075 32.871
-30.861 -19.941 35.889
-27.910 -21.511 37.719
-25.815 -18.301 37.145
-28.562 -15.904 38.204
-30.270 -17.859 41.024
-27.417 -19.832 42.603
-23.960 -18.487 41.650
-24.728 -14.738 41.664
-25.814 -14.844 45.406
-22.699 -16.682 46.630
-20.352 -14.409 44.542
-21.628 -10.891 45.372
-19.253 -9.277 47.845
-16.335 -11.714 47.187
-12.937 -10.701 46.011
-12.646 -11.503 42.203
-8.765 -11.476 42.470
-8.857 -14.977 44.065
-9.953 -16.942 41.077
-8.566 -20.231 42.414
-10.483 -20.051 45.672
-13.711 -18.876 43.920
-13.452 -21.807 41.468
-13.107 -24.378 44.334
-15.952 -22.608 46.180
-18.301 -22.775 43.235
-17.340 -26.423 42.436
-18.232 -27.711 45.903
-21.103 -25.427 46.538
-23.923 -27.712 45.114
-22.274 -30.804 46.858
-23.053 -32.901 43.765
-20.835 -31.609 40.976
-19.312 -32.254 37.463
-21.925 -32.127 34.763
-22.659 -29.902 31.856
-25.061 -27.376 33.351
-23.178 -26.601 36.543
-19.751 -26.592 34.758
-20.956 -24.181 32.050
-22.390 -21.779 34.656
-19.118 -21.913 36.585
-17.086 -21.583 33.385
-18.862 -18.304 32.546
-17.883 -16.800 35.887
-14.365 -18.257 35.845
-13.561 -16.838 32.421
-14.976 -13.380 33.350
-12.737 -13.438 36.499
-9.681 -14.156 34.243
-10.905 -11.403 31.831
-10.978 -8.972 34.870
-7.455 -10.104 35.940
-6.061 -9.388 32.453
-7.689 -5.937 32.496
-6.250 -5.183 35.868
-2.819 -6.275 34.817
-3.048 -4.432 31.448
-2.159 -7.682 29.681
-3.802 -10.111 27.312
-4.758 -13.412 28.931
-1.959 -15.374 27.192
0.631 -12.987 28.679
-0.801 -13.558 32.201
-0.304 -17.322 31.539
3.407 -16.870 30.767
3.384 -15.506 27.211
