1.625 16.407 10.622
4.818 18.186 11.705
6.649 14.869 11.900
5.773 12.180 9.382
6.870 8.561 9.594
7.438 6.640 6.365
7.443 2.839 6.762
9.921 1.215 4.360
11.309 -2.188 3.418
14.721 -0.536 3.664
14.073 1.006 7.073
11.569 3.579 8.335
12.236 7.213 7.453
11.535 9.979 9.962
10.590 13.169 8.138
10.655 16.526 9.910
7.928 18.020 7.712
7.419 21.258 9.658
11.121 21.755 10.375
11.857 21.495 6.652
9.805 24.634 6.024
12.520 26.515 7.898
14.888 25.530 5.075
12.556 25.234 2.080
10.868 28.439 0.960
8.011 26.916 -1.035
5.536 24.129 -0.341
5.562 23.665 -4.124
9.169 22.465 -3.976
7.774 19.168 -2.679
4.059 19.420 -3.419
1.665 19.533 -6.328
-0.334 22.762 -6.785
-2.384 21.865 -3.703
-0.365 20.819 -0.634
-1.481 17.440 0.675
-0.890 13.716 0.295
1.269 12.995 -2.752
-0.303 10.387 -5.045
2.942 9.004 -6.463
4.909 9.203 -3.235
7.323 6.311 -2.954
10.903 5.265 -3.699
11.270 7.082 -7.032
9.659 10.327 -5.888
11.617 10.271 -2.626
15.057 9.498 -4.029
14.646 12.237 -6.623
13.221 14.889 -4.299
14.524 14.064 -0.805
17.980 12.787 -1.704
18.254 15.173 -4.644
17.837 18.354 -2.628
20.218 17.112 0.053
22.776 16.466 -2.675
22.535 19.910 -4.285
22.501 21.794 -0.983
25.191 19.706 0.683
23.023 19.376 3.785
20.731 16.557 4.824
21.430 12.816 4.487
22.381 11.224 1.177
23.754 7.998 2.656
21.127 5.232 2.760
21.184 4.479 6.492
21.248 8.149 7.481
17.758 8.581 6.065
16.474 5.018 6.434
17.098 5.038 10.193
14.203 2.865 11.342
