5.330 23.977 7.782
4.091 20.474 8.779
4.831 19.995 12.463
5.796 16.470 13.533
5.107 15.864 17.234
6.489 12.791 18.967
5.152 11.173 22.137
6.581 10.657 24.687
9.593 13.015 24.662
11.504 10.443 26.677
11.063 7.024 28.196
12.940 4.661 30.465
13.121 1.020 29.499
14.947 -2.215 30.202
16.586 -4.621 27.809
13.833 -6.933 26.512
11.067 -4.372 26.852
8.654 -3.508 24.065
8.911 0.217 23.278
6.320 2.301 21.352
6.973 5.825 20.082
4.262 7.767 18.280
4.525 10.635 15.835
1.630 12.931 14.842
1.813 15.048 11.695
-0.120 18.322 11.724
-1.300 17.644 8.166
-1.739 14.456 6.157
1.586 13.077 4.839
0.431 9.737 3.355
3.080 7.115 4.001
6.018 9.454 3.226
7.504 9.141 6.698
10.920 7.964 7.862
12.304 7.043 11.278
15.882 7.590 12.452
18.066 6.591 15.396
20.675 9.039 16.714
23.412 8.545 19.285
25.399 11.387 20.881
27.964 12.942 18.574
26.779 11.001 15.521
24.547 11.663 12.528
21.038 10.138 12.476
20.768 6.604 11.044
17.828 5.585 8.863
15.604 2.834 10.274
12.298 2.893 8.388
10.942 4.613 5.348
7.692 4.754 3.481
6.186 4.473 7.024
6.647 0.695 7.378
9.605 -0.553 5.311
12.797 -1.375 7.208
15.886 0.103 5.629
18.566 -2.357 4.445
19.990 -4.344 7.384
17.789 -2.890 10.141
16.835 -5.686 12.564
13.298 -7.056 12.526
12.621 -5.918 16.113
12.107 -2.449 14.606
8.758 -1.894 12.933
6.891 1.124 11.625
3.195 1.625 10.991
0.705 4.298 10.056
-0.580 6.497 7.325
-2.078 9.961 7.097
-1.214 11.716 10.352
-0.600 8.936 12.925
2.697 7.030 12.869
4.225 4.531 15.255
7.716 3.042 15.762
7.804 -0.154 17.786
10.892 -1.877 19.108
9.566 -5.336 19.978
12.406 -6.363 22.343
14.888 -3.648 23.251
18.618 -4.434 22.945
21.557 -2.618 24.620
22.526 -0.936 21.356
18.990 0.563 21.029
19.276 3.181 23.783
19.353 6.311 21.634
17.147 9.185 20.495
14.569 8.387 17.782
13.161 10.888 15.268
10.339 10.781 12.736
10.412 12.862 9.564
7.968 13.595 6.756
9.035 13.943 3.123
5.553 14.227 1.615
5.708 17.955 1.065
8.074 20.847 1.426
9.783 21.794 3.567
10.676 18.331 4.815
10.273 18.362 8.606
11.425 16.330 11.572
10.008 15.497 14.960
11.618 16.762 18.147
12.969 13.348 19.146
12.198 10.738 21.804
15.080 9.684 24.036
15.056 6.022 25.084
17.158 5.747 28.274
18.207 2.841 30.514
16.011 1.996 33.502
