31.282 1.956 0.509
29.162 5.088 0.473
31.007 7.863 2.296
30.166 11.561 2.731
33.029 13.600 4.235
32.451 17.193 5.215
34.829 20.082 5.812
35.890 21.155 9.287
34.415 23.379 11.973
33.773 27.036 11.147
33.487 30.174 13.277
31.937 33.289 11.782
30.749 36.747 12.749
27.174 37.865 12.096
26.773 39.090 8.516
29.453 36.785 7.111
28.963 33.707 4.936
30.096 30.105 5.397
30.674 27.471 2.743
30.733 23.793 3.783
31.817 20.934 1.498
30.625 17.369 1.256
32.910 14.963 -0.611
30.938 11.928 -1.806
32.332 8.510 -2.761
31.268 4.891 -3.135
28.253 5.584 -5.352
27.275 7.348 -8.593
27.124 10.969 -7.388
24.967 12.153 -10.269
22.069 9.731 -9.603
21.001 10.606 -6.028
19.753 13.788 -4.422
22.141 15.326 -1.890
20.530 17.311 0.915
21.634 19.650 3.644
20.087 19.403 7.113
21.138 21.223 10.295
20.634 20.433 13.976
20.642 22.724 16.979
18.782 22.735 20.274
15.492 24.636 20.218
14.805 24.216 16.529
16.002 20.613 16.311
16.633 19.019 12.906
15.854 21.389 10.033
15.943 20.554 6.312
17.685 23.233 4.209
17.639 22.086 0.601
18.771 19.577 -1.998
20.790 19.393 -5.180
20.485 16.752 -7.903
24.061 16.626 -9.186
23.129 15.012 -12.506
21.695 18.331 -13.736
22.572 20.858 -11.020
18.943 21.452 -10.095
18.507 22.619 -6.511
15.556 23.404 -4.244
15.643 25.294 -0.955
13.579 25.603 2.186
11.760 28.898 1.663
12.371 29.826 5.323
16.015 30.596 4.535
14.794 33.400 2.258
17.414 32.793 -0.459
20.344 32.722 2.002
21.279 29.139 1.025
23.069 28.183 -2.222
23.850 24.506 -2.879
26.247 23.596 -5.676
27.888 20.403 -6.900
30.929 19.570 -8.971
30.311 16.337 -10.873
34.010 16.103 -11.811
35.038 15.717 -8.144
31.810 14.303 -6.659
31.705 17.175 -4.178
28.696 19.227 -3.034
28.782 22.596 -1.242
26.348 24.586 0.882
26.920 28.303 1.267
24.837 30.179 3.846
24.987 33.973 3.742
24.030 36.825 6.065
24.756 34.646 9.068
23.106 35.272 12.437
23.700 33.737 15.866
20.650 31.487 15.344
22.498 29.793 12.461
24.825 28.232 15.051
24.322 24.489 14.495
25.751 21.239 13.250
25.297 21.062 9.477
24.993 17.699 7.723
24.945 16.628 4.109
22.747 13.569 3.560
22.036 11.350 0.556
18.373 10.521 -0.131
16.622 7.502 -1.578
13.432 7.034 0.418
14.592 8.862 3.512
18.129 10.036 4.248
20.191 6.847 3.963
23.768 8.108 4.353
24.939 11.166 6.266
28.132 13.145 6.513
29.884 13.399 9.883
28.598 16.920 10.452
30.248 20.351 10.471
29.903 22.649 13.484
29.280 26.266 12.521
29.407 28.877 15.294
28.070 32.363 14.524
28.945 34.952 17.156
30.227 38.484 17.665
32.633 37.046 20.264
36.369 37.057 19.744
38.719 34.134 20.285
39.624 33.911 24.000
41.394 31.179 25.970
39.821 29.864 29.192
40.667 30.818 32.716
41.113 27.616 34.718
40.157 27.727 38.386
40.510 24.959 40.944
37.504 23.356 42.607
39.343 22.351 45.761
38.279 19.355 47.806
37.082 20.590 51.217
35.811 18.870 54.377
35.197 8.447 52.418
34.893 10.105 48.986
36.108 13.578 48.043
35.090 15.538 44.951
37.416 17.998 43.229
37.582 19.668 39.848
38.495 22.504 37.557
36.240 25.319 36.390
37.125 26.109 32.782
35.647 29.576 32.384
35.149 32.262 29.720
36.520 30.799 26.506
35.547 31.144 22.858
34.937 29.194 20.596
34.292 25.561 21.422
35.866 23.137 21.983
38.214 22.600 24.904
39.678 19.242 25.904
40.121 18.323 29.566
42.094 15.469 31.067
43.296 14.563 34.561
46.912 13.665 35.351
47.734 13.590 31.615
45.077 10.929 30.953
46.190 8.676 33.825
43.015 9.477 35.801
39.727 8.541 34.069
37.598 6.742 36.718
34.945 8.989 38.250
35.694 11.864 35.861
32.749 13.960 34.645
33.478 16.739 32.179
30.220 18.583 31.740
28.963 20.019 28.466
29.840 23.684 28.035
27.182 26.327 28.536
27.093 29.570 26.572
27.062 32.549 28.941
25.292 35.889 28.406
28.779 37.280 27.643
29.013 35.083 24.546
31.776 33.038 26.187
31.585 29.346 27.191
32.162 27.719 30.591
32.235 24.189 31.994
33.470 22.271 34.990
35.306 18.980 34.990
35.095 17.030 38.252
36.373 13.777 39.662
35.598 11.813 42.816
38.546 10.195 44.625
39.199 8.577 48.014
39.499 11.230 50.772
42.514 9.293 52.069
44.354 9.948 48.774
44.275 13.774 49.094
47.462 13.933 51.200
49.584 11.801 48.851
48.182 11.806 45.298
48.570 14.898 43.103
45.572 15.954 40.999
46.196 18.154 37.968
43.657 19.060 35.300
45.072 19.541 31.797
43.114 21.978 29.634
43.699 22.608 25.925
42.006 25.251 23.798
43.471 25.064 20.291
41.812 28.210 18.857
43.672 30.420 21.393
46.849 28.289 21.483
46.200 27.657 25.199
47.591 24.723 27.163
46.966 25.017 30.921
47.854 22.642 33.745
46.230 23.376 37.118
47.128 21.502 40.300
44.049 21.100 42.515
44.900 20.865 46.207
42.908 20.730 49.446
42.378 23.919 51.468
