-10.676 19.019 -16.581
-8.584 16.564 -14.558
-5.649 15.025 -16.541
-3.707 13.354 -13.744
-5.839 11.515 -11.177
-6.442 13.531 -7.985
-5.819 12.078 -4.576
-8.970 11.121 -2.570
-8.585 14.227 -0.415
-8.098 16.587 -3.426
-11.037 14.948 -5.189
-13.292 15.678 -2.217
-12.418 19.357 -2.549
-13.189 19.336 -6.348
-16.673 17.905 -5.492
-17.146 20.607 -2.826
-16.170 23.289 -5.409
-19.340 22.444 -7.335
-21.194 24.305 -4.592
-20.510 27.443 -6.571
-23.494 26.389 -8.706
-25.843 25.392 -5.876
-29.465 26.659 -6.027
-28.835 28.978 -2.981
-27.681 31.341 -5.831
-30.977 31.184 -7.817
-33.006 34.472 -7.805
-36.147 32.639 -6.554
-34.271 31.552 -3.419
-32.587 34.939 -3.025
-35.986 36.684 -3.104
-37.377 34.386 -0.377
-34.221 34.911 1.767
-34.376 38.748 1.378
-38.077 39.007 2.279
-39.294 39.859 -1.200
-41.209 36.677 -1.994
-45.018 36.629 -2.043
-47.150 34.161 -0.063
-48.290 32.723 -3.411
-44.603 32.134 -4.348
-43.876 30.504 -0.986
-46.989 28.257 -1.224
-46.104 27.308 -4.799
-42.552 26.423 -3.750
-43.751 24.232 -0.837
-46.326 22.442 -3.080
-43.844 21.824 -5.937
-40.923 20.834 -3.699
-43.186 18.142 -2.153
-42.888 16.289 -5.470
-39.078 16.184 -5.018
-39.460 15.080 -1.389
-41.808 12.237 -2.268
-39.431 11.152 -5.070
-36.360 10.864 -2.734
-37.452 7.428 -1.257
-38.331 6.189 -4.810
-34.871 7.048 -6.052
-33.141 5.610 -2.985
-35.133 2.347 -3.443
-33.972 2.412 -7.124
-30.320 2.633 -6.011
-30.880 -0.275 -3.604
-32.405 -2.409 -6.368
-29.244 -1.984 -8.411
-26.840 -2.574 -5.498
-25.718 -6.168 -4.831
-23.621 -5.172 -1.779
-25.532 -5.912 1.489
-23.191 -3.694 3.537
-24.014 -0.674 1.391
-27.779 -1.439 1.415
-27.804 -1.701 5.263
-26.592 1.911 5.425
-28.576 3.277 2.464
-31.984 2.094 3.692
-31.782 4.662 6.559
-32.534 7.342 3.925
-35.876 5.640 3.187
-36.647 5.350 6.879
-35.816 9.040 7.441
-38.359 10.158 4.823
-41.121 7.554 5.150
-40.842 7.275 9.004
-40.176 4.217 11.162
-42.829 3.420 11.224
-45.843 5.529 12.157
-43.627 7.968 14.038
-43.607 10.627 11.319
-40.587 11.109 9.034
-39.598 13.793 6.531
-42.595 13.486 4.150
-44.962 14.095 7.107
-42.756 17.020 8.226
-43.061 18.536 4.741
-46.874 18.208 4.966
-46.668 20.138 8.244
-44.677 22.895 6.416
-47.530 22.956 3.959
-50.023 23.462 6.755
-47.741 26.166 8.248
-47.968 28.240 5.030
-51.726 27.832 4.641
-52.047 24.745 2.399
-54.124 21.655 3.255
-52.706 18.111 3.285
-54.883 17.419 0.161
-53.321 20.455 -1.664
-49.937 18.659 -1.390
-51.028 14.995 -1.599
-53.102 15.523 -4.801
-50.006 16.755 -6.586
-52.317 18.968 -8.709
-50.107 22.071 -8.349
-46.890 20.423 -9.440
-45.734 22.193 -12.625
-44.611 20.106 -15.655
-41.112 21.669 -15.685
-40.673 20.627 -12.005
-42.026 17.153 -12.774
-39.632 16.612 -15.727
-36.597 17.729 -13.736
-37.433 15.559 -10.696
-38.317 12.598 -12.939
-34.866 12.922 -14.578
-33.338 12.224 -11.152
-35.400 9.088 -10.657
-34.657 7.819 -14.161
-30.876 8.303 -13.707
-31.106 6.390 -10.459
-32.954 3.557 -12.187
-30.505 3.238 -15.106
-27.031 4.227 -13.890
-24.622 1.975 -12.027
-25.350 2.116 -8.324
-22.117 3.944 -7.395
-22.809 6.799 -9.834
-26.456 7.059 -8.754
-25.520 6.978 -5.018
-22.909 9.728 -5.444
-25.370 12.091 -7.212
-26.805 12.598 -3.675
-23.764 14.762 -2.896
-25.498 18.108 -3.454
-26.407 17.294 0.235
-22.891 18.707 0.977
-24.454 22.168 0.406
-27.870 21.593 2.022
-27.239 22.342 5.736
-26.188 25.881 4.700
-29.448 26.471 2.801
-31.642 24.945 5.531
-29.975 27.201 8.150
-30.450 30.240 5.865
-34.237 29.681 6.024
-34.270 29.135 9.760
-32.337 32.435 10.139
-34.295 34.647 7.693
-37.923 33.449 7.351
-39.150 34.213 10.856
-38.223 37.929 10.494
-39.759 38.422 7.055
-42.712 35.960 7.211
-43.896 35.871 10.809
-47.210 34.279 9.703
-45.421 30.954 8.892
-46.226 28.772 11.884
-43.385 27.575 14.081
-44.117 23.882 13.426
-43.274 24.521 9.804
-39.535 24.750 10.530
-39.193 21.197 11.942
-38.116 19.668 8.568
-35.277 22.147 7.943
-33.923 21.669 11.466
-34.061 17.846 11.179
-31.942 17.996 7.952
-29.051 19.792 9.601
-28.050 16.460 11.152
-29.435 14.014 8.528
-27.678 15.592 5.557
-24.388 15.554 7.501
-24.648 11.786 8.289
-25.688 11.093 4.668
-22.630 12.731 3.108
-20.290 10.934 5.537
-21.301 7.873 3.528
-21.564 9.455 0.095
-18.049 10.886 0.266
-16.534 7.573 1.346
-18.209 5.931 -1.650
-17.054 8.648 -4.081
-13.475 8.619 -2.908
-13.216 4.786 -3.080
-14.939 4.505 -6.491
-13.545 7.532 -8.382
-9.916 6.436 -8.530
-9.001 7.505 -12.103
-9.104 10.854 -14.009
-11.827 9.368 -16.278
-14.086 8.453 -13.342
-13.430 11.747 -11.556
-14.351 13.914 -14.559
-17.478 11.794 -15.178
-18.573 12.178 -11.547
-18.131 15.921 -11.685
-20.419 15.941 -14.742
-22.983 13.753 -12.892
-22.939 16.312 -9.998
-23.481 19.079 -12.561
-26.531 17.201 -13.885
-27.901 17.107 -10.304
-27.303 20.850 -9.868
-29.076 21.460 -13.201
-32.139 19.589 -11.886
-32.348 21.864 -8.850
-31.871 25.037 -10.899
-34.469 23.944 -13.462
-37.119 23.295 -10.798
-36.728 26.918 -9.696
-36.845 28.165 -13.329
-40.267 26.522 -13.711
-41.462 28.166 -10.472
-40.133 31.538 -11.637
-42.083 31.328 -14.948
-45.337 30.394 -13.173
-45.291 32.407 -9.938
-42.954 35.372 -10.527
-43.446 36.149 -14.249
-47.208 35.239 -14.734
-46.270 32.796 -17.492
-47.508 29.412 -16.208
-48.191 26.743 -18.777
-50.916 27.675 -21.344
-51.323 31.232 -20.008
-52.083 32.492 -23.569
-54.989 29.999 -23.924
-56.526 29.645 -20.411
-56.377 30.999 -16.855
-56.980 27.546 -15.317
-54.429 24.750 -14.729
-54.423 22.424 -17.806
-51.222 20.426 -17.364
-51.143 16.678 -16.704
-51.206 15.700 -12.962
-50.407 11.947 -13.045
-47.209 9.880 -12.550
-48.291 8.077 -15.790
-45.827 5.152 -15.618
