76.925 77.195 157.554
78.578 76.032 154.333
81.344 76.429 151.762
79.872 79.000 149.345
82.709 79.726 146.888
86.158 78.402 145.984
88.676 79.988 143.627
91.799 78.059 142.621
94.681 79.240 140.433
97.763 77.194 139.609
101.360 77.878 138.653
104.663 76.056 138.432
108.006 76.607 140.156
110.820 74.531 138.697
109.545 70.999 139.439
106.818 71.946 141.933
103.151 72.777 141.498
101.615 75.695 143.352
97.898 75.656 144.155
96.533 78.963 145.388
93.131 78.625 147.067
90.547 81.087 148.327
87.425 79.861 150.118
84.247 81.718 151.103
81.979 80.450 153.897
78.431 81.730 154.531
76.407 81.330 157.723
78.281 81.463 161.018
81.325 83.684 161.533
83.213 81.214 163.774
84.760 78.320 161.850
87.975 76.653 160.695
88.897 75.169 157.310
91.128 72.265 156.379
92.226 71.814 152.772
93.937 68.751 151.284
95.162 68.076 147.753
94.840 64.452 146.662
96.568 62.873 143.673
94.860 60.653 141.067
95.222 57.617 143.370
93.591 59.572 146.248
96.680 59.976 148.443
97.252 63.354 150.087
100.160 65.270 148.491
99.677 68.667 150.205
97.502 70.270 152.888
96.713 73.527 154.678
94.076 75.594 156.466
92.210 78.914 156.458
90.231 80.928 153.904
93.302 81.356 151.693
96.678 79.753 151.143
99.090 78.054 148.784
99.669 74.317 148.609
103.072 73.318 147.238
103.063 70.046 145.248
106.494 68.404 144.993
107.339 66.768 141.630
103.961 67.729 140.163
102.052 65.971 137.388
100.934 68.846 135.180
97.595 68.911 133.373
98.325 68.522 129.669
95.909 68.816 126.732
94.918 65.691 124.814
97.790 64.647 122.478
100.219 67.177 124.016
101.365 64.456 126.442
101.026 60.634 126.646
99.031 60.941 129.886
96.968 64.077 129.467
94.469 65.747 131.734
96.055 64.849 135.085
93.629 65.880 137.838
94.238 66.326 141.546
91.345 66.888 143.944
91.060 69.757 146.433
89.093 68.477 149.404
87.729 71.292 151.566
86.493 70.340 155.029
84.657 73.007 157.026
84.012 72.816 160.765
81.688 75.555 162.006
79.841 76.405 165.194
76.169 77.293 164.648
72.911 77.982 166.528
72.056 74.261 166.308
75.585 73.136 167.244
78.765 72.369 165.334
78.438 71.239 161.715
80.787 69.847 159.081
80.763 70.690 155.373
82.700 68.808 152.665
83.269 69.873 149.042
85.822 68.451 146.593
87.007 70.400 143.536
89.025 68.784 140.727
92.297 70.638 140.097
94.503 70.634 136.992
97.896 72.175 137.550
98.628 74.124 134.397
99.486 77.641 133.172
