4.230 57.668 60.878
7.666 57.869 59.258
7.820 59.145 55.672
8.606 55.671 54.323
5.948 53.861 56.355
3.304 56.394 55.344
4.272 56.009 51.686
4.420 52.221 51.968
0.852 52.144 53.274
-0.394 54.489 50.554
1.459 52.604 47.827
0.293 49.166 48.945
-3.284 50.439 48.978
-3.050 52.006 45.521
-1.445 48.902 44.042
-3.797 46.327 45.569
-6.830 48.379 44.498
-5.492 48.607 40.946
-4.910 44.842 40.917
-8.359 43.830 42.138
-10.088 46.501 39.902
-8.296 45.167 36.932
-8.501 41.406 37.452
-11.399 40.544 39.760
-13.439 41.032 36.602
-11.372 38.478 34.688
-11.252 35.881 37.451
-7.511 35.391 37.027
-4.382 37.421 37.741
-1.390 37.727 35.313
1.127 34.895 35.474
4.459 35.852 37.071
7.102 33.109 36.904
9.905 34.919 38.716
10.940 38.030 40.630
11.690 39.791 37.352
8.148 39.121 35.981
6.766 40.388 39.385
8.650 43.756 39.215
7.665 44.037 35.489
4.005 43.712 36.469
4.416 46.485 39.033
6.102 48.710 36.453
3.350 47.792 34.004
0.678 49.203 36.304
2.599 52.441 36.252
3.135 52.558 32.448
-0.559 51.902 31.818
-1.463 54.648 34.270
-3.211 52.409 36.787
-0.942 53.783 39.532
1.636 56.579 39.691
5.363 55.848 39.401
5.810 56.814 43.039
2.987 54.463 44.066
4.660 51.314 42.698
7.880 51.986 44.586
9.135 50.207 47.674
10.028 53.213 49.825
12.655 51.182 51.649
14.639 50.144 48.569
13.769 52.771 45.986
12.900 50.040 43.501
9.544 48.634 42.437
7.640 46.369 44.784
7.031 43.046 43.103
3.571 41.704 42.338
3.225 37.924 42.215
0.163 36.064 41.034
-0.248 32.822 42.972
-2.731 29.991 43.589
-5.902 30.011 45.651
-7.440 26.707 46.692
-5.031 24.982 44.285
-6.228 27.026 41.296
-3.320 28.853 39.649
-3.161 32.658 39.578
-6.375 33.165 41.536
-4.690 35.568 43.962
-1.837 38.073 44.009
0.719 39.294 46.516
2.617 42.570 46.657
6.140 41.990 47.904
7.977 44.560 50.007
11.571 43.491 50.539
14.789 44.902 51.945
13.137 45.344 55.339
15.040 45.435 58.616
13.355 43.555 61.448
12.025 46.848 62.826
10.574 47.903 59.478
9.017 44.472 59.026
7.241 44.605 62.399
6.059 48.163 61.864
4.927 47.654 58.277
3.038 44.429 58.951
1.139 45.955 61.866
0.458 49.237 60.072
-0.973 47.870 56.811
-1.832 44.280 57.703
-5.548 44.969 58.194
-5.750 45.916 54.341
-4.709 42.368 53.427
-6.305 38.987 54.126
-2.995 37.219 53.381
0.438 37.972 54.886
3.619 35.947 54.375
6.876 37.013 56.062
10.046 35.604 54.520
13.806 35.879 54.957
15.052 37.067 51.651
13.008 37.664 48.514
10.327 35.451 46.997
12.047 33.888 43.989
9.275 31.586 42.788
5.496 31.353 42.990
5.964 28.258 45.161
7.539 30.466 47.848
4.213 32.218 48.453
2.107 29.193 49.301
-1.642 29.175 48.672
-4.003 32.068 49.397
-6.748 29.772 50.668
-5.073 26.555 51.822
-1.925 27.855 53.534
-2.724 27.782 57.254
-1.411 30.770 59.189
0.545 30.417 62.426
1.399 33.906 63.650
2.911 32.344 66.770
5.969 31.495 64.661
6.213 35.065 63.387
7.446 33.633 60.088
5.899 32.387 56.865
2.151 32.725 56.453
0.963 34.610 59.534
-2.454 35.563 58.162
-4.776 33.840 55.675
-8.428 32.924 55.155
-7.725 29.153 55.682
-9.791 27.277 58.101
-7.757 26.622 61.071
-5.351 29.492 60.644
-4.040 31.316 63.716
-3.883 34.845 62.317
-1.721 37.638 63.688
-3.362 38.923 66.867
-1.782 41.926 68.564
-3.346 40.989 71.912
-1.212 37.843 71.869
2.199 38.783 73.291
3.729 35.762 71.550
2.562 37.024 68.153
3.896 40.495 68.929
7.366 39.282 70.079
7.833 36.633 67.391
6.741 38.838 64.481
9.450 38.934 61.808
11.810 36.859 63.940
15.028 35.862 62.234
17.601 37.343 59.893
17.144 40.521 57.853
16.447 41.546 55.181
12.826 40.476 55.269
10.336 40.488 52.431
6.660 40.636 53.282
4.078 39.434 50.793
0.716 41.159 51.206
-1.908 39.205 49.337
-5.476 39.627 48.212
-7.886 37.947 45.796
