6.093 16.048 30.547
8.689 13.783 28.897
9.493 14.825 25.332
9.889 12.838 22.126
10.648 14.461 18.794
8.965 13.409 15.569
10.294 14.523 12.201
7.922 13.831 9.307
6.833 15.311 5.950
3.844 17.660 6.270
4.639 19.632 3.133
5.867 18.448 -0.237
5.123 15.480 -2.467
5.026 13.140 0.537
2.914 15.237 2.920
0.094 12.660 2.943
2.387 10.215 4.715
3.247 12.733 7.409
-0.443 13.332 7.925
-1.313 9.679 8.568
1.745 9.424 10.827
0.327 12.230 12.945
-3.172 10.730 12.938
-1.792 7.399 14.148
0.614 9.046 16.602
-2.194 10.996 18.254
-4.290 7.867 18.822
-1.410 5.912 20.385
-0.116 8.795 22.512
-3.557 9.653 23.844
-4.136 6.018 24.833
-0.716 5.766 26.466
-1.180 8.920 28.541
-4.748 7.906 29.365
-3.303 4.658 30.726
-1.098 6.591 33.139
1.847 7.675 31.016
5.220 6.720 32.476
4.543 6.045 36.133
2.101 8.936 36.115
4.326 11.226 34.051
2.751 12.128 30.674
4.578 12.086 27.357
4.248 14.711 24.649
5.455 14.733 21.063
7.188 17.653 19.381
6.586 17.439 15.632
8.814 19.007 12.981
8.049 19.322 9.260
11.010 17.725 7.482
9.439 18.318 4.046
11.092 15.012 3.110
14.189 17.143 2.558
17.613 15.906 3.671
18.963 19.352 4.551
15.818 20.238 6.488
16.025 16.924 8.347
19.593 17.760 9.331
18.724 21.079 10.940
15.753 19.378 12.610
18.095 16.716 14.017
20.512 19.335 15.365
17.539 21.073 17.003
16.259 17.941 18.761
19.781 17.059 19.904
20.208 20.560 21.339
16.988 20.300 23.361
17.875 18.271 26.501
14.194 17.452 27.032
14.015 15.388 23.841
15.047 11.872 24.860
14.168 10.127 21.624
13.113 10.896 18.079
10.397 9.173 16.033
11.893 9.523 12.649
10.896 10.225 9.145
9.200 8.719 6.235
11.835 8.064 3.563
14.996 6.036 4.013
17.091 8.812 2.457
15.859 11.481 4.851
15.869 9.120 7.827
19.514 8.347 7.108
20.495 12.002 6.641
19.152 12.781 10.111
20.295 9.383 11.360
23.965 10.241 10.829
23.590 13.130 13.275
21.587 11.169 15.844
24.096 8.315 15.792
27.010 10.663 16.359
25.143 12.620 19.051
23.665 9.646 20.901
19.965 10.091 20.184
17.824 6.964 19.709
15.843 7.123 16.443
12.839 5.019 15.454
11.684 5.342 11.851
8.292 3.823 11.184
8.989 3.218 7.499
12.707 3.550 6.617
13.086 0.080 5.049
16.386 0.417 3.192
18.991 -2.154 4.331
21.624 0.560 4.896
19.532 2.635 7.292
19.930 0.140 10.152
23.712 0.083 9.546
24.250 3.798 10.243
24.925 3.286 13.953
23.676 1.471 17.090
21.089 4.232 17.478
18.792 3.460 14.527
15.629 1.355 14.704
12.787 0.701 12.248
9.189 -0.384 12.793
8.959 -1.847 9.286
10.956 -4.801 7.898
13.325 -4.689 4.931
11.813 -5.638 1.533
13.852 -8.847 1.449
12.393 -10.123 4.746
9.343 -11.661 3.056
11.542 -13.770 0.784
12.661 -16.416 3.319
9.266 -16.207 5.029
7.452 -17.179 1.841
9.996 -19.773 0.786
9.529 -21.509 4.155
5.755 -21.226 3.728
5.787 -22.911 0.316
8.161 -25.645 1.509
5.823 -26.148 4.448
2.922 -26.530 2.023
4.752 -29.333 0.235
6.270 -27.606 -2.791
9.687 -28.633 -4.082
9.764 -26.912 -7.483
8.577 -23.395 -8.237
8.613 -20.688 -10.880
9.743 -17.262 -9.712
8.571 -14.165 -11.557
9.860 -10.863 -10.239
9.941 -7.182 -11.154
13.328 -5.488 -11.564
12.755 -2.900 -8.831
15.132 -2.895 -5.855
12.594 -4.554 -3.555
11.627 -7.006 -6.284
15.186 -8.195 -6.877
16.186 -8.311 -3.208
13.077 -10.235 -2.161
13.243 -12.609 -5.141
16.914 -13.381 -4.480
16.237 -13.959 -0.770
13.271 -16.175 -1.672
15.235 -18.282 -4.154
18.137 -18.696 -1.727
15.816 -19.731 1.118
13.876 -22.155 -1.073
17.003 -23.908 -2.378
18.434 -23.997 1.155
15.384 -26.066 2.087
15.868 -28.450 -0.831
13.539 -26.802 -3.318
14.331 -26.050 -6.942
13.626 -22.912 -8.959
12.969 -24.382 -12.408
11.842 -21.053 -13.886
13.223 -17.634 -12.988
12.029 -14.607 -14.937
12.858 -10.947 -14.290
10.467 -8.411 -15.832
10.322 -4.598 -15.809
7.626 -2.645 -13.939
4.623 -2.220 -16.225
5.466 -5.286 -18.301
2.523 -6.569 -20.313
3.837 -9.562 -22.264
3.273 -12.849 -20.476
2.981 -15.411 -23.281
6.638 -16.435 -23.236
6.917 -16.793 -19.469
3.700 -18.800 -19.557
5.081 -21.097 -22.255
8.183 -21.598 -20.122
6.026 -22.486 -17.112
4.118 -24.882 -19.355
7.319 -26.583 -20.498
9.189 -26.705 -17.173
6.016 -27.716 -15.303
6.740 -26.159 -11.894
4.363 -27.115 -9.055
3.682 -23.491 -8.148
4.464 -19.863 -8.920
5.847 -17.157 -6.643
5.301 -13.562 -7.755
7.728 -10.897 -6.568
5.678 -8.061 -8.015
2.948 -5.509 -7.308
-0.793 -5.790 -7.869
-0.942 -3.542 -10.947
1.335 -5.921 -12.878
0.254 -9.171 -11.209
-3.482 -8.812 -11.884
-3.095 -8.725 -15.665
-0.476 -11.480 -15.541
-2.840 -13.786 -13.664
-5.685 -13.028 -16.082
-3.382 -14.169 -18.896
-2.123 -17.178 -16.944
-5.639 -18.368 -16.117
-6.926 -17.551 -19.597
-4.444 -20.037 -21.008
-5.812 -22.696 -18.668
-3.065 -22.970 -16.053
-4.392 -24.220 -12.701
-1.129 -23.818 -10.786
-1.369 -22.286 -7.305
0.132 -18.816 -6.866
1.894 -17.201 -3.901
3.141 -13.639 -3.920
4.638 -10.548 -2.352
2.840 -8.329 0.153
2.960 -5.807 -2.703
-0.084 -7.661 -4.059
-2.059 -6.658 -0.970
-4.623 -4.094 -2.070
-8.331 -4.098 -2.833
-7.190 -3.079 -6.327
-5.576 -6.497 -6.775
-9.075 -7.963 -6.711
-10.762 -5.118 -8.595
-8.131 -5.520 -11.321
-7.891 -9.312 -11.404
-11.401 -10.480 -10.570
-11.866 -14.281 -10.860
-8.246 -14.667 -11.994
-6.839 -13.793 -8.559
-8.995 -16.221 -6.578
-6.773 -18.578 -4.611
-3.672 -16.369 -4.660
-1.768 -16.525 -1.372
0.350 -13.855 0.282
1.611 -12.776 3.688
1.606 -9.239 5.070
2.316 -7.395 8.322
-0.793 -5.209 8.629
-4.125 -6.885 7.834
-7.037 -4.483 7.442
-9.737 -7.149 7.548
-8.094 -8.917 10.473
-10.077 -10.711 13.142
-7.246 -10.618 15.686
-8.633 -8.366 18.495
-5.465 -6.261 18.637
-5.685 -5.215 14.978
-9.398 -4.397 14.504
-9.445 -2.274 17.656
-6.921 0.003 15.966
-8.735 -0.225 12.637
-12.052 0.598 14.342
-10.666 3.422 16.488
-8.900 4.924 13.473
-11.862 4.853 11.078
-14.178 6.197 13.763
-11.906 9.104 14.632
-10.519 9.928 11.181
-13.291 8.749 8.874
-10.929 6.796 6.626
-9.364 3.336 6.403
-5.865 3.259 7.905
-3.086 2.501 5.439
-0.029 0.326 6.040
1.964 3.514 6.645
-0.541 4.661 9.257
-0.291 1.225 10.882
3.509 1.261 11.022
3.354 4.809 12.353
0.964 3.561 15.018
3.310 0.735 16.029
6.387 2.959 15.863
4.914 5.322 18.448
3.727 2.412 20.583
7.113 0.697 20.439
8.797 3.942 21.492
6.366 4.632 24.340
6.638 1.099 25.710
10.427 1.519 25.725
10.108 4.849 27.551
7.757 3.107 29.965
10.413 0.524 30.780
13.119 3.188 31.016
10.956 5.080 33.503
10.581 8.791 34.488
14.347 9.288 34.748
14.842 7.950 31.228
17.881 9.202 29.291
18.773 9.010 25.606
21.206 6.205 26.443
18.799 4.181 28.581
16.065 4.682 25.992
18.354 3.308 23.269
18.863 0.134 25.335
15.135 -0.243 26.037
14.257 0.246 22.358
16.805 -2.411 21.421
15.104 -4.716 23.956
11.912 -4.816 21.850
11.390 -8.542 21.419
7.707 -9.464 21.325
5.779 -6.237 20.677
2.119 -7.000 19.921
1.674 -4.457 17.137
-1.119 -4.031 14.618
1.541 -4.879 12.036
2.221 -8.162 13.827
4.385 -9.476 16.650
7.589 -7.431 16.304
11.182 -8.125 17.412
14.428 -6.134 17.085
17.484 -8.394 16.683
19.671 -8.278 19.836
22.781 -8.137 17.669
21.839 -6.174 14.521
18.666 -4.365 15.667
17.062 -5.563 12.416
13.271 -5.895 12.542
11.509 -9.238 12.099
7.777 -9.886 12.374
5.255 -12.702 12.516
3.396 -12.110 9.247
-0.235 -13.073 8.611
-0.941 -15.545 5.787
-3.892 -14.730 3.548
-5.712 -16.180 0.551
-8.010 -14.457 -1.916
-11.384 -16.165 -1.715
-14.754 -14.928 -2.909
-13.558 -11.415 -3.700
-11.593 -10.535 -0.570
-8.466 -11.399 1.386
-9.083 -14.098 3.996
-6.995 -14.855 7.068
-5.890 -18.479 6.633
