17.800 65.732 73.659
16.076 62.915 71.869
17.593 59.422 72.110
17.168 56.874 69.373
17.252 53.057 69.813
17.924 51.245 66.575
17.489 47.426 66.327
18.855 45.032 65.555
22.538 45.846 65.532
23.185 43.227 62.818
21.077 41.360 60.324
21.812 38.456 58.031
19.381 37.478 55.291
19.094 35.586 51.971
19.124 36.914 48.489
15.596 37.829 47.290
14.533 37.989 50.894
13.215 40.823 53.057
14.440 42.620 56.117
13.071 45.195 58.518
14.923 47.493 60.931
13.238 49.475 63.756
14.048 52.736 65.566
12.423 53.959 68.774
12.665 57.646 69.923
12.666 58.715 73.593
9.722 61.027 72.822
7.251 61.623 69.931
9.213 62.723 66.822
6.107 63.441 64.664
7.342 61.511 61.611
10.554 63.557 61.274
12.861 60.542 60.767
15.162 59.852 57.901
17.173 56.692 56.927
20.688 56.672 55.526
22.926 54.058 53.823
26.636 53.679 54.454
28.296 51.260 52.051
31.882 50.180 52.814
34.569 52.677 51.858
31.930 55.297 50.704
30.154 58.308 52.230
26.606 58.197 53.609
23.575 58.437 51.339
20.029 59.623 52.002
17.340 57.044 51.300
14.164 58.242 52.943
12.929 61.393 54.847
9.661 62.181 56.677
9.211 58.515 57.571
8.270 57.182 54.061
9.250 59.563 51.306
11.806 58.064 48.990
14.317 59.917 46.963
13.338 59.282 43.263
16.855 57.719 42.580
16.448 55.064 45.201
14.895 51.694 44.360
11.224 51.107 45.382
12.377 48.007 47.180
13.339 50.406 50.043
10.539 51.686 52.229
9.649 53.074 55.611
6.794 53.336 57.981
5.622 54.401 61.460
4.494 57.206 63.668
4.823 58.580 67.135
7.859 56.975 68.787
8.047 53.829 66.622
9.433 53.535 63.110
10.692 50.926 60.646
12.742 50.632 57.494
12.454 47.652 55.131
14.201 46.316 52.083
12.430 43.699 49.902
13.941 41.517 47.276
17.483 41.850 48.728
20.383 42.307 46.254
24.138 42.009 47.140
24.561 45.795 46.324
22.326 46.394 49.510
25.198 45.244 51.695
25.838 48.203 54.051
25.371 49.793 57.421
21.926 51.599 57.794
21.090 54.556 60.191
17.962 56.294 61.332
18.090 60.008 62.090
15.543 62.118 64.114
15.233 65.803 63.249
12.222 66.874 65.373
14.516 69.141 67.378
17.272 71.676 66.973
19.724 68.933 67.917
19.656 65.866 65.672
20.391 62.288 66.670
21.524 59.234 64.703
20.610 55.711 65.759
23.504 53.321 66.436
23.382 51.600 63.062
22.482 48.197 61.583
25.034 46.213 59.629
23.337 44.159 56.917
24.971 41.059 55.414
23.657 38.513 52.915
23.638 34.721 53.135
