61.183 -0.889 26.520
59.291 2.608 26.051
59.178 4.607 22.847
59.341 1.281 21.017
57.979 1.768 17.566
55.466 -0.936 16.614
55.519 -1.679 12.926
52.392 -3.053 11.246
50.326 -2.702 14.464
46.710 -3.923 14.483
44.427 -1.067 15.343
41.524 -2.916 17.021
43.000 -2.427 20.542
43.380 1.216 19.724
39.928 2.439 18.752
36.411 1.546 20.078
34.799 0.658 16.657
37.184 -2.305 16.846
37.349 -2.503 13.046
40.042 -4.813 11.576
42.906 -2.555 10.265
46.563 -1.755 10.724
49.049 1.134 11.022
52.450 1.304 9.339
53.855 2.481 12.652
52.596 3.042 16.142
54.183 4.304 19.327
53.037 4.978 22.902
54.046 8.380 24.364
54.215 8.544 28.159
55.792 11.972 28.878
56.115 15.572 27.554
59.623 14.620 26.531
58.377 11.662 24.453
55.992 14.003 22.543
58.814 16.447 22.118
61.132 13.760 20.676
58.258 12.433 18.526
57.091 15.742 17.088
59.979 18.234 17.493
63.066 16.335 16.472
64.719 15.001 13.297
63.991 11.388 14.286
60.555 10.404 12.930
60.338 13.712 11.081
59.748 11.358 8.088
56.243 10.136 9.006
52.987 12.034 9.191
51.691 11.509 12.752
48.211 11.087 14.171
47.819 11.687 17.854
45.100 9.446 19.408
43.714 8.931 22.923
41.355 5.950 23.129
40.194 6.158 19.434
36.663 6.475 20.790
35.852 9.251 18.292
37.591 7.792 15.248
37.041 5.638 12.181
40.065 4.251 10.214
38.960 3.993 6.718
42.030 2.238 5.194
45.650 1.056 5.918
47.113 3.820 8.005
50.438 4.674 6.463
51.699 7.254 9.010
52.762 6.830 12.596
50.054 6.643 15.176
51.045 8.332 18.482
49.163 6.955 21.474
48.751 9.523 24.224
49.390 7.913 27.614
50.858 10.889 29.575
49.697 10.179 33.197
49.307 12.347 36.310
46.582 13.989 38.343
47.599 16.759 40.748
45.097 18.300 43.113
44.920 21.492 45.011
42.271 23.666 46.545
41.222 27.214 47.501
38.769 28.402 50.025
36.481 28.539 46.960
37.741 25.883 44.483
39.250 22.593 43.685
41.723 22.621 40.888
43.210 19.681 39.176
46.041 19.495 36.729
45.402 16.408 34.660
47.959 14.908 32.258
46.466 14.474 28.805
46.726 10.753 28.661
44.659 10.069 31.772
41.631 7.863 31.225
38.459 10.005 31.439
35.907 7.555 32.955
38.627 6.782 35.611
39.180 10.500 36.292
35.498 11.173 36.884
35.373 8.185 39.255
38.311 9.557 41.118
36.743 13.012 41.533
33.580 11.425 42.791
35.458 9.248 45.268
37.511 12.329 46.477
34.220 14.197 47.044
35.115 16.646 44.263
31.773 17.783 42.853
31.080 18.953 39.292
32.457 16.350 36.863
29.871 13.660 37.496
27.512 14.334 34.497
30.555 13.459 32.337
30.799 10.008 33.902
31.914 7.116 31.648
32.598 9.147 28.520
35.440 7.079 26.963
38.636 8.935 26.052
41.763 10.621 27.441
41.628 13.921 29.452
43.738 15.518 26.687
41.057 14.728 24.082
38.246 16.240 26.221
38.760 19.782 25.059
39.139 18.864 21.337
35.406 18.239 20.913
34.329 19.954 24.125
32.757 16.672 25.417
29.307 17.039 26.930
26.464 14.945 28.354
23.487 15.378 30.688
23.680 19.161 30.298
27.399 19.711 31.095
30.287 20.317 28.716
33.983 20.404 29.280
34.111 24.221 28.874
31.990 24.431 32.079
34.765 22.796 34.250
37.779 23.949 32.255
40.377 26.303 33.821
42.972 25.965 31.060
44.415 23.677 28.471
48.172 23.121 28.002
49.611 21.942 24.762
52.890 21.154 23.025
53.207 23.793 20.387
54.427 22.088 17.264
56.105 25.266 16.012
58.173 25.992 19.075
58.719 22.641 20.738
57.528 24.199 24.028
54.373 23.855 26.123
51.835 26.714 25.897
48.705 27.413 27.891
45.231 28.642 26.808
42.607 29.901 29.208
39.135 28.345 28.838
38.231 31.537 26.875
41.046 31.185 24.451
39.978 27.641 23.655
37.011 28.978 21.731
34.705 26.164 22.876
31.450 25.532 21.054
29.091 22.599 20.751
31.478 19.712 19.812
33.986 22.379 18.848
37.155 24.176 19.863
40.287 26.036 18.564
42.074 22.593 18.266
39.744 21.811 15.418
40.585 25.161 13.761
43.631 27.396 14.144
45.361 24.761 16.340
44.404 21.783 14.238
47.542 19.698 13.627
49.637 22.422 15.379
49.048 21.388 18.969
49.257 18.266 21.062
47.336 18.765 24.269
49.546 17.679 27.159
47.369 18.476 30.171
44.008 20.001 31.180
43.309 22.356 34.108
39.943 21.649 35.740
38.261 24.020 38.187
35.327 23.165 40.450
33.461 25.341 42.907
33.462 23.953 46.458
29.823 25.007 46.722
28.719 22.266 44.353
25.497 22.560 42.339
23.884 19.443 40.948
22.968 19.750 37.272
19.875 17.644 37.129
17.501 18.497 34.232
18.386 15.774 31.740
17.121 12.196 31.176
16.805 10.150 34.368
18.504 12.842 36.492
15.146 14.642 36.474
14.013 12.206 39.191
16.668 13.479 41.506
16.158 16.319 43.820
18.336 19.335 44.258
19.779 18.398 47.638
21.172 15.030 46.466
