-25.258 15.804 -6.057
-25.782 16.924 -2.437
-22.129 17.487 -1.464
-19.840 20.515 -1.913
-19.528 22.352 -5.227
-16.390 22.215 -7.337
-15.697 25.875 -8.141
-12.281 25.563 -9.808
-9.874 22.806 -10.877
-6.108 22.331 -10.613
-3.848 20.093 -12.695
-0.492 18.571 -11.790
1.684 16.945 -14.472
3.889 14.492 -12.581
7.192 12.732 -13.167
8.879 9.974 -11.151
12.577 10.344 -11.830
12.936 10.684 -15.604
9.552 9.028 -16.268
6.490 11.061 -17.273
3.618 9.529 -15.291
0.681 11.725 -16.330
-1.809 14.292 -15.113
-3.921 14.552 -11.970
-6.857 16.968 -11.888
-8.433 18.125 -8.622
-11.769 19.786 -7.994
-11.633 22.384 -5.213
-14.456 23.484 -2.914
-14.243 27.279 -3.072
-17.674 27.948 -1.566
-16.892 25.840 1.509
-13.246 26.770 2.119
-12.342 29.736 -0.108
-9.233 30.776 1.853
-7.760 27.276 1.784
-8.728 26.732 -1.855
-7.314 30.118 -2.915
-3.969 29.226 -1.351
-3.734 25.842 -3.093
-4.859 27.261 -6.445
-2.425 30.206 -6.305
0.428 27.866 -5.381
-0.528 25.704 -8.378
-0.599 28.662 -10.795
2.546 30.167 -9.225
0.866 33.578 -9.507
2.437 34.976 -6.300
5.970 34.237 -7.524
6.412 30.858 -5.821
4.596 27.551 -5.552
4.318 23.940 -6.547
5.979 23.852 -9.967
9.290 21.917 -9.779
8.603 20.780 -6.210
8.558 17.163 -5.037
6.291 14.851 -3.036
8.238 14.037 0.115
6.124 11.360 1.810
4.305 8.362 0.403
2.503 5.732 2.463
0.805 2.950 0.521
-2.840 2.427 1.547
-2.858 5.842 3.272
-1.824 8.918 1.250
0.753 10.787 -0.778
2.009 14.118 0.562
3.471 17.089 -1.265
3.675 20.857 -1.234
6.974 21.463 0.540
8.446 23.583 -2.231
11.005 25.281 0.042
12.772 22.282 1.629
11.257 19.188 -0.035
11.270 17.210 3.213
8.234 18.265 5.274
10.007 20.971 7.288
9.225 23.775 4.840
6.560 25.280 2.626
4.790 28.622 2.918
1.315 29.868 2.067
0.188 32.913 0.114
-0.745 34.270 3.566
2.727 33.972 5.087
4.550 31.054 6.645
1.436 29.576 8.290
-2.306 30.272 8.501
-5.185 29.076 10.705
-7.642 26.251 10.086
-10.483 27.760 8.053
-13.150 25.233 9.068
-13.742 21.489 9.334
-17.017 21.444 7.396
-15.827 18.657 5.095
-14.646 15.198 6.066
-12.286 12.748 4.384
-15.169 10.912 2.713
-13.225 8.425 0.609
-10.111 7.830 -1.478
-8.797 10.841 -3.398
-9.996 13.495 -0.952
-7.460 16.264 -0.401
-6.694 18.059 2.855
-3.998 20.242 4.383
-1.074 18.593 6.111
0.012 20.482 9.225
2.004 20.418 12.466
-1.019 20.818 14.739
-3.699 23.469 15.252
-3.502 26.506 12.920
-0.293 25.530 11.098
-1.401 25.300 7.467
1.281 26.255 4.976
1.512 24.664 1.554
1.595 20.927 2.300
-1.306 18.656 1.406
-2.439 15.021 1.569
-3.931 13.271 -1.417
-5.574 10.361 0.379
-5.548 6.946 -1.256
-8.088 5.350 1.112
-10.875 6.798 3.279
-9.036 8.545 6.137
-11.652 9.395 8.789
-8.944 9.627 11.483
-7.854 12.919 9.862
-11.343 14.461 10.228
-11.406 17.571 12.420
-7.607 17.928 12.357
-6.927 18.586 8.667
-8.887 21.050 6.565
-10.453 19.209 3.616
-10.663 21.390 0.509
-10.746 19.267 -2.649
-10.694 15.885 -4.282
-9.160 14.079 -7.222
-11.498 14.155 -10.225
-9.176 12.705 -12.881
-5.893 10.826 -12.887
-6.345 8.727 -9.762
-4.207 6.144 -11.580
-1.330 8.664 -11.493
-1.863 9.068 -7.736
-1.728 5.245 -7.470
1.543 5.115 -9.414
3.104 7.589 -6.972
1.541 5.716 -4.037
3.415 2.546 -5.070
6.843 4.147 -5.510
9.851 2.844 -3.551
10.780 4.846 -0.471
13.555 5.514 2.037
13.371 5.304 5.854
11.498 8.636 5.986
8.899 7.267 3.535
10.373 9.677 0.976
10.437 8.486 -2.657
13.852 7.249 -3.773
13.217 8.777 -7.197
12.003 12.362 -7.109
8.268 12.677 -7.687
8.208 16.111 -9.309
5.335 18.441 -10.165
6.731 19.180 -13.627
3.860 21.518 -14.442
0.734 22.721 -12.688
-2.002 25.303 -12.976
-5.700 25.959 -12.884
-8.652 25.034 -15.070
-11.635 27.356 -14.728
-15.114 26.024 -13.997
-17.849 28.135 -15.612
-20.677 26.638 -13.550
-19.868 25.172 -10.112
-21.112 21.597 -9.754
-21.949 19.536 -6.675
-20.169 16.215 -6.172
-20.979 13.208 -3.961
-19.516 12.841 -0.454
-17.682 9.613 -1.317
