11.388 -23.192 32.518
13.256 -22.029 29.475
16.534 -22.287 31.405
15.852 -25.835 32.594
14.995 -26.702 28.962
18.462 -25.397 27.958
20.395 -27.121 30.699
18.616 -30.466 30.922
19.397 -31.646 27.365
23.101 -31.069 28.126
23.026 -32.969 31.459
20.866 -35.674 29.827
23.535 -36.349 27.183
26.310 -36.382 29.820
24.420 -39.005 31.857
22.980 -41.094 28.985
26.363 -41.260 27.237
28.204 -42.473 30.345
30.247 -39.426 31.347
28.163 -38.872 34.471
27.908 -35.780 36.638
29.437 -35.788 40.104
28.802 -32.106 40.899
27.776 -29.127 38.756
27.316 -25.376 38.987
25.442 -23.437 36.321
25.552 -19.735 35.473
23.076 -18.316 32.975
23.820 -14.999 31.350
20.244 -14.070 30.817
18.347 -11.418 28.906
16.169 -9.136 31.036
12.470 -10.023 31.167
8.994 -8.575 31.868
9.337 -8.973 35.655
12.250 -6.466 35.651
12.153 -2.631 35.837
13.100 0.101 33.337
14.324 2.397 36.173
15.133 1.620 39.847
11.807 0.575 41.385
10.185 -1.373 44.228
10.798 -5.155 44.109
10.183 -6.534 47.561
10.907 -10.116 46.771
13.995 -9.431 44.709
15.943 -6.334 45.640
18.559 -6.665 42.906
15.721 -7.377 40.440
14.209 -3.949 41.118
17.206 -2.155 39.671
17.220 -0.527 36.196
17.319 -3.568 33.910
18.916 -2.199 30.742
21.934 -0.555 32.379
22.937 -3.152 35.018
24.363 -6.605 35.395
21.944 -8.016 37.952
22.705 -11.264 39.811
19.865 -13.604 40.754
19.361 -17.007 42.381
17.591 -19.526 40.088
15.834 -22.882 40.431
16.732 -24.129 36.942
19.719 -26.302 37.873
18.024 -27.826 40.948
14.950 -28.502 38.802
17.041 -30.730 36.516
16.850 -33.118 39.444
13.190 -33.591 38.748
13.605 -34.747 35.227
16.901 -36.541 35.739
16.509 -37.903 39.305
20.107 -39.133 39.465
21.341 -35.498 39.507
19.188 -34.638 42.530
21.316 -32.570 44.929
24.349 -32.474 42.627
23.448 -29.282 40.732
22.698 -25.684 41.501
23.232 -22.349 39.846
22.612 -18.673 39.458
21.855 -16.059 36.847
23.271 -12.725 35.740
20.538 -10.655 34.098
22.053 -8.428 31.408
20.889 -5.584 29.103
19.710 -7.677 26.150
15.982 -8.071 25.443
16.206 -11.736 24.350
18.598 -14.722 24.039
20.510 -16.270 26.883
23.358 -18.669 27.485
24.143 -21.485 29.887
27.695 -21.724 31.240
27.808 -25.146 32.952
30.811 -26.105 35.094
30.866 -29.701 36.321
32.889 -32.703 37.440
32.414 -35.882 35.380
32.043 -39.289 37.050
34.811 -40.817 34.986
37.979 -39.656 33.334
37.254 -38.150 29.954
38.123 -35.178 27.826
36.468 -32.122 26.370
36.926 -33.689 22.937
34.911 -36.775 23.945
32.220 -34.516 25.448
32.058 -32.305 22.326
31.755 -35.411 20.119
28.942 -36.856 22.269
26.951 -33.600 22.248
27.249 -33.359 18.448
26.273 -37.034 18.005
23.265 -36.650 20.301
22.029 -33.538 18.486
22.025 -35.393 15.183
20.242 -38.329 16.592
18.128 -38.758 19.704
18.154 -35.050 20.623
17.428 -33.784 17.112
15.122 -30.739 17.269
15.901 -30.288 20.982
19.661 -30.006 21.231
21.437 -28.283 18.373
25.020 -27.147 18.060
27.143 -24.603 16.247
30.830 -24.520 15.429
30.574 -20.926 14.167
31.545 -17.576 15.751
28.058 -16.723 16.939
26.755 -14.007 19.220
23.373 -13.753 20.926
21.528 -12.118 17.969
22.332 -15.166 15.822
20.125 -17.364 18.045
17.029 -15.155 17.715
14.148 -17.384 16.493
16.091 -20.654 16.978
13.486 -23.385 17.746
15.782 -25.659 19.720
15.910 -25.857 23.518
19.679 -25.741 23.707
22.342 -24.834 21.123
25.736 -26.133 22.160
28.611 -23.735 21.395
31.365 -26.080 20.229
33.981 -23.382 19.631
33.395 -21.576 22.942
33.544 -24.889 24.772
36.570 -26.409 23.026
38.603 -23.177 23.337
37.970 -22.427 27.024
38.692 -25.674 28.877
41.912 -26.743 30.670
44.490 -28.561 28.522
44.640 -32.344 29.156
41.879 -32.139 31.818
40.102 -35.346 32.706
37.302 -34.372 35.081
36.596 -30.633 35.494
34.841 -29.089 32.465
32.896 -26.095 31.156
30.093 -26.433 28.581
28.540 -23.368 26.875
25.049 -23.567 25.301
22.654 -20.925 23.969
18.865 -20.548 23.984
