58.019 50.641 17.395
54.569 52.242 17.542
55.201 55.523 15.609
55.432 58.512 17.966
53.946 62.027 17.676
56.451 64.782 16.932
55.996 68.558 16.775
58.298 70.716 14.609
58.746 74.159 16.303
59.249 76.700 13.507
58.725 79.946 15.582
61.008 82.910 14.812
61.664 83.697 18.494
62.507 81.613 21.646
59.833 83.265 23.890
56.977 82.069 21.594
58.523 78.627 21.039
59.109 78.232 24.786
55.411 78.966 25.362
54.387 76.343 22.738
56.791 73.612 24.014
55.290 74.357 27.432
51.766 73.865 25.998
52.187 70.640 24.010
54.690 68.851 26.275
52.001 66.672 27.895
50.704 65.101 24.612
53.729 65.130 22.273
56.514 62.566 22.286
59.176 64.431 20.301
59.936 68.208 20.240
61.932 69.443 17.300
63.788 72.701 17.086
63.117 73.498 13.448
65.740 75.076 11.246
63.859 78.415 11.212
64.023 78.580 15.048
67.633 77.251 14.996
68.711 80.080 12.656
66.577 82.763 14.478
67.940 81.979 17.925
70.910 79.573 17.642
71.766 76.819 20.115
70.226 78.868 23.007
66.831 77.537 21.699
67.950 73.970 22.059
69.379 74.572 25.569
66.366 76.356 26.877
63.997 73.665 25.613
66.164 70.883 26.864
66.072 72.396 30.315
62.348 73.082 30.145
61.562 69.530 29.002
64.162 67.192 30.411
62.051 64.131 29.623
61.191 64.661 25.944
63.120 63.533 22.862
64.616 66.705 21.485
65.578 67.232 17.859
67.838 69.884 16.350
66.928 70.294 12.674
70.056 71.701 11.044
69.883 69.811 7.788
73.642 69.686 8.046
75.339 69.770 4.652
78.923 70.414 5.760
81.008 71.030 8.913
79.408 68.041 10.505
81.907 67.125 13.310
81.540 70.701 14.683
77.801 71.207 14.178
76.857 67.797 15.550
78.879 68.391 18.681
77.396 71.874 19.189
73.829 70.506 18.900
74.304 67.490 21.145
76.202 69.568 23.712
73.342 72.062 23.674
71.024 69.153 24.613
69.667 67.587 21.381
68.965 63.864 21.288
68.625 63.658 17.483
69.995 65.879 14.747
69.120 66.107 11.083
71.685 65.838 8.342
70.938 66.566 4.659
71.035 63.673 2.187
73.203 66.051 0.159
76.042 66.030 2.748
79.073 64.149 1.461
79.222 60.662 3.032
82.343 61.708 4.979
80.330 64.527 6.656
77.520 62.088 7.418
80.038 59.693 8.956
81.554 62.514 11.017
78.090 63.396 12.399
77.431 59.738 13.178
80.765 59.415 14.963
79.858 62.348 17.251
76.323 60.874 17.774
77.686 57.506 18.864
80.077 59.278 21.291
77.341 61.461 22.813
74.464 59.022 23.050
72.607 60.691 20.135
71.196 59.742 16.728
71.429 61.058 13.198
68.404 61.446 10.953
68.867 61.922 7.234
66.643 64.605 5.744
65.793 63.311 2.270
66.221 66.158 -0.260
67.962 66.542 -3.607
68.791 63.972 -6.293
69.133 61.186 -3.691
69.337 57.490 -4.642
68.787 54.100 -3.076
72.556 53.589 -3.189
72.897 56.676 -0.962
70.327 55.221 1.399
72.322 51.976 1.693
75.436 54.082 2.494
73.522 55.680 5.355
72.460 52.295 6.724
76.042 51.010 6.344
77.144 53.802 8.770
74.608 52.405 11.262
72.144 55.259 10.601
68.561 53.932 10.993
66.452 57.108 10.690
65.458 59.283 7.712
62.794 62.021 7.305
60.582 61.359 4.241
58.724 64.509 3.026
55.612 64.159 0.760
57.125 65.073 -2.566
57.170 68.771 -3.430
55.879 68.155 -6.987
52.870 66.283 -5.675
52.182 68.916 -3.096
52.354 71.695 -5.761
50.125 69.736 -8.215
47.713 69.048 -5.388
47.977 65.286 -6.106
48.496 64.005 -2.535
50.608 60.890 -1.651
51.579 59.037 -4.808
52.356 55.352 -5.404
55.844 56.460 -6.186
56.267 57.921 -2.699
54.759 54.952 -0.900
56.924 52.506 -2.875
60.082 54.529 -2.124
59.161 54.552 1.539
58.634 50.778 1.451
62.054 50.342 -0.196
63.676 52.565 2.417
61.919 50.521 5.034
63.200 47.268 3.553
66.769 48.549 3.994
66.266 49.007 7.745
65.467 52.731 7.724
62.728 53.775 10.206
60.993 56.706 8.623
59.654 59.874 10.171
56.721 60.825 7.929
55.722 64.405 7.271
53.861 66.674 4.835
50.345 67.746 5.809
49.951 64.562 7.787
46.393 64.234 9.035
44.532 61.321 10.776
42.792 60.226 7.521
46.151 59.724 5.812
47.673 57.413 8.480
46.206 54.217 6.969
48.307 54.836 3.837
51.541 53.938 5.654
50.609 50.579 7.238
53.553 48.145 6.985
56.134 50.950 6.679
58.655 51.009 9.536
57.861 54.448 11.040
59.608 56.105 13.982
57.363 59.213 14.040
54.749 61.255 12.288
55.789 64.933 12.297
53.547 68.028 12.353
53.951 71.704 13.265
51.330 73.951 14.843
48.274 71.762 13.985
49.517 69.938 17.071
49.753 73.300 18.847
47.341 75.729 20.430
43.861 74.845 21.566
42.886 71.967 19.172
46.347 70.345 19.078
45.387 67.900 21.773
42.361 66.616 19.942
44.206 66.187 16.658
47.007 64.230 18.471
44.511 61.810 20.129
43.041 61.454 16.677
46.489 60.694 15.158
47.252 58.168 17.833
43.859 56.553 17.488
44.738 55.718 13.897
48.354 54.775 14.663
47.182 52.107 17.110
45.140 50.489 14.390
48.091 49.937 12.065
51.058 49.385 14.424
