28.726 -9.906 10.100
25.242 -10.245 11.556
22.532 -7.620 11.277
19.567 -7.576 13.625
16.242 -6.225 12.402
13.685 -6.320 15.199
11.057 -4.664 13.001
11.475 -5.865 9.398
9.218 -4.673 6.608
8.328 -5.183 2.979
8.578 -1.888 1.132
6.182 -1.365 -1.735
7.354 1.447 -3.999
4.402 3.116 -5.691
5.451 5.164 -8.728
3.062 7.943 -9.753
3.187 10.952 -12.078
4.244 14.261 -10.564
3.563 15.221 -6.950
1.434 13.218 -4.512
-1.774 15.253 -4.221
-3.831 14.568 -1.103
-7.609 14.240 -1.474
-6.968 13.364 -5.125
-6.555 10.154 -7.122
-2.890 9.346 -7.759
-2.690 6.530 -10.313
0.218 4.125 -9.839
2.351 3.709 -12.981
4.260 0.744 -11.583
4.951 -1.106 -8.343
8.308 -2.403 -7.118
9.341 -4.186 -3.924
12.306 -3.849 -1.588
13.039 -5.071 1.921
12.300 -2.847 4.893
13.873 -2.512 8.303
17.226 -0.793 8.724
19.152 -3.956 9.505
17.987 -5.542 6.247
19.119 -2.503 4.277
22.523 -2.840 5.928
22.596 -6.522 4.947
21.733 -5.536 1.383
24.672 -3.131 1.327
27.095 -5.715 2.711
25.911 -8.225 0.134
26.612 -5.739 -2.674
30.220 -5.732 -1.441
30.240 -9.524 -1.460
31.234 -9.617 2.209
29.835 -12.520 4.257
26.820 -11.555 6.358
23.592 -12.981 7.798
20.350 -11.220 8.722
18.651 -11.964 12.051
15.316 -10.760 13.409
11.643 -11.646 13.761
9.340 -11.842 10.728
5.651 -12.606 10.245
4.610 -16.063 9.085
1.710 -15.005 6.855
3.787 -13.275 4.169
7.100 -15.026 4.812
7.457 -16.349 1.253
7.121 -12.803 -0.099
9.745 -11.419 2.271
12.125 -14.288 1.498
11.642 -13.800 -2.240
12.651 -10.150 -1.872
15.655 -11.127 0.258
16.829 -13.576 -2.387
16.548 -10.815 -5.007
18.867 -8.742 -2.806
21.234 -11.665 -2.146
20.613 -11.410 1.594
21.202 -14.606 3.566
19.099 -14.912 6.698
18.003 -16.991 9.675
14.902 -15.152 10.877
12.723 -16.294 13.752
9.067 -16.506 12.770
6.042 -15.098 14.602
2.995 -17.281 13.906
-0.301 -15.701 12.888
1.195 -12.323 11.987
2.396 -10.517 8.866
5.617 -8.577 8.390
4.605 -4.921 8.171
4.426 -3.174 4.806
5.824 0.323 4.244
4.351 2.228 1.327
6.746 4.571 -0.443
5.219 6.942 -2.990
7.639 8.421 -5.529
7.794 9.627 -9.133
10.257 9.657 -12.026
9.223 13.304 -12.358
10.176 14.444 -8.849
12.843 14.089 -6.152
10.736 13.574 -3.048
9.342 10.433 -1.465
6.341 10.105 0.824
6.517 7.279 3.321
3.467 5.550 4.792
4.701 2.771 7.116
2.747 0.223 9.131
3.929 -0.082 12.759
4.853 -3.754 13.012
3.561 -6.663 15.072
3.832 -7.705 18.709
6.700 -10.127 19.225
5.943 -13.015 21.572
8.079 -13.440 24.683
9.061 -16.830 23.295
10.567 -15.212 20.203
12.261 -12.442 22.187
13.861 -15.206 24.212
14.634 -17.278 21.107
16.546 -14.397 19.529
18.789 -14.162 22.599
19.435 -17.904 22.619
20.093 -17.778 18.874
22.640 -14.987 19.272
24.382 -16.808 22.134
24.889 -19.922 20.018
25.616 -18.214 16.690
27.794 -15.178 17.347
31.486 -15.543 18.116
33.904 -12.955 19.496
35.541 -12.493 16.087
32.188 -11.540 14.527
30.502 -8.161 14.098
26.882 -7.428 14.993
24.893 -4.462 13.759
21.563 -3.592 15.354
19.675 -1.000 13.292
16.148 0.385 13.394
13.692 0.977 16.223
12.103 -2.016 17.971
8.530 -3.046 17.074
5.573 -2.117 19.312
5.897 -3.424 22.870
9.557 -4.404 22.512
10.600 -2.463 25.616
13.762 -0.697 26.738
14.220 -3.602 29.126
13.990 -6.064 26.237
16.544 -4.026 24.267
18.850 -3.939 27.275
18.759 -7.762 27.396
19.521 -7.890 23.676
22.518 -5.571 23.971
23.800 -7.511 26.982
23.462 -10.834 25.154
25.485 -9.460 22.237
28.103 -7.996 24.579
28.610 -11.367 26.269
29.683 -12.916 22.936
32.606 -10.500 22.727
31.623 -9.494 19.198
32.046 -5.983 17.810
28.702 -4.208 18.376
27.391 -1.361 16.251
24.073 0.377 16.834
22.255 2.728 14.488
19.337 3.627 16.749
17.703 6.762 18.135
16.113 8.193 21.263
16.150 6.111 24.439
17.428 3.089 22.522
20.500 5.019 21.381
20.991 6.419 24.894
20.909 2.905 26.342
23.374 1.555 23.773
25.845 4.292 24.681
25.372 3.722 28.429
25.749 -0.023 27.918
28.898 0.354 25.904
28.908 -0.329 22.174
31.691 -0.080 19.590
29.964 2.045 16.964
27.034 4.441 16.629
26.023 6.828 13.848
23.465 9.336 15.020
22.547 11.895 12.373
22.481 15.622 13.151
19.054 15.438 14.816
19.405 12.070 16.566
22.675 13.025 18.246
20.772 15.522 20.410
19.539 12.618 22.541
23.085 11.948 23.775
24.395 15.525 23.878
25.149 17.377 27.121
22.896 20.445 27.192
25.434 22.354 29.282
28.114 21.734 26.677
27.377 23.987 23.662
30.233 22.911 21.285
29.361 19.965 19.068
33.036 19.119 18.643
33.573 19.089 22.395
30.462 16.964 22.910
31.749 14.522 20.303
35.210 14.395 21.865
33.598 13.756 25.276
31.314 10.989 23.999
34.317 9.501 22.159
35.623 8.464 25.586
32.864 5.830 25.657
32.563 4.933 21.959
35.479 3.475 19.912
34.021 4.455 16.523
31.806 7.505 16.805
30.246 8.990 13.693
27.879 11.948 13.750
26.433 12.221 10.241
25.560 15.668 8.899
23.742 14.951 5.643
25.113 16.896 2.687
27.814 18.329 4.941
29.319 14.882 5.357
30.177 13.715 8.861
32.522 14.025 11.839
34.185 10.867 13.133
36.049 10.326 16.388
38.445 7.390 16.671
41.645 6.621 18.595
41.782 10.133 20.027
41.526 11.787 16.617
38.645 13.773 15.138
37.958 13.752 11.397
35.871 16.175 9.348
34.602 14.231 6.337
33.328 16.163 3.317
31.673 14.497 0.321
31.965 15.688 -3.270
28.884 17.589 -4.455
26.320 15.356 -6.139
22.892 15.881 -7.671
20.555 14.767 -4.894
17.404 12.868 -5.855
16.473 11.038 -2.651
18.602 11.085 0.495
16.428 8.511 2.244
18.597 5.555 3.181
21.869 7.479 2.867
22.574 6.614 6.493
21.904 2.893 6.049
24.282 2.787 3.088
26.891 4.710 5.084
26.618 2.200 7.946
26.824 -0.836 5.681
29.851 0.572 3.855
31.524 1.691 7.104
31.114 -1.778 8.605
32.410 -3.356 5.391
35.500 -1.173 5.630
36.141 -2.244 9.218
35.594 -5.881 8.297
38.251 -5.491 5.580
40.667 -3.910 8.065
40.777 -0.638 6.134
42.408 2.297 7.938
39.798 4.617 9.435
40.290 7.352 6.824
39.799 4.928 3.920
36.752 3.404 5.631
35.272 6.897 5.940
35.972 7.664 2.280
34.320 4.408 1.208
31.258 5.036 3.399
30.953 8.589 2.130
31.368 7.564 -1.509
28.666 4.902 -1.226
26.191 7.146 0.575
26.829 9.938 -1.941
25.936 7.496 -4.731
22.787 6.514 -2.824
21.521 10.100 -2.656
21.758 10.230 -6.450
19.179 7.433 -6.754
15.367 7.481 -6.744
14.553 4.764 -4.203
15.557 4.553 -0.555
18.333 1.935 -0.578
20.082 1.411 -3.927
23.468 2.817 -4.896
25.948 2.346 -7.722
29.065 0.458 -6.698
30.814 1.864 -9.791
29.968 5.498 -9.082
30.848 4.996 -5.397
34.328 3.640 -6.101
35.030 6.869 -7.976
33.239 9.197 -5.567
35.314 7.726 -2.731
38.360 9.307 -4.403
36.800 12.774 -4.228
36.084 12.775 -0.510
38.083 15.187 1.615
39.135 14.209 5.115
40.784 16.659 7.461
41.884 15.969 11.003
40.513 18.550 13.452
43.171 19.620 15.963
