26.996 38.610 19.215
28.058 36.669 22.257
26.358 33.778 24.060
26.918 30.956 26.427
24.272 28.242 26.054
23.345 24.846 27.434
24.126 22.208 24.779
20.847 20.344 25.409
18.864 23.545 25.287
20.439 24.674 22.052
20.060 21.238 20.432
16.306 21.056 21.305
16.113 24.568 19.846
17.771 23.847 16.509
16.054 20.480 16.236
12.559 22.045 16.048
13.738 24.058 13.002
16.050 21.356 11.466
13.066 19.113 11.116
11.582 21.516 8.484
14.529 22.834 6.513
18.227 22.262 6.013
19.051 26.049 6.250
17.780 29.194 8.151
17.668 32.760 9.645
18.579 33.510 13.268
17.418 36.871 14.702
15.605 39.822 25.399
15.499 36.674 23.152
16.558 34.478 20.253
14.201 33.505 17.394
13.936 31.603 14.132
10.957 31.356 11.740
11.003 29.276 8.589
8.480 27.437 6.390
9.481 24.432 4.281
10.309 24.247 0.594
6.639 23.312 -0.124
5.020 26.025 1.977
3.175 23.447 3.986
4.913 23.393 7.377
6.111 26.403 9.428
8.047 26.837 12.744
8.409 29.777 15.171
11.030 29.102 17.784
11.548 31.627 20.648
14.426 31.287 23.179
14.320 33.809 26.147
17.560 35.404 27.537
16.939 33.494 30.773
17.380 30.184 28.777
20.970 31.290 28.271
23.719 31.156 30.937
24.843 34.432 29.366
23.331 36.563 26.590
20.096 38.864 12.203
22.468 36.219 10.857
21.817 33.429 8.365
23.000 29.937 9.382
23.681 26.609 7.774
21.452 24.643 10.150
22.573 21.031 9.764
26.195 21.925 10.395
25.483 23.898 13.507
23.710 20.807 14.765
26.629 18.580 14.001
28.970 20.845 15.966
26.670 21.259 18.952
26.724 17.416 19.157
30.363 17.676 20.344
29.308 18.823 23.767
28.092 24.793 27.667
28.532 26.123 24.130
30.097 29.488 23.733
28.761 31.518 20.834
30.576 34.554 19.607
30.438 31.791 12.934
32.669 30.971 15.945
31.856 28.074 18.261
33.732 26.866 21.377
32.979 23.906 23.584
35.920 23.519 25.994
39.144 23.226 23.981
37.223 22.685 20.713
37.275 25.596 18.286
35.044 25.545 15.281
34.578 28.407 12.848
31.508 28.061 10.636
23.732 36.425 4.453
