2.734 -3.505 14.826
-0.680 -4.555 16.144
-0.587 -7.231 18.816
3.047 -6.383 19.722
3.941 -5.035 23.207
6.812 -2.595 23.452
8.414 -1.431 26.705
10.340 1.892 26.648
12.115 2.880 29.839
12.339 6.665 30.173
9.445 6.941 27.690
7.765 10.085 29.007
10.166 12.578 27.431
12.688 13.225 24.645
13.806 10.310 22.456
11.888 7.847 24.563
8.621 9.613 23.833
9.474 10.023 20.150
9.983 6.250 19.913
6.857 5.714 21.955
4.898 7.914 19.497
5.990 5.923 16.462
5.254 2.477 17.948
1.786 3.669 19.064
1.098 5.073 15.572
1.939 1.655 14.158
-0.713 0.151 16.480
1.476 -1.585 19.068
0.761 -1.651 22.788
3.310 0.575 24.529
4.532 0.535 28.107
6.363 3.708 29.146
8.212 4.033 32.431
9.344 7.090 34.373
9.934 8.428 37.871
7.163 11.082 37.840
3.401 10.590 37.596
2.530 13.864 35.838
4.969 13.518 32.937
3.792 9.943 32.307
0.127 11.074 32.232
0.991 13.874 29.789
3.024 11.597 27.525
0.199 9.028 27.505
-2.315 11.686 26.500
-0.002 12.856 23.698
0.616 9.441 22.109
-2.331 7.126 22.841
-4.208 6.220 19.658
-6.952 4.113 21.267
-8.153 3.310 24.776
-5.934 0.949 26.710
-3.084 1.199 24.181
-0.612 2.744 26.604
0.425 1.588 30.052
2.348 4.006 32.240
4.487 2.619 35.023
6.074 4.837 37.663
9.199 2.932 38.638
12.942 2.972 39.170
15.055 0.812 36.816
17.509 0.420 39.714
14.954 -1.525 41.750
14.527 -5.205 40.885
11.238 -5.461 42.781
9.815 -2.612 40.651
10.919 -4.465 37.529
9.256 -7.760 38.548
6.049 -5.900 39.492
6.021 -4.177 36.111
6.477 -7.508 34.296
3.545 -9.057 36.226
1.387 -6.010 35.521
2.155 -6.103 31.761
1.621 -9.843 31.547
-1.807 -9.494 33.222
-2.880 -6.552 31.042
-1.436 -7.631 27.662
-0.289 -11.248 28.114
3.083 -10.778 26.331
6.163 -8.588 25.844
7.862 -8.344 22.458
10.388 -5.504 22.582
12.430 -3.797 25.271
14.082 -0.429 24.647
16.490 0.589 27.422
16.494 4.363 27.155
16.244 5.519 30.787
19.403 7.595 31.311
20.980 10.307 33.503
23.691 12.689 32.247
25.369 16.003 32.998
28.821 17.499 32.659
31.350 17.475 35.456
35.132 17.411 35.483
36.241 13.896 36.504
38.210 15.231 39.486
35.117 17.060 40.791
32.565 14.258 40.400
31.156 13.091 43.745
31.169 9.347 44.498
27.372 9.419 44.736
27.167 11.200 41.374
29.333 8.552 39.701
27.379 5.754 41.443
24.027 7.188 40.381
24.888 7.193 36.687
26.454 3.712 36.714
23.407 2.479 38.659
20.743 3.937 36.381
22.450 3.434 33.074
24.546 0.302 33.379
22.983 -1.616 36.244
19.383 -0.623 35.458
19.851 -1.710 31.841
21.177 -5.080 33.026
18.353 -5.514 35.559
15.699 -4.754 32.944
17.367 -6.881 30.316
17.871 -9.931 32.481
14.359 -9.815 33.933
12.723 -9.328 30.541
15.021 -11.938 29.009
14.023 -14.456 31.677
10.356 -13.737 30.927
10.987 -14.423 27.210
12.983 -17.592 27.973
10.115 -18.969 30.034
7.502 -18.085 27.427
9.629 -19.064 24.406
9.429 -15.537 22.968
12.074 -14.476 20.434
12.341 -10.930 21.768
14.207 -7.838 20.634
16.245 -5.541 22.826
17.441 -2.070 21.772
19.857 -0.213 24.036
20.331 3.549 23.619
24.067 4.339 23.791
26.229 7.311 22.783
29.055 7.757 20.308
31.431 8.492 23.192
30.789 4.947 24.471
33.706 3.718 22.268
35.937 6.672 22.596
36.565 9.387 25.152
33.742 11.359 26.795
35.503 14.337 28.404
33.268 15.988 30.952
30.872 12.975 30.974
33.157 10.189 32.300
30.299 8.580 34.258
28.073 8.293 31.164
30.939 7.212 28.882
31.809 4.341 31.243
28.197 3.325 31.802
27.302 3.428 28.103
30.481 1.542 27.170
29.369 -1.119 29.621
25.935 -1.131 27.957
27.503 -1.568 24.521
29.554 -4.567 25.781
26.417 -6.040 27.348
24.601 -5.537 24.001
27.178 -7.528 22.058
27.533 -10.208 24.748
23.777 -10.828 24.979
23.464 -10.881 21.168
25.898 -13.814 21.131
24.602 -15.751 24.184
20.873 -15.182 23.804
20.895 -14.934 20.029
22.351 -18.435 20.009
20.431 -20.058 22.900
17.068 -18.277 22.564
16.950 -16.421 19.233
16.743 -13.088 21.105
18.187 -10.129 19.116
20.116 -7.438 20.926
21.334 -4.184 19.314
22.114 -0.569 20.152
21.489 2.866 18.702
23.979 5.691 19.133
22.403 9.047 18.413
24.158 12.298 17.756
22.714 15.638 18.900
18.907 15.466 18.636
16.471 18.387 18.794
13.896 18.468 21.618
15.902 16.718 24.381
16.952 17.684 27.932
20.357 17.697 29.659
22.378 20.014 31.916
28.540 30.005 23.315
25.563 29.267 21.057
24.477 25.938 19.570
26.014 26.566 16.148
29.115 25.400 18.017
28.113 21.760 17.573
25.640 21.986 14.664
28.878 22.973 12.923
30.623 19.851 14.212
28.049 17.740 12.301
28.907 17.244 8.620
25.195 17.348 7.736
24.952 20.705 9.584
21.837 20.138 11.644
20.428 18.313 14.569
18.709 14.942 14.246
15.078 14.498 15.215
13.213 12.201 17.631
11.161 11.049 14.616
14.328 9.962 12.785
15.549 8.047 15.846
12.085 6.475 16.122
12.312 5.377 12.459
15.597 3.596 13.158
14.140 1.874 16.212
11.118 0.829 14.135
13.300 -0.541 11.330
15.398 -2.527 13.847
12.228 -4.106 15.208
10.821 -4.999 11.770
10.827 -8.521 10.231
13.180 -7.206 7.499
15.808 -6.478 10.110
15.622 -9.934 11.701
19.290 -10.721 10.877
20.701 -7.606 12.524
22.139 -8.676 15.828
24.915 -7.470 18.129
25.516 -4.161 16.340
25.336 -0.471 17.165
23.571 1.675 14.549
24.913 5.239 14.668
22.699 8.133 13.682
24.733 11.316 14.131
25.120 12.931 10.704
28.784 11.922 10.823
29.621 13.905 13.961
31.753 11.357 15.764
34.257 11.114 12.868
37.442 13.207 12.599
36.496 16.552 11.084
40.054 17.655 10.144
43.458 16.083 9.409
