219.116 161.844 96.145
221.372 159.535 98.277
224.125 160.256 100.725
227.731 159.440 100.009
228.578 157.670 103.180
231.996 157.049 104.643
233.875 156.221 107.817
236.482 158.865 107.023
233.614 161.515 106.750
233.602 162.109 110.629
235.003 164.902 112.639
233.785 167.557 110.220
231.074 170.225 110.087
228.495 169.989 107.252
225.415 171.751 106.019
221.977 170.332 105.643
222.827 168.648 102.423
226.056 167.119 103.869
228.394 169.327 102.016
231.508 170.659 103.978
231.333 174.228 105.482
234.598 173.385 107.194
236.363 174.418 104.032
237.635 170.775 104.143
238.112 168.321 101.287
235.447 166.327 99.205
232.583 164.414 100.958
233.997 160.995 99.810
231.881 157.920 99.147
232.208 154.278 99.702
228.552 153.612 99.192
225.571 155.522 98.154
222.674 154.858 100.626
219.060 156.183 100.356
217.868 158.935 102.713
214.278 158.620 101.709
213.400 156.769 104.960
215.172 153.445 104.668
218.476 152.321 103.228
218.076 148.572 103.787
215.997 148.765 107.137
217.741 145.926 109.209
216.008 146.627 112.531
216.031 143.603 114.749
213.383 141.396 116.257
215.634 141.220 119.436
214.827 143.473 122.379
217.251 145.959 124.262
219.940 144.976 126.808
223.450 146.494 127.638
223.813 149.974 129.057
224.601 153.137 127.041
225.835 155.903 129.294
225.100 159.622 128.593
227.178 160.921 131.513
224.158 162.701 133.148
223.212 161.174 136.512
219.429 161.769 136.248
219.020 159.934 132.945
221.474 157.060 133.398
220.646 155.688 136.868
216.959 156.536 137.214
215.861 155.925 133.542
218.489 153.315 132.309
218.885 153.475 128.514
220.109 150.454 126.814
220.943 150.451 123.130
218.299 150.510 120.486
215.865 152.186 122.786
214.374 155.501 121.676
213.704 157.747 124.654
213.031 161.343 123.882
213.780 164.425 125.984
210.610 166.476 126.260
211.924 169.903 127.338
210.602 173.303 126.816
211.671 176.635 125.649
211.661 177.698 129.278
214.686 175.492 129.669
217.935 175.829 127.677
217.217 172.905 125.464
220.253 173.216 123.146
222.710 173.465 126.117
221.309 170.274 127.828
221.387 168.468 124.377
225.063 169.347 123.946
225.738 168.130 127.462
224.400 164.711 126.667
226.667 164.484 123.573
229.789 165.978 125.106
229.824 163.918 128.290
228.844 160.877 126.258
231.866 159.015 124.927
233.958 160.044 127.951
231.939 157.395 129.821
233.509 154.848 127.337
237.159 154.195 128.648
235.533 153.636 132.049
233.038 151.219 130.321
235.897 149.401 128.502
237.665 148.643 131.714
234.536 147.247 133.377
233.987 145.439 129.982
230.794 146.933 128.754
232.192 147.923 125.400
234.788 146.187 123.404
233.939 148.160 120.175
233.939 151.960 119.932
231.419 154.621 120.508
230.370 157.317 117.903
227.981 160.165 118.116
225.930 161.567 115.227
224.719 165.055 116.025
221.960 166.706 113.956
220.957 170.345 114.521
217.881 171.901 112.897
216.654 175.511 111.984
219.338 176.527 114.332
220.628 179.974 115.395
224.120 180.911 114.334
225.429 181.154 117.969
224.052 177.737 118.699
225.649 176.060 115.629
229.025 177.408 116.711
228.394 176.497 120.376
228.139 172.776 119.672
231.481 172.611 117.898
233.224 174.594 120.599
231.837 172.328 123.416
233.068 169.191 121.583
236.478 170.780 120.928
236.870 171.468 124.620
236.142 167.837 125.770
237.952 166.276 122.876
234.904 164.588 121.601
235.190 166.320 118.149
236.628 163.493 116.159
234.323 160.995 117.933
231.309 162.705 116.233
230.125 164.243 112.936
228.075 167.518 113.283
225.526 168.461 110.685
224.167 172.046 111.002
221.238 173.273 109.054
220.747 177.057 109.690
217.338 178.682 109.882
217.572 180.993 107.007
217.988 177.774 104.948
214.474 176.743 103.524
212.363 174.267 105.275
212.919 171.217 102.858
216.554 171.135 103.517
215.835 171.077 107.251
213.761 167.894 107.230
216.434 166.301 104.957
219.081 166.929 107.593
218.370 164.227 110.217
217.554 161.791 107.399
221.191 162.192 106.101
222.513 161.734 109.624
220.505 158.553 110.403
221.612 156.873 107.172
225.271 157.536 107.906
224.867 156.004 111.267
223.157 152.795 109.966
226.275 152.097 107.773
228.885 152.557 110.754
226.668 150.442 112.954
226.137 147.516 110.476
229.463 147.067 108.695
232.051 148.030 111.300
229.903 147.298 114.334
229.801 150.351 116.646
227.380 151.454 119.224
226.014 154.828 118.015
224.024 157.404 119.974
222.154 159.731 117.646
221.164 163.131 119.005
218.467 164.891 116.955
217.417 168.385 117.879
214.817 169.928 117.206
211.957 167.619 116.300
209.593 170.590 116.816
211.321 172.475 113.843
211.138 169.342 111.682
207.413 169.073 112.438
206.828 172.712 111.565
208.516 172.189 108.156
206.140 169.339 107.488
203.096 171.429 108.432
204.617 174.283 106.313
204.940 172.377 103.092
201.476 172.208 101.476
200.395 175.405 99.661
199.406 174.024 96.322
198.947 170.437 97.433
195.475 168.927 97.584
196.508 167.382 100.880
194.740 168.742 103.969
196.239 168.870 107.577
194.649 167.595 110.784
194.298 169.161 114.388
196.006 172.535 115.175
197.113 172.765 111.647
199.537 169.892 112.030
199.167 166.961 109.475
196.808 163.938 109.847
199.794 162.106 108.612
202.084 163.743 111.343
202.394 160.141 112.671
203.783 158.929 109.450
206.483 161.609 109.339
207.582 160.886 112.921
207.711 157.264 112.182
210.084 157.952 109.380
212.915 159.160 111.664
211.868 156.390 114.126
212.389 153.557 111.609
216.171 154.180 111.798
216.607 153.385 115.430
216.949 149.892 117.091
219.434 147.028 117.012
221.255 146.414 113.693
221.625 142.916 112.222
224.619 141.074 113.819
223.704 142.934 117.055
226.890 144.035 118.820
226.542 147.455 117.011
223.382 149.410 117.500
221.746 152.699 116.583
220.445 154.410 119.669
218.215 157.479 119.250
217.381 160.233 121.528
215.139 162.797 119.749
214.784 166.234 121.534
211.210 167.824 121.486
210.593 171.413 122.815
207.106 172.256 124.083
206.663 175.889 122.819
203.793 176.633 125.202
204.206 173.924 127.982
201.205 171.898 126.683
201.494 168.089 126.914
198.218 167.845 125.001
200.013 169.610 122.126
199.782 167.219 119.044
203.614 166.873 118.647
204.505 165.188 121.957
201.326 163.058 122.044
201.882 161.095 118.879
205.554 160.678 119.568
204.833 159.562 123.134
202.782 156.626 122.087
205.500 155.310 119.760
208.474 155.908 122.145
209.583 153.516 125.036
209.128 155.991 127.798
209.981 159.762 127.878
212.161 162.133 129.845
210.344 165.258 131.243
212.477 168.354 132.009
210.654 171.139 133.931
211.027 174.980 134.233
210.629 174.976 138.025
213.971 173.389 138.842
215.857 175.563 136.324
214.318 178.465 138.305
215.747 177.254 141.706
219.027 177.254 139.737
219.635 173.500 139.588
221.323 172.615 136.236
220.573 170.131 134.554
216.923 170.482 135.906
215.454 167.108 134.990
212.620 166.434 137.413
212.504 162.633 137.615
208.934 162.848 138.782
206.940 161.738 135.782
210.137 160.613 133.750
210.086 156.828 132.951
212.103 154.118 131.260
209.922 151.251 130.453
212.786 148.770 129.787
