13.792 16.428 14.609
16.758 14.891 12.661
16.127 11.607 10.801
18.809 8.898 10.464
16.767 6.307 8.465
19.234 6.046 5.521
22.252 5.741 7.873
20.472 3.032 9.879
19.798 0.991 6.655
23.394 1.454 5.376
24.753 0.263 8.743
22.571 -2.909 8.593
24.386 -3.675 5.280
27.831 -2.713 6.722
27.447 -5.087 9.683
27.359 -8.078 7.333
30.574 -6.987 5.549
33.182 -5.665 8.005
34.080 -6.328 11.693
31.567 -4.298 13.703
30.401 -2.854 10.358
33.405 -0.438 10.089
36.974 0.011 8.723
38.193 1.660 12.008
36.757 1.089 15.490
35.769 4.595 16.450
33.445 4.834 13.363
30.900 2.480 15.033
29.874 5.321 17.524
29.856 2.805 20.396
31.217 5.327 22.985
28.055 7.477 22.518
25.569 4.610 21.925
24.170 6.148 18.746
23.499 4.869 15.216
26.641 5.707 13.140
26.293 8.655 10.754
27.034 7.763 7.111
28.633 10.748 5.321
27.875 11.581 1.659
29.869 14.781 1.016
31.674 17.707 2.581
32.537 21.300 1.699
34.757 23.462 3.875
33.755 23.133 7.542
30.417 21.453 6.526
29.741 17.715 6.298
26.510 16.056 5.064
25.103 12.698 6.024
23.175 10.394 3.614
19.832 11.591 5.125
20.716 15.129 3.948
21.518 16.510 7.449
24.131 19.259 7.599
26.784 19.497 10.333
29.552 21.810 11.351
32.524 19.435 11.285
34.989 19.260 14.234
36.150 15.693 13.296
37.822 16.653 9.961
38.543 12.890 9.344
40.189 12.789 12.866
42.762 15.473 12.046
43.771 15.366 8.313
41.406 18.034 6.957
43.247 21.172 8.126
41.544 23.178 5.294
38.234 21.280 5.600
36.569 19.236 2.863
37.314 19.523 -0.851
39.734 22.511 -0.621
39.777 23.982 -4.222
43.603 24.045 -4.577
43.963 20.453 -3.271
41.085 19.189 -5.512
42.533 20.777 -8.689
46.011 19.316 -7.965
44.475 15.809 -7.388
42.507 16.063 -10.696
45.672 17.208 -12.612
47.811 14.300 -11.186
45.044 11.677 -11.705
44.984 12.489 -15.508
48.800 11.869 -15.679
49.054 8.755 -13.494
48.742 8.403 -9.700
51.699 6.041 -9.024
54.826 4.979 -10.980
57.028 2.760 -8.822
60.004 4.940 -9.829
61.146 8.365 -8.489
59.135 11.527 -9.278
60.020 15.229 -8.938
56.899 15.892 -6.789
58.431 13.662 -4.044
61.427 16.054 -3.990
59.110 19.072 -3.725
57.198 17.735 -0.665
60.329 16.338 1.022
61.984 19.831 0.738
58.878 21.547 2.285
58.655 19.041 5.165
62.419 19.430 5.946
62.004 23.264 6.063
58.768 23.105 8.139
59.801 20.490 10.758
62.841 21.499 12.887
64.294 18.041 13.681
63.869 16.734 10.100
67.011 16.878 7.938
66.229 13.682 5.894
62.706 12.316 5.423
61.031 9.083 4.253
57.369 9.035 3.094
55.124 6.084 4.067
51.357 5.455 3.837
50.094 6.020 7.394
51.025 7.122 10.913
51.163 3.386 11.909
53.810 2.797 9.196
55.735 5.903 10.358
55.933 4.975 14.086
56.691 1.249 13.528
59.520 2.317 11.138
60.926 4.932 13.597
61.009 2.309 16.397
62.875 -0.145 14.117
65.306 2.666 13.110
65.885 3.670 16.764
66.555 0.017 17.769
68.879 -0.537 14.787
70.739 2.802 15.208
71.385 2.333 18.950
71.741 -1.492 18.920
69.186 -1.625 21.820
65.953 -3.543 22.414
63.592 -1.547 24.611
61.250 1.319 23.862
59.548 3.551 26.381
56.047 4.949 25.781
53.291 6.584 27.833
50.101 5.073 29.292
46.955 6.092 27.401
48.914 7.086 24.297
48.258 5.641 20.836
50.970 5.536 18.152
49.265 3.285 15.632
48.887 -0.477 15.690
52.534 -1.694 15.456
52.752 -4.578 18.068
55.426 -2.880 20.284
53.084 0.127 20.574
49.857 -1.741 21.442
50.839 -1.864 25.168
48.607 0.400 27.428
47.389 2.316 24.331
44.312 3.805 26.070
40.689 4.506 25.037
39.396 1.979 22.489
42.509 -0.253 22.652
43.648 -6.124 28.906
46.145 -4.913 26.233
45.282 -6.236 22.747
45.580 -10.071 22.475
47.726 -11.315 19.555
50.837 -9.485 20.821
53.377 -12.057 22.147
55.274 -11.734 25.475
58.434 -11.577 23.282
57.183 -8.154 22.086
55.532 -6.910 25.379
58.755 -7.490 27.395
60.609 -4.855 25.299
58.060 -2.057 25.876
58.192 -0.030 29.104
55.096 2.084 29.938
54.999 5.172 32.224
52.159 7.693 33.001
52.152 10.649 30.561
53.530 13.780 32.349
55.363 11.594 34.920
58.977 12.631 34.360
60.324 10.989 37.570
58.991 7.575 36.529
60.832 7.916 33.153
64.027 8.704 35.191
63.395 5.589 37.366
62.934 3.414 34.275
66.361 4.620 33.003
67.917 3.540 36.389
66.948 -0.084 35.551
67.014 -0.208 31.721
68.952 2.832 30.725
71.563 1.356 28.397
69.048 -0.976 26.664
66.452 1.768 25.957
66.582 2.497 22.219
64.063 5.335 22.371
61.401 7.250 24.176
58.386 7.920 21.988
56.042 10.682 23.017
53.205 12.823 21.581
54.223 16.528 22.285
50.528 17.080 23.153
48.683 13.832 24.094
45.597 13.422 21.856
44.206 9.831 22.469
43.210 10.510 26.101
41.553 13.711 24.928
43.865 16.765 24.649
46.463 16.651 27.420
49.282 19.254 27.087
52.720 18.408 28.553
53.364 19.711 32.061
56.216 22.250 32.567
59.581 20.455 32.326
58.169 17.175 30.908
59.368 17.313 27.260
62.648 19.075 28.224
63.136 16.334 30.848
62.644 13.595 28.181
65.240 15.295 25.944
67.739 15.388 28.928
67.217 11.709 30.104
67.480 10.260 26.525
70.599 12.187 25.504
72.336 11.430 28.856
71.587 7.686 28.440
72.193 7.302 24.682
68.453 6.727 23.846
66.787 8.538 20.934
63.852 10.888 21.606
61.029 10.263 19.056
58.148 12.747 18.790
55.019 11.173 17.457
53.599 14.235 15.677
51.088 12.274 13.574
48.255 14.308 15.177
50.227 17.387 16.360
52.240 17.847 13.154
51.218 20.993 11.161
48.267 21.390 13.575
49.370 22.552 17.073
51.704 25.184 15.504
53.424 26.260 12.255
56.625 24.387 13.158
54.798 21.568 14.940
54.789 20.676 18.633
58.615 20.549 18.684
58.706 24.123 17.274
55.952 25.292 19.635
57.608 23.972 22.846
61.217 24.446 21.654
62.249 20.814 22.279
64.068 19.074 19.388
63.696 15.284 19.024
66.036 12.939 17.193
63.242 11.577 15.001
59.706 12.760 14.228
56.707 10.732 12.910
54.107 12.460 10.772
50.728 11.635 9.357
47.235 12.916 9.141
47.600 16.531 7.978
50.706 15.668 5.843
48.327 13.790 3.494
45.563 16.428 3.530
42.861 13.783 3.120
44.944 11.105 1.391
46.827 8.142 3.050
50.305 9.607 3.806
52.727 9.250 6.690
56.425 10.111 7.138
59.334 9.678 9.512
62.359 11.909 9.502
65.108 13.263 11.669
68.885 13.627 12.017
70.713 12.766 8.711
73.144 10.338 10.379
70.219 8.318 11.804
68.087 8.407 8.616
71.168 7.241 6.544
70.812 3.788 8.208
67.430 3.248 6.386
67.508 1.055 3.231
68.798 1.512 0.523
71.506 3.713 2.087
71.694 1.495 5.199
70.703 -1.968 6.467
67.424 -1.129 8.327
64.700 -2.302 5.990
61.609 -0.322 5.227
59.686 -0.096 1.902
56.292 0.695 0.505
54.711 0.173 -2.807
52.528 3.351 -2.788
54.887 5.411 -0.581
55.611 8.773 -2.208
53.028 8.281 -4.979
52.419 11.596 -6.883
48.706 11.834 -5.990
49.438 11.799 -2.205
52.529 14.079 -2.637
50.291 16.660 -4.487
47.579 16.584 -1.762
50.250 16.912 0.956
52.142 19.701 -0.861
48.980 21.741 -1.652
47.829 21.290 1.965
51.089 22.375 3.688
51.936 25.260 1.318
48.578 26.917 2.250
49.458 26.896 5.949
51.213 30.081 7.068
52.137 31.420 10.562
48.856 33.490 10.337
46.744 30.282 10.029
47.816 29.324 13.610
47.164 32.799 15.050
43.590 32.343 13.670
43.365 28.741 15.069
44.407 30.029 18.527
41.807 32.861 18.381
38.992 30.364 17.522
40.151 27.800 20.096
40.158 30.570 22.761
36.592 31.589 21.727
35.411 27.934 21.869
37.064 27.486 25.304
35.302 30.634 26.684
31.914 29.634 25.223
32.069 26.030 26.519
33.305 27.340 29.942
30.395 29.805 30.147
27.799 27.101 29.178
29.213 24.547 31.666
29.361 27.190 34.484
25.805 28.410 33.708
24.457 24.828 34.001
26.599 23.630 36.939
28.349 20.940 34.820
31.732 19.526 35.978
34.257 20.515 33.273
37.961 20.970 32.521
39.143 22.466 29.220
42.638 21.885 27.947
44.210 24.042 25.313
47.652 23.755 23.654
48.244 25.994 20.650
45.345 25.305 18.249
44.251 22.139 20.115
41.267 22.086 22.441
39.319 19.494 24.416
36.534 19.586 27.082
36.375 16.804 29.759
33.231 16.319 31.871
35.158 16.352 35.193
36.314 19.072 37.586
39.655 17.256 38.057
42.690 18.957 36.365
43.284 16.698 33.375
47.114 16.112 33.330
47.258 12.358 32.601
45.088 9.376 31.520
44.061 8.693 35.173
42.597 12.209 35.546
41.010 11.941 32.012
39.259 8.683 33.124
37.378 10.635 35.872
35.280 12.193 33.001
31.531 11.565 33.303
30.824 9.463 30.176
27.025 9.609 30.672
27.254 13.440 30.456
29.543 13.117 27.426
27.103 10.810 25.554
24.034 13.063 26.449
25.983 16.234 25.436
27.101 14.481 22.158
23.540 13.341 21.245
22.219 16.894 21.590
25.204 18.419 19.605
24.294 16.018 16.711
20.626 17.161 16.985
21.838 20.836 16.792
23.941 20.134 13.667
27.420 19.824 15.164
29.588 16.783 14.314
32.073 16.361 17.156
34.379 13.319 17.591
32.129 10.568 19.102
34.494 9.992 22.080
35.248 11.808 25.334
38.872 10.921 24.654
39.372 13.271 21.714
39.744 17.028 21.204
37.792 19.279 18.753
39.628 19.672 15.391
39.679 23.125 13.761
40.222 23.980 10.075
41.428 27.115 8.293
37.846 27.269 6.997
35.857 27.359 10.250
34.109 30.710 10.311
33.176 32.964 13.279
29.536 32.100 12.431
30.426 28.337 12.813
32.049 29.066 16.256
29.011 31.074 17.431
26.556 28.365 16.280
28.739 25.728 18.050
28.727 27.651 21.349
24.912 28.237 21.006
24.443 24.420 20.459
26.731 23.637 23.487
24.583 25.920 25.717
21.435 23.903 24.737
23.320 20.593 25.054
24.641 21.540 28.581
21.123 22.646 29.672
19.780 19.058 29.256
22.523 17.167 31.202
21.036 17.569 34.726
64.105 20.561 9.389
73.454 17.208 14.063
