-32.859 56.108 -4.861
-32.751 53.059 -7.141
-30.189 50.290 -6.688
-29.593 47.840 -9.534
-27.696 44.547 -9.465
-25.604 43.402 -12.458
-24.992 39.720 -11.754
-22.660 37.336 -13.561
-19.912 34.765 -13.287
-17.374 37.280 -14.714
-14.752 34.659 -15.578
-13.096 37.090 -16.240
-14.628 40.568 -16.521
-14.397 41.564 -20.230
-14.542 44.906 -22.022
-18.193 44.086 -22.795
-18.998 43.789 -19.075
-17.101 46.963 -18.244
-19.022 48.917 -20.857
-22.297 47.634 -19.397
-21.145 48.762 -15.922
-20.254 52.222 -17.255
-23.682 52.551 -18.919
-25.753 51.114 -16.040
-23.953 53.140 -13.372
-24.849 56.322 -15.282
-28.563 55.496 -14.899
-28.838 53.998 -11.418
-27.921 55.608 -8.116
-25.917 52.549 -7.107
-24.859 49.643 -9.283
-23.947 46.449 -7.448
-21.835 44.061 -9.516
-22.701 40.648 -8.118
-20.092 37.985 -8.798
-21.700 34.565 -8.406
-19.591 31.681 -7.126
-20.996 29.537 -9.972
-19.345 26.342 -8.679
-21.133 24.072 -11.168
-19.910 26.083 -14.100
-16.358 25.211 -13.119
-14.952 28.740 -13.476
-11.330 29.219 -14.504
-10.707 31.828 -11.798
-11.748 31.326 -8.170
-14.379 33.660 -6.719
-11.663 35.533 -4.765
-9.706 35.994 -7.993
-12.769 37.116 -9.978
-13.548 39.714 -7.294
-9.962 41.045 -7.395
-10.046 41.147 -11.201
-13.341 43.056 -11.235
-12.277 45.460 -8.446
-9.116 46.363 -10.350
-11.145 47.384 -13.411
-14.213 48.889 -11.723
-12.914 50.396 -8.468
-12.672 53.906 -9.899
-16.463 54.132 -10.479
-17.757 55.954 -7.379
-21.266 54.431 -7.338
-20.266 50.869 -8.229
-19.918 48.146 -5.574
-18.346 44.763 -6.402
-19.519 41.908 -4.175
-19.419 38.119 -4.338
-22.278 35.760 -3.486
-22.555 32.011 -2.990
-26.326 31.638 -2.806
-29.419 32.576 -4.708
-29.545 35.771 -6.785
-32.998 36.398 -5.234
-31.383 36.675 -1.835
-28.537 38.882 -3.084
-30.980 41.273 -4.760
-33.122 41.544 -1.621
-29.988 42.031 0.500
-28.959 45.021 -1.581
-32.478 46.587 -1.566
-32.325 46.405 -5.358
-35.343 47.094 -7.572
-33.628 46.174 -10.845
-31.559 43.323 -12.214
-29.514 44.608 -15.190
-28.345 42.173 -17.844
-26.433 42.774 -21.055
-28.267 41.824 -24.189
-26.408 41.687 -27.436
-27.480 40.690 -30.910
-25.567 37.435 -30.273
-26.782 36.772 -26.704
-28.087 33.431 -25.494
-31.656 34.740 -25.666
-33.190 31.455 -24.458
-31.030 31.631 -21.346
-31.665 35.332 -20.665
-35.435 35.168 -21.021
-35.674 31.963 -18.962
-33.721 33.580 -16.148
-35.811 36.767 -16.355
-39.058 34.774 -16.381
-38.035 32.587 -13.453
-36.666 35.511 -11.441
-40.120 37.140 -12.149
-41.665 34.305 -10.116
-39.007 34.532 -7.409
-38.976 38.377 -7.246
-42.250 39.719 -8.689
-41.519 43.349 -7.745
-37.972 43.376 -9.220
-37.579 44.270 -12.902
-35.033 42.626 -15.177
-33.873 45.349 -17.557
-31.646 44.601 -20.542
-28.975 47.048 -21.729
-26.726 46.921 -24.796
-22.961 47.431 -24.879
-21.196 49.481 -27.581
-21.051 47.906 -31.076
-17.369 47.066 -30.721
-18.005 44.750 -27.740
-21.189 43.045 -29.050
-19.334 39.928 -30.246
-16.964 39.204 -27.328
-17.398 35.729 -25.795
-15.816 35.007 -22.408
-15.542 31.315 -23.279
-13.576 32.182 -26.421
-11.449 34.666 -24.438
-10.447 31.862 -22.021
-9.775 29.471 -24.920
-7.480 31.983 -26.615
-5.629 32.775 -23.369
-5.100 29.058 -22.607
-3.610 28.534 -26.062
-1.240 31.463 -25.396
-3.007 34.038 -27.507
-3.390 37.703 -26.718
-6.831 38.834 -25.568
-6.032 42.579 -25.126
-8.731 43.547 -27.637
-11.290 41.773 -25.417
-10.200 42.437 -21.814
-8.386 45.258 -19.979
-4.586 45.023 -19.430
-5.031 44.172 -15.751
-7.221 41.220 -16.739
-4.700 40.072 -19.348
-2.128 39.904 -16.517
-4.387 37.602 -14.487
-5.049 35.330 -17.477
-1.337 35.052 -18.276
-0.418 34.280 -14.706
-3.169 31.680 -14.242
-2.364 29.961 -17.542
1.328 29.795 -16.606
0.551 28.455 -13.119
-1.756 25.679 -14.336
0.942 24.418 -16.733
