-3.269 4.030 30.936
-3.581 5.718 27.554
-4.566 3.282 24.769
-2.148 3.152 21.830
-2.514 1.920 18.269
0.692 1.226 16.291
0.483 1.491 12.458
3.603 0.537 10.515
4.089 -1.857 7.625
7.259 -3.175 9.274
6.348 -6.016 11.614
9.715 -5.597 13.380
8.989 -1.986 14.197
5.476 -2.822 15.463
6.876 -5.520 17.781
9.773 -3.347 18.958
7.541 -0.408 19.791
4.920 -2.681 21.390
7.581 -4.311 23.573
8.766 -0.912 24.678
5.251 0.314 25.511
4.846 -2.733 27.774
7.459 -1.169 29.993
5.590 2.156 30.366
2.945 2.165 33.137
0.994 5.005 31.512
0.421 3.490 28.025
-0.776 0.155 26.734
-1.129 -1.170 23.204
-4.656 -2.024 22.105
-4.186 -2.425 18.346
-1.516 -2.926 15.711
-1.904 -2.622 11.945
0.234 -3.128 8.853
-1.757 -1.050 6.399
-4.409 1.663 6.192
-7.439 -0.575 5.788
-6.420 -2.781 8.701
-5.837 0.377 10.737
-9.336 1.601 9.823
-10.806 -1.783 10.723
-9.142 -1.847 14.101
-9.774 1.835 14.883
-13.440 1.881 13.891
-13.977 -1.096 16.143
-11.865 0.336 19.006
-13.030 3.870 19.744
-11.079 4.106 23.022
-7.790 4.712 21.198
-6.029 7.736 22.695
-2.837 7.815 20.606
-1.908 6.534 17.165
1.745 6.040 16.233
1.872 6.115 12.443
4.792 5.419 10.053
5.408 8.509 7.969
6.782 6.160 5.256
3.523 4.154 5.014
1.730 5.153 1.811
-1.520 7.015 2.440
-4.693 5.362 1.161
-5.924 6.714 -2.190
-8.625 8.803 -0.468
-6.670 8.908 2.809
-9.529 7.166 4.516
-7.490 6.060 7.586
-5.856 9.385 8.418
-9.123 11.206 7.612
-11.107 8.904 9.886
-8.551 9.245 12.671
-8.467 13.032 12.478
-12.152 13.696 11.802
-14.067 10.858 13.485
-11.935 10.304 16.585
-10.150 12.469 19.116
-6.982 10.345 19.119
-3.673 12.169 19.055
-1.535 11.226 16.068
2.249 11.001 16.225
4.177 10.281 13.043
7.165 7.945 13.195
10.169 8.812 11.036
12.906 6.399 9.851
15.512 9.135 9.805
16.476 11.898 12.194
13.699 14.491 12.180
16.193 17.411 12.314
17.240 18.141 8.715
14.364 16.090 7.243
11.074 17.291 5.765
9.243 15.133 8.303
8.244 17.702 10.936
6.642 19.875 8.239
5.052 16.858 6.542
3.562 15.807 9.886
1.882 19.189 10.424
0.546 19.134 6.859
-1.024 15.693 7.313
-2.762 16.959 10.457
-0.523 14.976 12.832
0.100 16.329 16.321
3.798 15.497 16.371
6.659 13.509 14.911
9.461 11.460 16.421
12.241 9.269 15.149
11.653 5.555 15.313
13.636 3.967 18.127
16.353 1.373 17.554
18.721 -0.994 19.369
21.522 0.803 17.495
24.593 2.721 18.724
18.195 5.868 25.788
16.233 3.252 23.729
12.836 4.859 23.617
13.509 7.728 25.967
12.705 10.306 23.294
9.679 8.303 22.126
8.262 8.070 25.664
8.866 11.768 26.220
7.065 12.684 23.007
4.104 10.391 23.723
3.753 11.936 27.179
4.047 15.514 25.925
1.299 14.835 23.389
-1.120 13.422 25.928
-0.472 16.218 28.472
-0.885 19.012 25.912
