25.490 16.033 4.996
25.726 12.248 5.387
29.025 10.511 5.991
27.785 6.902 5.917
24.924 4.636 7.047
24.976 2.289 10.063
23.646 -0.983 8.520
24.741 -3.795 10.854
25.480 -4.505 14.503
26.401 -7.845 16.077
27.206 -9.005 19.586
28.356 -12.256 21.224
30.001 -13.709 24.301
33.057 -15.974 24.506
32.040 -17.504 27.884
35.673 -18.590 28.251
37.869 -16.552 30.621
37.887 -13.266 32.516
40.721 -11.752 30.376
41.954 -14.384 27.867
40.397 -14.555 24.391
38.979 -17.976 23.398
41.712 -19.946 21.598
39.464 -20.799 18.640
38.148 -17.233 18.008
34.651 -18.751 17.709
32.964 -15.919 19.667
34.516 -13.224 17.447
33.466 -15.216 14.390
29.829 -15.430 15.567
29.861 -11.697 16.381
31.042 -10.723 12.883
28.584 -13.182 11.268
25.685 -11.665 13.226
26.671 -8.102 12.212
26.922 -9.063 8.523
23.544 -10.879 8.723
21.979 -7.785 10.320
23.539 -5.685 7.513
22.210 -8.061 4.809
25.644 -8.300 3.241
28.060 -11.075 2.286
31.877 -11.058 2.613
32.244 -10.202 -1.097
30.851 -6.735 -0.180
33.352 -5.957 2.589
36.119 -3.484 1.610
37.737 -2.399 4.867
37.961 -3.962 8.325
39.078 -1.896 11.296
40.416 -4.620 13.563
40.352 -4.908 17.325
44.110 -5.669 16.851
45.558 -4.585 20.229
49.169 -5.798 19.622
48.747 -8.833 21.860
49.176 -12.572 21.212
45.436 -12.619 20.413
45.956 -10.576 17.201
46.425 -13.855 15.303
43.258 -15.455 16.741
41.289 -12.420 15.474
43.047 -12.731 12.097
42.052 -16.443 11.957
38.428 -15.656 12.822
38.272 -12.932 10.187
39.714 -15.366 7.574
37.032 -17.928 8.367
34.294 -15.294 8.126
35.370 -13.827 4.800
36.491 -17.000 2.989
37.651 -16.425 -0.594
37.065 -12.631 -0.307
40.202 -12.387 1.890
42.582 -11.311 -0.890
40.510 -8.250 -1.804
39.843 -7.004 1.755
42.026 -4.473 3.593
42.213 -4.891 7.372
44.210 -2.602 9.640
44.593 -1.745 13.274
44.702 1.955 14.027
45.794 0.996 17.547
49.199 0.858 15.850
48.997 4.672 15.724
46.907 5.841 18.725
47.110 2.806 21.005
44.225 1.178 22.830
41.652 3.761 24.040
39.807 0.974 25.920
36.134 2.090 26.180
36.803 4.831 23.594
38.609 2.529 21.093
35.426 1.425 19.331
34.201 4.983 18.970
37.485 6.376 17.612
37.667 3.388 15.244
34.056 3.940 14.067
35.062 7.528 13.192
38.127 6.214 11.327
36.024 3.588 9.539
33.621 6.355 8.482
36.450 8.515 7.130
37.889 5.478 5.298
34.606 5.331 3.352
34.496 9.080 2.777
38.054 9.305 1.506
38.508 5.852 -0.034
41.650 5.159 1.976
42.529 2.396 4.420
44.647 3.568 7.391
47.959 1.731 7.914
49.022 -0.827 10.434
52.221 0.868 11.629
55.217 -1.186 12.691
54.266 -4.330 10.782
57.876 -5.223 10.006
57.586 -9.024 10.262
54.025 -10.408 10.207
53.481 -13.263 12.663
51.181 -15.144 10.308
50.839 -15.553 6.545
47.516 -14.267 5.236
45.877 -13.192 1.995
44.251 -10.238 3.761
45.930 -6.886 3.040
47.081 -5.720 6.516
48.032 -2.293 5.080
51.531 -2.378 6.575
53.384 0.942 7.228
51.454 3.319 4.921
47.767 3.819 4.079
46.300 2.324 0.911
44.061 4.299 -1.404
41.322 1.956 -2.629
37.567 1.744 -3.134
35.885 1.532 0.307
32.055 1.419 0.356
31.619 -1.043 3.284
33.556 -1.031 6.571
33.408 -3.540 9.400
34.706 -2.536 12.836
35.421 -5.141 15.538
35.867 -4.846 19.331
36.524 -7.808 21.603
36.772 -6.887 25.309
37.743 -8.295 28.718
35.068 -10.655 30.089
34.531 -12.114 26.590
32.310 -9.256 25.380
32.267 -8.917 21.594
30.679 -6.253 19.345
30.907 -5.449 15.618
29.547 -2.577 13.527
28.946 -2.495 9.773
28.991 0.837 7.989
28.167 1.568 4.350
28.298 4.524 1.953
24.921 6.189 1.656
23.643 6.302 -1.943
19.848 6.311 -1.621
