-1.522 3.321 30.144
-0.555 5.214 26.908
2.299 2.781 26.317
-0.061 -0.213 26.926
-2.594 1.262 24.435
0.092 1.822 21.822
1.389 -1.745 22.332
-2.150 -3.048 21.896
-2.573 -1.096 18.712
0.750 -2.370 17.377
-0.247 -5.990 18.076
-3.623 -5.419 16.376
-1.839 -3.881 13.348
0.302 -7.056 12.903
-2.768 -9.303 13.067
-4.946 -7.235 10.693
-2.806 -4.840 8.707
-4.449 -2.067 6.768
-3.566 -3.597 3.362
-1.157 -1.164 1.755
0.550 -0.163 4.983
3.271 -1.060 7.474
4.112 0.778 10.678
5.983 0.324 13.904
8.421 1.878 16.374
11.674 3.295 15.035
13.778 1.595 17.767
12.928 1.276 21.479
10.735 4.362 21.623
7.079 3.256 21.331
5.943 6.814 20.914
7.874 7.410 17.594
6.936 5.204 14.674
7.700 5.098 10.992
5.249 3.933 8.394
5.156 2.965 4.807
2.164 3.176 2.450
2.171 1.514 -0.945
0.157 3.660 -3.388
-3.422 2.353 -3.564
-3.939 0.179 -6.622
-6.822 2.176 -8.077
-5.064 5.440 -7.652
-2.580 7.409 -9.598
-0.045 6.576 -6.844
-0.006 2.873 -7.753
3.573 1.595 -7.672
4.666 4.361 -5.298
6.154 3.807 -1.856
5.471 6.657 0.555
7.247 7.078 3.931
5.588 8.670 7.021
6.520 9.510 10.576
4.116 9.069 13.469
4.526 10.676 16.883
2.064 9.537 19.646
1.416 12.051 22.399
2.128 11.127 26.007
-1.659 11.218 26.721
-2.647 9.026 23.752
-5.410 8.030 23.039
-6.841 11.382 24.279
-5.065 13.370 21.617
-4.326 12.270 18.044
-0.940 11.084 16.792
0.977 13.627 14.731
1.487 12.095 11.278
3.506 13.485 8.375
4.629 12.370 4.967
8.341 12.362 4.327
7.912 11.474 0.668
6.704 14.125 -1.831
3.214 13.539 -3.309
0.871 15.341 -5.660
-2.349 15.531 -3.622
-4.697 18.418 -2.592
-4.539 17.592 1.133
-0.818 16.915 1.674
1.698 19.744 1.407
5.406 19.909 0.720
6.093 19.861 4.471
4.321 16.439 4.547
1.398 17.888 6.555
-1.835 16.019 6.159
-5.206 17.763 6.162
-7.464 15.002 7.613
-10.272 15.717 10.089
-9.545 12.804 12.358
-5.994 14.095 12.937
-7.493 17.414 14.062
-10.984 18.303 15.300
-12.515 14.903 14.700
-10.044 12.755 16.660
-11.779 10.429 19.176
-10.088 8.097 21.703
-12.074 5.358 20.051
-9.783 5.680 17.006
-6.551 3.742 16.522
-3.419 4.003 14.393
-4.848 1.347 12.023
-7.935 3.527 11.562
-5.666 6.498 10.912
-3.656 4.585 8.280
-6.808 3.294 6.577
-8.164 6.892 6.511
-4.942 8.187 4.895
-5.266 5.509 2.256
-8.921 6.510 1.722
-7.749 10.146 1.359
-5.234 9.109 -1.325
-8.071 7.555 -3.292
-10.721 10.264 -2.525
-9.157 13.702 -1.966
-11.071 16.539 -0.238
-10.312 19.402 -2.662
-12.619 21.841 -0.818
-10.297 21.783 2.234
-6.864 22.069 0.558
-3.392 22.445 1.768
-2.205 22.739 -1.894
-4.606 24.992 -3.701
-3.300 24.440 -7.276
-3.566 20.672 -6.934
-7.133 21.095 -5.601
-7.959 23.249 -8.624
-6.625 20.676 -11.110
-8.459 17.878 -9.242
-11.771 19.808 -9.508
-11.442 20.987 -13.080
-9.495 18.321 -15.018
-9.320 14.964 -13.307
-7.480 13.414 -16.324
-4.673 15.993 -15.886
-4.644 15.463 -12.101
-4.194 11.700 -12.509
-1.403 12.159 -15.132
0.559 14.593 -12.942
0.034 12.490 -9.873
1.494 9.494 -11.817
4.448 11.700 -12.965
5.177 12.742 -9.388
4.882 9.146 -8.139
7.610 8.174 -10.536
9.721 11.260 -9.727
9.659 10.976 -5.946
8.110 7.711 -4.752
9.663 4.921 -6.768
