-7.980 -11.839 -8.728
-7.452 -8.762 -6.557
-7.268 -9.134 -2.779
-7.649 -6.167 -0.417
-6.130 -6.930 2.980
-7.455 -4.579 5.641
-8.657 -4.147 9.216
-10.966 -1.745 11.063
-9.785 1.748 12.077
-7.806 2.079 8.857
-8.376 5.290 6.911
-6.245 4.342 3.896
-8.125 1.017 3.832
-11.476 2.780 3.554
-10.068 5.056 0.842
-8.712 2.084 -1.096
-12.000 0.199 -0.832
-13.947 3.245 -1.996
-11.569 3.707 -4.931
-11.867 0.080 -6.011
-15.649 0.183 -5.629
-15.891 3.396 -7.657
-13.857 1.814 -10.454
-15.991 -1.362 -10.582
-13.023 -3.566 -9.667
-13.733 -7.105 -8.490
-11.850 -7.654 -5.225
-11.860 -10.048 -2.290
-11.919 -7.983 0.872
-10.011 -9.780 3.617
-10.396 -8.331 7.106
-7.374 -9.783 8.872
-8.728 -9.371 12.384
-12.034 -11.196 11.873
-10.417 -13.688 9.502
-6.744 -14.326 10.317
-4.171 -14.355 7.534
-3.303 -17.846 6.404
0.351 -18.906 6.401
0.177 -19.091 2.607
-1.193 -15.544 2.428
1.443 -14.050 4.734
4.258 -15.792 2.880
2.890 -14.715 -0.494
2.754 -11.115 0.712
6.358 -11.420 1.894
7.436 -12.876 -1.460
6.406 -9.578 -3.115
8.204 -7.297 -0.667
11.674 -5.857 -1.233
12.881 -6.183 2.353
10.499 -8.679 3.945
8.909 -8.255 7.362
10.171 -4.681 7.785
8.204 -3.611 4.703
4.869 -4.771 6.120
5.342 -4.710 9.891
5.588 -1.673 12.141
8.627 -3.403 13.633
9.180 -0.418 15.936
5.845 -0.831 17.732
5.676 -0.960 21.534
3.680 -4.194 21.274
6.974 -6.074 20.884
8.665 -4.406 23.848
5.570 -4.979 25.979
5.544 -8.692 25.118
9.308 -9.096 25.513
9.603 -10.458 21.973
11.767 -9.606 18.966
9.805 -9.529 15.714
12.469 -11.606 13.980
12.114 -14.485 16.475
8.428 -15.038 15.700
7.188 -17.973 13.619
4.635 -17.519 10.842
1.772 -18.645 13.110
2.937 -16.333 15.895
3.245 -13.315 13.593
-0.228 -14.038 12.211
-1.639 -14.308 15.730
0.022 -11.069 16.845
-1.277 -9.230 13.764
-4.806 -10.575 14.168
-4.750 -9.403 17.782
-3.023 -6.112 16.894
-3.921 -5.061 13.319
-2.066 -1.733 13.686
1.167 -3.756 13.484
0.563 -4.419 9.800
1.013 -1.702 7.196
-2.377 -1.447 5.493
-4.024 -1.752 3.235
-2.178 -4.388 1.265
-3.506 -4.755 -2.277
-2.373 -7.776 -4.233
-3.059 -9.816 -7.337
-1.220 -12.504 -9.309
1.172 -9.914 -10.735
1.814 -7.166 -8.211
1.344 -5.870 -4.685
1.042 -2.427 -3.170
1.415 -1.428 0.458
-0.744 1.542 1.418
-3.110 3.604 -0.718
-1.889 5.793 -3.576
-4.431 7.209 -6.057
-2.004 7.022 -8.976
-0.346 3.662 -8.307
-3.533 1.726 -7.589
-4.603 2.159 -11.222
-2.215 -0.740 -11.890
-4.980 -3.021 -10.640
-7.461 -1.895 -13.318
-8.455 -4.571 -15.866
-6.128 -4.255 -18.866
-5.137 -5.834 -22.182
