17.414 120.879 28.137
16.516 119.714 24.603
15.161 116.712 22.713
12.905 115.952 19.743
10.173 113.361 19.258
11.120 110.785 16.686
8.644 109.725 14.029
7.638 107.083 13.873
8.190 105.959 17.495
9.782 102.583 18.225
7.450 100.162 20.006
8.766 97.948 22.797
11.909 100.096 23.050
14.266 99.713 25.963
13.791 102.690 28.347
17.066 104.139 27.117
18.877 103.265 23.918
22.250 104.720 22.910
23.741 104.299 19.428
27.511 104.758 19.666
30.775 103.984 17.895
34.236 103.058 19.212
35.535 105.746 16.817
33.318 108.520 18.261
35.141 110.860 20.675
31.993 112.130 22.436
30.900 108.460 22.827
34.246 107.739 24.474
33.617 110.699 26.748
30.044 109.645 27.654
31.057 106.063 28.447
34.552 106.300 29.869
35.585 109.776 31.095
32.556 111.907 31.888
30.283 109.348 33.520
27.265 110.368 31.419
26.282 106.739 30.658
26.547 105.992 34.386
24.539 109.078 35.403
21.846 107.918 32.960
21.807 104.381 34.387
21.452 106.026 37.771
18.070 107.526 36.861
16.634 104.410 35.252
13.283 103.573 36.846
13.007 100.144 38.456
12.733 97.462 35.790
13.844 99.775 32.936
17.057 99.180 30.987
19.669 101.060 28.993
20.921 99.242 25.916
23.774 100.274 23.603
24.050 99.547 19.958
27.139 99.986 17.814
27.030 101.759 14.457
28.997 100.533 11.468
29.127 103.600 9.286
32.066 105.233 11.024
35.736 104.293 10.592
37.681 101.513 8.811
36.642 98.749 11.243
33.041 99.965 11.532
31.415 96.695 10.588
33.878 94.481 12.436
33.323 96.368 15.690
29.513 96.145 15.252
29.813 92.346 14.876
32.231 92.206 17.798
29.688 94.163 19.848
26.906 91.846 18.665
29.055 89.032 20.104
29.532 90.901 23.372
25.744 91.368 23.621
25.042 87.677 22.928
27.641 86.758 25.605
26.519 89.374 28.136
29.999 90.849 28.124
29.272 94.428 27.008
30.721 95.919 30.210
34.274 94.524 29.775
34.121 94.784 25.994
33.151 98.477 26.060
36.029 99.414 28.346
38.419 97.243 26.324
37.615 98.699 22.883
37.665 102.337 24.022
41.032 101.754 25.694
42.347 99.958 22.620
41.226 102.663 20.238
40.982 106.099 21.885
43.644 105.519 24.542
46.232 103.096 23.139
45.666 103.709 19.414
46.026 100.025 18.548
42.825 99.166 16.716
43.809 99.075 13.051
42.926 95.639 11.694
40.346 92.877 12.054
42.939 90.811 13.958
43.243 93.652 16.463
39.457 93.477 17.078
39.561 89.752 17.868
42.709 90.121 19.957
41.193 92.807 22.184
37.915 90.837 22.511
39.780 87.663 23.575
41.952 89.538 26.035
38.965 91.210 27.692
36.841 88.099 27.965
39.236 85.128 28.071
37.385 83.513 25.163
39.632 81.207 23.137
40.742 81.779 19.571
38.721 78.800 18.337
35.558 79.840 20.182
35.831 83.429 18.926
36.206 82.274 15.324
33.192 79.961 15.570
31.106 82.370 17.579
31.766 85.629 15.723
29.866 84.192 12.757
27.216 82.229 14.697
23.520 82.613 13.790
22.920 84.343 17.139
25.608 86.949 16.364
24.326 87.230 12.815
20.908 88.023 14.314
22.375 90.637 16.655
24.205 92.365 13.806
20.909 92.351 11.910
19.164 93.889 14.886
21.730 96.716 15.241
21.498 97.619 11.590
17.686 97.321 11.619
17.302 99.581 14.643
19.714 102.126 13.116
17.102 102.615 10.417
14.003 102.486 12.667
15.309 105.078 15.124
16.337 107.282 12.213
19.917 107.494 13.504
22.070 110.255 12.008
25.231 110.080 14.100
26.752 109.241 17.445
26.239 109.211 20.299
22.455 109.174 19.761
20.464 108.657 22.935
16.739 107.769 22.693
14.299 107.634 25.587
11.308 105.201 25.602
11.544 104.786 21.868
10.179 108.288 21.286
12.590 111.065 22.328
15.982 111.767 20.742
18.220 113.766 23.065
19.798 116.795 21.358
23.502 116.566 22.360
24.131 119.998 20.929
21.532 121.743 23.113
23.414 121.507 26.439
25.761 124.082 27.942
28.178 123.883 30.858
31.598 125.071 31.991
32.245 121.777 33.749
32.009 118.037 33.155
29.966 117.839 36.337
27.299 120.361 35.252
27.211 118.976 31.717
26.685 115.442 33.033
24.022 116.509 35.540
22.066 118.526 32.994
22.152 115.780 30.363
20.981 113.176 32.897
18.327 115.563 34.271
16.703 115.725 30.862
16.825 111.948 30.420
15.411 111.534 33.911
12.538 113.935 33.081
11.710 112.023 29.902
11.691 108.737 31.776
9.098 110.105 34.220
5.708 108.398 34.501
