61.666 50.455 46.111
60.551 47.577 43.842
63.174 48.875 41.365
63.733 47.844 37.729
65.376 44.518 38.740
68.827 43.482 40.000
69.486 41.744 36.651
68.121 44.567 34.446
68.008 44.822 31.499
68.264 41.014 30.955
65.373 40.457 33.402
63.234 43.310 34.687
60.385 43.907 37.101
57.005 44.924 35.692
54.139 46.264 37.812
50.973 45.108 36.018
48.284 47.712 35.384
46.005 45.816 32.991
45.448 42.070 32.872
45.664 40.061 29.678
42.335 39.400 27.995
40.422 41.666 30.400
37.479 43.992 29.914
38.754 47.325 28.622
39.285 49.045 32.003
42.601 50.912 31.698
44.097 51.221 35.147
47.193 53.272 35.888
49.295 53.693 38.987
49.902 57.129 40.449
53.523 57.794 41.511
52.409 60.383 44.112
49.805 58.301 46.043
50.769 54.720 44.925
47.069 54.243 44.226
45.694 52.395 41.210
43.342 54.652 39.240
40.926 54.043 36.454
42.408 56.235 33.714
39.582 55.379 31.336
37.374 52.743 29.863
38.595 52.194 26.285
35.991 53.655 23.949
36.841 51.019 21.339
35.759 47.363 21.656
39.381 46.246 22.068
41.294 44.518 24.885
44.971 44.425 25.868
46.450 41.342 24.135
49.056 40.799 26.886
49.308 41.849 30.479
50.344 45.492 30.458
52.355 47.540 32.885
55.562 49.406 33.564
59.148 49.012 34.762
59.630 50.879 38.040
62.447 53.415 38.267
62.729 54.039 34.546
62.381 57.186 32.433
61.639 56.462 28.753
61.915 58.985 25.902
58.489 60.418 26.616
59.252 61.054 30.357
57.195 58.138 31.658
58.414 54.735 32.801
58.972 52.073 30.130
55.744 50.294 29.173
55.805 46.520 28.823
53.464 43.957 27.316
53.938 40.714 29.281
52.701 37.614 27.467
51.755 34.853 29.948
49.680 31.670 30.127
47.137 33.331 32.436
46.183 36.913 33.350
48.099 38.605 36.130
46.134 40.889 38.403
46.710 44.643 38.423
49.128 45.689 41.094
51.108 42.430 41.038
54.803 42.537 40.132
56.336 40.024 37.743
59.930 39.313 36.703
60.201 39.178 32.924
62.658 38.804 30.064
62.370 41.366 27.221
62.082 39.735 23.795
61.480 42.737 21.533
60.083 46.195 21.215
57.436 47.726 18.997
58.390 51.249 18.019
55.625 53.797 17.776
55.034 57.516 17.997
51.891 58.964 19.569
50.467 62.146 21.162
53.123 61.807 23.932
56.035 61.531 21.426
58.184 58.357 21.337
56.125 55.618 23.010
57.728 52.250 22.296
56.177 49.132 23.819
58.533 46.434 25.073
57.336 42.836 24.635
58.356 40.347 27.339
57.722 36.813 28.603
58.015 35.584 32.200
61.497 34.832 33.509
62.229 31.108 33.370
61.983 30.765 37.211
58.429 32.079 36.875
57.397 29.874 33.918
59.542 27.627 31.697
56.827 27.580 29.006
58.428 30.491 27.093
61.995 29.198 27.395
62.519 28.981 23.651
60.992 32.425 23.024
64.085 34.670 22.809
63.093 37.301 20.239
59.680 38.622 19.247
60.065 36.785 15.926
59.892 33.430 17.770
56.166 34.197 18.390
53.440 33.800 15.733
53.347 36.685 13.252
49.560 36.857 13.543
49.964 37.565 17.282
52.626 40.194 16.661
50.335 41.748 14.063
47.446 41.784 16.626
49.670 43.887 18.897
50.535 46.332 16.077
46.832 46.429 15.148
45.812 47.116 18.769
48.028 50.187 19.125
47.128 51.329 15.587
43.377 51.412 16.288
42.508 51.440 19.996
42.712 55.229 20.223
40.861 55.971 16.946
37.763 57.253 18.777
39.787 59.728 20.858
40.168 62.699 18.532
43.241 64.306 20.135
45.201 61.074 20.380
46.952 59.304 17.515
49.375 56.449 17.065
51.742 55.819 14.188
53.085 52.310 14.645
56.565 51.440 13.334
58.485 48.183 13.206
59.441 45.490 15.686
63.044 45.440 16.939
64.796 42.505 18.545
65.480 41.596 22.183
68.906 43.295 22.079
67.307 46.582 20.997
64.630 46.308 23.717
67.345 45.739 26.315
69.311 48.826 25.155
66.119 50.941 25.328
65.624 49.750 28.928
69.287 50.471 29.760
68.832 54.061 28.501
65.676 54.483 30.595
67.432 53.144 33.719
70.310 55.616 33.180
67.794 58.427 32.627
66.211 57.536 36.016
69.599 57.675 37.823
70.329 61.136 36.314
