52.981 8.773 -27.501
50.879 6.696 -29.857
50.261 4.045 -27.203
49.864 6.806 -24.599
47.079 8.486 -26.553
45.404 5.555 -28.345
42.663 4.843 -25.810
41.761 8.538 -25.193
38.971 10.808 -26.367
39.647 14.383 -27.519
39.387 16.098 -24.081
41.281 13.337 -22.298
44.067 13.760 -24.880
44.012 17.508 -24.361
44.756 16.967 -20.669
47.227 14.095 -21.010
49.255 15.808 -23.729
49.060 19.353 -22.304
52.244 21.376 -21.912
53.578 21.416 -18.323
51.348 24.078 -16.759
48.767 24.521 -13.966
45.662 22.662 -15.074
42.204 22.007 -13.687
40.733 18.910 -15.232
37.030 19.307 -14.412
36.156 15.635 -14.710
32.463 14.877 -15.093
30.991 11.731 -13.612
32.059 8.638 -15.541
34.484 10.563 -17.727
37.666 8.503 -17.231
39.496 10.726 -14.815
41.784 7.985 -13.470
42.823 7.121 -17.043
43.727 10.785 -17.471
45.843 10.910 -14.282
47.592 7.652 -15.182
48.324 8.549 -18.781
49.316 12.134 -17.824
52.005 10.739 -15.396
53.210 8.363 -18.124
53.382 11.249 -20.574
55.378 13.412 -18.167
57.989 10.674 -17.905
57.969 9.425 -21.538
57.390 12.549 -23.591
58.437 15.374 -21.260
61.367 13.323 -19.895
60.578 14.090 -16.263
62.157 11.810 -13.672
59.790 9.554 -11.702
61.435 11.384 -8.731
59.710 14.598 -9.844
56.115 13.289 -9.598
53.828 13.424 -6.561
50.291 12.085 -7.075
47.944 12.554 -4.117
44.759 10.508 -3.874
41.605 10.581 -1.749
41.938 7.044 -0.333
44.438 4.230 0.132
42.567 2.170 -2.484
42.761 5.015 -4.974
46.546 5.188 -4.475
46.734 1.401 -4.891
44.806 1.630 -8.159
47.010 4.467 -9.372
50.208 2.494 -8.629
48.802 -0.570 -10.372
47.706 1.319 -13.458
50.884 3.371 -13.762
52.741 0.060 -13.520
50.674 -1.485 -16.301
52.048 1.238 -18.576
55.504 1.739 -17.130
56.281 -0.976 -14.571
55.959 -0.848 -10.792
59.640 0.026 -10.452
59.048 3.750 -10.026
61.626 4.590 -7.394
61.205 8.294 -6.759
57.522 8.731 -7.575
55.398 9.542 -4.526
51.836 8.230 -4.849
49.735 8.206 -1.733
47.046 9.895 0.352
47.524 13.282 2.051
48.130 11.432 5.322
50.487 8.849 3.839
52.631 11.426 2.116
52.667 13.683 5.206
53.826 10.672 7.197
56.536 9.937 4.581
57.835 13.497 4.846
57.819 13.423 8.629
59.795 10.187 8.603
62.484 11.758 6.451
62.779 14.809 8.706
61.732 13.567 12.071
64.227 15.584 14.163
63.328 18.786 12.286
59.680 18.050 13.142
60.609 17.481 16.792
59.623 13.824 16.616
61.686 10.861 17.751
63.057 8.238 15.369
60.455 5.604 15.614
57.468 7.808 16.195
54.043 6.205 15.954
50.693 7.051 14.400
47.523 6.973 16.530
44.391 5.685 14.781
40.928 6.367 16.253
40.885 3.195 18.332
44.374 3.822 19.802
43.469 7.456 20.347
40.462 6.447 22.451
42.572 3.955 24.401
45.130 6.646 25.202
42.363 9.023 26.253
40.786 6.361 28.498
44.200 6.138 30.259
44.674 9.900 30.407
41.258 10.650 31.998
42.156 8.055 34.662
45.597 9.531 35.296
44.108 13.012 35.729
41.679 11.628 38.348
38.659 12.818 36.401
35.245 11.232 36.814
34.851 9.171 33.606
31.073 9.370 33.996
31.191 13.165 33.766
34.176 13.379 31.425
33.793 10.458 29.027
36.886 9.526 27.055
34.914 9.401 23.785
33.715 12.973 24.352
37.311 14.016 25.000
38.192 12.393 21.675
35.339 14.224 19.880
36.426 17.510 21.458
40.131 17.163 20.669
39.538 16.140 17.069
37.114 19.059 16.675
39.847 21.443 17.830
42.550 19.962 15.601
40.281 20.022 12.576
40.085 23.806 13.123
43.900 23.945 13.479
43.652 24.926 17.190
46.317 24.103 19.776
45.443 23.809 23.462
45.356 27.249 25.144
45.801 28.469 28.732
43.653 27.781 31.811
32.324 27.796 35.689
33.668 26.464 32.397
33.176 22.914 31.125
35.252 23.833 28.074
37.960 24.755 30.597
38.158 21.175 31.789
38.139 19.808 28.216
40.938 22.257 27.326
42.926 20.851 30.223
42.373 17.336 28.908
43.389 18.496 25.409
46.563 20.028 26.882
47.424 16.797 28.733
46.765 14.755 25.588
49.061 16.886 23.497
51.787 16.756 26.124
51.451 12.989 26.314
51.725 12.681 22.518
54.699 15.082 22.268
56.509 13.290 25.081
56.183 9.768 23.632
56.221 10.595 19.882
52.600 9.678 19.099
50.959 11.515 16.162
47.198 11.348 15.426
45.819 11.685 11.879
45.117 15.423 12.165
48.555 15.930 13.604
50.187 14.415 10.461
49.115 17.173 8.115
49.539 19.938 10.687
53.099 18.821 11.480
53.935 18.352 7.814
52.682 21.828 6.985
54.680 23.244 9.933
57.808 21.520 8.649
57.561 23.403 5.331
56.747 26.705 7.107
59.611 26.357 9.566
62.464 24.800 7.590
63.192 26.760 4.406
65.924 24.436 3.180
63.517 21.470 3.507
60.701 23.266 1.658
63.111 24.263 -1.140
64.296 20.656 -1.519
60.777 19.323 -2.113
59.734 22.233 -4.315
62.774 21.582 -6.513
62.132 17.843 -6.485
58.369 17.610 -6.955
57.814 19.948 -9.887
54.929 17.759 -11.147
52.077 17.489 -8.664
48.733 15.806 -9.338
45.802 15.745 -6.890
42.567 13.760 -7.398
39.072 14.389 -5.939
40.022 18.012 -5.416
36.456 19.053 -4.594
36.712 17.185 -1.311
39.966 18.693 -0.107
39.898 20.546 3.173
41.588 23.747 4.215
44.882 22.221 5.540
45.215 19.960 2.498
44.756 22.899 0.145
47.326 24.938 2.139
49.853 22.105 2.091
49.619 21.639 -1.690
49.793 25.322 -2.404
52.871 25.738 -0.193
54.645 22.842 -1.840
53.978 24.152 -5.330
55.004 27.763 -4.599
55.414 29.382 -7.999
57.559 26.710 -9.625
55.555 23.478 -9.385
53.137 22.628 -12.157
49.982 21.239 -10.602
47.149 19.311 -12.244
44.083 19.053 -10.022
41.296 16.692 -10.999
37.850 17.221 -9.542
34.140 17.959 -9.971
32.679 20.826 -7.968
29.195 19.394 -8.608
30.140 16.312 -6.613
31.490 17.933 -3.443
29.500 16.147 -0.686
31.836 15.929 2.310
31.254 19.423 3.759
30.463 17.996 7.215
33.919 16.391 7.154
35.539 19.736 6.286
35.537 19.447 2.476
35.626 22.833 0.715
33.698 22.888 -2.575
35.293 26.270 -3.214
38.836 24.802 -3.378
38.459 24.166 -7.107
37.797 27.877 -7.758
40.518 28.776 -5.253
43.004 26.822 -7.355
42.038 28.810 -10.480
42.437 32.011 -8.392
45.809 31.073 -6.806
47.632 29.465 -9.738
48.319 32.030 -12.479
48.782 29.409 -15.178
45.565 27.795 -14.537
43.352 26.735 -17.348
40.397 24.389 -17.199
39.827 21.325 -19.399
36.335 19.809 -19.067
35.778 16.046 -19.468
32.063 15.952 -20.288
31.891 12.715 -22.286
30.460 10.030 -20.024
30.723 6.253 -20.517
28.483 5.135 -17.681
24.957 6.409 -18.030
22.264 6.703 -20.768
21.624 10.035 -22.412
18.248 10.283 -20.633
19.898 9.932 -17.209
22.544 12.515 -18.181
20.008 15.004 -19.415
18.283 14.736 -16.015
21.562 15.126 -14.091
22.525 18.149 -16.181
19.226 19.890 -15.526
19.076 19.033 -11.851
22.471 20.533 -11.018
21.747 23.799 -12.906
19.697 24.771 -9.856
22.913 25.378 -7.914
24.699 28.724 -8.244
28.245 28.254 -7.025
29.471 26.220 -9.987
31.835 26.194 -12.991
29.204 24.500 -15.109
29.323 21.705 -17.676
27.075 19.458 -19.766
27.580 15.712 -19.570
26.890 13.775 -22.793
27.287 10.247 -24.084
27.585 8.326 -27.345
25.814 5.448 -25.524
22.158 4.488 -25.257
19.322 6.972 -25.315
17.890 5.002 -22.414
