-36.310 51.558 -36.205
-38.151 48.834 -38.144
-40.493 46.468 -36.256
-41.533 43.463 -38.338
-42.763 41.304 -35.443
-46.114 41.144 -37.229
-44.484 39.978 -40.483
-43.918 36.528 -41.911
-41.058 36.894 -44.375
-39.895 34.354 -46.958
-36.421 34.453 -48.504
-35.482 32.193 -51.403
-31.744 31.610 -51.592
-31.336 32.463 -47.923
-28.432 30.230 -46.866
-25.599 32.657 -47.753
-24.556 36.031 -49.160
-27.258 38.647 -49.700
-29.974 36.109 -48.870
-28.473 35.223 -45.467
-27.720 38.884 -44.769
-31.364 39.574 -45.555
-32.600 36.784 -43.283
-30.379 38.103 -40.484
-31.765 41.606 -40.873
-35.300 40.180 -40.786
-34.868 38.197 -37.553
-33.338 41.283 -35.985
-36.531 43.194 -36.790
-38.374 40.409 -34.982
-39.993 38.893 -38.065
-40.906 35.233 -38.401
-38.621 34.124 -41.231
-38.435 31.184 -43.638
-35.600 30.488 -46.062
-34.767 27.839 -48.615
-31.814 26.702 -50.688
-30.637 23.538 -52.382
-27.684 22.559 -50.180
-29.209 21.039 -47.043
-26.034 21.146 -44.955
-25.113 24.776 -45.583
-28.830 25.428 -45.037
-28.894 23.770 -41.583
-25.528 25.254 -40.575
-26.803 28.709 -41.430
-29.997 27.812 -39.576
-28.050 26.889 -36.407
-26.009 30.077 -36.388
-29.235 32.072 -36.815
-30.927 30.427 -33.830
-27.747 31.095 -31.891
-27.575 34.794 -32.704
-31.350 35.182 -32.286
-32.505 33.136 -29.259
-36.269 33.696 -29.568
-36.270 33.409 -33.386
-39.275 31.958 -35.180
-37.317 30.435 -38.036
-38.103 27.787 -40.633
-35.485 26.490 -43.052
-36.212 23.963 -45.760
-34.388 22.516 -48.738
-35.980 23.709 -51.976
-34.872 24.322 -55.552
-36.899 27.304 -56.823
-36.555 25.945 -60.368
-38.928 23.126 -59.385
-42.535 24.345 -59.211
-43.594 21.243 -57.275
-40.923 21.873 -54.649
-41.960 25.515 -54.450
-45.615 24.566 -53.892
-44.554 22.208 -51.073
-42.229 24.862 -49.567
-44.964 27.503 -49.621
-47.433 25.204 -47.919
-44.912 24.084 -45.297
-44.147 27.777 -44.650
-47.817 28.571 -44.096
-48.253 25.541 -41.813
-45.207 26.495 -39.708
-45.317 30.312 -39.473
-48.653 31.355 -40.978
-49.409 33.162 -44.248
-46.396 35.032 -45.640
-46.475 38.837 -45.835
-43.008 39.329 -47.314
-41.274 37.557 -50.215
-37.656 38.191 -51.206
-36.566 36.418 -54.361
-32.792 36.268 -54.127
-31.725 32.940 -55.650
-29.658 33.531 -58.787
-26.166 33.086 -60.208
-24.631 35.413 -62.777
-22.808 34.120 -65.835
-19.679 35.367 -67.553
-20.073 35.302 -71.333
-19.924 37.467 -74.453
-22.529 36.982 -77.165
-19.895 34.999 -79.073
-19.294 32.689 -76.071
-22.948 32.088 -75.124
-24.499 28.938 -76.613
-28.221 28.190 -76.995
-27.961 25.862 -74.013
-26.400 28.625 -71.907
-29.069 31.118 -73.055
-31.943 28.778 -72.062
-30.348 27.968 -68.767
-29.755 31.653 -68.095
-33.320 32.761 -68.871
-34.930 29.833 -67.059
-32.909 30.566 -63.930
-33.384 34.306 -63.914
-37.092 34.061 -64.733
-38.424 31.015 -62.829
-36.574 31.731 -59.607
-39.035 34.679 -59.549
-42.111 33.209 -61.283
-42.283 30.068 -59.116
-41.991 31.677 -55.655
-44.280 34.591 -56.605
-46.987 32.309 -58.039
-46.830 29.860 -55.087
-46.862 32.582 -52.395
-49.134 35.239 -53.962
-52.281 33.749 -52.373
-50.709 34.043 -48.930
-49.396 37.537 -49.661
-52.805 38.715 -50.863
-54.391 37.680 -47.568
-52.014 39.846 -45.516
-51.605 43.550 -44.761
-48.271 45.240 -45.461
-47.620 42.603 -48.154
-44.455 43.203 -50.188
-42.270 41.347 -52.696
-38.635 42.172 -53.404
-36.755 40.656 -56.364
-32.956 40.929 -56.196
-31.458 42.092 -59.499
-28.351 43.825 -60.823
-27.453 47.111 -62.595
-26.839 44.894 -65.656
-30.612 44.988 -66.179
-30.437 48.631 -67.277
-26.743 48.963 -68.057
-25.316 45.854 -69.790
-21.654 44.727 -69.494
-19.673 43.087 -72.383
-18.767 39.915 -70.493
-22.224 39.486 -69.011
-24.295 39.477 -72.210
-26.859 36.790 -71.385
-27.260 37.583 -67.692
-27.709 41.316 -68.498
-30.527 40.541 -70.938
-32.192 38.029 -68.625
-31.928 40.574 -65.788
-33.559 43.157 -68.038
-36.526 40.869 -68.560
-36.862 40.405 -64.796
-36.785 44.173 -64.209
-39.617 44.684 -66.680
-41.541 41.881 -64.946
-41.224 43.630 -61.555
-43.076 46.648 -62.981
-45.790 44.370 -64.413
-46.226 42.460 -61.185
-46.380 45.722 -59.247
-49.241 46.960 -61.435
-51.085 43.657 -61.387
-50.883 43.003 -57.641
-51.537 46.550 -56.389
-55.312 46.130 -56.272
-54.752 43.172 -53.884
-52.446 45.134 -51.602
-49.106 43.658 -52.598
-46.208 45.978 -53.391
-43.441 44.808 -55.728
-39.935 46.307 -56.077
-36.344 45.178 -56.591
-32.774 46.314 -56.129
-30.003 46.655 -58.703
-26.699 45.596 -57.194
-23.307 46.552 -58.601
-20.183 44.635 -57.662
-20.774 42.958 -54.282
-18.249 40.893 -52.302
-19.084 37.227 -52.861
-17.777 33.680 -52.998
-17.036 34.269 -56.680
-14.872 37.349 -55.997
-12.857 35.550 -53.315
-12.589 32.678 -55.778
-10.965 35.043 -58.283
-8.727 36.610 -55.646
-7.224 33.167 -54.970
-6.242 33.192 -58.655
-4.040 41.933 -48.652
-7.480 40.968 -49.952
-8.905 44.380 -49.017
-6.327 45.795 -51.403
-6.747 43.516 -54.398
-10.414 44.477 -54.174
-9.601 48.186 -53.920
-7.741 47.744 -57.182
-10.758 45.970 -58.668
-13.081 48.830 -57.637
-10.604 51.307 -59.114
-10.413 49.467 -62.438
-14.199 49.022 -62.465
-14.623 52.763 -61.933
-16.850 52.551 -58.843
-17.330 56.091 -57.547
-17.624 54.901 -53.926
-14.270 53.223 -54.491
-15.089 49.872 -52.940
-17.053 46.699 -53.527
-20.521 46.543 -51.965
-21.315 44.484 -48.866
-24.023 41.814 -48.792
-25.464 43.617 -45.768
-25.853 46.852 -47.730
-27.915 45.013 -50.351
-29.898 43.533 -47.452
-30.715 46.961 -46.034
-32.210 48.165 -49.308
-34.165 44.918 -49.414
-35.324 45.543 -45.840
-36.500 49.071 -46.506
-38.428 47.819 -49.596
-39.900 44.802 -47.776
-41.018 46.889 -44.787
-43.891 49.392 -44.229
-41.231 52.148 -44.323
-41.689 52.192 -48.150
-45.499 51.786 -48.148
-45.925 54.179 -51.086
-43.222 52.644 -53.241
-44.087 50.024 -55.815
-42.990 48.959 -59.291
-39.590 50.523 -58.689
-35.965 49.684 -57.965
-33.282 50.837 -55.543
-29.739 51.305 -56.891
-27.100 49.448 -54.823
-24.149 49.844 -57.205
-21.909 52.454 -55.523
-22.593 55.021 -58.236
-22.063 52.849 -61.353
-25.235 53.939 -63.191
-24.217 56.424 -65.870
-27.868 57.219 -66.468
-29.318 60.408 -64.967
