-3.633 35.209 2.009
-2.493 32.720 4.658
-5.644 33.327 6.687
-5.207 33.393 10.459
-3.078 30.229 10.668
-4.878 29.174 13.843
-3.088 25.797 13.765
0.408 27.203 13.278
2.531 26.426 16.294
5.923 26.452 17.901
7.484 22.979 17.705
10.540 23.972 19.732
11.629 27.120 21.529
14.860 26.887 23.430
18.336 28.277 23.954
21.311 26.167 22.855
25.051 26.457 22.424
25.843 27.201 18.779
27.196 24.210 16.852
29.847 24.500 14.119
27.313 25.336 11.392
25.219 27.808 13.390
28.282 29.569 14.812
29.668 29.974 11.305
26.353 31.350 10.009
25.999 33.866 12.865
29.657 34.918 13.024
29.950 33.860 16.667
31.897 31.252 18.636
31.021 27.576 18.864
29.040 27.175 22.084
27.861 30.816 22.196
24.201 30.997 23.265
21.497 31.264 20.603
17.711 31.167 20.569
16.417 28.237 18.495
12.832 28.651 17.311
11.155 25.970 15.210
7.661 26.803 13.971
5.198 24.821 11.888
2.998 26.945 9.607
-0.358 25.358 8.874
-2.200 27.209 6.129
-5.900 26.446 5.595
-5.556 22.955 7.103
-2.300 22.017 5.344
1.091 21.938 7.105
2.951 23.966 4.527
6.139 25.459 5.952
8.590 24.474 8.681
10.509 27.556 9.854
13.828 27.298 11.695
15.418 30.389 13.255
18.620 30.928 15.271
19.537 34.283 16.828
22.369 35.182 19.201
20.866 36.091 22.582
23.420 38.926 22.778
22.123 40.741 19.731
18.394 40.411 20.215
17.469 39.949 23.886
13.928 39.466 25.193
12.528 37.075 22.578
10.457 35.209 25.202
15.819 48.477 20.243
17.595 50.916 17.909
18.569 47.945 15.736
18.432 48.092 11.945
18.424 45.047 9.622
20.012 46.187 6.389
21.291 43.145 4.502
20.395 39.510 3.855
21.963 36.676 1.869
19.341 34.248 0.607
19.658 30.714 -0.777
16.891 28.673 -2.422
17.369 24.926 -2.770
15.580 21.606 -2.708
16.128 19.604 0.492
15.129 16.238 1.951
12.705 16.719 4.883
14.082 15.795 8.311
12.389 13.653 10.970
10.181 16.410 12.423
9.254 17.661 8.958
8.199 14.159 7.892
6.202 13.687 11.107
4.372 17.032 11.285
3.987 17.616 7.538
3.221 13.988 6.557
6.151 13.429 4.181
8.464 10.531 3.416
12.037 10.098 2.278
10.884 10.234 -1.342
9.599 13.794 -0.875
11.464 17.090 -1.063
10.869 20.595 0.286
11.895 23.965 -1.080
14.210 25.631 1.427
14.534 29.394 1.616
17.628 29.984 3.755
18.938 33.330 4.882
21.471 35.063 7.030
20.425 38.607 7.983
22.693 41.446 9.161
22.288 44.578 11.225
23.752 47.851 9.904
26.585 47.569 12.435
27.604 44.410 10.587
26.519 42.030 13.331
24.573 38.993 12.216
20.974 39.117 13.497
19.623 35.730 12.449
20.172 32.564 10.504
16.939 30.937 9.347
15.581 28.461 6.879
11.959 27.871 5.932
11.161 24.566 4.218
8.078 24.820 1.969
5.884 22.290 0.186
7.158 22.477 -3.403
3.695 23.122 -4.891
3.873 26.680 -3.483
6.837 27.276 -5.813
