5.447 -17.077 67.598
5.096 -13.305 67.468
2.443 -11.937 69.801
0.688 -8.825 68.529
-0.823 -6.766 71.378
-3.374 -4.284 70.137
-4.954 -1.466 72.146
-7.438 -0.369 73.127
-9.699 -3.411 72.667
-12.704 -1.092 72.525
-13.097 2.561 71.778
-15.813 5.143 71.835
-15.306 8.181 69.673
-17.236 11.177 68.276
-17.991 12.207 64.687
-15.061 14.195 63.324
-12.619 12.939 65.909
-9.048 11.762 65.181
-8.476 8.329 66.749
-5.297 6.235 67.168
-5.025 2.455 67.674
-1.662 0.925 68.642
-0.038 -2.476 68.088
3.028 -3.766 69.902
4.848 -6.786 68.499
6.769 -9.086 70.863
9.849 -8.625 68.627
11.075 -6.265 65.860
8.951 -6.892 62.766
10.772 -4.579 60.355
7.648 -2.773 59.075
5.983 -5.989 57.834
2.776 -4.839 59.419
-0.664 -4.387 57.960
-3.895 -2.852 59.396
-7.245 -4.062 58.221
-10.878 -3.104 58.793
-13.779 -5.505 59.197
-17.208 -3.874 58.889
-20.177 -5.591 60.589
-21.154 -8.726 58.607
-18.350 -8.157 56.086
-14.916 -9.584 55.216
-11.608 -8.056 56.383
-10.145 -5.473 54.032
-6.633 -4.095 54.104
-6.233 -0.358 54.733
-2.479 -0.007 55.360
0.461 -2.268 54.449
4.240 -2.029 55.083
3.396 -0.007 58.251
2.502 3.242 56.436
1.463 2.514 52.847
-2.084 3.300 51.879
-4.163 0.854 49.801
-5.535 2.501 46.668
-9.103 3.643 47.220
-8.621 4.161 50.985
-8.912 7.865 51.939
-5.735 9.662 53.125
-7.432 10.408 56.467
-6.313 6.860 57.345
-2.576 6.657 58.065
-0.135 4.245 59.715
3.203 4.837 61.374
5.827 3.236 63.584
8.833 0.954 63.333
10.567 -1.861 65.195
7.930 -3.273 67.542
5.601 -0.250 67.889
2.984 0.704 65.276
-0.163 2.785 65.134
-3.145 3.395 62.905
-4.728 6.839 62.923
-8.146 7.544 61.421
-8.938 11.231 61.291
-12.248 12.939 60.474
-14.158 9.937 61.818
-17.530 9.039 60.224
-20.161 6.304 60.889
-18.852 4.434 57.798
-15.741 3.793 59.935
-17.700 1.566 62.365
-16.207 -1.915 62.599
-13.314 -3.800 64.102
-9.672 -2.971 63.231
-6.836 -5.514 63.350
-3.068 -5.383 62.950
-1.250 -8.262 61.166
2.490 -8.972 61.159
3.797 -10.800 58.101
7.457 -10.665 59.002
7.689 -14.263 60.247
5.564 -17.409 60.114
3.002 -17.969 61.400
1.606 -14.569 60.453
-0.225 -13.331 63.533
-3.019 -10.848 64.218
-3.717 -8.421 67.020
-6.840 -9.026 69.091
-8.784 -6.263 67.313
-10.198 -2.833 68.286
-13.969 -2.334 68.102
-14.833 1.281 67.253
-18.128 2.776 68.377
-19.267 6.326 67.619
-21.476 8.637 69.707
