56.649 12.777 35.213
54.009 14.797 37.079
53.635 16.414 40.513
50.061 17.079 41.633
48.814 19.161 44.617
46.255 17.765 47.047
44.482 18.798 50.224
43.297 16.687 53.107
39.591 16.170 52.355
36.307 16.880 54.195
32.625 16.743 53.309
32.407 20.329 51.998
34.954 22.509 50.192
34.383 25.108 52.916
36.041 22.715 55.426
38.538 21.069 53.060
40.039 24.490 52.150
41.270 24.957 55.748
43.069 21.564 55.759
46.777 20.668 55.293
48.103 20.383 51.723
50.288 17.713 50.171
52.106 16.716 47.018
52.204 13.530 45.008
55.334 13.139 42.914
54.977 10.408 40.329
58.485 9.868 38.917
59.055 9.385 35.181
61.517 7.135 33.270
64.496 9.343 34.164
63.225 9.952 37.699
62.118 13.511 37.006
58.740 15.195 37.435
57.137 18.624 37.219
53.890 20.390 37.960
52.264 23.417 39.534
49.697 24.812 41.925
47.429 27.839 41.926
45.803 29.051 45.144
43.539 32.026 45.824
40.462 32.840 47.965
38.281 30.551 45.845
35.489 33.040 45.146
36.525 36.569 44.131
36.005 37.544 40.478
39.234 38.747 38.800
41.778 37.521 41.423
43.909 36.411 38.459
43.542 39.754 36.668
44.434 41.655 39.840
47.270 39.321 40.825
45.776 38.309 44.192
46.824 34.666 44.312
49.648 32.302 45.134
51.374 30.358 42.333
53.859 27.481 42.560
55.997 25.454 40.227
57.311 22.053 41.334
60.294 20.179 39.916
62.068 16.915 40.808
65.318 15.502 39.509
67.900 13.300 41.183
66.004 13.016 44.497
65.509 16.749 45.035
62.099 18.397 45.032
62.165 22.157 44.384
59.078 24.085 45.450
59.209 27.540 43.920
56.736 30.289 44.700
56.560 32.428 41.543
53.751 34.655 42.834
52.450 35.393 46.315
49.770 38.004 46.867
47.128 36.264 49.001
47.815 36.626 52.727
45.241 34.116 53.967
46.730 31.414 51.667
49.914 31.834 53.738
48.230 30.136 56.757
48.247 26.865 54.790
51.164 24.533 54.436
52.291 21.439 52.575
52.402 18.774 55.291
52.855 15.570 53.263
54.996 14.621 50.246
54.535 11.287 48.538
57.070 10.087 45.951
56.101 7.211 43.681
58.435 5.000 41.633
61.399 5.779 43.854
64.021 3.137 43.088
66.885 4.239 45.384
66.834 3.831 49.195
66.548 6.859 51.455
69.141 7.450 54.186
67.983 10.892 55.198
65.361 13.490 54.316
66.493 17.127 54.432
64.510 20.327 54.059
65.626 23.863 53.279
63.355 26.916 53.480
63.972 30.100 51.462
67.542 29.032 50.673
68.602 28.619 54.331
70.688 25.570 55.437
69.219 22.014 55.280
67.726 20.445 58.421
67.255 16.734 58.923
63.615 15.676 58.859
62.934 12.535 60.903
59.366 11.593 59.881
59.481 9.583 56.663
58.704 6.037 55.593
60.528 4.408 52.667
58.597 1.405 51.329
61.025 -0.416 48.997
58.455 -3.152 48.210
56.193 -0.558 46.697
58.851 2.029 45.700
57.006 4.742 47.727
58.557 7.413 49.972
56.151 9.028 52.389
57.413 12.283 53.961
55.031 13.331 56.753
54.629 16.165 59.318
56.205 18.796 57.113
55.281 22.399 57.669
56.036 24.131 54.381
54.013 27.342 54.451
52.565 28.778 51.249
54.315 31.991 50.190
57.824 30.601 50.632
60.358 28.552 48.704
61.479 25.118 49.759
63.815 22.362 48.809
63.372 18.762 49.875
66.100 16.159 49.366
66.053 12.414 49.839
