-20.024 10.582 2.490
-16.911 8.685 1.346
-13.313 8.043 2.427
-12.046 9.806 -0.699
-13.860 13.020 0.206
-11.511 13.412 3.192
-8.676 14.102 0.741
-10.351 17.353 -0.312
-10.949 19.187 2.980
-7.952 21.459 2.408
-6.244 23.066 -0.587
-5.043 20.457 -3.088
-2.361 21.089 -5.758
-3.368 20.197 -9.318
-1.394 19.173 -12.431
-2.986 18.909 -15.874
-1.437 17.541 -19.094
-3.216 17.480 -22.454
-2.158 16.252 -25.902
-4.527 17.327 -28.662
-4.890 16.807 -32.401
-7.657 18.815 -34.106
-8.010 18.409 -37.876
-4.373 17.264 -37.831
-3.093 20.275 -35.831
-1.160 18.894 -32.871
-0.598 20.739 -29.626
0.122 20.126 -25.959
-1.005 22.017 -22.881
0.298 21.894 -19.305
-1.568 23.350 -16.351
-0.996 23.828 -12.648
-2.866 25.366 -9.755
-4.987 24.425 -6.772
-8.483 23.429 -5.773
-10.617 24.208 -2.732
-13.574 21.818 -2.722
-14.922 23.185 0.559
-15.965 26.333 -1.338
-16.046 24.860 -4.852
-13.203 27.037 -6.171
-10.400 26.279 -8.645
-7.548 28.425 -9.920
-5.391 27.141 -12.780
-2.756 28.455 -15.166
-2.369 26.735 -18.550
0.498 27.065 -21.052
0.560 25.802 -24.627
3.895 23.988 -24.415
4.171 23.460 -28.170
3.958 27.166 -29.060
0.799 28.851 -30.356
-2.469 27.071 -29.594
-4.230 26.328 -32.971
-7.804 26.399 -31.539
-9.495 28.848 -29.178
-8.725 28.413 -25.482
-12.489 28.386 -24.674
-12.917 25.139 -26.637
-10.566 23.348 -24.217
-11.995 24.561 -20.909
-14.276 21.599 -20.223
-11.590 19.064 -21.179
-8.899 20.678 -19.040
-11.460 17.986 -12.353
-15.035 17.810 -11.078
-13.810 16.292 -7.825
-13.342 19.955 -6.748
-17.089 20.667 -6.728
-18.646 21.817 -3.488
-21.197 19.245 -2.407
-23.383 20.685 0.370
-23.515 18.501 3.483
-26.980 17.160 2.699
-25.775 16.036 -0.739
-22.484 14.400 0.168
-23.909 10.943 -0.546
-24.103 11.953 -4.223
-20.431 12.836 -4.810
-19.128 10.124 -7.126
-16.001 12.057 -8.069
-14.384 12.241 -4.629
-15.539 8.735 -3.711
-13.387 7.306 -6.518
-10.228 8.893 -5.047
-7.370 8.406 -4.569
-7.348 5.643 -7.222
-9.267 7.932 -9.534
-11.573 7.741 -12.503
-11.539 7.638 -16.275
-13.466 10.539 -17.842
-14.502 10.149 -21.481
-16.371 12.665 -23.639
-17.703 13.383 -27.046
-18.404 17.071 -27.712
-20.445 18.171 -30.749
-19.920 21.785 -31.838
-23.080 23.190 -33.438
-22.815 23.138 -37.266
-19.166 22.116 -36.976
-16.843 19.297 -35.871
-16.446 17.239 -32.746
-13.957 16.560 -29.996
-13.398 13.156 -28.384
-11.396 12.907 -25.164
-10.207 10.340 -22.669
-8.663 11.411 -19.357
-7.362 9.756 -16.227
-7.907 11.760 -13.027
-6.189 10.469 -9.884
-3.838 11.321 -7.039
-0.105 10.990 -7.436
1.246 11.658 -3.963
-0.330 14.913 -2.717
-1.256 16.119 -6.208
-4.468 15.639 -8.126
-3.464 14.909 -11.731
-5.586 15.053 -14.910
-3.919 13.537 -18.031
-5.902 13.845 -21.253
-5.780 12.723 -24.871
-8.031 14.735 -27.229
-8.867 14.298 -30.923
-10.938 16.720 -32.993
-12.268 15.989 -36.454
-14.557 17.334 -39.163
-14.015 21.022 -38.333
-14.708 23.684 -40.928
-11.656 25.762 -41.751
-13.873 28.890 -41.753
-15.855 27.838 -38.694
-15.544 29.425 -35.285
-12.982 26.894 -33.980
-10.378 26.677 -36.782
-11.260 30.205 -37.864
-10.703 31.416 -34.273
-13.945 33.470 -34.017
-14.802 32.629 -30.384
-14.597 35.359 -27.760
-12.113 34.875 -24.920
-14.701 34.370 -22.186
-16.956 31.799 -20.550
-20.538 31.481 -19.282
-22.459 29.648 -16.523
-23.760 26.106 -17.118
-25.620 23.293 -15.423
-23.886 19.896 -15.598
-26.431 17.055 -15.279
-25.340 13.841 -13.542
-26.983 10.436 -13.267
-25.918 6.950 -12.255
-24.852 4.425 -14.887
-25.281 1.274 -12.815
-24.024 -1.243 -15.383
-20.697 0.626 -15.422
-20.464 1.349 -11.684
-20.161 5.017 -12.576
-21.968 8.042 -13.929
-23.231 9.566 -17.157
-23.084 13.325 -17.496
-24.482 15.719 -20.096
-24.638 19.458 -20.641
-24.530 22.103 -23.358
-21.887 24.842 -23.333
-22.759 28.246 -24.776
-19.753 29.806 -26.540
-20.001 33.556 -27.291
-18.951 34.330 -30.864
-17.382 37.588 -32.064
-20.443 38.540 -34.123
-22.688 38.415 -31.026
-24.071 34.944 -31.795
-23.839 31.882 -29.545
-22.562 28.465 -30.584
-23.530 25.403 -28.590
-21.158 22.562 -27.717
-23.151 19.498 -26.715
-21.205 17.407 -24.169
-21.743 13.702 -23.436
-19.574 12.286 -20.711
-19.014 9.042 -18.822
-16.916 8.460 -15.697
-15.789 5.037 -14.475
-13.691 4.248 -11.350
-10.092 3.096 -11.709
-10.015 1.367 -8.318
-11.887 -1.615 -6.900
-13.362 0.104 -3.845
-17.037 1.076 -3.468
-18.107 4.371 -5.007
-21.093 6.627 -4.467
-23.686 6.221 -7.222
-25.743 9.415 -7.110
-29.364 10.338 -7.492
-29.941 12.625 -10.490
-28.599 16.117 -9.699
-26.545 18.870 -11.298
-23.441 20.990 -10.822
-23.842 24.742 -11.160
-20.614 25.800 -12.873
-19.321 29.366 -13.443
-15.944 30.375 -14.893
-13.767 33.230 -16.092
-10.818 33.295 -18.504
-8.023 35.829 -17.978
-4.384 36.587 -18.842
-1.219 37.532 -17.010
-0.029 40.666 -18.830
3.581 39.696 -18.054
3.352 36.130 -19.458
4.609 36.037 -23.042
3.730 32.397 -23.752
0.310 31.449 -25.116
-1.612 30.816 -21.917
-4.887 30.935 -20.029
-5.486 31.954 -16.418
-8.639 30.089 -15.400
-11.042 30.562 -12.476
-13.945 28.241 -11.714
-16.684 28.093 -9.096
-18.830 24.952 -8.802
-21.562 23.793 -6.403
-23.785 20.717 -6.576
-27.543 21.206 -6.337
-30.688 19.084 -6.196
-33.077 18.916 -9.121
