58.544 100.097 -0.604
54.912 99.769 -1.704
55.706 99.830 -5.446
56.993 96.872 -7.506
55.732 94.251 -5.016
54.766 90.685 -6.027
51.978 89.838 -3.618
49.800 86.733 -3.452
46.408 86.730 -1.664
45.357 83.199 -0.854
42.049 81.768 0.431
38.714 83.556 0.461
38.949 86.485 -1.875
35.179 87.102 -2.196
33.755 87.643 1.210
36.570 89.126 3.373
36.532 92.854 2.880
40.018 93.389 4.281
41.702 91.570 1.376
39.656 93.868 -0.970
40.655 97.067 0.817
44.352 95.950 0.792
44.116 95.369 -2.952
42.495 98.754 -3.485
45.125 100.555 -1.383
48.050 98.745 -3.116
46.533 99.678 -6.485
47.259 103.378 -5.625
50.952 102.490 -6.052
52.953 101.413 -9.127
54.269 98.171 -10.619
52.521 95.826 -8.227
51.639 92.278 -9.441
48.793 90.501 -7.660
48.607 86.735 -7.595
45.076 85.605 -6.679
44.808 82.062 -5.429
41.246 81.041 -4.595
38.640 78.429 -5.363
36.104 79.428 -7.976
33.402 80.137 -5.413
35.653 82.583 -3.663
37.220 84.439 -6.574
38.361 88.022 -6.196
35.236 89.970 -7.333
34.884 91.440 -10.795
34.511 94.905 -9.265
38.130 94.562 -8.018
39.516 93.115 -11.320
37.920 95.856 -13.433
39.560 98.528 -11.296
42.941 96.805 -11.727
42.499 96.632 -15.509
41.419 100.273 -15.669
44.656 101.173 -13.902
46.699 98.599 -15.985
47.804 96.817 -12.845
49.035 93.336 -13.478
47.274 90.386 -11.835
47.019 86.683 -12.501
45.000 83.807 -11.127
46.504 80.508 -9.960
44.979 77.238 -8.748
47.705 76.733 -6.198
50.240 78.563 -4.155
52.981 76.163 -5.231
52.960 77.607 -8.763
54.097 81.131 -7.703
55.931 80.976 -4.382
59.397 81.522 -5.963
58.450 85.010 -7.249
56.598 86.366 -4.221
57.714 89.199 -1.929
54.491 88.923 0.187
52.274 85.887 0.782
49.039 87.166 2.314
46.973 84.304 3.726
43.334 85.141 4.340
41.222 84.061 7.272
34.866 74.188 3.091
36.536 70.796 3.715
38.144 70.948 0.244
39.005 74.604 0.646
40.826 74.164 3.953
42.337 70.917 2.638
44.115 72.344 -0.397
44.903 75.974 0.533
46.596 75.425 3.948
50.201 76.727 4.067
52.952 74.413 5.414
56.671 75.057 5.739
57.345 72.587 2.864
55.459 74.981 0.636
58.104 77.626 1.233
61.010 75.865 -0.291
62.301 77.830 -3.236
61.156 81.161 -1.802
62.803 84.594 -2.131
64.972 85.501 0.940
62.857 88.558 1.474
59.482 86.734 1.449
57.188 87.547 4.349
54.081 85.531 5.162
51.253 87.669 6.491
47.855 86.813 8.000
45.375 89.226 9.683
44.639 86.628 12.350
43.412 84.494 13.868
44.866 81.657 11.945
43.147 78.412 12.785
44.054 76.132 10.020
45.354 78.171 7.109
48.973 78.274 8.432
50.475 75.231 10.126
52.550 75.924 13.237
55.710 74.687 11.476
55.732 77.856 9.388
56.170 79.924 12.589
59.854 79.093 12.941
60.734 79.809 9.294
62.432 83.086 8.353
59.363 83.993 6.369
56.731 84.026 9.170
55.714 87.592 9.930
52.060 87.409 11.109
52.896 88.109 14.796
55.252 90.986 13.850
52.527 92.214 11.552
50.110 92.262 14.511
52.742 94.133 16.548
52.895 96.742 13.744
49.273 97.528 14.543
50.556 99.494 17.535
52.557 101.906 15.308
49.906 102.222 12.658
47.216 102.990 15.258
49.434 105.386 17.203
50.260 107.238 13.973
46.616 107.689 13.224
45.638 108.893 16.640
48.638 111.238 16.600
47.693 112.707 13.197
43.975 113.254 13.882
44.648 114.961 17.188
47.779 117.061 16.411
47.810 119.737 13.735
51.592 119.799 13.575
53.579 116.598 13.913
57.402 116.965 14.043
