-19.648 22.874 8.803
-16.714 20.830 7.435
-14.018 22.068 5.014
-13.412 18.358 4.382
-16.799 17.793 2.654
-16.318 18.563 -1.065
-17.197 15.867 -3.660
-20.972 16.005 -4.473
-22.611 12.643 -3.721
-25.433 11.392 -5.902
-28.315 9.593 -4.504
-30.774 7.824 -6.665
-34.298 8.260 -5.543
-36.374 5.270 -6.440
-40.015 6.100 -7.252
-42.675 3.566 -7.616
-46.266 4.397 -8.611
-49.244 2.127 -8.018
-46.690 -0.657 -7.237
-46.271 -1.077 -10.999
-44.049 1.487 -12.659
-40.746 2.918 -11.592
-38.408 5.680 -12.431
-35.485 7.023 -10.663
-33.883 10.328 -10.622
-30.959 11.503 -8.829
-30.350 14.226 -6.317
-27.032 15.538 -5.078
-25.534 17.100 -1.935
-21.987 17.943 -1.146
-22.440 16.912 2.654
-21.079 13.554 3.987
-23.514 13.892 6.882
-26.736 15.424 5.490
-30.101 16.223 7.105
-32.989 14.099 6.109
-34.769 17.437 5.506
-32.221 18.376 2.721
-32.851 15.057 0.983
-36.595 15.140 1.407
-36.795 18.670 0.057
-34.476 17.864 -2.997
-36.661 14.920 -3.769
-40.063 16.467 -3.318
-38.912 19.549 -5.296
-38.087 17.386 -8.365
-41.297 15.472 -8.146
-43.371 18.653 -7.684
-41.722 20.379 -10.643
-41.654 17.266 -12.919
-44.458 14.919 -11.857
-47.281 16.936 -10.329
-46.583 15.742 -6.726
-48.379 18.831 -5.482
-50.459 21.265 -7.580
-52.434 24.385 -6.667
-55.599 22.415 -6.224
-54.463 18.815 -5.923
-51.992 16.394 -7.227
-51.407 13.658 -9.978
-51.606 11.395 -6.860
-54.090 10.435 -4.197
-51.560 9.321 -1.392
-47.947 8.441 -0.888
-44.871 8.403 1.363
-41.231 8.862 1.150
-39.115 6.078 3.003
-35.512 6.432 4.007
-33.241 3.359 4.725
-29.999 3.733 6.610
-26.898 1.516 6.095
-27.507 -0.323 9.446
-30.794 -1.375 7.788
-33.428 0.595 9.769
-35.980 2.783 8.121
-38.606 5.495 8.701
-41.075 7.339 6.430
-43.139 10.584 6.080
-46.640 10.849 4.741
-46.204 13.217 1.711
-49.672 14.766 2.049
-51.294 17.048 4.746
-53.872 15.827 7.196
-57.358 16.619 6.196
-57.919 18.579 9.401
-55.051 21.006 8.565
-57.284 23.721 6.913
-56.288 26.587 6.790
-52.875 25.172 6.179
-50.663 25.837 9.238
-47.061 25.381 8.046
-45.468 24.680 11.442
-47.652 21.682 11.958
-46.540 20.170 8.667
-42.834 21.022 8.793
-42.210 20.073 12.484
-41.297 16.626 11.247
-37.899 18.176 10.565
-37.425 19.360 14.193
-35.566 16.176 15.214
-32.726 17.348 12.900
-32.134 13.723 11.870
-28.744 13.474 10.065
-27.640 10.629 7.782
-24.662 9.509 5.732
-25.080 10.675 2.077
-22.857 7.870 0.763
-25.079 5.060 1.977
-28.646 6.351 2.537
-31.342 4.661 0.484
-34.442 6.665 -0.724
-37.710 5.317 -1.919
-41.024 7.107 -2.779
-44.247 5.263 -3.099
-47.262 7.067 -4.762
-50.814 5.965 -5.392
-53.020 7.619 -8.119
-56.769 8.075 -7.490
