28.626 -20.017 3.328
26.926 -17.547 0.956
23.809 -16.581 2.936
23.444 -12.799 3.274
24.033 -10.984 6.564
22.717 -7.662 5.209
18.997 -8.314 5.765
17.381 -7.669 9.144
14.011 -8.662 10.573
12.327 -5.788 12.428
9.269 -6.591 14.517
6.963 -4.912 17.007
6.074 -2.047 14.673
3.286 0.290 15.723
0.583 1.057 13.164
2.013 4.537 12.450
5.379 3.107 11.376
5.926 2.908 7.604
8.848 2.612 5.161
9.726 6.293 5.662
9.920 5.936 9.432
12.065 2.831 9.063
14.436 4.516 6.607
14.911 7.427 9.010
15.405 5.181 12.047
17.979 2.887 10.451
19.940 5.159 8.105
22.136 6.427 10.955
23.884 3.043 10.861
24.611 3.074 7.136
23.121 3.235 3.653
20.069 1.072 3.028
19.252 -0.684 -0.245
15.747 -1.986 0.423
12.833 -1.914 2.859
9.956 -4.379 2.593
6.742 -4.249 4.609
4.210 -7.052 4.105
0.685 -5.687 3.876
-2.816 -6.997 4.517
-4.815 -5.650 1.570
-8.125 -6.238 3.378
-7.095 -3.729 6.061
-4.457 -1.804 4.076
-2.200 -1.905 7.134
1.069 -3.744 7.726
1.307 -6.854 9.917
3.684 -5.432 12.514
7.026 -6.363 10.937
9.406 -5.568 8.068
12.751 -6.454 6.524
15.498 -3.869 6.194
18.457 -4.554 3.937
21.704 -2.677 4.512
24.377 -2.107 1.866
27.045 -3.386 4.246
26.821 -6.365 6.589
28.940 -4.525 9.162
26.347 -1.761 9.295
23.518 -4.291 9.622
25.440 -5.723 12.577
25.777 -2.352 14.323
22.071 -1.743 13.785
21.114 -5.052 15.422
23.212 -4.215 18.482
21.809 -0.712 18.985
18.217 -1.152 17.793
17.157 -4.540 19.213
14.791 -3.863 22.129
14.961 -0.125 21.475
11.867 2.092 21.394
10.106 3.216 18.222
6.823 5.125 18.298
6.369 4.320 21.980
6.983 0.572 21.912
9.821 -1.950 21.987
11.029 -3.385 18.697
12.835 -6.637 17.885
15.785 -6.654 15.493
17.895 -9.583 14.262
19.373 -11.162 11.132
16.460 -12.279 8.971
18.155 -15.501 7.979
