-28.699 -35.689 3.610
-24.955 -35.147 4.456
-24.494 -35.616 8.179
-23.284 -32.499 9.955
-21.607 -32.298 13.298
-22.725 -30.055 16.135
-21.435 -26.705 17.246
-20.861 -28.263 20.679
-18.530 -30.853 19.151
-16.662 -28.208 17.077
-16.104 -25.984 20.092
-14.849 -28.795 22.331
-12.543 -29.988 19.512
-11.116 -26.469 19.023
-10.573 -26.161 22.810
-8.629 -29.419 22.681
-6.230 -28.131 19.998
-7.991 -30.091 17.259
-9.026 -28.897 13.835
-12.550 -28.814 12.415
-13.903 -28.239 8.932
-16.325 -25.429 8.184
-18.648 -24.995 5.140
-21.408 -22.321 4.537
-24.521 -24.569 4.691
-25.906 -27.914 3.499
-25.410 -27.054 -0.222
-23.575 -29.926 -1.838
-21.202 -27.623 -3.799
-19.629 -25.753 -0.883
-15.864 -25.641 -0.434
-14.674 -26.098 3.168
-11.942 -24.643 5.388
-9.840 -26.678 7.801
-9.848 -24.525 10.955
-7.988 -24.598 14.251
-7.208 -21.982 16.926
-3.974 -20.123 16.172
-2.575 -20.538 19.698
-2.907 -24.283 19.125
-0.612 -24.234 16.075
2.108 -26.864 16.271
4.495 -28.116 13.610
2.353 -31.285 13.396
-0.978 -29.485 12.979
0.354 -26.967 10.401
2.020 -29.864 8.487
-1.340 -31.632 8.354
-3.030 -28.435 7.122
-0.378 -27.753 4.455
-0.562 -31.411 3.286
-4.314 -31.383 2.656
-5.100 -27.764 1.797
-4.164 -25.100 -0.764
-1.234 -24.038 1.475
-2.328 -20.388 1.284
-2.621 -20.229 5.088
-4.599 -17.400 6.624
-5.011 -16.225 10.224
-8.382 -14.678 11.066
-7.963 -12.181 13.870
-10.088 -10.062 16.149
-9.876 -6.331 15.248
-8.163 -5.653 18.591
-5.223 -7.912 17.723
-4.983 -6.226 14.332
-4.956 -2.811 15.945
-2.473 -3.895 18.615
-0.123 -5.091 15.841
-0.591 -2.134 13.479
-2.168 -4.510 10.934
-5.263 -4.044 8.757
-6.603 -0.765 10.199
-10.396 -0.351 10.145
-2.278 -5.123 -1.631
-2.333 -8.137 0.718
-0.826 -7.970 4.197
1.613 -10.794 5.087
3.801 -11.457 8.188
6.461 -13.786 9.587
7.686 -14.086 13.188
10.921 -12.034 13.492
12.482 -14.489 15.924
12.624 -18.263 16.277
12.269 -19.164 12.600
14.269 -19.838 9.430
12.924 -18.783 6.054
9.350 -18.496 7.295
7.649 -21.005 5.006
7.991 -24.364 6.823
5.143 -25.841 8.823
7.216 -25.216 11.947
7.891 -21.564 10.957
4.282 -20.761 10.012
3.146 -22.464 13.261
5.499 -20.113 15.199
4.091 -17.104 13.307
0.527 -18.265 14.062
1.138 -18.719 17.791
2.813 -15.266 17.877
-0.217 -13.671 16.257
-2.483 -15.281 18.895
-0.081 -14.273 21.713
-1.480 -11.214 23.480
2.070 -10.096 24.440
3.277 -9.746 20.869
3.719 -6.274 19.308
4.220 -4.892 15.773
8.026 -5.238 15.996
7.722 -8.947 16.737
6.856 -9.497 13.055
8.732 -8.978 9.820
6.785 -7.758 6.762
6.375 -9.032 4.129
6.102 -12.688 5.156
4.380 -16.000 4.511
1.277 -15.909 6.719
-1.850 -13.974 5.669
-3.716 -12.219 8.548
-7.438 -11.481 7.956
-9.541 -9.099 10.038
-12.774 -10.615 11.344
-15.873 -8.377 11.594
-16.887 -7.552 15.185
-19.845 -9.765 15.963
-18.494 -12.798 14.062
-20.811 -14.879 11.859
-23.895 -12.929 13.027
-22.361 -9.881 11.329
-20.602 -11.498 8.343
-21.181 -15.222 7.593
-17.561 -15.772 6.512
-15.052 -18.540 7.265
-12.892 -15.736 8.746
-15.632 -14.918 11.293
-16.362 -18.628 11.905
-12.727 -19.187 12.889
-12.569 -16.343 15.406
-16.034 -17.210 16.840
-14.971 -20.805 17.399
-11.755 -19.840 19.237
-13.726 -17.343 21.402
-16.408 -19.975 22.181
-13.648 -22.386 23.222
-12.342 -19.777 25.648
-9.206 -19.139 23.590
-7.652 -15.973 22.246
-9.698 -14.739 19.265
-7.363 -15.909 16.509
-7.657 -18.851 14.153
-5.906 -20.542 11.274
-7.766 -21.410 8.069
-7.155 -23.001 4.675
-9.372 -24.704 2.061
-9.213 -28.478 1.583
-8.084 -29.726 -1.869
-10.155 -32.362 -3.670
-8.556 -35.805 -3.656
-11.104 -37.114 -6.172
-10.779 -34.294 -8.723
-7.265 -32.966 -8.349
-7.911 -29.677 -10.199
-10.606 -28.753 -7.732
-11.351 -28.036 -4.091
-13.357 -30.558 -2.062
-17.122 -30.173 -1.945
-19.551 -31.160 0.846
-19.770 -34.955 0.269
-16.024 -35.325 -0.079
-15.461 -33.071 2.930
-17.711 -35.426 4.937
-15.494 -38.344 3.945
-12.267 -36.446 4.790
-13.653 -35.399 8.204
-14.756 -38.987 9.014
-11.413 -40.451 7.896
-9.398 -38.002 10.017
-11.753 -38.002 13.062
-12.840 -34.376 12.562
-16.061 -32.408 12.945
-17.717 -30.937 9.831
-20.014 -28.013 10.611
-21.797 -25.259 8.698
-21.854 -21.494 9.236
-25.653 -21.709 9.030
-25.699 -23.928 12.179
-23.114 -21.764 13.969
-25.303 -18.713 13.319
-28.322 -20.648 14.627
-26.440 -21.735 17.751
-25.174 -18.223 18.524
-28.688 -16.785 18.131
-30.151 -19.432 20.468
-27.546 -18.900 23.189
-27.310 -15.051 23.371
