61.646 34.147 45.227
62.187 31.056 42.991
59.859 28.279 44.130
59.793 29.994 47.548
56.558 31.924 46.974
55.483 29.276 44.457
55.030 26.172 46.628
54.091 28.530 49.381
50.812 29.942 47.969
50.594 27.141 45.474
50.505 24.562 48.301
48.091 26.575 50.359
45.617 27.414 47.628
45.443 23.895 46.322
44.552 22.434 49.773
42.000 25.024 50.763
40.327 23.719 47.660
41.904 20.279 47.977
40.218 18.881 51.046
37.024 20.695 50.126
36.665 19.389 46.638
37.837 15.931 47.541
35.180 15.275 50.179
32.642 16.409 47.595
33.473 13.361 45.488
32.819 11.246 48.596
29.403 12.783 48.248
28.774 11.909 44.597
30.355 8.453 44.822
29.986 7.970 48.560
26.267 8.790 48.644
26.103 7.252 45.186
26.516 3.535 45.818
25.610 3.919 49.525
21.814 4.563 49.498
21.760 3.394 45.891
23.288 -0.154 46.066
22.698 -0.718 49.824
18.905 -0.729 49.661
17.844 -0.821 46.026
20.464 -3.451 45.256
20.365 -6.403 47.678
16.602 -5.722 48.110
14.716 -5.406 44.770
16.518 -8.704 44.289
19.697 -7.453 42.662
17.007 -6.374 40.172
17.591 -3.300 42.082
21.347 -3.538 41.231
21.448 -3.877 37.442
18.058 -2.091 37.021
18.863 1.251 38.693
22.212 1.001 36.891
20.984 1.684 33.374
18.685 4.112 35.254
21.013 6.999 36.204
23.105 5.938 33.087
20.936 7.975 30.813
21.386 10.662 33.528
25.127 10.233 33.352
25.042 11.736 29.817
22.678 14.346 31.110
24.772 15.473 34.093
27.123 15.824 31.174
25.406 18.816 29.573
25.429 19.778 33.258
29.146 20.518 33.424
28.547 22.931 30.555
26.497 24.709 33.202
29.705 24.480 35.300
32.574 25.906 33.272
30.174 28.832 33.135
30.688 28.673 36.984
34.435 28.794 36.565
33.320 32.267 35.491
34.157 32.833 39.155
36.567 34.930 37.097
34.922 38.374 37.267
36.043 38.388 40.905
39.747 38.593 40.205
39.100 40.891 43.168
38.122 43.142 40.296
34.384 43.235 39.538
33.682 41.681 42.970
30.181 42.474 41.819
28.354 42.155 38.428
28.776 38.508 39.101
25.358 38.319 40.769
23.770 38.957 37.360
26.314 36.900 35.589
25.242 34.059 37.880
21.501 34.393 37.966
21.973 34.286 34.216
23.735 30.935 34.275
21.199 29.387 36.658
18.570 30.236 34.123
20.231 28.312 31.344
20.416 25.639 34.018
16.732 25.050 33.651
16.846 25.906 29.950
18.840 22.665 29.670
17.447 20.289 32.245
14.135 20.595 30.357
15.794 20.041 26.959
16.833 16.854 28.687
13.514 15.988 30.455
12.371 15.329 26.909
14.961 12.627 26.309
14.035 11.517 29.841
10.267 10.797 29.832
10.198 9.382 26.279
13.008 6.786 26.143
12.185 5.856 29.753
8.925 4.703 28.190
10.915 3.195 25.272
13.942 1.536 26.854
14.903 -0.829 24.040
13.847 -4.156 25.535
11.694 -5.390 28.393
14.143 -7.152 30.687
12.757 -6.204 34.112
14.237 -2.864 34.889
11.279 -1.828 32.768
8.303 -0.766 34.824
10.592 -0.933 37.865
13.437 1.525 37.455
12.053 2.972 34.205
9.479 5.422 35.432
10.120 4.894 39.146
13.420 6.724 39.110
11.469 8.078 36.133
9.759 10.931 37.940
12.494 10.640 40.572
14.293 12.100 37.605
11.881 15.026 37.283
13.556 15.438 40.646
17.046 15.392 39.098
16.127 18.376 36.871
15.405 20.635 39.793
18.787 19.280 41.037
20.889 20.943 38.331
19.243 24.250 39.291
20.844 23.736 42.668
23.876 22.562 40.746
24.194 26.141 39.584
24.137 27.442 43.140
27.157 25.179 43.621
28.631 26.938 40.602
28.737 30.298 42.324
29.348 28.995 45.779
30.445 25.380 46.153
33.356 25.832 43.667
33.349 29.480 42.719
32.131 30.312 46.234
31.670 33.970 45.450
35.419 34.406 45.019
36.390 30.806 45.955
35.821 29.178 49.329
34.792 25.767 48.262
33.283 24.733 51.551
29.695 23.802 50.588
31.256 20.497 49.641
31.057 19.034 53.128
27.826 20.976 53.491
25.382 18.874 51.488
28.425 16.630 51.452
28.582 14.748 54.733
25.094 16.074 55.273
23.848 14.918 51.908
24.959 11.261 52.021
23.758 11.073 55.590
20.212 12.105 54.766
19.925 9.880 51.704
20.441 6.824 53.884
17.405 7.077 56.218
15.270 8.865 53.574
15.829 5.757 51.570
15.220 3.322 54.440
11.743 4.602 55.215
11.016 5.075 51.515
12.882 2.367 49.669
10.607 0.329 52.026
10.693 1.541 55.655
7.120 2.818 55.414
5.624 5.642 57.488
3.306 7.164 54.918
4.241 4.790 52.133
6.705 1.867 51.553
8.511 1.834 48.170
10.840 -0.339 45.993
14.501 -0.237 44.957
14.338 1.918 41.864
11.363 3.673 43.423
13.735 4.012 46.377
17.112 5.423 45.262
14.781 7.536 43.255
12.757 8.948 46.147
15.943 9.405 48.157
16.856 11.609 45.183
13.805 13.948 45.433
14.893 14.681 48.934
18.322 15.346 47.501
17.739 18.456 45.375
15.613 19.328 48.391
18.560 19.420 50.773
20.519 20.899 47.922
18.170 23.822 47.631
18.695 24.058 51.373
22.441 24.598 51.042
21.570 26.687 48.002
19.644 29.663 49.362
21.223 29.102 52.757
25.036 29.084 52.585
24.673 31.487 49.636
22.225 34.382 50.303
23.166 33.931 54.007
26.910 34.036 53.276
27.619 34.020 57.026
30.793 35.791 55.988
29.867 38.021 52.991
27.020 39.902 51.264
27.629 41.449 47.837
24.984 39.007 46.602
21.891 38.334 44.503
18.269 39.560 44.655
16.850 41.066 41.470
17.524 39.171 38.262
15.950 38.844 34.789
16.004 37.055 31.406
18.502 37.822 28.637
19.095 37.122 24.961
22.645 38.528 24.423
24.035 37.441 27.777
22.283 34.204 26.659
24.428 34.826 23.603
27.163 35.145 26.198
25.358 31.975 27.337
26.059 30.940 23.809
29.529 31.633 25.179
28.552 29.982 28.460
27.893 27.516 25.627
31.037 28.367 23.562
33.060 27.302 26.619
30.564 24.847 28.067
29.924 23.238 24.658
33.661 22.278 24.549
33.277 20.581 28.028
29.766 18.979 27.790
30.468 16.843 24.686
34.055 16.376 25.726
33.985 14.650 29.125
30.508 13.101 28.543
29.977 12.740 24.883
33.365 11.198 25.310
31.838 9.318 28.236
29.817 7.424 25.673
32.898 6.807 23.488
34.693 5.491 26.549
31.816 3.113 27.049
31.907 2.279 23.333
35.302 0.719 22.869
35.578 -1.251 26.107
32.274 -2.992 25.533
32.961 -3.513 21.867
36.222 -4.921 23.102
34.599 -6.514 26.066
33.667 -9.739 24.308
37.371 -10.499 24.778
36.326 -12.909 27.573
34.956 -13.389 31.094
37.808 -11.022 31.908
34.941 -8.564 31.410
35.082 -8.525 35.172
38.882 -8.446 35.354
38.720 -5.502 33.025
35.392 -4.227 34.332
35.929 -4.845 38.068
39.618 -3.915 38.308
40.147 -1.000 35.953
36.774 0.651 36.173
36.053 0.569 39.905
39.249 1.267 41.704
40.534 3.536 38.984
37.326 5.586 38.706
37.972 6.543 42.292
41.702 7.284 42.037
40.621 9.311 38.945
38.132 11.012 41.162
41.308 12.236 42.952
43.332 14.161 40.333
40.059 15.559 38.987
39.618 17.100 42.448
42.872 19.015 42.100
41.804 20.191 38.641
38.773 22.297 39.424
40.741 23.588 42.407
43.599 24.750 40.319
41.085 25.295 37.523
39.233 27.867 39.615
42.342 28.797 41.633
44.109 29.559 38.329
41.030 31.502 37.303
40.925 33.827 40.324
44.654 34.705 40.389
44.108 35.117 36.613
41.881 38.079 37.475
43.761 40.093 40.143
46.894 41.866 38.973
46.686 39.176 36.265
49.948 37.843 37.719
51.679 34.503 37.177
48.937 32.066 38.124
50.377 29.864 35.407
53.745 28.848 36.850
51.736 28.901 40.060
48.266 27.323 39.516
49.802 25.628 36.487
53.207 24.367 37.623
51.751 23.944 41.077
48.576 21.956 40.496
50.624 19.933 38.074
53.594 19.132 40.276
51.187 17.872 42.963
48.672 15.714 41.121
51.728 13.740 40.051
52.272 13.175 43.733
48.659 12.018 44.191
48.846 10.163 40.864
52.343 9.066 41.735
51.583 8.362 45.412
48.173 6.832 44.688
49.540 4.946 41.712
52.704 3.697 43.511
50.547 2.772 46.562
47.993 1.138 44.317
50.639 -1.449 43.471
50.346 -3.147 46.845
46.641 -3.131 47.242
46.051 -5.244 44.141
45.040 -8.618 45.695
42.655 -7.266 48.384
41.579 -4.416 46.141
41.136 -7.178 43.604
38.611 -8.609 46.060
36.805 -5.351 45.908
33.739 -6.692 44.168
33.059 -9.526 46.572
33.680 -12.787 44.618
36.654 -15.231 44.337
40.044 -15.523 42.665
38.066 -14.161 39.700
40.830 -12.305 37.805
42.987 -11.200 40.802
45.942 -12.573 38.881
45.367 -10.705 35.609
43.302 -8.437 37.727
46.504 -7.922 39.693
48.007 -7.353 36.264
45.213 -5.132 35.032
45.325 -3.546 38.417
48.815 -2.458 37.392
47.540 -0.738 34.226
45.436 1.625 36.334
48.174 2.845 38.703
49.997 4.102 35.687
46.855 5.479 33.993
46.024 7.347 37.170
49.469 8.797 36.681
49.277 10.107 33.120
45.540 10.492 33.490
46.132 12.836 36.355
48.457 15.020 34.293
45.944 15.065 31.440
43.056 16.111 33.757
44.686 18.951 35.600
46.340 21.047 32.870
43.434 20.513 30.581
40.109 20.958 32.313
41.771 23.337 34.762
44.403 25.706 33.387
42.922 25.433 29.957
39.763 24.893 31.871
39.988 28.652 32.285
38.021 29.474 29.110
38.204 28.873 25.364
41.173 26.641 25.992
38.200 24.555 27.015
37.273 24.922 23.330
40.633 23.616 22.064
41.212 21.503 25.131
38.228 19.676 23.669
39.871 19.288 20.315
42.810 18.073 22.326
40.408 15.672 23.910
39.498 13.657 20.922
43.142 13.872 19.637
44.215 11.372 22.283
40.858 9.610 21.734
40.831 8.243 18.173
44.611 7.921 18.355
44.423 6.217 21.736
41.526 3.702 21.604
41.668 2.420 18.055
45.476 2.307 18.688
44.755 0.695 22.050
42.016 -1.687 20.873
44.154 -2.430 17.856
46.674 -2.992 20.648
44.392 -5.603 22.053
44.103 -6.052 18.289
47.905 -5.655 17.901
47.849 -8.930 19.649
45.363 -9.488 16.883
48.390 -8.044 14.914
52.100 -7.654 15.958
52.281 -9.490 19.250
51.901 -9.163 23.093
51.522 -11.230 26.332
47.655 -10.487 26.775
45.461 -8.653 24.176
42.775 -7.883 26.773
44.880 -6.419 29.563
47.073 -4.941 26.864
44.221 -3.398 24.966
42.931 -1.974 28.251
46.420 -0.394 28.283
46.439 1.207 24.842
43.877 3.447 26.485
46.507 4.816 28.835
48.582 5.618 25.742
45.691 7.846 24.872
45.702 9.740 28.157
49.475 10.111 28.295
49.151 11.014 24.633
46.512 13.770 25.109
48.230 14.477 28.409
51.122 15.473 26.158
48.672 17.467 23.988
47.651 20.134 26.546
51.313 20.521 27.512
52.073 22.088 24.116
49.036 24.281 25.020
51.813 25.416 27.417
49.817 28.517 28.152
50.121 29.095 24.374
52.998 31.588 24.345
52.252 31.690 27.992
50.394 34.993 28.688
51.169 38.496 27.381
48.034 40.587 27.417
46.351 37.912 25.375
44.928 37.069 28.792
42.247 39.764 28.849
42.006 38.719 25.166
40.669 35.344 26.308
38.330 37.498 28.331
37.724 39.791 25.338
36.193 36.725 23.690
34.860 35.792 27.167
34.621 39.133 29.112
