49.204 22.958 55.736
50.747 20.981 52.734
47.460 19.110 51.853
45.406 22.321 51.497
48.293 23.892 49.495
48.235 20.865 47.113
44.390 21.071 46.828
44.464 24.836 46.070
47.423 24.429 43.596
45.340 22.153 41.287
45.271 22.594 37.495
44.408 20.010 34.811
47.553 18.608 33.165
47.178 17.741 29.488
50.865 17.173 28.636
52.626 14.189 30.179
55.990 12.428 29.752
56.061 8.773 28.532
57.064 7.592 32.087
54.511 4.985 33.224
53.148 4.859 36.786
54.739 2.097 38.871
52.640 -0.770 40.339
53.265 0.818 43.812
51.954 4.274 42.625
48.828 2.595 41.033
48.287 0.609 44.256
48.495 3.807 46.415
46.114 5.684 44.013
43.518 2.842 44.115
43.707 2.507 47.965
43.386 6.324 48.262
40.274 6.254 46.009
38.741 3.405 48.086
39.295 5.327 51.378
36.576 7.895 50.425
33.238 7.893 52.297
30.566 5.698 50.676
26.714 5.890 51.045
25.530 3.040 53.343
28.992 1.342 52.883
27.824 0.214 49.367
31.077 1.224 47.542
29.004 1.444 44.312
31.901 1.862 41.853
34.655 0.152 39.854
37.949 1.473 38.490
39.294 0.109 35.207
43.033 0.703 34.735
43.685 0.988 30.979
47.289 0.247 29.901
46.557 -1.660 26.610
47.772 0.710 23.777
44.855 -0.233 21.480
42.223 0.409 24.186
43.852 3.731 25.304
43.824 4.788 21.599
40.160 3.827 21.060
39.103 5.701 24.229
41.103 8.778 23.131
39.200 8.748 19.759
35.796 8.155 21.431
36.624 11.018 23.879
36.970 13.394 20.882
40.716 12.880 20.085
42.294 13.742 23.411
46.000 12.703 23.148
46.607 12.877 26.921
44.269 9.800 27.204
46.901 7.727 25.235
50.052 9.561 26.399
50.104 9.419 30.216
51.433 7.296 33.133
48.117 5.326 33.376
44.494 5.824 32.286
41.790 5.056 34.882
38.088 4.711 33.993
35.654 5.375 36.869
32.363 3.476 36.662
29.098 3.543 38.592
28.835 -0.143 39.632
25.706 -1.943 40.897
26.672 -5.221 39.136
28.716 -6.245 42.246
25.457 -5.885 44.293
23.374 -7.748 41.645
25.899 -10.681 41.661
26.375 -10.593 45.491
22.569 -11.165 45.813
22.548 -13.959 43.132
25.148 -15.823 45.271
22.521 -15.820 48.096
19.755 -16.968 45.724
18.251 -13.448 45.401
17.466 -11.558 42.127
17.420 -7.826 43.101
18.007 -5.946 39.729
14.699 -3.968 40.039
15.980 -2.496 43.370
19.225 -1.139 41.723
17.501 0.727 38.862
15.915 3.845 40.407
17.109 7.503 40.475
18.217 7.171 44.138
20.680 4.301 43.360
21.902 6.193 40.238
22.710 9.224 42.438
24.349 6.951 45.061
26.658 5.251 42.534
27.643 8.508 40.707
28.488 10.272 44.014
30.418 7.209 45.347
32.548 7.008 42.137
33.192 10.798 42.097
34.349 10.893 45.787
36.729 7.973 45.036
38.064 9.775 41.881
38.721 13.014 43.755
40.627 11.121 46.501
42.742 9.546 43.706
43.285 13.015 42.148
44.482 14.592 45.461
46.704 11.550 46.189
48.273 11.823 42.652
48.791 15.603 42.951
50.425 15.190 46.420
53.022 12.852 44.718
53.846 15.562 42.140
51.824 13.804 39.436
49.397 15.618 37.124
45.764 14.630 36.477
43.004 15.365 33.961
39.415 14.090 34.204
38.017 12.830 30.848
34.231 13.162 30.582
34.677 12.995 26.784
34.224 9.175 26.981
30.448 9.962 27.490
30.268 10.971 23.762
30.013 7.243 22.847
29.297 5.175 25.988
27.983 2.166 23.918
31.417 1.910 22.251
33.256 2.610 25.575
31.331 -0.301 27.240
32.455 -2.541 24.308
36.149 -1.444 24.737
36.002 -2.103 28.524
33.581 -5.119 28.245
31.499 -3.690 31.114
28.436 -5.781 32.046
24.890 -4.577 32.813
24.573 -2.305 35.924
28.027 -0.829 35.149
28.200 2.714 33.729
31.548 4.346 32.709
31.348 7.996 33.906
34.757 9.542 33.104
38.396 8.674 32.677
41.257 10.041 34.775
44.585 10.538 32.980
47.465 10.434 35.508
51.169 11.003 34.783
54.427 12.942 35.172
53.725 16.459 33.827
55.738 17.569 30.734
54.185 21.109 31.091
52.719 22.504 34.375
50.204 24.865 32.651
48.496 27.378 35.012
45.565 27.743 37.415
42.078 28.725 36.198
40.148 31.230 38.394
37.055 29.900 40.147
33.713 31.683 40.708
33.747 34.323 43.492
33.040 32.713 46.896
29.663 34.529 47.218
28.405 32.975 43.898
28.943 29.397 45.228
28.612 29.754 49.033
25.264 30.818 50.552
24.489 31.393 54.239
21.459 29.397 55.485
19.373 29.827 52.327
20.144 29.980 48.579
20.710 33.623 47.533
18.296 34.480 44.648
18.947 38.283 44.801
19.271 39.463 41.133
21.554 42.440 41.949
23.936 40.129 43.894
23.896 37.624 40.997
24.624 40.297 38.319
27.449 41.900 40.355
29.197 38.536 40.991
28.701 37.281 37.392
29.918 40.622 35.901
33.017 40.527 38.156
33.701 36.868 37.200
33.176 37.511 33.468
35.760 40.366 33.645
38.210 38.090 35.649
37.872 35.365 32.963
38.061 37.707 29.939
41.221 39.315 31.515
42.618 35.809 32.201
42.244 34.753 28.521
43.628 38.109 27.262
46.712 37.631 29.546
47.139 33.853 28.771
46.667 34.197 24.933
48.373 37.673 24.606
45.118 39.270 23.312
44.233 36.388 20.943
41.150 35.403 23.051
38.883 37.650 25.207
35.734 35.552 25.855
33.868 35.850 29.173
32.921 32.792 31.301
29.155 33.145 30.655
29.728 33.259 26.845
32.161 30.258 26.990
29.914 28.011 29.176
26.771 28.699 27.124
28.619 28.166 23.779
29.872 24.717 24.830
26.656 23.640 26.707
24.662 23.948 23.411
27.179 21.668 21.541
27.337 17.777 21.664
24.510 17.761 24.331
24.657 13.906 24.683
20.797 13.566 24.637
21.163 9.772 23.852
22.222 9.295 27.545
18.548 9.823 28.638
17.779 6.369 27.165
21.290 4.833 27.190
21.694 5.024 31.007
18.279 3.192 31.340
19.535 0.517 28.845
22.440 -0.130 31.283
20.052 -0.563 34.226
20.106 2.905 35.825
17.720 5.787 36.570
14.558 3.950 35.390
10.880 5.078 35.858
