31.813 24.043 23.637
28.386 25.637 23.507
25.570 23.913 21.693
25.980 26.354 18.824
29.698 25.736 18.605
29.133 21.996 18.535
26.677 22.493 15.684
29.083 24.712 13.768
31.747 22.043 14.194
29.429 19.527 12.528
29.002 21.879 9.539
32.831 21.875 9.204
33.413 18.210 9.720
30.594 17.208 7.400
32.171 19.049 4.524
35.531 17.296 5.051
33.915 13.931 5.600
32.690 14.000 2.001
35.353 16.179 0.354
38.247 14.039 1.564
37.045 10.843 -0.120
37.915 11.383 -3.743
39.978 13.608 -5.926
41.030 16.858 -4.253
40.559 16.215 -0.503
39.506 19.818 0.110
36.787 20.074 -2.530
33.444 18.381 -3.020
33.030 16.755 -6.419
29.617 16.238 -7.931
29.718 12.708 -6.694
30.719 13.620 -3.179
27.985 16.283 -3.070
25.460 13.729 -4.254
26.406 11.513 -1.346
26.339 14.444 1.086
22.817 15.361 -0.054
21.403 11.854 0.067
22.938 10.938 3.486
22.990 14.320 5.242
19.992 16.144 3.751
17.398 13.538 3.058
14.642 15.982 4.056
15.704 18.195 1.102
16.339 15.597 -1.585
14.436 12.479 -0.653
15.661 8.946 -1.548
17.069 9.731 -4.987
19.227 12.794 -5.783
17.849 14.341 -9.026
20.573 14.522 -11.646
19.484 17.804 -13.254
19.019 19.449 -9.879
22.390 18.265 -8.812
23.995 19.790 -11.927
22.307 23.138 -11.303
23.187 23.061 -7.593
26.791 22.349 -8.377
26.866 24.974 -11.078
25.409 27.696 -8.799
27.870 26.915 -6.001
30.905 26.499 -8.158
31.947 30.074 -8.590
35.375 29.344 -10.091
34.114 26.664 -12.616
36.449 23.981 -11.348
33.449 21.627 -11.221
33.863 21.320 -7.451
32.697 23.057 -4.279
35.449 24.370 -1.967
34.717 25.297 1.635
34.316 29.059 0.821
31.764 28.113 -1.864
30.083 25.601 0.461
29.471 28.516 2.959
26.892 29.874 0.458
25.195 26.533 0.559
25.275 26.548 4.371
23.482 29.884 4.472
20.802 28.653 2.072
20.113 25.402 3.833
19.970 27.235 7.191
17.278 29.551 5.836
15.500 26.603 4.333
15.608 24.753 7.694
13.992 27.731 9.416
11.251 28.183 6.886
10.440 24.614 6.015
37.020 15.563 -3.031
34.670 25.604 -7.263
