-25.409 -34.514 0.394
-22.655 -34.068 -2.183
-19.230 -32.521 -1.612
-16.690 -31.280 -4.147
-13.163 -32.629 -3.606
-10.414 -30.706 -5.424
-7.140 -32.607 -5.826
-3.796 -32.847 -7.666
-3.582 -31.639 -11.286
-6.806 -29.642 -10.872
-8.939 -32.773 -10.951
-12.311 -32.634 -9.237
-14.321 -35.484 -7.775
-17.780 -35.457 -6.254
-18.565 -37.509 -3.149
-21.912 -38.625 -1.772
-21.611 -38.217 2.012
-23.541 -37.735 5.270
-23.208 -34.690 7.602
-22.537 -37.190 10.405
-19.673 -38.857 8.504
-16.188 -38.651 9.992
-13.171 -37.383 8.030
-12.072 -41.024 8.319
-15.286 -42.076 6.518
-14.638 -39.394 3.886
-11.102 -40.719 3.304
-12.465 -44.240 2.736
-14.937 -42.960 0.143
-12.012 -41.188 -1.558
-10.228 -44.561 -1.495
-13.386 -46.039 -3.079
-13.320 -43.628 -5.993
-9.603 -42.805 -6.322
-7.674 -45.777 -4.881
-5.577 -43.631 -2.524
-5.058 -45.112 0.980
-6.511 -42.931 3.799
-3.107 -42.608 5.547
-1.620 -40.835 2.483
-4.458 -38.263 2.354
-4.428 -34.631 3.597
-7.825 -32.929 3.607
-8.236 -29.175 3.777
-11.306 -27.024 4.302
-11.524 -23.267 5.013
-7.706 -23.196 5.077
-7.293 -25.707 7.925
-6.170 -29.345 7.871
-9.030 -31.705 8.757
-8.571 -34.243 11.564
-9.525 -37.905 11.970
-12.396 -38.250 14.456
-14.127 -34.943 13.723
-17.205 -34.867 11.432
-18.340 -32.697 8.471
-20.935 -30.834 10.558
-18.173 -30.226 13.138
-16.278 -28.243 10.485
-19.389 -26.544 9.050
-19.139 -28.472 5.759
-22.427 -28.364 3.822
-23.913 -29.664 0.586
-21.666 -28.530 -2.317
-18.807 -27.480 -0.030
-15.309 -27.690 -1.474
-12.564 -29.709 0.206
-8.957 -29.877 -0.975
-7.064 -33.167 -1.178
-3.274 -33.207 -1.034
-0.926 -36.131 -0.501
1.838 -36.959 1.928
5.044 -37.708 -0.017
5.602 -41.413 -0.755
