-28.724 -20.063 18.414
-27.472 -16.911 16.659
-28.977 -16.426 13.185
-25.650 -16.678 11.328
-23.320 -19.598 12.100
-19.589 -19.153 12.732
-16.981 -21.494 14.208
-16.536 -20.810 17.916
-12.751 -20.809 17.564
-10.040 -20.405 14.926
-6.282 -20.478 15.555
-3.146 -19.831 13.548
0.544 -19.033 13.872
1.994 -15.583 13.207
2.404 -14.989 9.484
-0.128 -17.570 8.287
-3.510 -17.084 6.610
-6.683 -18.023 8.469
-10.311 -17.939 7.409
-13.530 -17.560 9.358
-16.774 -18.871 7.878
-20.239 -17.406 8.303
-23.238 -19.405 7.118
-26.716 -17.965 6.663
-29.816 -18.320 4.502
-31.484 -16.833 1.437
-33.195 -14.252 3.658
-29.933 -12.760 4.955
-26.538 -13.471 3.330
-28.195 -14.853 0.197
-29.918 -11.537 -0.487
-27.972 -8.883 1.411
-24.390 -7.745 1.855
-22.274 -8.968 4.767
-20.456 -6.880 7.352
-17.730 -7.985 9.758
-16.781 -6.588 13.166
-13.574 -7.059 15.104
-13.710 -6.892 18.887
-10.338 -6.748 20.604
-10.405 -7.980 24.199
-12.026 -5.474 26.573
-13.090 -3.115 23.784
-16.158 -2.279 21.711
-16.604 -3.837 18.278
-15.232 -1.895 15.312
-16.405 -2.229 11.713
-13.856 -4.296 9.800
-15.547 -5.076 6.468
-18.745 -3.741 4.918
-20.604 -4.662 1.743
-19.006 -8.137 1.547
-15.503 -6.932 0.744
-15.048 -3.207 1.451
-12.600 -1.937 4.097
-13.141 1.238 6.139
-10.138 3.573 6.161
-7.411 2.231 8.430
-8.217 -1.454 7.974
-5.236 -3.152 6.252
-5.523 -5.093 2.988
-4.606 -8.380 4.661
-8.208 -8.454 5.925
-10.473 -9.498 3.089
-14.079 -10.563 2.860
-16.043 -12.614 0.386
-19.564 -13.930 -0.126
-20.784 -16.951 -2.047
-24.459 -17.871 -2.077
-25.716 -18.065 1.503
-22.254 -18.087 3.086
-19.542 -15.491 3.660
-15.926 -15.640 4.747
-13.288 -13.449 6.342
-9.671 -14.147 5.414
-6.785 -12.747 7.402
-3.356 -13.030 5.806
-0.089 -12.258 7.572
-1.674 -13.112 10.902
-0.345 -10.915 13.737
-0.578 -11.296 17.522
-2.657 -8.133 17.722
-5.320 -9.802 15.558
-6.361 -11.984 18.504
-9.979 -10.953 18.979
-13.603 -11.977 18.552
-14.904 -11.560 14.987
-18.622 -11.222 14.143
-20.354 -11.399 10.803
-23.608 -9.537 10.262
-26.217 -8.889 7.587
-29.703 -7.551 7.140
-32.368 -10.258 7.376
-35.424 -9.744 5.145
-37.530 -12.271 7.067
-36.863 -10.782 10.510
-36.723 -7.233 9.141
-33.590 -6.287 11.058
-29.809 -6.798 11.364
-28.646 -10.238 12.486
-25.263 -11.409 13.814
-23.203 -14.547 13.819
-22.327 -16.119 17.151
-18.751 -14.871 17.000
-15.404 -16.546 16.442
-12.526 -16.240 18.901
-9.318 -15.992 16.879
-6.245 -17.058 18.822
-2.712 -16.491 17.626
-0.366 -19.319 18.606
3.342 -19.078 19.332
