47.094 20.004 40.758
46.779 16.953 43.131
44.228 13.973 42.774
42.108 15.041 45.760
40.510 18.343 46.873
42.712 20.123 49.504
42.025 18.509 52.913
41.778 20.545 56.121
43.999 18.258 58.324
42.888 20.269 61.402
39.113 19.707 60.870
37.176 19.137 64.142
34.111 17.821 62.286
34.118 15.281 59.412
32.173 17.782 57.148
35.183 20.121 57.426
37.877 17.640 56.131
36.872 18.423 52.520
34.706 21.588 52.949
32.491 22.759 50.061
35.100 25.499 49.240
37.837 22.821 48.680
35.550 20.923 46.263
34.174 24.038 44.449
36.257 27.293 44.622
34.289 30.243 46.167
34.307 32.255 42.894
32.573 29.297 41.088
30.354 28.267 44.065
28.468 31.642 43.975
27.120 30.501 40.525
25.485 27.317 41.973
22.005 28.672 42.778
19.719 25.953 44.154
16.782 27.948 45.704
14.643 27.058 42.608
15.293 23.299 43.229
14.098 23.634 46.890
11.012 25.674 45.850
10.013 23.126 43.129
7.528 20.529 44.532
7.243 18.200 41.462
10.094 15.575 41.559
10.363 15.338 37.748
10.577 19.198 37.413
13.110 19.452 40.300
15.344 16.926 38.387
15.114 18.958 35.148
16.826 21.909 36.901
20.084 19.851 37.201
23.092 20.378 34.805
23.129 16.778 33.473
20.477 14.103 32.938
21.016 10.462 32.065
19.437 7.024 32.619
20.666 6.772 36.254
18.426 7.175 39.374
21.422 8.066 41.577
21.077 11.901 41.739
17.247 11.396 41.980
17.680 9.200 45.097
19.926 11.811 46.902
17.542 14.640 45.896
14.425 13.273 47.780
15.954 14.035 51.213
17.016 17.644 50.352
13.960 19.801 50.920
14.931 22.319 53.639
17.080 25.523 53.404
19.542 24.098 56.017
20.436 21.519 53.287
21.472 24.249 50.707
25.216 23.340 50.877
24.469 19.620 50.261
22.170 20.581 47.352
24.947 22.789 45.828
27.243 19.731 46.101
24.631 17.453 44.504
24.262 19.995 41.640
28.077 19.937 41.161
28.181 16.101 41.418
25.584 15.955 38.549
27.900 18.178 36.448
31.062 16.094 37.305
29.151 12.903 36.412
28.129 14.571 33.097
31.792 15.392 32.344
32.947 11.888 33.429
30.352 9.997 31.306
31.187 12.288 28.347
35.001 12.083 28.932
35.653 11.164 25.249
34.423 14.650 24.169
37.540 16.792 23.413
36.227 20.397 23.192
34.192 22.886 25.305
31.505 23.630 22.633
30.988 19.870 22.066
30.870 19.251 25.881
28.160 21.950 26.429
26.005 20.180 23.791
25.879 17.103 26.152
24.971 19.125 29.262
21.810 20.971 30.435
23.070 24.621 30.356
25.273 24.676 33.528
26.798 28.123 34.278
29.749 28.340 31.836
32.201 29.327 34.659
31.706 25.834 36.216
32.618 24.112 32.898
35.668 26.437 32.465
36.829 25.556 36.007
36.483 21.796 35.291
38.435 22.017 31.987
41.197 24.074 33.714
41.572 21.644 36.653
40.478 18.144 35.522
41.762 17.860 31.938
44.970 17.965 29.856
44.442 21.144 27.864
45.556 20.816 24.200
47.875 23.887 24.113
48.289 26.187 21.157
47.516 29.824 20.271
45.883 28.901 16.899
43.502 26.336 18.568
42.786 28.668 21.563
41.363 31.227 19.076
38.812 28.588 17.859
37.793 26.936 21.211
39.076 25.265 24.392
40.433 21.805 23.382
41.483 19.075 25.854
41.414 15.349 26.691
40.844 13.409 29.959
