46.022 -1.405 16.402
42.383 -2.499 16.015
41.754 -1.784 19.708
43.453 1.642 19.477
41.273 2.523 16.462
38.203 1.649 18.530
39.465 3.735 21.509
39.830 6.756 19.183
36.223 6.362 17.922
34.998 6.274 21.547
36.976 9.397 22.575
36.167 11.580 19.528
32.448 10.630 19.364
32.332 11.385 23.120
32.803 15.080 22.255
29.078 15.111 21.225
27.251 15.721 24.539
23.847 14.001 25.117
21.080 13.459 27.684
20.418 9.976 29.176
17.277 7.802 28.771
15.977 4.535 30.304
13.895 2.672 27.666
11.436 0.177 29.226
8.752 -2.508 28.633
6.822 -5.243 30.496
7.129 -8.756 29.137
4.957 -11.462 30.709
4.404 -9.458 33.917
7.888 -8.196 34.877
9.480 -4.797 34.176
12.492 -4.685 31.771
14.802 -1.751 30.834
18.165 -0.461 29.560
20.130 2.843 29.580
20.556 4.562 26.174
22.194 7.759 24.775
21.675 7.058 21.005
18.220 8.669 21.068
16.700 11.422 18.828
13.462 13.158 17.829
12.763 12.034 14.185
9.479 13.354 12.685
6.578 15.668 13.571
4.000 14.339 11.070
3.713 11.450 11.755
5.176 11.825 15.304
8.282 9.546 15.477
11.422 8.988 17.591
14.480 6.707 17.153
16.945 4.755 19.343
19.921 2.455 18.597
20.358 -0.742 20.690
23.338 -3.133 20.249
22.779 -6.321 18.182
23.684 -8.265 21.358
21.130 -6.460 23.635
18.821 -8.689 25.733
16.580 -5.743 26.650
15.787 -4.819 23.025
14.584 -8.413 22.396
11.902 -7.979 25.115
10.747 -4.697 23.448
10.664 -6.394 20.014
8.457 -9.150 21.505
5.943 -6.806 23.173
5.967 -4.195 20.373
5.692 -1.379 23.001
8.154 0.851 24.930
8.379 4.002 27.100
11.318 6.487 26.878
12.199 8.067 30.295
14.364 11.264 30.034
16.482 11.512 33.230
16.971 14.388 35.728
20.457 15.025 37.222
19.179 13.675 40.603
18.720 10.253 38.857
22.467 9.508 38.299
21.907 6.399 40.565
19.191 5.040 38.232
21.493 5.249 35.187
24.312 3.502 37.116
21.910 0.717 38.213
20.796 -0.049 34.646
24.445 -0.055 33.491
25.441 -2.815 35.938
25.082 -6.617 35.943
22.927 -6.538 39.102
19.650 -8.522 38.988
16.163 -7.038 39.662
16.961 -3.561 38.337
13.651 -1.912 39.379
14.080 -2.792 43.101
13.912 0.394 45.201
12.925 2.439 42.127
9.323 3.745 42.050
7.435 3.214 38.771
3.902 3.025 37.262
2.459 1.587 34.000
1.784 3.977 31.074
-1.538 3.916 29.147
0.014 1.159 26.953
1.483 -0.784 29.920
5.176 0.267 29.816
7.103 1.423 32.951
7.235 5.198 33.712
10.016 5.905 36.285
9.034 8.460 38.981
11.243 11.586 39.201
12.023 11.810 35.459
11.945 15.090 33.475
9.595 13.613 30.805
8.261 10.353 29.306
7.184 9.251 25.795
4.735 6.289 25.264
5.502 4.413 21.970
4.969 1.391 19.683
7.666 -0.202 17.429
7.144 1.312 13.922
10.144 -0.015 11.898
13.607 -1.647 12.389
16.792 -1.333 10.234
20.291 -2.909 10.236
22.950 -0.485 11.585
26.274 -2.377 11.516
26.859 -3.789 14.996
23.658 -1.971 16.178
19.990 -1.793 15.068
18.115 1.480 14.392
14.540 1.341 15.859
11.767 3.829 14.935
8.918 4.411 17.417
5.435 5.891 16.830
4.396 8.293 19.641
0.915 7.699 21.231
1.269 9.923 24.330
3.823 12.123 26.141
4.284 14.631 28.976
6.718 16.557 31.223
6.402 16.710 35.054
5.287 20.219 36.183
7.314 22.193 38.788
10.349 19.838 38.624
13.449 22.042 38.113
14.850 21.794 34.536
18.275 20.189 35.247
19.008 17.276 32.795
21.471 14.398 33.385
24.268 14.657 30.761
26.972 12.322 29.368
30.135 13.919 27.865
33.603 12.401 27.120
32.757 9.236 29.117
31.558 11.064 32.302
28.249 12.227 33.823
27.708 16.003 34.041
25.007 18.760 34.023
24.229 22.336 32.862
25.136 25.793 34.213
21.755 27.556 34.087
23.393 31.043 33.983
24.537 30.147 30.413
20.921 29.709 29.076
20.561 31.921 25.927
17.531 32.487 23.590
17.908 31.208 20.002
16.429 32.791 16.851
15.901 30.822 13.560
14.936 31.953 10.014
15.847 29.014 7.691
12.604 27.017 7.649
14.094 24.327 5.359
16.512 23.212 8.108
14.427 23.707 11.285
15.236 21.737 14.491
12.243 19.622 15.699
12.618 21.205 19.192
12.654 24.905 18.233
