10.654 32.291 43.995
14.147 30.925 44.629
14.644 28.797 47.739
18.184 29.525 48.815
20.935 28.308 51.121
23.756 30.803 51.419
26.564 28.268 51.873
25.503 26.285 48.814
27.678 26.247 45.682
24.743 25.040 43.593
22.781 28.013 44.946
25.620 30.370 44.066
25.396 29.283 40.407
21.683 29.911 40.330
22.093 33.312 41.977
24.632 34.399 39.332
22.486 33.071 36.477
19.480 35.020 37.726
21.475 38.243 37.845
23.299 37.922 34.535
20.062 37.612 32.574
18.479 40.277 34.764
15.536 38.112 35.751
13.277 39.512 38.456
12.882 36.919 41.185
12.365 36.532 44.898
14.703 34.889 47.401
13.806 32.668 50.352
16.639 31.853 52.740
16.489 28.468 54.441
18.853 25.945 56.060
19.387 22.305 55.042
15.890 20.936 48.129
18.296 23.783 47.457
18.461 25.264 45.111
14.872 24.884 44.037
12.677 27.206 42.040
8.976 27.679 42.676
7.057 28.612 39.543
3.469 29.366 40.510
3.291 26.319 42.761
5.461 24.195 40.477
8.813 23.277 42.031
12.014 22.559 40.109
15.354 21.271 41.457
18.906 20.803 40.184
20.934 23.937 39.506
21.871 22.974 35.931
18.227 22.139 35.207
17.093 25.373 36.852
19.500 27.385 34.746
18.460 25.750 31.469
14.835 26.567 32.312
15.679 30.228 32.854
17.690 30.158 29.640
14.615 28.810 27.823
11.937 31.183 29.137
14.349 34.142 29.166
16.437 33.736 25.965
17.789 37.292 26.330
21.265 37.571 27.844
