-35.409 -11.058 -2.574
-35.395 -14.710 -1.400
-31.849 -16.039 -1.031
-30.434 -12.486 -1.372
-27.720 -11.797 1.198
-26.215 -8.268 1.628
-22.381 -8.581 2.105
-20.743 -5.141 1.736
-21.883 -1.500 1.955
-20.198 1.876 1.319
-22.108 4.945 2.673
-21.000 8.246 1.064
-22.614 10.869 3.305
-23.037 14.627 3.397
-22.616 16.301 6.774
-25.879 16.817 8.695
-27.355 20.086 9.872
-24.809 22.973 10.069
-24.946 26.753 10.540
-24.722 28.823 7.282
-21.130 29.043 5.950
-19.094 31.776 7.633
-17.607 32.644 4.188
-21.047 33.861 2.965
-21.543 36.137 5.957
-20.785 39.344 4.126
-22.863 38.477 1.016
-25.809 37.708 3.347
-25.174 41.093 5.026
-24.956 43.014 1.722
-28.082 41.357 0.306
-30.577 42.660 2.782
-31.173 45.407 5.380
-32.803 42.765 7.661
-31.217 41.062 10.542
-30.127 37.425 10.227
-31.166 35.171 13.127
-28.216 34.009 15.207
-27.122 30.344 15.323
-25.917 28.360 18.287
-22.534 27.703 16.625
-20.042 29.520 14.271
-20.784 29.321 10.589
-20.072 25.999 8.951
-20.206 24.019 12.198
-22.648 21.230 12.880
-25.462 22.169 15.221
-26.538 20.021 18.188
-29.770 19.235 16.293
-27.604 18.088 13.298
-26.055 15.703 15.757
-29.356 14.254 16.974
-30.593 14.009 13.441
-27.489 12.127 12.489
-27.785 9.868 15.599
-31.242 8.893 14.150
-29.724 8.129 10.709
-27.066 5.924 12.465
-29.707 4.030 14.430
-31.835 3.665 11.281
-28.872 2.300 9.269
-28.051 -0.026 12.156
-31.527 -1.494 12.258
-31.407 -1.891 8.431
-27.985 -3.565 8.485
-29.295 -6.002 11.184
-32.506 -6.641 9.209
-30.208 -7.647 6.338
-27.868 -9.835 8.532
-24.874 -7.565 8.127
-24.501 -6.897 11.864
-26.077 -8.827 14.710
-28.596 -7.053 17.003
-27.191 -6.471 20.455
-23.481 -6.877 19.772
-20.606 -4.854 18.320
-19.287 -5.583 14.827
-15.907 -7.288 14.489
-12.847 -5.098 15.032
-11.873 -3.244 11.834
-15.073 -4.432 9.958
-16.425 -0.831 10.059
-14.250 1.861 8.607
-15.270 5.510 9.089
-13.331 8.272 7.307
-14.449 11.974 7.415
-13.142 15.104 5.888
-10.975 17.052 8.435
-13.582 19.718 9.157
-15.551 20.131 12.344
-18.908 19.370 10.648
-17.910 16.270 8.797
-15.978 14.709 11.684
-18.920 15.566 13.967
-21.389 13.982 11.670
-19.280 10.805 11.462
-19.043 10.614 15.275
-22.829 11.078 15.769
-23.554 8.544 12.935
-21.180 5.940 14.357
-22.374 6.487 17.941
-26.100 6.173 16.870
-25.282 3.072 14.805
-22.732 1.259 16.971
-23.256 2.722 20.426
-20.959 1.289 23.044
-18.540 -0.130 20.404
-14.977 0.904 19.690
-15.165 2.352 16.142
-12.814 5.328 15.488
-13.508 8.205 13.108
-10.453 8.529 10.886
-9.447 11.883 9.421
-6.270 13.577 8.459
-4.774 15.645 11.286
-4.848 19.320 10.501
-8.497 19.827 11.187
-9.882 22.983 9.591
-8.028 22.105 6.344
-9.505 20.154 3.385
-8.481 16.558 2.957
-7.690 15.990 -0.734
-9.968 12.944 -0.893
-12.926 15.231 -0.102
-11.602 18.441 -1.734
-13.721 19.095 -4.849
-10.873 21.119 -6.485
-9.604 21.541 -9.996
-6.519 19.493 -10.212
-5.640 20.318 -13.783
-3.723 23.565 -14.512
-3.939 23.338 -18.321
-5.617 26.237 -20.109
-7.391 23.704 -22.428
-9.115 22.031 -19.455
-10.686 25.335 -18.470
-12.250 26.175 -21.812
-14.104 22.858 -22.084
-15.096 23.312 -18.399
-16.057 27.012 -18.339
-18.239 26.174 -21.334
-19.704 23.044 -19.866
-20.685 25.129 -16.757
-22.232 27.923 -18.888
-24.073 25.194 -20.825
-25.568 23.649 -17.637
-26.423 27.186 -16.320
-28.266 28.050 -19.626
-30.683 25.157 -19.170
-32.051 26.777 -15.993
-34.735 29.529 -15.829
-34.056 31.389 -12.578
-35.598 34.806 -13.219
-38.737 34.131 -11.150
-36.547 32.792 -8.278
-34.475 35.934 -8.220
-37.544 38.224 -8.277
-39.044 36.215 -5.406
-35.809 36.349 -3.431
-35.552 40.155 -3.967
-39.125 40.555 -2.716
-38.535 38.487 0.416
-35.312 40.151 1.344
-36.303 43.705 0.524
-33.221 43.644 -1.681
-34.302 47.151 -2.928
-33.060 48.453 0.481
-29.925 46.296 0.680
-26.369 47.669 0.762
-25.857 45.951 -2.658
-28.568 48.061 -4.248
-28.528 51.312 -2.129
-24.783 51.590 -2.020
-23.365 49.522 -4.854
-26.257 50.174 -7.199
-26.570 46.485 -8.042
-30.378 46.615 -8.063
-31.535 43.481 -9.904
-30.376 39.889 -9.416
-31.919 38.813 -12.862
-30.357 41.564 -14.893
-26.960 40.763 -13.464
-24.626 38.284 -15.122
-22.694 35.282 -13.971
-19.019 34.530 -14.471
-17.751 30.976 -13.940
-14.225 30.018 -12.957
-12.146 26.875 -13.016
-8.943 27.967 -11.166
-6.157 25.495 -10.417
-6.535 23.955 -6.972
-9.766 25.840 -6.371
-13.319 24.506 -6.464
-15.182 25.384 -9.694
-16.749 28.718 -8.946
-19.373 31.322 -9.955
-19.246 34.995 -9.393
-22.487 37.002 -9.393
-26.232 36.719 -8.582
-26.117 32.833 -8.704
-23.722 32.813 -5.729
-25.833 35.418 -3.918
-28.984 33.296 -4.528
-27.300 30.112 -3.369
-25.964 31.742 -0.234
-29.282 33.166 0.818
-31.458 30.197 -0.047
-28.978 27.785 1.635
-29.440 29.862 4.771
-33.250 29.745 4.569
-33.253 25.976 3.986
-30.967 25.518 7.061
-33.200 27.767 9.257
-36.164 25.682 8.342
-34.328 22.389 9.255
-32.948 23.827 12.455
-36.528 24.489 13.684
-36.317 28.318 13.914
-39.903 29.479 14.420
-41.854 30.376 11.210
-41.342 34.137 11.599
-37.545 33.573 11.843
-37.116 31.434 8.735
-36.566 33.928 5.937
-38.376 36.518 8.170
-41.630 34.509 7.767
-41.685 35.355 4.100
-41.960 31.865 2.652
-45.614 30.759 2.926
-46.058 28.114 0.299
-44.362 24.867 -0.612
-44.284 26.159 -4.231
-42.360 29.258 -3.029
-39.863 26.893 -1.445
-39.628 25.094 -4.772
-39.044 28.196 -6.758
-36.356 29.478 -4.317
-34.654 26.100 -4.240
-33.952 26.403 -7.965
-31.140 28.961 -7.131
-29.356 26.619 -4.699
-29.840 23.486 -6.820
-28.930 25.561 -9.883
-25.690 26.772 -8.301
-24.618 23.263 -7.338
-25.676 21.739 -10.662
-23.866 24.477 -12.683
-20.602 24.027 -10.687
-20.362 20.325 -9.980
-22.526 18.489 -12.420
-21.072 19.010 -15.972
-19.176 15.833 -16.799
-15.901 17.524 -17.649
-15.727 19.339 -14.240
-17.179 16.396 -12.224
-14.768 13.894 -13.795
-11.732 15.952 -12.658
-12.885 17.123 -9.339
-14.293 13.754 -8.039
-11.234 11.616 -9.109
-9.913 11.066 -5.588
-13.238 9.927 -4.238
-13.899 7.913 -7.384
-10.437 6.240 -6.857
-11.216 5.486 -3.217
-14.588 3.989 -3.948
-13.095 1.946 -6.779
-10.485 0.418 -4.383
-12.988 -0.415 -1.651
-15.742 -1.793 -3.853
-13.743 -3.274 -6.773
-9.979 -3.616 -6.870
-9.036 -4.038 -3.136
-12.448 -5.367 -2.263
-11.140 -8.555 -0.668
-9.234 -6.882 2.095
-11.984 -4.168 2.346
-14.076 -3.431 5.494
-17.605 -4.871 5.244
-18.968 -1.390 6.167
-17.422 1.916 5.086
-18.712 5.408 5.970
-17.174 8.387 4.183
-18.344 11.812 5.282
-17.897 14.746 2.963
-19.874 17.440 1.186
-22.771 18.089 -1.084
-20.307 18.939 -3.895
-18.637 15.544 -3.388
-21.976 13.789 -3.920
-22.875 15.940 -6.826
-19.585 15.456 -8.708
-19.330 11.753 -7.736
-22.727 10.909 -9.145
-22.003 12.716 -12.460
-18.497 11.161 -12.573
-20.091 7.685 -12.341
-22.767 8.509 -14.868
-25.894 7.992 -12.741
-29.325 8.230 -14.293
-31.259 11.351 -13.368
-33.117 10.946 -10.010
-35.840 12.688 -8.025
-35.821 12.828 -4.222
-39.346 12.807 -2.880
-40.112 14.901 0.238
-36.941 17.033 -0.268
-36.142 20.375 -1.976
-32.431 19.675 -2.029
-30.762 17.549 -4.684
-28.124 16.423 -2.173
-29.956 16.626 1.186
-28.446 17.505 4.505
-27.368 14.219 6.203
-28.233 12.327 2.984
-26.183 9.303 1.916
-25.395 7.352 -1.253
-25.498 3.721 -0.165
-23.619 1.272 -2.356
-24.523 -2.391 -1.635
-22.864 -5.662 -2.857
-25.323 -8.532 -2.577
-24.950 -12.275 -3.203
-27.842 -13.904 -4.978
-27.205 -17.450 -3.599
-29.940 -19.049 -5.707
-28.607 -17.896 -9.078
-24.925 -17.696 -7.998
-24.592 -14.013 -8.812
-23.142 -10.854 -7.262
-25.345 -7.784 -7.570
-25.068 -4.067 -6.860
-27.937 -1.958 -5.447
-27.377 1.790 -4.837
-29.864 3.961 -2.986
-29.988 7.531 -1.775
-31.102 7.354 1.879
-32.008 10.609 3.575
-34.339 12.542 5.802
-37.260 14.383 4.333
-37.532 18.149 4.930
-40.151 17.417 7.612
-38.053 14.662 9.268
-35.278 17.173 9.656
-37.416 20.044 10.936
-39.373 17.697 13.302
-36.306 15.771 14.423
-38.387 12.638 13.733
-37.067 9.483 15.318
-36.082 7.009 12.568
-36.402 3.192 12.557
-37.562 0.431 10.213
-41.128 1.285 11.393
-40.716 5.005 10.511
-37.887 4.863 7.978
-35.606 7.413 6.332
-36.536 8.141 2.691
-34.907 5.798 0.154
-34.657 6.201 -3.602
-33.034 3.638 -5.789
-30.406 5.055 -8.098
-29.055 3.490 -11.301
-25.813 3.662 -13.128
-26.197 4.331 -16.927
-23.414 1.648 -17.260
-25.266 -0.868 -14.996
-28.942 -1.255 -15.842
-31.014 -2.579 -12.952
-33.708 -5.234 -12.834
-37.244 -4.788 -11.497
-35.912 -4.769 -7.927
-33.076 -2.217 -8.413
-30.225 -4.685 -8.755
-27.559 -4.724 -11.529
-24.638 -7.116 -12.188
-21.388 -6.626 -10.309
-19.231 -7.102 -13.458
-21.064 -4.314 -15.180
-20.582 -2.205 -11.989
-16.825 -2.949 -11.923
-16.358 -1.797 -15.514
-18.127 1.466 -14.771
-15.921 1.884 -11.714
-12.657 0.840 -13.358
-13.325 2.822 -16.481
-14.132 5.872 -14.257
-11.027 5.491 -12.135
