102.545 61.597 25.000
100.062 62.658 22.328
100.154 64.746 19.171
103.260 66.925 18.857
102.829 68.641 15.464
100.097 69.486 12.919
102.059 68.366 9.895
104.880 65.915 9.230
107.920 66.749 7.083
108.920 64.138 4.550
111.887 63.730 2.218
112.169 62.949 -1.475
113.650 59.445 -1.630
115.548 59.539 -4.937
116.902 56.481 -6.749
119.001 55.500 -9.688
116.654 53.734 -12.108
117.523 50.956 -14.534
116.262 50.872 -18.121
113.037 48.833 -18.155
113.449 48.550 -21.924
116.324 46.155 -21.284
113.989 43.681 -19.612
110.952 41.673 -20.663
109.297 42.464 -17.322
105.968 44.324 -17.141
107.230 47.710 -15.816
104.743 50.546 -16.314
105.699 53.434 -18.616
103.164 56.183 -17.876
104.724 57.551 -21.092
101.700 59.758 -21.819
101.065 60.874 -18.217
99.737 64.453 -18.006
102.074 64.954 -15.055
105.810 65.327 -15.720
106.923 63.416 -12.592
104.876 60.357 -13.611
106.764 60.149 -16.912
110.168 60.836 -15.375
109.879 58.281 -12.532
109.969 55.490 -15.117
112.956 56.784 -17.060
116.487 55.413 -16.780
118.565 57.536 -14.395
122.242 56.718 -13.859
123.995 60.078 -13.634
124.214 63.096 -11.326
122.178 65.105 -13.857
119.342 62.591 -13.938
119.177 62.513 -10.132
119.000 66.306 -10.076
116.198 66.189 -12.674
114.325 63.874 -10.295
114.839 66.279 -7.402
113.432 69.206 -9.364
110.398 67.216 -10.499
109.758 65.947 -6.970
110.030 69.413 -5.423
107.767 70.837 -8.154
105.009 68.296 -7.445
105.339 67.667 -3.695
107.355 70.608 -2.304
110.173 68.705 -0.513
113.002 70.560 1.226
114.803 67.338 2.135
116.368 64.561 0.056
117.869 61.116 0.415
119.609 59.315 -2.432
119.681 55.506 -2.376
123.374 54.685 -2.810
125.368 51.479 -2.900
124.692 51.497 -6.628
127.479 53.497 -8.309
130.993 54.044 -6.998
130.883 56.210 -3.872
132.582 59.159 -5.546
129.951 59.113 -8.289
127.167 58.968 -5.721
128.655 61.984 -3.926
128.610 63.924 -7.236
124.883 63.220 -7.372
124.445 64.629 -3.883
126.407 67.672 -5.041
124.106 68.034 -8.078
121.064 67.925 -5.789
122.606 70.567 -3.530
123.487 72.742 -6.523
119.760 72.829 -7.329
118.645 73.166 -3.700
121.397 74.824 -1.630
119.265 75.036 1.511
117.953 71.473 1.504
119.104 68.703 3.800
120.469 65.824 1.756
121.734 62.369 2.661
123.157 59.329 0.858
122.417 55.740 1.913
124.944 53.151 0.626
123.371 50.464 2.875
126.685 49.836 4.610
128.520 49.004 1.386
131.630 51.128 2.000
134.524 50.031 4.222
135.247 52.280 7.215
138.293 53.715 5.443
136.383 54.330 2.170
133.504 55.932 4.049
135.828 58.218 5.984
137.638 59.184 2.755
134.353 59.982 0.985
132.636 61.902 3.770
135.369 63.721 5.696
134.937 67.469 5.189
131.714 66.971 3.229
129.388 68.353 5.899
128.374 71.093 3.489
126.898 68.347 1.275
125.661 65.695 3.730
123.301 66.723 6.522
123.941 63.225 7.780
125.281 59.941 6.459
122.947 56.985 6.548
124.678 53.615 6.990
127.926 54.634 5.241
129.644 51.505 6.559
128.776 48.398 8.576
130.427 45.558 10.484
133.932 44.605 9.385
137.037 42.933 10.795
135.246 41.557 13.842
133.795 44.924 14.819
130.005 45.327 14.964
128.191 47.835 12.783
127.761 50.028 15.886
131.463 49.977 16.781
132.405 50.849 13.188
129.735 53.522 12.826
130.955 55.084 16.077
134.433 55.182 14.571
133.077 56.790 11.377
131.267 59.457 13.409
134.404 60.216 15.429
136.609 60.439 12.339
134.330 62.584 10.174
132.162 64.674 12.500
129.244 63.832 10.180
126.001 62.834 11.948
124.992 59.210 11.356
121.596 57.661 10.715
120.811 53.985 10.423
118.156 51.390 9.814
120.669 48.557 9.829
122.749 48.712 13.054
120.112 49.807 15.582
117.020 47.942 14.419
115.638 46.969 17.834
115.909 48.110 21.450
118.654 45.591 22.243
120.865 46.988 19.468
119.920 50.534 20.546
121.445 49.943 23.967
124.907 49.366 22.453
124.360 51.991 19.762
123.625 54.744 22.313
126.443 53.654 24.624
129.001 53.916 21.804
127.430 57.097 20.410
127.186 55.307 17.064
123.957 56.911 15.953
122.669 60.491 15.870
119.497 59.516 13.965
117.825 56.166 14.740
115.381 55.451 11.946
112.490 53.498 13.383
109.980 52.397 10.757
106.730 51.863 12.705
106.039 48.761 10.573
109.092 47.085 12.168
109.052 48.775 15.605
105.267 48.937 15.999
103.634 52.354 16.097
103.809 52.537 19.904
107.408 51.288 19.868
108.591 53.767 17.239
107.057 56.610 19.212
108.631 55.361 22.440
112.017 55.614 20.702
111.072 59.120 19.533
110.453 60.107 23.160
113.882 58.801 24.146
115.493 60.709 21.275
113.869 63.894 22.577
114.933 63.182 26.163
118.536 62.340 25.284
119.363 64.755 22.472
119.129 62.354 19.555
117.013 62.992 16.440
114.212 60.600 15.526
113.355 59.617 11.965
111.632 56.764 10.159
112.509 54.370 7.317
110.127 53.034 4.633
109.560 50.503 1.855
107.274 50.827 -1.181
103.799 51.239 0.327
100.218 52.346 -0.196
98.278 55.278 1.225
97.272 53.409 4.405
100.900 53.177 5.433
101.244 56.823 4.458
98.611 57.670 7.091
100.340 55.375 9.596
103.752 57.062 9.139
102.028 60.415 9.484
100.402 59.591 12.835
103.506 58.005 14.337
105.679 60.977 13.311
103.005 63.415 14.502
103.498 61.932 17.979
107.309 62.183 17.901
108.239 64.984 20.401
110.972 67.586 19.927
112.868 68.077 16.675
112.698 65.248 14.183
114.299 64.823 10.778
112.240 64.600 7.566
110.907 61.049 7.429
111.377 58.532 4.618
108.538 57.675 2.267
108.340 55.858 -1.047
105.131 57.683 -1.820
106.516 59.639 -4.792
106.998 56.273 -6.514
103.422 55.115 -6.026
101.295 58.266 -5.803
98.892 58.549 -8.742
99.367 54.866 -9.609
98.369 53.117 -6.358
95.430 53.936 -4.117
93.494 51.969 -1.515
91.590 54.816 0.142
88.954 57.276 -1.079
91.192 60.330 -0.595
94.939 59.767 -0.091
96.709 62.176 2.260
98.679 64.691 0.178
102.279 65.861 0.423
102.140 69.677 0.136
105.163 71.880 0.667
107.029 68.694 1.589
104.742 67.922 4.515
101.615 65.897 5.253
98.961 67.428 7.495
97.448 65.287 10.245
93.862 64.572 9.075
90.914 66.232 10.843
88.997 62.949 10.957
89.595 60.689 14.001
91.443 57.369 13.906
93.887 57.154 11.022
91.670 59.743 9.292
91.173 57.617 6.174
88.471 55.597 4.438
89.091 52.451 2.446
87.859 52.333 -1.153
86.896 48.666 -1.302
86.751 48.600 -5.100
90.387 49.728 -5.143
91.266 47.147 -2.468
89.638 44.399 -4.499
91.478 45.408 -7.691
94.805 45.474 -5.830
94.046 42.060 -4.283
93.200 40.726 -7.770
96.562 42.068 -8.896
98.307 40.281 -6.009
96.659 37.046 -7.168
98.238 37.633 -10.603
101.708 38.802 -9.553
102.375 37.981 -5.902
103.176 34.816 -3.984
106.944 34.912 -4.470
109.335 36.538 -1.977
110.974 39.833 -2.934
114.188 39.282 -4.886
116.001 42.348 -6.265
118.594 40.161 -8.000
116.168 39.016 -10.679
115.615 42.330 -12.461
119.248 43.370 -11.962
120.370 40.335 -13.966
118.828 41.856 -17.094
121.186 44.817 -16.675
124.284 42.872 -15.612
124.240 39.225 -16.700
125.419 36.947 -13.907
124.977 39.750 -11.370
125.504 38.631 -7.796
124.838 40.451 -4.525
127.820 41.612 -2.471
127.231 43.454 0.862
130.467 45.388 0.465
130.298 46.274 -3.238
128.066 48.844 -4.960
125.710 46.889 -7.222
127.439 48.261 -10.357
130.927 47.850 -8.823
