-11.146 20.791 58.637
-12.748 22.480 55.655
-10.838 21.812 52.421
-10.084 24.848 50.248
-9.310 24.128 46.554
-7.827 26.739 44.207
-7.864 26.677 40.359
-5.555 27.070 38.472
-2.323 26.349 40.400
-0.544 28.642 37.993
-1.452 31.689 35.899
0.726 33.342 33.245
-0.578 36.794 32.104
0.620 39.756 29.966
0.482 43.223 31.519
-2.921 44.835 30.774
-4.769 41.529 30.386
-7.446 40.048 32.793
-7.067 36.959 35.013
-9.221 35.074 37.388
-8.815 32.517 40.166
-11.421 30.006 41.454
-11.755 28.956 45.154
-13.982 26.016 46.163
-14.660 25.027 49.679
-15.678 21.518 50.961
-18.615 23.099 52.928
-20.669 26.211 52.737
-18.879 29.210 54.190
-22.133 30.941 55.274
-21.833 31.386 59.085
-24.849 31.320 61.450
-24.796 35.134 61.676
-25.560 35.314 57.866
-22.092 36.568 56.815
-19.676 34.599 54.599
-16.105 34.796 55.973
-14.142 34.191 52.830
-10.943 36.112 52.309
-8.220 36.583 49.680
-4.617 37.611 50.174
-1.433 38.152 48.049
2.107 37.246 49.166
4.729 38.787 46.857
8.194 37.149 46.876
10.052 38.020 50.137
7.173 40.030 51.520
4.502 39.384 54.131
0.930 38.449 53.154
-1.235 41.514 52.191
-5.047 41.514 52.541
-6.960 41.780 49.263
-10.663 40.921 49.869
-12.667 40.089 53.011
-16.368 39.107 53.357
-16.255 37.690 49.792
-16.347 41.013 47.900
-15.092 43.737 50.241
-11.929 45.525 48.933
-8.925 46.253 51.150
-8.287 50.035 50.908
-4.631 49.664 49.893
-5.744 47.537 46.851
-6.916 48.989 43.522
-10.488 48.195 42.269
-9.168 46.247 39.328
-9.433 43.415 41.939
-12.887 42.157 42.680
-14.232 39.109 44.595
-17.574 37.267 44.161
-19.387 34.038 44.913
-21.446 32.365 47.682
-21.888 29.073 49.413
-18.935 26.943 48.229
-17.816 28.738 45.055
-15.754 31.922 44.866
-13.746 33.845 42.292
-11.055 36.500 42.488
-10.925 38.548 39.308
-8.192 40.970 38.150
-9.533 43.132 35.350
-6.075 44.119 34.143
-2.837 42.583 35.482
0.076 44.903 36.414
3.752 44.101 37.140
3.418 44.356 40.908
0.708 41.600 40.885
3.549 39.030 40.740
3.231 36.504 43.638
1.094 33.777 45.259
-2.661 34.428 45.803
-4.512 32.516 48.590
-8.130 32.177 49.587
-8.895 31.329 53.214
-12.021 30.720 55.348
-12.822 32.010 58.848
-16.346 30.470 59.117
-15.502 26.998 60.370
-13.055 26.106 63.211
-10.009 25.700 62.447
-9.452 28.531 59.940
-8.058 26.945 56.728
-6.296 28.193 53.550
-6.333 27.364 49.881
-3.022 25.957 48.531
-2.174 29.116 46.526
-2.144 30.161 42.870
1.174 31.480 41.545
0.824 34.442 39.149
3.648 34.924 36.658
3.900 37.962 34.350
4.477 37.109 30.637
