-39.359 -14.913 21.946
-38.462 -16.392 18.540
-38.801 -12.900 17.110
-36.150 -11.403 19.407
-33.461 -13.920 18.543
-31.697 -11.862 15.828
-31.179 -8.941 18.214
-29.614 -11.389 20.705
-27.534 -12.937 17.903
-26.201 -9.493 16.970
-25.282 -8.629 20.567
-23.499 -11.978 20.902
-21.601 -11.688 17.630
-20.612 -8.077 18.395
-19.199 -9.122 21.799
-17.176 -12.024 20.340
-15.716 -9.946 17.533
-15.902 -6.241 18.493
-15.431 -3.885 15.602
-16.228 -6.338 12.839
-18.426 -4.867 10.065
-19.401 -7.520 7.484
-20.073 -6.373 3.907
-21.384 -9.671 2.425
-23.097 -12.643 4.007
-22.662 -16.171 2.658
-24.576 -19.372 3.136
-22.196 -22.250 2.269
-23.846 -25.456 1.103
-22.273 -28.736 -0.120
-18.734 -28.522 -1.564
-18.273 -24.951 -0.466
-17.766 -25.404 3.272
-13.987 -25.297 2.689
-14.081 -21.691 1.530
-13.933 -20.736 5.223
-10.357 -22.030 5.283
-9.448 -19.039 3.051
-10.814 -16.394 5.472
-8.126 -14.454 7.358
-8.402 -12.688 10.699
-11.136 -15.222 11.291
-13.400 -15.965 14.205
-15.512 -19.128 14.274
-18.703 -19.481 16.300
-20.674 -22.711 16.793
-24.333 -22.367 15.818
-25.183 -23.908 19.218
-23.898 -20.682 20.795
-25.748 -18.181 18.565
-29.351 -17.413 19.445
-31.715 -18.433 16.664
-29.218 -20.352 14.532
-30.075 -23.893 13.391
-28.822 -26.899 15.361
-28.802 -30.205 13.468
-30.315 -33.325 14.974
-27.270 -35.313 13.859
-24.683 -35.649 16.647
-21.437 -33.913 15.618
-22.778 -32.192 12.502
-23.694 -28.762 13.897
-22.743 -25.772 11.717
-20.554 -22.770 12.390
-20.491 -19.082 11.549
-17.076 -17.817 10.310
-16.325 -14.097 10.420
-13.295 -12.557 8.746
-11.757 -11.147 5.579
-12.033 -12.968 2.247
-10.382 -11.523 -0.881
-10.452 -8.014 0.568
-14.101 -8.209 1.735
-15.303 -8.527 5.327
-17.696 -11.514 5.282
-19.888 -13.556 7.593
-20.246 -17.096 6.366
-22.755 -19.649 7.522
-21.032 -23.013 7.125
-24.213 -25.075 7.077
-27.908 -24.151 6.823
-31.256 -25.272 8.206
-33.731 -26.960 5.881
-37.469 -27.353 5.820
-37.015 -31.168 5.989
-35.562 -30.806 9.500
-39.091 -30.296 10.843
-38.783 -26.839 12.376
-40.948 -25.298 9.698
-40.296 -22.899 6.833
-38.975 -20.202 9.192
-35.779 -22.163 10.050
-33.619 -19.659 8.105
-35.510 -16.472 9.009
-33.571 -15.516 12.132
-30.152 -16.136 10.535
-31.125 -14.002 7.509
-32.406 -11.219 9.768
-29.102 -11.444 11.640
-27.178 -10.817 8.397
-29.472 -7.834 7.818
-29.013 -6.289 11.269
-25.225 -6.886 11.111
-25.201 -4.545 8.091
-24.476 -6.917 5.157
-25.159 -5.226 1.751
-26.367 -8.564 0.409
-26.529 -12.329 0.865
-24.615 -14.755 -1.401
-26.559 -17.970 -1.162
-25.011 -21.260 -2.351
-26.409 -24.781 -2.595
-26.090 -28.103 -4.416
-28.985 -29.310 -6.591
-30.195 -31.251 -9.572
-30.515 -29.989 -13.139
-33.882 -30.182 -14.890
-32.088 -29.412 -18.188
-30.206 -32.358 -19.779
-27.764 -29.972 -21.422
-26.668 -28.448 -18.073
-24.410 -31.218 -16.781
-23.246 -32.444 -13.347
-20.387 -30.273 -12.079
-21.834 -27.119 -13.698
-22.638 -23.912 -11.772
-25.962 -22.129 -12.389
-27.021 -18.645 -11.284
-30.592 -18.537 -9.994
-32.897 -15.868 -11.441
-36.271 -16.841 -9.971
-37.974 -19.714 -8.121
-41.104 -21.778 -7.892
-41.893 -22.810 -4.348
-43.398 -26.291 -3.807
-42.630 -26.489 -0.096
-45.792 -26.005 2.005
-46.404 -22.388 2.969
-43.741 -19.717 3.337
-41.433 -18.549 6.145
-43.577 -15.469 6.749
-46.836 -17.300 7.552
-47.783 -16.126 11.044
-48.041 -12.689 12.627
-45.828 -10.194 10.857
-42.795 -8.722 12.677
-42.958 -5.197 11.217
-39.533 -4.452 12.762
-38.107 -6.492 9.883
-40.512 -5.982 6.993
-44.054 -5.427 5.715
-47.001 -7.822 5.923
-46.999 -8.244 2.112
-44.012 -8.039 -0.224
-43.041 -8.288 -3.864
-40.778 -11.070 -5.137
-40.105 -9.274 -8.473
-36.431 -8.776 -7.610
-35.942 -11.723 -5.207
-32.687 -12.623 -7.055
-31.256 -9.134 -7.436
-30.967 -8.147 -11.105
-27.847 -5.966 -10.768
-25.921 -8.583 -8.765
-26.773 -11.132 -11.496
-25.391 -8.744 -14.119
-22.259 -8.207 -11.995
-21.653 -11.969 -11.724
-22.401 -12.656 -15.379
-19.600 -10.227 -16.257
-17.242 -12.091 -13.893
-18.129 -15.476 -15.397
-17.582 -14.119 -18.905
-14.165 -12.634 -17.892
-13.188 -16.018 -16.451
-14.588 -18.059 -19.353
-16.646 -20.102 -16.929
-20.076 -21.135 -18.303
-22.861 -19.786 -16.080
-26.438 -20.306 -17.234
-29.322 -18.588 -15.404
-32.152 -20.839 -14.223
-35.445 -21.008 -12.363
-35.058 -22.918 -9.096
-37.842 -25.291 -7.952
-37.906 -26.042 -4.243
-39.002 -29.466 -2.963
-39.696 -30.448 0.660
-37.575 -33.642 0.695
-35.824 -35.287 2.338
-36.535 -37.990 -0.285
-35.228 -37.004 -3.665
-37.959 -36.396 -6.303
-39.711 -39.106 -8.304
-39.197 -39.192 -12.077
-42.837 -38.042 -12.580
-42.299 -35.115 -10.167
-39.260 -34.140 -12.194
-41.253 -34.189 -15.461
-43.914 -32.031 -13.697
-41.201 -29.546 -12.748
-40.040 -29.366 -16.341
-43.617 -28.813 -17.514
-44.161 -25.900 -15.099
-40.921 -24.163 -16.209
-38.206 -25.189 -13.724
-34.492 -25.440 -14.530
-32.935 -26.577 -11.223
-34.458 -28.510 -8.280
-33.384 -28.669 -4.620
-34.371 -28.779 -0.947
-33.168 -25.337 0.241
-32.791 -21.751 -1.109
-36.455 -20.724 -0.991
-36.822 -20.322 2.791
-33.799 -18.029 3.148
-34.550 -16.176 -0.116
-38.153 -15.403 0.952
-36.896 -14.331 4.413
-34.386 -12.034 2.718
-36.971 -10.479 0.423
-39.166 -9.736 3.466
-36.441 -7.825 5.333
-35.064 -6.214 2.164
-31.722 -8.030 2.096
-30.589 -8.353 -1.528
-29.733 -11.861 -2.748
-27.477 -13.471 -5.286
-27.758 -17.277 -5.399
-25.633 -19.814 -7.319
-26.052 -23.582 -7.363
-23.612 -26.426 -7.873
-25.304 -28.992 -10.171
-24.528 -32.429 -8.706
-26.649 -34.616 -10.991
-29.259 -34.475 -13.657
-32.620 -34.677 -11.853
-34.263 -38.037 -11.205
-35.190 -39.938 -14.354
-32.939 -37.896 -16.644
-29.966 -40.255 -16.257
-29.138 -43.669 -14.820
-27.164 -42.341 -11.854
-28.435 -43.359 -8.371
-29.143 -40.245 -6.325
-27.692 -40.223 -2.805
-25.946 -37.739 -0.561
-22.654 -39.515 -1.462
-23.347 -38.892 -5.147
-24.221 -35.239 -4.409
-20.961 -34.714 -2.572
-18.961 -36.235 -5.425
-20.026 -33.597 -7.946
-20.214 -30.805 -5.391
-16.430 -31.219 -5.036
-16.018 -30.928 -8.832
-18.325 -27.909 -9.161
-16.514 -26.249 -6.273
-13.397 -25.561 -8.345
-15.071 -23.134 -10.762
-17.580 -22.055 -8.090
-14.673 -20.856 -5.940
-13.015 -19.021 -8.866
-16.300 -17.183 -9.514
-16.727 -16.268 -5.854
-13.125 -15.043 -5.483
-13.225 -12.855 -8.622
-16.648 -11.513 -7.650
-15.366 -10.606 -4.180
-12.231 -8.919 -5.562
-14.509 -6.878 -7.798
-16.507 -5.700 -4.742
-13.560 -4.977 -2.444
