-31.451 8.940 -15.440
-30.682 8.787 -11.677
-27.206 10.043 -10.670
-25.568 10.565 -7.260
-22.939 13.301 -6.835
-20.988 13.853 -3.584
-19.710 17.335 -2.668
-16.564 17.140 -0.516
-14.259 19.642 1.022
-12.786 21.312 4.009
-15.285 23.084 6.204
-16.478 26.606 5.335
-15.357 26.455 1.634
-18.975 26.923 0.456
-20.193 23.382 -0.321
-23.713 23.981 1.004
-23.839 27.471 -0.531
-22.890 26.041 -3.938
-25.594 23.316 -3.761
-28.186 25.805 -2.464
-27.400 28.399 -5.224
-27.683 25.683 -7.857
-30.930 24.134 -6.608
-32.836 27.010 -4.958
-31.280 30.054 -6.730
-30.465 31.845 -3.440
-27.400 32.726 -1.401
-27.351 33.150 2.446
-24.699 35.124 4.362
-25.488 32.830 7.350
-23.615 29.697 8.362
-24.844 26.301 9.481
-22.353 23.425 9.788
-23.606 20.561 7.692
-24.192 17.097 9.085
-25.615 15.947 5.773
-28.014 17.508 3.263
-29.330 16.073 0.072
-30.436 18.293 -2.751
-32.411 16.838 -5.633
-32.677 18.614 -8.995
-33.652 17.563 -12.511
-30.976 18.693 -15.006
-32.161 18.446 -18.646
-33.102 14.141 -18.426
-30.997 13.375 -15.304
-32.265 13.140 -11.765
-29.323 14.559 -9.878
-28.929 13.625 -6.256
-26.388 15.969 -4.641
-24.981 14.626 -1.357
-23.741 17.724 0.518
-21.291 16.482 3.187
-19.921 17.696 6.528
-16.681 19.601 6.097
-13.649 17.384 6.490
-9.973 17.666 7.248
-6.675 15.883 6.655
-7.356 13.334 9.447
-10.960 12.445 8.609
-11.937 8.929 7.488
-14.424 8.961 4.640
-17.345 6.505 5.031
-18.563 4.026 2.385
-21.556 6.352 1.718
-19.019 8.647 -0.002
-17.514 5.845 -2.190
-20.399 3.388 -2.935
-23.022 4.228 -5.561
-21.333 7.591 -6.348
-21.423 8.534 -9.991
-19.303 11.696 -9.560
-17.580 14.123 -7.162
-17.403 17.851 -6.756
-14.340 18.664 -4.635
-14.520 22.216 -3.285
-11.796 24.354 -1.818
-11.793 28.129 -1.279
-9.486 30.353 -3.303
-9.036 32.598 -0.218
-7.728 29.640 1.854
-4.616 27.675 0.901
-5.170 25.439 3.938
-8.489 24.376 2.300
-6.635 23.712 -0.961
-4.084 21.588 0.922
-6.926 19.606 2.544
-8.667 18.991 -0.792
-5.490 17.115 -1.930
-5.655 14.813 1.128
-9.323 14.295 0.513
-8.596 13.305 -3.064
-5.862 10.808 -2.039
-8.280 9.250 0.510
-10.755 8.986 -2.355
-8.381 7.092 -4.688
-7.456 4.871 -1.673
-12.492 5.867 -11.337
-15.215 8.556 -11.289
-15.557 12.019 -12.812
-14.170 14.682 -10.508
-14.699 18.428 -10.955
-12.333 20.561 -8.813
-13.818 23.854 -7.768
-11.979 26.740 -6.200
-14.889 28.642 -4.673
-15.339 32.214 -3.401
-13.555 33.649 -6.427
-15.682 36.821 -5.817
-13.419 37.592 -2.816
-10.515 38.615 -5.012
-8.577 40.787 -2.554
-8.379 37.765 -0.268
-7.265 35.183 -2.846
-4.479 32.836 -1.754
-4.669 30.090 -4.402
-4.124 30.990 -8.077
-6.281 29.471 -10.787
-3.196 28.034 -12.538
-2.406 26.183 -9.307
-5.769 24.413 -8.994
-5.798 23.749 -12.749
-2.456 21.891 -12.431
-3.645 19.828 -9.471
-6.804 18.874 -11.381
-4.681 17.991 -14.423
-2.525 15.697 -12.241
-5.701 13.738 -11.373
-7.345 13.797 -14.799
-10.127 15.868 -13.264
-11.892 18.961 -14.647
-11.131 22.299 -12.973
-13.081 25.493 -12.495
-13.660 28.442 -10.183
-16.976 29.705 -8.833
-18.842 31.862 -6.445
-21.990 30.699 -4.669
-23.108 34.345 -4.881
-23.423 34.063 -8.741
-25.981 31.735 -10.286
-24.018 31.814 -13.524
-20.774 30.607 -11.938
-22.518 27.962 -9.796
-24.677 26.276 -12.513
-21.560 25.420 -14.559
-20.097 23.239 -11.818
-23.063 20.926 -11.745
-23.996 20.851 -15.401
-20.269 20.070 -15.993
-20.123 17.055 -13.632
-23.308 15.668 -15.339
-21.938 16.211 -18.846
-18.763 14.565 -17.499
-20.723 11.499 -16.221
-22.598 11.237 -19.577
-19.112 11.362 -21.135
-17.543 8.562 -19.000
