43.372 59.397 0.084
46.534 57.981 1.662
45.237 58.624 5.179
42.207 56.431 4.277
44.630 53.588 3.430
46.466 54.087 6.756
43.086 53.893 8.553
42.268 50.601 6.822
45.760 49.126 7.511
45.769 49.772 11.283
43.753 47.864 13.872
43.646 47.485 17.640
46.269 44.716 17.851
45.239 41.865 20.211
48.322 39.665 20.035
51.778 41.162 19.522
54.837 39.289 18.336
58.166 39.425 20.138
59.815 41.232 17.201
61.959 44.265 18.159
60.820 47.806 17.310
63.976 49.990 16.930
64.561 53.323 18.633
64.833 55.041 15.248
61.334 53.787 14.307
59.870 54.655 17.722
61.457 58.136 17.424
59.866 58.738 14.012
56.509 57.746 15.513
56.935 60.070 18.551
58.385 62.893 16.450
55.280 62.941 14.230
53.085 62.741 17.340
54.972 65.681 18.954
53.971 68.001 16.066
50.236 67.627 16.990
48.201 70.770 17.483
47.082 71.546 21.039
45.003 74.085 22.912
47.058 77.353 22.938
50.027 75.305 21.626
50.781 74.406 25.271
50.965 70.638 24.667
50.263 69.689 28.342
51.301 66.029 27.991
54.129 63.739 27.026
54.797 60.141 26.028
56.626 57.757 28.369
58.475 54.848 26.679
58.984 51.578 28.602
60.624 48.357 27.360
61.404 46.566 30.675
59.578 43.262 30.593
58.996 42.680 34.352
57.730 46.174 35.096
55.224 45.708 32.331
54.152 42.234 33.520
53.345 44.101 36.708
51.297 46.700 34.769
49.490 43.708 33.166
48.245 42.777 36.641
46.711 46.314 36.789
45.319 46.125 33.235
42.676 43.418 33.825
45.143 40.833 32.614
45.622 42.262 29.162
48.965 40.601 28.425
49.588 42.795 25.294
51.026 45.467 27.708
54.114 43.248 28.334
54.244 41.092 25.127
54.859 44.029 22.743
58.339 45.352 22.011
57.696 48.730 23.735
54.959 50.451 25.719
54.126 54.108 25.080
52.146 55.795 27.878
50.484 59.123 27.188
50.780 61.129 30.417
49.056 64.458 31.167
50.886 67.241 33.013
48.952 67.514 36.286
51.480 69.154 38.615
52.681 72.762 38.809
51.251 75.104 36.212
54.845 76.288 35.680
55.734 72.872 34.242
53.224 73.442 31.389
53.812 77.151 30.839
57.607 77.506 31.180
58.651 74.893 28.617
56.274 76.487 26.111
57.675 80.004 26.653
61.218 78.661 26.317
60.507 77.145 22.884
58.301 80.099 21.798
60.987 82.596 22.728
63.691 80.705 20.849
61.664 80.049 17.652
59.993 83.461 17.291
62.801 85.503 18.787
60.721 87.293 21.444
62.116 90.090 23.614
62.408 89.327 27.347
59.423 91.646 27.887
57.221 89.783 25.393
58.256 86.388 26.810
57.387 87.470 30.377
54.095 89.016 29.295
53.172 85.833 27.466
54.279 83.648 30.423
52.071 85.774 32.691
49.154 85.514 30.256
49.300 81.703 30.307
49.899 81.273 34.079
46.840 83.391 34.846
44.717 81.406 32.393
45.730 77.987 33.703
45.408 79.068 37.371
41.835 80.279 36.737
40.943 76.582 36.018
40.407 74.290 38.995
42.963 71.478 39.284
40.316 68.982 38.029
39.332 71.162 35.067
42.973 71.749 34.087
43.713 68.051 34.311
40.828 67.092 31.970
41.902 69.941 29.636
45.307 68.325 29.411
43.829 64.841 28.990
41.782 66.097 26.002
44.952 67.389 24.322
46.570 63.990 24.766
43.656 62.331 22.911
44.393 64.575 19.906
47.966 63.256 20.031
46.612 59.680 20.056
44.807 60.402 16.785
48.113 61.424 15.257
50.011 58.504 16.839
47.604 55.858 15.426
48.103 57.158 11.861
51.884 57.660 12.291
52.146 54.048 13.466
50.161 52.966 10.377
52.449 54.896 8.066
55.458 53.077 9.626
53.599 49.743 9.510
53.975 49.530 13.278
51.206 47.798 15.127
49.669 49.266 18.242
46.623 49.140 20.518
45.316 52.124 22.477
44.331 51.133 26.047
41.969 52.833 28.508
41.247 49.535 30.289
43.970 50.078 32.830
43.948 50.986 36.545
45.126 54.552 36.138
45.995 55.300 39.748
47.958 52.012 39.977
50.011 52.911 36.845
50.879 56.281 38.420
51.841 54.599 41.753
53.899 51.862 40.077
55.712 54.292 37.707
56.190 57.077 40.361
54.418 59.616 38.220
53.197 61.986 40.949
56.840 62.943 41.595
57.152 63.977 37.905
53.791 65.850 37.912
52.254 63.373 35.442
49.021 61.315 35.302
48.529 58.307 33.070
45.867 58.869 30.433
46.111 55.744 28.318
48.727 53.190 27.291
49.751 52.019 23.813
51.855 48.891 23.274
53.786 49.124 20.009
55.573 46.534 17.893
54.564 44.059 15.226
51.451 41.847 15.255
51.719 38.085 15.579
50.480 36.045 12.600
48.545 34.224 15.387
46.283 37.344 15.911
43.041 36.222 14.267
41.426 39.655 14.884
43.576 41.224 12.107
41.438 39.371 9.538
38.071 40.627 10.836
36.113 43.299 8.916
36.586 46.738 10.387
33.357 48.229 11.828
32.583 51.947 11.613
29.349 53.742 11.389
28.490 54.917 7.868
29.028 58.495 6.690
25.235 58.911 6.519
25.226 58.785 10.358
28.627 60.215 11.208
28.063 63.437 9.155
24.956 65.397 9.999
24.354 68.360 7.689
22.355 71.054 9.392
