13.547 28.274 66.456
11.482 27.756 63.279
13.008 26.324 60.134
14.841 28.962 58.103
15.271 29.216 54.358
18.842 27.855 54.667
17.402 25.028 56.816
14.881 24.140 54.089
17.731 24.085 51.587
19.611 21.572 53.775
16.482 19.407 53.842
16.149 19.741 50.063
19.827 18.935 49.526
19.860 15.831 51.773
16.624 14.624 50.258
18.046 14.936 46.734
21.178 13.089 47.768
19.539 10.075 49.442
16.915 9.686 46.753
19.602 9.857 44.048
21.159 6.493 44.985
19.775 2.953 45.035
17.847 1.954 48.155
20.264 0.171 50.491
20.281 -1.246 54.046
23.837 0.159 54.402
23.634 3.584 52.759
20.199 4.675 53.922
20.428 8.236 55.319
21.825 11.484 53.860
22.878 14.563 55.769
23.619 18.154 54.767
25.216 20.924 56.820
25.956 24.594 56.113
29.026 26.560 57.168
29.144 30.098 58.468
30.171 31.285 54.981
27.185 29.586 53.356
28.832 26.457 52.004
26.686 23.312 51.937
28.227 19.847 52.364
26.507 16.519 52.129
27.029 12.808 52.508
25.477 9.403 53.261
25.976 6.989 56.192
28.024 3.786 56.181
26.375 1.133 58.348
28.688 -1.328 59.987
28.746 -3.166 63.352
32.162 -1.662 64.188
30.523 1.819 64.328
30.318 2.899 60.700
29.584 6.616 60.653
26.197 8.210 60.489
25.617 10.539 57.566
26.218 13.515 59.917
29.774 12.282 60.705
30.508 11.747 56.978
29.402 15.406 56.479
31.806 16.549 59.189
34.683 14.866 57.294
33.582 16.427 53.998
33.314 19.854 55.590
36.729 19.498 57.251
38.324 18.455 53.946
37.011 21.727 52.488
38.488 23.747 55.350
35.031 24.698 56.615
35.831 25.008 60.311
32.492 26.449 61.506
29.251 24.644 60.808
26.009 26.276 61.910
23.149 23.940 60.894
22.698 20.246 60.023
19.959 17.776 59.088
19.600 14.043 58.432
17.007 12.655 55.968
15.738 9.083 55.627
15.520 7.162 52.390
12.447 6.182 50.304
10.949 9.602 50.326
10.727 9.669 54.166
11.909 12.770 56.008
13.787 14.226 58.939
15.598 11.998 61.403
16.743 13.562 64.653
20.464 13.054 65.327
21.306 9.923 67.272
23.092 10.255 70.554
26.559 9.653 69.103
26.036 12.368 66.465
24.845 14.788 69.185
28.040 14.149 71.162
30.399 14.532 68.244
28.614 17.691 67.068
28.583 19.235 70.562
32.274 18.514 71.098
33.541 19.514 67.610
30.984 22.155 66.485
29.654 23.833 69.610
26.315 25.570 69.098
25.495 23.855 65.777
21.710 23.540 65.322
20.161 20.262 64.295
16.902 20.331 62.379
14.225 18.113 63.934
10.452 17.566 63.715
8.444 20.167 65.599
4.846 20.935 66.558
4.205 23.633 63.973
6.856 22.606 61.477
10.520 21.599 61.673
12.605 23.364 64.278
16.267 24.136 64.706
17.761 23.168 68.067
21.275 23.816 69.413
22.910 20.412 69.818
23.621 21.159 73.490
19.845 21.357 74.168
19.595 17.879 72.662
22.006 16.622 75.394
20.580 17.771 78.719
22.967 17.260 81.670
25.719 17.279 79.057
29.024 15.427 79.128
31.568 17.928 77.763
34.759 16.296 76.458
37.945 18.178 77.371
39.320 17.864 73.842
42.876 18.760 74.859
43.304 15.202 76.248
42.934 11.659 74.990
40.762 10.839 78.009
37.131 10.740 79.167
