-6.918 -13.483 12.295
-9.414 -10.854 11.219
-9.621 -7.909 13.563
-12.143 -5.126 12.927
-12.030 -1.584 14.305
-13.882 1.566 13.214
-12.114 3.805 10.635
-12.661 7.086 12.498
-13.601 8.021 16.011
-14.012 11.401 17.694
-12.707 11.901 21.267
-15.258 13.510 23.588
-14.676 17.062 24.710
-13.187 15.434 27.810
-10.375 13.936 25.807
-11.818 10.426 26.048
-12.188 8.184 23.029
-13.658 4.713 22.811
-13.860 2.163 20.054
-14.780 -1.494 19.777
-12.168 -3.936 18.669
-13.580 -7.222 17.315
-11.559 -10.377 16.548
-12.483 -13.602 14.768
-14.150 -16.010 17.214
-11.601 -18.528 18.501
-12.493 -22.223 18.464
-12.560 -22.201 22.269
-11.915 -20.263 25.516
-8.544 -18.679 25.072
-6.181 -16.299 26.730
-6.407 -13.107 24.714
-3.971 -10.224 24.624
-5.242 -6.865 23.350
-2.732 -4.167 22.499
-3.243 -0.555 21.403
-0.495 0.726 19.183
-0.221 4.348 18.201
0.996 4.743 14.628
2.930 7.932 13.902
4.612 6.799 10.652
7.049 5.387 10.926
6.626 5.551 14.697
4.719 2.611 16.171
4.362 2.548 19.944
2.383 0.715 22.577
-0.150 2.934 24.335
-1.545 0.099 26.461
-2.112 -3.624 26.747
-4.115 -6.215 28.672
-4.682 -9.975 28.751
-7.781 -11.831 29.821
-9.334 -15.273 29.562
-12.394 -15.290 27.314
-15.485 -15.285 29.493
-13.767 -12.991 32.004
-13.937 -9.213 32.156
-11.169 -7.404 30.322
-9.286 -5.284 32.817
-6.204 -3.173 32.227
-3.581 -3.591 34.943
-0.753 -1.680 33.298
-1.724 1.692 34.795
-1.990 3.034 31.266
-4.440 5.672 30.021
-6.662 2.804 28.795
-9.544 0.988 30.378
-11.757 -1.618 28.654
-14.646 -4.027 28.709
-15.138 -7.348 26.963
-18.149 -9.127 25.531
-17.944 -12.188 23.328
-15.373 -11.516 20.641
-15.498 -7.725 21.160
-13.627 -5.395 23.420
-14.597 -1.812 24.062
-11.410 0.208 24.554
-11.582 3.587 26.221
-8.577 5.895 26.077
-8.486 8.985 28.243
-6.168 11.956 28.743
-6.026 12.785 25.028
-5.163 16.213 23.643
-5.263 17.605 20.117
-1.654 16.604 19.492
-2.686 12.969 20.208
-4.773 12.994 17.032
-3.676 10.024 14.958
-3.872 6.378 14.094
-4.545 3.822 16.816
-4.130 0.139 15.930
-5.843 -2.712 17.733
-3.529 -5.749 17.894
-5.086 -8.918 19.164
-3.296 -12.084 19.995
-4.781 -15.440 20.906
-1.888 -16.572 23.146
-3.051 -20.055 24.361
-4.261 -22.746 24.498
-2.653 -22.977 21.031
-2.471 -22.322 18.239
-1.024 -18.833 18.647
-2.832 -16.309 16.393
-2.012 -12.713 15.590
-4.523 -10.193 14.334
-3.922 -6.566 13.419
-6.758 -4.169 12.803
-6.745 -1.462 10.130
-6.291 1.340 12.663
-8.778 3.808 14.053
-8.099 7.456 13.203
-8.943 9.271 16.440
-9.657 12.999 16.135
-9.087 15.061 19.274
-9.661 18.720 20.060
-8.616 20.755 23.105
-11.853 21.743 24.802
-12.731 24.943 26.588
-12.682 24.615 30.371
-15.982 25.347 32.141
-15.837 28.014 34.915
