-1.443 -4.994 12.535
2.212 -5.224 11.554
2.919 -7.146 8.354
6.126 -8.407 6.744
6.658 -7.890 3.023
9.129 -9.155 0.439
11.286 -6.141 -0.434
11.107 -7.034 -4.136
7.513 -8.172 -4.650
5.914 -6.423 -1.663
3.966 -9.607 -0.958
2.759 -10.054 2.609
4.300 -13.279 3.882
3.832 -12.949 7.648
2.345 -10.803 10.419
2.745 -9.939 14.103
-0.160 -12.290 14.800
2.579 -14.915 14.820
5.077 -14.808 17.693
8.682 -14.924 16.494
11.307 -17.372 17.759
14.935 -18.304 17.066
15.109 -20.450 13.913
15.608 -24.045 15.080
16.086 -22.719 18.627
19.418 -21.308 17.460
19.984 -17.891 19.102
22.751 -16.965 16.654
20.326 -17.366 13.745
17.844 -14.842 15.149
19.998 -11.989 13.843
19.127 -12.656 10.191
16.023 -14.849 10.394
12.992 -15.727 12.520
10.660 -18.678 13.070
6.919 -18.887 13.668
4.541 -21.733 14.506
1.596 -22.494 12.232
-1.749 -24.076 13.087
-4.698 -25.857 11.501
-7.348 -23.615 9.969
-10.809 -25.039 9.311
-12.427 -25.083 5.861
-8.263 -28.028 7.038
-5.344 -25.934 5.802
-2.222 -24.369 7.283
-3.053 -20.887 8.541
0.264 -19.361 7.463
-0.025 -20.722 3.916
-3.722 -19.846 3.580
-3.550 -16.441 5.266
-0.729 -15.119 3.077
-1.460 -17.070 -0.109
1.854 -18.942 -0.171
2.464 -21.755 -2.650
4.819 -24.688 -2.112
7.588 -25.169 -4.665
9.774 -28.201 -5.348
13.548 -27.808 -5.054
16.252 -30.365 -5.696
19.286 -29.707 -3.508
21.130 -28.517 -6.609
18.357 -26.240 -7.854
18.093 -24.677 -4.397
21.833 -24.068 -4.166
21.623 -22.187 -7.460
18.686 -20.155 -6.140
20.014 -19.310 -2.677
23.342 -18.069 -4.035
21.696 -15.630 -6.442
19.159 -14.587 -3.810
21.805 -13.830 -1.179
23.621 -11.590 -3.653
20.297 -10.048 -4.666
19.484 -9.227 -1.039
23.003 -8.113 -0.131
22.834 -5.779 -3.118
19.524 -4.412 -1.848
21.149 -3.775 1.533
24.106 -1.905 0.039
21.658 0.603 -1.448
18.835 0.726 1.095
20.231 -0.486 4.435
24.066 -0.384 4.279
24.411 -0.879 8.044
23.147 -4.435 7.588
25.445 -5.487 4.739
28.233 -7.119 6.769
25.977 -8.561 9.477
23.800 -10.188 6.811
26.769 -11.673 4.953
28.403 -12.887 8.160
25.406 -14.290 10.051
23.799 -15.957 7.022
26.657 -18.409 6.533
25.867 -20.841 9.374
22.146 -20.485 8.656
22.249 -21.461 4.974
24.646 -24.313 5.718
22.241 -25.665 8.335
19.481 -25.640 5.716
21.583 -27.388 3.066
22.894 -29.880 5.634
19.293 -30.697 6.591
17.887 -30.144 3.095
15.392 -33.031 3.115
13.621 -31.722 6.234
12.390 -28.616 4.433
9.470 -27.576 2.267
9.737 -24.328 0.306
7.118 -21.699 -0.516
6.800 -18.750 -2.874
4.843 -15.571 -2.193
1.624 -14.555 -3.927
3.690 -13.221 -6.830
5.202 -16.662 -7.460
8.559 -15.013 -8.138
11.339 -17.614 -8.152
13.860 -14.777 -7.751
12.349 -13.331 -4.568
12.153 -14.618 -1.000
11.502 -18.296 -0.325
9.675 -19.185 2.883
11.027 -22.309 4.565
8.994 -24.782 6.602
9.788 -27.961 8.515
8.257 -30.201 11.168
9.826 -30.101 14.632
9.896 -33.562 16.195
6.434 -35.110 16.071
4.557 -31.807 15.826
1.493 -31.979 13.572
1.769 -28.540 11.950
4.934 -27.107 10.331
7.134 -24.228 11.485
8.004 -21.451 9.045
11.389 -19.744 8.765
11.998 -16.350 7.163
15.202 -14.672 6.002
14.410 -11.303 7.573
16.709 -9.010 5.547
14.676 -9.896 2.472
11.676 -8.454 4.274
10.515 -5.075 5.535
7.948 -4.189 8.186
4.825 -2.104 7.621
2.630 -0.918 10.482
-1.092 -0.463 9.852
