11.607 2.475 97.285
14.395 2.876 99.843
12.183 4.647 102.376
10.587 4.037 105.780
9.467 5.790 108.958
12.991 5.509 110.378
13.869 8.968 109.020
10.918 10.493 110.881
12.072 8.809 114.083
15.536 10.361 113.749
13.921 13.749 113.083
11.370 13.964 115.912
13.810 12.655 118.490
16.678 14.775 117.195
18.183 17.005 119.888
17.050 20.105 117.988
13.328 19.332 118.105
13.468 17.766 121.572
14.541 21.186 122.883
11.090 22.694 122.226
9.473 20.514 124.888
11.381 22.261 127.676
9.468 25.435 126.785
5.925 24.109 126.278
4.826 25.081 129.792
6.170 28.589 129.129
4.125 28.922 125.934
0.953 27.837 127.730
1.450 30.493 130.408
2.980 33.355 128.420
1.831 32.478 124.914
4.059 31.960 121.901
5.750 28.977 120.261
7.925 26.537 122.268
10.485 26.225 119.459
10.824 30.022 119.147
11.363 30.413 122.892
14.072 27.744 122.767
16.026 29.185 119.841
15.028 32.846 119.758
13.843 32.448 116.165
11.278 30.557 114.093
11.841 26.987 112.903
11.872 28.310 109.340
14.720 30.685 110.214
16.561 28.048 112.248
16.824 25.721 109.242
19.118 28.187 107.500
21.474 28.230 110.482
21.852 24.471 111.046
22.823 22.397 107.947
22.954 19.111 109.866
19.407 19.481 111.154
18.187 20.797 107.803
19.250 17.470 106.277
17.633 15.459 109.088
14.435 17.419 108.511
14.544 17.035 104.718
15.222 13.291 104.891
12.313 12.832 107.290
9.885 14.818 105.150
11.054 13.242 101.880
10.649 9.696 103.221
7.149 10.542 104.435
6.130 12.273 101.204
7.337 9.371 99.049
5.505 6.785 101.165
2.231 8.743 101.077
2.477 9.709 97.410
3.108 6.078 96.403
0.067 4.856 98.350
-2.017 7.701 96.958
-1.191 6.496 93.434
-1.932 2.903 94.430
-5.168 3.458 96.361
-6.716 6.786 95.304
-8.616 7.100 92.010
-9.390 10.820 92.154
-6.695 11.757 89.629
-8.128 9.573 86.853
-9.630 11.304 83.816
-7.554 14.397 84.537
-6.443 17.149 82.288
-4.678 19.803 84.308
-3.668 19.108 87.894
-2.527 22.120 89.908
-0.383 21.405 92.991
-0.828 24.505 95.173
2.158 25.037 97.449
3.833 22.082 95.772
7.363 23.216 96.640
9.755 22.173 93.874
6.990 19.999 92.443
8.060 16.454 93.311
4.512 15.390 94.203
2.735 16.610 91.086
5.656 15.225 89.056
5.089 11.740 90.489
1.380 11.971 89.674
2.112 13.154 86.126
4.592 10.287 85.668
1.909 7.827 86.749
-0.660 9.395 84.382
1.025 10.363 81.046
-2.155 12.188 79.957
-1.985 14.750 82.770
-0.681 18.290 82.472
0.847 19.030 85.849
1.246 22.509 87.261
3.491 23.111 90.250
2.503 26.334 92.009
4.513 28.015 94.760
6.365 31.202 95.712
8.537 32.790 92.992
11.829 32.218 94.833
10.909 28.564 95.402
9.879 27.876 91.805
13.071 29.433 90.435
15.137 26.619 91.983
12.847 23.774 90.915
14.081 20.923 88.680
12.502 19.940 85.364
9.958 17.091 85.449
8.160 15.495 82.474
4.630 16.884 82.160
5.195 19.565 84.779
5.009 23.340 84.390
6.249 25.558 87.240
4.314 28.720 88.083
5.242 31.300 90.700
2.787 33.425 92.642
0.830 34.002 95.840
-1.921 31.484 96.603
-3.656 33.998 98.855
-4.252 36.294 95.894
-4.813 33.819 93.064
-4.115 30.219 92.039
-3.609 28.733 88.546
-6.652 27.340 86.746
-6.984 23.585 86.369
-9.483 20.719 86.510
-8.302 19.573 89.936
-6.321 21.390 92.611
-4.170 19.405 95.039
-3.153 20.783 98.428
-0.944 18.326 100.268
-0.258 19.368 103.847
-1.110 23.009 103.196
-4.196 23.877 105.225
-2.932 22.514 108.551
-0.225 25.223 108.579
-2.705 28.125 108.339
-5.453 29.764 110.421
-9.114 29.338 109.473
-9.144 32.887 108.093
-6.245 32.207 105.735
-7.649 28.824 104.700
-10.952 30.522 103.860
-9.188 33.022 101.598
-7.163 30.263 99.933
-10.129 27.917 99.392
-12.160 30.703 97.780
-9.246 31.320 95.399
-9.288 27.609 94.574
-13.040 27.651 93.970
-12.675 30.509 91.493
-9.777 28.841 89.659
-11.757 25.643 89.055
-14.399 24.849 86.408
-17.915 23.857 87.503
-17.068 20.138 87.567
-13.708 20.764 89.229
-12.526 19.818 92.689
-10.000 20.427 95.428
-8.215 17.428 96.890
-6.528 17.846 100.256
-4.045 15.402 101.725
-4.154 15.924 105.498
-4.673 14.141 108.804
-8.128 14.143 110.389
-8.693 14.253 114.152
-11.045 11.489 115.378
-14.171 12.804 117.138
-13.323 10.663 120.153
-9.655 10.539 121.332
-9.563 6.720 121.455
-6.841 4.496 122.894
-5.244 3.032 119.766
-2.111 3.746 117.655
-4.045 5.490 114.872
-5.804 7.909 117.211
-2.802 8.452 119.484
-0.643 8.992 116.407
-2.842 11.814 115.115
-2.641 13.591 118.452
1.156 13.178 118.253
1.071 15.201 115.026
-1.113 17.870 116.611
1.179 18.189 119.637
4.268 18.394 117.411
2.561 21.224 115.532
1.957 22.960 118.858
5.605 22.481 119.778
7.264 23.956 116.690
4.685 25.437 114.307
3.557 29.077 114.120
-0.200 28.646 114.563
-0.744 25.394 112.666
-3.058 22.686 114.037
-4.818 19.465 113.046
-8.557 19.548 112.336
-11.699 17.451 112.698
-13.471 16.418 109.496
-16.331 18.805 110.283
-13.901 21.730 110.421
-12.670 20.905 106.907
-16.324 20.659 105.821
-17.075 24.103 107.280
-14.058 25.631 105.541
-15.018 24.054 102.212
-18.633 25.183 102.389
-17.611 28.668 103.472
-15.794 28.919 100.132
-18.798 27.823 98.078
-18.097 24.103 97.801
-20.930 21.700 98.565
-19.828 18.085 98.584
-17.060 16.836 100.866
-15.746 13.293 100.487
-13.075 11.913 102.808
-11.121 8.813 101.797
-8.533 7.189 104.069
-5.306 6.473 102.250
-2.445 5.315 104.423
-0.455 6.184 107.542
-3.101 8.587 108.885
-3.206 10.526 105.614
-6.656 11.236 104.150
-7.654 12.414 100.671
-10.420 14.994 101.200
-12.335 16.089 98.094
-14.321 19.317 97.858
-16.735 19.516 94.906
-19.173 22.165 93.645
