-16.559 1.129 44.606
-14.897 4.362 45.715
-11.953 3.680 43.397
-9.287 5.619 41.661
-10.173 5.407 37.969
-7.753 5.663 35.065
-9.992 5.585 31.982
-9.632 5.671 28.213
-12.203 6.987 25.809
-13.249 4.272 23.351
-11.478 6.147 20.561
-8.165 5.877 22.524
-8.156 2.103 22.908
-6.756 1.188 19.481
-2.991 0.934 19.136
-1.864 2.758 15.999
1.240 0.608 15.592
-0.906 -2.429 14.778
-1.548 -2.249 11.037
-5.087 -3.594 10.406
-5.841 -5.233 7.085
-8.785 -7.182 5.764
-9.249 -9.753 2.982
-12.545 -9.921 1.158
-13.043 -13.622 0.468
-15.642 -14.992 -1.929
-17.413 -17.159 0.576
-16.858 -19.394 3.517
-15.082 -21.944 1.335
-12.640 -19.402 -0.186
-11.493 -18.484 3.335
-9.525 -21.681 3.629
-7.932 -21.257 0.200
-6.919 -17.726 1.145
-5.517 -18.835 4.534
-3.457 -21.601 2.928
-1.780 -19.017 0.690
-1.375 -16.563 3.569
0.354 -19.272 5.599
3.358 -18.958 3.294
3.821 -15.344 4.384
3.913 -16.148 8.070
7.728 -16.307 7.892
8.473 -13.391 10.206
8.218 -14.403 13.815
5.092 -16.008 15.095
1.424 -15.879 14.048
-1.865 -16.580 15.810
-5.041 -17.605 13.915
-8.248 -16.989 15.851
-11.458 -18.930 15.207
-14.903 -18.882 16.719
-15.345 -22.519 17.767
-13.266 -25.411 18.916
-14.796 -27.451 16.097
-13.512 -25.004 13.525
-10.088 -24.949 15.261
-9.848 -28.742 14.996
-11.099 -28.833 11.376
-8.785 -26.053 10.250
-5.844 -27.673 12.015
-6.560 -30.935 10.204
-6.924 -29.263 6.781
-3.708 -27.269 7.129
-1.727 -30.316 8.362
-2.949 -32.454 5.493
-1.615 -29.767 3.082
1.816 -29.967 4.695
1.667 -26.778 6.782
3.258 -27.013 10.190
0.656 -25.645 12.555
-0.159 -26.007 16.234
-3.502 -25.725 18.051
-4.574 -24.786 21.573
-8.018 -24.646 23.094
-9.864 -25.364 26.288
-10.872 -28.936 25.445
-7.233 -30.068 25.511
-5.723 -31.740 28.576
-3.934 -29.382 30.966
-0.512 -30.913 30.345
-1.100 -30.561 26.585
-2.069 -26.902 26.908
1.070 -26.254 28.922
3.360 -27.982 26.404
1.679 -26.267 23.449
1.791 -22.707 24.726
5.372 -23.237 25.933
6.398 -24.501 22.448
4.778 -21.389 20.921
6.269 -19.006 23.516
9.730 -20.476 22.832
9.466 -20.452 19.047
9.346 -24.216 18.456
5.966 -23.764 16.774
5.500 -20.656 14.622
1.739 -20.638 13.849
-0.928 -21.334 16.405
-4.642 -21.877 15.801
-6.745 -20.979 18.831
-10.026 -19.719 20.232
-10.748 -16.731 22.440
-8.970 -18.549 25.272
-5.811 -16.759 24.008
-7.514 -13.472 22.943
-6.443 -11.741 26.125
-3.220 -10.893 27.881
-0.834 -13.383 26.283
2.526 -11.668 25.751
4.887 -13.310 23.265
7.181 -10.703 21.656
7.691 -12.620 18.442
3.987 -12.573 17.558
4.003 -10.325 14.512
0.726 -11.364 12.832
-2.806 -11.982 14.175
-5.418 -13.416 11.812
-9.132 -13.166 12.582
-10.182 -16.140 10.485
-13.598 -15.804 12.080
-14.615 -12.358 13.221
-15.342 -12.148 16.943
-19.026 -12.073 17.885
-21.048 -12.175 21.085
-23.160 -15.222 21.907
-26.021 -13.494 20.055
-24.009 -13.042 16.803
-23.489 -9.291 17.129
-20.001 -7.800 16.727
-17.653 -8.238 19.708
-15.341 -5.208 19.413
-13.592 -5.732 22.758
-12.529 -9.252 21.755
-11.345 -7.909 18.370
-9.123 -5.313 20.039
-7.738 -7.838 22.518
-7.025 -10.426 19.815
-5.135 -8.005 17.603
-3.296 -6.735 20.682
-1.408 -10.021 20.834
0.901 -8.282 18.332
2.259 -4.757 18.391
3.268 -4.878 22.027
5.350 -2.390 24.003
5.979 -0.175 20.989
6.576 -2.923 18.434
4.737 -2.903 15.138
2.469 -5.733 14.123
-0.018 -6.825 11.500
-3.610 -7.954 11.952
-5.602 -9.432 9.072
-9.359 -10.047 9.305
-11.336 -12.225 6.899
-14.647 -10.967 5.482
-16.741 -13.360 3.328
-20.370 -12.206 3.264
-22.681 -9.346 4.163
-22.890 -10.283 7.847
-19.118 -10.395 8.285
-18.757 -7.113 6.346
-21.274 -5.593 8.762
-19.447 -6.958 11.789
-16.044 -5.645 10.732
-17.551 -2.290 9.844
-19.246 -2.077 13.246
-15.945 -2.824 14.974
-14.240 -0.089 12.921
-16.951 2.423 13.902
-16.991 1.392 17.560
-13.358 2.344 18.022
-13.666 5.730 16.297
-13.189 4.790 12.600
-9.888 2.992 12.988
-7.839 2.552 9.817
-8.461 -0.760 8.054
-6.918 -1.435 4.686
-8.198 -3.812 2.012
-5.458 -6.124 0.727
-5.673 -8.591 -2.160
-6.440 -12.296 -2.008
-5.010 -12.918 -5.507
-1.689 -11.073 -5.344
0.499 -12.670 -2.691
3.606 -10.745 -3.636
1.716 -7.566 -2.868
0.546 -8.853 0.522
4.157 -9.897 1.235
5.395 -6.349 0.482
2.819 -4.836 2.803
3.584 -7.199 5.690
7.340 -6.758 5.359
7.006 -2.982 5.272
5.120 -3.032 8.597
7.406 -5.470 10.320
10.582 -3.643 9.140
