-5.534 -10.093 -56.847
-5.964 -8.133 -53.580
-7.034 -4.599 -54.182
-5.961 -1.443 -52.416
-9.493 -0.946 -50.997
-9.425 -4.510 -49.667
-6.230 -3.605 -47.799
-7.978 -0.503 -46.433
-10.839 -2.813 -45.479
-8.429 -5.170 -43.828
-6.910 -2.466 -41.615
-10.374 -1.107 -40.813
-11.406 -4.607 -39.641
-8.259 -4.733 -37.483
-9.512 -1.601 -35.689
-12.713 -3.505 -34.939
-11.058 -6.759 -33.840
-8.469 -4.989 -31.596
-11.277 -3.086 -29.905
-13.470 -6.206 -29.447
-10.675 -8.515 -28.206
-8.895 -5.821 -26.133
-9.693 -7.463 -22.804
-8.974 -10.967 -24.038
-5.472 -9.911 -25.218
-4.991 -8.056 -21.969
-5.797 -11.236 -20.007
-3.337 -13.228 -22.075
-0.703 -10.600 -21.281
-1.756 -10.689 -17.633
-0.881 -14.358 -17.140
2.631 -14.139 -18.644
3.226 -10.382 -18.877
2.278 -6.980 -17.612
-1.342 -6.918 -18.779
-0.993 -4.201 -21.395
-0.915 -5.882 -24.827
-4.617 -5.539 -25.634
-4.520 -1.832 -24.752
-1.458 -1.317 -26.893
-2.986 -2.956 -29.958
-6.292 -1.186 -29.372
-4.600 2.202 -29.000
-2.449 1.598 -32.134
-5.099 0.352 -34.566
-7.563 2.800 -33.195
-5.166 5.565 -34.328
-4.485 3.799 -37.642
-8.156 3.475 -38.445
-8.703 7.213 -37.674
-5.978 8.298 -40.120
-7.146 5.824 -42.757
-10.084 7.626 -44.467
-7.810 10.585 -45.306
-5.478 8.180 -47.229
-7.804 5.470 -48.568
-6.983 6.610 -52.113
-3.163 6.473 -52.015
-1.036 3.484 -53.196
-0.786 0.270 -51.171
2.859 0.976 -50.259
1.851 4.391 -48.935
-0.984 3.098 -46.773
1.086 0.223 -45.300
4.061 2.436 -44.500
1.931 5.095 -42.797
0.152 2.349 -40.896
3.505 0.997 -39.653
4.637 4.490 -38.689
1.329 5.186 -36.933
1.551 1.960 -34.914
5.189 2.871 -34.048
4.187 6.303 -32.712
1.438 4.896 -30.630
1.538 1.155 -29.681
4.777 1.392 -27.604
6.311 -1.461 -25.635
7.702 -4.486 -27.474
4.918 -4.879 -30.041
5.103 -1.273 -31.320
8.506 -1.487 -33.020
7.822 -5.095 -34.069
4.467 -4.499 -35.786
5.728 -1.109 -37.032
8.664 -2.871 -38.726
6.391 -5.527 -40.160
4.289 -2.857 -41.968
7.265 -0.698 -42.982
9.165 -3.637 -44.543
5.894 -4.886 -46.123
5.448 -1.465 -47.737
8.850 -1.480 -49.365
8.087 -4.877 -50.924
4.906 -3.384 -52.224
5.522 0.262 -52.998
3.277 1.957 -55.559
0.892 -0.940 -56.138
-2.829 -0.583 -56.705
-3.454 -4.311 -56.298
-1.366 -7.373 -55.406
-1.023 -10.844 -56.851
-0.678 -13.890 -54.590
3.018 -13.838 -55.387
3.433 -10.211 -54.244
1.404 -10.887 -51.090
3.741 -13.730 -50.224
6.801 -11.500 -50.824
5.190 -8.730 -48.764
4.551 -11.007 -45.802
7.900 -12.650 -46.242
9.649 -9.270 -46.093
7.536 -8.002 -43.135
8.273 -11.082 -41.066
11.965 -10.942 -41.923
11.937 -7.477 -40.382
10.302 -8.716 -37.150
12.743 -11.608 -36.937
15.878 -9.459 -37.261
14.772 -6.748 -34.814
13.594 -9.287 -32.232
15.780 -12.355 -33.037
12.970 -14.796 -32.238
13.404 -18.395 -33.376
10.644 -20.940 -33.804
9.479 -22.014 -30.320
10.602 -18.840 -28.531
6.875 -18.214 -27.850
6.371 -14.935 -29.775
4.417 -13.422 -32.696
7.122 -15.004 -34.866
5.642 -18.414 -34.131
2.642 -17.296 -36.194
4.404 -15.084 -38.850
6.746 -17.825 -39.999
4.113 -20.495 -40.547
1.918 -17.803 -42.183
4.642 -16.872 -44.642
5.231 -20.518 -45.514
1.504 -20.924 -46.108
1.520 -17.990 -48.523
4.574 -19.545 -50.233
2.842 -22.879 -50.685
-0.385 -21.235 -51.899
1.657 -19.338 -54.443
3.307 -22.569 -55.742
-0.169 -24.023 -56.162
-1.583 -21.020 -57.994
-4.491 -20.731 -55.517
-6.809 -17.722 -55.667
-5.843 -14.789 -53.386
-8.948 -15.193 -51.258
-8.468 -18.885 -50.491
-4.743 -18.348 -49.984
-5.604 -15.919 -47.199
-8.280 -18.218 -45.917
-5.572 -20.931 -45.557
-2.977 -18.506 -44.111
-5.551 -17.413 -41.558
-6.416 -20.900 -40.535
-2.702 -21.751 -40.214
-2.247 -18.562 -38.059
-4.913 -19.981 -35.715
-3.113 -23.244 -35.145
0.226 -21.503 -34.860
-1.087 -19.128 -32.209
-2.576 -22.085 -30.279
0.774 -23.942 -30.725
2.344 -21.291 -28.472
0.384 -22.375 -25.391
2.776 -25.162 -24.923
6.096 -23.383 -25.345
8.307 -22.074 -22.626
9.008 -18.400 -23.552
12.515 -17.520 -24.567
11.913 -13.940 -25.643
9.807 -11.095 -24.353
8.467 -10.418 -20.909
7.101 -13.979 -20.622
10.653 -15.361 -20.724
11.135 -13.927 -17.182
8.563 -16.408 -15.831
10.524 -19.517 -16.877
8.356 -22.638 -16.862
5.455 -20.568 -15.550
5.012 -19.308 -19.117
4.019 -22.877 -20.198
0.200 -23.372 -20.429
-0.518 -19.862 -21.681
-1.130 -18.470 -25.139
1.225 -15.714 -26.391
-0.586 -12.374 -26.670
1.437 -11.096 -29.691
0.879 -14.358 -31.610
-2.848 -13.968 -30.989
-2.712 -10.436 -32.425
-1.094 -11.812 -35.659
-3.822 -14.450 -35.782
-6.531 -11.775 -35.456
-4.837 -9.719 -38.189
-4.798 -12.747 -40.567
-8.400 -13.599 -39.769
-9.382 -10.056 -40.734
-7.430 -10.282 -44.019
-9.304 -13.416 -45.066
-12.521 -11.502 -44.316
-11.299 -8.430 -46.248
-10.460 -10.550 -49.308
-13.819 -12.388 -49.426
-16.152 -10.712 -51.867
