11.669 58.716 -0.208
8.476 57.881 -2.081
8.286 54.569 -3.843
5.764 56.105 -6.264
8.088 59.039 -6.901
11.054 56.798 -7.777
9.028 54.170 -9.646
7.930 56.765 -12.216
11.570 57.352 -13.224
12.103 53.620 -13.794
8.797 52.199 -15.053
7.595 54.794 -17.543
4.256 54.072 -19.219
4.880 50.483 -20.330
3.141 47.460 -18.800
4.973 44.195 -17.992
4.572 40.410 -17.985
3.543 39.356 -14.478
4.341 35.691 -15.084
8.128 35.636 -15.268
11.223 37.749 -14.665
14.538 36.502 -13.248
17.460 38.732 -12.375
19.771 35.726 -12.427
19.415 36.005 -16.185
19.729 39.761 -16.429
23.097 40.360 -14.841
21.430 41.205 -11.525
22.336 38.436 -9.075
25.720 37.712 -7.524
26.865 34.311 -6.121
25.120 32.757 -3.115
26.918 33.021 0.223
26.774 31.315 3.598
26.019 33.072 6.887
26.929 29.772 8.566
26.051 29.397 12.245
25.357 33.024 12.969
22.189 35.140 13.077
23.497 37.493 10.416
21.224 36.971 7.387
20.224 40.629 7.869
23.722 41.496 6.637
23.726 39.042 3.734
20.305 40.211 2.523
21.324 43.902 2.614
24.831 43.559 1.175
23.349 41.233 -1.430
20.871 43.934 -2.516
23.738 46.398 -2.983
25.849 43.957 -4.982
22.830 43.601 -7.309
22.440 47.346 -7.859
26.138 47.524 -8.807
25.827 44.699 -11.311
22.723 46.260 -12.835
23.127 50.057 -12.795
26.888 50.030 -13.396
27.823 46.677 -14.914
30.253 46.206 -12.021
30.585 42.718 -10.524
31.640 43.308 -6.925
31.117 41.221 -3.809
31.089 43.047 -0.481
31.876 42.475 3.165
29.169 41.175 5.500
31.774 40.764 8.220
32.097 44.548 8.277
28.372 45.078 8.818
28.498 42.390 11.524
31.456 44.164 13.194
30.677 47.830 12.490
26.878 48.120 12.507
26.072 49.439 15.995
22.289 49.560 15.569
22.316 45.812 14.942
23.536 42.905 17.055
26.013 41.030 14.884
25.588 37.276 15.120
22.492 37.708 17.253
20.163 39.381 14.799
19.423 42.757 13.296
17.135 44.744 11.015
17.430 45.366 7.290
16.899 49.128 7.437
19.342 49.468 10.323
21.772 47.790 7.947
21.344 50.360 5.176
21.408 53.297 7.552
24.690 51.927 8.872
26.087 51.554 5.331
25.393 55.217 4.739
26.807 56.333 8.086
30.045 54.366 7.463
30.463 55.830 4.003
30.350 52.451 2.270
31.622 48.893 2.580
34.866 47.078 1.832
34.979 44.218 -0.707
34.965 40.821 1.050
38.345 39.990 -0.467
39.810 42.671 1.824
37.570 41.863 4.787
36.575 38.150 4.699
33.682 36.602 6.590
34.574 34.820 9.830
31.081 34.306 11.261
30.973 34.072 15.068
34.721 34.369 15.668
35.798 37.480 17.643
36.656 40.176 15.097
37.217 43.930 15.496
35.578 46.584 13.347
38.155 48.194 11.069
36.775 50.340 8.266
40.166 51.060 6.687
40.938 47.512 5.543
40.345 48.663 1.975
41.137 51.854 0.077
38.172 51.738 -2.303
34.713 51.244 -0.801
31.210 50.906 -2.190
28.295 52.772 -0.693
24.684 53.538 -1.411
23.098 56.963 -1.718
19.767 56.110 -0.141
17.413 53.214 0.364
13.732 52.687 -0.350
10.772 50.945 1.302
8.666 48.836 -1.029
4.887 48.456 -0.604
3.855 44.851 0.050
1.591 45.141 -2.974
4.167 46.369 -5.489
6.697 43.498 -5.238
6.768 42.302 -8.850
6.812 45.895 -10.113
9.627 46.878 -7.758
11.393 43.687 -8.914
10.813 44.369 -12.604
12.090 47.961 -12.773
14.109 48.465 -9.586
15.818 45.102 -9.054
16.249 42.510 -6.271
14.625 43.305 -2.925
16.048 42.772 0.530
13.089 41.311 2.450
11.969 39.723 5.702
10.371 36.288 5.950
9.037 33.753 8.466
10.883 30.454 8.298
10.018 27.210 10.063
12.165 24.086 10.541
10.902 22.847 7.154
12.954 25.295 5.092
16.012 23.348 6.219
14.722 20.261 4.390
13.867 22.168 1.226
15.546 20.755 -1.865
13.701 21.545 -5.103
10.576 22.989 -6.718
7.956 25.139 -5.054
8.143 25.186 -1.266
5.446 23.049 0.359
6.397 23.162 4.038
4.796 24.833 7.028
5.407 28.575 7.310
6.843 30.314 10.359
4.982 31.974 13.232
6.804 35.309 13.141
9.174 37.140 10.840
12.617 35.909 11.642
14.981 35.808 8.760
16.251 37.941 5.914
16.608 36.969 2.248
16.626 38.443 -1.258
13.766 38.447 -3.716
15.397 38.133 -7.137
12.460 37.507 -9.448
9.281 35.540 -10.137
8.387 32.687 -12.406
5.667 30.364 -13.557
5.778 26.684 -14.402
2.944 24.643 -15.906
2.136 21.472 -13.968
0.197 18.815 -15.878
-3.120 17.897 -14.300
-3.396 14.120 -13.764
-7.168 14.129 -14.398
-7.055 16.599 -17.282
-3.658 15.911 -18.840
-3.665 19.661 -19.474
-0.852 21.878 -18.206
-1.760 24.344 -15.447
-0.013 27.630 -14.664
1.662 27.995 -11.255
3.335 31.172 -9.997
6.195 31.632 -7.568
8.661 34.099 -6.200
12.353 33.355 -6.675
14.389 33.919 -3.522
18.106 34.069 -2.683
19.053 32.556 0.653
22.396 32.541 2.517
22.799 28.918 3.523
25.414 28.297 0.855
24.819 26.354 -2.325
24.167 22.838 -1.010
20.746 24.000 0.148
17.643 24.226 -2.004
18.128 24.832 -5.709
21.819 25.597 -5.444
21.039 28.229 -2.840
17.678 29.488 -4.083
14.062 28.701 -3.161
10.768 29.073 -5.080
7.791 30.172 -3.007
4.148 30.148 -4.045
2.588 33.451 -5.121
-0.030 34.504 -7.667
-0.042 36.301 -11.012
-0.272 39.678 -9.286
2.298 38.937 -6.583
-0.069 39.925 -3.812
-0.008 36.403 -2.442
2.842 36.651 0.060
3.556 33.356 1.801
5.485 33.224 5.082
4.848 36.926 5.566
7.512 37.471 2.917
8.037 41.124 1.988
6.545 42.479 5.195
9.825 44.330 5.415
11.134 45.277 1.989
13.956 47.557 0.906
16.058 48.371 -2.168
19.389 50.212 -1.892
19.953 53.048 -4.369
23.517 53.675 -5.519
22.579 56.226 -8.159
