29.377 -61.904 -7.942
29.237 -58.227 -8.863
25.882 -58.044 -10.648
24.377 -56.016 -7.819
27.415 -53.725 -7.690
27.347 -53.253 -11.478
23.636 -52.383 -11.323
24.274 -49.846 -8.568
27.029 -48.178 -10.597
24.857 -47.999 -13.713
22.032 -46.292 -11.808
24.360 -43.966 -9.919
25.954 -42.788 -13.158
22.492 -42.270 -14.673
21.513 -40.083 -11.707
24.744 -38.087 -11.790
24.389 -37.499 -15.526
20.738 -36.493 -15.069
21.690 -34.138 -12.223
24.292 -32.360 -14.322
21.867 -32.017 -17.235
19.293 -30.510 -14.874
21.836 -27.972 -13.589
22.843 -27.058 -17.129
19.210 -26.560 -18.201
18.489 -24.316 -15.221
21.653 -22.294 -15.765
20.973 -21.756 -19.478
17.426 -20.650 -18.678
18.731 -18.114 -16.152
21.478 -16.732 -18.401
18.971 -16.248 -21.218
16.895 -14.075 -18.876
19.908 -12.244 -17.430
22.438 -11.712 -20.257
23.931 -8.534 -18.769
24.861 -9.950 -15.351
28.556 -9.633 -14.514
29.085 -13.278 -13.549
32.852 -12.968 -13.130
32.516 -10.057 -10.697
30.044 -12.090 -8.664
32.109 -15.297 -8.561
35.241 -13.456 -7.434
33.557 -11.702 -4.501
34.916 -12.956 -1.185
32.150 -14.731 0.741
31.828 -12.012 3.388
31.294 -9.404 0.662
28.907 -11.737 -1.182
26.943 -12.164 2.046
26.825 -8.405 2.619
25.438 -7.731 -0.874
22.857 -10.484 -0.432
21.769 -9.116 2.939
21.463 -5.575 1.531
19.646 -6.685 -1.618
22.341 -5.447 -3.999
22.525 -9.006 -5.342
19.498 -11.277 -5.601
19.665 -14.830 -4.255
18.712 -16.002 -7.755
21.664 -14.238 -9.376
24.110 -15.648 -6.842
22.635 -19.139 -6.975
22.443 -19.631 -10.736
25.834 -18.003 -11.302
27.478 -20.399 -8.835
25.464 -23.289 -10.279
26.840 -22.505 -13.732
30.394 -22.279 -12.422
30.005 -25.534 -10.489
28.749 -27.276 -13.630
31.697 -25.904 -15.611
34.445 -26.795 -13.142
32.928 -30.255 -12.721
33.778 -30.947 -16.349
37.475 -31.199 -15.525
37.223 -32.452 -11.934
34.255 -34.828 -11.570
33.553 -33.443 -8.082
29.723 -33.343 -8.183
27.715 -36.525 -7.576
24.246 -35.055 -7.258
22.281 -31.846 -7.687
20.105 -31.166 -4.658
17.023 -30.517 -6.789
14.746 -28.800 -4.278
17.345 -26.091 -3.650
15.569 -23.789 -6.111
12.589 -23.776 -3.733
14.816 -23.320 -0.669
16.276 -20.368 -2.540
12.815 -18.809 -2.555
12.136 -19.413 1.135
15.551 -18.669 2.661
15.183 -16.845 6.013
15.916 -13.219 5.171
17.819 -12.400 8.360
19.830 -15.629 8.305
23.589 -15.180 8.689
24.078 -17.107 5.423
21.081 -15.733 3.515
21.333 -16.640 -0.179
24.703 -18.399 0.118
25.040 -21.532 -2.045
26.726 -24.266 0.026
28.256 -27.524 -1.176
27.959 -30.694 0.930
30.189 -33.745 1.198
28.054 -36.699 0.091
27.834 -38.063 3.649
25.687 -35.147 4.851
22.209 -36.663 4.654
19.893 -34.710 2.406
16.208 -35.559 2.042
15.423 -37.710 -1.010
19.074 -38.318 -1.926
21.403 -41.275 -1.448
24.520 -40.910 0.633
26.284 -43.744 -1.163
29.804 -43.176 0.137
30.673 -44.850 -3.188
29.357 -48.161 -1.866
26.907 -50.384 -3.749
25.049 -51.275 -0.557
24.025 -47.613 -0.070
22.760 -46.994 -3.623
18.982 -46.615 -3.934
18.591 -45.797 -0.222
17.553 -42.125 -0.179
17.677 -40.260 3.133
14.326 -39.642 4.835
15.422 -36.206 6.038
18.136 -33.566 6.063
20.815 -34.092 8.699
20.953 -31.593 11.568
23.718 -29.379 10.183
21.884 -29.147 6.846
18.728 -28.104 8.699
20.691 -25.385 10.495
22.318 -24.160 7.277
18.846 -23.741 5.801
17.514 -22.013 8.920
20.419 -19.571 8.471
19.265 -18.910 4.913
21.935 -20.891 3.071
21.113 -22.913 -0.032
22.761 -26.341 -0.091
23.000 -27.182 -3.781
25.272 -30.171 -4.506
26.583 -33.375 -2.996
30.301 -33.770 -3.740
32.359 -36.907 -4.303
34.276 -38.999 -1.738
36.615 -41.998 -1.980
34.771 -45.293 -1.544
33.839 -45.712 2.176
35.531 -42.379 2.954
38.438 -44.265 4.542
41.063 -42.681 2.291
42.725 -39.347 1.594
42.240 -39.791 -2.166
38.881 -39.433 -3.922
37.602 -42.247 -6.181
34.796 -44.806 -5.929
33.264 -47.361 -8.337
29.939 -45.489 -8.585
30.874 -41.933 -9.560
34.515 -42.493 -10.448
37.594 -40.432 -9.673
37.747 -36.770 -8.663
40.721 -34.819 -10.005
42.685 -31.894 -8.552
41.684 -28.682 -10.402
45.331 -27.506 -10.348
46.623 -30.557 -12.237
44.481 -33.422 -13.526
47.075 -36.101 -12.760
46.917 -35.126 -9.073
44.600 -36.141 -6.272
42.345 -33.410 -4.869
42.948 -35.108 -1.520
40.161 -36.579 0.585
38.017 -37.882 1.890
36.331 -34.452 1.434
37.876 -34.391 -2.032
34.879 -33.270 -4.066
34.571 -30.278 -1.738
38.241 -29.425 -2.173
38.072 -29.607 -5.956
34.836 -27.631 -6.229
35.691 -24.842 -3.804
39.300 -24.839 -4.981
38.176 -24.117 -8.544
35.656 -21.428 -7.577
32.512 -23.525 -7.963
31.302 -22.987 -4.385
31.931 -20.258 -1.794
31.459 -22.558 1.197
31.249 -26.280 1.862
31.031 -28.795 4.699
33.382 -31.759 5.095
34.195 -34.378 7.741
37.504 -35.473 9.197
38.673 -38.456 11.260
42.280 -38.691 10.036
42.676 -35.460 8.055
39.734 -35.517 5.605
38.997 -31.775 5.801
42.655 -30.797 5.919
44.089 -32.951 3.094
41.742 -31.693 0.360
41.935 -28.116 1.618
45.743 -28.249 1.467
45.940 -30.162 -1.819
43.514 -27.773 -3.538
44.780 -24.524 -2.025
41.823 -23.571 0.191
41.158 -23.162 3.936
39.548 -25.779 6.160
38.860 -26.263 9.858
38.381 -29.496 11.785
36.810 -28.558 15.133
36.859 -30.570 18.307
34.753 -33.637 17.579
31.680 -32.662 19.554
31.636 -28.931 18.744
29.099 -29.559 15.932
26.294 -32.122 15.502
27.041 -35.381 13.684
23.377 -36.374 13.752
22.365 -37.713 10.329
25.877 -38.098 8.950
26.134 -41.283 6.898
29.095 -43.477 7.807
30.562 -46.971 7.432
31.257 -47.889 11.039
29.107 -46.986 14.009
29.828 -46.871 17.732
33.571 -46.355 17.392
34.243 -43.582 19.904
37.978 -43.859 20.648
38.832 -41.601 17.720
35.950 -39.146 17.251
34.689 -37.958 13.882
34.502 -34.215 13.335
32.723 -32.032 10.775
33.654 -28.555 9.673
33.777 -25.841 7.001
35.952 -25.503 3.892
36.156 -22.186 2.042
38.465 -19.836 0.155
39.493 -17.812 3.221
39.596 -17.993 7.014
36.863 -15.417 7.580
34.440 -17.683 5.668
35.216 -20.549 8.045
34.556 -18.299 11.027
31.249 -17.062 9.586
30.157 -20.630 8.879
31.039 -21.744 12.406
29.315 -18.700 13.880
26.176 -19.466 11.853
26.172 -23.128 12.857
26.739 -22.460 16.565
23.232 -21.142 17.147
20.221 -22.035 19.242
18.789 -23.965 16.272
21.715 -26.386 16.331
21.768 -26.713 20.100
18.016 -27.459 20.252
18.029 -29.883 17.308
20.891 -31.810 18.889
20.996 -31.410 22.680
24.019 -33.754 22.839
26.220 -30.938 21.501
27.452 -28.560 24.211
25.750 -25.177 23.653
28.969 -23.200 23.258
28.312 -20.041 21.251
30.930 -18.720 18.853
33.091 -16.402 20.980
33.601 -13.397 18.715
35.906 -11.599 21.138
38.389 -14.502 21.067
38.276 -14.826 17.278
38.800 -11.087 16.778
41.568 -10.753 19.371
44.875 -9.365 18.153
47.149 -10.177 21.101
50.673 -11.501 20.505
50.682 -15.304 20.611
52.938 -17.960 22.067
53.157 -20.295 19.078
54.624 -23.759 19.457
56.065 -25.084 16.194
57.828 -27.977 14.521
59.454 -28.325 11.097
58.987 -32.099 11.093
57.168 -34.724 13.145
60.137 -37.091 12.768
57.678 -39.553 11.234
56.863 -38.257 7.773
59.846 -36.379 6.366
58.377 -33.102 5.098
58.738 -32.304 1.414
61.108 -29.392 0.782
58.043 -27.231 0.006
56.347 -28.245 3.282
59.440 -27.367 5.286
59.926 -24.030 3.543
56.239 -23.153 4.039
56.546 -23.905 7.753
59.799 -21.974 8.225
58.643 -18.920 6.256
55.390 -18.778 8.247
57.341 -19.082 11.494
59.624 -16.240 10.404
56.760 -13.938 9.424
54.977 -14.651 12.716
58.123 -13.762 14.656
58.526 -10.557 12.644
54.936 -9.735 13.605
55.680 -9.927 17.338
54.663 -13.498 18.148
56.892 -15.810 20.174
57.837 -19.024 18.367
58.649 -21.944 20.627
60.085 -25.258 19.420
57.542 -27.920 20.418
56.711 -31.480 19.352
53.998 -33.576 20.986
55.614 -36.552 22.726
55.237 -40.148 21.519
53.840 -39.495 18.052
54.636 -43.039 16.837
52.493 -44.412 19.701
49.695 -41.963 18.965
49.601 -43.045 15.315
50.444 -46.755 15.400
48.784 -47.818 18.626
46.165 -45.284 19.680
44.873 -44.043 16.311
45.182 -47.249 14.312
43.942 -49.344 17.227
41.012 -47.019 17.840
39.977 -47.048 14.194
40.365 -50.805 13.841
39.688 -52.211 17.310
37.596 -54.975 15.759
40.213 -55.923 13.174
38.213 -54.135 10.479
35.272 -56.541 10.504
32.555 -53.871 10.840
34.215 -51.759 8.160
34.574 -54.738 5.825
30.852 -55.569 5.914
30.411 -52.524 3.676
32.500 -54.086 0.920
30.818 -57.467 0.747
29.867 -57.999 -2.893
31.393 -54.679 -3.976
34.283 -53.639 -6.188
37.275 -52.222 -4.339
38.359 -48.896 -5.803
42.042 -48.851 -6.822
42.524 -45.704 -4.724
42.111 -47.802 -1.565
45.250 -49.751 -2.466
45.649 -52.958 -0.454
43.614 -51.757 2.539
40.768 -54.222 2.032
43.027 -57.173 1.287
45.065 -56.455 4.423
42.093 -55.918 6.759
40.650 -59.262 5.618
43.706 -61.172 6.820
43.135 -63.474 9.840
44.361 -61.979 13.123
46.972 -64.717 13.517
48.352 -63.892 10.073
48.427 -60.142 10.714
50.438 -61.004 13.811
52.829 -63.393 12.058
53.410 -61.016 9.159
53.953 -58.188 11.626
56.631 -60.215 13.445
58.419 -60.914 10.147
58.321 -57.288 8.987
59.392 -55.852 12.338
63.189 -56.161 11.891
63.156 -54.562 8.425
60.104 -52.295 8.343
58.996 -51.512 11.923
56.447 -48.900 10.847
54.615 -51.368 8.584
54.833 -54.037 11.282
53.398 -51.634 13.859
50.348 -50.667 11.832
49.665 -54.288 10.940
49.842 -55.526 14.521
47.486 -52.789 15.700
44.828 -53.531 13.091
43.947 -56.803 14.851
40.621 -57.595 16.564
40.526 -57.494 20.364
38.253 -57.867 23.381
36.081 -55.224 25.009
38.489 -55.457 27.944
41.337 -54.442 25.647
39.264 -51.664 24.072
38.639 -50.127 27.514
42.388 -50.214 28.124
42.991 -48.522 24.765
40.327 -45.896 25.461
41.976 -45.118 28.804
45.367 -44.789 27.095
43.842 -42.332 24.613
42.476 -40.280 27.513
45.838 -40.297 29.304
47.756 -39.453 26.141
45.476 -36.449 25.614
46.226 -35.243 29.148
49.949 -35.863 28.561
50.087 -33.603 25.520
47.942 -30.974 27.236
50.384 -30.967 30.157
53.345 -30.717 27.788
51.627 -27.801 26.044
50.854 -26.001 29.312
54.443 -26.493 30.512
55.623 -24.356 27.579
52.669 -22.003 28.123
51.574 -22.277 24.478
48.568 -20.506 23.016
48.610 -22.346 19.694
50.717 -24.749 17.652
52.019 -24.399 14.089
52.848 -27.576 12.134
53.684 -28.717 8.615
50.737 -29.904 6.510
51.104 -32.666 3.919
51.731 -31.315 0.422
51.973 -30.787 -2.412
49.138 -32.939 -3.761
50.054 -36.589 -4.421
49.354 -38.272 -7.770
45.999 -39.986 -8.204
45.789 -43.400 -6.559
48.856 -42.911 -4.377
47.433 -41.740 -1.031
46.272 -45.334 -0.560
49.890 -46.465 -0.811
51.310 -43.727 1.449
49.554 -44.332 4.767
52.413 -42.992 6.878
51.821 -39.499 5.514
48.643 -39.085 7.572
50.970 -38.456 10.528
50.673 -34.644 10.418
46.889 -34.641 10.545
45.812 -37.846 12.291
47.735 -36.844 15.430
45.082 -34.185 16.107
42.200 -36.546 15.554
43.732 -38.830 18.179
44.180 -35.845 20.526
40.842 -34.338 19.465
42.240 -30.789 19.224
40.853 -28.288 16.722
43.164 -28.051 13.707
42.862 -26.089 10.471
44.928 -25.483 7.363
45.813 -22.319 5.436
47.519 -22.094 2.004
50.782 -20.164 2.383
52.910 -20.807 -0.704
53.290 -22.717 -3.981
55.894 -25.266 -5.041
58.904 -23.606 -6.700
61.249 -25.147 -9.241
63.797 -25.420 -6.428
61.329 -27.118 -4.037
60.522 -29.586 -6.775
64.156 -30.289 -7.652
65.009 -30.888 -3.988
62.206 -33.440 -3.772
64.313 -35.629 -6.038
66.671 -36.131 -3.071
63.894 -37.018 -0.585
64.668 -40.125 1.518
62.150 -40.390 4.358
62.959 -41.517 7.901
62.077 -45.182 7.371
62.885 -46.013 3.761
59.860 -48.327 3.621
57.355 -48.532 0.768
55.387 -45.580 2.170
58.447 -43.292 2.043
59.349 -44.535 -1.424
55.854 -43.940 -2.834
55.580 -40.424 -1.399
58.666 -39.308 -3.312
57.353 -40.538 -6.654
53.840 -39.307 -5.863
54.976 -35.725 -5.316
56.965 -35.559 -8.567
56.081 -32.790 -11.034
54.446 -30.376 -8.592
55.734 -26.938 -9.573
53.008 -24.348 -8.955
50.864 -26.481 -6.646
49.615 -25.025 -3.350
51.246 -25.866 -0.009
49.738 -25.184 3.417
50.578 -25.134 7.093
48.446 -26.447 9.958
47.208 -24.420 12.927
46.199 -26.140 16.168
44.666 -25.041 19.476
43.429 -26.841 22.607
40.068 -28.661 22.745
37.086 -26.311 22.362
39.272 -23.420 21.248
38.040 -23.189 17.666
37.832 -19.402 17.940
41.498 -19.114 18.945
42.483 -21.614 16.273
40.706 -19.453 13.665
42.264 -16.270 15.107
45.673 -17.871 14.558
44.714 -19.068 11.054
43.663 -15.503 10.219
47.086 -14.272 11.344
48.827 -16.789 9.099
46.589 -15.750 6.210
47.320 -12.036 6.742
51.074 -12.617 6.811
51.514 -15.239 4.068
48.880 -14.054 1.600
48.804 -10.269 2.238
46.918 -9.534 -0.987
44.092 -11.962 -0.241
40.908 -9.957 -0.799
39.309 -8.933 2.528
