24.126 -8.025 21.044
27.523 -9.684 21.171
30.419 -7.639 19.868
33.912 -8.239 21.189
37.503 -8.901 20.209
40.362 -11.006 21.528
43.799 -9.443 21.467
46.182 -12.059 20.065
49.124 -10.942 22.167
47.558 -10.740 25.627
44.726 -13.103 24.715
42.388 -10.790 26.609
38.815 -10.087 25.531
37.442 -6.532 25.202
34.011 -5.164 24.205
33.354 -3.410 20.908
30.818 -0.663 20.327
27.921 -1.982 18.271
24.445 -0.641 17.512
22.754 -3.984 16.841
23.934 -4.564 13.299
26.426 -7.471 13.381
27.474 -6.759 9.788
28.881 -3.344 10.728
32.137 -3.121 12.643
32.521 0.026 14.735
36.100 1.206 15.335
36.760 4.608 16.943
33.094 5.509 16.554
33.466 4.867 12.834
31.971 2.138 10.703
33.274 -0.698 8.549
30.764 -2.575 6.408
31.602 -6.287 6.724
29.394 -7.718 3.960
31.013 -8.715 0.659
30.686 -10.914 -2.431
32.860 -13.799 -1.282
32.456 -16.380 1.479
34.677 -14.173 3.617
35.762 -10.629 2.802
38.764 -8.440 3.527
37.795 -4.840 4.275
40.399 -2.085 4.420
39.318 1.244 5.887
41.186 4.373 6.972
40.098 5.457 10.442
41.840 8.463 12.000
44.965 7.937 9.919
45.015 4.284 11.001
44.699 1.610 8.321
42.404 -1.038 9.762
42.049 -4.438 8.096
39.195 -6.841 8.835
38.680 -10.335 7.450
35.032 -11.082 8.058
33.178 -14.380 7.719
30.753 -15.459 6.422
28.341 -14.671 3.590
25.935 -17.439 4.653
25.666 -15.935 8.128
23.005 -13.231 8.184
22.952 -12.256 11.851
26.574 -12.572 12.933
30.127 -12.068 11.732
33.520 -13.131 13.010
37.127 -12.948 11.886
40.460 -11.185 12.066
41.201 -7.542 12.705
44.514 -5.681 12.821
46.239 -2.377 12.059
48.266 -2.261 8.861
51.665 -0.892 9.884
53.082 -0.677 6.370
54.695 -4.095 6.037
54.009 -5.259 9.589
50.741 -5.445 11.520
49.846 -4.339 15.044
47.109 -5.066 17.589
46.204 -8.343 15.888
42.847 -9.541 17.169
39.946 -11.871 16.500
36.408 -10.468 16.635
32.872 -11.810 16.889
29.530 -9.992 16.588
25.976 -11.264 16.514
22.384 -10.186 16.974
20.971 -12.402 19.726
17.772 -14.358 19.199
