66.847 -39.704 35.300
70.300 -39.035 33.846
73.233 -36.721 34.565
75.519 -34.478 32.504
78.708 -32.474 33.110
80.938 -33.374 36.061
83.247 -31.383 38.337
85.326 -33.654 40.592
85.840 -37.156 41.995
85.905 -37.615 45.774
85.097 -40.368 48.280
83.701 -42.564 45.524
81.193 -39.813 44.757
81.547 -37.619 41.649
80.136 -34.094 41.850
78.175 -33.074 38.760
76.743 -29.716 37.693
73.704 -30.678 35.632
71.099 -33.452 35.560
67.773 -34.087 33.834
64.455 -35.834 34.502
61.218 -36.261 32.532
62.364 -33.530 30.137
63.293 -30.900 32.693
66.786 -29.406 33.036
68.039 -29.103 36.611
71.133 -26.952 37.112
73.018 -26.013 40.278
71.277 -22.897 41.559
67.772 -23.639 40.301
64.626 -24.220 42.325
63.159 -27.626 43.156
59.813 -29.003 44.326
59.662 -31.890 46.796
57.049 -34.093 48.518
56.226 -33.011 52.079
57.868 -36.276 53.170
61.160 -34.913 51.826
62.468 -33.394 55.053
61.307 -31.813 58.305
62.309 -28.300 59.375
64.107 -28.348 62.733
61.117 -26.293 63.865
59.191 -28.507 66.280
56.345 -29.546 63.977
53.389 -27.467 65.176
51.374 -29.815 67.391
47.658 -29.258 68.096
32.205 -28.832 75.803
29.733 -30.121 78.401
26.374 -31.373 77.064
23.939 -28.715 75.852
20.467 -28.104 77.314
18.761 -31.144 75.811
15.389 -29.402 75.954
16.539 -25.993 74.702
18.419 -27.244 71.648
16.219 -30.130 70.398
17.462 -30.889 66.876
21.070 -30.525 68.015
21.353 -34.323 68.338
21.036 -34.528 64.599
24.718 -33.551 64.370
25.758 -37.245 64.418
28.127 -37.313 61.409
40.499 -27.687 54.658
41.485 -29.900 57.593
42.218 -32.788 55.223
44.145 -30.455 52.907
47.688 -31.799 52.307
50.819 -29.674 52.660
52.179 -27.601 49.752
55.376 -28.658 47.973
58.764 -28.396 49.676
61.074 -25.863 48.031
64.857 -25.854 47.951
67.987 -24.594 46.213
70.160 -27.139 44.390
73.652 -26.539 45.781
75.371 -29.782 44.775
74.619 -32.669 42.433
76.449 -35.963 42.797
76.332 -39.742 42.805
77.882 -42.444 45.024
80.278 -45.002 43.555
81.488 -48.557 44.090
85.254 -48.323 44.528
86.730 -48.839 41.025
83.906 -47.101 39.196
83.137 -43.376 39.398
79.605 -42.740 38.052
76.371 -44.373 39.216
72.818 -44.038 37.889
69.568 -45.070 39.627
71.070 -43.426 42.717
71.612 -39.728 42.067
71.493 -37.488 45.112
70.964 -33.734 45.602
72.268 -31.226 48.196
69.480 -28.740 48.890
68.933 -25.545 50.864
65.567 -25.870 52.617
63.210 -22.940 52.197
60.715 -21.689 54.769
57.079 -20.896 54.011
55.508 -18.516 56.532
53.185 -21.311 57.691
56.370 -23.233 58.543
58.151 -20.949 61.008
57.224 -20.808 64.703
54.829 -18.098 63.811
52.875 -20.916 62.226
49.881 -20.988 59.886
48.431 -17.558 60.771
51.485 -16.000 59.113
50.118 -16.963 55.693
47.240 -14.518 56.168
49.085 -11.465 54.825
51.822 -13.363 52.984
52.202 -13.857 49.240
51.430 -17.388 48.067
54.942 -17.336 46.591
56.963 -15.930 49.497
59.704 -17.905 51.251
62.497 -17.513 53.794
66.150 -18.459 53.369
67.805 -20.565 56.033
71.134 -22.174 56.798
69.712 -25.705 56.954
70.436 -28.303 54.296
69.366 -31.790 53.384
70.164 -34.566 50.978
67.331 -36.066 48.899
67.169 -38.885 46.345
66.981 -37.095 42.971
64.242 -39.381 41.627
62.097 -37.739 44.298
61.923 -34.143 43.028
58.475 -33.188 41.761
59.371 -30.439 39.322
61.454 -27.360 38.608
60.805 -23.890 40.003
62.270 -20.400 40.205
63.159 -18.674 43.478
65.108 -15.410 43.382
66.156 -12.710 45.843
63.379 -10.146 46.162
65.879 -7.278 45.974
68.007 -8.344 43.006
64.761 -8.482 41.052
65.329 -6.097 38.089
61.717 -4.959 38.332
58.611 -4.692 40.472
58.024 -7.801 42.633
54.329 -7.739 41.752
55.364 -7.892 38.086
58.012 -10.605 38.432
55.553 -13.197 39.750
52.887 -12.564 37.103
55.347 -13.099 34.266
56.037 -16.735 35.070
54.434 -20.073 36.079
56.219 -21.443 39.135
58.024 -18.416 40.551
58.904 -17.706 44.185
60.923 -15.062 46.022
62.391 -14.384 49.455
63.452 -11.217 51.274
64.703 -12.393 54.662
66.500 -15.319 56.271
64.972 -17.417 59.044
66.670 -19.239 61.924
64.886 -22.096 63.697
67.030 -22.215 66.813
66.968 -18.488 67.556
63.423 -18.269 66.147
64.578 -14.994 64.595
64.450 -13.362 61.167
67.963 -12.516 59.997
69.085 -11.184 56.621
69.850 -13.558 53.713
73.598 -14.168 53.294
75.227 -12.487 50.307
76.122 -15.892 48.854
72.393 -16.569 48.478
71.656 -13.956 45.815
71.525 -14.951 42.144
74.790 -15.184 40.126
74.222 -11.563 39.140
