-1.712 77.229 10.128
1.292 74.946 9.831
0.900 75.497 6.128
0.641 79.279 6.315
3.832 79.556 8.354
5.581 77.163 5.964
4.378 79.189 3.006
5.846 82.267 4.562
9.223 80.573 5.144
9.200 79.181 1.588
8.549 82.595 0.092
11.275 84.187 2.200
13.844 81.601 1.100
12.741 82.084 -2.513
12.939 85.835 -2.347
16.284 85.846 -0.591
17.733 84.159 -3.720
17.099 87.446 -5.544
17.687 90.235 -3.065
18.814 90.930 0.464
16.421 91.059 3.378
16.560 94.879 3.370
14.839 94.829 -0.082
12.111 92.299 0.805
9.158 93.920 2.538
6.619 92.274 4.861
4.093 92.940 2.077
6.256 90.891 -0.291
6.295 87.853 2.080
2.609 88.077 2.625
1.808 88.336 -1.178
4.016 85.374 -1.860
2.386 83.273 0.824
-1.201 84.131 -0.246
-2.023 85.985 3.000
-2.668 89.454 4.202
-0.143 91.615 6.027
-1.827 91.370 9.384
-2.127 87.586 8.988
1.658 87.567 8.396
2.126 89.337 11.692
0.167 86.678 13.511
2.841 84.182 12.486
6.072 86.348 12.765
6.645 89.729 14.365
8.981 90.913 11.624
10.759 89.790 8.483
13.828 89.411 10.729
12.082 86.697 12.766
11.393 84.901 9.470
15.143 84.885 8.734
15.896 83.729 12.212
13.519 80.802 11.833
14.966 79.939 8.386
18.490 79.975 9.865
17.466 77.890 12.900
16.115 75.316 10.579
19.313 75.140 8.531
21.615 75.059 11.571
19.633 72.291 13.157
19.551 70.341 9.973
23.342 70.492 9.797
23.647 69.611 13.545
21.273 66.669 13.240
23.213 65.335 10.236
26.521 65.570 12.106
24.994 63.791 15.102
23.857 60.973 12.719
27.265 60.699 11.271
28.879 60.751 14.684
26.684 57.730 15.593
27.405 56.084 12.192
30.987 56.908 11.177
