65.713 99.084 27.813
65.165 101.879 30.335
63.947 105.304 29.197
63.762 108.273 31.580
61.232 110.956 30.622
61.964 114.299 32.297
59.419 117.102 31.874
57.489 119.424 34.186
54.308 119.204 32.116
51.867 116.323 32.575
50.940 116.414 28.884
54.423 115.705 27.535
54.989 112.910 30.059
51.722 111.183 29.149
52.602 111.460 25.454
56.160 110.108 25.491
55.097 107.411 27.955
52.426 106.089 25.584
54.899 106.346 22.704
57.733 104.428 24.371
55.535 101.744 25.932
54.298 100.953 22.424
57.926 100.265 21.512
58.397 97.884 24.438
60.690 100.115 26.493
60.657 100.257 30.285
59.780 103.901 30.908
60.328 106.077 33.968
58.976 109.590 34.544
59.984 112.699 36.506
58.376 116.135 36.873
61.456 117.975 38.166
65.215 117.850 38.710
65.428 115.980 42.014
63.024 113.213 40.943
65.057 112.870 37.750
68.333 112.536 39.664
66.973 109.997 42.149
65.791 107.838 39.246
69.119 108.096 37.423
70.904 107.005 40.601
68.492 104.162 41.347
67.446 102.885 37.915
70.380 104.059 35.775
68.451 104.694 32.508
69.980 103.946 29.098
68.488 107.088 27.578
67.094 110.328 28.960
64.697 112.835 27.440
65.390 116.040 29.365
63.253 119.181 29.210
65.686 122.084 29.534
62.719 124.318 30.374
61.883 123.403 33.968
60.951 126.011 36.628
63.355 126.576 39.519
66.033 124.198 38.251
67.513 124.759 34.786
68.300 121.755 32.593
71.950 122.797 32.443
72.117 122.189 36.182
70.219 118.899 35.941
72.413 117.680 33.069
75.757 118.004 34.866
74.294 116.327 37.953
73.316 113.380 35.740
76.852 113.196 34.330
77.972 112.879 37.949
75.897 109.743 38.505
76.914 108.318 35.122
79.524 109.569 32.645
78.379 107.625 29.576
74.782 108.720 30.158
72.730 109.075 26.971
70.696 112.291 27.122
68.536 113.898 24.433
67.309 117.414 25.195
64.008 118.946 24.120
62.969 122.591 24.279
60.050 124.945 23.710
61.117 128.419 22.581
64.523 127.564 24.040
67.641 129.683 23.573
70.252 128.759 20.972
73.060 129.095 23.518
71.505 126.593 25.922
71.188 124.129 23.045
74.755 124.816 21.920
75.997 124.553 25.512
74.122 121.297 26.121
75.780 119.830 23.024
79.285 120.569 24.289
78.342 118.645 27.429
77.660 115.546 25.339
74.126 115.994 24.031
73.164 113.291 21.535
70.681 115.654 19.878
68.013 118.316 20.389
64.274 118.156 19.673
62.325 121.395 19.302
58.712 121.444 20.487
56.364 120.531 19.059
58.561 117.568 18.144
57.575 115.065 15.481
56.679 111.772 17.166
58.332 109.723 14.407
61.574 111.718 14.417
62.090 111.423 18.174
61.103 107.753 18.026
63.666 106.946 15.335
66.280 108.952 17.236
65.676 106.778 20.297
66.378 103.420 18.644
69.524 105.067 17.279
71.455 106.382 20.288
70.053 103.567 22.415
