-54.433 -11.425 23.898
-56.691 -14.495 23.875
-58.600 -16.254 26.654
-60.060 -19.526 25.455
-61.797 -22.520 27.066
-60.206 -26.012 26.589
-61.372 -27.994 23.546
-62.152 -24.719 21.725
-60.296 -23.120 18.738
-58.386 -19.809 18.334
-57.233 -17.891 15.221
-54.313 -15.472 15.585
-53.392 -12.914 12.932
-50.165 -11.187 11.885
-50.126 -8.188 9.506
-46.779 -6.649 8.410
-46.689 -2.869 7.955
-43.933 -1.942 5.516
-43.827 -5.057 3.306
-45.890 -7.642 1.374
-46.541 -11.162 2.748
-45.999 -12.429 -0.855
-42.259 -11.502 -0.649
-41.418 -13.582 2.502
-41.916 -16.869 4.404
-44.179 -16.250 7.397
-43.165 -18.287 10.465
-45.032 -19.119 13.658
-43.023 -19.716 16.878
-44.397 -20.796 20.300
-42.900 -19.632 23.598
-44.106 -21.378 26.754
-43.642 -19.610 30.132
-39.985 -19.639 31.194
-39.430 -22.099 28.257
-37.622 -21.661 24.915
-38.645 -20.975 21.326
-40.565 -23.744 19.503
-41.146 -23.518 15.696
-44.707 -24.464 14.631
-44.506 -24.051 10.860
-44.381 -21.561 8.006
-46.273 -20.389 4.893
-45.227 -19.117 1.435
-48.100 -16.573 0.910
-47.203 -16.341 -2.827
-48.564 -19.903 -3.446
-50.138 -20.866 -0.063
-47.581 -23.720 0.470
-47.014 -24.748 4.118
-44.472 -26.688 6.203
-45.099 -27.764 9.809
-43.228 -29.486 12.636
-45.015 -32.898 12.963
-45.417 -32.132 16.745
-48.031 -29.519 15.576
-49.669 -31.763 12.929
-53.414 -31.589 13.677
-52.925 -28.764 16.204
-51.823 -25.861 13.957
-53.164 -24.494 10.667
-51.207 -21.649 9.006
-52.999 -19.632 6.240
-52.411 -16.331 4.402
-54.653 -13.571 2.998
-52.775 -11.438 0.399
-55.828 -9.059 0.086
-55.465 -7.940 3.745
-51.668 -8.715 3.799
-52.278 -10.980 6.822
-50.969 -14.408 7.850
-52.901 -16.545 10.347
-52.353 -19.316 12.900
-55.249 -21.501 14.011
-54.895 -23.723 17.063
-57.584 -26.428 17.466
-58.671 -28.740 20.402
-56.987 -26.370 22.887
-55.368 -27.780 26.077
-53.358 -26.158 28.925
-50.225 -27.145 26.882
-51.264 -24.554 24.247
-51.045 -21.692 26.862
-48.059 -19.693 25.512
-46.945 -16.518 23.693
-47.103 -17.016 19.902
-44.832 -14.989 17.643
-44.991 -14.515 13.904
-41.610 -14.011 12.267
-40.616 -13.487 8.677
-37.777 -15.178 6.825
-36.895 -12.776 3.999
-35.681 -13.628 0.489
-32.295 -11.877 0.069
-30.669 -13.732 -2.831
-29.539 -16.822 -0.929
-30.988 -20.339 -0.565
-32.933 -19.497 2.619
-32.340 -17.016 5.502
-32.819 -16.324 9.231
-35.973 -14.825 10.840
-35.145 -11.085 10.428
-38.497 -9.624 11.589
-40.537 -10.635 14.641
-44.006 -9.646 15.869
-44.774 -8.348 19.393
-46.334 -11.713 20.334
-49.854 -12.914 21.187
-50.713 -14.341 24.623
-53.000 -17.390 24.475
-54.363 -18.554 27.865
-56.338 -21.835 27.877
-58.533 -22.172 31.008
-61.977 -23.501 32.052
-62.070 -20.789 34.781
-64.399 -17.792 34.892
-63.714 -14.386 36.571
-63.074 -15.367 40.219
-62.072 -12.782 42.864
-59.115 -13.586 45.153
-59.244 -14.736 48.758
-56.842 -12.508 50.704
-55.187 -14.243 53.674
-52.869 -12.543 56.173
-49.426 -14.067 56.892
-48.392 -13.446 60.534
-45.547 -15.427 62.218
-46.373 -18.224 64.717
-46.808 -17.189 68.437
-43.253 -18.413 69.280
-41.410 -16.994 66.228
-38.893 -14.372 64.805
-37.089 -12.497 67.649
-34.869 -10.423 65.295
-34.482 -6.615 64.794
-36.657 -7.067 61.628
-39.963 -8.978 61.101
-41.313 -10.507 57.852
-45.037 -10.525 57.184
-46.985 -11.679 54.195
-50.199 -11.586 52.252
-51.532 -14.693 50.415
-53.685 -13.870 47.330
-55.379 -17.216 46.497
-57.754 -18.580 43.843
-58.268 -15.731 41.433
-58.894 -15.572 37.676
-57.675 -13.955 35.416
-54.295 -12.189 35.818
-53.323 -9.431 36.980
-53.584 -8.603 40.673
-51.783 -5.591 42.269
-50.370 -5.761 45.830
-49.306 -2.657 47.837
-48.464 -2.384 51.565
-49.844 0.522 53.636
-51.093 2.122 50.338
-47.579 2.305 48.868
-45.936 3.775 52.052
-44.055 0.470 52.579
-42.122 0.150 49.263
-38.737 -0.974 50.585
-38.636 -4.497 52.053
-41.445 -5.703 49.689
-41.381 -8.794 47.374
-44.438 -9.651 45.281
-43.864 -13.158 43.908
-45.054 -14.125 40.389
-48.449 -15.891 40.273
-48.627 -19.694 39.851
-51.553 -21.750 38.432
-53.010 -24.068 41.233
-56.199 -26.048 40.245
-57.230 -23.769 37.290
-56.931 -20.502 39.277
-53.924 -18.314 40.285
-52.207 -17.946 43.683
-49.665 -15.247 44.602
-47.920 -14.005 47.754
-46.324 -10.737 48.855
-43.620 -10.316 51.490
-42.971 -7.205 53.653
-40.066 -6.626 56.089
-40.512 -4.057 58.904
-38.565 -3.414 62.199
-39.580 -5.654 65.155
-40.518 -2.437 67.020
-43.511 -1.345 64.735
-45.124 -4.791 64.624
-47.565 -5.851 66.070
-47.584 -2.468 67.941
-48.269 -0.559 64.675
-50.220 -1.112 61.420
-49.107 -3.299 58.507
-51.855 -3.735 55.883
-51.759 -5.294 52.399
-53.917 -3.725 49.723
-54.922 -6.233 47.028
-56.686 -5.155 43.774
-58.125 -7.555 41.146
-59.417 -5.246 38.360
-61.180 -8.086 36.432
-63.598 -8.926 39.299
-63.818 -5.214 40.294
-62.489 -6.113 43.816
-60.250 -4.195 46.245
-59.391 -5.879 49.578
-57.434 -4.438 52.530
-56.100 -6.893 55.095
-54.504 -5.777 58.356
-51.764 -8.153 59.534
-52.872 -8.969 63.106
-51.035 -11.444 65.475
-52.072 -15.105 66.093
-55.428 -15.175 68.048
-54.193 -17.051 71.206
