41.806 -26.687 2.426
39.699 -29.691 1.343
39.081 -29.771 -2.412
36.422 -32.161 -3.711
34.154 -34.213 -1.440
35.502 -37.171 0.566
35.788 -40.525 -1.221
33.234 -42.547 0.770
30.441 -40.583 -0.910
32.050 -39.794 -4.262
29.872 -42.509 -5.786
26.615 -40.714 -4.991
27.934 -37.506 -6.551
28.140 -36.375 -10.177
31.644 -35.835 -11.568
30.718 -34.249 -14.906
33.019 -31.626 -16.430
31.771 -31.095 -19.990
28.059 -31.534 -19.278
25.263 -29.021 -19.872
22.734 -31.115 -17.959
20.405 -29.424 -15.486
19.679 -31.294 -12.262
17.427 -30.346 -9.337
19.348 -31.721 -6.356
22.825 -30.564 -5.324
25.358 -30.743 -2.482
27.799 -27.998 -1.455
30.928 -28.335 0.693
32.103 -25.260 2.611
32.881 -23.977 6.104
30.402 -24.417 8.958
29.538 -20.708 8.937
28.909 -20.407 5.196
26.825 -23.557 5.616
24.400 -21.894 8.027
24.205 -18.781 5.844
23.673 -20.656 2.577
20.826 -22.525 4.254
18.467 -19.532 4.260
20.088 -17.574 1.423
19.194 -20.553 -0.758
15.438 -20.164 -0.268
15.561 -17.828 -3.273
15.215 -20.942 -5.431
11.990 -22.036 -3.736
13.542 -25.330 -2.670
11.484 -28.333 -1.614
14.017 -29.882 0.750
17.132 -28.634 2.533
19.186 -30.372 5.220
22.072 -29.188 7.396
24.892 -31.725 7.628
28.476 -31.884 8.890
31.809 -33.453 7.932
35.474 -33.666 8.907
36.573 -30.033 9.156
33.634 -28.725 7.128
29.880 -28.915 6.537
27.822 -30.168 3.587
24.438 -28.756 2.584
22.556 -30.941 0.133
19.219 -29.787 -1.235
16.734 -30.023 -4.097
14.883 -27.493 -6.229
11.607 -27.849 -8.128
13.398 -26.070 -10.965
16.260 -27.619 -12.936
19.617 -25.890 -12.494
23.130 -26.460 -13.790
25.800 -27.557 -11.307
28.074 -24.746 -12.502
25.256 -22.253 -11.947
25.078 -23.289 -8.291
28.824 -22.836 -7.724
28.622 -19.389 -9.318
25.718 -18.573 -7.013
27.390 -19.475 -3.723
30.560 -17.779 -4.981
28.817 -14.423 -4.580
28.137 -15.061 -0.892
31.549 -16.357 0.134
34.911 -14.643 -0.268
37.159 -16.455 2.192
35.082 -19.601 2.607
36.174 -22.418 0.323
33.581 -23.482 -2.230
33.378 -26.932 -3.768
29.960 -27.819 -5.131
28.825 -30.946 -6.948
25.350 -32.185 -7.842
24.118 -35.482 -6.404
22.813 -38.438 -8.393
21.904 -40.804 -5.571
20.217 -38.338 -3.225
18.530 -41.010 -1.073
21.778 -42.894 -0.440
23.616 -39.590 -0.016
21.161 -38.400 2.636
21.582 -41.641 4.572
25.391 -41.727 4.417
25.400 -38.231 5.919
23.458 -39.558 8.900
25.801 -42.524 9.417
28.417 -42.792 12.250
31.074 -40.483 10.744
28.393 -37.862 10.018
25.106 -36.577 11.450
22.013 -34.431 10.836
21.521 -30.871 12.095
18.421 -29.226 10.601
15.823 -30.404 8.101
12.977 -28.587 6.404
10.720 -31.612 5.896
11.561 -35.259 6.742
12.946 -37.257 3.812
11.539 -39.181 0.846
