52.816 39.297 93.405
51.466 37.009 90.703
53.479 34.430 88.774
50.587 32.584 87.113
47.648 34.029 85.207
44.739 31.701 84.499
42.467 32.986 81.782
39.078 31.755 80.770
38.854 31.434 76.952
35.334 32.075 75.719
34.267 35.785 75.940
37.439 36.548 77.920
40.130 36.100 75.254
38.206 34.608 72.304
35.114 36.450 70.989
32.806 33.515 71.480
29.444 35.351 71.444
30.327 37.207 68.237
32.012 34.222 66.565
29.200 31.801 67.510
26.434 34.134 66.330
28.209 34.486 62.956
28.631 30.708 62.691
25.043 29.812 63.669
23.772 32.311 61.132
25.953 30.893 58.349
24.709 27.375 59.064
21.112 28.557 59.424
21.323 30.123 55.925
23.057 27.055 54.457
20.150 24.848 55.473
17.507 27.349 54.293
16.077 27.587 57.813
13.799 30.517 56.792
11.576 27.641 55.700
11.056 26.701 59.351
11.630 29.902 61.367
10.533 33.517 60.934
14.163 34.695 61.087
17.587 33.765 62.360
16.780 35.490 65.636
13.638 33.367 66.118
15.920 30.334 65.792
18.800 31.680 67.859
16.734 32.927 70.820
15.195 29.445 71.141
18.625 27.819 70.746
20.180 30.025 73.392
17.423 29.539 75.928
17.787 25.773 75.981
21.582 25.816 75.504
21.992 27.935 78.642
19.886 25.436 80.626
21.874 22.526 79.184
25.335 23.793 80.128
24.181 23.953 83.747
22.840 20.394 83.565
26.172 19.322 82.097
28.123 20.999 84.910
25.865 19.154 87.368
26.365 15.796 85.660
22.729 15.491 84.522
23.530 15.064 80.800
26.606 13.696 79.009
28.553 15.853 76.575
26.986 13.751 73.791
23.449 14.300 75.080
24.213 18.011 75.580
25.146 18.305 71.897
22.307 16.173 70.599
19.685 18.198 72.459
20.985 21.678 71.877
20.997 21.479 68.081
17.669 19.626 67.935
15.747 21.745 70.439
15.022 24.780 68.228
13.867 22.570 65.334
11.484 20.545 67.469
10.272 23.819 68.988
8.893 24.758 65.542
7.472 21.343 64.681
10.417 19.975 62.678
11.071 16.505 64.096
14.071 15.777 61.869
16.916 14.573 64.129
19.157 13.857 61.170
18.840 17.460 60.007
19.824 18.671 63.479
22.845 16.348 63.411
24.033 17.592 59.997
23.620 21.159 61.283
25.764 20.463 64.335
28.495 18.831 62.247
28.717 21.994 60.159
28.688 24.207 63.246
31.559 22.274 64.782
33.525 22.322 61.510
33.244 26.124 61.305
33.299 27.491 64.880
36.979 26.702 65.566
38.067 28.468 62.357
36.799 31.831 63.620
39.496 34.332 64.575
37.604 37.047 66.489
39.123 38.058 69.872
37.863 40.272 72.692
39.160 43.830 72.310
42.959 44.251 72.607
43.542 40.609 73.534
46.619 40.127 71.330
48.283 43.292 72.600
47.579 42.449 76.219
48.787 38.873 75.904
51.947 39.938 74.083
52.608 42.370 76.954
52.064 39.866 79.779
53.748 36.774 78.233
57.376 37.729 79.002
56.495 38.474 82.641
53.942 35.807 83.724
53.123 32.169 83.094
49.893 32.324 81.037
47.375 29.478 81.222
43.876 28.775 79.970
41.307 27.309 82.380
38.159 26.367 80.454
35.045 24.106 80.417
35.045 24.055 76.583
35.568 21.128 74.220
39.041 19.703 73.733
38.437 19.317 69.992
37.714 23.056 69.796
39.645 25.117 72.337
43.222 24.936 71.005
41.925 25.143 67.410
40.016 28.365 68.282
43.159 29.716 69.877
45.360 28.884 66.866
42.851 30.385 64.429
42.866 33.637 66.399
46.643 33.629 66.742
46.751 33.499 70.567
47.641 29.855 71.285
51.333 30.893 71.185
50.998 32.973 74.337
49.788 30.135 76.561
52.106 27.641 78.224
49.340 25.132 78.918
45.584 24.620 78.471
43.681 23.109 81.415
40.221 21.779 80.549
37.335 20.460 82.617
37.599 17.404 80.315
41.054 16.690 81.778
39.480 15.979 85.188
35.756 15.479 84.649
34.809 18.569 86.708
33.608 21.975 85.414
34.093 25.465 86.850
32.933 26.661 89.324
33.540 23.415 91.254
36.632 23.631 93.463
38.312 20.494 92.119
39.145 22.007 88.734
40.924 24.979 90.362
43.008 22.832 92.721
43.814 20.590 89.715
44.838 23.585 87.608
47.231 24.723 90.364
48.865 21.335 90.770
48.968 20.595 87.008
50.956 23.809 86.444
53.151 23.765 89.582
51.407 26.995 90.622
51.120 28.347 94.145
47.621 29.545 95.085
48.823 32.874 96.503
50.829 33.566 93.313
47.877 32.934 90.950
45.097 35.052 89.459
41.890 33.927 87.668
40.739 36.240 84.855
37.289 35.615 83.397
33.968 36.961 82.209
31.687 34.513 84.020
30.626 35.673 87.465
29.143 32.255 88.184
31.888 29.981 86.757
35.152 31.906 86.877
34.831 34.431 89.698
32.645 32.473 92.121
34.739 29.371 91.405
38.117 31.022 92.027
36.858 32.910 95.100
35.614 29.556 96.431
39.180 28.236 96.635
40.794 31.457 97.865
42.317 32.374 94.510
42.275 36.066 93.579
40.029 36.982 90.632
39.806 39.714 88.047
36.200 39.955 86.844
36.138 41.051 83.194
32.716 42.677 83.104
31.122 42.370 79.684
27.550 41.797 80.953
26.967 45.160 82.677
26.767 43.446 86.051
25.980 45.864 88.884
24.976 43.396 91.603
27.714 41.517 93.444
27.171 38.929 96.202
30.825 39.576 97.064
33.474 41.857 95.576
35.964 40.381 93.114
39.657 41.050 93.883
39.675 43.274 90.796
36.924 44.585 88.537
37.871 45.505 84.968
35.912 46.490 81.874
38.735 46.139 79.328
41.590 43.651 78.938
43.806 46.731 78.623
43.346 47.340 82.344
45.362 44.171 82.897
48.463 45.840 81.551
48.071 48.557 84.187
47.116 46.177 87.012
49.943 43.720 86.324
