55.378 77.755 14.294
53.916 80.589 16.408
53.611 79.924 20.166
51.808 81.959 22.876
49.952 81.664 26.225
47.256 84.116 25.025
43.912 82.366 24.315
40.491 84.054 23.833
37.876 82.910 26.462
40.641 81.852 28.927
42.429 83.808 31.709
44.898 86.363 30.264
48.542 85.471 31.152
49.789 87.114 34.395
52.412 89.909 34.148
54.499 92.005 36.597
57.019 94.817 35.923
58.267 98.356 36.491
56.100 101.127 34.953
56.442 104.919 34.665
53.371 106.424 36.395
53.101 110.241 36.801
56.885 110.530 36.282
57.785 107.974 38.998
58.948 104.328 38.835
56.324 101.909 40.299
55.787 98.131 40.367
52.641 97.212 38.378
50.731 93.895 37.978
47.866 92.589 35.778
46.063 91.497 38.993
45.952 95.210 40.114
43.203 95.673 37.453
40.749 92.964 38.687
37.250 94.501 38.908
37.770 96.666 35.809
38.128 96.162 32.008
41.675 96.711 30.703
42.971 97.677 27.254
46.571 96.327 27.336
48.689 97.197 24.231
52.259 96.693 22.987
54.132 99.063 20.658
57.508 98.455 18.901
60.038 101.142 20.061
60.441 104.456 21.961
61.681 107.440 19.798
60.090 106.107 16.550
57.210 107.032 14.232
53.713 105.482 14.430
54.291 104.503 18.128
54.009 108.020 19.736
50.793 108.792 17.738
49.124 105.695 19.276
50.256 106.404 22.882
49.162 110.082 22.604
45.768 109.140 21.079
44.943 106.833 24.026
46.330 109.211 26.703
44.369 112.190 25.294
41.161 110.091 25.331
41.698 107.925 28.429
38.843 109.767 30.263
36.321 108.155 27.837
37.434 104.660 28.941
37.585 105.577 32.691
33.934 106.773 32.489
33.011 103.130 31.732
35.136 101.347 34.391
37.962 100.619 31.888
41.727 101.322 32.191
44.565 101.565 29.552
48.212 100.382 29.863
51.002 100.613 27.182
54.155 98.352 26.963
57.431 98.047 24.960
60.817 96.294 25.336
62.438 99.684 26.234
63.756 100.360 29.808
61.944 102.578 32.380
64.759 105.191 32.026
64.152 105.502 28.253
60.351 105.719 28.804
60.923 108.724 31.171
63.342 110.451 28.759
60.642 110.092 26.056
57.934 111.559 28.352
60.205 114.604 29.011
60.752 115.178 25.230
58.240 117.731 23.711
55.608 116.531 21.189
57.068 118.802 18.479
60.364 116.810 18.598
58.546 113.439 18.359
58.230 113.001 22.151
55.169 112.295 24.326
54.918 115.118 26.902
53.141 114.414 30.239
51.182 111.122 30.124
47.970 109.967 31.816
48.552 106.222 31.207
51.296 103.918 32.607
54.280 102.937 30.379
55.393 99.379 31.274
58.955 98.156 30.522
59.561 94.535 29.265
63.432 94.441 29.172
63.619 90.623 29.603
61.131 90.023 26.733
59.149 87.559 28.909
55.834 89.474 28.797
56.005 89.905 24.961
56.680 86.168 24.447
53.781 85.186 26.793
51.383 87.345 24.697
52.706 86.048 21.301
53.798 89.499 19.998
57.659 89.201 20.058
59.564 89.384 16.704
62.619 87.149 17.152
64.595 88.554 14.211
64.104 92.222 15.254
64.259 92.106 19.090
60.996 94.062 19.692
57.171 93.583 19.395
54.681 94.184 16.577
51.516 96.355 17.198
49.408 94.014 19.475
46.289 95.040 21.499
44.339 92.909 24.019
40.922 93.493 25.714
40.599 91.848 29.180
37.334 91.778 31.267
36.767 92.379 35.032
37.303 88.702 35.903
40.656 88.636 34.034
39.391 86.698 30.970
40.727 87.558 27.452
37.974 88.802 25.041
39.743 90.288 21.970
43.109 90.352 20.097
44.142 92.854 17.327
47.658 92.696 15.724
49.031 94.993 12.949
52.254 94.862 10.917
54.692 97.765 11.626
53.658 100.539 9.101
49.943 100.924 10.085
48.554 102.403 13.360
45.501 101.166 15.311
42.129 102.958 16.017
40.895 104.388 19.381
37.352 104.601 17.887
37.220 100.846 17.169
38.742 99.901 20.566
36.002 101.896 22.367
33.219 100.252 20.256
34.520 96.793 21.210
34.701 97.592 24.965
31.093 98.934 24.818
29.868 95.764 23.016
31.469 93.322 25.470
30.010 95.269 28.408
26.574 95.171 26.753
26.617 91.396 26.083
27.931 90.661 29.630
24.964 92.613 31.102
22.051 91.865 28.719
22.606 88.301 27.465
21.770 89.335 23.897
24.513 89.346 21.209
25.891 92.188 18.993
25.640 92.206 15.116
28.311 93.452 12.698
28.940 97.194 13.164
27.006 97.476 16.468
27.156 100.821 18.335
25.234 101.811 21.521
21.494 102.090 20.673
21.692 99.590 17.725
19.474 96.455 17.512
20.596 93.172 19.158
19.727 89.441 18.877
18.299 86.852 21.284
20.576 83.763 20.813
17.800 81.163 20.384
16.326 79.535 17.200
12.856 81.024 17.942
13.877 84.207 19.838
16.191 85.261 16.970
13.178 86.009 14.731
12.367 89.172 16.776
15.537 90.618 15.183
15.396 88.960 11.722
11.666 89.439 10.900
