72.892 3.910 14.329
76.577 4.665 14.030
78.304 7.797 12.758
81.034 7.146 10.189
83.637 9.741 9.198
86.109 10.055 6.322
88.264 13.095 5.522
89.956 13.426 2.138
91.333 16.418 0.218
89.669 18.999 2.450
86.207 17.369 2.520
84.817 15.495 5.530
81.987 13.038 4.903
79.790 12.043 7.844
77.544 9.035 7.263
74.532 8.090 9.387
74.848 4.304 9.397
71.989 2.148 10.731
71.028 -0.416 8.042
68.495 -2.263 10.243
66.465 0.913 10.934
67.016 3.097 7.830
69.565 5.072 9.890
67.122 5.955 12.683
67.991 8.833 14.974
69.094 8.060 18.519
70.215 10.199 21.450
73.742 8.806 21.162
73.853 9.518 17.415
72.902 13.145 18.190
75.703 13.406 20.769
78.226 12.016 18.276
77.046 14.253 15.416
77.346 17.403 17.526
80.822 16.370 18.700
81.894 15.659 15.107
80.571 19.032 13.880
82.610 20.815 16.561
85.850 18.893 15.941
85.573 19.170 12.152
84.793 22.880 12.391
87.959 23.357 14.455
90.132 21.297 12.049
91.791 23.816 9.662
92.256 21.053 7.074
88.480 20.554 6.745
86.997 22.997 4.220
83.509 21.456 3.876
81.427 18.867 5.706
79.038 16.583 3.791
76.324 14.790 5.795
74.758 11.688 4.226
73.080 8.352 5.079
73.852 4.707 4.394
71.646 3.795 1.400
68.749 3.545 0.822
67.857 6.203 3.411
69.165 9.456 4.831
67.584 9.200 8.322
64.204 7.689 9.197
64.002 9.797 12.386
62.925 8.729 15.876
62.211 5.052 16.513
58.383 5.192 16.897
57.860 1.641 18.166
60.465 2.486 20.823
58.965 5.893 21.824
55.599 4.996 23.372
56.735 5.519 26.979
59.247 8.320 26.734
57.873 10.170 29.752
59.021 13.640 30.711
61.041 12.280 33.678
62.617 14.925 35.886
66.408 14.809 35.494
69.551 16.923 35.205
70.649 17.589 32.547
67.075 17.767 31.265
65.662 16.748 27.915
66.296 19.043 24.925
64.377 19.258 21.650
67.735 20.226 20.049
69.709 16.938 20.409
72.515 18.006 18.041
74.701 20.814 19.374
76.326 22.740 17.859
73.909 22.998 14.929
75.485 22.949 11.465
74.457 26.602 10.914
76.569 27.676 13.947
79.830 26.484 12.320
82.420 28.415 10.314
82.613 25.419 7.938
80.051 24.964 5.133
77.792 21.928 5.543
76.050 20.188 2.643
73.364 17.556 3.330
73.436 14.864 0.668
69.929 13.607 1.400
70.250 10.347 -0.518
66.860 8.940 0.503
64.131 9.037 3.164
64.402 11.838 5.690
61.574 11.774 8.234
60.929 13.741 11.443
64.205 14.629 13.146
65.924 13.084 10.093
64.505 15.982 8.117
64.751 18.690 10.807
68.476 17.951 11.303
68.954 18.108 7.518
67.417 21.593 7.659
70.475 22.761 9.666
72.732 22.371 6.610
73.552 25.319 4.334
72.694 23.378 1.201
70.492 20.301 0.564
70.448 17.942 -2.396
67.510 15.497 -2.216
66.840 12.113 -3.801
63.801 12.074 -6.121
62.778 8.638 -4.775
62.813 9.670 -1.095
59.950 10.068 1.344
60.184 13.403 3.227
57.989 14.550 6.127
58.002 16.294 9.496
55.137 14.279 11.008
55.738 14.819 14.746
52.302 16.442 15.338
50.619 13.238 14.045
52.267 11.406 16.959
51.333 13.823 19.742
54.667 15.667 19.900
55.869 18.639 17.766
58.601 19.666 15.334
62.081 19.673 16.830
65.680 20.763 16.220
64.655 24.360 15.464
62.321 23.469 12.567
59.966 26.280 13.693
62.818 28.699 12.883
64.704 27.086 9.964
61.686 26.126 7.886
59.895 29.471 7.295
63.348 30.924 6.444
63.424 28.474 3.495
59.854 28.201 2.216
57.849 31.054 3.765
55.180 30.777 6.404
52.446 28.992 4.433
54.505 26.080 3.171
56.043 25.889 6.663
52.622 25.840 8.349
51.353 23.111 6.003
54.376 20.841 6.577
54.489 21.405 10.378
50.758 21.469 11.192
49.686 18.602 8.927
52.880 16.494 9.005
52.256 15.667 5.355
54.828 14.061 3.099
56.369 16.057 0.243
58.484 15.235 -2.782
62.066 16.213 -3.551
60.692 18.243 -6.467
58.356 20.222 -4.223
61.275 20.771 -1.815
63.228 22.406 -4.650
60.216 24.392 -5.941
59.566 25.871 -2.492
63.171 26.622 -1.509
63.692 23.878 1.091
66.245 22.112 -1.134
68.764 23.332 -3.670
68.490 20.470 -6.126
66.902 17.090 -6.610
68.453 14.106 -8.386
68.065 10.371 -8.684
69.182 8.858 -5.358
72.364 7.305 -6.764
73.563 10.692 -8.047
72.976 12.733 -4.845
76.200 12.061 -2.927
78.394 12.515 -6.016
76.784 15.891 -6.728
77.312 16.982 -3.114
80.987 15.902 -3.301
81.576 17.803 -6.566
80.141 20.918 -4.916
82.223 20.351 -1.775
85.465 19.875 -3.687
84.792 23.026 -5.708
84.460 24.996 -2.454
87.603 23.365 -1.030
89.600 24.186 -4.164
88.154 27.466 -5.421
86.642 29.314 -2.451
88.965 31.072 0.016
88.791 29.569 3.561
88.254 32.847 5.422
85.835 34.095 2.728
83.618 31.031 3.275
83.834 31.278 7.077
82.961 34.983 7.307
80.199 34.734 4.701
78.590 31.728 6.418
78.826 33.281 9.863
77.422 36.659 8.809
74.547 35.046 6.906
73.579 32.913 9.885
74.491 35.243 12.801
72.264 37.859 11.210
69.365 35.359 11.136
70.043 33.970 14.622
70.216 37.345 16.362
67.882 39.474 14.178
70.591 41.937 13.048
69.340 45.173 11.453
70.314 46.089 7.891
72.682 48.756 9.235
74.359 46.161 11.506
74.794 43.671 8.639
76.186 46.447 6.381
78.725 47.392 9.074
79.820 43.761 9.496
80.297 43.341 5.752
82.645 46.361 5.906
84.536 44.948 8.908
84.761 41.489 7.295
86.024 43.122 4.085
88.778 44.899 6.033
89.766 41.524 7.529
89.747 39.801 4.120
91.400 42.630 2.184
94.160 42.714 4.821
95.057 39.086 3.927
97.018 37.876 0.933
94.186 35.559 -0.163
92.381 38.683 -1.479
95.255 39.222 -3.909
95.747 35.522 -4.667
92.192 34.949 -5.932
92.446 37.475 -8.793
96.133 36.670 -9.437
95.437 32.947 -9.856
92.424 33.675 -12.063
94.479 35.984 -14.343
97.338 33.410 -14.445
94.904 30.588 -15.316
95.985 28.444 -12.336
94.358 27.087 -9.137
94.472 29.520 -6.219
96.986 28.782 -3.435
94.972 29.794 -0.403
96.802 30.582 2.850
93.807 31.399 5.078
94.415 33.470 8.205
