20.507 -12.877 29.210
17.034 -13.485 27.812
16.169 -14.035 24.152
13.861 -13.324 22.458
13.709 -9.709 23.610
11.805 -6.632 22.464
13.577 -3.483 21.329
11.823 -0.110 21.405
12.439 1.763 18.143
12.713 5.545 17.871
9.403 5.733 15.961
7.457 4.086 18.775
7.370 0.713 17.033
8.910 -2.419 18.511
11.109 -5.160 17.078
11.410 -8.628 18.512
14.945 -9.908 18.324
14.598 -13.704 18.433
18.219 -14.559 19.218
21.399 -12.720 20.249
22.630 -10.997 17.095
25.871 -12.396 15.694
25.821 -10.885 12.172
24.891 -7.229 12.441
24.445 -5.056 9.328
24.500 -1.293 9.731
22.624 0.877 7.251
23.860 4.097 8.900
27.544 5.004 8.763
27.086 7.181 11.885
25.950 4.235 13.979
28.779 1.956 12.850
31.357 3.781 14.961
29.407 2.986 18.124
28.856 -0.631 17.107
32.650 -0.880 16.774
33.102 0.936 20.103
31.275 -1.820 22.010
32.843 -4.628 19.964
29.513 -5.634 18.453
29.750 -8.165 15.607
29.005 -5.682 12.854
29.858 -7.439 9.637
28.934 -4.819 7.028
28.126 -1.118 6.939
26.749 1.417 4.521
28.917 4.483 3.921
28.725 8.273 3.576
27.183 9.726 0.378
30.805 9.845 -0.846
31.289 6.097 -0.318
33.605 6.423 2.676
33.846 5.130 6.223
34.575 7.771 8.888
38.342 8.085 9.234
38.424 7.783 13.012
37.413 4.086 12.700
38.063 3.143 9.063
41.231 1.166 9.754
39.560 -0.720 12.613
36.583 -1.541 10.371
38.981 -2.866 7.710
40.872 -4.905 10.314
37.592 -6.465 11.525
36.556 -7.173 7.927
33.497 -4.936 8.040
32.303 -4.982 4.421
31.643 -1.540 2.928
28.174 -1.454 1.408
26.298 1.296 -0.467
26.757 5.053 -0.102
23.972 6.658 1.908
20.761 7.102 -0.054
20.741 3.971 -2.203
19.927 0.786 -0.199
21.168 -2.326 -2.047
18.751 -5.056 -0.985
20.642 -7.801 -2.843
23.712 -6.988 -0.775
21.679 -7.215 2.450
20.277 -10.637 1.460
23.741 -11.949 0.596
25.267 -10.808 3.899
22.564 -12.843 5.708
22.403 -10.555 8.745
20.464 -11.308 11.919
20.065 -7.661 12.899
19.778 -4.587 10.672
20.342 -1.138 12.194
18.717 2.018 10.839
18.992 5.682 11.839
16.031 7.976 12.381
17.338 11.210 10.822
20.414 12.274 8.867
21.811 11.704 5.378
22.425 8.043 6.347
18.803 7.346 7.344
17.090 4.375 5.684
13.919 4.907 7.754
11.580 4.600 4.754
13.140 1.273 3.737
12.369 -0.429 7.056
9.513 -2.616 5.747
11.769 -3.966 2.977
14.620 -4.571 5.423
12.450 -6.207 8.099
11.477 -8.793 5.465
15.134 -9.854 5.572
16.027 -9.718 9.276
14.967 -8.079 12.552
15.387 -4.353 11.907
15.808 -1.677 14.588
15.632 2.120 14.431
17.702 4.491 16.605
18.147 8.256 16.680
21.736 9.343 17.224
20.942 13.041 16.880
19.873 13.765 20.466
21.916 11.466 22.622
25.512 11.069 23.689
27.560 8.333 22.067
27.346 6.588 25.455
23.544 6.611 25.407
23.548 5.237 21.875
26.062 2.560 22.961
23.781 1.583 25.852
20.790 1.397 23.535
22.733 -0.835 21.127
24.080 -2.883 24.046
20.496 -3.789 24.942
19.749 -4.776 21.334
22.826 -6.992 21.019
23.213 -8.500 24.497
26.436 -6.567 24.917
25.474 -4.700 28.092
28.678 -5.835 29.834
30.838 -4.496 27.034
28.930 -1.257 26.674
28.865 -0.569 30.393
32.604 -1.237 30.731
33.449 0.915 27.713
31.304 3.801 28.958
32.609 3.558 32.499
36.249 3.576 31.389
35.693 6.600 29.167
33.980 8.481 31.970
36.853 7.727 34.362
39.127 9.287 31.760
37.009 12.393 31.183
36.990 12.929 34.941
40.779 12.949 34.958
40.936 15.216 31.941
38.335 17.610 33.334
40.629 18.111 36.352
43.690 19.145 34.321
42.242 21.353 31.574
42.676 25.088 31.902
39.839 26.163 29.619
39.297 29.771 28.535
36.995 31.760 30.802
33.304 31.832 29.940
31.497 29.656 27.417
32.005 28.001 24.050
29.887 27.328 20.997
30.291 24.526 18.462
29.793 25.454 14.839
29.504 23.712 11.475
30.771 26.430 9.141
30.157 26.771 5.422
30.627 30.507 4.911
28.465 33.380 3.624
25.248 32.907 1.666
24.784 29.341 2.918
22.879 27.799 5.799
25.343 27.134 8.640
24.762 25.229 11.876
25.344 25.423 15.616
25.380 22.556 18.133
22.426 22.136 20.499
22.552 21.054 24.154
21.463 17.452 23.573
23.980 16.858 20.766
26.723 14.298 21.203
29.159 17.143 20.514
27.877 19.535 23.175
27.612 16.798 25.798
31.144 15.553 25.105
32.593 19.013 25.679
30.389 19.586 28.744
31.824 16.391 30.255
35.313 17.893 30.414
34.073 21.167 31.889
33.161 23.302 28.888
30.111 25.518 29.363
28.059 25.549 26.163
26.194 28.372 24.447
22.852 27.282 22.980
21.764 28.814 19.664
18.457 30.705 19.844
15.778 28.184 18.779
14.044 30.979 16.880
16.933 30.947 14.404
15.805 27.673 12.795
16.226 27.902 9.021
13.183 26.587 7.185
10.782 23.865 8.317
12.976 20.821 9.043
13.535 20.142 12.761
16.962 18.978 13.917
17.927 17.981 17.446
21.720 17.846 16.973
22.669 21.115 15.277
20.344 24.049 14.687
20.515 24.959 10.998
20.532 28.754 10.644
20.880 31.570 8.100
24.514 32.674 7.902
23.806 36.106 9.410
22.889 34.560 12.770
26.533 33.537 13.262
27.247 37.194 14.021
24.965 36.915 17.068
26.933 34.183 18.852
28.165 35.397 22.236
30.588 32.742 23.467
34.207 33.657 24.091
35.376 30.430 22.449
34.324 28.699 19.227
35.025 25.113 18.222
34.597 24.160 14.553
33.547 20.654 13.601
35.387 18.763 10.852
38.281 21.228 10.980
41.880 21.441 12.075
43.082 24.697 13.671
44.607 25.714 10.318
41.289 25.127 8.606
39.512 27.169 11.288
41.538 30.186 10.123
38.894 30.762 7.452
36.275 31.338 10.176
38.626 33.666 12.076
39.252 35.777 8.980
35.663 35.946 7.739
35.224 39.745 7.649
31.529 39.531 8.494
32.366 37.757 11.792
35.167 40.132 12.799
33.389 41.274 15.962
32.554 37.840 17.390
33.804 37.533 20.954
35.648 34.307 20.097
37.347 35.959 17.098
38.177 39.111 19.079
39.843 36.906 21.703
41.385 34.647 19.054
39.805 31.623 20.676
38.620 29.829 17.559
39.754 26.215 17.397
39.231 23.215 15.181
37.562 20.344 16.961
39.566 18.102 14.643
39.563 16.552 11.189
37.466 13.578 12.345
35.008 15.453 14.584
32.036 15.503 12.201
30.208 12.723 14.110
30.914 11.671 17.697
31.774 8.099 18.572
34.299 6.662 21.047
37.077 7.028 18.490
36.482 10.608 17.418
35.674 11.518 21.037
39.132 10.311 22.059
40.735 12.370 19.299
38.771 15.456 20.384
39.644 15.094 24.071
43.287 14.492 23.116
43.226 17.797 21.218
41.855 19.572 24.278
44.625 18.116 26.466
47.297 19.271 24.032
45.980 22.827 23.900
44.584 23.424 27.390
46.608 21.152 29.707
50.218 21.633 30.770
52.900 18.983 31.049
49.950 16.990 32.353
48.716 16.613 28.791
50.858 13.610 27.863
50.128 11.575 30.981
46.518 11.505 29.805
46.531 11.402 25.978
44.868 8.155 24.868
46.523 5.881 22.298
