63.036 -5.385 -9.109
62.885 -4.653 -12.031
59.713 -6.803 -12.148
59.473 -10.328 -13.609
58.295 -10.248 -17.240
54.993 -12.001 -17.969
54.110 -13.562 -21.331
50.771 -15.234 -22.221
51.223 -18.859 -23.357
49.095 -21.909 -24.217
49.649 -25.446 -22.909
50.264 -27.993 -25.683
51.287 -31.073 -23.627
51.970 -32.219 -20.044
54.125 -34.717 -18.172
54.094 -35.172 -14.367
57.524 -33.601 -14.593
57.046 -30.825 -17.140
54.683 -28.630 -19.161
54.939 -27.834 -22.848
53.838 -24.316 -23.748
53.420 -22.400 -26.993
54.862 -18.873 -27.170
52.408 -16.221 -28.493
54.667 -15.023 -31.357
53.509 -15.666 -34.979
55.955 -18.615 -35.263
54.325 -20.300 -32.227
57.549 -21.807 -30.842
57.157 -24.633 -28.327
59.177 -25.240 -25.173
59.216 -27.849 -22.399
59.436 -26.251 -18.948
60.673 -28.195 -15.864
57.493 -27.296 -13.975
54.764 -29.399 -12.247
51.656 -30.207 -14.313
49.283 -30.566 -11.337
45.999 -28.924 -12.414
47.400 -27.944 -15.828
45.161 -28.769 -18.810
46.135 -28.895 -22.495
44.688 -25.738 -24.088
44.673 -23.626 -20.906
45.843 -20.014 -20.928
48.788 -19.503 -18.594
51.322 -16.826 -17.755
55.001 -17.474 -18.368
57.356 -15.592 -16.047
60.979 -14.688 -16.787
63.195 -12.256 -14.863
65.149 -9.504 -16.691
68.457 -10.866 -15.253
67.643 -14.408 -16.398
67.113 -13.596 -20.071
70.148 -14.583 -22.148
72.088 -12.890 -24.974
70.735 -14.139 -28.332
73.948 -15.924 -29.418
73.761 -18.557 -26.635
70.032 -19.409 -26.710
67.660 -21.947 -28.285
64.465 -19.925 -27.810
64.791 -16.493 -29.422
62.577 -13.480 -28.714
62.999 -10.563 -31.124
61.467 -7.084 -31.024
61.933 -3.312 -31.121
63.754 -1.244 -28.479
61.436 1.232 -26.720
63.381 2.421 -23.675
67.069 2.320 -22.749
68.096 3.105 -19.181
71.779 3.719 -18.439
72.618 2.925 -14.809
76.433 2.919 -14.987
76.950 -0.645 -13.759
74.296 -1.963 -16.150
71.914 -1.155 -19.007
68.190 -1.899 -18.863
66.560 -2.326 -22.260
62.792 -2.362 -22.773
61.810 -4.344 -25.866
58.398 -4.460 -27.557
57.722 -7.901 -29.011
54.901 -8.542 -31.552
51.784 -10.201 -30.050
52.770 -9.216 -26.483
51.099 -6.134 -24.944
53.646 -5.367 -22.203
57.256 -4.557 -23.059
59.898 -7.109 -22.095
62.628 -5.756 -19.822
66.190 -7.015 -20.221
69.171 -6.372 -17.927
72.652 -6.173 -19.441
76.000 -5.819 -17.659
77.971 -2.566 -18.232
77.183 0.360 -20.574
75.382 -0.874 -23.707
74.758 1.778 -26.367
71.531 0.751 -28.103
69.252 3.152 -29.979
65.476 3.366 -29.605
63.858 1.716 -32.630
66.665 -0.812 -33.113
65.858 -4.498 -33.527
66.997 -6.523 -30.504
67.018 -10.252 -29.750
67.306 -12.167 -26.464
67.196 -15.758 -25.190
64.425 -17.425 -23.197
65.938 -20.223 -21.009
63.392 -23.016 -20.221
64.669 -23.910 -16.720
64.486 -20.341 -15.349
60.893 -19.880 -16.574
57.977 -19.588 -14.158
54.441 -20.683 -14.995
51.181 -19.488 -13.472
47.683 -20.906 -13.831
44.573 -18.860 -14.662
43.874 -18.371 -10.933
47.417 -17.004 -10.518
48.960 -19.914 -8.568
52.462 -21.038 -9.572
53.140 -24.358 -11.249
55.930 -25.345 -8.844
59.357 -25.114 -10.505
61.296 -28.386 -10.496
64.684 -27.134 -11.697
66.977 -27.182 -8.675
68.414 -23.725 -8.086
71.581 -23.211 -5.938
71.185 -21.722 -2.439
67.867 -23.431 -1.633
