9.447 13.880 -2.938
8.221 15.129 0.454
4.981 14.837 2.371
3.990 16.737 5.520
1.300 15.130 7.654
-1.294 15.423 8.955
-2.585 17.928 6.457
-4.815 19.404 9.151
-3.802 19.253 12.813
-5.659 20.722 15.802
-4.304 20.892 19.355
-5.283 22.744 22.509
-3.125 25.683 23.485
-0.255 24.491 25.643
-0.152 21.002 24.109
2.738 20.019 21.861
2.094 19.754 18.125
3.882 17.321 15.827
3.945 17.223 12.060
5.840 14.511 10.194
7.946 15.363 7.162
8.466 12.182 5.127
11.081 12.068 2.404
11.004 9.440 -0.319
14.786 9.189 0.108
16.692 11.116 2.759
20.451 11.099 2.617
23.241 12.691 4.657
23.904 15.482 2.116
20.349 16.870 2.490
19.475 19.907 4.579
15.877 19.853 5.715
14.009 23.044 6.562
10.660 23.703 8.280
8.857 26.815 6.987
5.688 28.741 7.732
3.688 30.896 5.330
3.620 34.491 6.626
0.664 36.907 6.702
1.782 38.018 3.214
2.041 34.347 1.986
5.822 34.514 1.977
7.828 31.491 3.187
9.614 32.051 6.474
12.166 29.657 7.934
11.316 28.183 11.366
14.050 25.551 11.898
16.520 23.367 10.041
17.889 19.877 10.401
21.380 19.338 8.952
24.397 17.225 9.993
22.139 15.452 12.495
21.264 18.644 14.410
18.137 20.765 14.748
18.588 24.572 14.847
15.675 26.963 15.431
15.624 30.344 13.657
13.990 32.534 16.316
11.918 30.384 18.686
13.478 27.451 20.501
10.037 25.790 20.826
10.505 24.647 17.204
12.577 21.484 16.882
13.125 18.759 14.340
13.788 15.104 15.288
14.904 12.405 12.800
12.917 9.199 13.338
14.508 5.739 13.576
13.254 5.003 10.060
15.710 7.721 8.826
13.427 9.128 6.160
10.796 10.687 8.415
11.206 13.668 10.726
9.054 15.114 13.460
8.571 18.848 13.334
7.564 19.578 16.899
6.246 22.804 18.397
6.595 22.548 22.181
3.967 24.359 24.280
1.758 25.693 21.473
0.274 29.198 21.470
-2.806 30.410 19.563
-0.612 32.405 17.179
1.281 29.267 16.118
-1.839 28.521 14.054
-1.072 28.695 10.347
0.230 26.817 7.304
3.627 25.071 7.522
5.661 23.026 5.057
8.990 21.231 4.871
11.611 21.676 2.167
14.881 19.942 1.345
17.964 20.583 -0.763
21.219 18.731 -1.258
24.611 20.268 -0.568
25.674 18.802 -3.943
26.275 21.176 -6.855
23.232 22.083 -9.007
20.665 20.525 -6.577
16.972 21.471 -6.951
14.760 22.508 -3.980
11.910 20.189 -3.153
8.945 21.263 -1.091
6.134 19.424 0.637
2.492 20.425 0.362
1.382 22.772 3.134
-0.195 21.428 6.346
-2.424 23.509 8.637
-2.065 23.787 12.410
-5.052 25.064 14.413
-4.371 25.821 18.103
-7.556 26.121 20.195
