14.607 18.506 2.530
16.455 15.380 3.699
17.331 15.855 7.359
17.451 12.537 9.244
17.706 11.944 13.057
19.107 8.572 14.118
18.333 7.778 17.797
20.273 4.705 18.998
22.637 4.215 21.959
24.903 1.950 19.874
27.159 4.599 18.357
28.855 2.132 16.010
25.582 0.970 14.517
24.387 4.569 14.413
27.503 5.679 12.531
27.211 2.930 9.939
23.583 3.871 9.319
24.461 7.589 9.180
27.206 7.018 6.644
24.885 4.930 4.409
22.199 7.631 4.549
24.759 10.392 3.827
25.890 8.513 0.681
22.240 8.769 -0.409
22.197 12.511 0.188
20.660 12.735 3.654
22.045 15.110 6.254
22.171 12.987 9.459
22.317 13.810 13.178
22.721 11.109 15.832
21.390 10.980 19.417
22.592 8.221 21.764
20.237 8.778 24.683
16.930 10.451 25.550
18.515 13.794 26.587
20.357 14.122 23.261
17.279 13.041 21.266
15.088 15.731 22.885
17.831 18.386 22.555
18.224 17.701 18.833
14.483 17.282 18.142
13.951 20.671 19.835
16.621 22.418 17.792
16.251 21.420 14.147
13.516 20.129 11.774
13.833 16.502 10.647
12.014 14.858 7.788
12.880 11.334 8.997
13.603 9.879 12.430
14.615 6.355 13.514
14.039 5.285 17.112
15.742 2.381 18.987
13.605 0.876 21.757
16.225 -0.313 24.186
17.944 3.027 24.389
20.681 2.265 26.931
19.177 3.325 30.300
16.262 5.036 28.449
12.927 3.929 26.921
12.816 4.679 23.146
9.107 3.963 23.247
8.669 6.870 25.701
10.290 9.212 23.147
7.776 8.661 20.369
4.919 10.923 21.587
7.247 13.871 22.503
8.988 13.485 19.132
5.662 13.645 17.286
4.825 16.849 19.264
8.158 18.424 18.333
8.256 17.047 14.804
4.682 16.859 13.532
5.807 16.689 9.876
8.476 13.917 10.399
8.103 10.259 9.334
9.081 8.217 12.380
10.240 4.572 12.224
11.002 2.281 15.190
14.106 0.299 14.287
14.844 -2.391 16.932
16.828 -5.510 17.821
14.096 -6.283 20.362
11.099 -6.675 18.076
7.705 -7.709 19.448
4.050 -7.356 18.553
3.378 -5.690 21.878
5.919 -2.904 21.379
4.810 -2.412 17.757
1.161 -1.928 18.891
2.211 0.662 21.531
4.681 2.420 19.230
1.981 3.026 16.641
-0.435 4.272 19.305
2.289 6.729 20.433
2.548 8.051 16.863
5.166 5.976 15.061
4.551 5.632 11.351
6.168 2.179 11.024
8.277 -0.425 12.779
11.151 -2.609 11.530
13.255 -5.358 13.067
17.035 -5.134 12.945
18.921 -6.056 10.912
17.629 -3.901 8.062
19.563 -2.248 5.252
19.449 1.402 4.294
17.129 0.786 1.271
14.585 -1.060 3.445
14.764 1.591 6.179
13.988 4.284 3.560
11.202 2.078 2.073
9.640 1.645 5.543
9.538 5.426 5.974
7.413 6.122 2.884
3.689 6.896 2.851
1.506 3.752 2.810
4.496 1.449 3.524
2.715 -0.235 6.428
-0.376 -1.033 4.340
1.805 -2.739 1.653
3.761 -4.646 4.305
0.572 -5.857 6.023
-0.787 -7.215 2.722
2.537 -8.946 1.904
2.420 -10.556 5.375
-1.100 -11.896 4.899
-0.013 -13.417 1.548
3.015 -15.082 3.115
1.955 -16.934 6.285
4.839 -18.624 8.059
5.164 -22.201 9.371
8.229 -23.583 11.234
9.495 -27.111 11.926
9.542 -34.060 21.300
9.884 -30.263 21.338
6.244 -30.453 20.240
5.337 -32.400 23.406
7.157 -29.846 25.618
5.319 -26.877 24.056
1.937 -28.694 24.319
2.674 -29.253 28.032
3.635 -25.630 28.843
0.657 -24.408 26.764
-1.747 -26.663 28.730
-0.164 -25.558 32.049
-0.882 -21.962 31.023
-4.590 -22.567 30.186
-3.909 -22.618 26.388
-2.390 -19.106 26.526
0.336 -18.549 23.886
1.458 -15.235 25.455
2.180 -16.884 28.838
3.626 -19.938 27.057
5.913 -17.690 24.938
7.300 -15.981 28.058
7.850 -19.318 29.856
9.657 -20.837 26.836
11.661 -17.647 26.278
10.584 -17.519 22.639
8.574 -15.044 20.563
4.827 -15.518 20.358
5.145 -15.487 16.547
7.700 -18.335 16.733
5.442 -20.457 18.966
2.505 -19.924 16.599
4.523 -20.825 13.466
5.768 -23.958 15.168
2.224 -24.880 16.258
0.762 -24.271 12.752
-0.367 -27.292 10.659
19.997 -0.341 22.073
