-5.922 11.422 38.126
-5.306 7.750 37.261
-7.981 5.038 37.665
-6.992 1.701 39.147
-9.531 -1.120 39.311
-9.291 -3.576 42.233
-9.376 -7.106 40.730
-11.040 -8.613 43.772
-13.523 -11.047 42.218
-13.284 -14.414 44.060
-11.769 -16.632 41.369
-9.031 -16.235 38.836
-11.384 -16.981 35.922
-13.646 -14.086 37.035
-10.715 -11.661 37.415
-9.290 -12.524 33.967
-12.737 -12.185 32.422
-13.073 -8.733 34.025
-9.665 -7.694 32.618
-10.841 -8.809 29.180
-13.991 -6.667 29.582
-11.788 -3.590 30.266
-9.343 -4.091 27.387
-8.120 -0.897 25.670
-9.127 1.426 28.540
-6.417 3.588 30.067
-6.536 2.061 33.530
-4.422 0.285 36.082
-5.301 -3.057 37.618
-4.637 -3.901 41.280
-3.792 -7.501 42.255
-4.092 -8.326 45.997
-2.679 -10.771 48.507
-5.135 -13.669 48.216
-4.918 -13.729 44.418
-1.138 -13.789 44.462
-0.904 -16.425 47.222
-3.258 -18.653 45.289
-2.022 -18.290 41.704
1.407 -16.650 41.987
3.496 -15.014 39.275
1.758 -16.882 36.432
-1.409 -14.861 37.122
0.543 -11.640 36.486
1.868 -13.156 33.247
-1.717 -14.060 32.177
-3.041 -10.573 32.985
-0.299 -9.067 30.887
-1.426 -11.262 27.982
-4.937 -9.689 28.157
-3.710 -6.146 27.376
-0.875 -3.731 28.212
-2.403 -2.735 31.557
-0.227 -1.035 34.166
-0.240 -3.338 37.201
-0.164 -2.514 40.918
0.802 -5.629 42.911
-0.583 -4.875 46.360
1.111 -7.200 48.897
2.028 -4.661 51.628
5.392 -6.222 52.593
6.405 -5.849 56.240
9.406 -7.829 57.449
13.078 -7.235 58.315
14.938 -4.932 55.886
16.910 -7.533 53.857
13.771 -9.709 53.496
11.704 -6.758 52.198
14.524 -5.879 49.791
14.524 -9.487 48.540
10.684 -9.479 48.225
10.497 -6.213 46.311
13.265 -7.485 44.026
11.431 -10.752 43.271
8.137 -9.055 42.373
9.974 -6.300 40.417
11.379 -9.056 38.124
7.771 -9.713 37.000
7.580 -6.276 35.430
4.797 -4.888 37.629
4.428 -1.093 37.617
3.777 -0.331 41.274
4.269 -2.125 44.595
3.690 -1.104 48.210
5.296 -1.685 51.579
4.359 -0.801 55.151
5.881 2.483 56.321
5.801 0.909 59.809
8.633 -1.394 58.691
10.891 1.625 59.443
13.447 3.825 57.731
16.119 1.133 57.330
13.692 -1.158 55.523
12.656 1.754 53.281
16.313 2.575 52.494
17.204 -1.055 51.736
14.191 -1.540 49.427
15.105 1.597 47.419
18.815 0.637 47.243
17.854 -2.785 45.866
15.377 -1.330 43.369
17.965 1.136 42.025
19.696 -1.981 40.567
16.878 -2.367 38.034
16.942 -0.596 34.659
13.231 0.211 35.202
11.824 -0.224 38.710
8.211 -0.045 39.694
6.858 2.858 41.717
6.990 2.098 45.453
4.318 3.534 47.746
4.048 3.172 51.491
1.002 2.086 53.374
0.433 4.502 56.232
-2.628 3.645 58.282
-4.777 0.801 56.898
-8.121 2.438 55.926
-9.916 -0.361 57.762
-8.857 0.999 61.189
-11.036 3.102 63.445
-9.315 5.559 65.873
-9.523 3.421 69.054
-8.060 0.225 67.636
-5.354 2.158 65.791
-4.351 4.054 68.920
-4.074 0.745 70.840
-1.206 -0.178 68.495
0.524 3.070 67.569
-0.262 5.376 70.499
-0.841 8.174 67.958
-4.097 9.327 66.351
-4.527 8.131 62.728
-3.950 11.573 61.175
-0.821 12.126 63.279
0.578 8.711 62.349
-0.192 9.266 58.640
1.761 12.573 58.649
4.603 11.024 60.648
4.824 8.004 58.305
4.559 10.209 55.193
7.598 12.244 56.319
9.684 9.125 56.953
8.655 7.704 53.569
9.352 10.937 51.691
12.718 11.635 53.343
13.887 8.014 52.762
13.144 7.761 49.028
9.659 6.390 48.373
7.494 7.656 45.490
4.365 8.272 47.574
1.763 6.919 49.977
-1.383 4.805 49.982
-3.792 6.940 52.039
-7.311 7.999 52.795
-8.595 10.480 50.252
-9.231 12.786 53.246
-5.487 12.925 54.072
-4.034 13.265 50.506
-3.818 17.055 50.435
-2.374 17.212 53.980
0.281 14.607 53.099
1.493 16.668 50.111
1.494 19.866 52.165
3.864 18.105 54.632
6.161 16.560 51.956
5.719 17.941 48.388
3.134 18.120 45.603
5.311 15.683 43.650
4.979 13.025 46.392
2.291 10.679 45.093
-0.948 9.755 46.771
-3.015 6.688 45.953
-6.432 6.656 47.610
-8.404 3.388 47.677
-12.072 2.608 48.360
-13.378 5.405 46.186
-17.138 5.337 45.521
-17.026 7.561 42.426
-20.674 8.634 42.362
-21.595 8.202 46.019
-17.951 10.778 51.104
-14.929 9.476 49.228
-16.235 10.158 45.718
-14.543 11.555 42.553
-15.172 15.160 43.619
-13.364 14.604 46.902
-10.499 12.793 45.124
-10.120 15.750 42.729
-10.227 18.443 45.409
-7.791 16.476 47.640
-5.345 15.927 44.735
-5.311 12.136 44.485
-2.779 11.005 41.890
-4.349 7.528 41.779
-7.771 6.305 42.858
-8.621 2.639 43.366
-12.246 1.556 42.813
-13.487 -1.920 43.722
-17.095 -3.093 44.022
-18.642 -0.154 42.112
-16.863 -1.560 39.071
-16.468 -5.331 39.565
-19.976 -5.863 40.964
-21.651 -3.647 38.387
-23.740 -5.295 35.665
-21.588 -3.475 33.095
-18.100 -2.916 34.553
-16.777 -1.432 31.324
-19.543 1.190 31.209
-18.742 2.251 34.788
-15.054 2.610 33.943
-15.837 4.730 30.904
-18.156 6.924 32.978
-15.400 7.416 35.586
-12.729 8.225 32.986
-15.108 10.638 31.250
-15.734 12.591 34.448
-12.019 12.611 35.407
-11.135 14.108 32.029
