45.116 5.620 48.068
47.522 2.823 47.126
45.204 0.163 45.697
47.438 -0.201 42.623
50.653 -0.743 44.585
52.705 -3.424 42.860
50.846 -3.075 39.548
52.211 -1.731 36.271
50.003 0.267 33.902
50.716 1.399 30.346
48.917 4.492 29.070
49.321 5.390 25.393
49.035 8.967 24.143
49.915 10.126 27.650
52.033 13.213 26.838
49.020 15.488 27.277
45.240 15.679 27.570
43.183 12.782 28.863
46.135 10.411 28.546
48.308 12.412 30.906
45.464 12.782 33.404
44.896 9.041 33.322
48.606 8.378 33.901
48.662 10.903 36.735
45.717 9.281 38.530
47.000 5.716 38.139
50.353 6.856 39.557
48.537 8.476 42.486
46.767 5.120 42.922
50.234 3.624 43.452
50.974 1.923 40.124
54.199 1.984 38.160
53.003 3.899 35.124
54.475 3.726 31.650
53.771 7.054 29.987
53.914 6.354 26.273
53.400 8.783 23.405
54.609 9.294 19.839
55.805 12.680 21.125
58.956 11.434 22.811
59.961 14.695 24.474
56.367 15.141 25.611
56.234 11.642 27.100
59.418 12.314 29.077
58.088 15.651 30.349
54.759 14.159 31.426
56.395 11.238 33.247
58.708 13.683 35.039
55.720 15.916 35.848
53.876 13.026 37.465
56.903 11.766 39.382
56.049 8.860 41.653
56.574 5.635 39.726
56.096 7.087 36.227
58.522 6.287 33.393
58.403 7.397 29.745
58.797 5.175 26.679
58.035 6.691 23.280
56.065 4.694 20.731
53.872 5.068 17.654
50.912 2.773 18.322
50.362 2.242 14.592
53.918 0.916 14.059
54.226 -2.753 15.061
58.019 -2.531 15.397
57.700 0.520 17.634
55.149 -1.263 19.808
57.335 -4.379 19.966
60.195 -2.209 21.255
57.850 -0.515 23.724
56.811 -3.809 25.302
60.344 -5.196 25.365
61.472 -2.159 27.331
58.464 -2.436 29.646
59.169 -6.121 30.259
62.812 -5.304 31.069
61.951 -2.379 33.339
58.954 -3.795 35.217
58.333 -7.444 34.419
55.261 -6.692 32.286
51.981 -4.765 32.468
48.926 -5.539 34.590
46.859 -2.717 33.091
46.609 -1.375 29.546
44.900 1.907 28.746
44.464 2.452 25.010
44.176 6.217 24.882
46.208 7.375 21.860
44.213 8.502 18.821
43.965 11.280 16.275
40.913 13.514 16.868
40.083 15.132 13.511
37.700 17.863 12.414
36.906 17.108 8.781
33.871 18.002 6.656
32.252 14.931 5.077
33.211 15.989 1.556
36.845 16.192 2.709
36.793 12.626 4.023
38.786 10.852 1.325
40.481 7.467 1.331
43.820 8.876 2.543
42.137 10.481 5.550
40.017 7.429 6.277
43.002 5.074 6.124
45.031 7.220 8.513
42.304 7.511 11.152
41.487 3.787 11.003
45.161 2.862 11.040
46.060 4.840 14.159
42.813 4.792 16.122
41.591 1.292 15.426
44.482 -0.735 14.085
46.937 0.898 16.487
44.625 -0.147 19.301
44.827 -3.742 18.056
48.625 -3.660 17.708
49.047 -2.416 21.272
46.406 -4.746 22.678
47.828 -7.796 20.877
51.266 -7.164 22.357
50.058 -5.990 25.767
47.648 -8.825 26.480
50.199 -11.340 25.235
52.581 -9.802 27.781
49.955 -10.110 30.548
49.390 -13.767 29.692
53.104 -14.600 29.571
53.184 -13.549 33.240
49.882 -15.119 34.299
48.456 -11.790 35.419
44.706 -11.198 35.787
44.920 -7.868 33.986
42.783 -5.022 32.688
42.303 -3.632 29.208
40.592 -0.261 29.103
40.156 1.477 25.746
39.120 5.082 25.293
36.421 5.274 22.619
34.054 8.271 22.221
30.406 9.159 22.783
30.306 10.295 19.148
29.620 6.603 18.505
26.237 7.082 20.186
25.543 10.552 18.803
26.664 10.228 15.182
28.557 13.502 15.551
29.302 15.357 12.275
32.717 16.270 10.866
34.318 13.091 12.197
33.100 10.269 9.965
36.246 8.098 9.912
36.789 8.750 13.620
33.276 7.640 14.596
33.814 4.485 12.518
37.152 3.833 14.233
35.679 4.319 17.702
32.806 1.947 16.909
35.503 -0.488 15.874
37.163 -0.027 19.275
33.876 -0.855 21.006
33.345 -3.918 18.785
36.934 -5.019 19.427
36.385 -4.567 23.167
33.291 -6.779 23.188
34.999 -9.559 21.260
38.195 -9.260 23.303
36.297 -9.676 26.562
35.108 -13.066 25.283
38.546 -14.132 24.076
40.457 -13.157 27.204
38.004 -13.941 29.994
39.518 -17.412 30.325
42.828 -15.755 31.242
41.077 -13.530 33.800
41.736 -10.386 31.766
38.811 -7.980 31.495
38.265 -5.648 28.559
36.081 -2.571 28.807
35.666 0.725 26.977
35.048 4.291 28.127
33.148 6.779 25.963
34.023 10.337 26.978
31.852 13.206 25.849
33.480 16.462 24.798
36.459 17.101 27.088
38.544 20.264 27.476
41.825 18.497 26.694
44.933 20.155 25.287
44.008 18.716 21.892
40.398 19.912 21.939
41.431 23.430 22.987
43.554 23.579 19.831
40.806 22.405 17.471
37.502 23.631 16.055
35.919 21.124 18.444
36.530 23.686 21.185
33.593 25.638 19.761
31.192 22.769 20.443
31.202 23.388 24.201
28.179 25.705 24.231
25.902 23.265 22.400
27.253 20.271 24.290
26.869 21.846 27.742
23.295 22.794 26.907
22.519 19.148 26.049
24.295 17.851 29.162
22.264 17.157 32.296
25.128 18.483 34.477
26.768 21.887 34.144
30.348 22.593 33.138
32.932 21.683 30.534
34.182 18.120 30.847
37.772 17.847 32.074
40.467 15.224 31.559
40.235 14.345 35.268
36.559 13.374 34.761
37.767 10.551 32.524
40.920 9.719 34.499
38.899 9.084 37.645
36.623 6.621 35.844
39.567 4.786 34.306
41.005 4.512 37.820
37.886 2.615 38.857
38.023 0.346 35.813
41.663 -0.461 36.576
40.828 -1.329 40.201
39.558 -4.488 41.838
36.201 -2.756 42.352
35.559 -3.360 38.620
36.552 -7.034 38.720
33.110 -8.328 37.645
32.771 -5.893 34.734
33.956 -7.107 31.343
32.873 -6.433 27.784
31.132 -3.214 28.813
31.195 0.416 27.739
30.898 3.183 30.312
29.719 6.553 29.015
31.161 9.588 30.801
29.649 12.796 29.414
27.527 14.496 32.064
24.506 12.979 30.343
24.778 14.216 26.756
23.554 10.785 25.689
22.128 7.891 27.692
23.785 4.486 27.652
