-26.119 13.817 -10.738
-29.203 15.213 -9.138
-27.902 18.097 -6.994
-28.987 21.074 -4.823
-26.166 23.569 -4.159
-26.708 26.079 -1.389
-25.230 29.492 -0.780
-25.879 32.600 1.320
-26.329 32.670 5.094
-23.577 33.168 7.671
-23.446 35.942 10.302
-26.363 38.386 10.864
-27.424 40.760 13.677
-30.736 40.315 15.564
-33.448 42.214 13.611
-31.418 41.829 10.390
-31.972 40.132 7.018
-30.324 37.357 4.986
-31.264 35.718 1.682
-30.520 32.036 1.131
-30.173 30.519 -2.379
-30.422 26.971 -3.685
-29.282 26.069 -7.188
-30.779 22.880 -8.706
-29.443 20.555 -11.389
-30.084 17.040 -12.675
-33.881 17.133 -12.611
-36.828 19.142 -13.985
-36.806 21.904 -11.362
-39.961 23.611 -12.628
-42.050 20.419 -12.092
-41.385 20.001 -8.317
-42.422 21.567 -5.053
-39.389 22.881 -3.161
-38.887 23.350 0.578
-36.710 24.765 3.346
-36.059 22.788 6.539
-33.862 23.894 9.460
-31.969 22.303 12.312
-30.949 24.261 15.403
-27.578 23.305 17.003
-27.801 19.891 18.744
-31.519 19.554 17.799
-33.852 17.833 15.323
-35.392 18.866 12.011
-38.034 21.580 11.554
-39.854 22.283 8.276
-39.825 26.029 7.457
-41.588 26.647 4.132
-42.782 25.083 0.842
-43.437 26.474 -2.648
-45.263 24.665 -5.468
-43.774 24.069 -8.916
-45.141 27.299 -10.386
-45.344 29.397 -7.157
-49.189 29.125 -6.990
-49.134 27.588 -3.515
-46.950 28.794 -0.651
-46.769 27.268 2.863
-44.982 28.528 6.042
-44.319 27.063 9.488
-45.970 28.902 12.445
-42.577 30.090 13.678
-41.509 31.996 10.523
-44.776 33.424 9.084
-44.589 37.152 8.345
-40.770 37.296 8.522
-39.593 34.768 5.885
-40.544 34.792 2.198
-39.974 31.767 -0.079
-39.651 32.237 -3.838
-38.163 30.535 -6.885
-36.863 31.361 -10.339
-37.614 28.383 -12.554
-35.661 29.849 -15.479
-32.493 29.935 -13.284
-33.377 26.631 -11.538
-33.161 28.504 -8.213
-34.932 28.512 -4.848
-34.700 31.430 -2.405
-35.514 32.263 1.219
-35.619 35.874 2.234
-35.290 35.931 6.028
-36.172 39.196 7.794
-36.330 40.254 11.441
-33.939 37.443 12.433
-33.714 36.356 16.084
-31.320 34.235 18.132
-33.760 31.278 17.797
-33.322 31.285 13.993
-29.690 30.216 14.427
-29.652 26.902 12.575
-28.409 24.976 9.562
-30.918 25.602 6.793
-31.472 23.025 4.030
-33.281 23.218 0.725
-35.122 20.058 -0.234
-37.132 18.712 -3.148
-40.395 17.001 -2.267
-42.177 14.214 -4.121
-43.858 11.970 -1.504
-40.972 12.619 0.903
-38.020 15.014 0.957
-35.947 13.169 -1.627
-33.112 15.570 -2.490
-31.446 17.813 0.071
-28.924 20.669 -0.177
-25.672 20.487 1.803
-26.897 22.883 4.504
-26.149 26.551 5.172
-25.341 27.814 8.700
-27.090 31.021 9.849
-25.805 32.557 13.104
-27.791 35.392 14.636
-25.683 37.429 17.050
-24.961 41.061 17.858
-21.298 40.219 18.576
-18.262 41.750 16.938
-15.020 39.814 16.627
-13.669 39.128 20.101
-10.994 36.824 21.458
-11.668 34.495 24.363
-10.745 34.649 28.031
-9.109 31.381 29.099
-9.689 30.155 32.606
-8.266 27.104 34.396
-10.412 24.120 35.319
-8.113 22.948 38.131
-7.829 19.352 39.591
-7.565 18.354 43.309
-6.138 7.290 40.509
-7.107 9.676 37.693
-7.337 13.467 37.762
-9.269 15.700 35.368
-8.184 19.138 34.318
-9.005 21.615 31.639
-9.439 25.061 30.196
-12.646 27.090 29.879
-12.468 29.207 26.660
-15.127 31.821 27.219
-16.783 34.686 25.327
-15.363 34.674 21.761
-16.678 35.415 18.321
-16.840 34.110 15.671
-15.947 30.421 15.449
-13.533 28.666 15.534
-11.025 28.335 18.389
-8.484 25.506 18.425
-7.220 23.857 21.615
-4.290 21.497 21.939
-2.468 20.246 25.055
1.301 20.337 25.605
1.759 21.689 22.059
0.208 18.567 20.488
2.217 15.978 22.440
-0.792 15.176 24.665
-3.745 13.730 22.694
-4.860 10.653 24.700
-7.788 11.427 27.025
-8.357 14.883 25.575
-11.948 15.994 25.002
-12.663 19.373 23.468
-16.381 20.053 23.545
-18.470 21.640 20.760
-18.887 25.407 21.245
-22.240 26.684 22.470
-23.608 30.077 21.471
-24.477 31.842 24.748
-27.410 34.240 25.123
-24.890 37.096 24.997
-24.205 36.099 21.376
-20.689 34.925 22.299
-19.391 31.364 22.147
-17.886 29.340 24.958
-16.297 25.899 25.200
-14.162 23.772 27.568
-11.338 21.410 26.716
-10.469 18.718 29.270
-7.977 15.916 29.715
-7.827 13.075 32.243
-4.364 12.051 33.493
-2.909 9.773 36.176
-3.008 11.701 39.472
0.562 10.455 40.232
1.765 12.582 37.279
0.246 15.869 38.645
3.309 16.509 40.854
5.873 16.010 38.047
4.247 16.673 34.631
3.043 20.096 33.443
-0.276 20.322 31.625
-0.797 23.300 29.302
-3.735 24.098 27.026
-2.832 25.962 23.840
-5.738 28.121 22.667
-5.724 29.975 19.327
-8.599 32.154 18.155
-7.351 33.252 14.720
-10.166 35.733 13.899
-8.980 37.974 16.785
-5.314 36.843 16.675
-5.679 35.659 20.305
-3.147 32.981 21.365
-2.894 31.844 24.988
-0.926 29.034 26.648
-2.363 28.263 30.133
-0.597 25.884 32.520
-3.330 24.330 34.677
-2.160 23.914 38.264
-3.747 21.492 40.784
-5.745 23.331 43.527
-7.207 22.376 46.925
-9.543 25.352 47.561
