-61.023 0.409 7.158
-58.506 1.532 9.771
-55.092 2.267 8.229
-51.999 3.046 10.364
-49.041 5.059 9.041
-45.459 5.342 10.355
-42.229 6.615 8.789
-38.516 7.262 9.399
-37.197 10.848 9.716
-36.734 11.366 5.966
-40.150 9.809 5.211
-42.473 12.417 6.791
-43.346 14.253 3.529
-44.327 11.002 1.768
-46.146 9.737 4.893
-48.274 12.889 5.195
-48.914 12.949 1.496
-50.116 9.271 1.524
-52.150 10.068 4.671
-53.974 12.921 2.878
-54.658 10.678 -0.147
-56.076 7.865 2.009
-58.277 10.351 3.974
-59.793 11.730 0.785
-60.642 8.227 -0.458
-62.619 7.560 2.701
-60.108 5.569 4.813
-59.781 5.986 8.582
-56.191 7.193 8.983
-54.066 6.746 12.056
-50.902 8.786 11.975
-48.544 7.132 14.424
-45.606 9.397 13.684
-41.962 9.877 12.716
-36.348 0.846 14.117
-38.894 2.071 16.689
-41.416 3.314 14.071
-41.795 -0.153 12.484
-42.405 -2.030 15.749
-44.908 0.790 16.430
-46.686 0.536 13.051
-46.914 -3.230 13.269
-48.197 -3.202 16.821
-51.287 -1.225 15.752
-52.098 -4.223 13.519
-51.206 -7.025 15.934
-53.252 -5.421 18.720
-56.390 -5.105 16.569
-56.322 -1.278 16.404
-55.580 -1.059 12.676
-56.511 -3.263 9.702
-53.069 -2.708 8.134
-50.050 -0.446 8.489
-48.140 1.564 5.915
-44.436 2.007 6.538
-42.441 4.738 4.755
-38.739 3.928 4.877
-35.478 4.632 2.957
-35.659 1.609 0.609
-38.222 -0.406 2.568
-35.831 -3.337 2.652
-34.638 -3.182 6.265
-38.151 -2.439 7.517
-39.726 -5.236 5.555
-37.163 -7.672 6.953
-37.723 -6.510 10.550
-41.505 -6.318 10.112
-41.680 -9.820 8.686
-39.714 -11.077 11.764
-42.777 -10.260 13.866
-45.425 -12.932 14.417
-48.679 -12.225 12.578
-47.183 -9.549 10.312
-46.860 -9.992 6.578
-45.000 -7.085 5.056
-44.919 -6.495 1.341
-42.265 -4.219 -0.168
-43.984 -3.141 -3.393
-42.757 -1.100 -6.339
-45.757 -1.530 -8.665
-49.527 -1.628 -8.330
-49.367 -5.271 -9.435
-47.007 -6.094 -6.499
-49.626 -4.441 -4.211
-52.462 -6.409 -5.781
-50.580 -9.717 -5.423
-49.433 -8.874 -1.844
-53.068 -8.783 -0.785
-54.644 -11.364 -3.120
-52.066 -14.151 -2.679
-49.999 -13.165 0.388
-52.523 -11.568 2.772
-50.101 -8.740 3.540
-51.199 -6.521 6.414
-48.171 -4.187 6.182
-46.993 -2.251 3.167
-43.380 -1.046 3.012
-42.503 1.847 0.741
-39.050 3.280 -0.048
-39.198 7.118 0.044
-35.706 7.207 -1.512
-36.663 4.786 -4.327
-40.342 5.425 -5.086
-41.919 8.568 -6.445
-44.855 10.069 -4.586
-47.474 9.345 -7.303
-46.361 5.735 -7.757
-46.326 5.304 -3.976
-49.919 6.632 -3.796
-51.146 4.306 -6.556
-49.467 1.316 -4.831
-51.110 2.283 -1.569
-54.508 2.730 -3.238
-54.288 -0.757 -4.840
-53.015 -2.261 -1.548
-56.015 -0.800 0.369
-58.715 -1.856 -2.092
-57.593 -5.428 -2.880
-58.889 -8.282 -0.682
-57.036 -11.486 0.262
-58.197 -14.634 -1.656
-58.475 -16.701 1.555
-60.783 -19.258 -0.155
-58.271 -20.808 -2.590
-55.523 -21.006 0.062
-57.882 -22.351 2.787
-58.061 -25.913 1.419
-54.430 -26.317 0.258
-52.876 -29.233 2.173
-49.609 -28.567 4.006
-46.683 -31.071 4.179
