34.867 -15.267 5.883
33.567 -12.008 7.409
33.032 -10.520 3.943
31.266 -13.713 2.786
29.079 -14.015 5.920
28.139 -10.316 5.608
27.162 -10.687 1.942
24.995 -13.749 2.687
23.351 -12.085 5.718
22.327 -8.992 3.699
21.061 -11.097 0.767
18.737 -13.204 2.939
17.699 -10.189 5.040
16.342 -8.537 1.865
14.325 -11.722 1.172
12.916 -11.683 4.738
11.948 -8.001 4.477
10.063 -8.613 1.202
8.253 -11.590 2.727
7.340 -9.649 5.886
6.032 -6.770 3.768
3.945 -9.249 1.705
2.512 -10.728 4.925
1.565 -7.295 6.316
-0.015 -6.403 2.962
-2.148 -9.599 3.075
-3.347 -8.624 6.586
-4.343 -5.176 5.217
-6.403 -6.870 2.462
-8.045 -9.213 5.003
-8.958 -6.188 7.172
-10.408 -4.350 4.163
-12.634 -7.393 3.573
-14.071 -7.158 7.115
-14.870 -3.494 6.418
-17.123 -4.497 3.466
-19.216 -7.022 5.451
-22.013 -6.847 8.038
