-12.635 -22.188 -6.330
-15.316 -20.214 -4.462
-12.653 -17.932 -2.995
-10.124 -15.897 -4.973
-7.109 -14.827 -2.929
-5.907 -11.364 -3.818
-2.578 -9.948 -2.678
-2.148 -6.423 -1.468
0.819 -4.068 -1.374
-0.174 -1.166 0.861
1.941 1.468 2.622
-0.211 1.118 5.767
-3.332 -0.495 7.253
-4.969 2.770 8.297
-5.698 5.147 5.438
-8.765 6.233 3.556
-7.719 4.174 0.532
-7.662 1.167 2.831
-11.176 1.954 4.064
-12.349 2.356 0.467
-10.865 -1.049 -0.279
-12.627 -2.871 2.565
-15.968 -1.137 1.923
-15.998 -1.912 -1.793
-15.175 -5.597 -1.062
-18.168 -5.635 1.297
-20.446 -4.443 -1.510
-19.836 -7.537 -3.643
-22.542 -10.219 -3.740
-21.790 -12.377 -6.800
-19.275 -15.250 -6.526
-16.443 -15.973 -6.481
-15.517 -14.249 -3.224
-12.407 -12.018 -3.328
-10.401 -12.894 -0.266
-7.917 -10.089 0.445
-4.490 -10.944 1.834
-2.823 -7.627 2.114
0.609 -6.867 3.477
1.923 -3.599 4.884
5.103 -2.814 3.027
7.466 -0.033 2.173
6.276 0.712 -1.353
9.497 2.639 -2.036
11.803 -0.284 -1.321
12.363 -2.864 -4.112
13.739 -5.416 -1.767
10.666 -5.381 0.511
8.245 -5.232 -2.410
10.074 -8.144 -4.005
9.894 -10.167 -0.817
6.148 -9.555 -0.590
5.497 -10.150 -4.268
7.424 -13.410 -4.224
5.752 -14.279 -0.919
2.337 -13.526 -2.433
3.070 -15.523 -5.543
4.431 -18.704 -3.907
1.225 -18.627 -1.902
-1.062 -18.724 -4.973
-2.927 -15.430 -4.759
-4.438 -14.722 -8.305
-3.612 -11.055 -8.728
-2.099 -8.322 -6.623
-3.788 -5.040 -5.733
-1.475 -2.464 -4.197
0.543 0.700 -4.693
3.968 1.347 -6.204
6.407 4.234 -5.822
8.917 5.516 -8.380
11.922 3.461 -7.245
9.842 0.306 -7.261
7.873 0.791 -10.487
10.522 -0.946 -12.600
10.730 -3.942 -10.265
6.958 -4.433 -10.246
6.616 -4.147 -14.023
9.435 -6.636 -14.548
8.038 -9.157 -12.063
4.538 -8.958 -13.461
5.932 -9.476 -16.952
8.122 -12.399 -15.930
5.476 -14.286 -13.955
2.306 -13.211 -15.762
0.833 -12.087 -12.465
-1.303 -8.970 -12.680
-0.815 -5.831 -10.641
-3.829 -3.548 -10.268
-2.965 -0.047 -9.090
-4.290 3.494 -8.649
-0.743 4.848 -8.429
0.558 7.437 -10.878
0.756 5.741 -14.281
4.280 5.440 -15.668
5.606 4.911 -19.180
6.486 1.408 -20.382
4.654 -0.893 -18.015
3.991 -4.265 -19.598
0.363 -5.588 -20.179
0.158 -7.213 -16.733
0.026 -3.890 -14.902
-3.514 -2.504 -14.799
-3.515 1.221 -14.282
-6.685 2.560 -12.689
-5.382 6.146 -12.855
-5.957 7.900 -16.263
-2.983 9.659 -17.844
-3.238 13.477 -17.628
-0.538 14.786 -19.950
-2.708 15.184 -23.070
-5.527 16.856 -21.132
-2.997 19.210 -19.605
-1.691 20.129 -23.041
-5.253 20.787 -24.303
-6.082 23.073 -21.372
-2.900 25.074 -21.984
-3.551 25.519 -25.706
-7.211 26.483 -24.785
-5.929 29.299 -22.582
-3.519 30.260 -25.365
-0.555 30.201 -22.992
2.687 30.740 -24.943
5.231 30.884 -22.110
5.023 29.622 -18.527
6.778 28.259 -15.458
6.470 24.494 -14.937
6.949 23.144 -11.421
7.719 19.547 -10.783
8.629 17.268 -7.968
10.072 14.126 -9.539
8.842 11.301 -7.304
5.683 10.589 -9.320
7.227 10.263 -12.775
8.787 12.616 -15.309
6.754 11.617 -18.362
4.559 14.722 -18.103
7.506 17.076 -18.121
8.913 15.306 -21.230
5.517 15.584 -22.878
5.394 19.250 -21.905
8.935 19.984 -23.238
8.250 18.077 -26.475
5.070 20.048 -27.208
6.922 23.224 -26.207
9.711 22.582 -28.728
7.023 21.717 -31.247
4.939 24.842 -30.662
7.680 27.355 -29.834
6.445 27.725 -26.257
8.867 29.253 -23.719
8.806 26.853 -20.761
10.848 27.358 -17.599
11.202 24.262 -15.422
11.584 24.177 -11.643
11.839 20.933 -9.693
10.755 22.230 -6.285
12.920 19.861 -4.236
16.148 21.501 -5.426
14.752 25.028 -5.071
14.785 26.822 -1.804
13.167 30.268 -1.781
15.356 32.353 -4.139
14.765 30.361 -7.333
11.087 31.273 -7.584
11.861 34.970 -7.120
14.535 34.785 -9.824
12.063 33.935 -12.601
10.761 37.491 -12.832
14.193 39.104 -13.307
12.941 39.876 -16.807
9.174 39.797 -16.202
7.715 43.304 -16.336
5.410 44.301 -19.196
3.511 41.018 -18.791
0.456 41.552 -16.600
-0.330 37.837 -16.255
2.102 35.119 -15.150
1.142 31.505 -15.973
2.265 28.537 -13.778
1.803 24.769 -14.066
2.230 22.881 -10.832
3.095 19.209 -11.232
3.485 17.498 -7.860
2.319 14.699 -5.581
-1.222 15.206 -4.260
-0.348 14.915 -0.567
2.047 17.773 -1.226
-0.081 20.003 -3.475
-1.434 22.192 -0.742
1.969 23.026 0.729
3.635 23.905 -2.576
0.670 26.015 -3.694
0.773 27.859 -0.381
4.503 28.421 -0.771
4.431 29.781 -4.332
1.459 32.046 -3.713
3.429 33.627 -0.883
6.196 34.343 -3.369
3.818 36.322 -5.622
4.605 39.879 -6.595
2.085 42.761 -6.456
0.493 44.044 -9.681
1.019 40.875 -11.658
-1.879 38.550 -12.494
-1.245 34.967 -11.465
-2.676 31.836 -13.101
-2.258 28.245 -12.005
-2.945 24.997 -13.710
-2.708 21.828 -11.615
-1.031 19.087 -13.656
-2.221 16.363 -11.293
-5.567 15.156 -10.049
-5.892 16.345 -6.449
-7.574 19.690 -7.081
-10.682 19.070 -4.946
-8.735 17.467 -2.112
-7.009 20.768 -1.319
-7.681 23.770 0.943
-10.267 25.204 -1.404
-11.762 27.833 0.916
-8.495 29.469 1.582
-7.537 29.639 -2.117
-10.873 30.689 -3.606
-11.484 33.236 -0.853
-8.058 34.677 -1.681
-9.236 35.281 -5.248
-6.828 32.769 -6.763
-7.021 31.671 -10.396
-6.667 27.891 -10.451
-7.628 25.202 -12.969
-7.387 21.449 -12.402
-8.926 18.089 -13.250
-11.670 16.203 -11.415
-12.232 12.486 -11.912
-15.320 12.044 -9.844
-18.677 13.667 -10.182
-19.991 13.288 -6.637
-23.525 14.294 -7.639
-23.892 12.181 -10.767
-26.328 9.234 -10.505
-23.975 6.290 -9.899
-21.472 8.083 -7.556
-24.308 9.627 -5.496
-25.828 6.186 -4.898
-22.370 4.827 -3.876
-21.626 7.679 -1.464
-25.060 6.890 -0.046
-24.259 3.340 1.063
-20.771 4.271 2.141
-22.318 7.016 4.265
-24.672 4.571 5.979
-21.862 2.042 6.420
-19.683 4.405 8.431
-22.400 5.846 10.671
-22.747 2.863 13.028
-19.342 1.164 13.281
-15.591 13.403 4.690
-14.977 13.872 0.912
-13.075 10.853 -0.548
-9.857 11.659 -2.298
-9.511 10.619 -5.932
-7.116 7.796 -4.813
-9.737 6.384 -2.566
-12.285 6.533 -5.434
-9.860 4.642 -7.711
-9.127 2.076 -5.016
-12.904 1.467 -4.842
-13.183 1.106 -8.622
-10.042 -1.066 -8.640
-11.811 -3.577 -6.453
-14.710 -3.634 -8.888
-12.278 -4.207 -11.744
-11.030 -7.412 -10.029
-14.588 -8.477 -9.142
-15.762 -7.985 -12.735
-12.837 -9.964 -14.069
-13.219 -12.878 -11.695
-17.015 -12.976 -11.936
-16.547 -13.024 -15.694
-14.181 -16.011 -15.647
-16.500 -17.884 -13.306
-19.489 -17.514 -15.487
-17.544 -17.935 -18.722
-16.547 -21.438 -17.402
-12.819 -20.802 -17.887
-10.830 -23.384 -15.955
-8.516 -21.761 -13.458
-6.435 -23.475 -10.776
-3.551 -22.165 -8.707
-1.111 -24.059 -6.565
-1.091 -23.629 -2.799
2.408 -24.965 -3.366
5.448 -22.837 -2.650
6.183 -22.445 -6.335
9.439 -20.549 -5.997
9.249 -17.013 -7.366
12.846 -16.848 -8.601
14.093 -18.992 -11.446
15.955 -18.661 -14.736
14.273 -18.316 -16.992
11.169 -17.205 -15.116
8.387 -19.746 -15.519
5.190 -17.798 -16.061
1.947 -18.800 -14.481
0.238 -20.583 -17.430
-3.282 -19.321 -16.720
-2.050 -15.818 -15.896
-2.668 -14.645 -19.455
-6.312 -15.633 -19.007
-6.695 -13.436 -15.930
-4.892 -10.572 -17.635
-7.365 -10.681 -20.524
-10.390 -10.689 -18.215
-9.051 -7.721 -16.246
-8.269 -5.799 -19.434
-11.655 -6.318 -21.102
-13.698 -5.183 -18.096
-16.128 -2.330 -18.839
-18.448 -0.667 -16.321
-19.629 2.574 -14.717
-17.833 3.215 -11.436
-17.114 6.038 -9.006
-14.701 7.491 -11.558
-17.124 7.200 -14.474
-16.563 4.812 -17.370
-13.810 2.309 -16.442
-12.111 0.542 -19.375
-8.548 -0.386 -20.499
-6.609 -0.654 -23.732
-4.424 -3.659 -24.435
-1.465 -2.117 -22.569
-3.370 -1.793 -19.323
-3.961 1.981 -19.312
-7.273 3.708 -18.625
-9.022 4.464 -21.922
-12.386 5.966 -22.856
-12.483 8.035 -19.611
-13.812 11.536 -18.959
-12.048 14.246 -16.938
-13.980 17.109 -15.394
-12.174 20.427 -15.819
-12.742 22.770 -12.880
-11.782 26.430 -12.749
-11.597 28.206 -9.396
-12.101 31.930 -10.045
-13.520 34.993 -8.202
-14.216 33.306 -4.844
-15.909 30.597 -6.883
-15.050 27.128 -8.204
-17.022 25.975 -11.276
-16.843 23.216 -13.902
-15.698 24.798 -17.166
-15.975 21.704 -19.355
-14.533 18.218 -19.621
-11.879 16.253 -21.488
-11.666 12.838 -23.131
-9.289 11.233 -25.571
-11.484 11.522 -28.660
-13.240 14.870 -28.318
-10.467 16.318 -26.282
-11.954 19.229 -24.563
-15.372 20.537 -24.837
-16.351 23.755 -23.106
-19.470 23.640 -21.037
-22.517 25.622 -21.976
