-11.357 28.637 6.657
-11.789 32.405 6.786
-8.322 33.793 7.415
-7.961 37.122 9.202
-5.789 39.469 7.134
-5.796 42.673 9.193
-7.308 44.381 12.239
-8.139 48.078 12.572
-9.399 50.060 15.542
-11.068 53.363 14.732
-11.994 56.026 17.256
-14.582 58.533 15.987
-16.516 61.339 17.680
-19.506 62.363 15.555
-21.418 63.541 18.637
-20.438 63.929 22.289
-18.818 60.528 22.560
-15.592 58.892 21.527
-16.887 55.758 19.812
-14.658 52.796 19.103
-15.047 50.343 16.226
-12.973 47.277 15.433
-12.656 46.195 11.804
-11.614 42.650 10.949
-10.473 42.136 7.351
-10.209 38.764 5.628
-8.779 37.131 2.520
-12.330 36.059 1.615
-13.173 39.676 0.824
-15.580 39.590 3.772
-15.256 42.364 6.340
-16.405 42.381 9.962
-17.334 45.331 12.194
-17.712 45.404 15.983
-18.112 47.754 18.946
-15.307 48.228 21.482
-16.626 51.434 23.005
-15.282 52.374 26.426
-15.906 56.084 25.871
-13.962 57.444 28.858
-10.690 55.706 27.941
-10.693 55.217 24.152
-6.937 55.435 23.569
-6.342 52.617 26.027
-8.751 50.359 24.151
-7.121 51.297 20.830
-3.657 50.556 22.248
-4.983 47.203 23.415
-6.368 46.305 19.977
-3.486 47.644 17.886
-0.500 46.476 19.932
-1.815 43.324 21.579
-4.855 41.682 19.980
-3.835 42.247 16.361
-0.669 40.100 16.534
-2.571 37.174 18.085
-5.328 37.348 15.467
-3.578 37.853 12.109
-3.592 34.622 10.091
-6.098 32.823 12.315
-9.373 31.229 11.198
-12.223 33.644 11.978
-14.815 30.866 11.750
-13.901 29.561 15.188
-15.232 32.458 17.223
-15.529 30.424 20.421
-11.881 29.336 20.367
-10.681 32.819 19.561
-12.787 34.243 22.368
-11.515 31.778 24.962
-7.964 32.405 23.761
-8.216 36.195 23.783
-9.837 36.296 27.208
-6.843 34.762 28.988
-4.106 35.952 26.631
-2.760 38.627 28.984
-2.881 36.201 31.931
-4.532 38.891 34.032
-7.999 39.376 32.672
-11.458 40.901 32.902
-11.832 44.665 33.212
-13.163 47.312 30.842
-10.065 47.893 28.707
-9.330 44.281 27.770
-12.965 43.241 27.523
-13.957 46.074 25.225
-11.038 45.368 22.921
-12.056 41.713 22.778
-15.711 42.647 22.246
-14.846 44.642 19.124
-13.150 41.595 17.659
-15.836 39.161 18.865
-18.652 41.193 17.325
-16.731 41.601 14.084
-16.197 37.839 13.883
-19.908 37.297 14.418
-20.545 39.891 11.667
-18.282 37.912 9.309
-19.995 34.601 10.121
-23.438 36.094 9.546
-22.297 37.627 6.273
-20.894 34.279 5.086
-24.196 32.613 6.021
-26.064 35.364 4.186
-28.206 35.774 7.324
-29.066 38.509 9.813
-27.065 37.969 13.009
-30.037 36.855 15.097
-30.766 34.094 12.600
-27.393 32.428 13.318
-28.382 32.192 16.996
-31.540 30.233 16.276
-33.826 32.981 14.982
