-15.825 26.791 45.064
-17.540 23.662 43.693
-18.145 20.791 46.174
-15.920 17.961 44.918
-15.997 14.355 46.238
-13.803 11.229 46.125
-16.178 9.666 43.549
-16.317 12.763 41.369
-12.481 13.043 41.290
-12.121 9.340 40.409
-14.723 9.591 37.579
-13.059 12.790 36.206
-9.651 11.019 36.282
-11.170 8.132 34.217
-12.646 10.748 31.804
-9.147 12.296 31.393
-7.845 8.844 30.468
-6.138 7.468 33.612
-5.449 3.809 32.750
-6.638 1.186 35.344
-3.574 -1.014 35.959
-1.156 1.692 34.861
1.749 3.404 36.637
0.812 7.072 37.329
3.279 9.815 38.420
1.159 12.610 40.030
1.950 16.361 40.435
-1.045 17.649 42.403
-2.481 20.864 43.837
-5.221 20.493 46.488
-6.636 24.081 46.354
-7.043 23.931 42.514
-9.567 21.035 42.729
-12.413 23.069 44.291
-13.685 22.228 47.806
-12.664 18.607 48.432
-14.954 16.647 50.716
-12.359 14.792 52.827
-9.502 16.988 51.543
-6.134 15.420 50.685
-7.291 12.050 52.017
-10.195 12.117 49.449
-7.675 13.022 46.661
-5.350 10.113 47.554
-8.301 7.659 47.685
-9.670 8.793 44.268
-6.128 8.403 42.696
-5.949 4.824 44.184
-9.534 4.187 42.759
-8.373 5.473 39.293
-5.238 3.239 39.023
-6.956 0.285 40.765
-5.349 -2.625 42.671
-3.009 -3.500 39.742
-2.022 0.114 39.151
0.757 2.150 40.840
0.786 5.757 42.103
4.051 7.636 42.386
4.519 11.160 43.772
7.618 13.351 44.400
8.292 13.597 48.183
11.250 16.020 48.089
12.860 17.292 51.309
14.961 20.150 49.954
15.875 21.354 53.519
18.275 18.438 53.832
20.918 20.492 52.036
23.886 22.725 52.944
22.642 25.817 54.872
24.797 28.168 52.652
22.360 27.333 49.797
19.215 28.245 51.845
17.224 31.199 50.508
13.437 31.273 51.316
14.170 31.897 55.017
18.049 32.231 54.767
19.798 31.548 58.126
22.716 33.429 59.862
26.178 32.447 58.527
27.380 31.779 62.153
24.727 28.964 62.363
26.008 27.062 59.255
28.587 24.812 61.047
26.154 23.898 63.889
23.408 23.078 61.302
25.910 20.918 59.300
26.932 18.914 62.382
23.457 18.708 64.059
21.016 18.209 61.093
19.076 14.964 61.622
19.511 12.293 58.883
16.762 11.640 56.302
14.218 9.201 57.686
11.655 8.026 55.082
8.969 7.806 57.755
9.851 10.981 59.747
11.167 13.464 57.213
8.385 15.812 55.963
8.203 17.039 52.397
8.736 20.706 51.455
6.891 22.284 48.503
5.334 18.961 47.422
1.739 19.747 48.442
-0.843 18.388 50.935
-1.699 15.447 48.619
1.875 13.988 48.427
2.409 14.735 52.154
-0.843 12.816 52.876
0.099 10.107 50.316
3.561 9.265 51.644
2.125 7.681 54.837
-0.700 5.688 53.193
-1.004 1.970 54.161
1.156 0.225 51.530
3.079 3.352 50.512
6.899 3.077 50.360
9.364 5.919 50.004
12.771 5.909 48.183
16.123 6.576 49.950
17.387 9.888 48.426
17.659 12.447 51.283
16.625 15.397 49.065
14.663 13.969 46.128
12.843 10.854 47.383
9.565 9.578 45.835
6.718 7.648 47.466
4.983 4.876 45.536
1.895 2.683 46.208
0.569 -0.337 44.331
1.692 -3.269 42.149
5.177 -1.963 41.164
5.721 0.328 44.271
8.830 -1.478 45.595
10.473 -1.486 42.114
9.761 2.267 41.704
11.522 3.156 45.041
14.276 0.506 45.165
17.960 1.646 44.928
17.498 5.447 44.458
21.149 6.455 43.914
23.192 9.606 44.579
24.683 9.643 40.987
21.645 10.881 39.098
19.134 11.874 41.793
16.512 12.570 39.156
17.910 10.420 36.330
19.347 6.929 35.871
18.666 4.656 38.880
15.942 7.061 40.214
12.095 6.617 40.379
11.773 8.852 37.277
13.662 6.125 35.327
11.328 3.474 36.837
8.139 5.330 35.665
9.855 5.398 32.173
10.671 1.622 32.149
7.140 0.858 33.397
5.627 2.889 30.442
3.742 5.112 32.910
1.632 8.217 32.534
2.186 11.637 34.124
-0.707 13.604 35.632
-0.303 17.376 36.101
-3.286 18.013 38.440
-3.992 21.759 38.940
-0.331 22.660 38.282
1.623 22.996 35.023
5.021 22.277 33.444
6.849 24.210 36.215
6.226 21.027 38.362
7.074 18.519 35.626
9.873 16.514 37.327
10.197 14.149 34.249
12.095 16.898 32.354
14.991 16.194 34.702
15.203 12.610 33.309
15.561 14.161 29.772
18.262 16.594 31.120
20.483 13.688 32.433
20.112 11.675 29.148
20.818 14.617 26.755
24.223 16.245 26.078
22.469 19.391 24.794
24.587 22.477 23.846
25.970 24.251 26.893
24.976 21.586 29.466
26.732 22.334 32.756
27.822 20.439 35.847
28.738 21.488 39.389
29.554 20.108 42.816
26.763 19.663 45.392
26.709 18.626 49.003
24.363 15.767 50.003
23.833 14.862 53.697
24.092 11.060 53.710
22.627 9.282 56.817
25.292 7.866 59.256
23.419 6.682 62.331
22.012 9.668 64.262
24.255 12.044 62.266
24.866 13.060 58.633
28.048 12.614 56.591
28.250 15.381 54.013
29.338 13.873 50.683
30.416 16.221 47.890
29.171 14.942 44.521
29.079 16.142 40.932
25.753 16.641 39.204
24.126 18.185 36.129
22.960 21.783 36.597
19.205 21.823 35.899
17.711 24.539 33.664
14.025 25.293 34.263
13.367 28.554 32.272
12.114 26.798 29.081
9.845 24.248 30.842
6.636 25.958 29.558
7.778 26.300 25.898
9.256 22.711 25.917
6.233 21.230 27.719
3.642 22.724 25.366
5.653 21.702 22.255
6.360 18.125 23.477
2.808 17.669 24.877
1.041 18.413 21.511
3.368 15.840 19.811
2.804 13.142 22.512
0.312 10.663 20.990
-2.668 9.831 23.180
-2.206 12.822 25.566
-5.224 14.627 27.017
-6.279 17.891 28.614
-9.342 18.323 30.800
-10.895 19.300 34.111
-10.655 17.157 37.309
-12.985 18.862 39.794
-12.392 22.575 39.120
-8.661 21.925 38.348
-7.146 22.144 34.890
-5.339 18.843 34.167
-2.860 17.316 31.670
-2.315 13.547 31.207
0.500 12.161 28.996
2.552 8.994 28.320
5.905 9.518 30.033
8.073 7.519 27.563
6.983 9.319 24.371
7.022 12.678 26.173
10.493 12.301 27.760
11.959 11.144 24.337
10.454 14.289 22.697
11.924 16.457 25.518
15.374 15.016 24.685
14.839 16.007 21.020
13.594 19.537 22.096
16.620 20.149 24.322
19.119 19.115 21.577
17.333 21.324 18.953
16.304 24.347 21.139
18.674 24.629 24.169
22.007 26.463 23.874
23.308 27.722 27.216
25.374 30.978 27.353
