5.265 -27.674 -39.089
6.700 -26.660 -35.724
9.391 -24.011 -35.491
11.657 -23.955 -32.423
13.332 -20.751 -31.297
15.804 -19.849 -28.573
14.793 -17.184 -26.088
17.105 -14.198 -26.041
19.553 -14.595 -23.188
17.927 -11.882 -21.095
14.498 -13.487 -21.347
15.888 -16.930 -20.479
17.429 -15.216 -17.431
14.088 -13.615 -16.506
12.355 -16.989 -16.734
15.025 -18.740 -14.667
14.717 -16.029 -11.996
10.944 -16.471 -11.865
11.194 -20.266 -11.691
14.099 -20.535 -9.235
13.659 -17.639 -6.766
11.916 -18.460 -3.498
8.851 -16.230 -3.539
5.620 -17.285 -1.870
3.254 -14.624 -3.324
2.633 -16.512 -6.555
-1.014 -15.476 -6.926
-0.012 -12.235 -8.630
0.378 -14.159 -11.903
-3.380 -13.856 -12.408
-3.420 -10.082 -11.908
-0.617 -9.762 -14.437
-2.320 -11.871 -17.107
-5.657 -10.131 -16.582
-3.874 -6.797 -16.895
-2.262 -7.933 -20.127
-5.681 -8.976 -21.411
-7.124 -5.572 -20.492
-4.293 -3.902 -22.381
-4.976 -6.061 -25.452
-8.679 -5.212 -25.240
-7.862 -1.508 -25.021
-5.787 -1.796 -28.172
-8.556 -3.283 -30.321
-11.060 -0.821 -28.868
-8.777 2.065 -29.840
-8.360 0.769 -33.395
-12.130 0.321 -33.682
-12.752 3.999 -32.891
-11.615 4.929 -36.382
-12.309 1.635 -38.177
-15.356 -0.212 -36.857
-14.666 -3.145 -39.222
-11.844 -4.069 -36.799
-14.580 -5.674 -34.691
-15.987 -7.782 -37.539
-14.040 -10.628 -35.906
-16.041 -10.186 -32.693
-17.706 -7.220 -31.005
-17.625 -8.417 -27.421
-14.641 -7.258 -25.403
-14.214 -9.521 -22.374
-12.053 -11.883 -20.336
-12.890 -15.498 -19.442
-11.159 -17.553 -16.746
-11.523 -21.277 -17.374
-10.256 -23.851 -14.865
-10.079 -27.501 -15.919
-9.172 -29.923 -13.134
-9.001 -32.934 -15.469
-6.323 -31.287 -17.637
-4.813 -29.328 -14.703
-5.048 -26.110 -16.689
-6.171 -22.571 -15.994
-6.907 -20.669 -19.201
-7.208 -16.903 -19.488
-9.050 -15.928 -22.667
-9.505 -12.431 -24.031
-11.015 -10.993 -27.188
-8.312 -8.345 -27.510
-6.185 -7.377 -30.464
-4.285 -10.676 -30.554
-0.751 -11.172 -31.799
0.779 -11.707 -35.200
3.413 -14.389 -35.724
6.068 -11.699 -35.517
4.635 -10.436 -32.216
4.772 -13.955 -30.770
8.373 -14.384 -31.751
9.197 -10.900 -30.428
8.513 -11.952 -26.846
4.733 -11.938 -27.101
4.497 -8.327 -28.188
6.688 -6.997 -25.373
9.929 -5.102 -25.107
11.173 -7.846 -22.885
14.923 -7.272 -23.258
14.785 -3.669 -22.004
11.948 -4.479 -19.596
13.951 -7.294 -18.075
16.898 -4.948 -17.579
14.651 -2.343 -15.869
13.058 -5.067 -13.656
16.454 -6.403 -12.651
17.676 -2.921 -11.733
14.521 -2.418 -9.680
15.019 -5.735 -7.854
18.522 -4.620 -6.954
17.088 -1.422 -5.506
14.523 -3.135 -3.304
11.640 -4.055 -5.593
10.101 -7.543 -5.446
8.790 -10.006 -7.996
5.203 -8.743 -7.602
6.304 -5.516 -9.355
7.045 -7.357 -12.614
4.143 -5.811 -14.540
5.559 -2.305 -14.128
8.286 -3.416 -16.538
6.138 -4.768 -19.337
7.075 -8.421 -18.762
4.230 -9.603 -16.549
3.367 -12.423 -18.936
6.376 -14.359 -17.680
4.926 -14.441 -14.165
2.883 -17.332 -15.575
5.931 -19.461 -14.761
5.373 -18.875 -11.031
2.591 -21.458 -11.292
2.844 -23.185 -14.700
5.273 -25.863 -15.839
4.231 -25.197 -19.455
2.390 -22.297 -21.047
0.558 -22.509 -24.367
-0.607 -19.289 -26.029
-3.170 -19.425 -28.804
-3.688 -16.150 -30.645
-5.492 -14.615 -33.575
-4.877 -11.078 -34.868
-6.978 -9.517 -37.616
-5.385 -10.215 -41.011
-2.927 -12.907 -39.686
-3.583 -16.599 -39.101
-4.165 -18.351 -35.781
-0.939 -19.453 -34.073
0.088 -21.489 -31.056
3.185 -20.516 -29.051
4.416 -22.847 -26.332
7.219 -23.126 -23.840
8.214 -25.179 -20.815
11.093 -22.784 -20.277
14.526 -24.417 -20.602
15.602 -21.806 -23.105
13.281 -22.432 -26.058
9.777 -21.888 -27.363
7.829 -23.210 -30.340
5.469 -21.618 -32.807
3.066 -23.406 -35.132
-0.037 -22.548 -37.090
-2.939 -23.643 -34.945
-5.450 -25.907 -36.632
-7.373 -26.126 -33.375
-10.665 -24.511 -32.470
-10.973 -21.180 -34.300
-10.917 -17.999 -32.262
-12.413 -14.967 -33.932
-9.791 -12.664 -32.464
-7.752 -12.460 -29.263
-5.492 -14.520 -27.061
-5.795 -17.608 -24.883
-3.106 -18.249 -22.267
-3.237 -21.885 -21.183
-1.406 -22.512 -17.909
-0.432 -26.147 -17.405
-0.116 -25.883 -13.647
2.659 -27.337 -11.531
1.412 -30.217 -9.389
1.609 -28.202 -6.163
-0.241 -25.199 -7.609
-3.708 -26.684 -8.136
-5.303 -24.236 -5.709
-5.576 -21.950 -8.750
-8.228 -24.277 -10.186
-10.560 -23.777 -7.219
-13.435 -21.407 -7.774
-13.224 -19.744 -4.352
-9.469 -19.164 -4.730
-9.775 -17.610 -8.179
-12.656 -15.406 -7.015
-10.598 -14.236 -4.055
-7.642 -13.289 -6.265
-9.767 -11.461 -8.794
-11.504 -9.486 -6.055
-8.194 -8.632 -4.358
-6.199 -7.554 -7.393
-8.437 -7.099 -10.444
-11.680 -5.717 -9.039
-11.693 -2.526 -11.125
-10.683 -3.967 -14.530
-12.934 -2.313 -17.128
-14.041 -5.449 -18.949
-16.254 -8.316 -17.809
-14.312 -11.159 -16.215
-16.310 -14.400 -16.243
-15.109 -17.233 -14.057
-16.320 -20.454 -15.607
-17.335 -23.317 -13.358
-16.877 -27.021 -13.863
