22.766 -16.298 -4.941
26.502 -16.580 -5.683
27.469 -14.185 -2.846
25.880 -16.460 -0.253
28.519 -19.101 -1.082
31.735 -19.336 0.993
34.706 -21.723 0.711
34.922 -24.449 3.385
38.656 -23.887 3.682
40.249 -20.562 4.549
41.019 -19.501 0.975
40.587 -15.772 1.448
41.538 -13.562 -1.376
44.910 -12.610 -2.795
46.166 -9.029 -2.787
44.636 -6.012 -1.182
41.076 -5.096 -0.175
40.249 -2.527 -2.918
39.964 -2.526 -6.702
43.322 -2.518 -8.458
44.625 -4.109 -5.205
46.759 -6.548 -7.257
50.152 -6.830 -8.966
48.683 -7.064 -12.507
45.169 -5.763 -12.566
43.302 -5.764 -15.830
39.984 -4.649 -16.988
38.994 -6.337 -20.228
36.746 -4.584 -22.685
34.224 -7.201 -23.829
32.293 -6.312 -27.018
30.085 -7.685 -29.825
29.258 -6.282 -33.241
28.705 -7.472 -36.787
28.394 -11.112 -35.659
31.743 -11.310 -33.807
32.782 -10.915 -30.210
35.934 -9.075 -29.134
38.168 -8.813 -26.111
40.122 -5.503 -26.095
39.108 -4.844 -29.734
40.264 -8.224 -31.096
38.183 -11.244 -32.078
39.932 -14.599 -31.315
40.753 -16.677 -34.363
42.788 -19.826 -33.739
46.367 -19.499 -35.002
47.965 -22.083 -37.332
50.667 -23.002 -34.849
49.342 -23.731 -31.313
50.280 -21.093 -28.748
52.245 -23.605 -26.679
54.431 -24.718 -29.634
55.102 -21.039 -30.547
56.501 -20.715 -27.015
58.525 -23.955 -27.198
59.929 -22.893 -30.613
61.449 -19.759 -28.990
58.737 -17.074 -28.844
59.427 -14.873 -25.798
56.742 -12.203 -25.307
53.024 -11.743 -26.172
54.159 -9.359 -28.972
55.853 -12.344 -30.584
52.851 -14.724 -30.187
50.112 -15.160 -32.762
47.248 -14.319 -33.042
48.333 -10.725 -32.556
46.382 -8.925 -29.884
44.892 -12.260 -28.571
47.592 -12.981 -26.008
48.351 -11.218 -22.749
51.484 -12.193 -20.949
51.340 -12.559 -17.199
54.276 -12.499 -14.819
55.054 -15.294 -12.429
54.031 -15.406 -8.759
51.825 -12.247 -9.034
48.242 -11.569 -7.944
46.140 -10.993 -11.068
42.856 -9.185 -11.012
40.619 -9.303 -14.011
37.481 -7.141 -14.308
35.028 -8.448 -16.917
32.369 -5.688 -17.195
29.162 -6.989 -18.869
27.085 -5.454 -21.648
28.217 -7.364 -24.694
25.356 -8.755 -26.774
23.609 -11.562 -24.878
24.355 -12.299 -22.226
24.730 -13.485 -19.467
28.180 -14.794 -20.457
29.825 -17.469 -18.308
33.581 -16.754 -18.480
35.982 -19.521 -17.893
39.734 -19.555 -17.273
41.986 -22.575 -17.884
44.772 -23.721 -15.590
43.230 -22.111 -12.538
40.433 -21.356 -10.259
39.822 -17.811 -8.990
38.210 -15.782 -6.206
34.979 -14.230 -7.427
35.577 -10.880 -5.786
32.482 -9.272 -7.388
29.411 -11.325 -8.641
26.552 -10.666 -11.051
23.737 -8.159 -10.044
25.683 -6.987 -7.010
28.047 -3.998 -7.196
29.615 -4.737 -3.792
32.964 -6.491 -3.892
34.026 -9.171 -1.366
37.718 -9.326 -0.313
37.270 -11.519 2.782
35.525 -14.720 1.817
34.082 -14.987 -1.750
33.695 -18.469 -3.299
36.425 -19.573 -5.632
35.279 -21.257 -8.905
36.354 -21.605 -12.529
33.386 -20.456 -14.532
31.423 -17.368 -13.591
28.493 -15.397 -14.980
29.553 -11.849 -15.729
25.902 -10.779 -15.336
24.256 -7.837 -17.137
24.930 -4.235 -18.354
26.470 -2.240 -15.423
27.860 -5.284 -13.706
31.558 -5.524 -12.979
32.251 -9.179 -12.183
35.788 -9.427 -11.035
38.157 -12.295 -10.417
41.564 -12.715 -8.760
44.080 -15.448 -8.802
47.889 -16.028 -8.328
50.173 -17.000 -11.241
51.725 -20.244 -9.914
51.287 -22.282 -13.174
53.474 -21.521 -16.294
51.766 -21.994 -19.683
49.258 -20.488 -22.143
45.819 -20.500 -20.497
42.636 -19.805 -22.431
40.089 -17.283 -21.045
36.751 -17.276 -22.788
33.015 -17.255 -22.631
31.886 -20.823 -22.276
28.867 -20.333 -24.582
30.463 -22.357 -27.336
28.799 -20.438 -30.160
30.388 -17.250 -28.656
33.779 -18.854 -28.467
33.488 -19.803 -32.127
32.494 -16.156 -32.807
35.688 -14.929 -31.151
34.982 -14.279 -27.400
38.413 -15.366 -26.073
42.049 -14.525 -25.282
45.040 -16.444 -24.051
46.860 -15.556 -20.892
50.482 -16.575 -21.571
51.556 -17.137 -17.991
55.368 -16.914 -17.466
56.539 -17.430 -20.973
60.272 -17.730 -19.854
59.529 -20.774 -17.669
56.897 -22.491 -19.941
59.216 -24.955 -21.848
61.067 -25.941 -18.753
57.894 -26.270 -16.721
56.052 -28.339 -19.462
58.292 -31.002 -21.096
56.230 -32.487 -23.907
56.111 -36.249 -24.955
57.008 -36.888 -28.663
53.401 -37.927 -29.481
52.566 -34.300 -28.634
55.315 -33.110 -30.921
53.961 -35.485 -33.625
50.520 -33.830 -33.472
51.042 -30.773 -35.731
52.950 -32.246 -38.702
50.232 -34.964 -38.960
47.563 -32.352 -38.771
49.098 -30.014 -41.341
50.008 -32.873 -43.684
46.406 -34.273 -43.582
45.043 -30.738 -44.095
