5.841 -2.762 -7.544
9.035 -1.255 -9.103
11.810 -1.600 -6.521
12.882 1.982 -6.039
15.717 3.843 -4.441
15.396 5.625 -1.151
15.067 9.376 -1.370
16.727 11.948 0.815
16.287 15.671 0.650
19.033 17.873 2.120
17.815 21.343 3.069
20.484 24.057 2.728
23.156 24.001 0.085
25.984 25.462 2.126
29.050 23.423 2.763
27.584 21.018 5.329
24.449 20.393 3.237
26.355 19.978 -0.031
28.853 17.721 1.631
26.082 15.564 3.129
24.450 15.243 -0.292
27.709 14.132 -1.871
28.505 11.589 0.849
24.999 10.096 0.662
25.250 9.773 -3.139
28.717 8.396 -2.939
27.524 5.557 -0.686
24.563 4.788 -3.060
22.208 5.282 -0.144
19.581 7.238 -1.953
18.692 9.584 -4.700
19.379 13.063 -3.389
17.476 16.326 -3.644
19.576 19.384 -2.583
17.295 22.282 -1.677
17.772 26.003 -1.127
15.919 29.251 -1.673
14.751 30.369 -5.151
17.330 33.167 -5.222
20.095 30.549 -5.026
18.648 28.047 -7.484
21.484 28.223 -9.952
24.294 27.738 -7.440
22.311 24.824 -5.871
22.013 23.273 -9.332
25.664 23.838 -9.957
26.707 22.054 -6.782
24.468 19.146 -7.539
25.658 18.888 -11.112
29.322 18.884 -10.075
28.590 16.086 -7.619
26.686 14.153 -10.279
29.577 14.537 -12.716
31.866 12.849 -10.135
29.664 9.775 -10.140
31.046 7.995 -13.207
34.610 8.322 -11.893
33.947 6.665 -8.500
31.185 4.571 -10.149
28.245 5.406 -7.924
24.695 5.244 -9.200
22.735 8.173 -7.731
20.500 10.906 -9.062
21.360 14.266 -7.527
19.299 17.329 -8.318
19.293 20.899 -7.103
16.088 22.746 -6.513
14.121 25.546 -4.903
10.777 23.768 -5.330
9.679 21.669 -2.351
7.537 19.585 -4.796
10.831 17.931 -5.706
11.166 16.708 -2.082
7.928 14.737 -2.240
7.905 11.338 -0.462
11.392 11.673 0.978
12.319 8.880 3.372
14.699 11.181 5.323
14.998 14.982 5.209
18.205 16.412 6.620
17.971 20.082 7.702
21.221 22.044 7.436
19.702 25.483 6.712
20.258 28.516 8.905
23.119 30.544 10.358
26.113 28.604 11.679
27.016 28.720 15.345
30.092 30.813 16.168
32.006 31.660 19.411
30.500 34.796 21.026
27.059 34.255 19.402
24.606 33.555 22.222
22.216 30.600 21.886
19.358 32.962 22.428
20.164 35.192 19.453
20.874 32.220 17.177
17.661 30.469 18.092
15.576 33.583 17.311
17.245 33.882 13.894
17.162 30.241 12.963
13.666 29.452 14.285
12.151 32.251 12.207
13.799 30.855 9.073
12.722 27.349 9.805
8.980 27.680 10.331
8.112 27.833 6.607
10.752 25.176 5.868
9.293 22.618 8.266
5.793 23.243 6.987
6.987 22.677 3.379
8.856 19.510 4.340
5.890 17.999 6.181
3.420 18.922 3.484
5.380 17.036 0.805
6.730 14.085 2.840
4.189 13.409 5.665
6.008 10.157 6.539
9.596 11.458 6.479
12.070 11.203 9.351
13.681 14.558 9.841
17.286 14.858 11.067
18.174 18.420 12.221
21.646 19.890 12.166
20.683 23.528 12.649
21.896 25.137 15.857
21.196 25.528 18.711
20.113 22.009 17.952
18.315 21.126 21.216
15.902 24.044 20.795
15.849 23.956 17.015
14.863 20.271 16.909
12.023 21.157 19.260
10.940 23.980 16.987
10.860 21.607 14.000
8.986 18.988 16.070
6.277 21.466 17.062
5.680 22.618 13.458
5.895 19.314 11.641
2.982 17.382 13.093
5.107 14.243 13.255
5.503 11.708 16.074
8.558 12.476 18.209
10.384 9.372 17.020
10.529 10.872 13.540
12.070 14.277 14.446
15.643 14.034 15.681
18.698 16.076 15.966
