-14.313 29.251 -8.797
-14.225 25.448 -9.114
-17.790 24.852 -7.929
-16.303 21.974 -5.917
-17.804 21.662 -2.406
-15.999 20.427 0.768
-18.345 17.402 0.689
-19.107 15.779 -2.663
-21.011 12.757 -3.921
-19.527 10.271 -6.357
-21.373 8.360 -9.043
-19.354 5.825 -11.032
-19.876 3.256 -13.762
-17.169 0.791 -14.804
-17.319 -1.677 -17.665
-14.459 -3.863 -18.706
-12.904 -7.158 -19.640
-10.083 -9.065 -17.984
-8.732 -12.343 -19.404
-11.775 -12.393 -21.696
-14.213 -12.103 -18.782
-16.676 -9.201 -19.151
-17.974 -7.229 -16.173
-20.003 -4.177 -15.202
-19.507 -2.534 -11.806
-21.410 0.413 -10.278
-20.148 2.749 -7.591
-21.769 5.263 -5.236
-19.622 7.157 -2.756
-18.860 10.371 -0.912
-15.687 12.343 -0.359
-13.911 15.458 0.825
-11.925 16.907 -2.103
-9.963 19.346 0.055
-8.978 16.645 2.550
-8.108 14.176 -0.215
-10.329 11.438 1.226
-13.130 9.421 -0.374
-15.156 6.232 0.161
-17.241 4.227 -2.294
-19.644 1.316 -2.308
-19.128 -0.840 -5.378
-21.471 -3.479 -6.704
-20.775 -5.968 -9.470
-23.807 -5.770 -11.769
-22.576 -8.177 -14.455
-19.940 -10.886 -14.657
-19.928 -11.711 -10.962
-18.377 -13.445 -9.271
-15.158 -12.012 -10.726
-12.616 -14.767 -11.454
-9.753 -12.347 -10.751
-8.402 -10.270 -7.845
-10.696 -7.310 -7.189
-7.615 -5.307 -6.149
-6.430 -4.772 -9.755
-9.511 -2.604 -10.367
-9.365 -0.386 -7.315
-7.174 2.514 -8.520
-9.589 2.867 -11.452
-12.408 3.500 -8.957
-10.087 10.875 -9.518
-7.187 13.080 -8.360
-9.664 15.781 -7.377
-9.643 13.783 -4.124
-6.138 14.764 -3.104
-5.178 17.447 -0.625
-3.201 20.049 -2.566
-1.171 22.628 -0.636
-1.307 26.233 -1.815
2.182 26.272 -3.340
1.367 23.462 -5.792
-0.938 24.087 -8.758
-4.054 21.887 -8.517
-4.766 20.850 -12.117
-7.679 18.673 -11.059
-9.807 21.108 -9.055
-9.073 23.817 -11.641
-10.445 21.488 -14.342
-13.921 21.946 -12.932
-16.713 22.727 -13.374
-16.097 21.349 -16.912
-14.042 18.344 -15.759
-11.274 16.185 -17.172
-10.378 12.701 -18.343
-7.565 10.245 -17.763
-6.070 7.199 -19.448
-3.863 4.706 -17.685
-1.703 1.695 -18.381
-0.953 -0.877 -15.685
2.053 -3.096 -16.354
2.333 -6.067 -13.964
5.622 -7.872 -13.448
4.258 -11.181 -14.763
3.050 -9.900 -18.146
-0.448 -8.832 -17.157
-1.221 -5.478 -18.783
-4.288 -3.339 -18.188
-5.491 -0.142 -19.751
-8.157 2.026 -18.148
-9.924 5.321 -18.861
-12.168 7.601 -16.878
-14.197 10.545 -18.162
-14.999 12.743 -15.168
-17.800 15.277 -15.024
-19.682 17.231 -12.360
-23.343 18.100 -11.895
-24.152 19.980 -8.703
-22.691 18.105 -5.744
-21.821 14.925 -7.668
-18.876 13.741 -9.766
-19.768 11.342 -12.554
-17.262 8.764 -13.755
-17.475 6.764 -16.968
-14.790 4.126 -16.436
-13.409 1.429 -18.761
-10.916 -1.284 -17.796
-9.265 -4.004 -19.929
-6.696 -6.527 -18.815
-4.810 -9.115 -20.860
-2.074 -11.742 -20.535
-2.511 -12.575 -16.851
-1.094 -16.084 -16.278
-3.571 -18.728 -15.056
-1.558 -19.402 -11.896
-0.481 -15.848 -11.133
-1.806 -14.030 -8.053
-4.431 -12.151 -10.064
-6.276 -15.109 -11.597
-5.709 -17.073 -8.363
-7.015 -14.219 -6.198
-3.999 -14.250 -3.907
-3.738 -10.470 -3.347
-4.241 -8.746 0.035
-3.978 -5.012 -0.701
-2.093 -2.218 -2.431
0.746 -0.849 -0.312
0.820 2.930 0.231
2.325 4.550 -2.860
3.686 7.831 -4.228
2.638 9.142 -7.638
5.206 11.246 -9.526
3.402 14.087 -11.355
5.031 15.849 -14.301
4.355 17.339 -17.725
5.212 14.985 -20.550
4.631 15.950 -24.171
2.490 18.825 -22.895
0.275 16.620 -20.744
0.191 16.186 -16.961
1.355 12.606 -16.344
1.674 10.495 -13.192
4.032 7.514 -12.935
3.855 5.110 -9.988
5.821 2.128 -8.684
3.052 0.061 -7.072
2.971 -3.142 -5.058
0.231 -5.577 -4.140
0.825 -7.414 -0.881
0.194 -11.129 -1.502
-0.724 -14.005 0.805
2.523 -15.462 2.158
3.618 -11.832 2.423
5.332 -11.621 -0.929
4.808 -8.525 -3.088
3.626 -8.280 -6.694
4.866 -5.250 -8.652
2.864 -3.050 -11.019
3.976 0.090 -12.855
1.301 2.690 -13.559
1.235 5.587 -16.023
-1.743 7.931 -16.093
-2.236 10.861 -18.472
-4.580 13.627 -17.298
-6.272 16.061 -19.677
-8.541 18.972 -18.734
-11.673 19.350 -20.849
-11.459 23.154 -20.836
-8.741 25.386 -22.264
-6.599 27.583 -20.039
-5.883 25.203 -17.164
-2.415 25.966 -15.825
0.007 23.016 -15.700
1.691 22.244 -12.380
5.396 21.838 -11.775
6.745 18.423 -10.732
5.213 17.164 -7.514
4.328 14.044 -5.565
1.025 12.570 -4.507
0.996 10.058 -1.642
-1.796 7.521 -1.845
-3.230 4.802 0.285
-6.172 2.738 -0.862
-8.080 0.163 1.134
-10.941 -2.256 0.771
-12.650 -1.586 4.105
-15.103 -4.453 3.613
-16.386 -6.942 1.066
-18.733 -9.884 0.782
-17.375 -13.347 0.052
-17.275 -13.083 -3.737
-16.385 -9.362 -3.854
-19.702 -8.697 -5.576
-20.000 -5.932 -2.980
-17.018 -3.866 -1.868
-16.451 -0.769 0.246
-13.413 1.169 -0.950
-11.491 4.037 0.638
-8.662 6.334 -0.536
-6.529 9.004 1.097
-4.268 11.185 -1.068
-2.023 14.176 -0.339
0.109 16.198 -2.755
3.452 17.564 -1.644
6.797 18.797 -2.921
8.871 15.988 -1.438
11.824 16.555 0.869
13.052 18.676 2.421
9.930 20.790 3.033
7.168 18.150 3.163
