33.807 36.795 59.905
35.375 37.841 56.546
38.536 35.809 56.924
36.347 32.924 58.100
34.104 33.132 55.000
37.104 33.278 52.639
38.913 30.334 54.347
35.795 28.220 54.126
35.595 28.883 50.354
39.266 27.947 49.969
38.941 24.781 52.050
35.913 23.673 50.002
37.934 24.027 46.786
36.372 27.246 45.554
38.970 29.604 44.148
37.655 33.140 43.659
40.931 35.031 43.870
41.407 37.129 40.719
37.759 36.553 39.792
34.327 38.170 40.105
31.783 37.895 42.928
28.217 39.155 43.231
27.032 39.473 46.813
23.781 40.463 48.505
24.038 42.458 51.719
25.608 45.431 53.434
25.505 44.646 57.171
28.287 43.282 59.359
28.728 40.011 57.550
28.591 41.354 54.048
30.913 44.255 54.853
33.467 41.908 56.486
33.297 39.548 53.477
33.555 42.327 50.869
36.536 43.917 52.553
38.340 40.635 53.021
37.617 39.473 49.479
39.126 42.708 48.216
42.167 42.415 50.515
42.698 38.778 49.412
42.701 39.673 45.725
39.214 39.040 44.402
39.167 41.097 41.120
35.666 42.527 41.124
32.711 42.655 43.503
29.160 43.644 42.634
27.104 44.372 45.749
23.276 44.339 45.826
21.208 45.617 48.744
17.719 46.869 49.337
17.244 50.616 49.853
17.231 50.363 53.648
19.444 51.853 56.361
22.369 49.679 55.288
22.536 50.945 51.689
24.660 53.951 52.798
27.087 51.529 54.509
27.522 49.647 51.182
28.263 52.951 49.481
31.092 53.479 52.004
32.319 49.900 51.396
32.493 50.579 47.658
34.549 53.746 48.302
36.950 51.882 50.662
37.514 48.999 48.285
38.121 51.169 45.231
40.475 53.572 47.039
42.449 51.129 49.258
42.699 47.972 47.154
43.168 46.830 43.558
39.631 45.330 43.609
36.819 46.998 41.563
33.556 47.291 43.467
30.101 48.672 42.615
26.687 48.781 44.298
23.180 48.303 42.950
19.632 48.035 44.289
18.550 44.404 44.827
15.321 45.282 42.926
17.385 46.086 39.785
16.729 42.657 38.392
18.234 43.170 34.929
21.505 44.372 36.488
21.411 41.431 38.931
21.043 38.977 36.052
24.049 40.548 34.263
26.261 40.641 37.354
25.495 37.027 38.297
26.165 35.909 34.719
29.568 37.548 34.831
30.535 36.181 38.266
32.060 32.876 39.386
30.216 33.078 42.726
26.882 34.489 43.964
26.644 34.978 47.723
23.854 35.743 50.080
25.100 37.725 53.118
21.679 38.848 54.397
19.285 37.225 56.852
16.926 36.214 54.020
16.598 32.450 54.062
17.000 32.288 57.860
14.072 32.762 60.313
11.934 34.933 60.044
12.556 34.603 56.285
12.935 30.796 56.081
11.800 29.488 52.679
12.272 32.939 51.106
15.027 34.289 48.863
16.192 37.540 47.262
16.819 35.659 43.931
14.064 36.613 41.479
14.488 33.665 39.131
16.310 30.351 39.041
17.190 31.057 35.398
19.704 33.650 36.607
21.913 30.706 37.819
23.960 28.656 35.319
25.182 25.193 36.478
28.807 26.323 36.724
28.118 29.105 39.187
29.124 28.629 42.827
26.246 29.656 45.113
27.090 30.508 48.693
25.086 31.478 51.757
26.233 32.808 55.157
23.168 31.101 56.676
23.601 27.581 58.116
20.318 27.195 60.036
18.614 25.975 57.939
21.425 23.931 56.404
19.962 24.639 52.940
18.275 28.029 52.404
15.721 28.354 49.627
18.513 29.938 47.589
20.787 26.922 48.050
17.929 24.589 47.215
17.170 26.423 43.959
20.898 26.428 43.116
21.227 22.680 43.750
18.188 22.062 41.512
19.952 24.060 38.741
23.051 21.809 39.090
25.217 24.320 40.947
27.811 23.676 43.587
26.651 25.191 46.853
28.114 26.063 50.216
26.259 27.063 53.370
27.645 29.080 56.348
28.972 26.198 58.482
32.536 26.592 57.282
32.411 30.359 57.841
31.199 29.702 61.395
34.030 27.261 62.083
36.782 29.420 60.641
35.650 32.727 62.174
35.782 30.810 65.473
39.145 29.145 64.716
40.734 32.543 64.070
39.263 34.053 67.278
40.537 31.011 69.234
44.077 31.558 67.902
44.004 35.257 68.728
43.258 34.456 72.388
45.395 31.305 72.896
48.136 31.596 70.275
47.237 27.976 69.382
45.527 26.565 66.333
42.014 25.315 66.921
41.767 21.559 66.118
39.307 22.296 63.269
38.884 18.780 61.866
38.021 17.539 65.344
35.514 20.323 65.990
33.918 19.995 62.518
33.327 16.296 63.158
31.604 16.768 66.496
29.658 19.962 65.836
29.133 20.853 62.153
