-11.020 27.542 -2.118
-13.291 24.532 -1.715
-13.245 23.214 1.852
-14.175 19.823 0.428
-11.086 19.491 -1.763
-9.559 16.004 -1.515
-6.115 16.260 0.063
-3.409 13.618 0.406
-0.970 14.157 3.302
2.360 12.390 2.741
5.106 11.688 5.283
6.835 8.739 6.935
6.152 10.038 10.451
2.605 9.155 11.506
2.676 11.771 14.265
3.499 14.510 11.744
0.802 13.344 9.331
-1.690 13.624 12.186
-0.540 17.123 13.127
-0.961 18.296 9.524
-4.370 16.608 9.271
-5.468 18.379 12.450
-4.215 21.791 11.315
-6.107 21.305 8.056
-9.117 20.375 10.179
-8.794 23.702 12.015
-8.964 25.461 8.646
-12.116 23.557 7.723
-10.485 21.032 5.390
-11.636 17.573 6.481
-11.411 15.555 3.244
-7.895 14.387 4.028
-6.246 10.992 3.570
-2.708 9.761 4.269
0.283 7.952 2.727
3.511 7.043 4.540
5.892 7.461 1.599
6.115 8.546 -2.015
5.837 4.857 -2.939
2.451 4.487 -1.272
1.287 7.976 -2.231
1.600 7.499 -5.987
-0.927 4.657 -6.324
-3.393 6.587 -4.159
-3.112 9.587 -6.486
-3.158 7.396 -9.601
-6.510 5.809 -8.683
-8.049 8.331 -6.273
-8.737 11.596 -8.126
-7.225 13.887 -5.490
-7.186 17.692 -5.649
-4.151 18.610 -3.549
-0.962 17.050 -2.194
0.907 18.074 0.953
4.128 16.082 1.046
7.157 16.067 3.294
10.450 16.403 1.434
12.353 13.726 3.366
11.134 10.127 2.958
13.113 6.812 2.700
11.298 4.936 -0.081
10.589 7.654 -2.617
11.705 11.174 -1.672
9.375 14.143 -1.818
11.052 15.641 -4.866
10.768 12.330 -6.694
7.063 12.031 -5.824
6.720 15.508 -7.323
8.659 14.526 -10.455
6.521 11.389 -10.840
3.382 13.514 -10.481
4.589 16.002 -13.102
5.687 13.289 -15.555
2.269 11.594 -15.468
-0.294 13.070 -17.874
-3.156 12.219 -15.492
-1.558 13.720 -12.386
0.541 16.674 -13.553
-2.278 19.139 -12.815
-2.017 18.468 -9.068
-0.913 21.382 -6.884
1.813 20.277 -4.466
2.898 21.861 -1.179
6.252 20.672 0.161
7.102 20.499 3.862
10.715 21.199 4.816
12.701 21.517 8.055
14.489 24.555 6.602
13.837 26.373 3.323
17.465 26.450 2.160
17.684 28.406 -1.106
19.307 25.434 -2.881
16.440 23.152 -1.854
13.720 25.612 -2.829
15.298 26.374 -6.221
15.538 22.667 -7.047
11.948 22.016 -5.971
10.774 24.994 -8.020
12.516 23.665 -11.143
10.906 20.291 -10.442
7.527 22.030 -10.489
6.497 22.465 -6.834
3.688 24.982 -6.095
4.897 26.175 -2.703
6.732 25.236 0.484
6.146 25.505 4.213
8.732 25.329 6.991
8.112 23.153 10.032
7.283 23.693 12.778
4.356 25.589 11.251
0.948 26.888 12.346
-2.565 26.732 10.923
-2.199 30.450 10.214
0.873 29.942 8.029
-0.683 26.883 6.394
-3.737 28.971 5.492
-1.476 31.623 3.955
0.461 29.069 1.909
-2.748 27.488 0.600
-4.160 30.817 -0.605
-0.851 31.590 -2.288
-0.826 28.241 -4.101
-4.475 28.288 -5.062
-3.422 30.879 -7.549
9.925 12.842 6.737
