31.640 23.394 19.811
30.565 25.052 23.060
28.987 22.757 25.654
27.360 23.913 28.892
27.763 21.926 32.096
27.244 22.445 35.815
30.504 23.052 37.665
31.508 20.005 39.703
31.875 16.236 39.024
29.918 16.323 35.748
32.264 18.981 34.404
35.152 16.615 35.181
33.323 13.938 33.224
32.920 16.372 30.332
36.644 17.183 30.477
37.392 13.550 29.678
34.758 13.563 26.941
36.438 16.675 25.517
39.766 14.859 25.301
38.131 11.912 23.555
36.381 14.339 21.204
39.718 15.837 20.138
41.839 12.680 20.101
39.334 10.322 18.483
36.998 12.618 16.535
39.239 15.579 15.726
36.564 17.754 17.352
37.275 20.862 19.452
34.966 21.207 22.440
34.931 24.258 24.699
33.326 23.584 28.096
31.225 26.439 29.515
30.388 25.908 33.200
27.327 27.209 35.031
26.279 27.261 38.690
22.494 26.938 38.526
20.313 24.264 36.910
18.071 27.035 35.565
20.729 28.607 33.326
22.283 26.222 30.738
18.997 25.997 28.755
18.833 29.793 28.508
22.449 29.743 27.323
21.537 27.117 24.714
18.431 29.020 23.611
20.302 32.326 23.262
23.259 30.820 21.380
25.845 31.165 24.171
26.467 27.412 23.993
25.722 24.871 21.242
24.767 22.025 23.557
24.444 21.297 27.239
24.782 18.217 29.422
23.311 18.675 32.888
19.651 17.654 33.023
17.128 14.839 32.708
14.105 14.832 30.388
11.499 15.764 33.037
13.570 18.826 33.950
13.858 19.766 30.263
10.132 19.332 29.672
9.360 21.389 32.771
11.602 24.314 31.788
10.288 24.216 28.202
6.767 24.543 29.579
7.899 27.518 31.685
10.046 29.331 29.138
9.086 28.021 25.689
12.610 27.029 24.619
12.944 25.113 21.360
15.384 22.508 22.665
15.531 18.742 22.220
17.517 15.798 23.564
19.855 14.046 21.126
20.846 11.234 23.483
21.252 9.934 27.023
24.473 9.975 29.036
24.115 8.508 32.514
21.432 8.113 35.133
22.495 9.233 38.612
20.225 7.489 41.146
19.214 10.057 43.760
20.018 9.350 47.403
18.482 10.297 50.736
21.105 11.600 53.156
21.338 12.591 56.804
23.818 13.701 59.440
21.313 12.945 62.206
20.141 9.368 61.522
21.716 6.160 60.192
18.420 4.383 59.558
15.105 5.641 58.210
13.113 4.169 61.108
14.917 6.598 63.437
12.843 9.513 62.092
10.833 11.182 64.844
7.319 12.546 64.458
7.409 15.928 62.739
10.947 15.442 61.437
12.061 17.841 58.679
12.822 16.421 55.243
14.467 18.684 52.662
13.752 18.236 48.945
14.661 20.221 45.788
12.235 23.089 45.035
12.179 22.928 41.221
9.076 21.065 39.921
10.627 17.924 38.410
13.250 17.173 41.047
10.759 17.929 43.807
8.335 15.392 42.343
11.301 13.040 42.010
12.258 13.426 45.667
8.670 12.860 46.799
8.596 9.642 44.777
11.794 8.576 46.543
10.285 9.338 49.969
7.402 7.101 48.926
9.835 4.361 47.900
11.303 4.843 51.381
7.825 4.029 52.745
7.747 7.398 54.522
4.748 8.786 52.655
2.168 7.776 50.096
1.210 9.957 47.156
-2.317 10.206 45.779
-2.981 7.338 43.375
-1.882 7.502 39.720
6.299 12.966 37.727
4.538 16.226 38.651
3.880 15.463 42.331
3.782 18.212 44.966
3.390 17.911 48.753
-0.317 18.578 48.143
-0.312 15.123 46.589
0.764 13.463 49.819
-2.183 11.282 50.812
-0.544 9.568 53.784
2.061 11.001 56.169
2.068 8.812 59.346
4.949 10.551 61.136
3.648 13.950 60.036
6.990 14.680 58.411
7.611 18.304 57.464
8.693 18.886 53.858
11.249 21.664 53.384
11.648 22.929 49.815
15.167 24.195 49.008
17.036 25.071 45.834
19.001 21.997 44.713
22.371 23.703 45.249
21.480 24.432 48.891
20.457 20.918 49.951
23.942 19.665 50.818
24.394 22.447 53.387
21.016 21.795 55.022
21.987 18.593 56.825
22.674 20.450 60.058
19.108 21.757 60.073
17.042 18.865 58.722
16.745 15.200 59.602
16.902 13.901 56.028
17.486 15.352 52.562
16.998 14.154 49.003
20.059 15.449 47.141
21.040 15.300 43.462
24.270 13.363 43.045
26.097 16.236 41.305
25.617 18.251 44.514
26.089 15.415 47.015
29.546 14.456 45.758
31.269 17.837 46.179
29.801 17.883 49.704
31.695 14.709 50.588
28.550 12.586 50.330
28.647 9.332 48.362
25.402 7.801 47.012
26.860 4.298 47.423
28.460 4.863 50.820
26.413 7.520 52.595
22.830 7.350 51.291
20.282 5.621 53.520
18.461 4.751 50.295
18.691 5.520 46.566
16.437 5.273 43.521
16.656 2.235 41.293
18.596 2.395 37.996
15.521 2.209 35.748
14.048 5.646 36.398
12.964 8.366 33.957
15.936 10.479 35.126
18.768 9.625 32.734
20.658 12.797 31.865
20.781 13.978 28.275
22.631 16.090 25.786
20.305 18.883 24.718
20.668 21.061 21.622
18.606 23.654 19.767
15.786 22.145 17.708
17.349 23.460 14.490
20.622 21.669 15.322
19.248 18.207 16.127
20.943 16.656 13.070
24.310 18.372 13.519
26.957 15.625 13.193
29.413 17.387 15.524
26.811 17.551 18.296
25.932 13.883 17.696
29.652 13.116 18.002
29.627 14.638 21.489
27.005 12.064 22.498
29.154 9.287 21.045
32.240 10.526 22.932
30.237 10.530 26.179
29.638 6.802 25.579
33.312 6.063 24.896
35.267 3.511 26.955
37.419 6.334 28.369
34.400 8.347 29.535
32.789 5.243 31.041
36.050 4.477 32.833
36.205 8.062 34.137
32.578 7.919 35.273
33.534 4.907 37.397
36.347 6.869 39.050
34.258 10.009 39.612
30.852 8.517 40.490
31.458 4.831 41.194
28.145 2.962 41.198
26.480 6.380 41.414
26.538 6.714 37.629
24.888 4.200 35.316
25.474 4.360 31.543
22.190 5.188 29.809
