6.985 -9.261 -12.134
5.646 -8.088 -8.774
4.224 -11.016 -6.880
4.209 -9.616 -3.404
3.481 -6.335 -1.692
4.606 -5.858 1.846
3.704 -3.143 4.225
5.102 -1.448 7.277
2.772 -1.149 10.357
3.285 1.962 12.445
3.042 5.156 10.490
1.893 3.350 7.335
-1.364 1.580 8.167
-2.382 3.412 11.386
-3.304 7.119 11.157
-1.108 9.704 12.877
-4.281 11.172 14.372
-5.143 7.726 15.845
-1.546 7.186 17.029
-1.432 10.624 18.679
-4.889 10.212 20.289
-4.101 6.711 21.613
-0.673 7.852 22.912
-2.189 10.910 24.535
-4.630 8.593 26.315
-1.684 6.361 27.387
0.121 9.355 28.878
-3.100 10.540 30.571
-3.516 7.130 32.116
0.137 7.027 33.162
-0.227 10.473 34.794
-3.239 12.439 36.024
-3.246 13.701 39.343
0.465 14.084 38.303
0.866 17.845 37.471
2.624 17.241 34.104
0.923 17.974 30.871
0.252 14.602 29.214
0.834 16.268 25.827
4.338 17.208 26.998
5.024 13.756 28.311
3.882 12.408 24.930
6.174 14.842 23.064
9.112 13.713 25.199
8.228 10.118 24.777
7.977 10.537 21.034
11.355 12.361 20.997
13.160 9.749 23.095
11.591 6.822 21.217
12.625 8.386 17.897
16.124 8.599 19.173
16.107 4.997 20.415
14.689 3.712 17.095
17.421 5.650 15.323
19.987 4.135 17.701
18.835 0.567 17.030
18.316 0.885 13.306
19.798 -1.975 11.458
21.021 -3.501 14.710
20.366 -6.734 16.476
16.943 -6.912 17.900
16.158 -5.968 21.471
12.505 -6.110 22.529
10.752 -2.958 21.666
8.717 -3.470 24.862
12.084 -3.128 26.693
13.157 -0.083 24.727
9.772 1.713 25.263
9.771 0.741 28.956
13.309 2.106 29.240
12.121 5.372 27.802
9.098 5.554 30.042
11.309 4.855 33.101
13.651 7.631 32.070
10.651 9.987 31.754
9.213 8.934 35.089
12.580 9.617 36.781
12.964 12.906 34.860
9.545 14.216 35.893
9.165 12.583 39.292
6.089 10.437 38.550
5.806 6.719 39.284
6.722 4.431 36.357
3.605 2.296 35.675
4.691 -1.337 35.667
1.772 -2.130 33.419
2.710 0.415 30.739
2.784 -2.286 28.083
-0.825 -3.234 28.966
-1.995 0.294 29.135
-0.395 0.870 25.703
-2.233 -2.060 24.261
-5.569 -1.134 25.742
-5.403 2.489 24.410
-4.100 1.504 20.996
-6.947 -1.003 20.715
-9.651 1.530 21.477
-8.300 4.644 19.790
-5.984 3.377 17.037
-7.434 3.876 13.585
-6.476 2.856 10.082
-5.887 5.301 7.337
-9.115 5.474 5.392
-7.928 3.417 2.408
-6.052 0.646 4.107
-8.742 -2.006 4.056
-9.739 -1.197 0.503
-6.104 -1.465 -0.621
-5.161 -4.665 1.244
-8.409 -6.231 0.148
-7.788 -5.326 -3.483
-4.387 -6.997 -3.286
-5.483 -10.236 -1.585
-5.605 -13.282 -3.873
-3.694 -11.431 -6.602
-0.479 -10.658 -4.761
0.892 -12.006 -1.584
0.186 -9.222 0.943
2.662 -9.164 3.829
3.658 -7.014 6.716
7.244 -6.299 7.710
7.561 -4.378 10.927
10.101 -3.560 13.591
7.594 -4.308 16.275
7.809 -7.181 18.695
5.706 -10.072 17.434
3.224 -9.741 20.249
2.954 -6.083 19.481
2.451 -6.722 15.785
-0.249 -9.336 16.424
-1.894 -6.970 18.901
-1.758 -4.154 16.302
-3.252 -6.290 13.666
-5.978 -7.849 15.748
-7.104 -4.536 17.283
-7.284 -2.752 13.976
-9.170 -5.728 12.476
-6.623 -6.385 9.690
-4.937 -9.640 10.712
-6.569 -11.833 8.080
-5.732 -9.378 5.384
-2.093 -10.473 5.511
-0.643 -13.582 4.020
2.514 -13.163 6.153
3.600 -11.053 9.066
7.312 -10.623 9.688
8.855 -8.852 12.618
12.302 -7.684 13.754
11.903 -10.136 16.644
11.708 -12.978 14.255
14.514 -11.834 11.990
16.728 -10.850 14.823
17.449 -7.361 13.502
15.746 -4.051 13.024
15.107 -2.338 9.693
17.009 -1.577 7.465
18.937 -4.756 8.190
18.509 -7.098 5.222
17.549 -10.120 7.221
14.056 -8.788 8.059
13.286 -8.421 4.407
14.945 -11.638 3.530
12.740 -13.422 6.060
9.605 -11.875 4.700
10.645 -12.805 1.115
11.241 -16.355 2.286
7.841 -16.629 3.952
6.276 -15.437 0.703
8.560 -17.568 -1.501
9.377 -14.679 -3.763
12.562 -12.980 -4.797
13.246 -9.345 -3.800
12.814 -8.139 -7.351
9.301 -9.627 -7.268
8.287 -7.593 -4.280
7.318 -4.127 -3.244
7.756 -2.624 0.185
5.609 0.231 1.342
6.585 2.213 4.450
6.754 5.605 5.910
10.431 5.738 6.763
12.533 6.501 3.717
15.820 5.242 5.200
14.580 2.185 7.199
11.842 1.055 4.847
12.681 2.279 1.392
16.458 2.007 1.734
16.234 -1.258 3.548
13.959 -2.889 1.084
16.044 -1.724 -1.894
19.005 -3.752 -0.673
17.063 -6.868 -1.499
16.090 -5.543 -4.945
12.553 -4.753 -3.735
10.597 -1.823 -5.256
10.253 0.786 -2.540
7.236 3.032 -1.938
7.224 5.757 0.554
3.955 6.789 2.118
4.339 10.497 2.769
0.828 11.714 3.152
1.713 15.340 3.871
4.897 15.681 1.840
6.798 16.136 5.143
9.710 13.908 4.163
10.719 15.508 0.816
14.222 15.773 2.169
14.543 11.946 1.752
12.337 11.295 -1.317
15.431 10.435 -3.310
15.868 7.286 -1.213
12.596 5.839 -2.569
11.446 4.522 -5.900
7.908 5.956 -5.507
6.342 8.400 -3.191
2.627 8.215 -2.564
0.375 10.339 -0.395
-2.387 7.682 -0.328
-2.040 3.893 -0.354
-4.425 3.544 -3.290
-1.497 4.568 -5.526
0.240 1.333 -4.455
-2.077 -0.751 -6.677
-1.559 1.840 -9.394
2.169 1.431 -9.153
