5.523 9.831 -46.776
6.416 12.516 -49.316
4.015 15.368 -50.073
4.264 16.946 -53.527
3.216 20.587 -53.810
2.869 22.019 -57.315
3.056 25.709 -58.208
1.407 27.689 -59.519
-2.156 26.384 -59.198
-3.068 27.813 -62.599
-0.487 28.789 -65.209
-1.883 31.443 -67.554
0.185 31.272 -70.734
-0.152 32.344 -74.373
0.579 30.048 -77.364
4.272 30.439 -78.152
5.471 31.483 -74.708
7.683 29.469 -72.365
6.148 27.635 -69.405
7.900 26.359 -66.279
5.891 24.214 -63.867
7.257 23.521 -60.399
6.890 20.739 -57.842
7.986 21.252 -54.239
8.692 17.954 -52.478
8.591 17.826 -48.673
11.568 15.459 -48.510
14.715 15.042 -50.607
14.138 12.834 -53.652
16.752 11.212 -55.896
16.677 13.027 -59.277
16.225 9.735 -61.161
13.023 8.882 -59.285
10.529 11.465 -60.550
7.785 11.506 -63.188
5.405 13.902 -64.947
1.937 13.230 -66.356
-0.466 15.102 -68.628
-4.264 14.922 -68.682
-6.490 16.627 -71.245
-10.157 17.080 -70.304
-12.277 13.928 -70.427
-9.231 11.761 -71.095
-6.992 9.430 -69.114
-3.574 10.711 -67.940
-0.437 10.273 -70.062
3.241 9.933 -69.138
5.479 12.784 -70.298
8.709 12.439 -68.341
10.085 9.496 -66.396
13.367 8.793 -64.603
13.636 12.500 -63.821
14.418 13.934 -67.246
13.622 11.319 -69.890
10.813 11.854 -72.403
8.214 9.083 -72.557
7.102 7.187 -75.658
6.294 9.601 -78.476
6.564 12.777 -76.411
7.276 16.022 -78.287
10.728 17.624 -78.303
9.661 20.745 -76.391
8.890 18.867 -73.166
11.722 18.521 -70.653
12.030 17.765 -66.945
14.708 18.001 -64.276
15.644 19.039 -60.756
16.786 17.398 -57.528
16.256 17.337 -53.768
13.010 19.165 -53.030
12.566 21.165 -56.238
11.659 19.695 -59.629
10.550 21.465 -62.812
8.763 20.637 -66.057
9.506 23.019 -68.922
7.688 23.573 -72.209
9.856 25.458 -74.718
7.050 27.031 -76.720
3.547 25.887 -75.832
0.975 24.624 -78.316
-2.831 24.871 -78.018
-2.838 21.086 -77.555
-0.621 21.505 -74.487
-3.389 23.217 -72.544
-4.221 20.630 -69.893
-3.704 19.617 -66.273
-0.208 18.441 -65.332
0.619 16.121 -62.438
4.035 15.370 -60.953
4.826 12.044 -59.292
7.660 10.809 -57.095
8.762 7.219 -56.550
11.866 7.505 -54.389
9.842 6.955 -51.233
6.845 4.806 -50.324
4.036 5.345 -50.745
4.251 6.998 -54.160
2.373 10.294 -54.414
1.092 12.817 -56.954
0.885 16.600 -56.937
-2.474 18.333 -56.575
-2.256 19.410 -60.212
-1.185 22.442 -62.228
-3.637 23.530 -64.930
-2.269 25.387 -67.955
-4.856 27.843 -69.267
-4.936 30.216 -72.231
-4.227 33.736 -70.995
