-36.213 36.097 -70.089
-33.473 37.053 -67.594
-34.345 33.918 -65.622
-34.465 31.787 -68.788
-38.213 31.149 -68.764
-40.570 30.877 -71.742
-43.343 33.425 -71.184
-46.071 30.861 -72.048
-44.851 28.501 -69.312
-45.186 30.989 -66.468
-48.233 31.388 -64.205
-48.112 35.033 -63.149
-50.157 37.973 -61.961
-49.461 41.617 -61.077
-51.683 44.016 -59.171
-51.578 47.396 -57.530
-51.874 50.958 -58.689
-50.843 52.736 -61.939
-47.005 52.695 -62.095
-47.357 50.904 -58.803
-47.878 47.237 -59.613
-46.243 44.212 -58.092
-45.630 40.648 -59.179
-47.933 39.087 -56.594
-47.893 35.710 -58.332
-44.923 34.110 -60.039
-45.050 30.352 -60.598
-43.183 27.913 -62.848
-43.419 24.143 -63.310
-46.230 24.063 -60.757
-44.381 25.898 -57.977
-43.435 29.343 -56.622
-40.803 30.758 -58.952
-39.517 33.429 -56.555
-36.692 31.121 -55.342
-35.495 31.306 -58.975
-35.294 35.122 -58.718
-33.372 34.772 -55.452
-30.859 32.561 -57.237
-30.500 35.097 -60.032
-29.894 37.839 -57.472
-27.192 35.756 -55.771
-25.422 35.004 -59.052
-26.251 37.673 -61.640
-27.305 40.927 -59.920
-23.768 42.091 -59.226
-22.902 42.022 -62.940
-26.253 43.265 -64.252
-25.964 46.155 -66.738
-28.780 48.203 -68.333
-29.209 47.791 -72.101
-30.435 51.395 -72.272
-31.639 54.271 -70.013
-35.140 52.722 -69.778
-33.858 49.341 -68.654
-34.522 49.073 -64.898
-36.501 45.894 -64.261
-33.631 43.794 -62.888
-31.706 46.742 -61.438
-30.278 46.912 -57.886
-33.119 49.327 -57.014
-35.712 46.790 -58.195
-34.085 44.048 -56.100
-33.652 46.281 -53.069
-37.389 46.993 -53.251
-38.015 43.248 -53.672
-35.970 42.544 -50.523
-38.003 45.042 -48.529
-41.508 44.430 -49.902
-41.436 40.678 -50.572
-42.604 40.915 -54.183
-40.924 42.411 -57.243
-42.037 45.878 -58.378
-42.885 45.754 -62.044
-42.330 48.180 -64.895
-42.621 51.875 -64.042
-42.991 50.871 -60.400
-39.189 50.515 -60.305
-38.883 54.165 -61.335
-41.278 55.162 -58.562
-39.184 54.482 -55.483
-38.304 56.516 -52.420
-35.580 59.183 -52.398
-33.171 56.410 -51.295
-32.534 55.727 -54.990
-32.910 59.235 -56.337
-31.217 61.921 -54.184
-28.981 62.989 -57.076
-27.631 61.710 -60.385
-24.725 59.890 -58.705
-27.148 58.061 -56.427
-29.262 57.090 -59.444
-26.126 55.668 -61.111
-25.406 53.561 -58.060
-28.928 52.026 -58.054
-29.718 51.850 -61.777
-26.085 51.876 -62.907
-24.703 53.501 -66.083
-27.415 55.922 -67.194
-28.938 56.655 -63.786
-32.210 55.491 -65.302
-34.313 57.750 -67.498
-35.717 60.276 -65.015
-32.632 62.479 -64.590
-31.217 65.803 -65.850
-29.159 64.168 -68.583
-31.280 61.353 -69.971
-34.752 62.917 -69.880
-34.100 66.042 -71.953
-32.115 63.759 -74.249
-35.155 61.488 -74.601
-37.525 64.399 -75.346
-35.174 65.703 -78.026
-35.128 62.265 -79.659
-38.926 62.242 -79.585
-39.051 65.663 -81.234
-36.668 64.553 -84.012
-38.425 61.255 -84.607
-41.638 63.231 -84.956
-40.096 65.677 -87.407
-38.752 62.780 -89.519
-42.299 61.384 -89.688
-43.603 64.770 -90.817
-40.939 64.891 -93.520
-41.806 61.325 -94.561
-45.413 62.461 -94.784
-44.264 65.073 -97.317
-42.375 62.441 -99.315
-45.343 60.084 -99.676
-47.549 63.016 -100.649
-45.332 63.880 -103.638
-44.413 60.305 -104.564
-47.609 58.230 -104.127
-45.492 55.286 -105.310
-43.398 55.299 -102.125
-43.732 52.088 -100.125
-43.359 52.911 -96.440
-43.986 49.317 -95.346
-40.824 48.520 -97.318
-38.823 51.720 -96.805
-39.314 51.786 -93.009
-40.232 48.272 -91.732
-39.774 49.079 -88.023
-42.247 51.975 -88.109
-44.658 50.228 -90.470
-44.604 46.453 -89.778
-47.096 44.018 -91.340
-46.790 40.955 -89.119
-46.235 42.732 -85.805
-48.788 44.332 -83.492
-47.450 47.023 -81.144
-48.088 44.949 -78.021
-50.099 47.855 -76.621
-53.372 47.010 -74.837
-55.620 49.532 -76.599
-56.647 47.588 -79.678
-57.040 44.219 -77.942
-59.385 45.916 -75.455
-61.480 47.193 -78.360
-61.522 43.791 -80.110
-62.469 42.173 -76.822
-65.374 44.546 -76.129
-66.737 44.746 -79.672
-65.904 41.277 -81.027
-65.766 39.018 -77.948
-62.065 38.261 -78.481
-61.476 37.342 -74.858
-58.157 38.550 -73.450
-56.378 39.240 -70.178
-55.474 42.897 -69.640
-54.134 45.153 -66.895
-56.252 48.259 -66.574
-57.147 51.055 -64.221
-60.660 50.346 -63.019
-62.454 50.611 -59.700
-61.232 48.124 -57.120
-64.667 46.736 -56.197
-63.120 44.229 -53.804
-60.281 42.842 -55.971
-57.783 44.101 -53.380
-58.551 43.783 -49.676
-58.099 46.797 -47.392
-58.775 49.276 -50.201
-62.073 51.090 -50.907
-64.417 49.670 -53.567
-64.397 52.984 -55.453
-60.632 53.488 -55.496
-59.222 53.176 -59.013
-56.469 50.542 -59.123
-54.469 48.710 -61.796
-55.917 45.230 -61.924
-55.751 41.989 -63.869
-59.014 41.783 -65.782
-60.422 39.511 -68.465
-62.265 41.413 -71.145
-64.876 40.223 -73.633
-68.181 41.446 -75.091
-69.836 40.965 -71.702
-67.487 43.589 -70.273
-64.607 43.770 -67.808
-64.180 40.992 -65.253
-61.730 41.241 -62.381
-59.464 38.268 -61.977
-59.178 36.990 -58.410
-55.940 38.436 -57.024
-53.908 35.751 -55.303
-51.688 35.580 -53.417
-52.617 38.924 -51.825
-50.202 41.868 -51.886
-47.909 41.877 -48.845
-48.623 43.984 -45.758
-45.549 46.098 -46.393
-46.599 46.870 -49.960
-49.972 48.080 -48.620
-48.769 50.237 -45.736
-45.460 51.502 -47.169
-46.197 51.766 -50.899
-49.829 51.634 -52.049
-51.501 53.619 -49.278
-48.984 56.462 -49.382
-49.457 56.567 -53.189
-53.271 56.566 -52.796
-53.060 59.490 -50.341
-50.954 61.476 -52.805
-53.679 60.915 -55.428
-56.196 62.319 -52.948
-53.863 65.263 -52.260
-53.448 66.017 -55.988
-57.205 65.746 -56.583
-57.863 68.084 -53.655
-55.305 70.543 -55.084
-57.198 70.534 -58.383
-60.800 70.804 -57.172
-60.307 73.242 -54.254
-58.570 75.889 -56.425
-56.630 76.491 -53.219
-52.948 77.392 -53.324
-52.676 76.306 -49.677
-53.138 72.717 -50.842
-50.226 73.082 -53.307
-48.139 74.410 -50.425
-49.264 71.637 -48.099
-48.081 69.058 -50.630
-44.626 70.645 -50.788
-44.522 70.891 -46.966
-44.740 67.064 -46.973
-41.873 67.032 -49.485
-38.563 65.773 -48.007
-36.645 68.230 -50.184
-38.372 71.186 -48.523
-36.113 73.014 -46.058
-38.261 75.994 -45.132
-41.727 77.400 -45.686
-40.225 80.399 -47.484
-38.777 77.993 -50.075
-42.239 76.506 -50.710
-43.816 79.938 -51.220
-41.073 81.093 -53.618
-40.925 78.040 -55.863
-44.717 78.186 -56.286
-44.661 81.981 -56.769
-42.126 81.607 -59.594
-43.764 78.577 -61.237
-47.246 80.116 -61.112
-45.874 83.408 -62.514
-44.419 81.869 -65.676
-46.308 83.477 -68.595
-47.509 80.133 -69.959
-49.083 79.366 -66.538
-51.377 82.416 -66.556
-54.632 80.411 -66.577
-53.403 78.194 -63.726
-52.303 81.263 -61.733
-55.741 82.855 -62.109
-57.411 79.539 -61.218
-55.641 79.542 -57.853
-56.189 83.296 -57.285
