3.446 37.377 118.724
6.767 38.691 117.440
7.310 36.259 114.591
6.959 32.698 113.529
8.531 30.262 115.958
8.122 26.788 114.534
5.998 24.522 112.447
5.249 21.028 113.558
4.094 18.155 111.342
2.448 15.019 112.588
4.009 12.103 110.704
3.353 8.385 110.495
6.910 7.245 109.685
9.803 9.253 111.046
12.434 7.611 108.901
10.679 8.255 105.562
9.480 11.765 106.405
12.995 12.909 107.345
14.064 11.850 103.864
11.138 13.719 102.283
11.788 16.912 104.207
15.490 16.643 103.340
15.235 15.777 99.644
12.112 17.653 98.599
12.186 20.667 100.893
15.978 20.901 101.277
15.673 21.146 105.059
18.747 20.587 107.241
18.234 17.849 109.821
19.486 19.069 113.210
18.494 16.291 115.623
16.399 13.129 115.696
14.945 10.801 118.319
12.803 7.737 117.760
9.832 10.116 117.736
11.061 13.621 116.825
13.195 15.334 114.216
14.269 18.987 114.069
15.206 20.727 110.809
16.447 24.169 109.903
14.897 25.431 106.683
16.447 28.786 105.901
16.069 29.855 109.530
12.709 28.161 110.072
12.408 25.526 112.724
10.466 22.584 111.364
9.501 19.652 113.566
8.183 16.218 112.755
6.308 14.523 115.572
5.094 10.974 115.108
1.487 10.033 115.576
1.328 6.446 114.406
-2.282 5.436 113.544
-4.473 8.531 113.123
-6.982 8.949 110.309
-5.365 10.961 107.532
-8.064 10.915 104.847
-9.887 14.189 105.482
-6.716 16.242 105.040
-6.716 15.356 101.346
-9.897 17.422 101.120
-8.648 20.633 102.748
-6.812 23.250 100.702
-4.730 24.390 103.680
-1.102 24.568 102.557
2.265 26.192 103.032
4.120 27.868 100.167
7.805 28.450 99.597
9.424 30.940 97.258
11.411 29.745 94.251
12.574 31.350 91.012
11.269 30.328 87.630
14.152 28.007 86.751
14.041 26.503 90.219
10.364 25.641 89.781
10.935 23.556 86.692
13.937 21.860 88.282
11.983 20.964 91.429
9.106 19.595 89.373
11.572 17.132 87.921
12.888 16.352 91.406
9.340 15.762 92.644
8.733 13.312 89.773
11.987 11.383 90.116
11.261 11.097 93.856
7.677 9.879 93.509
5.976 12.798 95.214
2.221 13.169 94.938
1.687 16.237 92.782
-1.682 17.891 93.116
-3.617 19.360 90.306
-3.815 23.041 91.203
-6.465 25.670 90.619
-6.668 27.449 87.291
-4.350 30.426 87.177
-4.187 33.782 85.519
-0.610 34.444 84.446
-0.381 37.430 86.787
-0.787 34.945 89.649
2.649 33.673 88.616
3.612 30.003 88.507
3.157 27.338 91.179
3.662 23.664 91.907
1.466 21.992 94.555
2.242 18.692 96.256
2.013 16.789 99.548
4.285 15.056 102.069
3.805 11.331 102.747
1.044 12.138 105.251
-0.938 14.573 103.151
0.264 17.983 104.246
-0.055 20.257 101.233
2.916 22.290 100.090
3.560 24.694 97.277
6.495 26.227 95.429
5.604 29.781 94.403
7.444 32.158 92.075
5.700 35.397 93.004
5.000 37.382 96.179
2.267 39.076 98.191
3.101 42.361 96.467
2.488 40.954 92.991
-0.877 39.611 94.101
-1.689 42.940 95.713
-0.289 44.590 92.598
-2.301 42.269 90.388
-5.590 42.881 92.240
-4.942 46.628 92.432
-4.288 46.843 88.694
-7.675 45.202 88.099
-9.512 47.616 90.391
-7.879 50.583 88.641
-8.912 49.031 85.323
-12.491 49.434 86.537
-11.846 53.033 87.474
-12.768 55.702 84.970
-13.257 58.921 86.908
-10.399 59.804 89.205
