-37.323 23.452 9.504
-39.324 20.916 7.450
-39.004 18.121 4.910
-40.255 18.132 1.307
-43.266 15.941 0.448
-41.278 13.623 -1.894
-37.704 12.525 -2.739
-37.935 14.607 -5.934
-38.829 17.677 -3.890
-36.270 16.880 -1.259
-33.564 16.456 -3.818
-34.336 19.784 -5.486
-34.550 21.543 -2.082
-31.334 19.849 -1.017
-29.156 20.730 -3.989
-30.620 24.218 -4.364
-29.826 24.829 -0.664
-26.257 23.451 -0.699
-25.273 25.434 -3.742
-25.207 29.051 -4.773
-25.737 28.349 -8.480
-27.607 25.312 -9.738
-28.474 24.464 -13.316
-30.909 21.655 -13.977
-29.913 20.818 -17.503
-29.800 18.443 -20.436
-26.508 17.550 -22.143
-28.246 17.924 -25.505
-29.775 21.365 -24.735
-28.143 24.490 -26.336
-29.895 26.882 -23.925
-28.090 24.942 -21.129
-24.763 25.306 -22.929
-25.509 29.028 -23.188
-26.330 29.414 -19.448
-23.293 27.312 -18.405
-21.330 29.566 -20.734
-22.269 32.801 -19.044
-21.386 31.265 -15.696
-17.958 30.201 -16.945
-17.644 33.733 -18.268
-18.262 35.147 -14.780
-15.913 32.611 -13.153
-18.655 31.195 -10.915
-18.553 27.450 -10.309
-21.989 25.863 -10.261
-23.725 22.535 -9.730
-25.148 20.783 -12.761
-27.795 18.099 -12.724
-28.100 16.537 -16.145
-31.725 15.376 -16.237
-31.161 13.128 -19.229
-28.471 11.221 -17.337
-30.697 10.825 -14.300
-32.992 7.800 -13.983
-35.565 10.128 -12.478
-35.084 12.964 -15.002
-38.769 13.066 -15.962
-39.988 13.192 -12.336
-37.468 15.944 -11.616
-38.699 17.821 -14.660
-42.242 17.520 -13.221
-41.079 18.817 -9.807
-39.285 21.750 -11.432
-42.462 22.494 -13.318
-44.436 22.621 -10.028
-41.800 24.817 -8.316
-40.870 27.210 -11.130
-43.872 27.281 -13.497
-41.995 25.866 -16.534
-40.685 22.388 -17.418
-38.057 23.551 -19.917
-34.348 23.265 -19.254
-32.251 24.892 -18.116
-33.874 25.757 -14.777
-31.326 28.098 -13.192
-31.216 28.752 -9.447
-29.082 31.384 -7.705
-29.124 31.456 -3.900
-32.177 29.200 -3.544
-34.179 31.293 -6.030
-35.039 30.253 -9.589
-34.072 32.988 -12.021
-35.656 31.179 -14.983
-33.935 29.667 -18.031
-31.093 30.447 -20.422
-32.377 33.696 -21.893
-32.985 34.977 -18.355
-29.418 34.042 -17.403
-28.005 35.671 -20.529
-30.202 38.773 -20.267
-29.608 39.346 -16.568
-25.908 39.057 -17.249
-25.999 41.564 -20.096
-27.788 44.009 -17.749
-25.129 43.385 -15.084
-27.878 42.138 -12.769
-26.531 38.575 -12.357
-23.227 39.019 -10.543
-25.024 40.814 -7.705
-27.452 37.885 -7.336
-24.466 35.611 -7.072
-22.858 37.989 -4.576
-25.831 37.581 -2.189
-24.831 33.959 -1.605
-23.442 33.447 1.878
-19.606 33.431 1.931
-17.441 30.311 2.238
-16.590 30.904 5.898
-20.277 30.835 6.937
