-1.446 78.923 51.221
-4.619 80.091 49.241
-4.407 79.425 45.431
-4.457 75.644 45.196
-1.867 74.082 42.900
-2.856 70.576 41.807
0.492 69.176 40.660
3.974 69.518 42.167
6.838 71.751 41.085
10.331 70.364 41.126
12.647 72.614 43.181
16.452 72.612 42.672
18.132 74.294 45.636
21.462 76.138 45.060
24.537 77.704 46.767
25.780 80.721 48.760
23.932 84.089 48.538
21.461 82.721 45.991
20.461 79.904 48.359
19.689 82.633 51.022
17.578 84.677 48.526
15.819 81.570 47.273
14.712 80.737 50.792
13.350 84.280 51.461
11.413 83.897 48.161
9.839 80.594 49.178
9.029 81.844 52.704
7.682 85.290 51.871
6.431 85.176 48.243
5.385 81.582 47.573
4.170 79.705 50.656
1.867 82.471 51.941
0.037 82.710 48.606
0.053 79.223 47.220
-0.885 75.749 48.368
2.004 74.145 46.546
3.755 70.722 46.632
7.457 71.019 46.057
9.392 68.010 45.076
12.748 69.055 46.588
16.356 68.330 45.300
19.274 70.007 47.008
21.895 70.797 44.431
23.882 72.713 47.010
27.519 71.705 46.329
27.812 69.763 49.564
24.780 67.722 48.782
26.160 67.095 45.258
29.354 65.976 46.950
27.511 63.607 49.391
25.503 61.917 46.632
28.368 61.808 44.042
26.257 64.259 41.958
23.464 61.731 41.643
21.061 64.318 43.043
21.552 66.364 39.826
20.531 63.488 37.518
17.555 62.662 39.805
16.317 66.338 39.836
16.500 66.502 36.003
14.608 63.203 35.666
11.982 64.468 38.142
11.533 67.626 36.029
10.917 65.403 33.010
8.353 63.454 35.012
6.385 66.417 36.479
6.766 69.041 33.723
8.113 72.019 35.792
11.473 72.784 37.399
12.659 75.952 39.151
16.381 76.178 39.812
18.525 78.245 42.179
22.037 79.320 40.919
24.668 76.753 41.941
28.430 76.538 42.207
30.396 74.884 39.374
33.447 73.623 41.296
36.955 74.673 40.381
40.201 73.768 42.220
39.485 76.566 44.730
36.081 75.007 45.534
37.482 71.422 45.769
39.788 72.632 48.490
37.244 74.961 50.114
34.535 72.258 50.556
36.977 69.269 50.466
35.034 67.802 47.547
35.682 64.236 46.392
36.422 65.712 42.953
35.658 68.624 40.651
32.057 67.741 39.845
30.955 68.904 36.402
28.548 71.756 35.629
25.164 70.734 37.032
23.498 72.844 34.262
25.408 70.875 31.653
24.050 67.599 33.090
20.537 68.940 33.420
20.480 70.299 29.854
21.951 67.119 28.398
19.070 65.176 29.995
16.252 67.616 29.037
17.422 68.896 25.554
15.434 71.733 23.937
16.098 75.423 23.852
16.809 77.902 26.657
14.926 81.024 25.983
16.619 84.163 27.404
15.176 87.647 27.498
15.903 90.892 29.402
13.522 91.910 32.186
12.943 95.593 31.122
12.762 98.349 33.747
12.262 101.730 32.029
14.326 103.733 34.572
17.403 101.497 34.134
19.738 102.827 31.373
21.046 100.485 28.639
24.662 100.243 27.642
23.393 100.185 24.030
20.902 103.084 23.586
19.894 101.746 20.207
18.166 98.742 21.862
14.613 99.915 21.904
12.951 96.457 21.742
13.758 93.198 23.612
16.157 90.644 21.966
15.179 87.086 22.710
17.943 84.545 22.517
16.958 80.949 21.993
20.033 78.995 22.917
20.112 75.457 21.685
20.509 73.495 24.915
22.053 70.238 23.625
25.552 69.023 22.602
28.467 70.813 20.960
31.013 72.178 23.573
28.809 71.252 26.511
29.051 67.547 25.896
32.449 67.277 24.228
35.383 64.922 24.813
38.724 66.855 25.186
42.251 65.870 26.092
45.885 66.795 25.723
48.084 64.725 23.454
51.698 64.603 24.514
53.846 64.838 21.261
54.076 64.233 17.484
51.507 61.771 16.096
48.303 61.504 14.239
44.902 62.516 15.335
41.784 60.913 13.811
38.105 60.700 14.449
35.889 57.669 13.727
32.267 56.632 13.550
31.212 52.956 13.537
27.580 52.391 12.563
25.524 50.013 14.708
25.303 47.886 11.650
29.197 47.999 11.481
29.825 50.569 8.519
32.734 52.878 9.326
33.633 56.486 8.696
37.171 57.544 9.614
39.142 60.740 8.933
42.643 61.873 9.731
42.398 65.137 11.561
45.979 66.358 12.038
49.511 65.153 11.789
50.646 66.907 14.983
54.249 68.173 15.073
54.312 68.327 18.910
52.103 68.345 22.073
48.584 69.782 21.848
44.890 69.508 22.649
42.017 67.945 20.745
38.296 67.684 21.216
35.403 65.967 19.563
31.834 67.212 19.809
28.515 66.382 18.164
24.909 67.243 17.616
21.805 65.287 16.614
19.513 65.913 13.572
16.553 65.353 15.789
17.763 67.937 18.399
18.500 70.429 15.553
14.974 69.855 14.112
13.340 70.527 17.442
15.602 73.654 17.986
14.230 74.998 14.705
10.649 74.235 15.496
10.812 75.731 18.975
12.474 78.897 17.586
9.931 79.506 14.847
7.026 78.757 17.238
8.362 81.271 19.745
8.893 83.797 16.963
5.260 83.210 15.839
3.899 83.514 19.408
5.770 86.771 20.158
5.090 87.945 16.667
8.682 88.821 15.698
11.068 87.583 13.015
13.657 84.827 13.666
17.367 84.711 12.875
19.809 81.748 13.094
23.524 82.315 13.253
26.222 79.687 12.282
29.740 79.518 10.762
28.564 77.235 7.937
31.131 78.660 5.508
33.830 77.269 7.830
32.049 74.133 9.114
30.215 73.151 5.991
28.916 69.818 7.174
28.348 70.597 10.895
26.978 74.167 10.722
25.602 73.497 7.163
23.365 70.923 8.847
21.791 73.512 11.215
21.371 75.852 8.314
19.674 73.152 6.080
17.348 71.846 8.747
16.196 75.314 9.833
15.381 76.332 6.201
13.609 73.028 5.597
11.540 73.155 8.808
10.822 76.780 8.003
9.752 76.197 4.355
7.485 73.291 5.139
6.008 74.170 8.467
6.216 77.965 9.071
6.736 80.070 5.895
2.997 80.645 5.362
2.187 81.544 8.926
5.194 83.955 9.129
4.225 85.627 5.814
0.708 86.009 7.133
2.028 87.804 10.237
4.581 89.826 8.244
7.480 87.936 9.934
10.537 86.311 8.179
13.435 84.019 8.840
16.966 84.659 7.933
20.258 82.732 8.407
23.335 84.870 8.953
26.920 84.168 9.604
27.577 84.669 13.354
30.089 87.505 12.688
27.530 89.287 10.499
24.698 88.608 13.073
26.648 89.906 16.026
27.391 93.263 14.366
23.788 93.494 13.074
22.403 92.794 16.467
24.436 95.632 17.937
23.237 98.037 15.153
19.529 96.977 15.115
16.639 97.937 17.390
15.860 94.509 18.721
12.463 92.835 18.356
13.366 89.332 17.177
14.172 85.819 18.330
17.836 84.971 17.686
18.416 81.227 17.588
21.987 80.459 18.621
23.944 77.308 18.808
24.701 76.183 22.382
27.988 78.103 22.759
26.989 81.283 20.934
23.769 81.432 22.963
25.802 81.081 26.150
28.109 83.997 25.203
25.779 86.281 23.271
22.948 86.092 25.731
25.294 87.561 28.410
26.160 90.380 26.069
22.476 91.100 25.491
21.645 90.934 29.223
24.480 93.293 29.968
23.516 95.688 27.119
19.954 96.079 28.421
21.065 96.562 31.999
22.071 93.688 34.082
22.840 90.014 34.173
20.246 89.988 37.021
17.544 91.286 34.692
17.390 88.201 32.448
14.944 85.405 32.168
16.272 81.910 31.394
13.718 79.225 30.666
14.546 75.897 29.096
11.627 74.259 27.142
11.990 70.588 26.159
11.612 69.443 22.445
7.967 68.072 22.938
7.049 71.503 24.439
5.666 69.957 27.625
8.464 70.602 30.087
10.161 73.661 31.387
13.159 74.330 33.632
13.354 77.980 34.715
16.521 79.053 36.394
18.286 82.028 37.947
21.145 82.053 35.449
23.841 84.138 37.072
26.520 83.344 39.648
26.012 82.674 43.302
27.254 86.128 44.438
30.075 84.786 46.630
31.300 88.299 47.444
27.956 89.133 49.080
27.730 85.681 50.618
30.995 86.512 52.549
29.553 89.814 53.875
26.405 87.971 54.961
28.507 85.333 56.627
30.148 87.955 58.887
26.748 89.653 59.515
27.535 92.657 57.263
24.797 94.261 55.143
24.126 93.043 51.612
22.157 94.331 48.670
21.661 91.329 46.362
19.303 91.540 43.363
16.676 88.798 43.772
14.660 89.582 40.633
16.111 86.796 38.366
15.413 84.383 41.242
11.813 85.602 41.564
11.324 85.159 37.751
12.627 81.560 37.875
9.738 80.875 40.254
7.201 82.878 38.285
8.151 81.330 34.880
7.978 77.876 36.339
4.666 78.589 38.015
3.266 79.967 34.724
4.106 76.707 32.965
2.589 74.736 35.874
-0.600 76.807 35.449
-0.624 76.131 31.685
-0.253 72.341 32.218
-2.968 72.369 34.882
-5.348 74.967 33.288
-5.047 76.933 36.574
-5.986 80.552 35.686
-5.491 81.764 39.293
-1.885 80.519 39.272
-1.257 82.122 35.908
-2.612 85.384 37.265
-0.453 85.084 40.354
2.778 84.640 38.194
1.891 87.531 35.974
1.182 89.750 39.008
4.433 88.983 40.810
6.496 89.692 37.652
4.736 93.023 37.130
5.284 93.815 40.822
9.090 93.338 40.354
9.076 95.652 37.425
6.757 98.284 39.003
8.766 98.179 42.239
12.120 98.987 40.484
10.397 101.567 38.305
9.002 103.184 41.589
12.654 103.843 42.636
13.005 100.794 44.988
15.914 98.562 43.862
19.128 96.964 44.931
22.646 98.441 44.726
23.576 96.846 41.436
20.675 98.593 39.655
20.851 101.871 41.632
24.462 102.214 40.391
23.332 101.962 36.765
21.108 105.004 37.302
23.718 107.187 38.970
26.578 107.224 41.502
24.114 108.588 44.031
20.664 106.866 43.429
19.752 105.039 46.632
19.335 101.303 47.089
17.584 98.890 49.350
19.234 96.009 51.093
18.589 92.374 50.126
15.726 91.932 52.538
14.748 95.636 52.249
14.070 94.910 48.564
12.272 91.595 49.176
10.085 93.195 51.891
9.163 95.904 49.409
8.250 93.337 46.702
6.084 91.500 49.277
4.197 94.648 50.300
3.684 95.526 46.695
2.392 91.980 46.054
-0.172 92.063 48.987
-1.575 95.298 47.612
-1.450 93.844 44.092
-3.799 90.930 44.995
