-0.981 8.518 6.199
1.104 10.831 8.406
-1.714 13.031 9.725
-3.547 9.940 11.010
-0.273 8.945 12.618
-0.111 12.473 14.044
-3.550 12.225 15.662
-2.666 8.907 17.339
0.468 10.471 18.785
-1.597 13.357 20.201
-4.187 11.155 21.908
-1.557 8.947 23.542
1.078 11.549 24.485
-0.750 14.914 24.546
2.348 16.523 22.955
2.372 18.138 19.479
3.703 15.444 17.056
5.758 17.657 14.707
7.461 19.764 17.405
7.966 16.946 19.920
8.786 13.947 17.723
9.871 14.982 14.182
13.410 15.974 15.167
13.996 13.815 18.242
17.351 12.107 18.786
18.843 10.058 15.976
15.952 7.991 14.594
12.830 10.085 14.565
11.196 11.146 11.298
13.980 11.466 8.721
16.495 10.132 11.264
19.292 8.480 9.304
21.574 6.191 11.353
23.546 6.435 14.599
23.018 4.574 17.866
19.553 5.282 19.406
19.631 7.701 22.359
16.788 6.456 24.570
13.533 4.460 24.655
11.859 7.205 22.590
14.572 7.162 19.900
14.125 3.400 19.846
10.341 3.677 19.477
11.222 5.757 16.444
13.705 3.172 15.178
11.269 0.236 15.240
8.699 2.431 13.460
11.127 2.980 10.584
11.708 -0.740 10.346
7.925 -1.033 10.408
7.454 1.425 7.512
10.311 0.201 5.278
8.821 -3.300 5.400
5.652 -1.728 3.965
7.477 0.428 1.398
5.182 -0.717 -1.416
2.154 0.523 0.549
3.452 4.129 0.561
2.817 4.331 4.354
3.234 8.110 4.586
0.462 8.858 2.054
-1.911 5.948 2.614
-5.165 6.724 4.426
-6.603 3.995 6.618
-9.482 3.492 9.072
-9.044 3.575 12.845
-10.897 4.602 15.998
-9.963 5.388 19.596
-12.875 3.555 21.236
-12.803 2.853 24.986
-9.138 3.491 25.757
-7.788 1.595 22.724
-6.851 2.272 19.093
-8.566 -0.236 16.829
-7.345 -0.668 13.248
-10.452 -1.219 11.151
-9.233 -1.596 7.572
-9.493 -4.976 5.875
-6.728 -4.831 3.282
-3.048 -5.583 4.162
-1.326 -2.240 3.535
-3.945 -0.172 5.369
-4.246 -3.010 7.907
-0.518 -2.944 8.725
0.378 0.739 8.367
-2.187 1.509 11.054
-0.596 -1.166 13.220
2.815 0.507 12.868
1.392 3.924 13.712
-0.446 2.574 16.786
2.631 0.566 17.814
4.717 3.753 17.918
2.134 6.072 19.489
1.572 3.708 22.416
5.360 3.223 22.596
5.860 6.993 23.053
3.193 7.276 25.756
4.654 4.555 27.942
8.125 6.081 27.528
7.147 9.680 28.402
8.768 9.227 31.802
12.137 9.703 30.067
11.229 12.149 27.285
14.307 14.373 27.221
13.762 17.936 25.974
17.471 18.246 25.109
16.921 15.610 22.383
13.852 17.404 20.962
15.841 19.252 18.271
18.955 17.104 18.593
21.969 17.992 16.444
22.368 14.685 14.579
26.079 15.073 13.837
26.418 13.876 17.445
24.605 10.682 16.428
27.860 9.040 15.311
28.395 5.282 15.432
27.786 2.605 12.784
24.201 2.101 11.533
21.528 -0.317 12.794
20.307 -3.234 10.650
16.493 -3.236 10.619
