32.124 51.860 19.813
31.915 48.770 21.964
31.022 47.744 25.474
31.570 44.191 26.566
30.767 43.163 30.126
32.274 40.034 31.686
32.647 38.417 35.120
29.023 37.481 35.608
27.927 34.221 37.175
26.367 32.215 39.977
26.900 32.688 43.712
25.659 32.108 47.254
23.964 34.929 49.154
26.732 36.883 50.909
29.152 36.126 48.069
31.297 38.441 45.960
31.753 39.169 42.232
33.786 41.581 40.112
32.323 42.871 36.852
34.443 44.159 33.990
33.346 46.167 31.005
35.772 46.295 28.122
35.432 49.462 26.124
36.609 50.328 22.629
36.029 52.632 19.695
36.233 55.826 21.702
38.454 57.843 24.019
37.374 56.237 27.293
38.726 58.802 29.784
36.412 61.358 28.267
33.154 59.622 29.126
31.417 58.886 32.372
30.109 55.311 32.688
27.356 53.562 34.581
26.118 50.130 35.550
22.430 49.327 35.151
20.707 46.120 36.020
17.487 44.453 35.058
16.216 41.768 37.336
14.354 38.701 35.958
10.977 39.989 34.688
11.514 43.497 35.958
12.467 46.855 34.462
15.659 48.887 34.451
17.371 49.973 37.662
20.350 52.301 37.849
23.053 51.024 40.177
26.208 53.049 40.071
28.005 55.690 38.046
31.542 57.075 37.828
33.109 60.212 36.336
35.541 60.292 33.423
38.427 60.850 35.838
37.310 58.503 38.585
37.173 61.098 41.356
33.389 61.044 41.595
31.193 58.012 42.171
27.476 57.620 42.786
25.386 54.697 44.031
21.782 53.654 44.383
20.600 53.170 47.980
20.029 49.464 47.197
23.742 48.833 46.850
25.318 51.702 48.798
28.555 50.552 50.419
28.339 46.978 49.139
29.133 47.741 45.520
32.124 49.761 44.413
32.501 51.189 40.930
36.064 51.408 39.574
37.853 52.468 36.470
41.217 51.932 34.840
41.595 54.373 31.958
44.945 52.881 30.953
43.188 49.582 30.171
39.789 50.893 29.029
37.907 48.900 31.647
35.126 49.784 34.035
34.671 47.567 37.077
32.040 46.932 39.692
32.976 45.093 42.880
29.894 43.409 44.316
30.113 42.319 47.933
27.655 40.909 50.446
25.527 39.813 47.503
21.770 39.357 47.964
19.177 37.435 46.004
17.699 40.709 44.861
21.002 41.569 43.197
20.139 38.897 40.624
19.956 40.510 37.187
21.598 41.157 33.855
24.183 43.908 34.352
24.695 46.429 31.558
27.499 48.930 31.427
26.594 52.170 29.683
28.383 55.220 28.337
27.233 58.639 29.560
27.171 61.493 27.122
28.636 64.669 28.597
26.927 65.668 31.844
25.485 62.196 32.347
21.954 63.249 31.419
21.693 60.282 29.078
23.627 57.238 27.888
23.815 56.608 24.143
25.412 53.189 24.315
24.939 49.931 26.186
26.746 46.623 26.356
24.910 43.341 25.829
25.001 42.549 29.542
26.394 39.896 31.884
24.123 37.658 33.902
24.487 37.610 37.652
22.462 35.115 39.674
22.355 34.807 43.469
20.769 31.587 44.802
21.163 29.488 47.953
21.419 26.574 45.610
