30.183 50.103 -1.385
28.508 52.009 1.458
26.382 55.104 0.954
27.431 58.539 2.231
25.881 60.430 5.116
25.061 64.139 4.645
23.680 66.393 7.344
22.043 69.857 7.119
22.498 72.278 9.984
21.640 75.809 10.998
19.486 77.897 13.313
17.102 79.197 10.617
17.392 75.545 5.220
14.115 73.603 4.743
13.532 75.067 1.276
17.030 74.115 0.090
16.982 70.660 1.740
14.045 69.339 -0.332
15.588 70.693 -3.563
19.004 69.249 -2.665
17.492 65.837 -2.005
15.619 65.851 -5.341
18.876 66.623 -7.205
20.720 63.963 -5.228
18.168 61.254 -6.026
18.555 62.240 -9.698
22.326 61.593 -9.375
21.971 58.369 -7.343
19.184 56.775 -9.409
21.553 55.925 -12.306
23.952 54.318 -9.825
21.155 52.060 -8.504
20.912 53.826 -5.143
18.419 55.868 -3.129
18.411 58.699 -0.672
16.883 58.240 2.728
15.780 61.704 3.980
15.396 62.046 7.705
15.626 64.474 10.626
16.448 64.974 14.278
14.632 65.170 16.587
11.909 62.711 15.651
13.872 60.548 13.270
12.318 57.402 14.759
9.155 56.686 16.765
11.282 56.370 19.912
12.866 59.800 19.021
9.358 61.257 18.778
8.569 59.891 22.205
11.781 61.265 23.751
11.108 64.630 22.108
7.701 64.762 23.773
9.258 63.938 27.162
11.886 66.657 26.629
9.103 69.182 25.842
6.952 68.122 28.816
9.120 66.873 31.724
11.535 69.312 33.399
14.821 67.633 34.237
18.570 68.257 34.663
20.385 69.572 31.601
22.656 66.485 31.642
19.669 64.217 31.718
18.356 66.036 28.640
21.635 65.454 26.827
21.467 61.721 27.529
17.948 61.539 26.113
19.062 63.418 22.975
21.941 61.074 22.367
19.677 58.066 23.125
17.430 59.290 20.335
20.443 59.673 18.058
21.696 56.192 18.911
18.385 54.705 17.841
18.282 56.870 14.740
21.638 55.382 13.744
20.639 51.766 14.615
17.232 51.852 12.943
17.465 54.321 9.986
20.963 55.630 9.120
23.252 52.663 9.486
20.929 50.182 7.682
20.577 52.616 4.778
24.353 53.264 4.537
25.114 49.505 4.785
22.886 48.705 1.828
24.464 51.455 -0.300
21.736 54.091 0.131
22.804 57.647 0.978
21.317 59.446 3.963
20.445 63.128 4.372
19.511 64.236 7.929
17.965 67.566 8.847
20.195 68.040 11.944
22.552 65.745 13.829
25.123 66.015 16.661
26.364 69.492 15.597
22.863 70.807 16.494
23.150 69.300 19.963
26.530 71.018 20.507
25.213 74.316 19.179
22.006 74.577 21.224
22.895 72.544 24.313
26.590 73.541 24.481
26.510 77.099 23.126
22.950 78.046 23.952
22.537 76.273 27.307
26.093 75.890 28.631
26.549 72.067 28.630
30.377 71.584 28.811
32.130 70.675 25.554
33.881 67.616 27.080
30.558 66.090 28.219
29.173 66.624 24.735
32.254 65.142 23.021
32.171 62.135 25.346
28.581 61.277 24.291
29.353 61.929 20.584
32.226 59.422 20.781
30.051 56.921 22.720
27.272 56.985 20.155
29.285 57.383 16.942
32.749 55.985 17.750
34.843 57.626 15.041
31.848 57.926 12.667
31.166 61.397 11.294
28.932 62.599 8.471
30.737 62.594 5.150
29.435 66.131 4.522
27.704 68.742 6.641
26.066 71.769 5.041
25.710 74.563 7.570
23.300 77.373 6.699
24.788 80.228 8.631
22.711 83.256 9.433
25.274 86.075 9.813
24.492 89.434 11.391
25.236 91.337 8.086
24.611 90.773 4.353
27.810 90.575 2.322
25.796 91.172 -0.955
24.559 94.490 0.590
27.258 95.463 3.169
27.904 99.034 2.003
24.115 99.769 1.697
22.607 97.956 4.701
23.867 97.622 8.292
22.256 95.780 11.178
22.970 97.822 14.289
25.342 96.014 16.725
21.911 91.720 23.859
18.825 90.349 25.669
18.798 86.648 26.803
17.120 85.414 23.630
19.647 87.317 21.506
22.606 86.089 23.573
21.326 82.465 23.272
21.077 82.644 19.485
24.493 84.353 19.207
26.124 81.591 21.303
24.304 78.928 19.278
25.519 80.431 16.011
29.054 80.721 17.391
29.181 77.075 18.466
28.011 75.877 15.043
30.817 77.937 13.505
33.336 76.541 15.978
32.314 72.967 15.112
32.590 73.859 11.429
36.069 75.369 11.798
37.293 72.340 13.776
36.075 69.875 11.045
37.578 71.279 7.813
37.168 68.015 5.849
33.442 67.813 6.596
31.801 71.224 6.384
30.402 73.446 3.640
29.250 76.800 5.034
26.436 78.466 3.124
25.688 82.159 3.816
21.911 81.951 3.862
21.583 85.772 3.520
22.697 85.494 -0.169
20.192 85.367 -3.053
18.530 81.934 -3.625
20.250 81.586 -6.986
23.690 82.042 -5.433
22.883 79.480 -2.684
21.627 77.046 -5.353
24.838 77.496 -7.461
26.974 76.777 -4.422
24.831 73.648 -3.690
25.115 72.507 -7.349
28.873 72.700 -6.857
28.565 70.457 -3.776
26.383 67.986 -5.686
28.871 67.867 -8.598
31.660 67.137 -6.027
30.009 64.270 -4.134
