9.428 28.759 54.866
8.313 25.859 52.718
5.891 23.346 54.154
6.429 20.998 51.174
9.607 20.253 49.227
7.851 20.222 45.862
4.662 21.722 44.493
2.149 19.623 42.590
0.783 20.838 39.248
-2.195 19.763 37.117
-2.253 18.527 33.527
-3.948 21.329 31.637
-5.849 19.881 28.649
-7.186 21.818 25.683
-9.171 21.104 22.623
-6.904 22.121 19.779
-6.302 22.111 16.026
-3.506 19.776 14.928
-1.338 22.727 13.953
-1.587 26.372 12.963
-3.355 26.754 9.607
-0.792 26.175 6.854
1.981 24.760 9.049
2.605 21.120 9.904
0.965 19.459 12.910
2.740 19.966 16.253
3.842 16.947 18.274
0.431 16.681 19.987
-1.771 16.953 16.910
-5.524 17.576 17.214
-7.937 17.076 20.098
-11.531 17.578 19.008
-13.399 14.854 20.859
-13.238 12.743 24.023
-10.776 10.328 22.426
-8.325 13.084 21.419
-8.481 14.627 24.879
-7.624 11.269 26.469
-4.683 10.775 24.137
-3.402 14.276 24.923
-3.765 13.605 28.650
-1.755 10.347 28.351
1.042 11.996 26.455
1.184 14.795 29.024
0.978 12.617 32.136
3.527 10.160 30.711
5.949 13.069 30.380
5.198 14.956 33.646
3.341 12.608 35.988
0.792 15.230 37.075
-1.723 13.789 39.515
-4.654 16.021 38.627
-6.353 16.948 35.377
-8.018 20.117 34.071
-9.889 20.521 30.761
-10.382 23.943 29.141
-14.006 24.004 27.941
-16.427 26.586 26.483
-15.303 25.263 23.115
-17.912 22.538 22.321
-21.519 22.160 23.400
-21.688 21.323 27.097
-22.909 17.783 26.310
-19.680 17.078 24.419
-17.437 18.462 27.131
-19.264 16.456 29.779
-18.445 13.455 27.561
-14.763 14.314 27.533
-14.683 14.639 31.326
-16.399 11.204 31.686
-14.015 9.668 29.198
-11.153 11.128 31.276
-12.602 9.753 34.556
-12.684 6.275 32.993
-9.152 6.501 31.596
-7.639 7.952 34.782
-9.554 6.456 37.767
-9.121 8.319 41.081
-7.299 11.260 39.417
-9.025 14.556 40.424
-10.729 16.241 37.447
-11.634 19.889 36.758
-13.610 21.655 34.008
-13.230 25.394 33.073
-15.528 26.829 30.409
-14.701 30.475 31.335
-18.358 31.422 31.946
-19.620 30.134 28.628
-22.816 28.831 30.262
-26.154 30.140 31.345
-27.081 29.479 34.962
-29.512 26.692 33.886
-26.913 25.074 31.646
-24.337 25.276 34.435
-26.789 23.564 36.895
-27.360 20.814 34.325
-23.600 20.314 33.857
-22.990 20.166 37.590
-25.744 17.545 37.936
-24.181 15.431 35.192
-20.745 15.626 36.791
-21.682 15.067 40.444
-18.979 12.984 42.179
-16.881 13.128 39.008
-14.961 16.470 39.279
-12.851 18.008 42.061
-14.407 21.418 41.236
-16.327 23.197 38.507
-14.486 26.397 37.536
-16.360 29.542 36.306
-19.351 27.748 34.808
-21.456 30.927 34.732
-20.708 34.672 34.654
-20.505 37.168 37.492
-20.697 36.807 41.241
-24.488 36.585 40.913
-24.398 33.817 38.320
-21.850 31.840 40.286
-23.877 32.176 43.522
-27.063 30.894 41.864
-25.154 27.915 40.486
-23.364 27.190 43.792
-26.750 26.839 45.517
-27.480 23.684 43.538
-24.033 22.352 42.643
-22.718 19.554 44.831
-19.040 20.158 43.941
-17.356 23.387 44.996
-17.210 26.190 42.362
-13.807 27.717 41.630
-12.970 31.056 39.973
-10.411 33.240 38.264
-13.035 35.559 36.700
-15.694 36.574 39.169
-13.111 37.016 41.931
-9.816 38.470 40.655
-9.149 41.409 43.006
-9.407 42.207 46.688
-12.470 44.386 45.909
-14.282 41.272 44.734
-13.984 39.471 48.046
-16.702 41.289 50.031
-19.524 40.751 47.569
-18.515 37.153 46.733
-18.406 36.283 50.425
-21.699 38.011 51.092
-23.416 35.964 48.371
-21.453 32.765 49.023
-20.664 32.843 45.327
-17.495 30.758 45.102
-15.878 28.094 47.288
-12.425 28.011 45.688
-10.302 30.951 44.532
-7.512 30.386 42.032
-4.714 32.702 43.114
-2.421 34.246 40.500
0.310 36.476 41.769
0.585 38.132 38.350
-2.700 39.973 38.852
-3.296 39.845 42.614
-0.192 41.935 43.265
2.842 39.678 43.825
3.838 36.955 46.284
3.033 38.651 49.627
-0.341 39.881 48.478
-1.162 36.342 47.310
-0.418 35.162 50.883
-2.830 37.728 52.166
-5.503 36.382 49.838
-4.643 32.909 51.137
-5.223 34.031 54.735
-8.476 35.682 53.828
-9.486 32.392 52.241
-8.550 30.417 55.385
-10.428 32.898 57.612
-13.621 32.718 55.552
-13.441 28.972 54.909
-12.700 29.192 51.206
-10.178 26.949 49.487
-7.258 28.066 47.385
-5.768 26.825 44.103
-3.615 28.507 41.373
-4.297 29.956 37.920
-1.847 30.064 35.025
-1.330 31.808 31.720
1.313 30.787 29.209
4.576 31.560 31.056
8.332 31.077 31.376
10.779 30.047 34.100
10.763 33.218 36.199
7.049 32.873 36.735
7.356 29.166 37.351
9.938 29.764 40.082
7.743 32.390 41.749
4.575 30.284 41.527
6.487 27.421 43.069
8.011 29.391 45.978
4.683 30.994 46.701
2.822 27.689 46.688
5.533 25.918 48.771
5.182 28.449 51.604
1.412 28.648 51.633
-0.020 26.011 54.002
-3.587 26.062 52.669
-2.662 26.001 48.975
-3.351 22.301 48.753
-5.034 21.809 45.324
-2.621 21.156 42.474
-1.594 24.330 40.618
-2.368 24.945 36.960
0.504 25.356 34.512
0.873 25.665 30.760
4.381 24.195 30.828
3.579 21.247 28.532
2.446 23.673 25.831
5.756 25.497 25.690
8.725 24.279 23.633
11.165 22.408 25.874
13.980 24.575 24.620
12.335 28.012 24.992
12.888 29.952 28.242
14.828 32.935 29.619
16.447 31.319 32.697
19.699 29.352 32.926
18.790 25.721 32.478
18.713 23.225 35.324
17.298 25.117 38.310
13.705 23.957 37.757
13.199 20.177 37.980
10.032 18.133 37.611
9.459 15.008 39.617
6.272 13.093 40.272
3.978 15.801 38.850
5.560 18.625 40.824
8.314 21.188 40.667
10.993 20.715 43.285
11.315 24.000 45.192
14.531 25.731 44.094
17.169 25.717 46.822
19.514 28.673 46.266
19.078 32.324 47.302
16.262 34.411 45.807
14.007 32.724 43.241
16.805 30.190 42.589
16.882 31.023 38.863
19.323 33.140 36.874
18.845 35.121 33.703
20.074 33.428 30.518
21.038 36.561 28.597
21.646 34.789 25.298
18.223 33.195 25.523
16.541 36.457 26.540
17.970 38.157 23.416
16.823 35.223 21.283
13.242 35.396 22.564
13.302 39.170 22.364
14.366 38.870 18.699
11.340 36.517 18.149
9.214 39.213 19.703
10.578 41.777 17.288
10.296 39.431 14.328
6.769 38.100 14.935
5.213 41.580 15.123
2.571 40.549 17.641
1.857 43.461 20.039
-0.936 42.098 22.237
-2.619 38.748 22.884
-5.623 38.317 20.563
-7.248 34.837 20.432
-10.467 36.245 19.047
-9.068 38.154 16.077
-6.872 35.173 15.190
-9.819 32.751 15.263
-11.842 35.120 13.079
-9.141 34.969 10.397
-10.293 31.391 9.781
-13.870 31.437 11.042
-15.005 35.006 10.463
-18.467 34.029 11.807
-17.104 32.940 15.186
-18.546 34.744 18.224
-16.584 35.269 21.455
-19.580 36.521 23.467
-20.606 34.596 26.587
-22.531 32.896 27.742
-23.073 30.837 24.616
-24.884 27.639 25.726
