-39.743 33.536 -3.350
-38.425 33.279 0.241
-34.659 32.857 0.242
-32.013 32.859 2.932
-28.676 34.070 1.460
-25.697 33.437 3.671
-21.864 33.311 3.678
-19.580 31.947 6.416
-15.815 31.919 6.687
-13.323 30.241 9.071
-9.536 30.953 8.877
-7.549 28.806 11.354
-4.171 29.364 13.024
-1.858 26.342 13.332
0.826 25.078 15.722
-0.167 25.467 19.388
-2.968 27.962 18.519
-6.720 27.422 18.787
-7.385 30.874 17.266
-9.553 31.508 14.263
-10.881 34.386 12.216
-14.619 33.860 11.793
-17.084 35.691 9.545
-20.800 35.416 8.977
-23.364 37.208 6.861
-26.974 36.538 6.110
-30.011 38.166 4.589
-33.554 36.782 4.457
-36.725 38.434 3.157
-38.930 37.424 6.147
-40.254 39.506 9.083
-38.400 39.246 12.444
-40.730 37.843 15.238
-40.312 40.980 17.435
-43.705 42.553 18.343
-41.972 45.949 18.053
-40.276 46.787 14.755
-38.058 47.987 13.012
-35.139 46.844 15.144
-31.424 47.409 14.514
-28.668 46.328 16.906
-24.845 46.293 16.985
-22.651 44.442 19.480
-18.901 44.586 20.086
-16.975 42.372 22.552
-13.284 42.625 23.317
-11.123 40.518 25.616
-7.536 41.519 26.442
-4.931 39.975 28.799
-4.529 42.301 31.815
-2.339 39.919 33.902
-1.263 36.489 32.468
0.220 35.404 35.881
-3.169 35.760 37.703
-5.071 35.005 34.456
-6.951 38.356 34.561
-8.831 39.355 31.393
-10.221 42.794 30.635
-13.590 42.029 28.931
-15.409 44.996 27.404
-18.791 44.999 25.639
-20.909 47.608 23.938
-24.425 47.037 22.680
-26.406 49.707 20.828
-29.913 49.276 19.422
-32.921 51.147 17.977
-36.297 49.421 18.583
-39.452 51.106 17.156
-37.465 54.477 17.215
-36.243 53.959 20.871
-32.405 54.281 21.163
-30.775 51.948 23.696
-27.220 51.408 24.907
-25.387 49.010 27.224
-21.652 49.544 27.964
-19.739 47.152 30.300
-16.092 46.910 31.395
-15.084 43.910 33.513
-12.007 42.146 34.993
-12.508 38.367 34.843
-10.341 35.538 36.196
-10.600 31.910 37.278
-9.898 31.405 41.004
-10.184 27.548 40.847
-11.279 25.145 38.038
-14.927 25.644 39.257
-14.936 29.264 40.577
-14.594 32.407 38.421
-14.688 36.023 39.640
-15.781 39.244 37.908
-15.401 42.899 38.946
-16.840 45.562 36.714
-18.889 48.615 35.851
-21.158 49.880 33.141
-24.098 51.972 32.035
-27.562 51.263 30.604
-29.355 54.009 28.713
-32.779 54.176 26.971
-33.801 57.455 25.279
-33.546 60.327 27.813
-32.771 57.852 30.643
-29.498 56.523 31.956
-28.076 54.627 34.925
-24.612 53.541 36.007
-23.606 50.428 37.928
-20.651 48.718 39.541
-20.546 45.023 40.535
-18.602 42.109 41.955
-19.688 38.547 41.221
-18.589 34.947 41.727
-19.845 32.130 39.489
-19.306 28.514 40.591
-19.853 25.766 38.027
-20.856 22.315 39.392
-20.911 19.341 37.008
-23.373 16.750 38.370
-20.879 13.876 37.988
-17.334 12.867 37.055
-16.858 9.433 35.502
-13.772 7.747 34.003
-16.164 5.166 32.383
-17.631 8.078 30.369
-14.240 9.803 29.792
-12.514 6.632 28.434
-15.380 5.610 26.097
-16.884 8.832 24.673
-14.334 10.461 22.283
-16.360 13.721 22.061
-18.717 14.253 25.033
-21.574 16.703 24.394
-24.406 16.653 27.009
-22.963 17.395 30.479
-25.547 18.049 33.217
-24.824 20.515 35.976
-25.797 23.536 38.043
-24.122 26.963 38.226
-24.252 29.331 41.213
-24.174 33.145 40.931
-23.426 35.444 43.910
-23.775 39.102 42.800
-23.147 42.351 44.643
-24.180 45.470 42.696
-24.329 49.283 43.273
-26.347 51.896 41.361
-26.270 55.668 42.269
-29.933 56.750 42.709
-29.235 60.073 40.912
-32.625 60.653 39.171
-36.393 60.440 40.003
-36.783 57.187 37.977
-34.101 55.300 39.967
-35.690 56.435 43.276
-39.166 55.261 41.997
-37.896 51.759 40.854
-35.842 51.344 44.074
-39.046 52.112 46.087
-41.023 49.548 44.037
-38.355 46.896 44.839
-38.442 47.875 48.553
-42.256 47.220 48.494
-41.913 43.910 46.494
-39.057 42.580 48.675
-40.729 43.431 52.094
-44.312 42.705 50.944
-43.672 39.624 48.773
-41.473 37.744 51.272
-40.953 34.224 49.812
-42.942 35.266 46.725
-40.399 37.939 45.649
-37.605 35.488 44.700
-40.145 33.219 42.980
-42.207 35.809 40.944
-39.152 37.915 39.942
-38.306 35.225 37.307
-41.129 36.294 34.943
-40.162 39.987 35.381
-36.476 39.138 34.640
-37.047 36.798 31.671
-39.160 39.345 29.753
-41.483 38.105 26.992
-40.301 34.895 25.273
-37.000 34.891 27.246
-39.108 33.050 29.897
-40.304 30.421 27.334
-36.705 29.870 26.117
-35.600 28.627 29.629
-37.386 25.240 29.280
-36.551 25.091 25.562
-32.829 24.601 26.300
-33.418 22.061 29.130
-32.500 24.921 31.449
-33.731 25.822 34.942
-33.581 29.148 36.879
-33.792 28.939 40.676
-35.679 31.580 42.714
-33.508 34.601 43.644
-32.167 34.758 47.221
-31.815 38.344 48.515
-28.844 38.602 50.945
-28.751 42.410 50.984
-31.033 45.217 49.739
-30.638 48.805 50.915
-29.761 52.446 50.341
-26.210 53.785 51.082
-25.231 57.488 51.412
-25.695 60.906 46.921
-27.923 57.870 47.648
-26.742 54.526 46.196
-28.946 51.461 45.770
-26.976 48.430 47.087
-27.859 44.728 46.650
-26.385 41.257 47.057
-28.277 38.416 45.478
-27.905 34.771 44.533
-29.417 32.315 42.083
-28.420 29.077 40.387
-29.190 27.909 36.889
-28.978 24.288 35.764
-28.853 22.343 32.517
-29.524 18.785 31.301
-26.551 19.206 28.890
-27.715 21.645 26.154
-26.689 24.621 28.396
-23.144 25.362 27.089
-22.440 27.856 29.931
-22.470 24.779 32.192
-21.398 21.883 29.941
-18.467 23.857 28.465
-17.486 26.038 31.477
-13.666 26.063 30.910
-13.801 26.063 27.056
-16.098 29.199 26.884
-13.375 31.221 28.700
-10.086 30.299 26.877
-7.844 32.613 29.015
-4.817 30.185 28.496
-4.928 31.025 24.751
-5.369 34.800 25.259
-1.777 36.022 24.544
-3.101 39.136 22.671
-6.470 41.016 22.253
-9.438 39.035 20.890
-12.531 40.753 19.476
-15.910 40.070 17.890
-18.484 42.355 16.299
-22.023 41.692 15.150
-24.823 43.783 13.769
-28.324 43.308 12.431
-31.073 45.336 10.736
-34.613 44.035 10.753
-38.237 44.994 10.056
-41.518 43.305 8.994
-40.066 42.448 5.559
-36.437 41.434 6.153
-33.490 40.541 8.386
-29.841 41.233 7.580
-26.851 40.411 9.766
-23.041 40.376 9.776
-20.582 38.973 12.301
-16.761 39.086 12.303
-14.336 38.033 14.995
-10.769 36.999 15.740
-10.617 34.851 18.847
-9.136 31.716 20.437
-11.216 28.531 20.839
-12.274 28.156 17.165
-10.348 24.845 16.963
-9.773 22.184 19.624
-7.571 19.089 20.155
-9.809 16.134 19.066
-7.323 13.527 20.298
-5.227 11.000 18.374
-3.228 13.753 16.633
-6.415 15.284 15.147
-8.006 18.709 15.628
-11.639 19.752 15.266
-13.455 23.021 14.631
-15.130 23.385 18.113
-18.452 21.589 18.716
-21.336 23.840 17.813
-22.777 25.483 21.023
-26.320 24.094 21.403
-28.178 27.028 23.086
-27.864 29.426 20.046
-29.375 26.732 17.778
-32.123 25.779 20.244
-33.055 29.417 21.009
-32.918 30.585 17.365
-35.041 27.498 16.677
-37.929 29.306 18.444
-37.942 31.875 15.596
-36.527 29.926 12.632
-39.733 28.007 11.716
-42.091 30.930 10.845
-41.534 31.048 7.063
-40.543 28.414 4.485
-37.273 29.431 2.764
-34.826 28.216 0.151
-31.126 28.120 1.103
-28.381 29.987 -0.892
-25.315 29.354 1.219
-21.558 28.861 1.311
-19.086 27.991 4.060
-15.377 28.508 3.400
-12.789 26.894 5.661
-9.085 27.803 5.320
-6.766 25.526 7.308
-3.185 26.630 8.261
-0.466 25.850 5.633
0.278 22.126 5.082
-2.847 20.980 7.023
-5.678 18.891 5.538
-9.182 17.720 6.428
-9.159 14.017 7.467
-12.945 13.785 7.942
-15.869 16.083 7.116
-19.592 15.232 7.604
-21.506 16.825 5.789
-18.708 16.385 3.221
-17.233 19.539 1.663
-18.336 20.250 -1.972
-14.936 21.464 -3.312
-11.272 21.855 -2.367
-8.133 23.731 -3.438
-5.210 22.842 -1.145
-5.984 24.233 2.422
-9.246 25.858 1.259
-12.536 23.928 1.468
-16.044 24.981 0.578
-19.506 23.731 1.416
-22.616 24.708 -0.624
-25.839 23.076 -1.850
-26.843 19.426 -1.260
-26.238 17.977 2.220
-24.672 21.198 3.643
-27.655 23.395 2.482
-30.039 20.940 4.215
-27.839 21.084 7.359
-28.037 24.954 7.126
-31.864 24.767 6.908
-31.807 22.217 9.834
-29.745 24.370 12.277
-31.692 27.604 11.414
-34.910 25.871 12.498
-33.623 24.474 15.806
-31.821 21.331 14.705
-28.627 20.322 16.569
-27.390 17.638 14.128
-23.589 17.402 14.232
-21.555 18.956 11.402
-18.051 17.689 12.156
-14.691 18.813 10.666
-11.488 16.963 11.690
-8.078 18.055 10.390
-4.308 17.455 10.956
-0.657 17.910 9.717
