53.228 -12.078 5.639
54.194 -11.414 9.267
51.645 -12.858 11.654
50.467 -10.799 14.590
48.864 -13.008 17.170
46.506 -10.845 19.284
44.964 -11.906 22.589
42.369 -11.878 24.077
39.632 -11.828 21.440
37.105 -10.398 23.971
37.305 -8.382 27.117
34.431 -7.738 29.573
35.436 -5.057 32.004
33.856 -2.502 34.264
34.380 1.166 33.922
37.446 2.107 35.886
39.197 -1.279 35.414
42.547 -1.796 33.627
42.810 -3.542 30.247
45.851 -5.074 28.604
45.939 -6.508 25.033
48.949 -8.382 23.695
50.177 -8.818 20.105
53.027 -11.322 19.432
54.828 -10.874 16.131
56.060 -13.961 14.194
59.363 -12.153 13.485
61.398 -9.572 15.386
60.264 -6.111 14.269
61.856 -3.541 16.620
59.216 -1.051 17.588
57.361 -1.102 14.257
53.916 -1.800 15.728
50.739 0.304 15.582
47.535 0.265 17.635
44.124 1.358 16.299
40.694 1.780 17.929
37.543 1.122 15.812
34.236 2.036 17.320
30.971 0.588 16.001
30.113 2.039 12.594
33.287 4.145 12.455
36.592 4.004 10.616
39.742 2.995 12.417
41.429 5.627 14.496
45.145 5.738 15.222
46.053 5.548 18.967
49.671 4.397 19.223
52.509 4.475 16.713
56.048 2.934 16.810
54.975 0.710 19.702
54.786 3.387 22.341
53.964 6.892 21.017
50.575 8.368 21.544
49.216 9.978 18.407
47.756 13.606 18.642
44.660 13.994 20.732
44.959 10.531 22.233
44.137 10.544 26.020
46.758 9.527 28.565
44.954 6.393 29.720
46.080 4.757 26.394
49.612 3.431 26.310
51.662 0.918 24.332
54.983 -0.911 24.965
57.221 -3.599 23.547
60.220 -4.234 21.308
61.024 -7.214 19.151
58.150 -9.634 19.301
55.877 -9.095 22.377
53.779 -5.887 22.244
51.291 -4.642 24.826
48.516 -1.958 24.692
46.925 -0.808 27.887
44.016 1.254 28.930
44.743 2.431 32.514
41.284 3.176 33.529
38.528 2.071 31.007
35.790 4.603 30.364
32.305 3.808 29.035
33.052 5.361 25.680
36.061 3.085 25.134
33.768 0.365 23.901
35.452 -0.608 20.559
37.475 -3.122 18.692
41.200 -2.602 19.156
43.819 -4.022 16.944
47.470 -4.081 16.225
49.262 -3.782 12.908
52.872 -4.380 11.921
53.582 -3.723 8.263
50.643 -2.492 6.175
49.169 -5.964 5.495
49.799 -7.558 8.950
46.952 -7.093 11.371
46.121 -8.679 14.664
42.784 -10.404 14.847
41.311 -7.733 17.138
39.970 -7.453 20.675
36.348 -6.481 21.321
36.123 -4.476 24.507
32.696 -4.779 26.069
31.571 -3.058 29.266
29.960 -4.685 32.267
