-35.971 6.263 8.403
-37.011 9.824 7.565
-39.894 9.907 10.089
-37.457 9.353 12.973
-34.754 11.532 11.415
-37.152 14.443 10.920
-38.512 14.016 14.460
-34.953 14.207 15.817
-34.699 17.725 14.299
-30.951 17.536 13.696
-28.983 20.785 13.776
-26.929 21.780 10.721
-23.778 20.492 12.498
-25.463 17.132 13.150
-26.425 17.044 9.495
-22.818 17.785 8.471
-21.613 14.833 10.516
-24.323 12.651 9.020
-23.506 13.464 5.391
-19.745 13.076 5.699
-18.537 10.877 2.856
-17.399 7.401 3.729
-13.916 6.049 3.210
-12.539 6.153 -0.321
-9.761 3.729 -1.250
-7.065 4.735 -3.726
-6.847 1.293 -5.316
-3.087 1.497 -4.752
-1.166 -1.448 -6.213
1.953 -2.009 -4.093
3.287 -4.502 -6.664
3.858 -1.703 -9.197
6.891 0.627 -9.112
6.504 3.775 -7.049
7.333 6.043 -9.951
5.885 9.529 -10.194
3.698 8.410 -13.101
2.171 5.583 -11.062
1.786 7.552 -7.828
0.271 10.621 -9.482
-2.037 8.483 -11.608
-3.152 6.797 -8.363
-3.648 10.151 -6.657
-5.725 11.321 -9.617
-7.833 8.172 -9.567
-8.371 8.740 -5.849
-9.223 12.409 -6.424
-11.771 11.448 -9.095
-13.394 8.954 -6.735
-13.451 11.497 -3.934
-15.001 14.118 -6.205
-17.892 11.752 -6.940
-18.499 11.704 -3.192
-18.099 15.481 -2.961
-20.972 15.970 -5.390
-23.144 13.529 -3.411
-22.246 15.402 -0.207
-22.858 18.853 -1.640
-26.357 17.858 -2.779
-27.420 17.120 0.793
-25.570 20.063 2.305
-28.099 22.354 4.014
-28.549 25.439 1.867
-26.830 24.133 -1.265
-30.156 23.360 -2.956
-30.903 27.123 -2.847
-28.159 27.750 -5.397
-28.725 27.447 -9.133
-27.249 24.486 -10.983
-24.602 26.626 -12.697
-23.414 27.915 -9.330
-23.484 24.464 -7.752
-21.207 23.256 -10.540
-18.959 26.305 -10.311
-18.531 25.978 -6.563
-17.686 22.278 -6.688
-15.294 22.878 -9.557
-13.623 25.940 -8.040
-13.090 24.319 -4.657
-12.164 20.775 -5.684
-8.496 20.994 -4.773
-9.270 22.878 -1.568
-11.853 20.349 -0.398
-9.688 17.357 -1.180
-6.576 18.927 0.367
-8.419 19.908 3.538
-9.850 16.387 3.868
-6.371 14.981 3.281
-5.027 16.999 6.215
-8.000 15.935 8.313
-7.385 12.245 7.651
-3.675 12.770 8.264
-4.440 14.404 11.603
-7.129 11.933 12.673
-5.405 8.730 11.634
-1.710 9.510 12.055
-1.595 12.572 14.335
-0.190 14.360 11.293
2.848 12.113 11.039
2.051 11.110 7.459
-0.167 12.130 4.572
-3.138 9.789 4.771
-4.540 9.841 1.264
-6.515 6.674 1.859
-6.258 3.599 4.069
-4.311 1.914 1.258
-2.183 4.964 0.450
-0.295 6.654 3.226
2.684 8.817 2.282
5.846 8.990 4.283
8.785 11.153 3.175
9.931 8.518 0.658
6.524 8.493 -1.060
6.453 12.297 -1.033
9.741 12.289 -2.949
8.672 9.445 -5.246
5.447 11.246 -6.178
7.429 14.195 -7.633
5.499 16.374 -5.182
7.845 16.482 -2.215
7.773 20.235 -1.633
4.035 20.540 -2.225
3.476 17.602 0.114
5.489 19.452 2.743
3.167 22.434 2.240
0.197 20.129 2.736
1.824 18.675 5.822
2.067 22.154 7.310
-1.742 22.301 7.324
-1.862 18.899 9.034
0.537 20.229 11.666
-1.728 23.257 12.192
-4.564 20.831 12.955
-2.412 19.392 15.766
-1.425 22.865 17.016
-5.072 23.945 17.119
-6.454 20.578 18.202
-9.021 21.035 15.456
-12.308 19.334 16.264
-14.404 17.327 13.857
-17.253 19.835 14.245
-14.931 22.678 13.304
-13.575 20.648 10.400
-17.020 19.967 8.960
-18.055 23.615 9.040
-14.719 24.725 7.650
-15.056 22.245 4.798
-18.362 23.878 3.825
-16.671 27.263 3.971
-14.033 25.924 1.557
-16.761 24.824 -0.859
-17.872 28.467 -0.623
-14.377 30.008 -0.775
-13.674 30.503 -4.476
-15.950 32.192 -6.988
-15.808 33.823 -10.417
-14.309 37.321 -10.379
-17.506 38.663 -11.938
-19.655 36.767 -9.451
-22.013 33.825 -9.376
-25.352 33.544 -11.145
-27.116 34.060 -7.830
-24.647 35.994 -5.739
-27.103 36.911 -2.973
-28.165 33.290 -2.449
-24.505 32.309 -2.261
-23.704 35.055 0.248
-26.629 33.974 2.409
-25.372 30.396 2.495
-21.767 31.414 3.138
-22.805 33.796 5.908
-24.952 31.089 7.466
-21.933 28.795 7.684
-19.760 31.597 9.049
-22.415 32.015 11.724
-22.284 28.250 12.359
-18.538 28.485 12.841
-18.892 31.388 15.265
-21.582 29.538 17.229
-19.446 26.386 17.330
-16.313 28.106 18.596
-18.306 29.820 21.367
-20.090 26.634 22.476
-12.577 33.475 26.952
-10.963 32.950 23.541
-13.942 32.702 21.123
-12.711 35.430 18.796
-9.174 34.032 18.991
-10.444 30.606 17.928
-12.615 32.011 15.160
-9.672 34.088 13.986
-7.233 31.173 13.989
-9.637 28.940 12.105
-10.506 31.579 9.528
-6.826 32.505 9.123
-6.248 28.826 8.423
-9.018 28.910 5.799
-7.312 31.905 4.199
-4.014 29.999 4.182
-5.661 27.198 2.219
-5.818 29.576 -0.742
-2.050 29.993 -0.557
-1.402 26.269 -0.770
-4.219 25.417 -3.149
-3.242 27.979 -5.776
0.210 26.355 -5.848
-1.289 22.884 -6.030
-3.522 23.954 -8.903
-0.656 25.523 -10.852
1.269 22.301 -10.399
-1.752 20.215 -11.365
-2.266 22.333 -14.484
1.378 21.879 -15.459
1.157 18.119 -14.936
-2.096 18.089 -16.898
-0.541 19.940 -19.823
2.448 17.598 -19.722
0.419 14.495 -18.927
1.343 12.588 -22.088
5.091 13.146 -21.577
4.883 12.543 -17.835
2.569 9.531 -18.326
0.183 10.867 -15.699
-3.411 9.709 -16.048
-6.420 11.832 -15.133
-9.928 10.426 -14.798
-12.767 12.010 -16.807
-14.107 13.969 -13.825
-10.744 15.688 -13.365
-10.218 16.196 -17.091
-13.522 18.083 -17.219
-12.821 20.105 -14.084
-9.264 21.011 -15.014
-9.783 21.698 -18.715
-12.570 24.152 -17.893
-11.036 25.888 -14.894
-7.549 26.205 -16.338
-8.207 29.216 -18.609
-10.444 30.779 -15.959
-7.678 30.666 -13.370
-4.999 31.743 -15.824
-7.005 34.710 -17.126
-7.411 36.049 -13.572
-11.126 35.240 -13.418
-11.094 33.073 -10.314
-11.511 35.004 -7.065
-10.467 33.579 -3.689
-12.535 34.861 -0.779
-10.631 35.749 2.383
-11.626 36.533 5.938
-8.525 38.547 6.856
-7.286 39.813 3.494
-8.813 42.117 0.891
