18.337 -9.635 41.058
14.719 -8.497 41.283
15.677 -5.137 42.795
18.215 -2.683 41.374
19.601 -0.844 44.372
22.339 1.805 44.008
25.399 0.761 46.101
25.469 3.915 48.247
21.783 3.747 49.178
20.781 4.581 52.748
17.452 3.548 54.237
14.736 4.840 56.538
12.388 2.186 57.908
8.660 2.858 57.705
6.614 2.163 60.847
5.080 -1.315 60.974
1.454 -0.783 60.009
2.194 2.069 57.595
-1.276 2.594 56.093
-1.861 2.451 52.347
-4.593 4.771 51.018
-6.526 2.042 49.198
-6.357 -0.508 51.990
-3.769 -2.754 53.565
-0.586 -1.788 55.367
3.169 -2.321 55.135
5.325 -4.103 57.686
9.114 -4.123 57.692
9.113 -1.680 54.767
11.659 1.023 53.997
12.520 3.986 51.803
15.864 4.158 50.014
17.464 7.598 49.773
20.715 9.386 49.032
21.979 12.830 50.001
24.208 15.378 48.286
25.726 18.363 50.056
25.865 18.976 53.812
23.037 19.963 56.170
23.872 23.080 58.183
23.773 23.156 61.991
20.314 24.758 62.020
19.019 22.062 59.650
17.288 24.668 57.496
18.879 24.001 54.105
17.381 20.604 53.238
15.934 20.057 49.771
13.767 17.004 49.073
13.620 15.634 45.527
10.765 13.357 44.429
11.519 11.602 41.132
9.788 10.604 37.923
8.409 7.065 37.629
11.628 5.505 36.288
14.112 7.282 38.542
16.004 6.199 41.645
17.593 7.989 44.604
20.933 8.422 42.810
20.362 11.939 41.476
24.096 12.576 41.117
27.518 10.954 41.401
29.211 10.704 44.798
32.524 9.340 46.138
30.882 6.090 47.277
29.148 5.741 43.894
30.802 7.773 41.083
28.259 6.437 38.587
26.469 9.379 36.939
23.087 10.226 38.447
19.792 10.763 36.640
20.125 14.509 37.294
23.918 14.763 37.126
23.937 18.195 35.453
21.390 19.617 37.906
22.747 18.543 41.301
26.288 19.271 42.445
28.866 21.915 43.492
27.938 25.171 41.777
25.108 23.567 39.799
21.417 24.645 39.606
20.714 22.733 42.820
23.975 23.743 44.464
25.162 21.153 46.966
27.471 23.840 48.352
24.277 25.502 49.584
21.843 22.632 50.120
21.558 19.217 51.726
19.741 17.478 48.880
17.745 14.402 49.870
16.504 12.284 46.971
14.187 9.367 47.691
13.194 6.300 45.687
9.378 6.326 45.540
7.482 3.760 47.597
6.376 1.018 45.207
9.521 1.311 43.089
12.283 -1.292 42.745
15.461 0.719 43.378
15.677 0.190 47.132
12.323 1.323 48.472
9.792 -1.375 49.266
7.733 -2.468 46.270
6.441 -5.570 44.389
9.964 -6.936 43.903
10.816 -6.602 47.601
10.589 -9.482 50.064
7.375 -9.660 52.075
8.500 -10.366 55.673
5.337 -12.399 56.249
6.218 -14.938 53.548
9.939 -14.558 52.940
9.072 -14.278 49.243
8.683 -11.241 46.974
5.335 -9.454 47.175
4.681 -9.618 43.446
0.986 -8.778 43.002
0.281 -9.191 46.715
1.778 -5.743 47.317
-1.054 -3.376 48.348
-2.379 -1.124 45.585
-0.161 1.973 45.484
-1.299 5.613 45.620
0.632 8.838 45.067
-0.458 9.802 48.585
1.419 6.789 50.004
4.594 7.875 48.235
4.129 11.315 49.785
3.505 9.941 53.287
6.567 7.694 53.048
8.741 10.603 51.897
7.413 12.757 54.743
8.331 10.073 57.270
11.796 9.849 55.731
12.419 13.577 56.084
11.236 13.590 59.693
13.246 10.468 60.542
16.289 12.462 59.428
15.543 15.064 62.094
14.291 17.702 59.659
11.128 19.576 60.671
10.958 21.947 57.703
12.479 21.580 54.243
13.863 24.697 52.575
12.288 23.289 49.409
10.592 20.225 47.947
11.312 19.536 44.275
9.060 17.293 42.211
9.259 16.365 38.526
6.729 14.446 36.425
5.275 11.740 38.682
7.286 13.420 41.423
5.309 16.564 40.738
2.184 14.700 41.799
3.940 13.187 44.810
5.201 16.619 45.880
1.727 18.168 45.733
0.329 15.281 47.760
3.079 15.907 50.306
2.346 19.635 50.460
-1.345 18.901 50.984
-0.997 16.176 53.632
2.057 17.545 55.473
1.787 21.370 55.083
4.373 22.365 57.699
7.104 20.254 56.107
8.166 22.526 53.221
8.837 26.259 52.905
9.092 26.419 49.109
8.322 24.219 46.101
9.770 23.650 42.631
7.274 21.889 40.362
8.629 20.592 37.051
6.182 19.262 34.446
3.728 18.049 37.062
-0.068 17.947 37.352
-2.883 17.755 39.899
-4.192 14.685 38.082
-3.676 12.901 34.771
-5.474 13.800 31.566
-6.941 11.159 29.134
-4.065 11.033 26.665
-1.478 10.198 29.326
-3.864 7.648 30.845
-4.309 5.967 27.469
-0.552 5.883 26.894
0.168 4.347 30.289
-2.698 1.906 29.770
-0.993 0.686 26.583
2.395 0.529 28.299
0.932 -1.659 31.039
-0.795 -3.698 28.314
2.502 -4.399 26.545
3.767 -5.932 29.790
0.663 -7.916 30.736
0.287 -9.174 27.147
3.797 -10.626 27.234
3.592 -14.400 27.854
6.594 -14.073 30.144
4.610 -12.081 32.715
2.870 -15.132 34.199
0.350 -13.040 36.145
3.263 -11.356 37.886
4.938 -14.599 38.953
7.854 -14.403 36.524
11.160 -15.572 37.982
14.855 -14.874 37.445
15.728 -14.457 33.784
14.126 -12.208 31.173
10.478 -12.516 32.191
8.235 -10.162 30.158
11.313 -8.470 28.695
9.854 -7.886 25.238
6.835 -6.264 26.863
9.034 -4.022 28.999
10.933 -2.956 25.881
7.698 -1.989 24.145
6.506 -0.087 27.218
9.674 2.008 27.223
9.604 2.591 23.467
6.022 3.847 23.616
7.087 6.110 26.453
10.088 7.514 24.610
7.872 8.175 21.595
5.603 10.325 23.759
8.117 11.919 26.144
9.483 13.970 23.250
8.017 15.969 20.367
7.126 13.934 17.285
8.624 16.825 15.323
11.923 16.498 17.179
12.002 12.808 16.250
11.691 13.352 12.498
14.579 15.831 12.511
17.056 13.529 14.264
17.256 10.198 12.413
15.650 10.808 9.051
15.061 7.668 6.991
18.555 6.291 7.580
18.590 2.493 7.832
20.268 0.559 10.629
24.044 0.605 10.243
24.760 -2.986 11.255
23.924 -5.684 8.705
10.118 -11.315 8.464
9.024 -7.715 9.075
11.882 -6.977 11.450
13.490 -3.579 12.227
15.179 -1.660 9.417
15.426 2.014 10.351
17.944 3.655 12.655
15.120 5.221 14.653
14.031 1.668 15.495
17.523 0.612 16.566
17.820 3.730 18.715
14.542 2.967 20.476
15.520 -0.654 21.070
18.935 0.311 22.437
17.548 2.621 25.120
14.525 0.426 25.818
16.785 -2.513 26.682
18.727 -0.419 29.181
15.410 0.236 30.939
14.194 -3.366 30.811
17.490 -4.492 32.361
17.038 -2.312 35.441
13.322 -2.239 36.238
10.853 -4.711 37.728
7.714 -5.252 35.617
5.289 -5.434 38.556
6.782 -2.330 40.170
6.278 -0.547 36.857
2.604 -1.564 36.768
1.973 -0.308 40.303
3.669 3.059 39.777
1.975 3.554 36.403
-1.468 2.798 37.839
-0.823 5.174 40.743
-0.273 8.023 38.289
-3.711 7.459 36.719
-5.527 7.283 40.051
-4.204 10.423 41.720
-6.410 13.504 42.015
-5.272 16.301 44.316
-8.884 17.466 44.468
-10.029 14.528 46.607
-7.975 15.755 49.556
-8.866 18.046 52.440
-12.614 17.518 52.436
-12.473 18.149 48.702
-13.550 21.766 49.019
-12.967 23.654 45.783
-11.586 20.603 44.013
-7.948 20.743 42.912
-7.743 24.562 42.903
-8.979 24.573 46.487
-6.377 22.067 47.647
-3.639 24.142 46.009
-4.820 27.328 47.701
-4.839 25.596 51.098
-1.162 24.662 50.825
1.288 26.573 53.029
4.266 27.123 50.726
5.620 30.686 50.710
7.316 30.629 47.300
7.207 28.330 44.289
8.782 27.897 40.872
6.523 26.138 38.379
7.908 25.107 34.992
6.637 23.136 32.027
7.583 22.381 28.425
5.483 23.875 25.629
5.744 20.613 23.667
4.784 18.326 26.563
1.787 16.206 25.527
1.642 13.953 28.599
1.470 16.719 31.206
0.399 19.653 28.987
1.498 23.178 29.912
-2.068 24.044 30.935
-1.600 21.661 33.860
1.476 23.506 35.090
-0.359 26.807 34.688
-3.094 25.296 36.862
-0.584 24.461 39.591
0.880 27.967 39.476
-2.540 29.655 39.612
-3.771 27.519 42.489
-0.644 28.067 44.570
-0.649 31.788 43.779
-4.349 32.109 44.640
-3.464 30.708 48.047
-0.850 33.352 48.774
2.343 31.719 47.526
4.737 33.983 45.617
4.805 31.997 42.375
7.100 32.145 39.363
5.599 30.399 36.328
7.882 29.721 33.381
6.768 28.010 30.154
9.896 26.593 28.529
10.194 26.749 24.758
11.884 23.406 24.175
11.339 20.549 21.697
12.243 17.959 24.348
8.647 17.657 25.538
8.049 15.888 28.854
11.701 14.791 29.160
12.856 18.419 29.058
13.532 18.601 32.804
15.968 15.731 32.193
17.580 16.482 28.828
17.352 20.266 28.457
19.183 21.456 31.568
20.307 24.379 29.415
16.836 25.914 29.751
15.720 24.335 33.038
18.910 24.953 35.000
19.135 28.772 35.052
15.575 29.309 36.370
16.034 26.726 39.131
19.380 28.251 40.105
17.837 31.728 40.242
14.868 30.642 42.361
16.994 28.751 44.887
19.398 31.694 45.045
16.446 33.732 46.325
15.397 31.011 48.769
18.950 30.755 50.111
