24.157 -39.896 -6.909
27.560 -40.595 -5.347
28.691 -39.346 -1.937
31.837 -37.254 -1.924
33.959 -37.684 1.184
35.687 -34.499 2.299
38.279 -33.261 4.762
38.208 -29.988 6.738
40.105 -27.103 5.101
39.852 -28.694 1.647
36.381 -27.576 0.577
35.168 -24.623 -1.485
31.586 -23.486 -2.009
30.397 -21.868 -5.239
27.993 -18.942 -5.107
26.081 -18.073 -8.263
24.582 -14.797 -9.466
22.123 -13.556 -10.522
19.420 -14.995 -8.274
17.190 -17.952 -9.088
14.111 -16.742 -10.965
15.359 -13.174 -11.240
14.726 -10.890 -14.194
17.900 -8.968 -15.040
19.137 -6.471 -17.617
20.848 -7.127 -20.937
24.313 -6.594 -19.475
24.160 -9.168 -16.670
26.927 -11.782 -16.789
26.570 -15.184 -15.175
28.836 -15.096 -12.117
30.263 -17.986 -10.143
32.266 -16.877 -7.126
34.051 -19.392 -4.916
34.873 -18.867 -1.241
38.434 -20.028 -1.915
41.014 -19.325 -4.607
40.703 -21.680 -7.580
43.945 -23.169 -8.906
42.467 -25.337 -11.661
40.312 -22.921 -13.648
39.872 -25.462 -16.431
38.323 -27.942 -14.002
35.933 -25.281 -12.703
34.834 -24.301 -16.214
34.338 -27.927 -17.234
32.047 -28.391 -14.227
29.858 -25.397 -15.101
27.175 -25.860 -17.740
25.455 -22.733 -18.991
22.685 -23.021 -21.553
20.646 -20.291 -23.212
17.368 -19.996 -25.104
17.401 -18.611 -27.722
20.921 -20.077 -27.859
23.858 -17.679 -28.056
27.629 -18.217 -27.991
29.144 -17.329 -24.624
32.437 -17.857 -22.842
34.131 -17.798 -19.429
36.603 -15.183 -18.199
38.105 -14.973 -14.691
38.136 -11.519 -13.083
40.466 -12.832 -10.374
41.260 -16.083 -8.534
37.842 -16.211 -6.872
35.315 -15.334 -9.539
34.528 -16.435 -13.077
32.085 -14.700 -15.416
30.225 -15.932 -18.502
28.628 -13.712 -21.136
27.928 -13.511 -24.878
29.712 -11.206 -27.321
26.860 -8.700 -27.355
24.243 -7.662 -24.807
21.576 -10.298 -24.194
18.427 -10.301 -26.285
15.440 -9.466 -24.063
13.392 -12.564 -23.224
16.377 -14.918 -23.224
16.224 -17.699 -20.616
19.482 -18.735 -18.978
20.129 -21.946 -17.060
23.227 -22.404 -14.905
24.305 -25.806 -13.595
27.361 -25.567 -11.363
28.227 -29.245 -11.026
31.208 -28.809 -8.728
30.352 -31.395 -6.039
33.460 -33.508 -5.489
35.366 -31.838 -8.308
39.104 -31.434 -7.753
39.609 -27.702 -8.214
43.370 -27.920 -7.749
45.813 -27.881 -4.844
43.728 -30.287 -2.765
40.626 -28.090 -2.920
37.331 -29.811 -3.767
33.910 -28.486 -4.720
31.635 -28.704 -1.700
28.266 -28.821 -3.455
26.367 -28.240 -6.683
24.255 -25.160 -7.407
21.521 -24.734 -10.025
19.960 -21.399 -10.977
17.797 -20.045 -13.772
17.056 -16.467 -14.783
15.626 -14.380 -17.606
16.553 -11.181 -19.420
14.168 -8.232 -19.194
13.867 -5.067 -21.290
