8.154 12.018 -10.710
5.534 9.208 -10.839
2.558 11.237 -12.120
3.021 9.661 -15.597
2.444 6.205 -14.056
-0.774 7.443 -12.347
-2.029 9.013 -15.556
-1.349 5.768 -17.432
-3.844 3.996 -15.090
-1.372 1.883 -13.059
-3.081 2.470 -9.687
-6.348 3.296 -7.963
-8.035 2.864 -4.572
-11.620 1.586 -4.238
-14.172 4.090 -2.878
-15.531 1.579 -0.344
-13.757 -0.409 2.330
-14.170 -4.177 2.236
-16.520 -5.993 4.688
-13.826 -5.994 7.418
-13.056 -2.241 7.053
-9.826 -2.621 5.019
-8.756 -0.152 2.380
-8.590 -1.879 -1.008
-5.900 -0.970 -3.556
-5.608 -1.898 -7.214
-2.441 -2.123 -9.271
-2.475 -2.872 -12.987
0.818 -4.108 -14.446
-0.296 -3.552 -18.082
-0.052 0.204 -17.335
3.494 0.091 -16.046
5.846 0.672 -18.978
9.159 -0.816 -17.741
11.083 1.121 -20.440
9.840 4.357 -18.775
9.530 3.575 -15.063
11.874 1.525 -12.890
10.717 -0.909 -10.232
11.804 1.821 -7.784
9.393 4.365 -9.350
6.554 1.802 -9.157
7.429 0.959 -5.507
7.306 4.723 -4.686
3.669 4.859 -5.899
2.790 2.318 -3.165
4.776 4.196 -0.563
2.929 7.427 -1.455
-0.446 5.698 -1.314
0.451 3.992 1.979
1.567 7.273 3.600
-1.753 8.790 2.528
-4.109 6.028 3.694
-2.255 5.267 6.964
-3.497 8.663 8.159
-7.005 7.127 8.290
-7.725 5.639 11.723
-9.941 2.931 10.188
-7.109 1.932 7.858
-4.737 1.665 10.848
-7.300 -0.520 12.609
-8.405 -2.684 9.619
-5.388 -2.688 7.332
-5.209 -2.905 3.548
-5.750 -5.390 0.798
-3.967 -5.051 -2.532
-5.077 -6.480 -5.828
-2.460 -6.861 -8.582
-3.834 -7.399 -12.031
-0.930 -9.092 -13.841
-2.573 -9.111 -17.251
0.042 -7.887 -19.723
2.941 -9.072 -17.505
6.083 -9.109 -19.739
9.608 -10.519 -19.342
10.610 -6.847 -19.231
8.681 -6.275 -15.978
10.626 -9.257 -14.605
14.003 -7.725 -15.607
13.481 -4.885 -13.014
12.569 -7.176 -10.103
16.082 -7.840 -8.824
16.798 -9.777 -5.617
17.351 -6.328 -3.992
13.860 -5.211 -4.955
12.411 -8.533 -3.805
13.975 -7.955 -0.313
12.421 -4.442 -0.036
9.031 -5.823 -1.050
9.312 -8.552 1.619
10.248 -6.028 4.360
7.402 -3.602 3.701
4.781 -6.357 3.620
5.870 -7.896 6.876
7.358 -5.831 9.723
8.886 -2.617 8.359
5.879 -0.463 7.526
3.110 0.484 9.960
0.117 -0.898 7.978
-1.443 -4.309 8.520
-1.547 -6.233 5.231
-4.710 -8.261 5.416
-4.719 -9.588 1.841
-2.670 -9.773 -1.323
-4.638 -10.899 -4.367
-3.142 -11.645 -7.754
-5.310 -12.038 -10.821
-4.296 -12.988 -14.402
-0.946 -14.055 -12.993
1.466 -16.083 -15.213
1.600 -19.731 -14.152
5.266 -19.255 -13.244
4.223 -17.124 -10.220
2.956 -20.371 -8.571
6.450 -21.919 -8.748
7.936 -18.761 -7.310
5.307 -18.889 -4.536
6.399 -22.503 -3.649
10.049 -21.397 -3.277
9.023 -18.573 -0.942
6.448 -20.319 1.326
8.840 -21.851 3.939
10.258 -18.358 4.602
6.765 -17.089 5.582
4.494 -18.077 8.518
1.101 -19.849 8.385
-0.792 -16.513 8.788
0.941 -14.482 6.016
0.814 -17.418 3.517
-2.847 -17.586 4.305
-3.217 -13.935 3.126
-1.787 -14.440 -0.368
-4.260 -15.438 -3.074
-3.531 -16.307 -6.699
-6.734 -16.344 -8.705
-5.673 -16.990 -12.339
-7.439 -15.875 -15.523
-10.779 -17.052 -14.288
-10.757 -14.927 -11.165
-14.093 -13.301 -11.194
-16.137 -15.633 -8.930
-13.317 -16.197 -6.468
-12.630 -12.433 -6.222
-16.297 -11.697 -5.687
-16.261 -13.910 -2.548
-13.732 -11.482 -1.018
-15.016 -8.184 -2.492
-18.742 -8.351 -3.170
-20.357 -5.065 -4.326
-17.227 -2.922 -4.313
-15.116 -3.862 -7.355
-15.051 -1.863 -10.529
-16.796 -3.125 -13.609
-13.610 -4.560 -15.096
-13.459 -7.105 -12.244
-17.152 -7.903 -11.830
-18.662 -4.917 -9.969
-21.383 -2.702 -11.510
-21.018 0.942 -10.490
-17.739 2.427 -11.675
-14.799 1.795 -14.015
-11.079 1.426 -13.240
-10.540 4.578 -15.246
-12.795 6.554 -12.810
-10.933 5.331 -9.750
-7.485 5.838 -11.258
-8.451 9.471 -12.090
-9.934 10.057 -8.602
-6.818 8.639 -6.869
-4.424 10.599 -9.164
-6.300 13.846 -8.351
-6.063 13.012 -4.609
-2.306 12.183 -4.708
-1.668 15.478 -6.533
-3.925 17.449 -4.134
-1.790 16.024 -1.298
1.482 17.006 -2.999
2.386 19.635 -0.370
1.677 17.285 2.536
3.853 14.694 0.711
6.608 17.260 0.098
6.429 18.241 3.791
7.250 14.637 4.868
10.069 14.075 2.311
13.834 14.329 2.994
