32.689 19.646 15.906
29.320 19.448 17.728
28.585 16.592 20.161
24.903 16.025 20.636
23.698 15.684 24.215
22.178 12.430 25.410
18.851 11.025 26.659
19.319 8.614 29.605
17.328 5.436 28.776
15.173 3.433 31.182
18.023 0.878 31.541
20.589 3.578 32.423
22.357 3.650 29.088
22.897 7.037 27.529
22.116 7.613 23.899
23.166 10.571 21.760
20.063 12.398 20.627
21.016 12.791 16.945
21.697 9.680 14.839
23.080 9.435 11.345
20.649 7.594 9.111
22.073 4.953 6.785
18.928 3.748 5.081
19.085 4.023 1.311
15.506 4.994 0.451
16.634 8.420 -0.776
19.774 7.251 -2.569
19.905 8.515 -6.153
21.034 6.458 -9.164
24.371 8.272 -8.955
24.853 7.206 -5.309
26.987 4.079 -4.761
26.878 2.260 -1.457
30.461 3.273 -0.532
29.044 6.728 0.167
27.612 5.243 3.371
31.115 4.380 4.613
32.208 7.923 3.821
29.089 9.422 5.440
29.666 7.466 8.661
33.249 8.684 8.764
32.299 12.289 8.074
29.531 12.153 10.697
31.887 10.930 13.390
34.434 13.543 12.332
31.692 16.206 12.671
30.843 15.029 16.186
28.180 12.375 15.696
28.406 9.481 18.109
25.225 7.616 17.085
24.725 5.687 13.819
21.388 4.057 12.830
21.522 1.091 10.448
19.701 -2.192 9.789
20.304 -5.661 8.423
17.774 -4.997 5.655
19.706 -1.941 4.400
22.472 -4.287 3.251
25.034 -1.647 4.240
26.207 -2.802 7.663
29.506 -3.635 6.011
29.932 -0.004 4.891
28.908 1.262 8.330
31.493 -1.054 9.825
34.137 0.188 7.395
33.420 3.802 8.371
33.495 3.022 12.088
36.735 1.093 11.712
38.356 3.986 9.844
37.192 6.505 12.452
38.624 4.350 15.252
41.888 3.646 13.402
42.404 7.329 12.635
41.800 8.268 16.271
38.529 10.170 15.922
36.809 8.045 18.564
37.084 4.855 20.550
34.496 2.091 20.330
33.036 2.904 23.740
32.405 6.497 22.637
30.164 5.304 19.778
26.518 4.274 19.989
25.583 1.910 17.158
21.968 0.948 16.491
20.899 -1.878 14.174
17.710 -3.838 13.546
16.403 -7.402 13.345
14.648 -8.049 10.050
11.142 -9.493 9.657
12.275 -13.005 8.614
14.174 -13.541 11.868
11.342 -13.340 14.390
11.412 -16.822 15.920
12.977 -16.706 19.371
15.994 -18.814 18.373
16.751 -16.665 15.317
17.300 -13.407 17.199
20.750 -14.004 18.681
22.181 -15.505 15.459
20.752 -12.623 13.414
22.456 -10.171 15.776
25.726 -12.092 15.562
25.497 -11.846 11.772
24.959 -8.068 11.986
27.872 -7.764 14.389
30.149 -9.698 12.033
29.237 -7.369 9.146
29.738 -4.304 11.369
33.059 -5.569 12.708
31.764 -5.106 16.292
31.633 -7.291 19.429
28.381 -5.756 20.721
25.634 -3.404 19.574
24.487 -0.476 21.710
20.845 -0.774 20.620
19.115 -3.649 18.849
15.594 -3.038 17.535
12.862 -5.260 16.243
12.469 -3.533 12.839
8.710 -4.213 12.509
6.148 -6.153 14.569
5.330 -8.199 11.436
6.955 -11.592 10.854
7.564 -12.880 7.326
9.159 -15.822 5.637
12.320 -15.011 3.718
10.242 -14.475 0.549
8.170 -11.750 2.252
5.233 -14.113 2.581
3.339 -13.551 5.834
4.078 -15.434 9.018
2.268 -15.199 12.400
4.991 -15.348 15.054
3.999 -13.230 18.063
6.389 -10.310 18.552
6.330 -11.280 22.247
8.322 -14.338 21.256
10.752 -12.232 19.256
11.102 -9.981 22.309
12.182 -12.934 24.385
15.015 -13.457 21.894
15.814 -9.741 22.317
15.902 -10.205 26.119
18.303 -13.102 25.569
20.623 -10.993 23.369
20.737 -8.363 26.124
21.450 -10.925 28.871
24.268 -12.367 26.783
25.885 -8.928 26.511
25.551 -8.763 22.725
23.116 -5.842 22.893
23.481 -3.226 25.629
19.893 -2.038 25.142
16.872 -3.410 23.310
13.885 -1.711 21.707
11.402 -1.798 18.881
10.454 0.056 15.723
7.134 0.596 13.947
5.093 -0.510 16.960
1.710 1.154 17.475
0.170 2.103 20.786
-1.713 -1.159 21.314
1.422 -3.150 20.525
3.515 -1.042 22.885
0.984 -1.553 25.697
0.839 -5.320 25.084
4.595 -5.584 24.922
4.985 -3.625 28.182
2.336 -5.682 29.995
3.748 -9.026 28.893
7.515 -8.717 29.181
9.957 -8.208 32.042
11.855 -5.457 30.358
10.146 -2.798 28.261
11.818 -1.366 25.193
14.159 1.588 25.741
13.002 3.037 22.413
10.274 2.908 19.801
11.647 4.094 16.463
8.805 5.519 14.382
8.194 8.029 11.587
7.949 11.610 12.840
7.958 14.690 10.621
5.614 17.619 9.934
3.131 15.687 7.821
3.136 12.591 10.089
3.501 13.937 13.591
2.296 10.876 15.586
1.374 13.008 18.580
-0.692 10.456 20.506
1.787 7.609 19.969
4.737 9.756 21.009
2.872 10.848 24.136
1.943 7.227 24.912
5.519 6.020 24.616
6.925 8.897 26.637
4.356 8.350 29.374
5.692 4.772 29.695
9.359 5.869 29.818
9.996 4.701 26.270
12.000 7.223 24.256
11.224 7.824 20.582
13.619 7.847 17.648
12.134 9.815 14.724
12.832 8.359 11.308
12.375 10.118 7.951
12.622 13.374 9.904
12.595 15.586 6.780
9.191 14.257 5.697
8.145 15.412 2.231
10.123 18.656 2.532
12.875 16.753 0.706
12.272 14.817 -2.510
10.728 11.348 -2.169
10.643 10.575 -5.903
6.933 11.333 -5.999
4.659 14.054 -7.255
1.698 15.284 -5.258
3.546 15.590 -1.963
1.731 17.458 0.812
2.983 20.840 2.048
5.259 22.179 3.393
7.778 22.688 0.605
11.303 23.847 1.412
10.259 27.442 0.581
7.183 27.289 2.803
6.781 30.693 4.514
6.366 29.221 8.002
9.581 27.207 7.682
11.612 29.945 6.024
10.534 32.510 8.628
11.773 30.145 11.332
15.038 29.571 9.509
15.494 33.333 9.240
14.541 33.962 12.847
17.180 31.600 14.231
19.817 31.940 11.477
19.491 28.245 10.731
18.574 26.228 7.678
15.083 24.799 7.093
16.588 21.345 7.638
17.878 22.450 11.040
14.447 23.834 11.940
12.832 20.500 11.081
15.326 18.555 13.160
15.145 20.990 16.114
11.329 20.642 16.044
11.801 16.944 16.734
14.375 17.615 19.477
11.914 20.020 21.169
9.323 17.249 21.158
11.863 15.145 23.109
12.692 12.898 20.137
15.923 11.496 18.708
15.929 12.429 15.006
17.716 10.241 12.482
18.739 12.572 9.638
20.194 10.699 6.650
22.817 12.472 4.578
25.733 11.479 2.456
26.854 15.124 1.962
29.704 16.372 4.139
28.248 19.805 4.695
24.654 18.695 5.380
25.924 16.015 7.766
27.602 18.729 9.771
24.539 21.011 9.653
22.234 18.257 10.821
23.842 17.972 14.289
24.188 21.752 14.838
20.901 21.992 16.770
21.926 22.965 20.290
22.440 26.705 20.128
18.718 27.497 19.654
15.292 26.116 20.350
11.766 26.551 19.057
9.018 28.128 21.113
5.880 26.248 22.090
3.892 28.265 19.540
6.396 27.325 16.793
6.229 23.636 17.656
2.433 23.935 17.580
2.587 25.629 14.168
4.670 22.825 12.729
2.321 20.245 14.303
-0.433 21.861 12.253
1.087 20.490 9.034
0.084 16.967 10.147
-1.752 14.867 7.562
-0.957 11.410 9.010
0.667 10.862 5.637
3.574 8.450 5.859
6.764 8.721 3.868
7.253 4.992 4.542
4.336 3.125 3.024
4.134 -0.575 3.905
0.511 -1.015 2.837
1.223 -4.159 0.803
1.475 -5.801 4.274
-1.890 -4.474 5.497
-3.444 -7.930 5.895
-0.418 -9.428 7.675
-0.625 -10.394 11.335
0.534 -7.494 13.524
0.473 -4.851 10.745
1.016 -1.660 12.755
-0.272 1.107 10.473
