3.249 32.971 -76.180
1.375 32.263 -72.929
1.584 30.980 -69.370
-0.831 28.534 -67.768
-2.260 29.489 -64.401
-2.814 27.184 -61.449
-6.460 26.534 -62.399
-5.471 25.755 -66.003
-6.615 29.082 -67.456
-4.075 30.699 -69.899
-2.685 34.235 -69.711
-0.863 35.907 -72.528
2.804 36.114 -71.716
3.448 39.883 -72.219
1.145 42.620 -71.119
0.673 46.254 -72.100
0.330 48.427 -68.989
-1.895 51.495 -68.453
-0.401 52.778 -65.165
2.982 54.440 -64.481
3.361 56.613 -67.610
-0.416 56.861 -68.109
-1.529 57.056 -64.431
-3.885 60.036 -64.044
-2.692 62.766 -61.693
-5.431 65.288 -60.720
-7.745 64.991 -63.775
-10.219 62.496 -65.184
-10.083 63.637 -68.859
-9.858 60.955 -71.568
-6.240 60.257 -72.648
-6.715 60.220 -76.424
-3.063 59.243 -77.113
-3.435 56.262 -74.817
-6.600 55.029 -76.542
-4.716 55.389 -79.906
-1.709 53.462 -78.625
-3.952 50.721 -77.131
-5.563 50.271 -80.530
-2.173 50.047 -82.196
-0.974 47.540 -79.556
-4.021 45.284 -79.922
-3.950 45.422 -83.712
-0.187 44.652 -83.598
-0.788 41.514 -81.495
-1.015 42.384 -77.764
-3.805 40.386 -76.133
-3.171 41.309 -72.418
-3.691 44.766 -71.019
-2.847 45.604 -67.376
-5.152 48.140 -65.689
-6.289 49.259 -62.161
-8.974 51.325 -60.473
-6.424 53.815 -59.277
-4.939 54.457 -62.784
-8.070 56.170 -64.058
-7.452 54.543 -67.478
-10.152 51.859 -67.504
-12.409 53.924 -69.816
-9.587 54.205 -72.327
-9.123 50.430 -72.269
-12.827 49.859 -72.938
-12.945 52.343 -75.870
-9.841 50.790 -77.481
-11.371 47.321 -77.060
-14.653 48.458 -78.609
-12.849 50.192 -81.547
-10.731 47.145 -82.350
-13.489 44.583 -81.820
-11.278 41.525 -81.151
-13.239 38.425 -80.024
-13.682 38.910 -76.231
-12.349 35.405 -75.461
-9.055 36.304 -77.136
-8.327 39.276 -74.947
-7.069 39.214 -71.344
-7.963 42.181 -69.130
-6.536 42.860 -65.658
-7.984 45.324 -63.159
-7.102 45.962 -59.518
-8.828 47.063 -56.390
-7.417 50.346 -55.064
-6.597 49.112 -51.611
-4.541 52.056 -50.448
-0.931 52.611 -49.428
1.225 51.275 -46.589
0.171 54.140 -44.219
-3.410 52.671 -43.821
-4.505 56.356 -44.003
-7.913 55.537 -45.528
-7.045 57.153 -48.887
-8.170 54.416 -51.299
-11.112 53.041 -53.389
-14.131 55.379 -53.170
-16.399 52.223 -53.190
-17.438 50.258 -50.125
-15.626 47.038 -51.016
-13.658 45.309 -53.776
-16.813 43.648 -55.160
-18.616 46.997 -55.626
-15.351 48.542 -57.048
-15.011 45.826 -59.691
-18.668 46.378 -60.607
-18.174 50.101 -61.100
-14.949 49.447 -63.102
-16.756 46.961 -65.360
-19.144 49.800 -66.259
-16.107 52.027 -67.150
-14.659 49.126 -69.178
-17.963 48.294 -70.998
-17.234 44.609 -70.294
-19.074 41.729 -68.685
-16.017 40.503 -66.814
-12.275 41.055 -66.373
-9.886 38.178 -66.877
-7.927 38.918 -63.735
-8.650 40.951 -60.694
-6.109 41.784 -58.076
-5.769 43.232 -54.646
-3.380 46.055 -55.712
-1.531 46.427 -52.337
-1.596 44.436 -49.165
-2.557 47.218 -46.781
-6.050 46.359 -45.651
-7.271 46.516 -42.038
-10.660 46.906 -40.297
-9.747 50.253 -38.761
-8.840 51.692 -42.244
-11.324 49.766 -44.557
-14.124 48.187 -42.396
-12.681 44.756 -43.321
-9.361 42.862 -43.085
-7.128 41.348 -45.659
-8.646 37.917 -45.730
-12.224 39.332 -46.029
-10.964 41.429 -48.964
-9.879 38.159 -50.540
-13.377 36.851 -49.791
-14.876 39.688 -51.868
-12.563 38.694 -54.714
-13.924 35.138 -54.220
-17.514 36.347 -54.588
-16.566 38.172 -57.820
-14.896 34.965 -59.167
-17.833 32.664 -58.325
-20.245 35.125 -59.845
-18.317 35.318 -63.194
-17.138 38.967 -62.766
-13.436 37.931 -62.695
-12.239 34.741 -64.422
-9.139 34.663 -62.123
-8.182 36.425 -58.936
-4.858 37.407 -57.454
-2.731 39.848 -55.504
-0.044 42.368 -56.023
2.933 43.549 -54.077
2.393 40.753 -51.507
5.149 39.406 -49.293
5.270 35.739 -48.314
3.571 36.545 -44.988
0.881 38.489 -46.880
0.350 35.387 -49.026
0.261 33.171 -45.939
-2.574 35.318 -44.489
-4.739 34.077 -47.340
-3.393 30.512 -47.823
-3.633 29.821 -44.046
-7.279 31.012 -43.856
-10.089 28.732 -44.824
-10.783 29.815 -48.321
-12.370 28.644 -51.566
-9.299 29.290 -53.769
-5.849 30.768 -53.727
-4.280 33.638 -55.574
-3.166 32.643 -59.021
-0.892 35.657 -59.569
1.246 37.938 -57.499
2.181 40.985 -59.543
5.413 42.484 -58.169
8.263 44.849 -59.254
10.751 42.557 -60.827
13.840 43.223 -63.006
17.484 42.045 -63.272
18.267 44.785 -60.658
15.419 43.582 -58.402
15.165 39.765 -58.309
13.093 39.613 -55.125
10.810 42.535 -54.344
10.588 41.111 -50.812
12.597 38.206 -49.452
12.184 34.891 -51.253
8.947 36.063 -52.898
9.588 34.827 -56.500
10.817 31.432 -55.256
8.123 30.879 -52.697
5.316 31.878 -55.147
6.698 29.834 -57.950
6.929 26.768 -55.698
3.271 27.220 -54.630
2.262 27.529 -58.309
1.399 31.245 -58.107
2.488 33.014 -61.360
4.723 36.033 -60.891
4.021 38.995 -63.139
6.844 41.479 -63.311
6.296 45.147 -63.514
9.112 47.683 -63.961
11.198 45.045 -65.872
13.134 47.632 -67.838
14.338 49.463 -64.654
18.002 48.557 -65.394
17.798 50.478 -68.643
15.226 53.170 -67.814
16.570 54.213 -64.417
19.579 51.988 -63.768
22.177 53.488 -66.196
25.190 53.596 -65.546
25.400 50.244 -63.806
27.058 46.788 -64.141
24.505 45.469 -66.675
25.391 48.102 -69.339
28.491 46.211 -70.461
26.597 42.860 -70.438
23.521 44.068 -72.311
25.695 45.936 -74.854
27.545 42.672 -75.710
24.328 40.560 -75.935
22.568 43.200 -78.090
25.380 42.921 -80.637
25.375 39.078 -80.535
21.555 38.602 -80.711
20.778 41.512 -83.005
18.134 42.546 -80.471
17.972 45.825 -78.453
18.696 45.957 -74.702
14.973 46.332 -73.730
14.266 43.172 -75.737
17.064 41.182 -74.031
15.807 42.224 -70.604
12.239 41.210 -71.352
13.221 37.913 -72.864
15.314 37.275 -69.792
12.262 37.939 -67.617
10.327 35.285 -69.607
13.152 32.810 -69.271
12.910 33.203 -65.488
9.284 31.896 -65.893
7.837 35.393 -65.224
5.223 37.431 -67.171
6.677 40.941 -67.972
4.310 43.958 -68.026
5.612 46.945 -69.974
4.236 50.025 -71.632
5.289 52.662 -74.186
3.955 55.580 -76.225
6.181 54.724 -79.264
4.962 52.542 -82.222
8.322 50.926 -82.860
8.494 49.741 -79.302
5.105 47.910 -79.724
6.844 45.732 -82.289
10.061 45.425 -80.376
8.150 44.003 -77.382
6.118 41.550 -79.429
9.267 40.149 -80.963
10.546 38.771 -77.631
8.934 35.414 -78.567
10.981 35.045 -81.806
14.276 34.455 -80.012
15.899 32.639 -77.003
18.852 33.684 -74.849
21.512 30.947 -74.423
21.459 29.559 -70.866
24.930 30.985 -70.258
23.832 34.509 -71.282
20.640 34.237 -69.212
22.772 33.244 -66.267
25.197 36.140 -66.699
22.274 38.611 -66.584
20.953 37.057 -63.387
24.480 37.097 -61.768
25.403 40.576 -62.921
21.918 41.861 -62.039
22.630 41.063 -58.407
25.509 43.503 -58.345
23.085 46.401 -58.222
19.773 46.974 -56.580
17.188 49.284 -58.173
13.697 49.655 -56.674
11.324 52.088 -58.342
8.010 51.241 -56.615
6.633 50.184 -53.187
9.595 51.898 -51.540
8.412 50.891 -48.029
10.176 47.690 -49.016
13.542 49.466 -49.356
14.738 48.246 -45.884
15.307 44.906 -47.688
17.882 46.455 -50.022
