7.208 -27.145 -9.483
5.590 -23.911 -8.489
4.121 -22.744 -5.324
0.814 -23.834 -3.927
-1.588 -22.227 -1.413
-4.357 -24.315 -0.023
-7.380 -23.953 2.384
-7.731 -20.237 2.200
-11.334 -19.250 1.237
-12.173 -16.941 -1.579
-15.975 -16.437 -1.488
-18.372 -15.033 -4.071
-18.136 -11.334 -4.582
-14.459 -11.177 -3.515
-11.170 -11.026 -5.386
-7.734 -12.489 -4.905
-4.931 -10.199 -6.106
-1.588 -11.718 -7.044
1.621 -9.743 -7.617
4.698 -11.546 -8.933
7.897 -11.128 -10.961
8.145 -12.575 -14.440
11.711 -13.878 -15.150
13.490 -12.171 -18.030
13.602 -15.398 -20.078
10.031 -16.609 -19.281
8.333 -18.431 -22.160
5.035 -18.505 -20.176
3.712 -18.504 -16.597
0.446 -19.909 -15.119
-1.736 -19.110 -12.147
-4.309 -21.741 -11.213
-7.331 -21.195 -8.894
-9.789 -23.899 -7.921
-10.499 -26.607 -5.373
-7.370 -28.746 -5.453
-4.432 -29.753 -7.733
-6.848 -31.752 -9.931
-9.622 -29.172 -10.214
-8.908 -25.684 -11.594
-11.799 -23.354 -12.043
-9.210 -21.229 -13.987
-5.809 -21.987 -15.470
-4.581 -18.538 -16.465
-1.604 -18.920 -18.795
0.076 -15.847 -20.447
2.323 -17.167 -23.132
5.276 -15.163 -24.511
6.301 -18.079 -26.706
4.742 -21.354 -25.791
2.794 -24.044 -27.594
2.959 -21.853 -30.782
1.274 -18.888 -29.035
3.050 -15.461 -28.977
1.716 -12.827 -26.576
-1.627 -14.494 -25.942
-3.314 -15.404 -22.736
-4.675 -18.984 -22.875
-7.251 -19.794 -20.165
-8.797 -23.147 -19.462
-10.485 -25.194 -16.768
-9.400 -28.547 -15.450
-11.903 -30.961 -13.909
-10.641 -34.173 -12.325
-7.421 -33.631 -14.255
-9.087 -33.205 -17.653
-8.554 -29.936 -19.543
-11.715 -28.173 -20.757
-12.176 -25.913 -23.772
-9.459 -23.215 -24.111
-10.322 -19.513 -24.140
-7.777 -17.353 -26.008
-7.326 -13.613 -25.224
-5.242 -11.175 -27.379
-4.909 -8.758 -24.408
-1.338 -8.949 -23.105
0.008 -6.266 -20.775
2.928 -8.403 -19.648
6.727 -7.999 -20.025
9.481 -10.439 -19.286
11.725 -9.262 -16.463
9.034 -7.195 -14.780
6.461 -7.245 -12.024
2.802 -7.847 -12.792
-0.409 -7.823 -10.686
-3.664 -9.615 -11.590
-7.066 -9.753 -9.655
-9.378 -12.734 -9.904
-12.939 -11.791 -8.868
-15.347 -14.621 -8.030
-18.974 -14.297 -9.254
-21.689 -16.920 -9.275
-21.008 -18.278 -12.842
-17.744 -16.711 -13.903
-14.458 -15.302 -12.798
-13.597 -11.807 -13.800
-9.865 -11.410 -14.489
-8.604 -7.826 -13.969
-5.270 -6.804 -15.393
-2.853 -4.055 -14.324
-3.666 -1.828 -17.309
-7.390 -1.898 -16.585
-8.292 -4.532 -19.204
-10.615 -7.230 -17.924
-12.246 -10.417 -19.228
-14.529 -13.090 -17.863
-14.050 -16.810 -17.784
-16.946 -19.146 -17.232
-17.207 -21.388 -14.161
-17.903 -24.887 -15.479
-17.876 -26.937 -12.350
-19.538 -27.124 -8.961
-18.065 -24.584 -6.595
-18.854 -23.220 -3.102
-15.563 -21.422 -2.196
-12.208 -21.157 -3.967
-9.700 -22.849 -1.718
-6.713 -23.624 -3.932
-4.092 -21.627 -5.775
-0.953 -22.667 -7.598
1.457 -20.859 -9.854
4.410 -21.669 -12.051
6.867 -19.508 -14.019
6.274 -16.384 -11.930
7.932 -15.465 -8.633
5.595 -14.572 -5.797
5.820 -11.046 -4.467
2.411 -10.745 -2.712
-1.087 -12.240 -2.449
-4.079 -10.474 -0.951
-7.801 -11.142 -0.499
-10.409 -8.444 -1.017
