14.916 32.525 -6.560
12.739 31.080 -3.846
10.197 28.266 -3.958
6.861 28.452 -2.077
5.104 25.376 -0.880
1.458 25.585 -1.975
-1.125 23.146 -0.716
-4.151 22.423 -2.792
-7.113 21.036 -0.926
-10.813 20.341 -1.386
-13.402 17.709 -2.105
-12.940 14.859 -4.619
-13.653 15.630 -8.231
-13.610 19.382 -7.778
-10.775 19.949 -10.261
-7.577 20.262 -8.258
-5.382 17.849 -10.256
-6.846 18.801 -13.598
-6.336 22.525 -12.806
-2.679 21.929 -11.980
-2.108 19.538 -14.887
-3.417 22.143 -17.331
-1.093 24.697 -15.779
1.850 22.351 -16.373
1.209 20.910 -19.835
-1.533 23.027 -21.369
-3.790 20.000 -21.677
-7.142 19.504 -20.059
-8.016 15.999 -18.801
-11.668 14.911 -19.057
-11.400 11.810 -16.960
-11.596 11.847 -13.253
-8.626 9.894 -11.829
-8.679 10.396 -8.061
-5.424 11.404 -6.432
-4.015 9.028 -3.787
-2.542 10.924 -0.831
-0.558 13.776 -2.411
1.488 14.549 -5.563
4.039 17.317 -5.499
4.430 19.228 -8.755
6.911 22.079 -9.264
5.214 24.888 -11.145
6.965 28.041 -12.320
5.624 31.308 -13.552
7.717 33.934 -15.245
7.069 37.455 -14.210
8.054 41.029 -14.930
10.279 40.837 -11.854
11.733 37.371 -12.519
10.768 33.740 -11.955
8.467 32.504 -9.212
8.365 28.854 -8.192
5.654 26.967 -6.395
5.919 23.373 -5.095
2.367 22.397 -5.524
1.157 19.790 -3.068
-1.980 18.460 -4.803
-3.814 16.483 -2.070
-6.505 13.826 -2.264
-10.079 14.953 -1.589
-11.580 11.463 -1.189
-11.674 10.275 2.415
-10.492 6.764 1.507
-7.404 8.253 -0.226
-6.633 11.053 2.174
-3.336 9.645 3.318
-1.462 11.900 5.750
-4.262 14.472 5.585
-3.202 17.604 7.517
0.303 16.283 7.741
0.660 17.486 4.134
0.190 21.062 5.319
3.315 21.398 7.441
5.541 24.236 6.153
2.954 25.448 3.617
3.437 29.069 2.703
0.095 29.374 0.849
-2.962 27.393 -0.192
-5.848 27.104 -2.511
-9.121 25.599 -1.404
-11.112 24.338 -4.262
-14.751 23.482 -4.610
-17.181 22.747 -7.526
-20.087 25.173 -8.210
-22.054 22.356 -9.743
-21.997 20.562 -6.335
-23.374 22.124 -3.160
-21.738 19.548 -0.850
-18.312 20.577 -2.007
-18.997 24.156 -0.812
-20.526 22.802 2.381
-17.163 21.121 3.115
-15.038 24.188 2.524
-15.153 25.190 6.215
-13.816 21.687 7.145
-10.905 21.989 4.703
-10.157 25.492 5.933
-10.343 24.424 9.572
-7.823 21.626 9.073
-5.598 23.839 7.076
-5.341 26.831 9.304
-4.890 24.700 12.431
-1.605 23.740 10.894
-0.720 27.009 9.099
-1.958 29.967 11.133
-1.101 32.882 8.944
-0.741 32.095 5.232
-2.405 33.564 2.151
-5.348 31.389 1.055
-7.452 31.588 -2.043
-10.854 29.966 -2.283
-11.803 28.787 -5.853
-15.167 27.921 -7.157
-14.480 25.784 -10.185
-16.557 24.639 -13.120
-18.293 27.959 -13.743
-18.569 26.940 -17.424
-21.239 24.379 -16.612
-24.768 25.464 -17.372
-26.671 24.252 -14.293
-24.693 26.160 -11.632
-25.762 24.978 -8.137
-23.689 27.044 -5.756
-24.968 30.461 -6.768
-22.627 33.447 -6.523
-24.652 35.227 -3.819
-24.272 32.165 -1.649
-20.497 32.166 -1.645
-19.485 34.234 1.439
-17.371 31.874 3.613
-14.133 33.581 2.680
-15.207 36.975 4.029
-14.801 36.426 7.738
-11.711 34.277 7.098
-9.919 36.828 4.938
-9.563 34.466 1.967
-9.447 35.701 -1.555
-12.203 34.291 -3.766
-12.345 33.552 -7.500
-14.763 31.814 -9.841
-12.599 29.702 -12.137
-12.878 27.230 -14.943
-10.025 24.862 -15.526
-11.791 23.548 -18.615
-12.681 26.806 -20.285
-9.789 28.916 -19.141
-11.755 31.425 -16.904
-9.658 33.249 -14.276
-7.165 30.499 -14.888
-4.041 32.265 -13.549
-5.641 34.493 -11.007
-5.196 32.280 -7.939
-1.477 31.903 -8.547
-1.176 35.581 -9.450
-2.755 36.748 -6.243
-0.606 34.344 -4.202
2.575 35.362 -6.028
1.886 39.000 -5.244
1.229 38.193 -1.659
4.383 36.068 -1.217
6.718 38.358 -3.181
5.188 41.374 -1.380
4.779 43.061 -4.766
1.315 44.280 -5.913
2.643 45.131 -9.402
3.809 41.746 -10.261
2.534 40.333 -13.564
2.819 37.042 -15.344
4.435 37.182 -18.855
