-6.207 -8.696 -14.057
-7.562 -5.176 -13.612
-5.006 -2.506 -14.522
-6.486 0.293 -12.401
-6.878 -1.545 -9.098
-5.468 0.181 -5.987
-5.058 -0.845 -2.320
-4.233 1.392 0.667
-2.309 -0.779 3.138
-1.967 1.617 6.071
-4.388 4.281 7.326
-4.722 4.962 11.054
-7.659 7.407 11.393
-11.466 7.043 11.051
-11.987 10.037 8.748
-8.890 9.102 6.733
-10.327 5.605 6.243
-13.771 6.824 5.090
-12.080 9.292 2.723
-9.615 6.757 1.277
-12.431 4.234 0.636
-13.560 6.364 -2.350
-10.112 6.459 -3.986
-8.920 2.889 -3.270
-10.523 -0.500 -3.920
-9.448 -1.798 -0.501
-8.391 0.119 2.601
-6.630 -1.512 5.553
-7.177 0.183 8.930
-4.034 0.084 11.076
-4.215 0.075 14.877
-1.064 1.668 16.286
0.203 -0.309 19.286
2.910 0.884 21.709
4.350 -1.884 23.903
6.818 -2.002 26.812
6.148 -4.763 27.227
3.629 -7.516 26.555
-0.217 -7.520 26.271
-3.078 -7.687 27.409
-4.216 -10.350 24.907
-7.860 -10.712 25.974
-8.377 -6.969 25.571
-6.474 -6.933 22.249
-8.674 -9.569 20.597
-11.807 -7.748 21.827
-10.486 -4.591 20.165
-9.515 -6.419 16.956
-12.986 -7.988 16.754
-14.504 -4.514 17.139
-12.061 -3.189 14.503
-12.777 -6.054 12.088
-16.525 -5.434 12.432
-16.011 -1.697 11.919
-13.406 -1.553 9.113
-13.193 -5.110 7.707
-9.457 -5.388 7.020
-7.252 -4.614 10.018
-3.484 -4.307 10.475
-1.580 -4.161 13.750
1.394 -1.776 13.881
3.872 -2.644 16.631
6.108 0.173 17.851
8.614 -1.027 20.465
12.288 -1.366 21.413
12.108 -5.027 22.471
12.732 -7.717 19.790
11.189 -10.456 21.982
7.737 -8.828 21.633
7.742 -9.215 17.822
8.208 -12.991 18.178
5.659 -13.207 20.995
2.924 -11.388 19.044
3.692 -13.398 15.879
3.327 -16.720 17.764
-0.288 -16.044 18.843
-1.549 -15.798 15.221
-4.104 -12.960 15.486
-6.751 -12.083 12.887
-4.787 -9.093 11.586
-1.811 -8.125 9.460
1.263 -7.664 11.616
3.191 -4.503 10.767
6.316 -3.311 12.573
7.501 0.293 12.772
11.051 0.582 11.428
13.787 2.842 12.802
15.732 0.682 15.247
18.220 -1.727 13.678
17.500 -4.537 16.167
13.790 -4.065 15.411
14.306 -3.890 11.651
16.221 -7.194 11.804
13.831 -8.967 14.201
10.784 -7.905 12.172
12.386 -9.516 9.105
13.616 -12.614 10.978
10.178 -13.305 12.492
8.412 -13.381 9.084
6.192 -10.387 9.763
3.796 -9.145 7.036
5.575 -5.807 6.591
8.329 -3.578 7.909
7.146 0.025 7.657
9.782 2.704 6.975
13.076 1.142 8.189
14.673 4.606 7.844
12.150 6.213 10.238
13.954 8.599 12.612
17.452 7.805 11.316
20.348 9.359 9.416
20.593 6.280 7.159
18.318 3.794 5.268
18.233 1.226 8.087
18.350 -1.370 5.338
21.268 -3.144 3.652
22.278 -6.195 1.577
21.863 -8.350 4.717
18.330 -7.216 5.640
17.286 -7.068 1.980
18.354 -10.680 1.536
16.538 -11.932 4.630
13.381 -10.002 3.694
13.210 -11.741 0.303
13.847 -15.219 1.779
11.307 -14.554 4.574
8.776 -12.881 2.225
8.614 -9.732 4.390
7.272 -6.654 2.563
8.740 -3.161 2.845
6.280 -0.331 3.482
7.191 2.986 1.867
5.249 5.482 3.989
4.517 8.955 2.621
3.774 10.276 6.158
7.308 11.457 7.118
7.610 13.588 3.945
4.558 15.725 4.807
5.981 16.578 8.234
9.367 17.897 7.062
11.251 20.882 5.634
13.129 20.732 2.286
16.277 19.491 4.062
14.415 16.753 5.948
12.527 15.671 2.820
15.793 15.349 0.879
17.254 13.125 3.632
14.148 10.911 3.695
13.983 10.716 -0.126
17.640 9.611 -0.269
16.922 6.817 2.234
13.852 5.725 0.290
15.952 5.639 -2.897
18.611 3.449 -1.214
15.970 1.093 0.186
14.144 0.892 -3.157
17.351 -0.039 -5.031
17.964 -2.864 -2.529
14.306 -3.968 -2.490
14.339 -4.059 -6.292
17.607 -6.022 -6.544
16.641 -8.635 -3.938
13.049 -8.873 -5.253
11.578 -7.998 -1.847
7.816 -7.418 -1.729
6.804 -3.785 -1.182
4.002 -1.261 -1.195
3.530 2.501 -1.115
1.264 3.874 1.612
0.211 7.155 3.211
0.349 5.766 6.767
-2.146 8.586 7.355
-2.987 9.635 10.908
-5.464 12.282 9.725
-7.793 12.912 6.769
-5.278 15.464 5.454
-2.462 12.911 5.013
-4.502 10.635 2.696
-3.414 10.891 -0.959
-4.881 9.239 -4.061
-3.334 6.328 -6.011
-1.847 8.671 -8.626
-0.061 10.716 -5.934
1.204 7.602 -4.136
2.634 6.372 -7.454
4.372 9.747 -7.891
6.264 9.050 -4.652
7.338 5.763 -6.251
8.571 7.550 -9.377
10.399 10.141 -7.207
12.165 7.296 -5.393
13.192 5.776 -8.748
10.415 3.314 -9.579
9.268 2.826 -13.160
5.582 3.368 -13.947
4.585 -0.341 -13.835
6.643 -0.879 -10.663
4.856 1.985 -8.869
1.534 0.535 -10.058
2.455 -2.928 -8.719
3.216 -1.413 -5.294
-0.470 -0.379 -5.008
-1.974 -3.289 -6.971
-0.120 -6.602 -7.207
1.902 -6.644 -3.973
-0.941 -5.598 -1.654
-3.045 -8.387 -3.266
-0.363 -10.878 -2.139
-1.008 -9.889 1.517
-4.625 -8.732 1.975
-6.250 -12.080 1.059
-5.808 -12.565 4.796
