27.167 -22.159 5.647
25.394 -24.454 3.170
21.650 -24.523 3.550
18.274 -25.165 1.930
16.299 -22.011 1.006
13.031 -21.060 -0.669
13.951 -18.201 -3.030
10.313 -17.424 -3.764
9.709 -16.665 -0.094
12.820 -14.498 0.025
11.563 -12.586 -3.018
8.233 -12.146 -1.180
9.949 -10.877 1.958
12.038 -8.400 -0.031
8.993 -7.144 -1.942
7.148 -6.760 1.384
10.014 -4.637 2.745
10.059 -2.570 -0.400
6.300 -2.041 -0.137
6.549 -0.933 3.478
9.197 1.611 2.513
7.174 2.716 -0.484
4.010 3.354 1.462
5.937 5.381 4.069
7.634 7.458 1.378
4.466 8.506 -0.469
2.508 9.542 2.538
4.857 11.016 5.091
6.983 14.085 4.270
8.351 13.573 7.792
9.594 10.105 6.779
12.670 11.243 4.937
14.687 8.077 5.504
11.836 6.118 3.884
11.963 8.522 0.910
15.755 8.220 0.962
15.615 4.409 1.032
13.135 4.307 -1.864
14.861 6.897 -4.060
18.307 5.304 -3.691
16.974 1.790 -4.289
15.119 3.030 -7.367
18.186 4.890 -8.628
20.529 1.998 -7.980
18.494 -0.864 -9.511
16.770 1.387 -12.067
13.087 0.641 -11.201
10.111 2.708 -10.116
7.179 1.517 -8.065
5.358 -1.708 -7.420
3.002 -4.391 -8.586
1.097 -4.772 -5.386
0.975 -0.953 -5.045
0.536 0.320 -8.571
-1.899 3.130 -7.756
0.611 4.568 -5.292
3.480 4.484 -7.731
1.959 7.638 -9.209
2.844 9.532 -6.051
6.507 8.568 -5.755
6.922 9.430 -9.416
5.633 12.975 -8.841
7.662 13.516 -5.664
10.707 12.756 -7.805
11.549 9.500 -5.992
12.194 7.559 -9.197
15.232 7.775 -11.543
15.688 10.965 -13.582
13.893 10.744 -16.924
11.583 8.223 -15.335
8.030 9.081 -16.408
4.615 7.466 -16.888
5.342 6.790 -20.550
8.967 5.601 -20.400
7.975 3.372 -17.431
5.550 1.448 -19.609
8.429 -0.507 -21.120
10.486 -0.947 -17.934
10.268 -3.679 -15.290
8.930 -2.300 -11.992
10.624 -3.012 -8.669
8.668 -6.202 -7.966
9.429 -7.602 -11.415
13.126 -6.861 -10.941
13.222 -8.436 -7.472
11.425 -11.555 -8.738
13.695 -11.894 -11.772
16.726 -11.625 -9.551
15.670 -14.407 -7.198
14.537 -16.376 -10.218
18.073 -16.036 -11.526
16.356 -15.678 -14.882
19.395 -13.662 -15.952
