-23.887 98.134 119.398
-27.378 96.927 118.480
-29.234 96.960 115.158
-32.939 97.564 114.566
-33.236 96.170 111.064
-31.987 92.732 110.103
-33.220 93.223 106.480
-30.785 96.099 106.060
-27.875 93.813 106.939
-29.110 91.004 104.671
-29.342 93.569 101.829
-25.799 94.800 102.494
-24.410 91.263 102.312
-26.136 90.803 98.943
-24.964 94.222 97.809
-21.393 93.344 98.815
-21.568 90.029 96.997
-22.737 91.677 93.764
-20.231 94.478 94.313
-17.142 92.309 94.718
-18.201 90.157 91.740
-18.083 93.256 89.537
-15.105 94.976 91.177
-13.025 91.863 90.326
-13.901 92.324 86.635
-13.300 96.123 86.756
-9.623 95.715 85.758
-10.689 93.975 82.538
-13.879 95.975 81.876
-13.416 99.522 83.290
-17.182 100.269 83.061
-18.155 97.050 84.894
-19.590 98.791 87.967
-22.154 100.584 85.734
-23.870 97.191 85.269
-24.617 96.815 89.012
-28.390 96.947 88.390
-28.371 94.293 85.645
-26.576 91.598 87.681
-28.958 89.078 89.249
-28.521 87.557 92.681
-30.597 84.513 93.600
-30.796 83.648 97.279
-31.451 79.936 97.750
-31.442 79.395 101.503
-30.406 80.633 104.934
-30.115 79.602 108.549
-30.596 83.069 110.038
-31.647 82.610 113.670
-32.497 84.906 116.615
-30.832 83.440 119.696
-32.301 83.961 123.162
-35.153 86.264 122.200
-36.495 88.015 125.286
-38.770 90.860 126.293
-37.339 93.545 128.547
-39.103 96.407 130.318
-38.160 99.729 128.752
-38.814 102.226 131.519
-40.903 101.628 134.632
-44.531 100.592 134.221
-47.038 103.359 134.835
-49.858 102.323 137.171
-53.215 103.995 137.457
-56.279 103.011 139.399
-59.233 102.588 137.102
-62.859 103.342 137.844
-64.064 101.113 140.760
-66.458 98.253 139.986
-69.621 98.625 142.050
-70.552 95.184 143.384
-73.466 95.839 145.711
-75.250 97.532 148.603
-76.763 96.176 151.833
-78.281 97.371 155.094
-77.785 95.978 158.593
-80.246 97.175 161.222
-79.778 97.249 165.003
-83.151 98.068 166.645
-81.734 97.053 170.037
-80.551 99.077 173.120
-76.969 97.782 172.921
-74.378 97.092 170.220
-74.781 93.974 168.101
-72.771 91.719 165.821
-74.838 91.734 162.599
-73.974 89.466 159.624
-73.997 90.466 155.952
-75.116 88.000 153.291
-72.411 86.087 151.475
-71.960 87.025 147.797
-69.981 86.566 144.583
-68.583 88.847 141.963
-66.787 88.258 138.680
-63.920 90.146 137.083
-61.699 89.659 134.038
-57.988 90.387 134.135
-56.656 91.294 130.690
-53.439 92.047 128.892
-52.860 93.344 125.405
-49.381 93.540 123.838
-48.310 95.075 120.516
-44.995 95.086 118.661
-44.551 98.723 117.589
-41.182 98.430 115.855
-40.143 95.069 114.429
-36.540 94.006 114.133
-36.954 93.585 110.334
-39.142 91.051 108.542
-36.704 88.336 107.488
-36.190 86.367 110.733
-39.071 85.021 112.830
-38.917 84.972 116.638
-41.232 85.286 119.619
-40.755 85.850 123.337
-42.972 85.630 126.407
-43.976 88.633 128.480
-45.303 88.418 132.063
-47.094 91.601 133.184
-45.109 93.120 136.078
-46.405 94.455 139.449
-49.069 91.746 139.356
-49.788 91.004 143.076
-53.164 89.345 142.274
-51.670 85.856 142.600
-52.799 85.043 139.047
-49.947 85.365 136.540
-50.845 86.983 133.233
-48.638 86.232 130.249
-48.667 87.021 126.566
-45.957 87.244 123.874
-44.344 89.466 121.269
-43.495 88.772 117.606
-40.110 90.148 116.536
-40.875 90.210 112.790
-44.473 91.469 112.672
-46.462 94.302 114.288
-48.894 91.876 115.885
-51.195 92.393 118.871
-51.540 89.501 121.341
-54.171 89.371 124.081
-54.869 87.138 127.015
-57.412 87.168 129.796
-58.409 85.372 132.992
-61.868 85.405 134.538
-61.835 85.571 138.337
-64.841 84.766 140.518
-64.793 86.095 144.066
-66.632 84.128 146.778
-67.035 86.518 149.685
-68.372 85.092 152.923
-70.726 86.717 155.370
-69.026 89.608 157.213
-69.567 90.447 160.906
-70.330 94.102 161.461
-70.581 95.615 164.965
-73.387 98.124 164.801
-74.111 100.616 167.571
-77.464 100.590 169.369
-80.455 102.021 167.473
-78.559 102.315 164.209
-78.934 101.087 160.681
-75.692 100.876 158.687
-75.377 100.851 154.918
-72.613 98.701 153.487
-71.234 99.096 149.927
-68.849 96.609 148.302
-66.663 97.590 145.345
-63.600 96.218 143.537
-60.603 98.391 142.781
-58.916 97.933 139.431
-55.425 98.858 138.305
-54.125 99.545 134.811
-50.448 98.651 134.293
-49.045 100.199 131.060
-45.576 100.584 129.609
-43.019 99.883 126.945
-40.757 96.933 126.250
-37.678 96.265 124.167
-37.431 93.042 122.163
-33.827 91.836 122.204
-31.814 88.908 120.892
-28.604 87.822 119.156
-28.721 87.021 115.430
-26.489 84.301 113.939
-26.321 82.458 110.607
-25.833 82.880 106.886
-27.499 83.201 103.495
-26.429 81.145 100.472
-27.290 81.287 96.776
-25.730 82.438 93.512
-25.071 85.189 91.070
-25.895 82.982 88.041
-23.739 82.719 84.912
-24.637 85.033 82.027
-22.823 84.518 78.638
-19.054 84.426 79.353
-19.564 85.671 82.925
-19.060 82.954 85.525
-21.487 81.762 88.176
-20.567 82.913 91.663
-21.990 80.506 94.286
-22.061 82.429 97.574
-22.454 82.202 101.323
-22.339 85.346 103.515
-22.772 85.549 107.309
-24.559 88.432 108.997
-21.566 88.971 111.293
-19.469 89.716 108.161
-21.613 92.740 107.138
-20.552 94.976 110.081
-17.376 96.089 111.858
-15.600 93.498 114.048
-16.268 95.703 117.131
-20.048 95.404 116.633
-19.836 91.624 117.286
-20.223 89.635 120.498
-17.668 87.033 121.526
-19.818 84.176 120.173
-19.928 85.871 116.717
-23.555 87.064 116.951
-25.046 90.525 116.447
-27.336 92.282 118.959
-30.746 93.306 117.664
-33.554 95.316 119.228
-37.228 95.990 118.527
-39.886 97.788 120.562
-43.380 97.176 121.858
-45.908 98.140 124.496
-48.522 96.618 126.813
-51.541 97.436 128.916
-53.043 95.166 131.532
-56.177 95.520 133.633
-56.058 93.777 137.021
-58.649 93.444 139.756
-57.081 94.603 142.958
-58.505 95.207 146.410
-62.036 94.248 147.413
-63.354 97.101 149.510
-66.301 97.485 151.825
-67.366 100.921 152.998
-69.659 101.033 156.005
-71.744 104.056 156.611
-73.514 104.920 159.860
-76.930 106.230 158.880
-77.220 108.392 162.028
-73.855 110.158 161.712
-73.335 109.533 157.958
-69.652 108.858 158.651
-68.124 106.241 156.349
-65.326 103.870 157.315
-63.237 101.860 154.870
-62.213 98.214 155.163
-60.252 95.914 152.835
-61.614 92.351 152.769
-58.524 90.207 152.491
-58.088 87.181 150.271
-58.119 83.818 152.029
-57.024 81.340 149.305
-56.503 80.933 145.530
-61.984 81.109 142.126
-60.802 83.420 144.931
-62.183 82.841 148.448
-62.186 85.922 150.687
-61.837 86.137 154.470
-64.756 86.668 156.839
-63.917 89.776 158.872
-65.194 91.176 162.111
-65.497 94.912 161.546
-66.657 97.908 163.558
-69.192 100.309 162.082
-68.548 103.985 162.754
-69.841 105.025 166.194
-68.452 102.038 168.175
-64.941 102.519 169.714
