-4.437 -1.210 10.191
-1.760 0.950 8.475
-2.230 2.653 5.085
0.823 3.892 3.086
-0.926 6.812 1.558
-1.117 10.402 0.381
-4.456 12.254 0.690
-4.101 13.865 -2.758
-4.200 10.372 -4.349
-7.605 9.191 -5.534
-7.248 5.446 -4.899
-5.937 6.370 -1.413
-9.164 8.363 -0.784
-11.224 5.426 -2.106
-9.762 3.284 0.719
-10.237 6.108 3.290
-13.971 6.294 2.326
-14.218 2.506 2.670
-12.571 2.499 6.099
-14.912 5.234 7.308
-17.950 3.347 5.997
-16.718 0.202 7.803
-16.037 2.136 11.031
-12.294 1.252 10.933
-9.531 3.630 12.066
-6.516 3.676 9.719
-3.025 4.692 10.785
-1.723 6.695 7.863
1.964 6.533 6.943
2.652 9.394 4.487
4.282 8.519 1.228
5.189 11.827 -0.326
4.987 11.145 -4.044
6.082 14.716 -4.674
9.423 14.006 -2.873
9.915 10.598 -4.497
9.136 8.579 -1.354
7.594 5.764 -3.419
10.814 5.283 -5.464
12.978 3.964 -2.566
14.190 0.400 -2.303
12.226 0.078 0.918
8.923 1.026 -0.726
9.679 -1.224 -3.656
9.663 -4.118 -1.225
6.225 -3.151 -0.158
5.027 -2.838 -3.763
7.095 -3.778 -6.776
4.861 -1.482 -8.840
5.770 1.385 -6.534
2.268 2.801 -6.165
0.020 3.884 -3.304
-2.148 2.814 -1.591
-0.672 -0.170 0.163
-2.246 -1.685 3.321
-0.313 -3.288 6.216
-2.789 -5.405 8.199
-0.749 -6.629 11.183
2.273 -7.420 8.925
0.246 -8.747 5.971
0.913 -6.476 2.964
-2.047 -5.902 0.576
-1.429 -3.681 -2.489
-3.893 -1.911 -4.846
-6.959 0.163 -3.814
-9.657 -2.100 -5.303
-8.078 -5.199 -3.849
-7.714 -3.393 -0.515
-11.392 -2.322 -0.504
-12.547 -5.871 -1.277
-10.282 -7.216 1.446
-11.448 -4.759 4.102
-15.201 -5.425 3.429
-14.626 -9.215 3.330
-12.563 -9.323 6.569
-14.280 -6.517 8.613
-17.713 -5.742 7.166
-20.510 -6.585 9.588
-22.584 -7.346 6.477
-21.803 -7.419 2.724
-23.711 -4.328 1.691
-20.561 -2.574 0.382
-19.445 -5.706 -1.576
