9.087 6.276 -2.892
7.270 4.868 -5.977
5.144 2.968 -3.410
3.054 5.150 -1.060
-0.319 4.082 0.382
-3.455 5.635 -1.149
-4.183 7.116 2.276
-1.569 6.633 4.995
2.046 7.443 4.373
3.168 3.836 4.622
5.920 3.827 2.038
6.710 0.271 0.926
9.452 -1.042 -1.391
7.601 -2.987 -4.113
4.102 -3.590 -5.481
3.883 -6.924 -3.661
4.221 -5.238 -0.272
2.128 -2.142 -1.104
-0.522 -4.573 -2.353
-0.433 -6.374 1.007
-1.597 -3.087 2.523
-4.405 -2.543 0.019
-5.095 -6.270 0.385
-6.026 -6.340 4.065
-9.131 -4.395 5.074
-6.888 -1.344 5.407
-8.782 1.210 3.324
-8.671 1.068 -0.466
-11.532 -0.974 -1.910
-11.789 1.542 -4.748
