-6.418 18.844 50.847
-7.187 21.489 48.227
-10.470 22.669 46.741
-10.810 23.111 42.983
-13.606 25.619 42.124
-15.959 24.492 39.319
-18.997 26.256 37.712
-22.015 23.929 37.672
-23.006 20.674 39.334
-22.668 18.538 36.178
-19.011 19.500 35.548
-18.254 19.002 39.255
-19.709 15.440 39.261
-17.909 14.593 36.033
-14.626 15.701 37.616
-15.302 13.666 40.742
-15.739 10.485 38.640
-12.513 11.333 36.707
-10.650 11.969 39.947
-11.495 8.449 41.230
-10.293 6.937 37.912
-7.119 9.052 38.000
-6.379 8.083 41.615
-6.974 4.407 40.770
-4.598 4.668 37.820
-1.758 6.260 39.742
