1.085 -15.321 13.852
1.835 -15.347 17.574
-0.393 -13.678 20.185
2.640 -13.213 22.433
4.874 -10.150 22.242
8.381 -9.780 23.626
8.872 -6.253 24.939
11.958 -4.335 26.013
11.609 -0.914 27.634
14.765 1.090 26.997
15.859 4.377 28.559
14.101 3.420 31.809
14.312 6.817 33.498
11.057 6.353 35.402
9.609 3.099 36.788
7.299 1.186 34.479
4.928 -1.187 36.242
3.263 -4.291 34.885
-0.053 -2.493 35.337
1.053 0.428 33.153
1.973 -2.053 30.406
-1.501 -3.543 30.785
-3.075 -0.096 30.440
-1.180 0.746 27.255
-1.516 -2.608 25.524
-5.189 -3.038 26.489
-6.030 -0.354 23.929
-5.360 -2.920 21.195
-6.922 -6.049 22.626
-7.652 -8.275 25.575
-4.486 -8.846 27.567
-4.543 -12.321 29.120
-1.161 -12.498 30.850
1.983 -10.451 31.459
5.334 -11.392 32.962
8.160 -8.919 33.501
11.817 -9.662 34.119
15.363 -8.371 33.810
17.767 -9.754 31.212
20.857 -8.387 29.459
20.587 -5.548 31.975
17.263 -4.434 30.498
13.663 -4.360 31.689
11.684 -6.809 29.577
8.267 -8.400 29.407
6.275 -11.114 27.688
2.638 -10.187 27.041
-0.126 -12.422 25.748
-3.171 -11.208 23.822
-6.159 -13.415 23.058
-5.918 -12.422 19.386
-2.734 -12.607 17.258
-4.071 -9.652 15.258
-4.132 -7.557 18.425
-0.464 -8.424 18.922
0.298 -7.389 15.346
-1.680 -4.165 15.788
0.084 -3.262 19.035
3.502 -3.916 17.517
2.766 -1.680 14.536
1.302 1.091 16.686
3.613 1.025 19.708
7.053 -0.088 18.526
9.522 2.743 19.128
7.025 4.756 21.188
7.885 6.339 24.554
5.597 5.439 27.467
6.275 8.781 29.159
7.803 12.026 27.920
11.497 11.532 27.121
11.852 7.960 28.407
10.755 4.414 28.479
10.915 3.489 24.788
9.058 0.346 23.753
10.910 -2.142 21.531
8.470 -4.830 20.411
8.825 -8.125 18.566
6.804 -11.323 18.259
7.613 -14.256 20.539
7.626 -17.842 19.289
5.845 -18.815 22.507
2.238 -19.729 21.702
1.076 -18.806 25.215
2.443 -17.908 28.650
2.525 -19.801 31.931
2.092 -17.578 34.984
2.479 -19.049 38.476
1.773 -15.954 40.560
-0.177 -12.715 40.586
2.061 -9.955 41.919
4.196 -7.004 40.837
6.165 -9.139 38.382
3.556 -11.381 36.782
-0.169 -11.507 36.257
-2.678 -13.914 34.739
-5.812 -11.870 34.126
-7.790 -15.070 33.580
-6.824 -16.662 36.929
-7.566 -14.434 39.982
-7.011 -17.456 42.223
-3.222 -17.610 41.884
-1.047 -17.014 44.963
1.242 -13.967 45.109
4.347 -16.044 45.743
5.831 -19.369 46.845
