29.550 -8.874 10.342
31.885 -11.402 11.966
29.696 -11.300 15.075
26.772 -12.546 12.989
28.608 -15.662 11.753
27.058 -18.300 14.031
23.662 -16.597 13.849
23.520 -16.342 10.051
24.603 -19.978 9.746
21.954 -21.099 12.244
19.128 -19.240 10.531
20.244 -20.249 7.037
20.044 -23.821 8.268
16.654 -23.163 9.862
15.118 -21.648 6.726
16.418 -24.495 4.551
14.600 -26.927 6.842
11.434 -24.803 6.706
11.493 -24.807 2.909
12.540 -28.462 3.083
9.263 -29.103 4.884
10.859 -31.135 7.676
12.996 -30.925 10.821
11.840 -27.390 11.655
9.602 -26.003 14.384
8.559 -22.515 15.516
6.196 -20.732 17.891
6.263 -21.181 21.659
3.850 -24.133 21.794
5.353 -26.331 19.067
8.925 -25.558 20.093
8.192 -26.591 23.676
6.672 -29.896 22.525
9.673 -30.879 20.392
12.021 -29.953 23.236
10.247 -32.403 25.534
10.626 -35.179 22.953
14.373 -34.507 22.894
14.065 -34.168 19.126
15.607 -30.696 18.951
19.144 -30.262 17.610
19.300 -26.546 18.377
16.866 -24.288 20.181
16.793 -20.910 18.459
15.499 -17.966 20.458
15.565 -14.256 19.759
17.932 -12.336 22.017
15.461 -9.433 21.868
12.620 -11.553 23.229
10.801 -10.027 26.205
8.036 -12.481 27.042
6.888 -14.362 30.105
5.216 -17.745 30.008
2.207 -17.970 32.314
1.427 -21.497 33.462
-2.149 -22.606 34.093
-4.037 -25.475 35.704
-7.537 -26.577 34.732
-9.765 -28.472 37.236
-9.439 -31.395 34.801
-5.632 -31.322 34.887
-4.483 -29.701 31.648
-1.410 -27.456 31.968
-2.107 -24.601 29.535
0.377 -21.895 28.539
0.087 -18.250 27.543
2.863 -15.895 26.484
2.631 -12.155 27.085
4.943 -9.179 27.406
6.853 -9.026 30.697
5.291 -5.766 31.842
1.758 -7.035 31.236
-0.498 -8.536 33.892
-1.188 -12.232 33.381
-4.139 -12.575 30.988
-7.405 -14.330 31.746
-7.243 -17.740 30.121
-10.196 -19.743 28.908
-9.096 -23.349 28.722
-9.649 -25.001 25.376
-10.440 -28.724 25.957
-13.208 -27.693 28.368
-14.034 -23.983 28.101
-13.642 -23.435 31.843
-11.790 -20.410 33.240
-8.152 -21.383 33.825
-6.256 -20.572 37.011
-2.759 -19.083 36.877
-0.439 -21.158 39.054
3.002 -19.932 37.949
4.799 -17.372 35.790
8.365 -17.124 34.515
10.529 -15.967 31.604
9.566 -17.836 28.426
13.187 -18.405 27.365
14.297 -19.524 30.844
11.383 -21.952 30.711
12.299 -23.432 27.330
16.030 -23.340 28.031
15.771 -25.468 31.175
14.168 -28.248 29.118
16.835 -27.912 26.433
19.473 -28.315 29.139
17.834 -31.521 30.376
18.068 -32.994 26.875
21.504 -31.499 26.238
20.056 -29.319 23.479
22.222 -26.387 22.393
20.453 -23.058 22.864
21.479 -20.246 20.534
20.420 -16.636 21.016
19.822 -15.094 17.616
20.609 -11.435 16.969
17.819 -9.365 15.451
20.303 -7.291 13.462
20.264 -9.225 10.190
17.238 -10.113 8.056
16.578 -13.754 9.000
17.446 -12.981 12.623
14.892 -10.199 12.735
12.333 -12.489 11.129
12.873 -15.100 13.841
11.316 -12.554 16.169
8.816 -10.752 13.940
7.682 -13.625 11.719
8.026 -16.678 13.977
7.454 -15.161 17.419
11.047 -15.434 18.593
10.919 -19.191 19.265
12.211 -21.848 16.866
14.105 -25.127 16.716
16.071 -27.306 14.326
15.101 -30.967 14.691
17.119 -34.159 14.276
14.076 -36.380 13.865
10.847 -34.825 12.608
7.615 -36.428 13.794
3.867 -36.012 14.301
1.841 -32.801 14.044
