40.327 -19.057 -131.118
41.864 -15.676 -130.541
43.665 -13.730 -127.880
42.431 -10.301 -126.631
43.291 -7.494 -129.102
46.003 -5.199 -127.866
46.379 -1.516 -128.707
49.445 0.781 -128.497
47.779 3.346 -126.267
48.772 6.959 -125.951
48.573 6.605 -122.130
51.970 5.461 -121.058
52.592 2.434 -118.956
55.383 3.793 -116.764
53.338 6.650 -115.301
52.070 7.047 -111.736
48.404 7.241 -110.855
47.536 10.757 -109.726
44.084 10.079 -108.312
44.248 8.558 -104.839
41.404 6.726 -103.121
40.445 8.198 -99.767
38.924 7.242 -96.433
36.356 9.878 -97.442
33.869 8.387 -99.783
34.363 8.900 -103.500
33.105 7.877 -106.953
35.162 4.821 -107.842
34.924 5.744 -111.484
37.563 8.356 -110.645
39.793 5.549 -109.493
39.432 3.794 -112.821
39.009 6.498 -115.425
40.452 9.488 -113.585
38.754 12.821 -113.038
39.164 16.520 -113.867
41.536 18.491 -111.667
39.785 20.540 -108.944
42.248 23.525 -109.204
44.189 24.125 -112.483
41.684 22.913 -115.127
41.779 21.706 -117.810
44.408 19.288 -116.464
43.480 15.679 -115.494
44.021 13.566 -112.423
44.900 10.285 -113.971
43.163 7.049 -113.003
44.418 3.466 -112.961
43.342 2.538 -116.522
44.207 4.041 -119.890
42.744 7.459 -120.433
39.392 7.170 -122.139
39.246 3.372 -122.000
36.715 2.624 -119.257
33.275 1.830 -120.639
30.662 1.038 -117.996
27.660 -1.270 -118.269
24.489 -1.742 -116.200
25.273 1.613 -114.521
21.922 2.339 -112.946
21.327 -1.159 -111.546
22.731 -2.264 -108.249
24.901 0.820 -108.074
26.755 -0.394 -105.052
29.016 -2.117 -107.576
30.460 -0.711 -110.774
31.319 -2.878 -113.751
32.672 -2.349 -117.221
35.558 -2.889 -119.572
38.795 -0.864 -119.820
42.323 -1.094 -121.156
45.598 -1.387 -119.204
48.466 -0.527 -121.490
46.075 -1.362 -124.286
45.217 -4.751 -122.864
41.478 -4.973 -122.615
40.213 -6.165 -119.270
36.860 -6.522 -117.528
36.554 -4.488 -114.373
34.671 -4.688 -111.075
34.853 -1.893 -108.511
32.976 -0.848 -105.420
30.923 2.263 -104.691
31.880 3.905 -101.405
29.185 6.563 -101.243
25.666 5.682 -100.121
23.409 4.846 -102.997
19.821 6.135 -103.124
17.634 3.609 -104.892
14.271 4.697 -106.248
11.643 1.924 -106.480
8.671 2.780 -108.717
5.016 2.190 -107.770
3.212 -0.943 -109.067
0.238 0.419 -111.028
-1.448 -2.965 -110.710
-1.651 -2.341 -107.014
-3.425 0.827 -105.827
-1.634 0.721 -102.413
1.872 0.951 -103.873
3.571 4.354 -103.517
7.153 4.738 -104.884
9.642 3.774 -102.076
13.191 5.243 -101.733
15.943 3.022 -100.302
19.387 3.656 -98.812
22.025 1.214 -100.015
25.224 1.478 -97.952
28.531 1.619 -99.774
31.116 -1.167 -99.575
28.357 -3.804 -99.151
27.069 -6.569 -101.373
23.342 -6.620 -101.631
21.406 -9.130 -103.573
21.361 -6.838 -106.574
25.085 -5.924 -106.281
26.038 -9.571 -105.862
23.997 -10.593 -108.873
25.381 -7.767 -110.999
28.886 -8.858 -109.901
28.210 -12.441 -110.848
26.759 -11.391 -114.170
29.742 -9.195 -115.008
32.013 -12.030 -114.167
30.214 -14.464 -116.379
29.789 -12.114 -119.350
33.418 -10.987 -119.376
34.687 -14.490 -118.893
32.788 -15.641 -121.950
34.196 -12.740 -123.964
37.636 -14.041 -123.092
38.769 -11.081 -121.044
41.001 -11.029 -118.035
39.424 -9.702 -114.876
40.398 -6.996 -112.486
38.576 -6.735 -109.226
39.158 -3.701 -107.047
37.892 -5.260 -103.878
36.515 -3.021 -101.161
33.689 -4.837 -99.404
32.906 -4.931 -95.758
30.438 -7.795 -96.216
27.078 -8.854 -97.567
24.045 -7.145 -96.068
22.670 -9.726 -93.660
19.537 -7.935 -92.530
16.075 -9.405 -92.538
14.963 -7.987 -95.823
18.059 -8.801 -97.750
18.296 -12.327 -96.348
14.710 -12.917 -97.353
15.648 -11.429 -100.694
18.105 -14.297 -101.056
21.424 -12.536 -100.597
22.883 -15.878 -99.543
22.039 -17.408 -102.920
23.729 -14.718 -104.954
26.850 -14.605 -102.840
27.348 -18.262 -103.566
26.999 -17.512 -107.284
30.096 -15.314 -107.186
32.058 -18.360 -106.167
30.645 -20.443 -109.007
31.446 -17.530 -111.330
35.130 -17.158 -110.479
35.665 -20.874 -110.359
34.786 -21.140 -114.032
37.170 -18.317 -115.106
39.711 -19.278 -117.757
41.951 -16.188 -118.032
43.739 -14.122 -115.372
41.773 -12.756 -112.464
43.682 -10.120 -110.468
42.190 -8.863 -107.207
43.526 -5.714 -105.554
42.418 -4.145 -102.316
43.086 -0.487 -102.964
44.369 2.024 -100.429
41.785 2.795 -97.746
39.785 -0.164 -98.970
39.027 -3.179 -96.772
37.929 -6.779 -97.412
36.178 -8.738 -94.712
34.666 -12.048 -93.789
31.977 -13.148 -96.233
33.193 -10.879 -98.976
36.670 -12.196 -98.832
35.719 -15.842 -98.751
33.680 -15.630 -101.978
36.644 -14.143 -103.896
39.713 -15.804 -102.376
42.361 -16.884 -104.917
41.951 -20.359 -103.502
38.701 -20.785 -105.465
40.567 -20.779 -108.767
44.289 -20.940 -107.985
45.261 -21.701 -111.578
44.101 -18.194 -112.545
43.367 -15.985 -109.555
45.805 -13.678 -107.814
45.289 -11.434 -104.795
47.059 -8.202 -103.895
46.691 -5.699 -101.047
47.814 -2.026 -101.000
49.884 -1.011 -97.923
46.961 1.133 -96.899
44.424 -1.690 -97.042
42.990 -3.922 -94.373
41.401 -7.357 -94.113
39.969 -9.821 -91.616
37.364 -12.406 -90.898
35.872 -9.670 -88.735
36.316 -5.896 -88.467
38.052 -4.487 -85.384
35.015 -3.031 -83.662
33.229 -6.385 -83.847
36.282 -8.368 -82.897
36.804 -6.255 -79.788
33.128 -6.710 -78.907
33.639 -10.475 -78.789
37.278 -10.866 -77.732
38.281 -7.755 -75.757
35.362 -7.352 -73.437
35.187 -5.410 -70.214
37.173 -7.841 -68.021
40.045 -7.464 -70.499
39.761 -3.670 -70.795
39.971 -3.329 -67.028
42.910 -5.801 -66.955
44.641 -3.339 -69.287
43.833 -0.373 -67.056
45.225 -2.242 -63.990
48.475 -2.572 -65.961
48.773 0.826 -67.593
46.642 3.524 -65.955
48.634 5.045 -63.141
45.627 6.334 -61.166
43.950 2.937 -61.281
47.234 1.284 -60.360
47.622 3.639 -57.401
44.108 3.035 -56.137
44.498 -0.734 -56.557
47.715 -0.581 -54.617
45.848 1.007 -51.748
42.845 -1.292 -51.621
45.688 -3.577 -50.457
46.444 -1.578 -47.305
45.947 -3.215 -43.962
43.700 -1.992 -41.129
41.424 0.332 -43.076
38.026 1.594 -41.877
35.219 -0.088 -43.822
34.487 3.576 -44.661
37.931 4.276 -46.248
37.598 1.037 -48.134
34.150 1.652 -49.663
35.456 5.138 -50.646
38.456 3.622 -52.469
36.362 0.962 -54.170
34.024 3.663 -55.473
36.924 5.818 -56.679
38.099 2.732 -58.606
34.720 1.946 -60.237
34.383 5.620 -61.207
37.850 5.618 -62.679
37.123 2.471 -64.573
33.919 3.903 -66.016
35.635 7.178 -66.909
38.389 5.255 -68.700
36.301 2.756 -70.655
35.638 4.740 -73.846
39.264 5.710 -74.385
40.451 2.162 -73.565
37.903 0.707 -76.004
39.541 2.846 -78.673
42.867 1.386 -77.643
41.372 -2.089 -77.991
40.106 -1.487 -81.542
43.572 -0.235 -82.485
45.114 -3.385 -81.062
42.654 -5.407 -83.125
43.363 -3.338 -86.203
47.073 -4.133 -86.025
46.060 -7.735 -86.676
44.395 -6.838 -89.958
47.388 -5.532 -91.903
48.841 -6.525 -95.298
52.059 -7.370 -93.518
50.320 -10.242 -91.785
48.388 -11.237 -94.905
51.542 -11.699 -96.926
53.382 -13.431 -94.122
50.561 -15.949 -93.698
50.522 -16.550 -97.486
47.051 -15.236 -98.437
48.208 -12.470 -100.790
50.911 -12.464 -103.463
52.348 -9.064 -102.750
51.837 -5.756 -100.972
51.522 -3.053 -103.573
51.729 0.692 -103.615
48.928 2.501 -105.420
50.949 5.156 -107.225
52.870 2.476 -109.072
50.163 -0.214 -109.204
49.332 0.517 -112.873
52.885 -0.195 -114.018
52.990 -3.263 -111.849
49.803 -4.748 -113.100
50.506 -4.008 -116.737
53.569 -6.139 -116.718
52.136 -8.787 -114.455
49.051 -9.204 -116.629
51.178 -9.071 -119.678
53.231 -12.103 -118.670
50.387 -13.998 -117.067
48.940 -13.786 -120.592
52.148 -14.768 -122.352
52.942 -17.554 -119.895
49.379 -18.864 -120.294
49.779 -18.785 -124.083
52.938 -20.911 -123.932
51.486 -23.299 -121.357
48.473 -23.790 -123.648
50.894 -24.898 -126.335
52.486 -27.411 -123.935
49.144 -28.806 -122.875
48.307 -29.327 -126.523
51.523 -31.269 -127.041
50.546 -33.583 -124.133
47.043 -33.336 -122.584
48.001 -35.785 -119.842
50.327 -33.265 -118.121
49.024 -31.449 -114.984
48.759 -27.669 -114.612
51.491 -28.205 -112.007
53.969 -30.211 -114.047
53.521 -27.840 -116.942
54.541 -24.835 -114.784
57.598 -26.712 -113.622
58.520 -27.816 -117.119
58.482 -24.287 -118.498
60.374 -22.888 -115.558
62.959 -25.630 -115.939
63.352 -24.919 -119.641
64.034 -21.309 -118.883
66.788 -22.142 -116.489
68.177 -24.609 -119.024
68.264 -21.974 -121.775
69.219 -18.850 -119.844
71.415 -20.468 -117.224
71.101 -21.463 -113.593
72.739 -18.043 -112.833
69.631 -16.257 -114.167
66.939 -18.056 -112.145
65.901 -14.758 -110.436
64.768 -13.279 -113.763
61.769 -15.582 -113.773
60.305 -13.542 -110.967
60.623 -10.301 -113.011
57.455 -9.752 -114.983
58.822 -7.350 -117.551
61.946 -9.310 -118.253
60.236 -12.704 -118.456
57.511 -11.140 -120.621
60.134 -10.002 -123.133
61.715 -13.452 -123.024
58.523 -15.371 -123.504
57.625 -13.153 -126.446
60.980 -13.762 -128.129
60.357 -17.509 -127.800
56.822 -17.325 -129.279
57.974 -15.310 -132.273
64.417 -23.181 -128.797
61.281 -23.704 -126.700
59.275 -24.309 -129.890
61.703 -27.204 -130.319
61.011 -28.631 -126.863
57.295 -28.703 -127.514
57.740 -30.614 -130.764
59.712 -33.071 -128.574
56.960 -33.338 -125.986
54.452 -34.065 -128.695
56.471 -36.702 -130.451
56.895 -38.505 -127.155
53.203 -38.236 -126.325
52.057 -39.438 -129.733
54.315 -42.453 -129.395
53.068 -43.344 -125.915
49.515 -42.762 -127.132
49.754 -45.169 -130.061
51.345 -47.679 -127.707
48.596 -47.295 -125.131
45.905 -47.764 -127.800
47.311 -51.023 -129.132
47.982 -52.318 -125.584
44.271 -51.934 -124.927
43.263 -53.166 -128.440
45.591 -55.765 -129.876
43.396 -57.175 -132.730
43.997 -53.718 -134.256
47.778 -54.218 -134.481
47.883 -55.913 -137.864
45.765 -53.320 -139.716
47.493 -50.366 -138.029
50.723 -51.650 -139.608
49.269 -51.925 -143.132
48.336 -48.292 -142.883
51.632 -47.313 -141.239
53.899 -48.890 -143.899
53.072 -46.135 -146.328
55.076 -43.616 -144.420
58.452 -45.492 -144.646
61.632 -45.892 -146.660
62.134 -49.082 -148.709
65.390 -49.381 -146.721
63.352 -49.244 -143.502
61.077 -51.940 -144.781
64.310 -53.947 -145.122
65.086 -53.189 -141.463
61.571 -54.081 -140.174
61.921 -57.369 -142.011
65.261 -58.084 -140.289
63.165 -58.472 -137.125
59.373 -59.082 -137.940
