39.910 -30.405 -68.812
41.124 -30.379 -65.177
40.838 -32.079 -61.783
41.711 -30.135 -58.636
42.590 -31.361 -55.134
41.321 -29.773 -51.918
40.404 -30.123 -48.255
37.372 -29.239 -46.128
36.860 -26.094 -44.052
34.284 -24.403 -41.821
33.110 -20.851 -41.114
33.372 -21.280 -37.332
36.705 -22.917 -36.444
38.234 -23.352 -32.983
41.446 -21.690 -31.777
44.374 -23.704 -30.388
48.004 -23.023 -29.470
51.001 -24.696 -31.108
54.773 -24.592 -30.550
55.033 -21.779 -33.067
51.818 -19.733 -32.682
49.027 -18.726 -30.290
45.396 -18.944 -31.430
45.729 -20.947 -34.649
42.244 -21.756 -35.907
41.541 -25.424 -36.622
38.506 -27.269 -37.990
37.768 -28.881 -34.626
39.256 -29.233 -31.157
38.499 -30.709 -27.757
39.160 -29.694 -24.143
41.838 -31.463 -22.066
41.248 -29.582 -18.772
38.185 -30.522 -16.699
36.226 -27.564 -15.274
32.885 -29.230 -14.449
32.369 -30.288 -10.849
29.541 -32.438 -9.522
28.468 -30.862 -6.191
27.870 -34.239 -4.467
29.924 -37.127 -3.109
29.278 -39.680 -5.842
29.218 -42.899 -3.833
27.441 -45.457 -6.058
28.625 -49.011 -5.318
30.816 -48.063 -2.325
30.359 -48.894 1.354
30.137 -45.327 2.591
30.232 -43.982 6.152
29.297 -40.319 6.566
30.521 -39.384 10.058
28.331 -36.278 10.416
28.625 -35.096 14.037
31.080 -37.861 14.941
34.766 -36.903 14.694
36.929 -39.606 13.125
39.048 -39.952 16.289
35.821 -40.209 18.308
35.177 -43.608 16.697
38.000 -44.933 18.889
37.092 -43.282 22.221
33.309 -43.046 21.843
31.763 -39.745 22.845
27.935 -39.891 22.601
27.813 -38.554 19.025
29.996 -41.533 17.918
27.855 -44.280 19.525
26.779 -45.614 16.103
30.331 -45.581 14.651
32.222 -47.687 17.192
32.723 -50.637 14.803
31.948 -49.321 11.323
32.989 -50.938 8.061
33.726 -48.780 4.976
35.306 -48.291 1.541
34.750 -44.523 1.799
34.844 -42.477 5.010
33.476 -38.905 5.037
34.481 -36.364 7.721
32.338 -33.247 8.160
33.223 -29.810 9.536
30.633 -30.259 12.322
32.332 -33.493 13.479
33.789 -33.499 17.004
36.163 -36.048 18.526
35.315 -35.191 22.141
32.686 -34.735 24.788
34.764 -33.946 27.886
37.255 -31.491 26.349
40.736 -32.668 25.265
42.833 -33.818 22.314
45.009 -36.581 20.869
48.784 -36.338 20.730
49.903 -37.015 17.120
46.314 -36.460 16.016
46.739 -36.196 12.245
48.873 -39.333 11.981
46.045 -41.206 13.711
43.438 -39.668 11.380
45.502 -40.778 8.376
45.601 -44.333 9.796
41.844 -44.420 10.396
40.996 -42.933 6.976
42.771 -45.896 5.324
41.544 -48.507 7.816
38.478 -49.910 6.068
36.849 -49.334 9.452
37.420 -50.768 12.895
36.655 -53.891 14.895
36.747 -53.613 18.720
37.820 -56.194 21.318
37.908 -56.015 25.123
41.264 -55.262 26.774
40.216 -57.679 29.514
41.023 -55.213 32.301
39.393 -55.816 35.680
39.831 -53.543 38.695
39.810 -53.727 42.480
40.375 -51.114 45.194
39.280 -48.201 42.947
36.131 -46.799 41.288
35.573 -47.345 37.570
32.529 -45.188 36.765
33.713 -41.569 36.477
31.077 -39.580 34.588
30.443 -35.979 33.505
27.687 -33.634 32.307
29.846 -32.927 29.226
29.124 -36.481 27.956
25.358 -36.998 28.172
23.396 -40.158 27.432
20.133 -39.261 29.160
22.161 -38.407 32.265
25.873 -37.869 32.895
28.143 -40.418 31.206
31.589 -40.878 29.607
33.519 -42.122 26.561
31.981 -45.531 25.740
35.358 -47.199 25.028
37.231 -45.818 28.063
37.035 -45.957 31.855
37.600 -43.005 34.162
39.435 -44.592 37.103
38.966 -42.795 40.431
40.025 -43.362 44.041
37.439 -45.411 45.960
36.320 -42.327 47.937
36.976 -38.553 47.872
40.613 -37.607 48.665
41.700 -41.264 48.950
45.104 -42.413 47.695
44.876 -44.144 44.327
46.960 -47.349 44.535
50.082 -47.939 42.419
48.695 -50.063 39.586
49.943 -52.139 36.701
47.782 -53.494 33.873
48.948 -55.612 30.958
47.512 -56.532 27.555
49.032 -58.901 25.001
47.983 -58.657 21.367
47.185 -62.305 20.509
45.941 -61.439 16.977
47.814 -61.453 13.643
47.421 -57.701 13.073
48.600 -54.707 15.113
46.237 -53.446 17.811
45.450 -49.743 18.193
45.675 -48.975 21.910
44.453 -45.648 23.368
44.622 -44.108 26.818
44.059 -40.725 28.446
45.681 -38.529 31.073
43.279 -36.334 32.997
44.309 -32.746 33.799
41.852 -31.391 36.341
41.028 -27.667 36.358
42.767 -27.371 39.736
45.170 -29.179 42.069
42.385 -29.610 44.640
40.203 -31.423 42.098
43.167 -33.679 41.255
43.503 -34.622 44.939
39.734 -35.163 45.371
39.650 -37.573 42.398
42.978 -39.423 42.808
44.414 -38.370 46.205
47.365 -36.029 46.801
50.912 -36.396 45.458
52.673 -35.944 42.108
51.128 -38.584 39.868
52.799 -40.683 37.182
51.818 -42.896 34.247
54.351 -44.969 32.287
53.595 -46.957 29.145
55.958 -49.310 27.323
55.996 -51.993 24.653
58.915 -53.770 22.911
58.651 -50.964 20.328
57.563 -47.986 22.435
58.782 -46.049 25.444
57.090 -42.972 26.986
55.907 -41.396 30.254
53.366 -38.897 31.577
53.014 -36.736 34.680
49.774 -34.745 34.941
49.621 -30.940 35.132
46.403 -29.555 36.712
45.430 -25.861 36.324
42.625 -23.610 35.074
41.916 -23.853 31.304
39.069 -21.801 29.783
35.734 -23.633 29.921
34.949 -25.924 26.972
31.677 -27.900 27.057
31.363 -26.457 30.578
34.685 -27.926 31.798
38.021 -26.303 32.759
39.839 -29.641 32.938
41.307 -31.540 29.990
42.150 -35.093 28.958
45.351 -35.794 26.973
44.575 -38.843 24.744
47.545 -40.921 23.516
47.931 -43.878 21.116
50.224 -46.708 19.970
50.098 -49.668 17.563
50.774 -52.896 19.449
52.415 -55.553 17.270
51.222 -59.209 17.117
52.251 -61.097 20.291
53.748 -57.969 21.897
52.570 -56.690 25.300
51.732 -53.159 26.528
52.046 -52.420 30.236
50.319 -49.490 31.925
51.898 -48.516 35.224
49.851 -45.707 36.708
49.027 -44.153 40.022
46.131 -41.819 39.124
44.874 -39.345 36.521
44.586 -42.226 34.028
41.750 -42.796 31.568
42.020 -46.520 30.845
41.065 -48.198 27.575
38.216 -50.711 27.850
38.714 -52.034 24.300
41.432 -52.329 21.669
40.784 -51.415 18.032
41.724 -53.457 14.954
41.767 -52.229 11.345
39.445 -54.105 8.990
41.145 -53.602 5.636
41.333 -50.724 3.147
39.452 -47.494 2.569
39.828 -43.920 1.487
38.969 -40.926 3.686
37.718 -37.548 2.481
36.565 -34.218 3.914
33.478 -32.703 2.307
30.642 -30.207 2.674
28.205 -31.751 0.151
25.593 -34.506 0.169
26.176 -38.149 -0.661
24.651 -39.386 -3.927
24.323 -43.103 -4.747
23.069 -42.355 -8.286
26.491 -41.201 -9.567
29.895 -42.888 -9.416
33.341 -41.292 -9.238
36.803 -41.859 -7.769
38.067 -38.273 -7.499
36.777 -36.325 -4.515
37.276 -32.909 -2.937
35.425 -30.822 -0.348
33.102 -29.389 -3.000
32.152 -32.740 -4.569
33.285 -35.200 -7.206
35.302 -34.704 -10.370
33.796 -37.073 -12.925
35.917 -36.957 -16.053
38.106 -38.942 -18.410
40.179 -35.841 -19.241
43.877 -35.888 -18.252
43.835 -32.559 -16.356
41.550 -30.558 -14.068
41.500 -26.965 -12.761
38.857 -27.516 -10.063
40.783 -28.279 -6.843
44.495 -28.852 -6.228
43.732 -30.949 -3.143
41.389 -33.465 -4.818
42.092 -37.040 -3.706
41.479 -40.542 -4.976
42.110 -41.329 -8.630
42.174 -37.955 -10.288
43.137 -35.955 -13.368
46.292 -33.950 -12.613
45.652 -30.457 -11.284
46.954 -27.669 -13.531
46.804 -23.853 -13.310
45.286 -23.357 -16.790
41.515 -23.073 -17.202
41.625 -24.519 -20.722
44.026 -26.322 -23.055
42.407 -27.139 -26.382
43.673 -30.161 -28.309
43.336 -29.930 -32.090
41.325 -32.778 -33.639
41.295 -31.334 -37.164
43.415 -29.626 -39.795
44.119 -25.907 -39.944
40.945 -24.049 -40.949
41.429 -21.953 -44.097
38.137 -20.337 -45.190
37.871 -18.405 -48.465
