23.427 56.097 117.517
22.926 59.899 117.619
19.794 61.875 116.679
19.982 65.564 115.903
17.940 64.246 112.946
14.895 65.254 114.968
14.791 68.425 112.934
13.428 66.649 109.844
10.295 67.996 108.116
7.509 65.649 109.234
4.879 67.476 107.209
5.327 65.977 103.747
3.784 67.929 100.881
1.051 65.879 99.125
0.580 65.618 95.347
-2.713 67.062 94.033
-5.776 66.238 91.901
-7.418 67.315 89.669
-3.812 68.370 89.082
-0.233 67.110 89.457
1.582 69.622 91.672
2.326 69.621 95.386
0.262 71.837 97.660
2.812 73.637 99.873
0.506 76.085 101.617
0.033 75.070 105.198
-1.501 76.498 108.398
0.632 76.219 111.535
-0.265 77.392 115.062
2.560 79.061 116.934
3.488 80.490 120.304
5.847 83.447 120.380
7.413 85.453 123.201
7.517 89.123 122.268
8.188 92.574 123.608
5.457 95.190 123.985
6.571 98.820 123.828
5.115 101.277 126.349
3.431 103.281 123.592
1.130 100.299 122.957
-0.032 99.775 126.550
-3.584 100.700 125.510
-3.402 98.736 122.251
-1.463 95.549 123.018
-2.718 93.525 120.000
-2.050 96.442 117.669
1.440 96.643 119.148
2.243 92.973 118.798
1.096 93.237 115.171
3.140 96.349 114.273
6.272 95.293 116.167
6.588 91.569 115.452
4.058 89.933 113.105
3.859 92.455 110.227
7.649 92.277 109.673
7.327 88.492 109.165
5.020 88.849 106.150
6.463 87.573 102.855
9.856 86.704 104.322
11.312 83.266 104.967
11.200 82.248 108.621
13.647 79.658 109.913
11.252 78.191 112.480
8.131 77.452 110.378
10.471 76.386 107.588
8.851 78.457 104.849
7.669 81.904 103.814
5.080 83.436 106.068
2.102 84.620 104.035
0.116 86.047 106.929
-1.593 85.458 110.237
-4.947 84.912 111.984
-6.356 84.847 115.516
-3.710 86.595 117.586
-4.203 86.052 121.315
-2.212 87.251 124.276
-1.676 84.799 127.109
-2.625 86.552 130.305
0.144 86.430 132.948
-2.781 86.130 135.372
-3.496 82.421 135.106
-6.721 82.873 137.063
-8.594 84.959 134.484
-11.027 83.636 131.839
-9.748 83.401 128.227
-12.646 85.771 127.566
-11.772 89.090 129.360
-10.191 91.991 127.541
-8.169 93.080 130.567
-4.844 91.179 130.733
-1.516 91.248 132.583
1.850 91.668 130.905
4.956 91.430 133.119
7.274 94.435 132.913
11.050 94.069 132.683
12.859 94.921 135.864
15.353 97.203 134.057
13.098 98.751 131.336
9.500 99.909 130.755
8.955 97.170 128.147
6.572 94.273 128.608
7.115 90.707 127.406
4.250 88.340 126.873
3.551 84.999 125.228
1.173 85.019 122.270
-0.680 82.472 120.230
-1.268 83.129 116.545
-1.878 81.146 113.334
0.579 81.380 110.447
-0.023 80.622 106.804
3.184 79.292 105.332
4.453 78.413 101.902
6.851 75.573 102.698
