-49.222 19.908 6.257
-49.432 23.706 6.494
-47.441 26.666 5.214
-46.634 29.405 7.750
-45.868 32.701 5.890
-45.381 36.388 6.219
-47.654 38.277 3.867
-44.615 40.190 2.719
-45.498 42.225 -0.374
-48.310 43.125 -2.679
-47.004 43.315 -6.288
-49.248 45.381 -8.559
-49.098 44.850 -12.386
-47.674 48.410 -12.485
-44.871 47.730 -9.966
-43.869 44.493 -11.747
-43.673 46.334 -15.097
-41.493 49.189 -13.681
-39.196 46.772 -11.853
-38.979 43.962 -14.490
-40.359 45.181 -17.851
-42.801 42.234 -17.779
-46.594 42.551 -18.245
-48.331 40.021 -15.949
-50.632 37.467 -17.572
-52.914 34.530 -16.685
-53.734 34.082 -13.017
-51.027 36.601 -12.104
-52.523 39.322 -14.282
-54.302 41.237 -11.458
-51.230 41.305 -9.217
-50.261 38.918 -6.442
-48.817 38.546 -2.963
-45.352 37.474 -1.913
-45.833 34.826 0.780
-42.515 34.200 2.514
-41.789 33.153 6.099
-38.710 34.460 7.956
-36.722 31.232 7.542
-38.877 28.100 7.848
-41.622 26.321 6.010
-43.000 22.804 5.573
-40.946 21.057 2.867
-44.242 19.701 1.544
-44.703 23.428 0.681
-42.400 22.931 -2.331
-45.468 21.492 -4.060
-43.269 18.629 -5.268
-45.881 15.947 -4.501
-47.994 15.330 -7.572
-51.420 14.107 -8.538
-52.501 13.796 -12.177
-49.372 15.745 -13.046
-50.491 18.674 -10.893
-48.647 19.927 -7.793
-50.285 19.171 -4.431
-49.702 18.635 -0.737
-50.701 15.212 0.500
-51.511 13.411 3.697
-48.372 11.593 4.779
-49.687 8.077 4.029
-50.009 9.034 0.362
-46.459 10.369 0.044
-44.284 8.410 -2.355
-40.520 8.094 -1.824
-39.744 9.924 -5.043
-41.924 12.847 -3.878
-39.965 13.113 -0.619
-36.688 12.905 -2.565
-37.891 15.670 -4.918
-38.761 17.882 -1.894
-35.250 17.519 -0.538
-33.611 17.936 -3.938
-35.466 21.213 -4.444
-34.573 22.655 -1.062
-31.571 24.527 0.191
-30.546 25.533 3.690
-28.719 28.926 3.668
-26.937 29.939 6.897
-29.062 32.338 8.977
-28.596 36.049 8.347
-26.508 37.087 11.341
-27.517 40.754 11.317
-30.979 39.477 12.265
-30.043 36.115 13.845
-26.770 36.636 15.617
-26.915 33.140 17.116
-26.879 31.535 13.647
-28.709 28.495 12.342
-29.899 27.645 8.857
-33.035 28.755 7.099
-35.036 26.812 4.484
-35.198 27.895 0.830
-37.312 26.649 -2.006
-39.891 27.984 -4.458
-43.443 26.623 -4.310
-44.664 25.330 -7.711
-47.214 27.374 -9.594
-50.770 26.526 -10.469
-51.529 24.888 -7.103
-54.996 25.658 -5.704
-54.597 26.916 -2.115
-56.518 28.666 0.692
-54.874 31.327 2.845
-56.335 31.592 6.337
-56.115 33.804 9.447
-57.679 34.096 12.891
-57.594 37.497 14.580
-58.690 38.509 18.037
-60.995 41.531 18.018
-61.317 43.048 21.473
-64.780 42.647 23.079
-65.875 40.268 20.327
-63.273 37.513 20.198
-61.837 35.537 17.285
-62.916 36.344 13.780
-61.875 34.291 10.717
-60.698 35.454 7.292
-60.302 33.152 4.280
-58.856 33.758 0.786
-59.080 30.934 -1.784
-56.576 31.284 -4.661
-53.703 29.774 -6.648
-49.918 29.573 -6.411
-48.151 31.248 -9.344
-45.225 30.507 -11.578
-43.557 33.735 -12.693
-41.150 33.940 -15.650
-37.759 32.973 -14.294
-36.035 36.317 -14.668
-39.052 37.998 -13.016
-38.983 35.604 -10.044
-35.273 36.169 -9.593
-35.542 39.937 -9.680
-38.430 40.058 -7.178
-36.759 37.428 -4.967
-33.196 38.901 -4.887
-34.740 42.227 -3.827
-36.719 40.739 -0.895
-35.195 37.849 1.115
-33.466 35.268 -1.139
-32.410 33.117 1.826
-36.067 32.283 2.613
-38.829 30.153 0.970
-41.239 31.776 -1.509
-44.854 31.201 -2.582
-46.387 33.563 -5.151
-50.146 33.787 -4.471
-53.069 35.249 -6.370
-56.432 35.332 -4.456
-59.589 34.676 -6.490
-61.409 37.974 -7.008
-65.171 38.088 -6.845
-65.891 41.781 -7.310
-67.443 41.784 -3.805
-66.281 42.951 -0.373
-62.531 42.786 0.134
-62.116 40.780 -3.160
-62.552 43.495 -5.794
-58.789 43.632 -6.231
-55.669 41.899 -5.022
-54.664 45.066 -3.238
-57.938 45.037 -1.239
-57.271 41.457 -0.145
-53.882 42.542 1.218
-55.247 45.831 2.623
-57.834 43.836 4.608
-55.541 41.075 5.855
-55.585 41.236 9.646
-51.990 40.253 10.543
-48.455 39.967 9.133
-49.036 36.184 8.926
-51.281 33.702 7.086
-51.697 29.917 7.126
-51.756 28.371 3.662
-53.088 24.920 2.827
-53.315 22.943 -0.381
-56.908 22.981 -1.649
-59.916 25.207 -1.798
-61.264 24.604 1.695
-63.206 27.865 2.263
-66.642 26.223 2.561
-65.217 23.732 5.114
-63.730 26.591 7.156
-67.021 28.510 7.087
-68.805 25.392 8.407
-66.174 24.785 11.096
-66.360 28.473 12.052
-70.102 28.381 12.595
-69.660 25.262 14.810
-67.194 27.225 16.966
-69.309 30.446 16.819
-66.437 32.334 15.196
-67.698 34.979 12.802
-66.250 35.189 9.308
-65.208 38.742 8.566
-63.896 38.068 5.077
-64.013 35.201 2.518
-64.250 34.669 -1.263
-66.428 31.516 -1.113
-69.528 31.397 -3.367
-72.616 32.117 -1.243
-74.348 28.944 -2.453
-71.601 26.844 -0.728
-72.154 28.481 2.669
-73.339 25.754 5.029
-74.203 26.886 8.554
-76.625 25.602 11.232
-80.238 26.148 10.237
-80.929 28.643 13.027
-78.451 31.154 11.472
-81.174 31.591 8.887
-83.437 32.984 11.636
-80.962 35.818 12.197
-81.269 36.821 8.499
-81.293 35.502 4.955
-80.194 38.670 3.167
-77.260 40.059 5.123
-75.455 36.781 5.734
-72.352 38.382 7.202
-74.343 40.399 9.842
-76.585 37.410 10.528
-73.388 35.447 11.231
-72.127 38.082 13.742
-75.541 38.268 15.423
-75.681 34.459 15.737
-72.084 34.104 17.013
-72.589 37.065 19.371
-75.769 35.607 20.903
-74.717 31.924 21.140
-71.121 32.688 22.240
-68.254 30.155 22.466
-69.085 26.469 23.171
-67.258 26.308 26.528
-67.922 29.680 28.249
