15.406 146.762 128.182
16.749 144.194 130.624
14.366 141.360 131.469
16.815 139.176 133.374
17.186 141.453 136.441
13.939 141.013 138.365
11.335 138.311 137.989
8.112 137.218 139.660
8.078 133.884 141.461
4.558 132.883 140.352
4.406 129.959 142.822
4.142 132.325 145.791
2.109 135.118 144.186
-1.670 135.137 144.773
-4.469 135.589 142.209
-5.420 139.065 143.463
-1.798 140.196 143.351
-1.901 141.504 146.914
0.927 139.111 147.706
4.047 138.311 145.710
7.665 137.204 145.680
10.358 138.668 143.449
13.791 137.370 142.582
16.377 140.032 141.847
19.760 139.160 140.341
23.051 140.829 141.357
21.880 142.239 144.678
22.623 141.427 148.305
21.869 142.948 151.716
22.894 146.432 150.500
19.734 147.068 148.475
17.633 144.346 150.088
17.657 145.646 153.628
17.244 149.275 152.480
14.321 148.340 150.264
12.435 146.391 152.928
12.930 149.316 155.360
11.320 151.668 152.920
8.529 149.292 151.852
7.513 148.601 155.456
6.758 152.277 155.942
3.954 151.895 153.370
0.791 151.599 155.550
-0.906 149.168 153.109
1.912 146.621 153.412
0.962 143.746 155.748
4.171 141.798 155.342
7.634 142.294 153.921
11.060 140.730 154.208
14.028 139.881 152.041
16.292 136.828 152.024
19.437 135.571 150.370
19.048 131.906 149.299
22.789 131.403 149.190
25.942 133.593 149.468
27.221 131.970 146.266
24.339 132.711 143.945
23.880 136.446 143.467
20.154 136.456 144.205
17.823 138.454 146.374
14.298 137.433 147.253
11.737 140.039 148.321
8.323 139.187 149.656
5.459 141.721 149.782
1.911 141.253 151.055
-0.589 144.113 151.165
-3.817 144.708 153.061
-5.619 144.958 149.737
-5.600 148.652 148.788
-2.692 148.340 146.363
-1.145 145.324 144.688
2.218 143.861 145.706
3.821 145.247 142.550
2.600 148.746 143.488
4.279 148.519 146.893
7.517 147.472 145.198
7.364 150.561 142.995
6.473 153.015 145.795
9.283 151.490 147.820
11.774 151.866 145.006
10.630 155.447 144.409
10.638 156.225 148.124
14.197 154.883 148.280
15.374 157.093 145.402
13.799 160.171 146.963
15.386 159.288 150.285
18.846 159.330 148.698
18.203 162.703 147.138
17.384 164.096 150.579
20.740 162.805 151.846
22.767 164.073 148.895
21.226 167.535 149.157
21.735 167.701 152.928
25.348 166.646 152.621
25.970 169.188 149.888
24.591 172.040 152.000
26.744 171.055 154.973
29.879 170.899 152.874
29.167 174.357 151.456
28.303 175.798 154.862
31.335 174.134 156.457
