-67.937 3.210 -80.244
-66.563 4.875 -77.122
-67.853 6.624 -73.999
-65.384 8.897 -72.209
-66.296 10.266 -68.777
-64.904 13.267 -66.896
-62.263 12.930 -64.176
-62.366 12.283 -60.437
-64.193 14.657 -58.094
-63.695 15.590 -54.439
-66.639 17.396 -52.864
-67.917 18.837 -49.598
-71.289 17.544 -48.368
-74.204 19.649 -49.591
-72.609 20.620 -52.897
-73.422 19.409 -56.423
-71.432 17.561 -59.093
-71.965 17.341 -62.844
-70.480 14.255 -64.480
-70.175 14.140 -68.269
-70.028 11.246 -70.736
-68.827 11.945 -74.288
-69.948 9.615 -77.087
-68.010 8.832 -80.267
-68.420 6.296 -83.061
-72.207 6.175 -83.304
-75.384 8.233 -83.612
-75.730 9.707 -80.111
-79.472 10.371 -80.320
-80.649 6.862 -81.209
-79.500 4.891 -78.166
-80.297 4.889 -74.436
-77.689 6.259 -72.042
-77.578 4.426 -68.699
-76.151 5.497 -65.344
-75.006 3.006 -62.692
-73.697 3.423 -59.120
-71.019 1.183 -57.575
-69.925 1.298 -53.931
-67.689 -1.283 -52.254
-70.010 -3.916 -50.779
-73.157 -2.737 -52.569
-72.437 -4.111 -56.051
-74.021 -2.441 -59.085
-77.051 -0.181 -58.636
-79.091 1.299 -61.501
-79.782 5.043 -61.368
-81.701 5.941 -64.518
-81.690 6.316 -68.295
-82.113 9.050 -70.899
-82.943 8.884 -74.595
-81.015 11.754 -76.205
-82.932 13.386 -79.044
-86.255 12.747 -77.336
-85.261 13.675 -73.790
-87.297 10.759 -72.470
-86.158 9.385 -69.114
-86.744 6.385 -66.860
-85.552 6.809 -63.286
-85.019 4.443 -60.405
-87.351 5.705 -57.688
-84.490 5.890 -55.177
-82.480 8.444 -57.171
-85.368 10.709 -58.197
-84.356 14.260 -57.290
-80.905 13.060 -56.278
-79.801 12.385 -59.851
-80.611 14.589 -62.850
-80.021 13.366 -66.403
-79.511 15.628 -69.427
-78.120 15.274 -72.946
-76.673 17.617 -75.566
-76.901 16.261 -79.115
-74.749 19.022 -80.613
-71.719 17.935 -78.578
-72.658 14.249 -78.194
-72.491 14.448 -74.409
-74.708 13.059 -71.655
-74.638 14.612 -68.184
-75.629 13.470 -64.694
-75.898 15.922 -61.824
-75.787 14.696 -58.229
-77.240 17.186 -55.763
-77.061 17.545 -51.971
-74.027 15.259 -51.660
-73.585 13.130 -48.554
-71.151 10.328 -47.688
-73.501 7.730 -49.202
-72.934 9.292 -52.624
-69.250 8.309 -52.498
-68.849 5.710 -55.247
-67.720 5.077 -58.788
-70.224 6.188 -61.414
-70.565 4.658 -64.857
-72.446 5.693 -67.935
-73.361 2.964 -70.428
-75.205 2.552 -73.723
-78.009 0.201 -74.713
-78.199 -1.428 -78.138
-80.197 0.024 -81.032
-83.883 -0.886 -80.895
-85.166 -3.531 -83.298
-88.331 -5.622 -83.031
-86.370 -8.888 -83.236
-82.771 -9.907 -82.537
-81.312 -6.809 -80.892
-78.821 -5.962 -78.146
-81.362 -3.336 -77.057
-81.926 -5.256 -73.834
-78.268 -4.989 -72.841
-75.734 -2.409 -71.682
-73.364 -3.067 -74.579
-70.780 -0.305 -74.082
-69.508 1.321 -70.877
-67.540 4.410 -69.886
-64.345 4.072 -67.842
-66.014 5.389 -64.693
-65.936 8.531 -62.566
-64.806 8.320 -58.946
-66.753 10.628 -56.654
-65.653 11.246 -53.069
-67.560 13.516 -50.696
-66.109 14.539 -47.324
-65.566 17.451 -44.927
-62.001 16.432 -44.119
-59.263 19.057 -44.331
-55.993 18.165 -46.017
-53.836 16.552 -43.335
-50.389 14.924 -43.411
-50.125 11.455 -41.849
-48.502 10.727 -38.535
-46.484 7.599 -39.195
-44.828 5.150 -36.836
-42.156 2.434 -37.057
-43.225 -0.963 -35.705
-40.400 -3.103 -34.306
-41.057 -6.707 -33.184
-42.016 -7.537 -29.591
-39.101 -6.797 -27.246
-38.970 -10.449 -26.192
-37.002 -17.630 -36.033
-35.886 -17.849 -39.654
-37.811 -14.702 -40.595
-38.713 -11.389 -38.977
-41.590 -9.046 -39.782
-41.518 -5.257 -39.374
-44.223 -2.621 -39.664
-45.104 0.908 -40.708
-48.316 2.553 -39.493
-49.624 5.536 -41.459
-52.337 7.228 -39.405
-54.577 10.263 -39.840
-54.228 11.661 -43.350
-56.390 13.228 -46.041
-56.864 12.848 -48.853
-55.691 9.761 -50.718
-53.189 8.707 -51.737
-49.896 8.274 -49.952
-46.891 6.473 -51.367
-45.219 4.088 -48.952
-41.891 2.395 -49.663
-39.179 0.427 -47.894
-35.579 1.611 -48.223
-36.669 4.030 -50.946
-38.105 1.215 -53.051
-34.936 -0.895 -53.004
-36.686 -3.295 -50.638
-39.617 -4.686 -52.604
-39.768 -8.353 -51.576
-42.006 -9.581 -48.757
-43.914 -6.290 -48.641
-47.648 -5.959 -48.006
-49.142 -2.473 -48.252
-52.782 -2.577 -47.188
-55.712 -0.620 -48.653
-56.461 2.496 -46.617
-59.501 2.515 -44.354
-61.476 5.436 -43.005
-61.898 5.858 -39.264
-63.635 9.142 -38.497
-63.027 11.305 -41.565
-59.325 10.525 -41.979
-57.491 7.624 -43.617
-55.262 5.036 -41.940
-52.872 2.711 -43.775
-50.290 0.127 -42.702
-47.491 -1.901 -44.274
-45.506 -4.980 -43.281
-42.208 -6.306 -44.592
-40.930 -9.843 -43.962
-37.199 -10.561 -44.182
-34.841 -13.353 -43.121
-33.242 -13.137 -39.665
-29.940 -12.403 -41.404
-31.306 -9.172 -42.883
-32.625 -7.278 -39.845
-31.409 -5.825 -37.547
-28.074 -6.509 -39.294
-29.068 -4.171 -42.113
-30.876 -0.832 -41.987
-34.589 -0.854 -42.831
-36.649 2.335 -43.191
-40.193 2.979 -44.400
-40.754 6.116 -46.474
-44.112 7.890 -46.603
-44.927 10.508 -49.240
-48.111 12.583 -49.128
-48.200 14.980 -52.138
-51.442 16.772 -51.186
-49.816 18.007 -47.970
-46.457 18.007 -49.753
-44.764 15.863 -47.112
-42.116 13.135 -47.182
-41.181 11.296 -43.984
-38.709 8.485 -43.310
-38.922 6.211 -40.267
-36.113 3.804 -39.405
-37.007 0.545 -37.674
-35.021 0.155 -34.441
-35.243 -2.723 -31.928
-37.197 -1.905 -28.754
