10.538 11.008 -34.156
8.023 11.244 -31.298
7.394 14.897 -30.357
7.060 15.758 -26.654
5.189 18.995 -25.968
5.306 20.936 -22.681
2.740 23.693 -23.435
3.835 26.071 -20.604
7.313 27.546 -21.028
7.083 29.105 -17.565
5.071 28.672 -14.384
4.926 31.005 -11.402
4.466 29.431 -7.944
4.777 30.174 -4.167
6.868 28.309 -1.591
4.782 25.508 -0.051
2.197 25.454 -2.854
1.717 22.477 -5.273
2.555 22.801 -9.031
1.855 20.429 -11.935
3.589 20.429 -15.303
1.956 18.665 -18.259
3.620 16.875 -21.202
1.933 15.442 -24.318
3.429 12.821 -26.642
2.701 12.846 -30.406
2.340 8.978 -30.330
1.695 6.333 -27.631
4.750 5.992 -25.369
3.027 3.606 -22.905
4.176 4.544 -19.338
7.793 5.276 -20.342
8.292 8.979 -19.590
10.984 10.640 -17.485
11.285 14.057 -15.842
14.605 15.883 -15.363
15.399 18.980 -13.322
18.132 21.414 -14.421
19.581 24.429 -12.635
21.887 27.109 -14.292
25.383 25.802 -14.950
24.479 22.278 -13.809
23.775 18.982 -15.532
20.142 17.730 -15.550
19.077 15.389 -12.752
16.572 12.549 -13.164
13.606 12.913 -10.706
10.954 10.590 -12.169
11.120 7.833 -14.766
8.800 5.226 -16.357
6.024 7.867 -15.745
5.748 7.391 -11.977
8.886 5.698 -10.596
11.142 7.571 -8.234
14.688 6.397 -7.310
15.463 5.894 -3.608
16.390 9.171 -2.015
14.602 11.411 -4.524
12.128 13.448 -2.352
8.532 12.151 -2.308
7.237 15.706 -2.955
8.051 14.838 -6.641
5.484 12.588 -8.356
4.685 11.618 -11.898
1.590 10.173 -13.548
0.189 9.374 -16.945
0.047 6.751 -19.686
-0.236 6.738 -23.465
0.095 10.370 -24.646
-0.634 12.475 -21.507
1.782 12.919 -18.575
1.966 15.053 -15.460
4.804 15.938 -13.079
3.791 17.406 -9.718
5.682 19.022 -6.847
3.277 18.701 -3.838
5.041 21.536 -1.867
7.508 23.819 -3.690
10.786 24.336 -1.853
13.399 27.059 -2.631
15.760 24.469 -4.147
13.021 23.407 -6.622
13.135 26.577 -8.746
14.652 25.176 -11.941
13.754 24.090 -15.529
11.891 20.735 -15.806
12.079 18.590 -18.930
9.871 15.654 -19.806
11.335 12.943 -22.033
9.995 9.778 -23.563
12.405 6.872 -23.114
10.091 4.361 -24.880
11.734 4.220 -28.304
14.796 5.971 -29.747
15.414 8.863 -30.384
14.494 9.390 -26.755
13.086 12.872 -27.317
12.778 15.684 -24.792
10.038 18.217 -24.259
10.976 21.878 -24.563
11.245 22.523 -20.817
9.187 24.455 -18.247
10.846 27.001 -15.989
9.385 27.243 -12.499
9.816 30.775 -10.942
8.554 32.295 -7.695
