-5.979 4.452 5.049
-5.282 7.789 6.723
-1.867 9.359 6.129
-0.152 12.577 5.155
-0.421 12.720 1.422
-2.791 15.003 -0.437
-5.557 12.423 -0.796
-5.420 10.893 2.706
-3.825 13.675 4.791
-5.025 15.931 7.553
-7.573 17.872 5.559
-9.404 14.536 4.888
-9.144 12.897 8.262
-12.572 14.256 9.286
-14.304 11.846 6.859
-13.322 8.651 8.762
-12.645 10.456 12.042
-15.191 13.240 12.451
-13.763 14.303 15.822
-11.028 15.922 13.697
-13.417 18.956 13.707
-13.936 18.809 17.485
-13.818 21.478 20.175
-10.483 20.430 21.624
-8.214 19.404 18.756
-4.409 19.458 18.643
-1.971 20.831 17.714
-2.452 24.590 18.072
-0.439 27.739 17.670
0.751 29.031 20.989
0.430 32.819 20.843
2.687 34.013 23.623
0.972 37.369 24.002
-2.245 35.397 24.776
-0.820 33.029 27.408
-2.276 33.189 31.056
-0.598 32.589 34.452
-2.312 30.371 37.013
-0.996 30.043 40.531
-2.400 26.480 40.610
0.236 25.357 38.104
3.333 23.645 39.492
6.770 22.738 38.177
6.755 19.762 35.892
7.891 16.577 37.522
9.452 14.048 35.136
10.741 11.002 37.088
12.567 9.072 34.380
15.669 7.775 36.132
14.483 4.156 36.338
12.992 4.106 32.833
13.317 0.888 30.851
13.087 1.227 27.065
12.092 -1.963 25.349
11.978 -1.644 21.550
11.455 0.743 18.633
8.587 0.084 16.206
7.611 1.518 12.783
3.837 1.763 13.123
3.235 3.093 9.608
2.762 6.680 10.913
5.979 7.455 12.760
8.236 5.342 14.908
7.714 4.684 18.605
10.207 3.957 21.378
8.263 1.777 23.808
8.762 1.686 27.545
7.874 -0.757 30.282
4.787 0.853 31.820
3.812 -2.000 34.130
5.016 0.045 37.098
6.240 3.582 37.879
9.675 3.452 36.298
9.019 6.548 34.112
6.309 8.879 35.387
4.996 12.382 34.912
3.344 14.308 37.758
2.609 17.855 38.779
2.701 20.609 36.174
-1.049 21.031 35.447
-1.880 17.487 36.520
-3.585 15.790 39.431
-2.450 12.175 39.136
0.420 9.932 38.074
1.047 9.374 34.375
3.194 6.525 33.108
5.340 6.875 29.951
4.191 4.308 27.387
6.110 5.491 24.347
7.622 8.475 22.587
7.622 9.308 18.907
8.304 12.245 16.584
6.763 14.360 13.868
8.845 16.079 11.195
8.608 17.835 7.869
10.040 17.479 4.405
12.592 20.282 4.805
14.118 21.766 7.929
11.964 24.915 7.939
8.825 22.940 8.863
7.749 19.827 10.777
6.595 20.719 14.258
2.918 20.276 15.064
2.664 22.975 17.714
3.896 26.386 16.640
5.035 29.299 18.849
3.877 32.667 17.476
3.527 30.859 14.181
7.176 29.625 14.227
7.671 26.063 12.964
10.521 23.906 14.263
12.082 21.076 12.269
10.437 18.343 14.328
8.561 17.651 17.589
8.946 14.897 20.155
5.846 13.521 21.902
6.301 11.701 25.184
2.945 9.931 25.659
1.680 9.149 29.170
-1.478 7.664 30.654
-3.147 8.163 34.046
-2.577 5.080 36.232
-6.010 5.303 37.854
-7.629 4.073 34.683
-5.657 0.800 34.761
-4.524 0.847 31.147
-3.916 3.132 28.213
-7.146 2.352 26.385
-9.464 3.096 29.336
-7.384 6.262 29.981
-7.632 7.450 26.328
-11.446 7.714 26.676
-11.276 10.180 29.605
-10.669 13.960 29.551
-7.936 13.608 32.160
-6.636 10.251 30.883
-3.575 11.146 28.786
-0.753 13.637 29.122
1.701 14.357 26.368
4.924 16.326 26.786
5.911 18.011 23.541
9.501 19.048 22.897
10.553 21.024 19.861
13.616 20.024 17.809
15.392 23.090 16.463
17.690 22.606 13.478
21.264 23.577 14.251
23.750 21.576 16.331
23.787 17.785 16.159
22.362 16.071 19.213
24.236 13.068 20.599
21.318 11.678 22.607
19.102 11.782 19.540
21.799 10.072 17.486
21.302 6.950 19.509
17.657 6.805 18.312
18.567 7.643 14.740
21.276 4.918 14.690
18.455 2.281 15.080
16.177 3.482 12.298
17.814 1.385 9.565
16.430 -1.706 11.434
12.810 -0.482 11.195
12.579 0.963 7.713
9.179 -0.495 6.887
5.801 -0.691 8.584
5.525 -3.367 11.261
9.220 -3.790 11.784
10.567 -3.614 15.313
14.026 -3.705 16.876
15.388 -4.085 20.347
16.237 -0.750 21.977
17.518 -1.014 25.560
18.828 1.587 27.962
17.594 4.755 26.363
17.033 7.482 28.929
14.052 9.570 27.758
15.261 12.377 29.953
18.153 12.788 27.589
15.756 14.330 25.089
14.637 17.146 27.459
15.914 20.695 27.801
17.531 21.553 31.110
14.624 23.724 32.347
11.060 22.568 32.030
9.091 25.761 31.637
5.926 24.913 29.703
2.624 25.854 28.180
-0.454 23.746 28.742
-3.900 23.402 27.281
-6.619 20.701 26.871
-6.450 18.943 23.559
-6.301 15.726 21.618
-4.122 13.115 20.031
-2.698 14.556 16.806
-3.302 11.390 14.780
-6.465 9.344 14.302
-8.388 8.506 16.459
-7.839 12.161 17.502
-9.346 11.493 20.931
-9.951 14.566 23.122
-8.260 13.050 26.211
-4.865 14.823 26.259
-3.509 17.386 28.675
-0.765 18.985 26.560
2.473 20.119 28.158
4.588 21.869 25.517
8.120 22.732 26.681
9.241 26.263 25.903
12.910 25.400 25.237
13.750 23.268 22.128
16.406 20.596 21.983
18.738 20.622 18.942
19.005 18.463 15.830
21.337 18.849 12.865
20.272 19.110 9.288
22.122 15.844 8.580
20.249 14.145 11.442
16.962 15.305 10.052
17.672 13.398 6.812
17.460 10.143 8.710
13.860 10.614 9.882
12.847 10.951 6.214
14.232 7.520 5.273
11.473 5.601 7.026
8.664 4.086 4.925
4.947 4.390 5.836
4.223 1.068 4.135
5.202 -2.530 4.738
7.820 -4.591 2.970
6.543 -5.611 -0.459
3.903 -2.837 -0.655
4.499 0.295 -2.763
7.030 2.551 -0.992
5.986 5.866 0.398
8.684 7.516 2.495
7.904 9.469 5.652
8.996 12.788 4.145
6.515 14.551 6.438
4.080 13.402 9.160
2.817 16.509 10.876
-0.738 17.788 11.412
-1.015 21.590 11.164
-2.322 23.910 13.855
-6.058 23.632 14.562
-8.317 26.364 15.966
-7.963 27.134 19.683
-11.764 27.693 20.022
-11.392 29.740 23.238
-9.392 27.162 25.189
-7.034 28.733 27.672
-3.268 28.289 27.153
-1.556 28.632 30.506
2.182 29.101 31.096
4.481 28.096 33.897
6.201 29.904 35.517
4.377 32.428 33.403
