177.718 362.639 257.626
177.174 364.687 260.786
179.861 367.444 259.969
178.160 368.062 256.619
174.725 368.321 258.196
176.028 370.416 261.065
177.718 372.989 258.925
174.842 373.329 256.553
172.710 374.004 259.587
175.364 376.442 260.942
175.725 378.111 257.531
172.041 378.978 257.100
171.681 379.860 260.812
174.369 382.636 260.558
174.064 386.410 260.728
177.250 387.073 262.914
181.021 386.593 262.647
182.604 386.365 259.171
184.838 383.214 259.469
181.845 381.005 260.648
179.887 381.311 257.383
182.882 381.390 255.200
184.402 378.167 256.602
181.008 376.566 256.705
180.335 377.263 253.001
183.732 375.862 252.061
183.358 372.570 253.779
179.726 372.130 252.456
180.839 372.969 249.011
183.794 370.560 249.063
181.869 367.627 250.474
178.430 367.963 248.845
179.604 367.818 245.238
182.098 365.003 245.981
179.042 363.150 247.502
176.132 362.242 245.464
173.863 364.463 247.749
172.002 366.821 245.337
168.685 367.153 247.238
170.046 368.681 250.485
172.252 371.006 248.540
169.065 372.132 246.837
167.261 372.528 250.171
170.312 374.500 251.455
170.189 376.744 248.499
166.397 377.170 248.924
166.664 377.898 252.570
169.673 380.236 252.267
168.300 382.456 249.443
167.291 386.058 250.385
169.342 385.935 253.616
172.337 387.768 254.815
175.747 386.192 254.464
175.050 384.885 250.950
177.546 382.774 249.339
174.960 382.155 246.462
175.623 384.016 243.242
172.833 384.067 240.705
171.333 387.504 241.270
172.349 388.424 244.741
174.085 391.441 246.320
173.541 390.629 249.977
176.762 388.632 250.203
179.260 389.250 253.038
181.261 385.935 252.538
184.440 385.772 250.485
183.143 382.601 248.638
180.757 383.255 245.819
179.626 379.665 245.256
177.056 377.603 247.246
174.262 378.040 244.635
172.765 374.841 243.113
175.111 374.489 239.992
175.609 372.600 236.786
179.205 371.469 237.564
177.374 369.301 240.069
176.086 367.115 237.262
179.540 365.930 236.033
181.132 365.261 239.453
177.957 363.492 240.801
177.399 361.600 237.496
180.808 360.130 236.839
180.751 358.878 240.439
177.104 357.689 240.055
177.967 355.799 236.907
180.902 354.141 238.535
178.972 353.144 241.621
175.885 351.911 239.827
177.961 349.862 237.345
180.178 348.172 240.005
177.276 347.376 242.310
175.002 346.026 239.487
177.579 343.518 238.404
178.287 342.599 242.144
174.692 342.061 243.183
173.987 339.870 240.186
176.937 337.496 240.709
176.649 337.115 244.457
172.892 336.380 244.409
173.272 333.746 241.504
175.807 331.525 243.159
174.006 331.464 246.504
177.207 331.421 248.566
176.354 331.771 252.253
173.494 333.935 253.629
175.968 336.666 254.786
177.352 337.608 251.348
173.751 338.324 250.280
173.423 340.791 253.163
176.771 342.450 252.270
175.221 342.899 248.659
172.130 344.643 249.993
174.189 346.769 252.532
176.031 348.234 249.431
172.614 349.568 248.084
171.818 351.234 251.447
175.199 353.107 251.219
174.396 354.167 247.588
170.863 355.110 248.307
171.341 357.249 251.547
174.046 359.001 249.771
171.974 360.106 246.781
169.300 360.909 249.428
166.504 358.517 248.655
164.603 357.633 251.886
162.210 354.784 251.019
164.513 353.018 248.621
167.334 352.974 251.226
165.113 351.634 253.881
163.465 348.780 252.054
166.694 347.666 250.380
168.263 347.381 253.759
165.235 345.914 255.491
165.655 342.691 253.438
168.792 341.989 255.556
166.650 342.077 258.723
164.071 339.707 257.297
167.071 337.437 256.445
168.253 337.866 260.010
170.849 335.230 260.786
173.370 337.582 262.590
172.694 340.725 264.642
174.667 342.639 261.974
171.458 343.026 259.929
170.042 345.251 262.773
173.254 347.338 262.897
172.826 348.338 259.231
169.099 349.097 259.976
170.106 351.225 262.939
172.896 353.200 261.185
170.793 354.155 258.099
167.863 355.807 260.083
170.476 357.855 261.721
172.241 359.269 258.697
169.035 360.279 256.973
167.643 361.708 260.249
170.122 364.454 260.674
169.883 365.507 256.994
166.176 365.980 256.840
165.884 367.108 260.548
162.920 364.734 261.176
161.704 363.712 264.615
158.752 361.505 263.922
159.421 358.655 261.503
163.000 358.834 262.785
161.545 358.214 266.399
159.330 355.438 265.035
162.066 353.532 263.184
164.469 354.255 266.116
162.017 352.530 268.556
161.048 349.655 266.209
164.622 348.586 265.450
165.757 349.048 269.088
162.957 347.054 270.697
162.736 344.259 268.028
164.141 340.706 268.723
167.355 341.170 270.804
167.830 344.515 272.658
171.269 344.697 274.429
173.513 347.206 276.254
175.687 347.428 273.089
177.600 350.659 272.830
176.689 352.524 269.627
173.096 351.367 269.499
172.849 353.034 272.950
174.873 356.213 272.036
172.611 356.777 269.032
169.394 355.962 270.963
170.428 358.304 273.787
171.152 361.486 271.723
168.053 360.999 269.526
165.684 360.588 272.484
167.122 363.892 273.891
166.416 365.605 270.547
162.721 364.635 270.361
161.688 365.254 273.950
163.261 368.682 274.044
161.149 369.191 270.908
157.868 368.097 272.609
158.590 370.390 275.541
158.135 367.850 278.375
161.990 368.404 278.797
162.396 366.186 281.958
162.168 362.988 279.766
164.961 364.315 277.601
167.076 364.897 280.596
166.743 361.393 281.956
168.669 359.808 279.147
170.673 362.711 277.530
172.415 364.173 280.616
173.820 360.666 281.384
176.465 359.465 279.051
178.632 356.421 278.883
180.487 357.641 275.792
183.811 359.360 276.652
184.997 359.406 273.127
183.342 360.235 269.737
180.788 358.313 267.672
181.907 360.326 264.577
178.837 360.526 262.330
176.220 359.714 264.973
177.537 362.835 266.792
180.861 364.548 267.665
182.218 363.959 271.253
182.147 367.803 271.885
178.625 368.179 270.473
176.837 365.583 272.803
178.803 366.594 275.679
177.980 370.301 275.483
174.292 369.367 274.813
174.086 367.098 277.951
175.579 369.799 280.232
173.291 372.540 278.774
170.014 370.398 279.230
171.507 369.584 282.647
171.433 373.161 283.651
168.032 374.050 282.256
165.822 371.205 283.381
167.225 369.793 286.568
167.333 371.013 290.086
170.191 372.562 291.982
170.208 369.593 294.323
170.731 367.535 291.069
173.381 369.988 289.825
175.703 369.568 292.803
175.088 365.800 292.648
175.757 364.944 289.109
176.288 367.905 286.699
179.699 369.132 288.032
180.687 365.945 289.952
180.548 363.307 287.214
184.136 362.326 286.390
183.556 362.764 282.640
182.725 366.455 283.055
186.026 366.883 284.859
188.209 365.820 281.914
185.976 368.110 279.673
186.194 371.369 281.832
190.014 370.855 281.633
190.336 372.380 278.184
187.003 374.093 277.409
184.907 376.319 279.620
183.604 378.420 276.708
180.544 376.229 277.044
179.666 378.486 280.029
177.609 375.742 281.476
180.318 373.289 282.636
181.831 376.230 284.429
180.246 379.662 284.634
176.413 378.968 284.925
176.869 375.766 286.971
179.019 377.803 289.522
176.421 380.522 289.346
173.598 378.194 290.210
175.457 376.648 293.064
176.460 379.992 294.568
172.835 381.032 294.252
173.497 384.374 292.376
171.336 386.448 290.193
173.935 389.342 290.027
176.096 387.015 287.969
173.572 384.813 286.346
171.709 386.842 283.779
174.726 388.352 282.003
176.132 384.787 281.567
172.962 383.339 280.201
172.895 385.776 277.238
176.452 385.099 276.402
175.729 381.337 276.534
172.522 381.705 274.371
174.494 383.316 271.529
177.677 381.055 271.774
176.193 377.577 272.222
172.300 377.551 271.760
172.027 379.434 268.425
174.968 377.509 266.633
173.294 374.272 267.797
170.791 372.369 265.611
168.652 371.499 268.504
168.524 374.226 271.081
167.812 377.103 268.644
164.201 376.027 268.458
