54.466 53.048 13.965
57.417 51.254 15.559
57.334 50.713 19.324
57.454 47.971 21.957
54.000 46.454 22.444
53.295 44.382 25.555
52.458 40.857 24.440
52.331 38.720 27.547
54.057 36.935 30.367
56.010 33.791 30.747
55.152 32.345 34.141
56.886 29.448 35.821
59.919 30.577 37.815
59.652 30.918 41.605
62.367 33.531 42.085
63.814 36.618 40.369
64.585 36.055 36.686
68.267 36.992 36.651
69.270 36.409 33.041
67.756 35.628 29.649
69.420 34.146 26.568
68.191 33.880 23.007
69.404 32.275 19.769
68.982 32.469 16.011
69.144 28.714 15.822
65.797 28.245 17.431
63.746 31.385 17.426
60.888 29.709 19.241
62.936 29.087 22.415
64.111 31.235 25.345
66.469 30.417 28.210
65.919 32.044 31.577
68.015 31.881 34.730
66.573 32.417 38.218
67.124 32.837 41.965
64.989 29.680 42.275
68.220 27.906 41.299
66.871 26.671 37.936
67.319 27.440 34.254
64.138 27.129 32.186
63.922 26.472 28.439
60.697 28.038 27.242
58.786 27.075 24.087
57.219 30.170 22.566
53.696 29.720 21.206
52.978 33.420 20.971
49.351 32.761 21.695
47.397 35.414 23.520
46.703 33.608 26.765
50.124 32.040 27.110
52.976 33.547 25.252
54.935 30.440 26.090
55.268 27.572 28.501
58.240 26.026 30.292
59.471 23.081 28.254
62.399 21.958 30.375
63.435 22.802 33.931
67.189 22.311 34.382
67.944 21.339 38.030
71.402 21.212 39.564
72.817 24.479 40.867
72.790 24.761 44.676
72.203 28.530 44.832
70.978 31.453 42.687
71.620 31.107 38.958
73.139 34.448 37.945
73.643 34.237 34.131
72.917 31.924 31.188
74.023 31.613 27.529
73.235 29.393 24.521
75.847 27.745 22.289
75.930 28.925 18.663
74.396 25.608 17.495
71.548 26.117 19.969
71.961 22.722 21.583
73.818 23.597 24.813
73.100 25.937 27.694
75.824 27.488 29.808
75.104 28.921 33.241
76.849 30.435 36.236
75.765 30.321 39.903
76.340 31.768 43.359
77.206 28.133 44.220
80.698 28.823 42.792
80.323 26.903 39.573
79.409 26.918 35.935
77.411 24.162 34.265
77.135 23.118 30.632
73.785 21.491 29.796
72.669 19.331 26.939
69.354 20.955 26.005
68.149 17.697 24.403
68.620 15.565 27.499
68.236 18.355 30.048
71.283 17.089 31.955
74.596 18.715 32.910
77.506 17.472 30.808
80.299 19.403 32.515
80.846 21.327 35.745
83.348 24.108 35.883
84.971 24.225 39.245
87.610 26.611 40.385
86.085 29.879 41.419
86.200 30.488 45.139
83.325 32.961 45.339
79.886 33.515 43.824
80.032 33.503 39.985
78.142 36.575 38.712
78.669 36.296 34.939
79.459 33.806 32.158
79.794 33.946 28.351
80.693 31.988 25.197
83.217 33.177 22.621
81.814 33.674 19.102
83.365 30.367 18.034
82.311 28.666 21.289
85.792 27.253 21.956
86.368 29.632 24.847
84.299 30.364 27.968
84.792 33.389 30.234
83.389 34.093 33.718
83.556 36.655 36.505
83.220 36.038 40.276
83.016 37.603 43.746
86.506 36.136 44.192
87.701 39.117 42.100
89.011 36.982 39.242
88.096 36.488 35.591
88.695 32.954 34.353
88.966 31.417 30.873
87.970 27.770 30.301
87.809 25.352 27.453
84.628 23.442 26.694
85.796 20.434 28.691
85.586 22.311 31.982
89.279 23.070 32.397
90.372 26.486 33.581
92.966 27.784 31.208
93.813 31.170 32.575
93.181 33.128 35.727
93.069 36.806 35.025
94.035 38.631 38.147
96.956 40.851 37.271
96.058 44.467 37.554
92.599 43.011 37.820
89.565 44.396 39.582
90.082 45.008 43.315
86.465 44.204 44.097
83.788 41.828 42.854
83.693 41.431 39.081
80.044 41.673 38.127
79.957 41.227 34.322
82.334 39.984 31.599
81.790 39.742 27.769
83.638 39.067 24.481
83.965 41.645 21.726
82.724 40.203 18.411
85.225 42.386 16.535
87.574 40.003 14.659
90.368 42.585 14.476
90.600 43.359 18.209
89.946 40.151 20.173
89.339 41.406 23.708
87.174 40.664 26.703
85.490 43.488 28.599
84.783 43.380 32.341
82.993 45.635 34.811
83.310 45.567 38.576
82.402 46.877 41.982
85.630 48.897 41.939
83.598 51.217 39.660
85.870 50.575 36.640
85.507 49.026 33.174
88.475 46.999 31.958
89.520 45.792 28.500
91.724 42.708 28.259
93.638 41.578 25.174
92.664 37.982 24.534
95.967 36.801 23.024
98.003 37.198 26.181
95.347 37.999 28.686
96.992 41.237 29.699
95.134 44.377 30.654
94.750 46.811 27.756
92.618 49.632 29.160
91.042 50.719 32.452
88.174 53.118 32.161
87.359 55.357 35.054
84.381 57.598 35.327
81.602 55.810 37.075
80.845 57.109 40.529
79.226 53.905 41.781
79.622 50.133 41.496
78.690 48.419 38.237
76.129 45.640 37.676
76.270 45.116 33.959
77.910 45.614 30.601
76.978 45.084 26.942
78.896 45.084 23.661
77.771 46.419 20.250
77.072 43.806 17.564
79.908 45.406 15.545
82.189 45.488 18.626
82.777 49.236 18.428
80.773 50.195 21.559
80.665 48.989 25.154
77.943 50.206 27.515
78.328 49.981 31.306
75.828 50.568 34.066
75.211 50.324 37.757
74.532 52.170 40.966
74.846 55.657 39.553
71.972 56.067 37.187
74.375 56.672 34.300
75.093 54.363 31.401
78.460 55.247 29.879
79.487 54.385 26.310
83.094 53.532 25.584
84.841 53.330 22.197
86.447 49.892 21.892
88.427 50.897 18.817
89.733 54.139 20.070
90.751 55.156 23.502
87.843 56.399 25.536
84.505 57.642 26.674
82.129 58.737 24.002
79.063 59.913 25.829
76.815 59.058 28.721
73.091 58.456 28.901
71.205 59.156 32.120
68.909 56.264 32.989
66.638 57.230 35.858
67.889 54.850 38.510
70.195 51.974 39.499
70.945 49.982 36.347
70.288 46.219 36.573
70.837 45.172 32.933
72.015 46.551 29.575
71.623 45.128 26.087
72.066 46.416 22.477
69.416 45.604 19.952
70.866 43.276 17.278
69.127 45.002 14.348
68.576 48.601 15.492
70.867 51.286 16.824
69.232 51.071 20.212
70.485 50.439 23.711
68.121 49.233 26.434
68.695 49.789 30.142
66.722 47.927 32.764
66.641 49.984 35.957
64.982 49.632 39.301
62.156 51.848 38.139
61.767 51.133 34.439
63.075 49.803 31.157
64.478 52.653 29.096
65.192 52.183 25.394
67.695 54.694 24.051
68.064 55.618 20.406
71.759 55.952 19.909
71.462 58.044 16.781
69.736 60.839 18.636
70.565 60.174 22.296
66.822 60.461 22.589
64.438 58.099 24.406
62.482 55.660 22.231
60.362 54.232 25.018
60.019 53.866 28.766
58.475 50.531 29.611
56.625 50.404 32.927
54.391 47.354 33.091
51.058 47.260 34.818
51.825 45.180 37.874
49.010 42.675 38.396
48.783 43.143 42.157
48.439 46.421 44.039
50.204 49.489 45.433
49.879 48.921 49.180
53.158 49.111 51.098
54.856 47.291 48.222
57.790 48.335 46.037
57.158 47.956 42.305
59.038 44.861 41.082
62.384 45.640 39.389
63.369 44.466 35.932
66.449 42.369 36.648
67.264 41.081 33.144
66.908 41.759 29.426
67.310 40.000 26.102
66.301 40.632 22.497
65.267 37.822 20.181
68.041 37.110 17.611
66.078 39.049 14.954
65.414 42.035 17.217
61.601 41.966 16.974
60.924 40.735 20.496
62.153 42.079 23.828
62.153 39.730 26.839
62.436 41.219 30.356
62.802 39.277 33.596
61.498 40.714 36.884
61.820 40.458 40.671
58.219 39.163 40.776
59.434 35.977 39.089
57.880 36.719 35.705
59.233 37.245 32.215
57.406 39.978 30.320
57.341 40.155 26.534
57.167 43.156 24.173
56.925 42.970 20.377
58.270 45.764 18.174
55.283 47.151 16.271
