5.498 1.166 -0.706
7.088 -0.110 2.514
5.437 -3.446 1.752
7.585 -4.112 -1.274
10.745 -2.609 0.162
10.370 -4.857 3.203
9.982 -7.922 0.995
13.091 -7.121 -1.078
15.346 -6.521 1.944
14.187 -9.789 3.482
14.675 -11.653 0.147
18.233 -10.436 -0.473
19.364 -10.364 3.187
17.319 -12.991 5.012
16.404 -10.682 7.926
13.331 -8.860 9.263
13.540 -5.434 7.684
12.073 -4.065 10.960
14.234 -5.936 13.509
17.459 -5.386 11.571
17.252 -1.945 9.940
14.122 -0.627 11.677
16.122 2.183 13.200
19.785 1.798 12.287
22.481 4.488 12.329
21.793 7.859 10.705
19.735 6.816 7.667
18.227 3.325 7.910
14.593 3.069 8.938
14.583 6.612 10.357
13.835 10.153 9.146
16.048 12.378 7.050
19.634 11.857 5.910
22.754 12.286 8.073
26.493 11.649 7.652
26.563 7.805 7.595
28.222 5.864 10.436
28.912 2.632 8.547
28.568 1.013 5.117
25.054 -0.240 5.952
24.276 3.423 6.896
25.552 4.671 3.555
23.151 2.262 1.786
20.147 3.941 3.236
21.659 7.417 2.751
22.003 6.761 -0.997
18.533 5.224 -0.933
17.007 8.418 0.488
18.509 10.527 -2.316
16.995 8.143 -4.830
13.712 9.119 -3.198
14.538 12.874 -3.132
14.436 12.790 -6.963
11.136 10.939 -6.967
8.454 13.446 -7.702
5.264 11.927 -9.065
5.502 8.924 -6.747
4.806 8.498 -3.054
7.810 6.373 -2.469
6.553 5.497 1.012
3.192 4.243 -0.200
2.984 3.641 -3.965
2.302 -0.007 -4.737
4.418 -1.501 -7.430
5.002 -4.950 -8.864
8.263 -6.833 -9.174
9.242 -10.483 -9.400
11.832 -12.913 -8.128
13.270 -14.588 -11.238
16.336 -16.901 -11.243
17.085 -15.488 -7.753
17.002 -11.865 -8.991
14.502 -9.053 -8.433
13.028 -8.075 -11.778
10.914 -4.938 -11.579
7.591 -4.911 -13.451
7.152 -2.301 -16.105
4.772 0.306 -14.712
5.511 4.011 -15.195
8.990 5.575 -15.144
8.418 6.920 -11.627
7.384 3.540 -10.290
10.179 1.905 -12.261
12.649 4.211 -10.614
11.067 3.591 -7.211
11.381 -0.127 -7.702
15.026 0.313 -8.716
15.901 2.309 -5.615
14.520 -0.415 -3.424
16.282 -3.231 -5.303
19.589 -1.405 -5.065
19.075 -0.920 -1.328
18.057 -4.483 -0.713
21.266 -5.363 -2.604
23.504 -2.785 -1.009
22.318 -4.032 2.361
23.076 -7.674 1.701
26.528 -6.655 0.436
27.453 -4.997 3.717
26.371 -7.544 6.331
30.018 -8.285 7.120
30.060 -4.996 9.116
26.551 -4.729 10.438
27.161 -3.357 13.937
24.223 -3.703 16.383
26.196 -1.110 18.340
24.564 1.362 15.942
21.115 -0.228 16.308
19.460 3.071 17.270
16.742 1.655 19.530
19.628 0.729 21.826
20.715 4.216 22.544
20.079 6.336 19.449
23.093 7.868 17.688
24.381 11.409 17.474
24.372 12.174 13.842
26.289 14.787 11.966
24.926 16.792 9.001
24.693 15.003 5.634
26.393 15.977 2.368
24.299 17.482 -0.436
22.820 14.428 -2.228
