34.985 77.409 72.303
35.358 74.078 70.398
32.343 72.614 68.478
30.119 75.578 69.026
28.649 78.081 66.530
28.293 81.851 66.133
26.080 83.526 68.762
23.448 86.092 67.603
23.895 89.617 68.879
22.272 89.930 72.298
22.329 86.167 72.980
24.318 86.367 76.236
24.211 90.028 77.389
26.183 89.293 80.609
29.171 88.012 78.686
32.091 90.471 78.722
35.505 90.314 76.966
38.562 91.225 79.034
41.470 93.009 77.298
45.034 93.432 78.502
47.736 95.061 76.335
45.143 95.226 73.503
44.392 91.402 73.385
41.102 89.830 74.560
42.614 87.355 77.001
39.722 86.063 79.111
35.914 86.247 79.436
33.939 87.532 82.484
30.298 87.830 83.573
28.468 91.014 84.541
26.787 90.456 87.915
25.705 94.074 88.772
25.990 97.538 87.263
29.676 97.700 88.216
31.086 94.249 89.081
32.312 91.384 86.918
33.081 87.768 87.972
36.022 86.143 86.159
38.729 83.550 86.924
41.645 84.299 89.342
44.240 82.647 87.019
43.437 85.194 84.327
44.472 88.214 86.554
46.653 86.585 89.234
50.117 88.287 89.400
48.989 91.085 87.004
46.011 92.727 88.847
47.621 95.443 90.929
47.699 98.047 88.119
44.051 97.318 87.379
43.757 100.111 84.685
45.757 97.867 82.315
42.557 95.848 82.036
39.683 96.915 79.850
36.187 95.286 79.736
34.131 95.479 76.654
30.455 94.945 77.380
27.801 94.289 74.689
30.535 92.703 72.489
29.604 90.337 69.647
32.276 90.323 66.952
35.804 91.498 67.694
36.269 92.933 64.191
32.976 94.928 64.155
34.491 98.357 64.913
31.366 100.486 64.296
29.200 98.686 66.897
26.982 101.138 68.748
26.045 98.632 71.423
29.423 97.842 72.860
30.627 99.989 75.736
34.242 99.971 77.037
35.090 100.331 80.797
38.508 100.470 82.477
38.869 98.193 85.465
39.934 99.989 88.695
39.966 97.135 91.205
40.652 93.384 90.921
40.207 91.091 93.924
41.268 87.518 93.688
39.470 84.982 95.866
41.306 84.839 99.238
41.445 81.021 99.075
42.751 80.821 95.552
45.478 78.182 95.212
47.324 78.510 91.925
49.132 75.203 92.085
45.932 73.228 92.774
43.743 75.428 90.539
41.318 75.573 93.494
39.031 78.578 94.136
39.772 79.994 90.714
37.531 83.118 90.819
38.090 86.929 90.942
35.942 90.107 91.239
36.685 93.059 88.877
35.193 96.546 89.370
34.097 98.711 86.448
35.476 102.302 86.811
32.008 103.581 85.980
28.652 101.808 86.091
26.911 100.518 82.967
23.305 101.130 81.999
21.563 97.905 81.048
20.262 97.358 77.446
19.221 94.359 75.341
22.979 93.824 74.905
24.215 94.501 78.445
22.533 92.743 81.400
23.668 91.094 84.659
23.287 87.354 85.247
21.785 86.084 88.524
23.937 84.216 91.091
22.603 80.795 92.051
19.541 80.753 94.399
20.185 79.437 97.886
20.462 75.632 97.688
19.883 75.705 93.944
20.785 72.377 92.400
22.473 72.164 89.038
21.985 68.471 88.353
24.507 66.211 86.605
23.125 65.373 83.181
21.473 68.772 82.624
22.707 70.842 79.592
24.117 74.324 80.437
25.705 76.781 77.937
29.145 78.288 77.561
30.314 81.210 75.333
33.641 82.953 74.619
36.140 84.218 72.034
38.787 81.697 72.754
40.254 79.037 70.410
37.885 77.209 68.128
40.020 74.043 68.124
42.706 72.962 70.573
45.930 74.866 69.688
43.883 76.719 67.026
43.048 80.385 66.672
40.784 82.769 68.543
37.182 83.436 67.382
36.138 86.810 65.903
32.397 86.187 66.457
31.393 85.121 69.964
30.972 81.286 70.016
28.346 79.420 72.048
27.772 75.710 72.818
25.689 73.584 75.219
27.408 71.014 77.481
25.982 68.586 80.084
27.061 68.759 83.730
28.913 65.824 85.367
28.905 64.777 88.988
32.210 65.623 90.812
32.722 61.875 91.418
32.653 61.215 87.692
34.783 64.250 86.935
37.428 63.184 89.465
37.586 59.684 87.851
38.134 61.267 84.458
40.664 63.743 85.824
42.722 61.656 88.291
45.787 63.796 87.597
43.979 66.813 89.140
42.389 67.554 92.476
38.675 68.050 91.644
37.226 69.778 94.744
33.810 70.880 96.072
34.765 74.292 94.576
34.582 73.027 91.002
31.808 71.859 88.725
32.534 69.945 85.504
30.821 69.777 82.094
31.455 67.994 78.796
30.399 65.033 76.586
31.622 61.458 76.838
32.348 61.550 73.067
34.138 64.905 73.417
33.959 67.484 70.605
32.377 70.494 72.392
34.193 72.362 75.177
35.684 75.638 76.443
39.206 76.275 75.366
42.214 78.741 75.720
40.936 82.315 75.820
37.533 81.250 77.143
38.733 81.211 80.766
36.838 83.581 83.074
33.620 83.222 80.953
30.306 81.880 82.311
28.940 78.343 82.493
25.304 79.271 82.591
22.254 77.137 83.467
18.549 77.865 82.923
15.846 77.171 85.466
12.197 78.266 85.285
12.960 80.572 82.318
15.878 82.366 84.070
19.696 82.007 83.667
22.052 81.521 86.546
25.817 81.749 86.703
26.685 78.135 87.684
30.417 78.197 86.976
33.399 80.174 85.758
35.605 78.664 83.047
38.768 77.418 84.812
40.805 74.612 83.293
40.916 71.257 81.574
43.245 68.810 79.912
43.665 70.044 76.324
40.127 70.807 74.972
37.164 68.700 73.664
38.797 65.265 74.189
36.503 62.313 74.806
35.980 61.663 78.547
37.885 64.783 79.568
35.438 67.354 80.825
35.963 71.151 81.163
36.377 72.235 84.788
34.673 75.448 86.078
34.812 77.246 89.412
31.438 76.376 91.185
29.825 79.757 91.747
27.373 78.654 94.403
30.401 78.132 96.670
31.339 81.849 96.228
27.940 83.567 96.248
28.395 85.010 99.800
31.829 86.377 98.863
30.711 87.788 95.488
27.726 89.416 97.285
30.037 91.021 99.768
31.162 93.500 97.017
27.738 94.500 95.677
25.539 97.654 95.484
