-1.901 -14.429 -29.901
1.607 -15.882 -29.571
0.696 -17.412 -32.917
1.587 -14.024 -34.432
5.198 -14.607 -33.350
5.671 -18.321 -33.980
3.711 -20.319 -36.550
2.887 -24.011 -36.266
5.446 -24.694 -39.006
8.209 -22.846 -37.147
7.279 -24.596 -33.879
7.740 -28.019 -35.507
10.971 -26.997 -37.267
12.328 -26.009 -33.848
11.121 -29.114 -31.950
11.977 -31.249 -34.972
12.493 -34.775 -33.656
10.415 -34.671 -30.466
8.017 -37.253 -31.904
10.668 -39.720 -33.055
10.149 -43.232 -31.714
13.164 -42.930 -29.432
11.487 -40.117 -27.475
9.681 -40.810 -24.202
7.159 -38.007 -24.782
6.408 -38.837 -28.435
2.975 -37.481 -29.341
2.590 -35.398 -26.181
3.721 -31.837 -26.923
1.511 -30.072 -29.457
1.505 -26.635 -31.005
-2.157 -26.163 -30.071
-1.375 -26.950 -26.418
1.484 -24.422 -26.512
-0.798 -21.744 -27.944
-3.590 -22.522 -25.486
-1.136 -22.338 -22.585
0.255 -19.020 -23.834
-3.274 -17.542 -23.746
-3.176 -17.838 -19.941
-0.029 -15.653 -19.850
-0.947 -12.739 -22.206
2.345 -10.908 -21.786
4.401 -13.824 -23.135
5.516 -13.062 -26.698
3.517 -9.825 -26.559
5.801 -7.547 -24.551
8.358 -5.216 -26.102
9.590 -4.772 -29.669
8.951 -7.414 -32.326
12.514 -8.584 -31.735
11.978 -8.780 -27.953
8.843 -10.848 -28.546
10.686 -13.269 -30.837
13.517 -13.660 -28.316
10.955 -14.182 -25.514
9.534 -17.156 -27.436
12.929 -18.481 -28.597
14.496 -18.231 -25.135
11.520 -19.921 -23.489
11.601 -22.806 -25.967
15.421 -23.011 -25.783
15.662 -23.270 -21.996
12.805 -25.767 -21.765
14.296 -27.707 -24.680
17.535 -28.136 -22.721
15.608 -29.366 -19.675
13.936 -32.038 -21.830
16.588 -32.720 -24.455
17.258 -36.112 -25.969
20.019 -34.863 -28.237
23.624 -35.951 -28.714
26.626 -34.664 -30.691
26.010 -36.633 -33.884
22.212 -36.548 -33.738
20.243 -35.974 -36.972
20.042 -32.213 -37.589
22.323 -31.635 -34.619
21.852 -31.830 -30.872
19.699 -28.698 -30.937
16.911 -30.374 -32.879
16.100 -32.775 -30.039
14.364 -30.698 -27.384
11.099 -31.824 -25.760
11.991 -35.512 -26.035
11.043 -36.154 -22.366
8.099 -35.125 -20.154
9.038 -36.653 -16.791
12.094 -37.422 -14.697
13.815 -40.586 -15.895
14.396 -43.360 -13.378
13.131 -44.130 -9.890
13.175 -40.409 -9.074
11.952 -39.393 -5.600
8.941 -38.095 -3.643
10.109 -34.456 -3.664
7.751 -33.757 -0.780
8.922 -31.349 1.926
7.011 -30.090 4.991
4.719 -27.230 4.029
1.488 -25.963 5.590
1.071 -23.642 2.588
1.470 -26.354 -0.085
0.875 -29.657 1.772
1.755 -32.858 -0.073
-1.139 -35.164 -0.952
-0.765 -38.766 0.281
0.635 -41.185 -2.287
1.625 -38.450 -4.743
5.146 -37.635 -5.969
6.381 -34.267 -7.262
9.247 -35.344 -9.483
10.171 -33.389 -12.590
7.343 -33.064 -15.110
6.781 -30.941 -18.198
8.975 -28.505 -20.193
10.600 -26.961 -17.117
10.650 -30.253 -15.169
8.602 -28.718 -12.366
9.624 -30.368 -9.040
8.554 -30.382 -5.339
5.190 -29.734 -3.697
6.118 -26.117 -2.963
6.375 -25.481 -6.699
3.444 -27.632 -7.848
1.376 -25.692 -5.316
1.866 -22.116 -6.576
2.002 -23.248 -10.201
-1.336 -25.016 -9.782
-2.886 -21.988 -8.123
-1.624 -19.811 -10.983
-3.321 -21.932 -13.631
-6.412 -22.899 -11.645
-5.642 -26.626 -11.357
-5.051 -28.612 -8.151
-1.588 -29.927 -8.973
-0.874 -30.929 -5.366
-3.644 -33.502 -5.513
-3.106 -34.356 -9.189
0.554 -33.702 -10.064
0.478 -36.225 -12.886
-1.571 -33.772 -14.948
1.728 -32.033 -15.724
2.745 -35.173 -17.636
-0.675 -36.181 -19.016
-2.296 -32.893 -20.154
-0.048 -30.969 -22.583
-1.831 -27.664 -22.061
-1.314 -27.900 -18.290
2.248 -29.041 -18.973
3.053 -25.939 -21.031
1.244 -23.719 -18.533
3.475 -24.843 -15.651
6.546 -23.974 -17.722
5.194 -20.553 -18.689
4.312 -19.945 -15.020
7.991 -20.472 -14.232
9.032 -18.280 -17.157
6.789 -15.431 -16.018
7.376 -15.606 -12.277
10.076 -13.710 -10.398
11.857 -15.208 -7.373
13.329 -11.980 -5.978
16.207 -11.167 -6.210
15.915 -13.311 -9.349
13.701 -11.477 -11.870
11.362 -13.484 -14.110
13.120 -14.858 -17.197
10.456 -13.065 -19.248
11.440 -9.691 -17.749
15.098 -10.277 -18.571
14.615 -11.314 -22.187
12.134 -8.526 -22.939
14.520 -5.934 -21.520
12.461 -5.020 -18.457
14.949 -6.088 -15.795
16.921 -3.458 -13.891
20.020 -5.079 -12.287
20.867 -4.135 -8.697
24.288 -3.015 -7.532
24.802 -6.593 -6.351
23.967 -7.957 -9.809
26.443 -5.593 -11.454
29.149 -6.619 -8.978
28.437 -10.286 -9.741
28.700 -9.666 -13.470
25.039 -10.484 -14.081
24.108 -8.415 -17.132
20.790 -8.635 -19.061
20.779 -11.392 -21.648
20.181 -15.100 -22.201
23.013 -15.917 -19.789
21.321 -14.529 -16.689
18.245 -16.632 -17.521
20.424 -19.752 -17.377
21.693 -18.419 -14.040
18.088 -18.025 -12.841
17.256 -21.603 -13.787
20.312 -23.560 -12.604
23.180 -21.161 -11.934
24.326 -22.813 -8.735
25.423 -25.824 -10.755
26.200 -24.294 -14.165
27.343 -20.697 -13.865
30.409 -18.770 -12.847
32.966 -21.524 -13.329
34.044 -21.057 -16.931
33.005 -23.036 -20.008
30.185 -25.445 -19.215
28.601 -27.936 -21.609
25.124 -27.495 -20.118
25.261 -23.733 -20.639
26.568 -24.307 -24.177
23.686 -26.667 -24.930
21.149 -24.035 -23.828
22.817 -21.471 -26.104
22.805 -23.927 -29.014
19.026 -24.278 -28.808
18.594 -20.521 -28.399
20.680 -19.627 -31.449
18.963 -22.243 -33.604
15.511 -21.023 -32.565
16.369 -17.342 -33.045
17.636 -18.201 -36.521
14.295 -19.870 -37.277
12.244 -16.873 -36.112
14.715 -14.515 -37.748
15.959 -12.460 -34.803
19.361 -11.485 -33.395
20.469 -13.249 -30.196
21.092 -10.142 -28.133
24.100 -9.790 -25.815
25.523 -11.695 -22.842
24.513 -15.183 -23.934
26.621 -17.089 -21.394
26.985 -17.102 -17.611
30.573 -18.442 -17.484
31.752 -15.417 -15.507
28.530 -14.624 -13.630
28.328 -15.295 -9.909
25.281 -17.537 -9.313
22.193 -16.038 -7.680
