-12.431 21.053 -7.833
-12.080 17.335 -7.270
-10.488 15.917 -10.441
-12.463 13.590 -12.670
-10.471 10.955 -14.546
-11.508 8.187 -16.923
-10.591 4.741 -18.176
-11.806 3.501 -21.552
-11.852 -0.246 -21.020
-11.566 -3.247 -23.305
-12.365 -6.831 -22.420
-10.934 -9.420 -24.787
-9.973 -6.500 -27.031
-13.552 -5.278 -27.408
-14.660 -1.932 -25.952
-16.455 -2.387 -22.621
-17.220 1.272 -21.909
-15.897 4.188 -19.882
-15.366 4.362 -16.124
-15.341 7.911 -14.723
-13.887 8.442 -11.254
-14.075 11.439 -8.960
-10.878 11.806 -6.932
-11.039 13.179 -3.366
-8.343 15.849 -3.792
-9.983 17.714 -0.921
-9.341 14.894 1.585
-6.264 13.018 0.312
-4.446 15.310 -2.122
-1.137 13.419 -2.247
-2.783 10.093 -3.061
-5.074 11.773 -5.566
-2.239 13.608 -7.292
-0.408 10.326 -7.849
-3.468 8.680 -9.410
-4.367 11.756 -11.480
-0.856 12.055 -12.896
-0.790 8.331 -13.673
-4.017 8.801 -15.643
-2.570 11.623 -17.752
0.952 10.217 -18.067
2.291 13.764 -17.684
5.330 12.879 -15.555
6.971 10.879 -18.349
9.112 7.833 -17.563
9.671 6.471 -14.067
12.878 5.251 -12.404
11.577 1.810 -13.449
11.987 2.739 -17.124
8.256 2.517 -17.878
5.926 5.437 -18.576
4.214 6.600 -15.386
0.909 5.985 -17.082
-2.009 3.595 -16.727
-2.629 3.527 -20.484
-2.268 0.000 -21.832
-2.100 -1.620 -18.398
-4.470 -4.393 -17.330
-6.733 -5.301 -14.429
-4.761 -8.373 -13.364
-6.792 -9.412 -10.317
-10.576 -9.474 -10.427
-12.676 -11.219 -7.789
-16.458 -11.302 -8.243
-18.500 -9.904 -5.337
-15.357 -8.178 -4.045
-13.189 -5.912 -6.222
-11.309 -5.273 -9.459
-7.589 -4.525 -9.111
-5.210 -2.946 -11.599
-2.413 -0.430 -11.934
0.680 -2.612 -12.265
2.245 -1.037 -15.339
5.774 -2.312 -14.629
5.191 -6.064 -14.178
1.499 -6.562 -14.956
0.996 -9.196 -12.261
0.702 -7.412 -8.918
4.401 -7.321 -8.061
5.129 -4.002 -9.760
4.059 -0.393 -10.106
5.688 2.958 -9.317
4.348 6.207 -7.825
5.146 9.771 -8.832
7.008 10.083 -5.495
9.255 7.057 -5.866
8.766 3.310 -5.466
6.202 3.591 -2.659
4.503 6.214 -0.519
2.980 6.442 2.915
-0.668 6.037 3.865
-1.968 9.605 3.780
-5.242 9.358 5.746
-7.942 6.804 6.445
-10.751 9.350 6.657
-12.764 7.687 3.885
-14.095 4.156 4.196
-15.094 1.342 1.835
-18.792 2.123 2.100
-20.316 1.243 -1.277
-19.775 -0.228 -4.743
-17.462 1.937 -6.811
-15.144 3.022 -4.002
-11.621 3.567 -5.340
-8.823 2.608 -2.971
-5.080 1.877 -2.967
-3.837 -1.680 -3.125
-0.741 -2.299 -1.018
1.610 -4.849 0.532
1.015 -3.656 4.077
1.237 -0.258 5.788
2.874 2.577 3.847
3.484 0.683 0.606
1.258 2.534 -1.872
2.579 2.532 -5.433
0.368 2.643 -8.502
-1.923 -0.340 -7.881
-5.544 0.399 -7.013
-8.843 -1.384 -6.726
-12.484 -0.607 -7.295
-14.867 -2.214 -4.799
-17.964 -3.911 -6.146
-19.431 -4.307 -2.651
-18.996 -2.478 0.654
-15.713 -3.756 2.151
-15.645 -2.616 5.772
-12.922 -5.145 6.641
-10.574 -3.054 4.475
-11.172 0.139 6.465
-7.978 1.460 8.028
-5.886 -0.860 5.831
-6.258 0.796 2.427
-6.399 4.493 1.629
-9.687 5.360 -0.082
-9.217 8.259 -2.482
-12.174 8.402 -4.847
-15.250 6.773 -6.315
-16.694 5.655 -9.625
-19.280 8.248 -10.654
-20.110 6.857 -14.122
-19.838 3.388 -15.598
-20.564 0.887 -12.833
-21.939 -1.296 -15.618
-18.414 -1.334 -17.034
-17.066 -2.402 -13.645
-19.669 -5.178 -13.531
-18.591 -6.154 -17.080
-15.066 -6.584 -15.769
-16.178 -8.402 -12.623
-17.776 -11.123 -14.744
-14.452 -12.239 -16.254
-12.923 -12.571 -12.786
-12.793 -15.642 -10.537
-12.429 -16.579 -6.868
-8.629 -16.685 -7.272
-8.591 -13.334 -9.062
-7.408 -14.774 -12.374
-9.182 -13.239 -15.382
-10.669 -15.331 -18.180
-10.294 -12.473 -20.691
-7.747 -9.647 -20.736
-9.080 -6.422 -19.206
-7.172 -3.403 -20.498
-7.188 0.332 -19.835
-7.118 1.101 -23.564
-7.188 4.852 -22.945
-7.272 7.071 -19.881
-6.917 10.684 -18.887
-8.341 13.622 -16.995
-11.618 15.335 -17.860
