26.369 71.487 131.841
28.070 68.262 130.655
26.156 64.980 130.524
29.429 63.075 130.588
33.181 63.428 130.190
35.405 61.441 127.873
38.007 59.689 130.000
39.818 57.582 127.402
39.460 55.749 124.124
41.457 53.330 122.028
41.309 51.082 119.028
43.098 47.830 118.268
43.473 45.094 115.635
43.169 41.337 116.198
44.892 38.235 114.849
43.147 36.686 111.827
42.357 33.568 113.931
39.870 35.565 116.032
38.301 37.962 113.507
35.387 39.906 114.951
36.759 40.032 118.504
38.116 43.586 118.138
36.283 45.104 121.140
38.346 42.881 123.488
41.851 44.286 122.864
40.423 47.778 122.220
38.705 47.773 125.618
41.745 46.408 127.467
43.758 49.181 125.817
41.245 51.913 126.636
40.944 50.662 130.237
44.723 50.607 130.660
44.941 54.167 129.276
42.417 55.237 131.927
44.184 53.329 134.690
41.051 51.257 135.263
40.048 47.612 135.237
36.653 46.197 134.241
35.542 46.119 137.875
35.812 49.904 137.950
33.218 50.139 135.191
29.607 50.527 136.321
27.860 49.976 132.972
29.006 48.485 129.662
27.490 48.815 126.180
29.018 46.286 123.792
27.177 46.201 120.483
25.492 42.831 119.870
25.766 42.080 116.183
25.911 38.360 116.995
25.382 36.460 120.254
28.477 34.374 119.457
30.626 37.512 119.363
28.820 39.022 122.347
29.643 35.937 124.408
33.343 36.169 123.500
33.521 39.834 124.487
31.645 39.230 127.728
33.717 36.203 128.744
37.158 37.539 127.757
36.595 40.906 129.437
34.935 39.276 132.478
31.913 41.541 132.330
29.215 40.730 134.865
25.805 40.035 133.270
24.258 42.680 135.510
26.339 45.486 133.988
26.125 44.568 130.298
23.608 46.089 127.849
21.199 46.516 130.743
18.353 47.916 128.642
18.845 45.319 125.903
21.341 45.028 123.040
21.134 45.225 119.246
19.723 41.700 119.004
16.533 43.189 120.408
16.972 46.886 119.521
18.394 46.783 115.998
21.653 47.613 114.284
21.569 50.608 111.889
25.194 50.180 110.922
26.555 53.730 110.532
24.660 54.808 113.684
25.079 51.996 116.216
28.387 53.185 117.666
26.805 56.523 118.532
23.507 54.902 119.493
25.073 52.718 122.211
26.956 55.713 123.641
23.665 57.624 123.900
21.946 54.679 125.613
24.971 54.308 127.935
24.984 57.941 129.073
21.265 58.101 129.866
21.361 54.898 131.871
24.442 56.026 133.824
22.464 59.165 134.628
19.359 57.257 135.727
21.408 54.959 137.961
23.604 57.816 139.182
26.732 55.744 138.495
30.164 57.183 137.785
31.819 55.236 134.947
30.758 53.581 131.697
32.177 51.972 128.573
31.034 51.714 124.948
32.720 49.316 122.552
32.136 47.691 119.146
33.846 46.518 115.951
35.359 48.873 113.415
35.905 46.372 110.620
36.163 42.616 111.015
39.787 42.921 112.100
39.542 45.803 114.567
37.681 47.305 117.501
37.137 50.658 119.164
36.344 51.404 122.789
35.581 54.549 124.785
35.383 55.134 128.558
33.162 57.939 129.839
32.487 59.310 133.311
29.759 61.347 134.992
