94.990 1.967 22.280
95.820 0.071 25.443
96.212 1.299 28.989
99.855 0.870 30.045
100.071 2.347 33.571
98.098 4.199 36.273
99.814 6.679 38.596
98.304 7.443 42.030
99.101 10.726 43.768
98.568 10.925 47.525
98.453 14.705 47.830
99.353 15.309 51.487
99.177 19.101 51.221
100.557 19.581 54.733
103.963 18.766 53.139
103.781 22.058 51.217
101.362 24.133 53.292
100.748 23.216 56.932
97.603 25.401 57.065
95.926 22.830 54.748
96.836 20.112 57.261
93.818 17.798 57.110
93.171 18.089 53.379
94.471 15.245 51.202
93.331 15.133 47.533
93.878 11.822 45.737
94.626 12.193 42.018
95.265 9.625 39.280
96.749 9.605 35.798
95.946 6.816 33.345
98.544 6.361 30.623
98.110 4.628 27.243
100.514 3.237 24.629
99.386 6.048 22.262
100.944 8.690 24.500
97.544 10.049 25.513
96.970 10.304 29.238
93.881 11.147 31.290
93.625 12.418 34.848
90.947 11.657 37.481
90.298 12.208 41.164
89.134 10.082 44.107
86.691 12.354 46.027
88.094 11.704 49.492
90.101 14.903 50.190
88.453 15.600 53.580
87.150 13.324 56.386
88.594 9.886 57.076
89.366 8.148 53.796
92.331 9.331 51.699
94.552 6.272 52.322
91.583 3.998 51.600
91.163 6.016 48.377
94.790 5.464 47.343
94.216 1.790 48.248
91.129 1.262 46.035
93.012 2.449 42.924
95.665 -0.195 43.756
92.803 -2.768 43.915
91.005 -1.662 40.707
93.716 -0.350 38.359
95.355 -3.781 37.744
92.111 -4.897 36.117
92.315 -2.401 33.242
96.064 -2.525 32.426
96.390 -3.802 28.856
92.738 -2.943 28.080
91.151 -0.587 25.551
90.310 2.684 27.366
87.610 3.637 24.847
85.127 1.045 26.173
84.101 3.217 29.099
80.618 1.689 29.676
82.170 -1.798 29.542
84.907 -1.019 32.059
82.360 0.716 34.378
80.035 -2.280 34.197
82.922 -4.721 34.813
83.818 -2.819 37.997
80.147 -2.850 39.038
79.568 -6.532 38.250
82.746 -8.606 38.478
84.668 -7.342 41.522
82.168 -8.532 44.179
82.175 -5.196 45.996
80.862 -3.229 43.009
77.403 -4.596 43.834
77.704 -3.696 47.551
79.947 -0.699 47.367
80.080 2.652 49.060
82.033 5.901 49.075
85.497 4.305 48.684
84.670 1.679 46.039
82.611 4.074 43.874
85.224 6.858 44.299
87.729 4.408 42.810
85.408 3.745 39.871
84.814 7.471 39.562
88.490 8.426 39.336
89.206 5.914 36.596
86.012 6.819 34.716
86.899 10.534 34.758
90.423 9.769 33.411
88.909 7.624 30.646
86.672 10.519 29.526
89.712 12.788 29.513
91.469 10.264 27.196
88.429 9.870 24.892
88.071 13.667 24.605
91.743 14.053 23.685
91.447 11.103 21.254
88.474 12.686 19.464
89.868 16.227 19.780
86.980 17.817 21.713
86.188 18.991 25.275
84.348 16.440 27.392
81.103 18.512 27.343
80.803 17.852 23.575
80.865 14.137 24.310
78.184 14.575 27.004
75.744 16.222 24.602
77.233 19.616 23.656
