23.009 6.271 20.862
20.840 4.233 18.479
18.601 7.205 17.699
21.568 9.338 16.721
23.008 6.533 14.611
19.719 6.026 12.800
19.494 9.774 12.245
23.011 9.860 10.776
22.253 6.986 8.465
18.762 7.903 7.273
17.937 11.549 8.019
21.101 13.643 7.947
21.152 13.825 4.181
18.392 16.430 4.443
18.370 17.359 8.113
22.056 17.598 9.133
22.303 19.639 12.350
18.554 19.968 12.468
18.205 21.796 9.201
16.093 21.052 6.149
17.973 21.665 2.925
14.907 20.744 0.874
12.099 22.746 2.525
13.596 25.699 4.272
10.579 26.338 6.447
10.269 22.852 7.851
13.436 22.181 9.830
14.012 20.257 13.053
14.889 23.235 15.217
12.777 24.512 18.025
10.790 27.197 16.231
9.560 25.246 13.237
9.031 22.062 15.244
6.913 23.918 17.838
4.949 25.800 15.183
4.125 22.515 13.463
3.403 20.609 16.668
6.288 18.129 16.463
6.659 18.295 20.215
6.052 14.618 21.103
7.619 11.337 20.168
4.307 10.219 18.709
3.910 13.254 16.439
7.385 12.757 15.050
7.045 9.000 14.722
3.789 9.394 12.791
5.519 11.646 10.245
8.574 9.406 9.944
6.371 6.356 9.451
4.018 7.844 6.863
6.140 10.448 5.108
4.800 13.760 3.840
5.250 15.626 0.595
8.812 15.294 -0.582
9.860 13.391 2.562
9.663 9.646 2.087
7.751 7.251 4.288
10.027 5.180 6.494
7.439 2.705 7.767
8.637 0.008 5.343
12.330 1.003 5.767
12.911 1.309 9.512
11.403 -0.867 12.199
8.936 0.452 14.715
11.678 0.398 17.326
14.076 2.299 15.077
11.362 4.876 14.333
10.756 5.350 18.045
14.427 5.739 18.736
15.101 8.303 16.005
11.920 10.155 16.967
13.077 10.483 20.561
16.478 11.724 19.329
14.835 14.344 17.155
12.515 15.417 19.951
15.350 15.895 22.402
17.561 17.705 19.891
14.783 20.007 18.703
13.723 20.973 22.225
17.306 21.889 23.061
18.135 23.666 19.723
20.568 21.161 18.124
