-5.841 -34.142 14.630
-3.240 -34.813 17.313
-0.775 -37.581 18.256
-1.592 -40.348 20.799
-2.864 -39.143 24.210
-6.332 -37.695 24.044
-8.278 -39.135 26.990
-11.704 -38.852 28.682
-13.556 -40.775 31.417
-16.514 -41.615 29.181
-16.186 -41.479 25.415
-18.988 -39.785 23.509
-19.747 -38.308 20.141
-22.512 -35.997 19.054
-23.799 -35.387 15.568
-25.646 -32.273 14.596
-27.297 -32.690 11.196
-28.263 -29.228 10.025
-30.283 -28.391 6.929
-30.844 -24.838 5.776
-33.769 -23.980 3.585
-33.189 -21.556 0.784
-36.107 -19.722 -0.715
-36.871 -17.120 -3.331
-40.532 -16.329 -4.002
-41.840 -13.770 -6.482
-44.626 -11.308 -5.702
-46.949 -13.336 -8.000
-46.552 -16.429 -5.796
-43.969 -17.961 -8.179
-41.056 -19.954 -6.685
-37.476 -19.319 -7.834
-35.085 -21.035 -5.323
-36.101 -24.116 -3.297
-32.549 -25.393 -2.364
-31.551 -27.278 0.859
-27.976 -26.867 2.113
-26.899 -29.318 4.819
-23.989 -29.514 7.219
-22.931 -32.180 9.714
-21.275 -30.879 12.884
-19.658 -33.112 15.431
-18.698 -32.490 19.025
-16.232 -35.376 19.545
-14.958 -36.443 22.935
-13.003 -39.642 22.479
-9.928 -41.198 24.150
-7.192 -42.914 22.153
-7.051 -42.445 18.370
-10.371 -43.812 16.997
-11.301 -44.597 13.442
-14.932 -43.549 12.650
-17.498 -44.615 9.981
-20.714 -42.836 8.993
-23.592 -44.721 7.407
-26.164 -42.509 5.693
-29.247 -43.260 3.586
-27.220 -42.075 0.617
-28.700 -42.935 -2.739
-25.518 -44.009 -4.402
-24.792 -46.446 -1.566
-28.324 -47.946 -1.551
-28.156 -48.136 -5.337
-24.886 -50.149 -5.317
-26.183 -52.325 -2.483
-29.441 -53.743 -3.989
-31.261 -51.189 -1.826
-32.105 -48.579 -4.510
-35.865 -49.302 -4.306
-36.099 -47.647 -0.833
-36.224 -44.012 0.379
-32.935 -42.249 0.072
-31.420 -38.817 0.018
-29.392 -37.767 -3.073
-26.372 -35.731 -2.057
-24.749 -33.361 -4.534
-21.835 -30.999 -4.000
-20.502 -33.024 -1.131
-17.479 -31.603 0.667
-15.400 -33.383 3.290
-13.216 -32.331 6.221
-9.527 -33.088 6.113
-9.876 -36.251 8.258
-12.063 -38.086 5.792
-10.512 -40.587 3.475
-12.085 -39.487 0.257
-10.795 -42.402 -1.781
-12.831 -44.759 0.311
-15.726 -42.533 -0.551
-14.953 -42.840 -4.253
-14.868 -46.529 -3.715
-18.240 -47.739 -2.552
-19.257 -44.509 -0.802
-17.623 -44.894 2.595
-17.159 -42.046 5.039
-13.989 -42.869 6.962
-12.281 -40.494 9.350
-10.138 -40.099 12.413
-11.881 -37.168 14.115
-10.403 -33.956 15.438
-11.056 -33.212 19.107
-13.748 -30.782 20.176
-16.111 -29.426 17.543
-15.693 -29.605 13.790
-17.749 -29.902 10.615
-17.501 -33.326 9.049
-19.190 -32.541 5.765
-21.677 -30.473 3.815
-24.175 -31.039 0.962
-26.894 -29.699 -1.374
-30.372 -30.845 -2.427
-33.083 -30.269 -5.109
-36.111 -29.853 -2.837
-39.189 -29.875 -5.086
-41.417 -29.238 -2.036
-43.679 -26.583 -0.536
-42.183 -23.743 1.354
-42.049 -24.812 5.002
-43.460 -21.492 6.100
-45.599 -19.627 3.628
-46.081 -15.878 3.771
-48.637 -13.753 1.970
-48.767 -9.971 2.133
-51.823 -7.918 1.163
-51.430 -4.153 1.476
-54.019 -1.410 1.031
-54.753 2.220 1.863
-56.374 2.891 5.195
-56.784 6.496 6.090
-56.067 8.782 3.231
-52.298 9.120 3.671
-52.143 5.952 5.745
-51.326 2.353 4.995
-52.265 -1.165 6.063
-50.561 -4.484 5.763
-52.359 -7.792 6.198
-49.818 -10.567 6.333
-50.591 -14.282 6.556
-48.179 -16.842 7.838
-48.908 -20.490 7.127
-46.845 -23.432 8.436
-46.817 -26.095 5.795
-44.729 -28.731 7.598
-45.973 -31.746 9.597
-48.474 -30.995 12.364
-46.552 -33.061 14.839
-43.615 -30.744 14.262
-42.994 -27.210 15.439
-40.969 -24.197 14.356
-39.657 -21.947 17.115
-38.395 -18.401 17.336
-39.812 -17.588 13.910
-39.101 -14.021 12.911
-41.003 -12.640 9.982
-39.288 -9.519 8.653
-41.639 -7.197 6.826
-40.077 -4.138 5.238
-41.778 -0.797 5.260
-40.934 2.339 3.317
-38.398 4.680 4.856
-40.729 7.526 5.735
-42.555 5.086 7.865
-44.416 6.759 10.592
-45.970 5.786 13.872
-47.011 2.149 13.347
-49.875 0.322 14.895
-50.587 -3.389 14.632
-52.801 -6.114 15.831
-52.451 -9.844 15.859
-54.007 -12.874 17.439
-50.609 -14.591 17.799
-47.028 -13.492 18.383
-45.833 -9.905 18.710
-44.856 -7.174 16.272
-42.004 -4.727 16.846
-40.749 -1.708 14.836
-37.166 -1.441 13.692
-36.967 2.069 12.182
-33.449 1.376 11.092
-33.688 -1.431 8.529
-37.120 0.084 7.814
-39.191 -2.871 8.888
-41.549 -4.358 11.387
-40.847 -7.766 12.768
-43.504 -10.274 13.665
-42.143 -12.767 16.215
-43.775 -16.058 16.872
-42.080 -17.932 19.624
-43.659 -21.278 18.878
-45.184 -22.263 15.516
-46.759 -25.671 15.092
-47.036 -27.223 11.677
-50.318 -26.959 9.787
-51.231 -23.501 10.901
-52.442 -20.233 9.602
-51.799 -17.240 11.790
-52.701 -13.683 11.085
-51.216 -10.284 11.534
-52.157 -6.732 10.674
-50.541 -3.357 10.961
-50.638 0.289 9.761
-48.445 3.391 9.534
-47.979 6.683 7.536
-46.065 8.458 4.742
-38.085 -2.703 -2.444
-36.558 -5.688 -0.563
-38.362 -8.974 0.156
-39.972 -10.351 3.213
-37.641 -12.682 4.949
-38.150 -15.160 7.692
-35.929 -16.889 10.158
-37.121 -20.110 11.807
-35.775 -23.207 13.490
-37.280 -26.655 13.564
-35.935 -29.293 15.941
-36.330 -33.022 15.350
-36.900 -32.400 11.673
-35.448 -32.592 8.146
-36.859 -31.660 4.835
-34.931 -34.183 2.862
-35.386 -37.378 4.869
-31.678 -37.752 5.352
-31.016 -40.497 7.917
-27.830 -41.056 9.864
-28.232 -44.834 9.928
-25.228 -45.559 12.179
-21.836 -44.318 13.299
-19.341 -47.003 14.190
-16.265 -46.490 16.313
-13.145 -48.641 16.371
-10.720 -48.380 19.263
-8.471 -51.158 20.442
-9.712 -51.472 24.003
-13.215 -52.829 24.526
-13.569 -49.177 24.806
-17.205 -48.361 25.413
-18.336 -45.398 23.202
-21.793 -43.859 22.406
-22.707 -41.766 19.354
-25.600 -39.353 19.746
-27.554 -37.651 17.021
-30.014 -34.949 16.213
-31.527 -33.161 13.239
-32.176 -29.443 12.890
-33.862 -27.538 10.116
-33.414 -23.752 9.856
-33.419 -20.872 7.450
-30.924 -20.079 4.756
-31.735 -17.126 2.582
-35.501 -17.428 2.935
-37.251 -14.824 0.844
-40.647 -13.817 -0.297
-40.458 -10.777 -2.468
-43.470 -8.537 -2.653
-41.695 -6.560 -5.514
