-20.732 2.545 23.790
-21.237 -0.068 21.067
-18.209 -0.280 18.753
-17.544 -2.444 15.687
-13.915 -3.272 14.952
-12.662 -4.525 11.607
-9.374 -6.105 10.482
-9.193 -6.211 6.637
-6.459 -7.884 4.622
-6.192 -10.262 1.703
-8.275 -13.399 2.379
-9.777 -12.800 5.811
-11.702 -9.932 7.343
-12.108 -9.923 11.114
-15.359 -8.375 12.273
-16.183 -7.912 15.944
-18.576 -5.881 18.069
-18.202 -4.906 21.714
-20.363 -3.039 24.227
-18.144 -0.903 26.445
-18.913 0.348 29.944
-19.479 4.099 29.910
-17.671 4.574 33.212
-14.848 2.983 35.223
-11.856 1.048 33.914
-11.995 -0.093 30.297
-14.378 -3.069 30.313
-16.591 -4.572 27.648
-18.953 -7.357 26.662
-18.320 -9.301 23.469
-21.471 -8.962 21.310
-20.337 -10.543 18.056
-17.332 -12.082 16.396
-16.865 -13.481 12.911
-14.273 -13.717 10.163
-15.503 -13.017 6.646
-13.771 -15.413 4.288
-13.012 -15.286 0.574
-12.814 -17.890 -2.155
-10.024 -18.095 -4.744
-12.750 -19.549 -7.014
-14.831 -16.359 -7.072
-14.121 -13.070 -8.886
-12.462 -10.197 -7.004
-15.763 -8.301 -7.014
-17.445 -11.195 -5.168
-14.912 -11.092 -2.341
-15.442 -7.367 -1.923
-19.209 -7.684 -2.370
-19.386 -10.260 0.434
-17.439 -7.975 2.781
-19.879 -5.137 2.094
-22.890 -7.400 2.724
-21.512 -8.834 5.974
-20.415 -5.489 7.384
-23.793 -3.936 6.571
-25.599 -6.815 8.313
-23.513 -6.403 11.459
-23.946 -2.620 11.461
-27.682 -3.146 11.126
-27.989 -5.781 13.849
-25.861 -4.068 16.482
-26.256 -0.365 15.581
-22.754 0.659 16.775
-21.912 4.316 17.315
-18.537 3.776 15.644
-16.590 1.551 13.271
-12.884 1.286 14.109
-10.131 0.142 11.755
-6.344 0.135 11.783
-4.669 3.151 10.214
-2.682 1.198 7.631
0.894 2.202 6.880
2.934 0.768 4.030
6.672 1.121 3.533
5.876 0.516 -0.141
2.660 1.456 -1.915
1.984 -1.252 -4.491
-0.561 -3.875 -5.547
-0.559 -5.358 -2.021
-1.638 -2.083 -0.395
-4.108 -1.600 -3.265
-5.839 -4.911 -2.510
-6.058 -4.219 1.240
-7.619 -0.943 0.131
-10.357 -2.830 -1.734
-11.510 -4.421 1.522
-11.482 -1.109 3.383
-13.384 0.472 0.491
-16.147 -2.118 0.942
-16.215 -1.372 4.686
-16.457 2.361 3.967
-19.383 1.926 1.552
-21.189 -0.103 4.258
-20.466 2.528 6.921
-21.682 5.265 4.555
-24.950 3.438 3.900
-25.543 2.570 7.578
-24.708 6.079 8.797
-21.957 4.997 11.202
-18.786 7.110 11.549
-15.372 5.520 11.007
-12.194 5.969 13.080
-8.636 4.700 12.555
-5.715 3.994 14.904
-2.117 3.062 14.176
-0.682 -0.279 15.355
1.424 1.444 18.008
-1.673 3.237 19.331
-3.378 -0.144 19.754
-0.355 -1.485 21.637
-0.283 1.600 23.839
-4.026 1.585 24.585
-4.284 -2.118 25.388
-0.850 -3.131 26.672
0.483 0.151 28.017
3.243 1.083 25.580
3.874 1.281 21.832
6.460 -1.517 21.794
4.273 -4.060 23.582
4.117 -7.492 21.966
1.041 -8.643 20.052
0.789 -11.471 22.593
0.404 -8.983 25.438
-2.308 -7.109 23.541
-4.138 -10.418 23.023
-3.971 -11.208 26.766
-5.284 -7.776 27.710
-8.198 -8.067 25.265
-9.082 -11.392 26.922
-9.071 -9.611 30.289
-11.090 -6.572 29.169
-13.793 -8.835 27.676
-13.883 -11.050 30.774
-13.223 -14.166 28.684
-11.946 -17.544 29.857
-9.843 -17.998 26.704
-8.582 -15.296 24.327
-10.683 -14.848 21.153
-9.815 -17.000 18.123
-8.896 -16.766 15.322
-6.270 -13.993 15.183
-8.281 -11.986 12.634
-11.177 -11.735 15.085
-8.849 -10.991 18.007
-7.288 -8.138 16.021
-10.690 -6.667 15.119
-11.654 -6.709 18.802
-8.380 -5.016 19.797
-9.067 -2.138 17.379
-12.640 -1.706 18.677
-11.385 -1.490 22.276
-8.642 0.913 21.177
-11.252 3.296 19.773
-13.282 3.067 22.988
-10.178 3.894 24.988
-9.272 7.009 22.993
-12.907 8.098 22.622
-13.323 8.106 26.423
-10.399 10.502 26.846
-11.536 12.745 24.008
-8.870 11.800 21.475
-10.813 9.694 18.959
-9.325 9.764 15.460
-11.806 10.157 12.594
-10.904 8.498 9.290
