12.207 -16.553 -4.418
9.420 -14.273 -3.392
7.707 -14.533 -6.790
9.033 -18.020 -7.499
6.558 -20.002 -9.598
4.319 -16.988 -10.211
3.250 -15.851 -13.667
2.333 -12.273 -14.580
1.128 -10.272 -17.530
2.064 -6.588 -17.564
0.027 -4.681 -20.162
2.274 -1.729 -21.025
5.575 -2.834 -19.501
8.052 -1.675 -22.136
9.208 1.417 -20.254
8.376 3.700 -17.322
6.640 2.271 -14.273
5.416 -0.730 -16.274
9.033 -1.674 -16.899
9.922 -1.063 -13.234
7.234 -3.582 -12.310
8.517 -6.144 -14.861
12.066 -5.796 -13.529
10.881 -6.375 -9.954
8.842 -9.365 -11.121
11.862 -10.925 -12.856
14.249 -10.350 -9.927
11.776 -12.236 -7.731
11.669 -15.277 -10.005
8.360 -14.624 -11.769
7.665 -15.619 -15.380
6.493 -12.491 -17.227
4.707 -11.649 -20.483
4.628 -7.913 -21.282
3.129 -5.791 -24.071
3.577 -2.419 -25.731
2.657 -0.793 -29.067
6.153 0.435 -29.970
7.966 -2.353 -31.806
11.293 -0.609 -31.276
10.714 -0.563 -27.505
9.860 -4.272 -27.724
13.198 -4.915 -29.490
14.931 -3.098 -26.623
13.133 -5.306 -24.069
14.434 -8.459 -25.817
17.906 -6.937 -25.872
17.783 -6.507 -22.074
16.056 -9.651 -20.866
16.559 -12.059 -23.726
14.167 -15.004 -23.345
13.670 -14.801 -19.536
10.630 -12.648 -20.440
7.981 -12.893 -23.153
7.565 -9.589 -24.963
4.848 -8.908 -27.534
3.919 -5.938 -29.689
0.184 -5.720 -28.979
-2.016 -2.662 -29.454
-4.367 -2.395 -26.453
-6.737 -0.255 -28.537
-7.383 -3.001 -31.130
-9.900 -5.707 -30.208
-8.547 -8.047 -32.880
-5.104 -7.699 -31.341
-6.543 -8.314 -27.877
-8.039 -11.593 -29.095
-4.652 -12.575 -30.506
-2.907 -11.681 -27.248
-5.452 -13.775 -25.368
-4.474 -16.819 -27.404
-0.780 -16.107 -27.092
-0.998 -15.623 -23.305
-2.850 -18.920 -22.975
-0.270 -20.779 -25.030
2.716 -19.184 -23.292
1.778 -18.913 -19.619
-1.289 -21.154 -19.326
-2.596 -19.445 -16.176
-1.463 -16.358 -14.291
-1.475 -14.906 -10.762
-1.242 -11.233 -11.728
-2.696 -9.104 -14.503
-1.312 -5.581 -14.388
-3.079 -3.038 -16.597
-0.581 -0.211 -16.931
-0.828 1.069 -20.524
-1.995 4.637 -20.971
-1.823 7.760 -23.082
-2.579 11.415 -22.290
-3.032 14.447 -24.540
-3.147 17.821 -22.784
-5.793 20.107 -24.246
-8.099 22.798 -22.913
-11.625 21.380 -22.856
-12.801 23.742 -25.631
-10.111 22.360 -27.927
-10.699 18.632 -27.506
-11.408 17.071 -30.914
-13.366 13.867 -31.505
-10.132 12.223 -32.672
-8.131 13.155 -29.537
-10.984 12.139 -27.220
-11.361 8.775 -28.988
-7.612 7.996 -28.850
-7.438 8.437 -25.108
-10.564 6.522 -24.210
-9.612 3.770 -26.726
-6.383 2.992 -24.849
-7.242 4.007 -21.288
-10.707 2.638 -20.839
-12.108 0.516 -23.620
-8.837 -1.278 -24.424
-8.291 -1.872 -20.723
-11.795 -3.308 -20.380
-11.624 -5.781 -23.249
-8.098 -6.827 -22.379
-9.263 -7.672 -18.866
-12.340 -9.362 -20.318
-10.187 -11.525 -22.621
-7.534 -12.456 -20.044
-9.526 -12.885 -16.817
-10.192 -16.585 -17.649
-6.436 -17.169 -17.272
-6.231 -15.764 -13.733
-6.201 -18.530 -11.165
-7.372 -18.916 -7.577
-5.894 -16.290 -5.227
-4.532 -14.158 -8.048
-5.365 -10.516 -8.709
-5.671 -7.646 -11.152
-4.005 -4.292 -10.529
-4.847 -1.168 -12.537
-2.552 1.870 -12.834
-4.825 4.886 -12.469
-3.726 8.424 -11.672
-4.109 11.146 -9.052
-6.204 12.805 -11.811
-8.985 10.258 -11.435
-10.457 12.584 -8.743
-10.780 16.328 -8.839
-10.350 18.952 -11.531
-7.159 19.568 -13.438
-7.324 21.928 -16.422
-5.994 20.542 -19.709
-6.748 17.010 -18.583
-10.519 16.628 -19.024
-10.261 13.588 -21.270
-7.438 11.778 -19.473
-8.951 12.314 -16.027
-12.365 11.031 -17.069
-10.759 8.041 -18.790
-8.900 7.081 -15.600
-11.979 7.815 -13.462
-13.764 5.269 -15.645
-10.960 2.744 -15.136
-11.316 3.026 -11.342
-15.036 2.287 -11.556
-14.274 -0.821 -13.660
-11.931 -1.968 -10.916
-14.747 -1.679 -8.379
-17.304 -3.645 -10.390
-14.683 -6.257 -11.273
-13.705 -6.599 -7.612
-17.365 -7.326 -6.866
-17.978 -9.641 -9.843
-14.737 -11.572 -9.331
-15.364 -12.334 -5.613
-16.596 -15.911 -6.158
-13.458 -16.687 -8.178
-11.302 -15.527 -5.277
-9.686 -12.850 -7.426
-8.808 -9.468 -5.927
-8.841 -6.205 -7.905
-7.194 -2.969 -6.853
-5.687 0.215 -8.262
-2.596 2.294 -7.762
-2.826 6.089 -8.160
0.360 7.976 -9.079
1.587 10.755 -8.615
3.906 12.910 -10.704
6.311 10.099 -11.541
9.717 10.502 -13.172
9.326 8.352 -16.336
10.702 8.980 -19.846
7.288 10.134 -21.166
5.872 11.516 -17.872
2.712 9.804 -19.158
2.341 12.292 -22.036
4.095 10.820 -25.089
3.180 13.522 -27.596
4.742 16.660 -26.104
8.223 18.174 -26.502
10.928 17.746 -23.874
10.608 21.429 -22.958
7.013 20.729 -21.947
7.927 17.553 -20.045
10.616 19.385 -18.097
8.031 22.047 -17.164
5.518 19.330 -16.310
8.272 17.852 -14.149
8.971 21.201 -12.465
5.274 21.760 -11.852
5.338 18.347 -10.190
8.102 19.376 -7.799
6.219 22.535 -6.769
2.640 21.413 -6.188
3.435 17.972 -4.742
3.439 18.231 -0.931
6.578 16.042 -0.618
8.068 18.453 -3.138
9.490 15.934 -5.634
8.469 13.548 -8.380
8.079 9.883 -7.452
10.249 7.068 -8.827
9.104 4.262 -11.133
10.306 1.717 -8.564
8.098 3.315 -5.873
5.039 2.623 -8.010
6.287 -0.907 -8.890
6.607 -1.734 -5.171
3.007 -0.692 -4.517
1.667 -2.684 -7.481
3.445 -5.815 -6.292
2.306 -5.276 -2.701
-1.314 -5.172 -3.917
-0.646 -8.144 -6.198
0.858 -10.514 -3.624
0.744 -9.160 -0.050
-2.602 -7.375 0.224
-4.485 -10.687 0.402
-7.481 -9.154 2.314
-7.661 -6.078 0.092
-10.006 -5.664 -2.870
-11.816 -2.830 -4.652
-9.285 -0.494 -3.071
-7.093 2.378 -4.233
-3.475 3.051 -3.176
-1.989 6.542 -3.521
1.602 6.868 -4.733
1.497 10.618 -5.141
3.623 12.376 -2.509
0.422 13.591 -0.853
-0.948 15.305 -3.973
-4.345 13.635 -3.928
-4.758 13.706 -0.129
-5.826 17.311 0.481
-2.717 18.584 2.277
-3.166 22.383 2.455
0.536 23.136 2.082
