-2.581 -8.710 -1.769
-1.391 -10.725 1.285
-4.258 -11.725 3.580
-4.370 -13.433 6.982
-7.071 -15.694 8.395
-8.025 -13.673 11.385
-7.351 -10.335 12.833
-7.659 -11.111 16.499
-7.919 -14.441 18.271
-8.534 -15.416 21.953
-7.628 -19.072 22.657
-7.468 -21.268 25.738
-4.127 -22.893 26.629
-3.788 -26.259 24.904
-6.108 -25.578 21.958
-4.627 -26.378 18.564
-4.591 -23.075 16.659
-4.422 -22.544 12.926
-3.165 -19.283 11.379
-3.506 -18.954 7.592
-1.716 -16.618 5.298
-2.907 -16.495 1.641
-1.539 -14.585 -1.330
-2.929 -14.786 -4.829
0.118 -13.143 -6.283
1.897 -16.320 -7.356
4.714 -15.587 -4.952
7.159 -18.434 -4.375
8.513 -17.373 -0.957
6.352 -17.090 2.199
7.433 -16.454 5.757
5.906 -16.499 9.240
7.100 -14.162 12.030
5.966 -13.203 15.488
6.519 -9.804 17.010
6.882 -8.971 20.780
8.071 -5.944 22.899
11.815 -6.195 23.479
12.400 -8.804 20.845
11.036 -7.325 17.541
10.304 -9.667 14.648
11.602 -13.178 14.874
11.231 -15.674 11.983
9.346 -18.803 12.993
9.369 -20.577 9.651
9.643 -20.011 5.901
9.137 -21.707 2.527
10.785 -21.165 -0.839
8.022 -22.965 -2.847
4.968 -25.172 -2.663
5.910 -28.230 -0.718
8.970 -26.812 1.014
9.298 -25.613 4.615
12.356 -24.632 6.624
12.533 -23.856 10.330
13.386 -20.267 10.944
15.102 -18.850 13.982
12.385 -19.693 16.447
10.474 -22.779 15.362
9.687 -24.712 18.623
5.956 -24.774 19.435
5.073 -24.382 15.805
4.814 -26.387 12.636
3.660 -25.291 9.178
2.008 -26.538 6.002
2.417 -25.426 2.344
0.648 -28.083 0.191
-0.770 -25.316 -1.998
1.299 -22.285 -3.249
-1.229 -19.650 -2.253
-1.394 -20.731 1.390
1.182 -21.029 4.236
-0.527 -22.280 7.418
1.075 -21.689 10.844
-0.085 -24.254 13.473
0.278 -24.089 17.245
-0.185 -27.749 18.186
-0.960 -26.932 21.826
-1.158 -23.246 22.658
0.718 -21.808 25.579
0.597 -18.393 27.170
4.023 -17.533 25.884
2.648 -17.742 22.307
0.536 -14.648 22.968
1.918 -12.359 20.230
1.494 -10.401 16.999
1.844 -12.930 14.150
2.892 -11.581 10.771
2.938 -13.451 7.433
4.900 -12.093 4.371
5.603 -13.149 0.824
8.140 -12.442 -1.921
9.741 -13.758 -5.103
12.914 -13.365 -7.105
12.156 -10.260 -9.099
13.565 -6.853 -9.617
13.712 -6.669 -5.794
13.176 -9.396 -3.151
11.220 -7.147 -0.742
8.684 -8.878 1.433
5.026 -7.867 1.384
3.427 -8.240 4.871
-0.093 -9.385 5.703
-2.086 -7.221 8.120
-1.176 -9.297 11.243
-3.076 -11.495 13.701
-3.067 -10.684 17.434
-3.354 -13.881 19.346
-4.005 -13.965 23.061
-3.589 -17.286 24.809
-5.394 -17.429 28.219
-5.589 -20.172 30.864
