-33.119 -34.096 6.583
-29.404 -34.059 6.918
-26.822 -31.334 6.236
-25.003 -31.339 2.887
-21.190 -31.333 2.409
-18.931 -30.453 -0.547
-15.226 -31.484 -0.508
-13.327 -28.836 -2.437
-10.036 -28.848 -4.420
-8.349 -25.664 -5.725
-5.831 -26.208 -8.597
-6.348 -29.932 -7.928
-5.242 -29.645 -4.296
-7.596 -30.540 -1.390
-8.800 -27.354 0.268
-11.158 -28.863 2.870
-14.922 -29.266 3.301
-17.947 -26.943 3.309
-21.085 -28.183 5.217
-24.472 -26.497 4.703
-27.618 -26.562 6.762
-30.668 -26.243 4.394
-33.893 -24.511 5.348
-36.257 -27.418 4.546
-38.953 -26.019 6.878
-39.213 -22.858 4.809
-38.261 -23.858 1.176
-38.660 -27.572 1.082
-38.536 -28.143 -2.663
-35.462 -25.793 -3.075
-33.700 -27.642 -0.217
-34.683 -31.021 -1.650
-33.300 -30.212 -5.118
-29.872 -29.058 -3.783
-29.598 -32.024 -1.438
-30.449 -34.688 -4.120
-28.068 -33.008 -6.615
-25.335 -33.256 -3.936
-26.099 -36.982 -3.261
-26.205 -37.902 -6.946
-23.256 -39.619 -8.701
-20.782 -37.571 -10.806
-22.396 -36.337 -14.041
-25.859 -36.309 -12.486
-25.265 -33.579 -9.882
-22.646 -31.482 -8.047
-20.003 -34.174 -7.618
-17.231 -33.514 -10.130
-18.576 -30.028 -11.083
-16.734 -26.685 -10.522
-17.362 -23.194 -9.044
-17.208 -21.634 -12.468
-17.831 -18.024 -11.531
-16.269 -16.365 -8.453
-16.396 -12.699 -7.656
-14.640 -11.480 -4.419
-16.734 -9.453 -2.080
-19.851 -10.734 -3.753
-20.331 -14.541 -4.141
-19.095 -17.910 -5.390
-21.344 -19.569 -7.981
-21.531 -23.153 -9.033
-23.958 -25.947 -9.928
-23.558 -25.984 -13.761
-22.807 -29.654 -13.922
-23.724 -30.126 -17.583
-21.843 -27.241 -19.302
-19.458 -25.949 -16.541
-19.819 -22.377 -17.662
-23.067 -20.941 -16.419
-25.264 -21.929 -19.426
-26.252 -25.415 -18.154
-27.512 -27.431 -15.211
-31.047 -28.682 -14.414
-33.074 -29.209 -11.216
-34.262 -32.711 -10.147
-37.763 -31.452 -11.288
-36.645 -30.616 -14.878
-35.014 -27.592 -16.411
-36.805 -24.940 -14.339
-38.820 -24.885 -11.085
-40.654 -22.103 -9.310
-39.533 -19.598 -6.758
-41.125 -21.141 -3.665
-41.125 -17.956 -1.656
-38.832 -15.065 -0.642
-39.395 -15.316 3.053
-35.593 -15.514 3.782
-33.344 -12.544 2.995
-29.648 -12.245 2.040
-28.770 -10.865 5.503
-25.176 -12.181 6.067
-22.229 -13.879 4.324
-22.316 -17.643 3.923
-25.927 -17.986 2.592
-26.971 -20.293 -0.235
-29.257 -18.721 -2.815
-30.454 -19.831 -6.238
-29.188 -18.230 -9.437
-31.896 -17.869 -12.096
-32.900 -16.209 -15.355
-35.937 -14.298 -13.977
-39.142 -15.447 -12.085
-39.594 -19.181 -11.722
-36.508 -20.338 -13.568
-34.481 -22.100 -10.804
-32.307 -24.957 -12.008
-29.225 -26.431 -10.387
-26.955 -23.254 -10.289
-26.613 -21.588 -6.857
-24.220 -19.178 -5.176
-22.801 -18.711 -1.680
-22.718 -15.103 -0.602
-19.501 -13.614 0.934
-21.035 -10.297 1.923
-24.543 -8.989 2.741
-26.412 -8.846 -0.650
-29.752 -7.417 0.305
-30.355 -6.032 -3.222
-30.994 -9.715 -4.262
-33.961 -10.023 -1.764
-37.258 -10.906 -3.464
-35.455 -12.050 -6.616
-33.380 -15.075 -5.557
-34.550 -17.737 -3.210
-32.329 -18.215 -0.091
-32.418 -21.811 1.045
-29.462 -22.605 3.355
-26.288 -21.384 5.150
-22.708 -22.577 5.579
-22.330 -24.120 9.051
-18.701 -25.399 8.716
-15.897 -24.460 6.343
-16.261 -20.677 5.995
-12.393 -20.956 5.878
-12.768 -22.976 2.725
-15.317 -20.492 1.326
-12.580 -17.788 1.907
-9.964 -19.726 0.067
-12.295 -20.271 -2.916
-13.295 -16.621 -2.937
-9.515 -15.697 -3.077
-9.196 -17.205 -6.545
-11.994 -14.998 -7.960
-11.385 -12.073 -10.270
-13.040 -8.938 -11.638
-14.374 -11.006 -14.628
-15.584 -13.865 -12.307
-13.378 -16.336 -14.220
-11.480 -18.191 -11.428
-7.680 -17.905 -11.602
-7.410 -21.649 -10.498
-9.910 -24.469 -11.118
-12.178 -25.012 -8.064
-13.791 -28.453 -8.027
-16.390 -30.228 -5.888
-14.446 -33.468 -5.603
-17.166 -35.113 -3.480
-20.624 -34.200 -2.198
-23.445 -35.903 -0.212
-25.094 -35.618 3.176
-23.451 -35.967 6.543
