-9.244 -8.187 58.572
-5.864 -9.939 58.403
-5.140 -8.991 54.774
-5.820 -5.274 55.253
-4.076 -5.173 58.650
-0.909 -7.020 57.558
-0.771 -4.838 54.432
-1.273 -1.771 56.662
1.469 -2.877 59.066
3.729 -3.675 56.087
3.435 -0.058 54.794
3.851 1.393 58.299
6.979 -0.781 58.762
8.431 0.192 55.342
8.099 3.917 56.116
9.587 3.405 59.583
12.634 1.915 57.810
13.133 4.872 55.470
12.697 7.385 58.318
15.112 5.343 60.493
17.900 5.880 57.949
17.187 9.615 57.685
17.135 10.072 61.473
20.498 8.325 61.956
22.151 10.730 59.553
20.480 13.790 61.088
21.528 12.703 64.591
25.141 12.329 63.456
25.271 15.630 61.555
23.470 17.570 64.320
25.987 16.177 66.831
29.044 16.997 64.706
27.856 20.562 64.044
26.348 21.668 67.383
28.242 19.316 69.739
27.634 16.138 71.765
25.667 17.814 74.613
21.972 17.482 73.654
20.950 20.081 76.253
23.107 22.725 74.465
22.194 21.569 70.941
18.534 22.279 70.011
18.920 20.661 66.581
20.202 17.485 68.198
17.497 17.753 70.883
14.777 17.702 68.222
16.069 14.722 66.210
16.928 12.671 69.323
13.361 13.216 70.577
12.042 12.087 67.163
14.359 9.050 67.319
13.160 8.000 70.808
9.531 8.645 69.712
10.138 6.302 66.739
11.539 3.728 69.222
15.006 3.765 67.647
17.268 1.761 69.968
19.118 3.850 72.545
22.484 2.371 71.486
21.888 3.253 67.854
21.109 6.819 68.978
24.150 7.196 71.236
26.515 5.694 68.656
25.154 8.054 66.006
25.841 10.947 68.426
29.392 9.736 69.152
30.078 9.373 65.413
29.650 13.168 65.194
32.693 14.415 67.168
30.767 9.248 58.214
31.651 12.415 56.230
28.010 13.381 55.742
27.546 16.822 54.200
24.496 19.047 53.880
23.433 19.923 50.339
20.369 21.714 49.026
19.006 21.233 45.513
16.563 23.643 43.903
14.448 23.052 40.811
11.059 23.122 39.139
8.434 20.389 38.712
4.983 19.952 37.087
3.318 23.282 36.136
6.490 25.133 37.212
6.135 24.290 40.918
9.245 25.434 42.819
10.923 22.555 44.674
13.685 22.563 47.328
15.366 19.322 48.399
17.486 19.260 51.564
19.926 16.371 51.721
22.472 14.665 53.944
24.887 12.593 51.850
28.423 11.177 51.789
28.489 11.484 47.978
27.048 14.571 46.291
27.753 13.227 42.777
25.573 10.207 43.550
22.832 12.288 45.187
22.611 15.008 42.521
22.236 12.375 39.768
19.490 10.562 41.707
17.685 13.856 42.376
18.026 14.927 38.700
16.615 11.544 37.647
13.536 12.010 39.852
12.939 15.547 38.536
13.479 14.374 34.978
10.991 11.502 35.356
8.387 14.068 36.428
9.001 16.587 33.604
11.098 18.845 35.841
14.699 19.884 36.342
17.219 21.337 38.784
18.165 25.022 38.563
20.878 27.114 40.186
21.514 27.703 43.881
19.089 30.442 45.010
16.742 29.882 42.037
13.787 29.066 44.349
15.023 29.371 47.977
13.863 33.007 48.249
10.231 31.772 47.981
10.537 29.660 51.155
10.771 31.142 54.663
10.590 29.705 58.166
7.516 31.160 59.852
5.689 30.753 63.111
2.126 29.601 62.504
-0.354 29.724 65.360
-3.799 28.320 64.624
-6.895 29.159 66.601
-10.050 27.059 66.311
-13.502 28.224 65.234
-15.249 30.335 67.911
-11.985 32.089 68.812
-12.105 35.821 69.594
-11.196 37.254 66.185
-11.092 40.843 67.508
-8.815 40.125 70.469
-6.459 37.969 68.365
-6.152 40.827 65.845
-5.512 43.419 68.586
-2.703 41.314 70.083
-1.268 40.438 66.652
-0.864 44.118 65.684
0.432 44.990 69.190
3.093 42.250 69.128
4.169 42.463 65.456
2.563 39.408 63.852
3.336 39.063 60.130
-0.194 38.064 59.121
-3.639 37.116 60.407
-6.007 35.079 58.220
-9.579 34.185 59.146
-10.830 31.153 57.238
-14.374 30.285 56.119
-14.855 27.963 59.115
-13.966 30.723 61.601
-10.479 29.363 62.338
-7.685 31.966 62.562
-4.100 31.450 61.404
-1.500 33.908 62.745
1.923 33.896 61.053
5.032 35.233 62.780
8.731 35.709 62.149
10.532 32.685 63.680
12.188 34.912 66.279
8.814 36.316 67.449
7.029 32.957 67.574
7.459 32.253 71.301
6.644 35.793 72.459
3.519 36.044 70.305
2.326 32.599 71.381
2.941 33.659 74.981
1.003 36.913 74.434
-1.957 34.988 73.013
-2.035 32.519 75.904
-1.672 35.394 78.411
-4.883 36.914 76.970
-6.531 33.469 77.352
-6.520 32.876 73.592
-5.774 29.157 73.417
-4.368 27.943 70.097
-5.383 24.602 68.635
-1.856 24.240 67.258
1.360 26.221 66.973
4.657 25.550 65.203
7.525 27.035 63.263
7.362 25.691 59.729
8.383 26.500 56.162
5.855 28.529 54.145
5.909 29.550 50.482
5.458 33.216 49.529
3.587 32.260 46.351
1.755 29.057 45.426
1.222 27.206 42.146
-2.262 25.804 41.490
-2.301 22.286 40.070
-4.925 20.330 38.139
-5.564 16.704 39.148
-3.009 15.374 36.662
-0.212 17.830 37.450
-0.938 17.289 41.162
-0.596 13.523 40.796
2.754 14.051 39.026
3.960 16.460 41.746
2.923 14.000 44.460
4.867 11.291 42.612
7.931 13.550 42.458
7.746 14.227 46.223
7.438 10.495 46.875
10.379 9.632 44.584
12.610 12.186 46.301
11.632 11.184 49.844
12.381 7.533 49.006
16.050 8.452 48.579
18.056 7.885 51.773
20.057 11.025 50.926
16.949 13.219 51.058
15.875 14.670 54.420
13.125 17.142 53.428
11.310 18.210 50.273
9.589 21.602 50.116
7.361 22.923 47.334
4.929 25.751 46.673
2.347 23.382 45.172
-1.288 24.115 45.931
-2.936 20.697 45.660
-6.622 20.500 44.731
-9.132 18.826 47.052
-9.690 16.165 44.347
-6.284 14.532 44.985
-6.733 14.828 48.761
