15.548 25.302 11.733
14.404 24.066 8.348
17.035 21.327 8.350
16.475 19.826 11.819
12.781 19.729 10.976
13.871 16.067 10.300
15.058 15.445 13.847
11.737 16.768 15.207
10.153 14.464 12.591
12.022 11.447 13.989
9.481 10.382 16.659
7.564 7.563 14.864
-0.619 -7.035 15.875
-1.011 -7.684 13.136
-4.716 -7.795 13.426
-6.101 -9.242 10.187
-9.380 -7.989 8.731
-12.349 -10.350 8.532
-13.234 -12.247 5.368
-15.737 -9.967 3.681
-19.432 -10.302 4.616
-22.726 -8.598 3.751
-25.443 -7.593 6.166
-27.923 -9.833 4.367
-25.416 -12.726 4.690
-25.002 -11.877 8.368
-28.760 -11.951 9.043
-29.061 -15.488 7.657
-26.437 -17.349 9.653
-27.989 -19.072 12.651
-31.410 -17.727 11.634
-32.909 -20.292 14.048
-31.324 -18.850 17.245
-33.552 -16.257 18.934
-30.779 -14.877 21.197
-28.618 -14.404 18.129
-31.340 -12.623 16.104
-31.802 -10.144 18.977
-28.053 -9.656 19.318
-28.076 -8.670 15.618
-31.113 -6.416 16.168
-29.321 -4.692 19.060
-26.422 -3.880 16.780
-28.034 -3.194 13.397
-30.692 -2.837 14.664
-34.431 -3.264 14.142
-34.322 -3.471 10.285
-34.837 -2.166 7.489
-32.333 -0.221 5.319
-31.075 1.064 1.897
-29.187 -1.075 -0.607
-28.314 0.081 -4.048
-24.547 -0.329 -4.668
-24.618 3.146 -6.168
-24.358 5.459 -3.172
-21.062 5.341 -1.256
-21.184 3.467 2.030
-19.558 6.092 4.219
-19.890 9.817 3.908
-18.064 12.102 6.266
-19.711 15.428 6.936
-17.607 17.587 9.231
-14.410 17.561 11.151
-14.642 19.982 14.101
-12.303 21.299 16.726
-13.774 20.977 20.219
-11.836 23.123 22.753
-13.245 25.227 25.660
-11.088 28.392 25.207
-11.710 28.801 21.445
-13.612 31.985 20.436
-15.284 30.689 17.268
-16.325 27.166 16.533
-13.766 25.594 14.095
-14.957 23.286 11.369
-14.154 21.712 8.062
-17.376 21.099 6.185
-16.479 18.112 4.047
-19.653 18.064 1.965
-18.792 21.285 0.070
-15.754 21.892 -2.172
-12.678 20.225 -0.672
-10.602 21.743 -3.377
-10.846 25.203 -1.861
-9.227 24.371 1.481
-5.926 24.752 -0.357
-6.849 28.420 -0.459
-7.390 29.138 3.261
-5.620 28.284 6.526
-7.017 27.792 10.026
-5.390 29.255 13.092
-4.990 27.117 16.109
-3.653 28.810 19.238
-0.330 27.337 20.341
-0.410 25.097 23.432
-4.147 24.537 23.774
-6.049 21.355 24.638
-8.407 20.112 21.897
-10.410 17.100 20.704
-11.506 16.421 17.164
-15.078 15.482 16.408
-16.056 13.665 13.208
-19.641 13.443 11.938
-20.520 10.861 9.250
-23.322 8.825 7.712
-23.226 5.079 7.072
-25.688 4.065 4.433
-25.631 0.570 3.177
-23.220 -1.903 4.810
-20.879 -2.301 7.741
-17.799 -0.120 7.725
-15.158 -2.275 9.401
-12.277 -0.485 11.100
-12.901 3.019 9.886
-9.955 5.303 10.625
-8.714 8.807 10.133
-5.055 9.169 9.079
-3.570 12.662 9.126
-0.180 13.656 7.746
1.249 16.971 8.767
4.035 18.707 6.762
6.084 21.826 7.062
8.522 23.110 4.479
7.878 19.812 2.679
9.051 17.762 5.638
6.530 15.331 7.115
6.590 16.130 10.826
3.667 14.065 12.125
1.621 11.024 11.230
-1.421 10.458 13.416
-4.416 8.140 13.186
-7.505 7.597 15.201
-9.393 4.375 14.984
-12.922 5.572 14.506
-14.163 1.946 14.537
-17.007 -0.215 13.212
-20.489 0.951 12.528
-23.504 -0.350 10.737
-25.777 1.659 8.459
-28.481 3.894 9.881
-30.367 7.086 9.034
-29.012 9.106 11.970
-25.396 10.198 11.615
-22.559 9.319 13.981
-20.367 11.547 16.174
-16.900 10.394 17.240
-14.516 12.261 19.502
-10.800 11.690 19.553
-9.055 11.564 22.938
-7.881 14.912 24.317
-4.736 16.367 22.851
-2.652 19.507 23.153
-1.392 21.685 20.302
2.370 22.239 20.419
4.022 25.518 21.365
7.210 27.542 21.213
8.980 29.660 18.648
9.504 26.719 16.278
5.962 25.338 16.417
4.428 28.673 15.398
3.768 29.020 11.701
2.277 27.280 8.707
1.569 23.617 8.245
0.365 21.680 5.348
-1.992 18.791 6.058
-3.090 15.733 4.155
-5.971 13.943 5.811
-7.799 10.833 4.697
-10.362 8.274 5.900
-10.044 4.595 5.238
-10.921 1.293 6.885
-9.692 -2.307 7.376
-10.693 -2.971 3.756
-8.615 -0.064 2.446
-11.667 1.716 0.984
-10.679 5.211 -0.065
-13.601 7.163 1.397
-12.057 10.576 1.349
-8.801 12.445 0.952
-7.913 16.105 0.975
-5.397 18.706 1.874
-5.837 21.791 3.956
-3.714 24.310 5.817
-3.182 25.104 9.419
-1.452 27.966 11.094
-0.332 28.072 14.712
-0.346 31.472 16.345
0.157 33.073 19.777
-3.598 33.853 19.797
-6.830 32.934 18.016
-7.982 34.881 14.976
-11.605 35.722 16.020
