-11.097 -23.552 -6.883
-13.178 -20.736 -5.543
-11.396 -18.619 -2.947
-12.879 -16.612 -0.084
-12.256 -13.249 -1.742
-13.835 -14.045 -5.163
-16.723 -15.819 -3.402
-17.497 -12.709 -1.324
-17.356 -10.361 -4.267
-19.744 -12.716 -6.069
-22.279 -12.200 -3.273
-22.141 -8.445 -3.541
-25.579 -6.916 -4.355
-27.206 -10.243 -3.480
-29.348 -11.434 -0.527
-27.167 -13.160 2.089
-27.364 -14.661 5.615
-24.435 -13.850 7.947
-24.263 -16.113 10.949
-22.319 -14.548 13.924
-19.989 -16.501 16.275
-22.369 -15.533 19.078
-25.333 -17.325 17.431
-27.444 -14.504 16.048
-28.056 -14.390 12.278
-28.546 -11.413 9.947
-30.330 -11.615 6.656
-30.036 -8.841 4.105
-28.622 -7.646 0.815
-24.863 -7.466 0.894
-24.210 -3.892 -0.085
-20.458 -3.977 0.277
-17.511 -5.741 1.896
-13.991 -4.493 2.471
-10.503 -5.968 2.648
-11.030 -6.827 6.348
-14.278 -8.565 5.470
-16.396 -6.023 7.283
-19.882 -6.196 5.739
-22.637 -3.717 5.068
-26.163 -5.123 4.841
-29.405 -3.475 3.675
-32.992 -4.446 4.522
-31.457 -6.264 7.481
-33.491 -8.800 9.475
-32.055 -9.972 12.795
-32.739 -13.530 14.004
-32.096 -14.634 17.551
-32.694 -18.242 18.610
-34.221 -18.949 15.208
-36.859 -16.222 15.455
-37.009 -12.782 13.816
-36.227 -10.199 16.466
-36.340 -7.081 14.340
-35.982 -5.253 11.047
-32.778 -3.241 11.397
-32.456 -1.464 8.029
-28.854 -0.695 7.119
-26.160 -2.225 9.385
-22.384 -2.533 9.554
-21.219 -5.949 10.755
-17.649 -5.909 12.027
-15.523 -8.589 10.426
-14.306 -10.460 13.559
-17.866 -11.379 14.590
-18.666 -13.489 11.535
-18.909 -17.263 11.755
-20.010 -17.743 8.121
-21.734 -15.998 5.207
-23.806 -17.650 2.489
-26.156 -16.652 -0.320
-29.867 -17.198 0.138
-31.108 -19.695 -2.411
