12.337 16.501 27.192
15.212 18.992 26.449
13.690 21.894 28.393
14.779 20.074 31.517
18.398 20.763 30.671
17.732 24.433 29.944
15.856 24.722 33.248
18.600 22.859 35.123
21.317 25.080 33.691
19.356 28.135 34.679
18.494 27.122 38.252
22.052 25.865 38.708
23.738 28.943 37.311
21.602 31.218 39.528
22.756 29.413 42.611
26.465 29.306 41.525
26.573 32.991 40.662
24.645 34.064 43.792
21.430 35.384 42.155
19.536 32.655 44.013
21.036 32.793 47.477
20.900 29.509 49.385
22.087 28.055 52.686
25.363 26.157 52.865
23.549 22.886 53.463
21.350 23.371 50.440
24.369 24.522 48.395
25.894 21.141 49.105
22.732 19.149 48.320
22.582 21.018 45.011
26.303 20.221 44.461
25.390 16.566 45.147
22.896 16.494 42.294
25.372 18.437 40.076
27.921 15.711 40.782
25.420 13.035 39.765
24.846 14.998 36.579
28.433 15.713 35.690
30.111 12.522 36.996
27.414 9.822 36.955
26.756 7.625 40.036
29.084 8.173 42.985
32.149 5.971 43.402
34.181 6.190 46.618
37.435 5.404 44.822
37.209 7.969 42.011
35.147 10.750 43.612
37.744 11.259 46.311
39.371 14.159 48.115
40.429 17.052 45.864
38.452 15.559 42.984
36.044 18.523 42.850
37.099 22.053 42.129
34.645 23.673 44.565
34.566 26.992 42.664
32.418 25.296 39.960
30.096 23.573 42.480
29.373 26.183 45.165
28.504 29.902 45.378
31.638 31.987 45.932
30.821 32.715 49.605
30.892 29.019 50.484
34.002 27.756 48.636
36.388 28.383 51.536
33.933 26.550 53.873
35.287 22.998 53.486
32.233 21.347 51.909
33.575 18.406 49.961
32.494 15.807 52.544
28.744 16.656 52.507
28.697 17.275 48.731
29.875 13.701 48.591
27.190 12.463 50.983
24.528 14.109 48.832
26.231 12.539 45.794
26.314 9.053 47.314
22.634 9.414 48.267
21.702 9.681 44.546
22.909 6.139 43.774
22.212 4.844 40.261
19.849 7.738 39.547
20.093 9.051 36.025
21.229 12.395 34.753
17.740 13.160 33.451
16.020 12.781 36.830
18.973 13.998 38.941
18.535 17.164 36.914
14.830 17.151 37.815
15.378 16.748 41.585
17.736 19.766 41.496
15.102 21.832 39.704
12.509 20.546 42.202
14.747 21.322 45.140
15.397 24.879 43.907
11.694 25.369 43.303
11.097 24.055 46.811
12.897 26.974 48.596
11.178 30.187 49.710
14.119 32.163 48.162
13.375 30.772 44.659
