36.511 30.968 9.673
36.811 31.200 13.533
35.174 28.922 16.126
31.357 28.903 15.845
30.733 30.883 19.019
33.361 33.483 17.966
31.728 33.814 14.549
28.289 34.272 16.111
29.681 37.104 18.235
31.318 38.686 15.266
27.998 38.553 13.419
26.279 40.486 16.295
29.003 43.126 16.325
28.837 43.551 12.535
25.026 43.499 12.236
24.340 45.461 15.463
21.628 42.833 15.958
20.870 39.848 18.167
21.620 36.371 16.895
20.106 33.257 18.395
21.606 29.932 17.570
21.622 26.355 18.477
23.364 23.302 17.017
21.904 19.943 18.172
22.521 16.292 17.311
19.371 15.128 15.463
19.490 11.559 16.721
20.118 12.263 20.430
19.302 15.860 21.148
22.783 16.658 22.463
23.261 20.412 22.400
26.622 21.405 20.892
26.438 25.126 20.548
24.020 27.467 22.144
23.900 31.251 21.935
20.918 33.233 23.245
19.140 29.906 23.043
16.466 30.868 25.593
15.802 34.305 24.094
12.784 34.996 21.881
12.971 35.574 18.131
10.226 35.933 15.537
9.683 32.595 13.698
8.590 34.100 10.422
8.090 31.376 7.780
10.087 28.915 9.876
6.761 28.254 11.648
5.621 26.387 8.511
7.504 23.251 9.570
5.599 23.116 12.863
2.365 23.866 11.001
2.889 20.911 8.710
3.755 18.725 11.703
0.299 19.574 13.126
-1.315 18.707 9.777
0.510 15.371 9.751
-0.620 14.625 13.307
-4.221 15.083 12.097
-3.505 12.748 9.143
-2.112 10.086 11.460
-5.230 10.352 13.672
-7.588 9.928 10.688
-8.820 13.534 10.956
-7.172 14.730 7.722
-5.875 13.313 4.423
-2.965 14.704 2.443
-5.093 13.887 -0.621
-8.028 16.048 0.418
-8.632 18.848 -2.075
-9.287 22.317 -0.684
-11.021 24.803 -2.870
-10.466 28.436 -2.011
-11.237 31.884 -3.367
-9.175 34.786 -4.604
-10.220 36.799 -1.527
-8.450 34.199 0.616
-5.083 35.024 -0.862
-2.510 37.101 0.994
0.806 38.560 -0.123
3.088 36.024 -1.875
1.113 33.079 -3.261
3.324 31.713 -6.035
1.661 28.297 -6.103
-1.751 28.929 -4.600
-2.627 31.844 -6.935
-2.405 29.285 -9.792
-5.161 27.033 -8.437
-8.238 29.170 -7.951
-10.133 26.933 -10.414
-8.991 23.512 -9.337
-7.868 23.808 -5.720
-4.891 22.164 -4.007
-4.564 19.060 -1.908
-3.606 19.396 1.768
-0.267 17.775 0.926
0.288 20.176 -1.994
-0.445 23.050 0.379
2.155 21.735 2.806
4.697 21.429 -0.040
3.926 24.964 -1.256
4.267 26.384 2.280
7.547 24.633 3.094
9.233 24.473 -0.317
8.063 27.829 -1.716
7.115 29.802 1.415
3.617 30.273 -0.105
1.786 32.431 2.403
-1.751 31.677 1.351
-0.986 27.958 1.501
0.196 28.443 5.072
-2.972 30.339 6.053
-5.181 27.700 4.451
-3.405 25.012 6.461
-3.504 27.160 9.654
-7.273 27.247 9.306
-7.349 23.398 9.330
-5.495 23.163 12.660
-7.550 25.786 14.579
-5.609 28.920 13.607
-2.726 30.361 15.612
-4.428 29.257 18.848
-4.809 25.712 17.566
-1.171 25.512 16.472
-0.038 26.893 19.844
-2.166 24.204 21.558
-0.468 21.548 19.401
2.932 22.894 20.525
1.874 22.582 24.164
0.696 19.009 23.452
4.154 18.020 22.210
5.783 19.642 25.239
6.894 22.990 23.784
5.781 25.462 26.442
7.515 28.460 24.857
6.843 28.753 21.112
3.674 30.696 20.291
1.796 31.645 17.161
-0.577 34.587 17.500
-1.192 35.921 13.964
-1.616 34.784 10.397
0.436 35.458 7.324
1.732 38.060 6.742
1.272 40.050 9.994
3.205 37.362 11.906
6.430 38.765 10.311
6.098 42.240 11.868
8.895 41.644 14.363
8.158 44.557 16.647
10.947 45.095 19.190
10.112 43.259 22.375
6.832 41.798 21.104
6.361 38.201 22.242
3.780 37.382 19.532
4.754 34.774 16.922
8.061 33.896 18.607
10.146 30.874 19.462
13.520 30.409 21.111
16.377 28.596 19.368
16.295 25.867 22.021
12.523 25.429 21.778
12.454 25.320 18.002
15.334 22.831 17.788
13.720 20.527 20.388
10.352 20.804 18.624
11.827 20.064 15.199
13.600 17.020 16.638
10.333 15.823 18.242
8.463 16.118 14.935
11.156 14.416 12.859
12.292 11.635 15.178
10.303 11.089 18.375
7.638 8.748 16.965
4.901 11.221 17.883
4.241 11.250 14.142
3.975 8.002 12.180
6.951 6.720 10.227
5.441 7.886 6.963
4.627 11.297 8.396
8.148 11.754 9.776
9.502 10.844 6.343
7.151 13.295 4.638
8.077 16.232 6.889
11.765 15.560 6.253
11.260 15.290 2.475
9.421 18.634 2.367
12.446 20.293 4.017
14.843 18.477 1.638
12.734 19.870 -1.221
13.006 23.547 -0.242
13.314 25.607 -3.418
13.787 29.012 -1.786
17.228 28.462 -0.224
18.091 24.780 -0.620
19.583 24.899 -4.119
21.560 28.073 -3.330
22.897 26.529 -0.144
23.994 23.372 -2.023
25.810 25.511 -4.566
28.053 26.857 -1.745
28.395 23.741 0.410
31.414 21.529 -0.009
30.762 18.176 -1.602
29.384 15.674 0.875
27.268 18.016 3.006
23.547 17.295 3.423
21.068 20.171 3.641
17.344 20.378 4.348
15.832 23.672 5.484
13.113 26.226 5.905
13.899 29.928 5.999
12.071 33.061 7.129
12.327 36.811 6.718
10.577 39.675 8.493
10.894 43.349 9.513
13.629 45.184 11.355
16.167 42.768 9.932
14.438 39.613 11.139
15.786 36.534 9.339
16.044 32.885 10.159
16.683 29.334 9.144
15.800 25.941 10.568
18.029 23.314 8.986
19.394 19.809 8.991
23.114 19.662 8.118
25.935 17.158 8.158
28.852 15.605 6.374
28.868 12.280 4.673
25.440 13.058 3.131
23.693 12.614 6.519
21.262 14.841 8.411
23.516 14.779 11.487
22.534 18.039 13.220
19.713 20.474 13.576
20.935 24.051 13.195
18.588 26.896 14.113
19.708 30.507 13.513
17.596 33.620 14.036
18.556 37.276 13.595
16.560 40.250 14.836
16.802 44.018 15.250
19.518 44.770 12.708
19.311 47.464 9.978
21.604 45.484 7.665
20.957 44.609 4.055
19.382 41.266 3.269
22.634 40.357 1.501
24.711 40.979 4.611
22.269 39.117 6.873
22.454 36.148 4.488
26.259 36.396 4.449
26.463 36.392 8.217
24.197 33.323 8.516
26.343 31.638 5.862
29.456 32.619 7.803
28.129 30.884 10.905
27.564 27.848 8.693
31.149 28.112 7.425
32.432 28.156 11.024
30.448 24.985 11.772
31.772 23.214 8.644
35.393 24.193 9.411
35.077 23.135 13.070
32.598 20.223 12.882
34.074 17.683 15.285
33.026 18.842 18.810
