-0.475 -89.854 229.111
-1.596 -86.211 228.974
-5.056 -84.685 227.963
-3.557 -82.195 225.499
-5.199 -82.145 222.163
-2.858 -82.164 219.192
-2.918 -78.790 217.340
-5.223 -79.344 214.391
-2.799 -77.429 212.127
-0.270 -80.182 212.771
-2.785 -82.783 211.592
-3.257 -80.753 208.379
0.437 -80.645 207.590
1.566 -83.375 205.233
5.149 -84.502 205.669
7.213 -83.446 202.693
9.125 -86.578 201.854
11.256 -84.904 199.155
14.623 -84.341 200.848
14.400 -87.110 203.397
13.590 -89.428 200.469
16.416 -88.142 198.171
18.568 -88.675 201.200
17.364 -92.235 201.838
17.843 -93.082 198.136
21.334 -91.638 198.215
22.384 -93.720 201.260
20.786 -96.860 199.828
22.617 -96.339 196.525
26.004 -95.637 198.155
25.380 -98.828 200.186
24.701 -101.040 197.110
27.381 -99.420 194.981
30.168 -98.479 197.422
32.690 -99.015 194.646
31.537 -95.819 192.857
31.762 -92.174 193.898
28.222 -90.851 194.174
27.905 -87.182 193.253
25.196 -84.832 194.303
23.756 -81.930 192.369
20.733 -81.945 194.640
21.052 -79.956 197.856
21.359 -76.154 197.572
23.800 -75.591 200.398
26.840 -73.410 199.807
30.165 -75.288 199.901
33.116 -72.859 199.527
34.509 -71.327 202.713
33.636 -67.809 203.793
36.445 -65.400 203.054
38.989 -65.021 205.845
38.420 -61.189 205.781
34.855 -61.650 206.993
35.498 -64.517 209.351
38.387 -62.650 210.957
35.940 -59.936 212.034
33.717 -62.576 213.598
36.761 -64.020 215.472
37.799 -60.567 216.693
34.345 -59.642 217.831
34.154 -62.965 219.672
37.519 -62.419 221.433
36.256 -58.903 222.283
33.468 -60.554 224.352
36.120 -61.615 226.868
37.039 -57.936 227.401
35.375 -55.186 229.422
35.540 -52.850 226.394
34.050 -55.407 223.967
31.564 -57.349 226.123
28.029 -56.971 224.743
24.891 -58.556 226.186
21.434 -58.075 224.632
21.354 -55.859 221.475
18.303 -54.286 219.834
15.995 -57.214 218.800
15.650 -55.465 215.454
19.460 -55.682 215.055
22.529 -53.405 215.321
22.058 -49.983 213.862
25.391 -50.141 211.977
24.224 -53.397 210.282
20.807 -52.065 209.367
22.303 -48.918 207.808
24.734 -51.004 205.846
21.924 -53.317 204.550
19.913 -50.240 203.548
22.858 -48.609 201.751
24.163 -51.780 200.197
20.923 -53.289 198.878
18.404 -50.429 198.728
20.425 -47.360 197.743
18.051 -44.711 196.383
14.970 -46.844 196.993
13.790 -44.847 200.058
14.380 -47.733 202.495
15.246 -46.388 205.953
17.536 -48.116 208.385
14.623 -48.320 210.781
12.545 -50.339 208.285
15.210 -53.107 208.277
14.658 -56.047 210.733
17.676 -58.205 211.146
16.949 -61.905 211.503
18.687 -65.212 212.134
17.766 -65.929 208.470
14.671 -66.322 206.261
13.228 -69.532 207.648
12.626 -67.934 211.044
11.712 -64.635 209.499
9.062 -66.227 207.348
7.515 -67.945 210.408
7.526 -64.636 212.246
5.785 -62.953 209.343
3.215 -65.727 209.459
2.749 -65.149 213.207
2.208 -61.451 212.433
-0.350 -62.183 209.692
-2.263 -64.853 211.716
-4.667 -67.640 210.767
-7.342 -65.454 209.179
-5.695 -64.568 205.855
-5.590 -66.183 202.421
-2.370 -66.683 200.548
-1.126 -67.151 197.006
2.117 -69.099 196.232
3.897 -69.920 193.056
3.643 -73.470 191.737
6.202 -74.953 191.767
6.292 -74.024 195.444
9.010 -73.372 198.007
8.131 -75.434 201.116
8.746 -72.741 203.707
5.960 -70.440 202.670
3.313 -73.141 202.418
4.362 -75.204 205.500
4.455 -72.071 207.670
1.007 -71.105 206.336
-0.477 -74.477 207.271
1.068 -74.418 210.730
-0.320 -71.056 211.564
-3.814 -72.007 210.358
-4.293 -70.306 206.979
-5.290 -73.446 205.031
-7.649 -76.481 204.926
-6.384 -80.028 204.445
-4.209 -81.270 201.634
-6.378 -82.276 198.632
-4.604 -85.435 197.465
-5.925 -85.436 193.894
-4.900 -81.873 193.003
-1.864 -81.990 195.329
-2.856 -78.623 196.735
-3.798 -77.471 200.237
-7.387 -76.237 200.326
-7.919 -72.449 200.668
-4.478 -71.633 199.040
-4.116 -70.202 195.572
-1.410 -71.872 193.568
-0.137 -69.776 190.646
1.445 -71.861 187.941
4.807 -70.469 186.714
6.475 -72.331 183.860
8.007 -71.836 180.381
4.495 -71.396 178.856
3.956 -68.101 180.806
7.647 -67.116 181.264
7.450 -68.197 184.877
5.056 -65.444 185.711
1.499 -66.008 186.815
-1.388 -65.251 184.546
-3.141 -62.585 186.531
-6.458 -63.194 184.765
-6.570 -66.682 186.257
-5.310 -65.777 189.710
-8.034 -65.271 192.308
-7.539 -62.467 194.811
-5.773 -63.182 198.137
-4.732 -61.211 201.165
-1.114 -62.149 200.659
1.000 -63.097 197.658
4.277 -64.921 198.155
6.752 -64.292 195.321
10.249 -65.553 195.197
12.580 -63.991 192.648
15.059 -65.404 191.716
12.831 -68.362 192.182
13.543 -71.609 194.001
13.178 -74.060 192.287
13.035 -72.578 188.714
15.797 -69.955 188.962
13.720 -67.424 187.056
14.115 -63.700 187.942
11.009 -61.643 187.201
11.583 -58.654 184.962
10.934 -54.980 185.734
7.754 -55.092 183.641
6.460 -58.251 185.377
7.142 -56.798 188.837
5.328 -53.587 187.826
2.314 -55.676 186.931
2.502 -57.657 190.159
2.684 -54.461 192.263
-0.330 -53.026 190.389
-2.230 -56.339 190.770
-1.518 -56.165 194.472
-2.649 -52.507 194.734
-5.831 -53.303 192.834
-6.594 -56.322 195.048
-5.472 -54.683 198.369
-3.028 -57.582 198.833
0.399 -57.575 200.278
3.376 -59.213 198.601
5.983 -61.073 200.549
8.915 -60.878 198.108
11.821 -63.242 198.763
15.103 -61.873 197.342
17.463 -64.327 198.979
19.022 -65.149 195.635
19.289 -61.561 194.328
23.041 -61.484 194.491
23.126 -64.196 191.750
21.336 -62.019 189.242
23.634 -61.341 186.208
21.031 -59.775 183.812
20.102 -56.271 184.664
16.856 -57.560 186.101
15.747 -55.991 189.348
17.176 -57.197 192.690
14.592 -55.697 194.977
10.902 -55.109 194.484
11.378 -51.606 195.797
12.870 -50.802 192.372
9.200 -50.546 191.385
7.551 -47.246 192.290
4.730 -47.809 194.738
6.073 -51.224 195.859
6.523 -49.650 199.261
2.769 -49.462 199.757
2.240 -53.233 199.148
5.420 -55.216 199.664
7.512 -56.730 202.434
10.913 -58.049 201.279
12.728 -60.944 202.927
16.350 -61.895 202.331
19.374 -63.599 203.692
23.080 -63.813 203.957
22.782 -67.601 203.582
23.307 -68.144 199.874
24.761 -64.682 199.164
27.756 -65.289 201.562
27.628 -68.897 202.781
26.103 -67.983 206.171
23.752 -70.997 206.022
25.155 -72.304 209.325
26.014 -68.837 210.788
22.341 -67.649 210.567
21.670 -64.024 209.408
19.110 -62.311 207.199
16.626 -59.513 207.214
13.240 -58.256 206.246
12.091 -54.856 205.126
8.754 -53.484 206.361
8.139 -50.080 204.812
6.691 -47.149 206.814
4.024 -46.836 204.129
2.615 -50.357 204.327
-0.827 -50.110 205.910
-3.603 -52.402 207.125
-7.388 -51.946 206.217
-7.730 -49.488 208.975
-4.663 -47.339 208.144
-2.354 -48.680 210.951
1.291 -49.132 209.832
2.178 -52.809 209.681
5.703 -51.858 210.829
4.441 -51.037 214.291
3.124 -54.542 214.738
6.048 -56.385 213.294
8.112 -54.549 215.951
5.839 -56.088 218.568
6.055 -59.523 216.966
9.891 -59.194 216.959
10.038 -58.007 220.563
7.813 -60.873 221.661
9.196 -63.790 219.712
12.844 -62.915 219.217
15.849 -61.532 221.106
18.009 -60.684 218.073
20.346 -62.370 215.730
23.645 -63.501 217.285
25.978 -60.532 217.934
28.822 -62.508 216.344
26.823 -63.233 213.180
25.823 -59.544 213.013
29.512 -58.612 213.066
30.107 -61.037 210.196
27.226 -59.548 208.239
28.610 -56.027 208.566
32.021 -57.227 207.343
30.199 -58.811 204.319
28.987 -55.407 203.279
32.368 -53.577 203.335
33.744 -52.943 199.869
36.452 -55.498 200.747
33.828 -58.043 201.953
31.727 -57.653 198.790
34.735 -58.033 196.539
35.700 -61.305 198.251
32.135 -62.635 198.275
31.742 -61.734 194.555
34.805 -63.894 193.927
33.371 -66.985 195.712
30.145 -66.419 193.718
32.147 -66.368 190.440
33.464 -69.847 191.290
29.817 -70.980 191.519
28.963 -69.010 188.398
31.725 -70.916 186.515
30.284 -74.194 187.787
26.863 -73.375 186.538
28.332 -72.533 183.144
30.068 -75.978 182.981
26.715 -77.671 183.694
24.563 -75.521 181.536
26.876 -75.770 178.543
26.985 -79.568 179.014
23.283 -80.099 179.404
22.332 -77.734 176.606
25.035 -79.071 174.301
23.247 -82.425 174.692
19.854 -81.183 173.705
18.180 -80.822 177.121
15.812 -77.990 177.823
17.465 -76.082 180.601
15.758 -73.170 182.429
17.171 -71.017 185.105
20.943 -71.090 185.728
21.699 -67.531 184.664
20.379 -65.537 187.584
20.304 -68.203 190.241
22.321 -71.079 191.412
19.611 -73.545 190.232
19.010 -75.155 186.848
15.521 -76.330 186.125
15.640 -79.004 183.481
12.522 -80.171 181.618
12.006 -83.808 180.551
8.707 -83.441 178.675
6.716 -86.658 178.931
8.638 -88.124 181.885
7.844 -88.263 185.671
10.478 -86.427 187.725
11.112 -89.471 189.851
11.680 -91.817 186.870
14.318 -89.375 185.503
15.814 -89.172 188.971
15.932 -93.007 188.967
17.521 -93.193 185.541
20.158 -90.636 186.299
20.883 -92.140 189.709
21.167 -95.786 188.366
23.228 -94.982 185.292
25.436 -92.126 186.442
25.397 -92.296 190.237
24.264 -88.682 190.367
21.609 -87.228 192.686
19.251 -84.515 191.458
15.991 -83.100 192.880
12.706 -84.236 191.508
10.631 -81.257 190.497
7.500 -83.187 191.574
8.647 -82.585 195.098
7.826 -78.864 194.720
4.261 -79.529 193.617
2.451 -80.357 190.370
4.002 -77.490 188.362
7.362 -79.219 189.007
6.255 -82.515 187.508
8.505 -83.440 184.572
11.419 -81.295 185.764
14.566 -81.698 187.817
16.324 -79.089 189.845
20.075 -79.207 189.702
22.487 -77.152 191.785
25.687 -75.313 190.783
26.990 -75.186 194.340
29.639 -77.787 194.899
33.272 -78.338 194.169
34.547 -77.843 190.655
35.931 -81.340 190.266
32.453 -82.747 191.163
30.831 -80.498 188.608
33.342 -81.646 185.988
33.007 -85.340 186.766
29.227 -85.151 186.828
29.390 -83.294 183.541
31.542 -86.087 182.069
29.163 -88.772 183.234
26.077 -87.006 181.872
27.927 -86.558 178.542
28.518 -90.343 178.408
24.980 -91.158 179.473
22.945 -88.794 177.253
25.043 -89.564 174.182
