-24.763 -13.040 8.736
-25.781 -16.751 8.949
-27.242 -18.069 12.192
-24.683 -19.644 14.521
-25.623 -23.089 15.844
-23.642 -24.889 18.546
-23.942 -28.700 18.402
-23.019 -30.259 21.727
-21.817 -33.852 21.693
-20.101 -36.490 23.758
-20.872 -36.270 27.420
-20.314 -37.999 30.696
-22.814 -40.798 30.161
-22.783 -44.390 29.005
-24.478 -43.307 25.750
-21.361 -41.183 24.884
-20.829 -43.490 21.900
-24.233 -42.836 20.422
-23.909 -39.130 20.916
-20.739 -39.036 18.777
-22.643 -40.911 16.061
-25.706 -38.625 16.358
-23.556 -35.524 16.166
-21.798 -36.880 13.092
-25.103 -37.404 11.350
-26.065 -33.837 12.196
-22.739 -32.478 10.961
-22.906 -34.143 7.553
-26.586 -33.391 6.773
-27.143 -29.916 8.225
-27.224 -27.015 5.723
-23.765 -25.395 5.963
-24.840 -22.714 3.439
-27.486 -21.235 5.758
-25.850 -22.005 9.168
-22.410 -21.850 10.786
-21.701 -24.798 13.095
-19.848 -24.569 16.405
-18.913 -28.083 17.554
-18.771 -28.278 21.319
-17.519 -31.621 22.557
-17.714 -32.985 26.074
-15.209 -35.748 26.903
-16.372 -38.950 28.577
-15.341 -37.592 32.029
-17.158 -34.312 31.471
-14.698 -31.616 30.213
-16.057 -29.114 27.712
-14.201 -28.050 24.530
-14.617 -26.130 21.311
-13.480 -28.565 18.624
-12.427 -27.218 15.235
-10.772 -30.413 13.978
-11.999 -32.713 11.210
-15.348 -34.373 11.750
-13.893 -37.828 11.094
-12.068 -37.684 14.473
-15.486 -37.296 16.084
-16.681 -40.590 14.523
-13.576 -42.606 15.500
-13.301 -40.950 18.955
-9.969 -39.217 18.577
-11.324 -35.675 18.561
-10.273 -35.137 22.168
-6.603 -35.960 21.396
-6.213 -33.346 18.671
-4.834 -30.564 20.937
-4.174 -28.012 18.184
-7.873 -28.033 17.373
-9.406 -28.000 20.853
-9.842 -25.161 23.280
-11.616 -25.359 26.693
-14.927 -23.493 26.991
-17.436 -22.411 29.584
-20.874 -21.051 28.987
-21.241 -17.494 30.174
-24.099 -16.664 32.566
-24.017 -13.016 31.368
-26.924 -12.617 28.911
-24.800 -9.728 27.643
-22.415 -12.271 26.062
-24.949 -14.805 24.630
-22.441 -17.614 24.071
-19.262 -19.389 25.125
-16.039 -18.119 26.639
-13.081 -19.809 24.991
-10.210 -19.865 27.517
-9.917 -15.511 26.547
-12.442 -15.007 23.691
-16.224 -14.893 23.117
-17.936 -17.368 20.765
-21.322 -15.867 19.873
-24.146 -18.396 19.390
-27.726 -18.006 18.157
-28.994 -21.528 18.768
-27.923 -24.605 20.717
-28.508 -28.135 19.507
-27.645 -30.605 22.240
-27.161 -34.167 21.098
-26.264 -35.659 24.497
-27.998 -38.937 25.488
-28.299 -39.686 29.248
-28.601 -37.894 32.609
-27.011 -34.510 31.948
-28.366 -34.304 28.409
-31.997 -34.946 29.300
-32.592 -34.070 32.938
-33.199 -30.422 32.070
-30.028 -29.008 33.626
-28.189 -28.288 30.372
-31.268 -26.607 28.945
-31.308 -24.386 32.038
-27.766 -23.200 31.514
-28.591 -21.852 28.078
-32.039 -20.477 28.875
-30.417 -18.497 31.651
-27.975 -17.147 29.027
-30.918 -16.280 26.736
-29.869 -18.788 24.091
-32.616 -20.895 22.501
-32.282 -24.659 22.620
-33.406 -27.158 20.011
-35.753 -29.574 21.691
-37.587 -29.856 24.950
-37.373 -27.085 27.580
-36.231 -27.385 31.176
-39.531 -28.496 32.640
-40.361 -30.969 29.914
-36.942 -32.626 29.897
-36.925 -33.018 33.678
-40.473 -34.279 33.715
-39.991 -36.886 30.975
-37.032 -38.163 32.968
