28.383 -10.485 53.423
25.180 -12.481 53.249
23.951 -13.390 49.726
25.663 -15.387 46.890
24.001 -13.795 43.781
25.155 -15.507 40.448
25.209 -13.214 37.327
25.096 -14.699 33.780
24.598 -13.714 30.230
26.334 -16.717 28.776
26.738 -14.865 25.579
28.623 -11.855 26.999
31.121 -13.944 29.085
29.905 -12.786 32.550
29.426 -16.044 34.582
30.714 -15.161 37.968
29.155 -15.757 41.482
29.370 -12.868 43.794
28.771 -12.277 47.496
26.392 -9.405 48.224
24.633 -8.336 51.439
21.044 -7.115 52.031
22.461 -3.558 51.750
24.722 -3.565 48.649
22.997 -2.581 45.392
23.739 -5.672 43.161
25.284 -3.342 40.615
27.943 -2.219 43.124
28.407 -5.673 44.487
29.275 -6.735 40.903
31.626 -3.802 40.204
33.627 -4.435 43.478
34.062 -7.826 41.987
35.633 -6.459 38.791
33.075 -7.612 36.135
31.508 -4.444 34.674
27.812 -4.426 34.110
25.424 -1.860 32.400
24.243 1.419 33.919
23.445 4.968 32.938
21.452 6.793 35.514
21.996 4.774 38.618
18.633 5.924 40.006
15.624 3.926 38.787
14.878 6.496 36.157
15.816 4.244 33.180
16.369 0.687 31.741
19.956 0.091 30.453
20.740 -1.900 33.566
17.979 -4.529 33.450
18.062 -8.126 34.222
15.660 -10.903 34.639
15.841 -12.650 37.914
15.632 -16.124 36.830
14.849 -17.510 40.309
14.717 -16.033 43.833
13.964 -12.652 45.381
14.975 -9.016 45.229
13.745 -5.581 46.656
13.509 -2.834 43.962
11.463 -0.179 45.828
13.743 2.543 44.728
12.715 1.949 41.120
10.910 4.780 39.274
10.784 3.402 35.677
9.603 -0.241 35.590
5.813 -0.448 35.643
3.972 -3.330 37.391
3.613 -5.814 34.425
7.302 -5.378 33.757
8.186 -6.268 37.398
5.706 -9.215 37.440
7.401 -10.677 34.344
10.878 -10.768 35.893
12.432 -7.358 35.303
14.973 -6.145 37.735
16.723 -2.747 37.302
19.856 -4.169 39.047
21.522 -0.834 39.879
19.272 -0.133 42.762
18.422 -3.619 43.773
19.138 -5.213 47.145
19.163 -9.059 47.167
16.514 -10.629 49.517
17.666 -14.181 49.400
20.166 -15.763 47.039
19.323 -15.165 43.418
20.612 -15.798 39.877
20.266 -12.940 37.499
20.708 -12.727 33.693
22.758 -9.539 33.333
21.781 -7.510 30.247
18.000 -7.495 29.251
17.403 -4.035 27.730
17.170 -5.138 24.008
14.250 -7.269 24.989
12.616 -4.817 27.513
9.197 -3.796 25.853
