-6.653 16.310 69.898
-4.464 18.361 67.551
-3.014 21.733 68.501
-1.482 23.650 65.612
0.667 26.679 66.372
2.518 29.033 64.060
5.667 31.081 64.648
6.919 33.884 62.396
4.480 32.793 59.703
1.049 33.570 58.292
-0.809 30.507 59.542
-3.679 30.064 57.075
-6.804 27.936 57.321
-5.523 26.020 54.307
-2.423 24.961 56.227
-4.512 23.951 59.215
-7.055 22.144 57.038
-4.221 20.349 55.251
-2.577 19.339 58.525
-5.900 18.030 59.811
-6.408 16.084 56.590
-3.025 14.348 56.911
-3.651 13.381 60.544
-7.169 12.132 59.849
-5.695 9.617 57.389
-2.950 8.685 59.830
-5.281 7.801 62.706
-6.825 5.027 60.593
-3.556 3.070 60.775
-2.422 4.105 64.255
-5.334 4.311 66.681
-3.516 5.025 69.942
-2.719 8.679 69.213
-3.770 10.933 72.079
-2.477 14.509 72.111
-0.802 15.954 69.032
1.200 19.162 68.756
2.270 20.718 65.482
4.383 23.820 65.004
4.828 25.534 61.641
7.520 28.189 61.479
9.930 30.004 59.214
13.679 30.339 59.721
15.136 32.523 56.960
13.969 30.790 53.756
13.382 27.471 55.521
9.771 26.382 56.038
9.787 24.196 59.154
7.142 21.717 60.327
7.423 20.175 63.793
5.261 17.542 65.456
5.044 15.579 68.688
2.572 12.723 68.905
1.674 11.338 72.322
0.721 7.695 71.911
0.131 4.918 74.430
3.283 4.717 76.549
5.432 6.678 74.097
6.190 9.798 72.088
6.863 10.221 68.400
8.704 13.394 67.428
10.102 14.762 64.193
10.826 17.907 62.198
10.990 18.400 58.428
11.897 21.473 56.397
11.444 22.646 52.824
11.296 25.756 50.647
7.532 25.109 50.605
5.551 24.629 53.839
3.079 22.133 52.394
5.967 20.019 51.124
7.535 20.396 54.575
4.366 19.024 56.166
4.309 16.083 53.746
7.903 15.243 54.585
7.114 15.518 58.293
4.234 13.061 58.061
6.380 10.556 56.181
8.877 10.689 59.059
6.139 10.269 61.673
4.626 7.324 59.787
8.023 5.565 59.710
8.384 6.037 63.454
4.765 5.055 64.115
5.185 1.823 62.149
8.346 0.978 64.091
6.584 1.747 67.377
3.467 -0.110 66.253
5.756 -3.077 65.642
7.203 -3.099 69.158
3.623 -3.046 70.427
