-59.044 73.429 57.561
-56.287 70.775 57.664
-53.081 70.902 59.680
-50.160 68.775 58.623
-46.845 67.726 60.044
-44.047 65.580 58.627
-41.553 64.158 61.090
-39.336 61.105 61.251
-41.061 59.227 58.471
-44.515 60.176 59.633
-47.098 62.404 58.090
-49.757 63.370 60.601
-52.893 65.001 59.265
-55.348 66.711 61.528
-58.826 67.445 60.286
-59.144 70.956 61.726
-62.593 72.523 62.170
-62.928 71.808 65.965
-66.277 73.553 66.567
-67.927 71.898 63.567
-66.274 68.736 64.887
-64.026 68.754 61.833
-66.985 68.353 59.486
-65.927 68.633 55.845
-66.606 71.591 53.605
-65.448 71.761 49.974
-62.348 73.759 50.830
-61.266 71.163 53.386
-61.402 68.270 50.918
-59.114 70.131 48.483
-56.475 70.663 51.182
-56.723 67.026 52.224
-56.293 66.072 48.555
-53.158 68.242 48.288
-51.693 66.711 51.442
-52.268 63.176 50.213
-50.384 63.967 47.023
-47.279 64.555 49.090
-47.739 61.286 51.003
-48.091 59.445 47.673
-45.091 60.990 45.895
-42.707 61.447 48.861
-41.282 58.028 49.724
-39.558 59.264 52.893
-43.019 59.592 54.427
-43.516 55.959 55.416
-46.745 56.116 57.468
-49.771 58.428 57.455
-51.672 59.279 60.627
-55.183 60.789 60.521
-56.591 62.386 63.662
-58.986 65.125 64.786
-58.506 68.565 66.334
-60.704 69.633 69.229
-62.930 67.006 70.811
-64.357 65.367 67.714
-62.577 63.217 65.166
-64.966 63.990 62.302
-68.736 64.720 62.095
-68.753 63.766 58.401
-70.268 66.163 55.904
-71.491 69.553 57.075
-75.143 69.395 56.007
-75.947 73.047 55.348
-80.015 70.459 42.924
-80.300 67.675 45.521
-77.711 65.556 43.699
-75.859 63.641 46.393
-74.100 61.535 43.777
-71.938 64.552 42.975
-70.590 65.053 46.495
-69.746 61.358 46.521
-68.209 61.461 43.049
-66.104 64.584 43.560
-64.917 64.379 47.133
-65.352 61.153 49.030
-64.631 58.531 46.412
-61.352 59.794 45.054
-60.297 60.155 48.684
-61.338 56.628 49.610
-59.747 55.172 46.460
-56.400 56.919 46.937
-56.134 55.854 50.602
-56.920 52.214 49.757
-54.426 52.646 46.931
-51.582 54.112 49.018
-48.888 51.397 49.390
-48.252 52.708 52.894
-49.763 51.944 56.326
-52.404 54.434 57.394
-53.358 54.957 61.019
-56.596 56.587 62.105
-56.492 57.831 65.715
-60.163 58.438 66.517
-59.975 60.990 69.342
-63.682 61.659 69.583
-67.029 61.419 67.841
-66.841 60.048 64.294
-70.164 60.511 62.529
-71.501 59.984 59.016
-68.609 60.160 56.577
-66.266 60.682 59.531
-67.219 57.217 60.761
-66.898 55.305 57.489
-63.648 57.132 56.712
-62.170 56.393 60.170
-63.074 52.708 60.111
-61.421 52.477 56.691
-57.913 52.898 58.054
-55.551 49.936 58.005
-55.005 50.268 61.707
-57.570 52.187 63.759
-56.803 53.137 67.389
-59.685 54.903 69.161
-59.894 56.865 72.409
-62.194 55.198 74.947
-64.654 58.093 74.885
-64.964 57.962 71.078
-68.234 56.928 69.496
-68.905 55.958 65.857
-72.207 57.387 64.696
-73.420 55.933 61.393
-76.952 57.317 61.356
-77.359 57.733 57.597
-80.560 55.644 57.660
-82.118 58.312 59.938
-81.948 60.782 57.057
-82.985 58.155 54.514
-79.460 57.893 53.123
-76.919 55.079 52.773
-73.529 54.779 54.461
-70.979 56.329 52.132
-67.175 56.387 51.881
-67.000 52.610 51.447
-69.174 52.250 54.530
-71.277 49.536 52.892
-68.078 47.766 51.754
-66.070 48.025 55.006
-68.805 47.092 57.540
-69.549 43.462 56.421
-65.825 42.789 56.371
-64.862 44.623 59.469
-67.877 43.525 61.546
-69.446 40.511 59.849
-72.629 40.630 57.811
-75.130 40.426 60.689
-73.702 43.352 62.583
-72.904 45.357 59.466
-76.578 45.008 58.577
-77.584 45.854 62.167
-75.443 48.969 62.407
-76.450 50.119 58.897
-80.244 49.625 59.167
-80.816 50.950 62.760
-78.162 53.665 62.558
-77.287 53.864 66.282
-73.964 55.019 67.680
-71.217 52.533 68.328
-68.825 52.980 71.243
-65.067 52.542 70.811
-65.210 49.550 73.180
-68.129 47.884 71.347
-66.488 48.322 67.973
-63.335 46.827 69.529
-65.162 43.814 70.954
-66.754 43.248 67.516
-63.292 43.314 65.879
-64.101 46.468 63.932
-61.004 48.227 65.257
-57.518 47.338 66.427
-57.173 49.271 69.715
-58.917 51.387 72.344
-56.897 53.483 74.799
-57.492 55.994 77.635
-58.347 59.394 76.151
-55.120 61.017 77.360
-52.859 58.317 75.927
-54.420 58.257 72.405
-52.199 60.783 70.597
-49.121 59.286 72.148
-49.806 55.644 71.281
-50.930 56.366 67.742
-47.811 58.435 67.127
-45.764 55.718 68.775
-47.166 53.168 66.354
-46.743 55.482 63.363
-43.078 56.225 64.223
-42.433 52.531 64.415
-44.257 51.654 61.172
-42.186 54.410 59.456
-38.970 52.425 60.159
-40.363 49.102 58.974
-40.042 47.671 55.410
-42.604 50.011 53.821
-42.518 48.344 50.424
-43.359 44.992 52.009
-46.140 46.610 54.070
-47.544 48.165 50.887
-47.675 44.734 49.254
-49.348 43.223 52.364
-52.104 45.836 52.370
-52.655 45.515 48.603
-52.802 41.719 48.887
-55.348 41.874 51.717
-57.667 44.359 49.956
-57.357 42.131 46.879
-58.146 38.941 48.762
-61.638 40.209 49.433
-62.676 39.398 45.875
-60.132 36.819 44.712
-60.567 33.102 44.875
-57.833 31.283 46.760
-56.475 30.175 43.392
-56.049 33.741 42.119
-54.746 34.949 45.493
-51.992 32.330 45.581
-50.690 33.664 42.217
-50.838 37.184 43.542
-48.939 35.999 46.654
-46.330 34.374 44.446
-45.788 37.752 42.686
-45.660 39.915 45.800
-43.211 37.521 47.456
-41.028 37.512 44.277
-40.980 41.315 44.270
-40.363 41.661 48.006
-37.468 39.187 47.987
-35.792 41.667 45.637
-36.166 44.602 48.024
-33.137 45.965 49.871
-35.143 45.645 53.099
-35.345 41.866 52.604
-31.549 41.350 52.526
-31.123 43.935 55.268
-33.603 41.952 57.362
-32.073 38.517 56.689
-28.616 39.690 57.734
-29.810 41.654 60.725
-31.728 38.603 62.040
-28.719 36.353 61.291
-26.345 38.907 62.874
-28.604 43.300 65.316
-31.533 45.667 64.627
-32.259 46.071 60.885
-31.993 49.460 59.187
-34.953 49.557 56.751
-35.209 52.164 53.996
-38.536 51.015 52.532
-37.099 49.669 49.249
