42.102 51.738 17.304
41.933 48.744 14.883
41.034 45.741 17.005
39.489 42.289 16.769
36.139 42.474 18.593
33.130 40.414 19.478
29.946 42.408 18.619
26.872 41.251 20.526
23.293 42.360 19.981
20.603 41.192 22.396
17.150 39.954 21.432
15.930 43.237 23.054
18.047 45.407 20.690
21.046 46.428 22.853
24.492 46.381 21.267
28.105 46.477 22.383
31.563 45.417 21.327
34.289 43.790 23.415
37.951 43.147 22.475
38.183 39.401 21.514
40.924 38.747 24.138
38.920 40.431 26.943
35.593 38.773 26.016
37.285 35.370 26.399
38.309 36.177 30.038
34.905 37.534 31.159
31.807 35.852 32.730
19.021 35.531 42.086
16.627 36.484 39.224
16.187 33.995 36.331
17.093 34.512 32.656
15.433 37.434 30.892
15.252 38.549 27.241
18.204 40.934 27.675
20.340 37.800 28.319
19.579 36.405 24.872
22.500 37.065 22.494
20.541 37.302 19.136
23.624 38.296 17.092
27.279 37.461 17.685
29.907 38.647 15.223
33.648 38.142 15.568
34.929 40.961 13.387
37.063 44.043 13.157
36.253 47.421 14.755
36.433 48.643 11.107
33.861 46.201 9.656
30.247 47.235 8.993
27.099 46.285 10.819
23.868 46.736 8.809
20.671 47.232 10.853
17.540 46.566 8.786
14.435 48.022 10.350
10.764 47.229 10.548
10.085 50.442 8.535
12.174 49.131 5.633
15.311 51.203 6.182
18.931 50.197 6.646
21.254 52.028 9.066
24.947 51.310 8.921
27.483 51.511 11.704
31.113 50.624 11.862
31.634 48.147 14.743
33.638 50.934 16.512
30.377 52.996 16.557
28.991 50.384 19.017
30.046 51.089 22.591
32.772 49.104 24.237
31.478 47.166 27.242
32.189 43.999 29.201
30.654 40.668 28.172
28.174 40.982 31.055
26.707 44.382 29.997
23.718 44.506 27.566
25.063 47.641 25.870
23.212 50.585 24.287
19.842 50.375 22.587
20.522 50.494 18.834
17.473 52.501 17.937
18.667 55.179 20.345
22.357 54.978 19.303
21.529 55.283 15.592
18.650 57.776 15.866
15.936 55.584 14.429
12.591 57.164 13.586
9.782 57.018 16.172
8.556 53.408 16.562
11.205 52.023 14.203
12.733 48.727 15.459
15.444 46.270 14.383
14.150 43.587 12.014
17.515 42.007 11.097
21.263 42.621 11.521
23.962 41.614 8.985
27.725 42.086 9.416
29.755 42.694 6.234
33.330 43.470 5.363
32.213 45.503 2.344
29.463 45.892 -0.264
30.947 43.323 -2.641
30.665 40.481 -0.031
27.627 38.983 -1.712
25.915 39.843 -4.959
22.486 40.521 -3.427
20.473 41.574 -0.469
16.991 39.930 -0.429
14.336 41.379 1.871
10.957 39.940 2.879
7.875 41.637 4.343
5.124 40.696 6.785
2.635 40.614 3.949
4.651 38.079 1.946
6.552 40.346 -0.457
10.190 39.885 -1.409
12.738 42.084 -3.137
16.258 41.551 -4.393
18.708 44.418 -4.687
22.386 44.530 -5.657
24.354 44.858 -2.370
26.365 47.701 -3.899
23.109 49.771 -4.087
23.518 50.244 -0.302
27.071 51.675 -0.504
26.089 55.206 0.593
26.970 57.269 3.714
23.773 59.388 3.165
22.299 60.602 6.517
21.441 57.867 9.033
18.965 55.535 7.400
18.478 54.712 3.751
15.366 53.195 2.201
15.744 49.469 1.503
12.104 48.843 0.387
8.886 50.901 -0.071
6.247 49.493 2.271
2.488 49.910 2.374
1.070 51.275 5.656
0.113 47.869 6.942
3.326 46.133 5.941
6.610 45.728 7.787
10.056 44.398 6.932
10.638 40.997 8.611
13.724 39.504 6.967
16.936 40.372 5.165
19.606 38.015 3.846
22.725 38.104 1.690
22.618 35.713 -1.268
23.611 34.979 -4.845
21.406 34.024 -7.827
22.439 30.361 -7.243
20.694 30.250 -3.853
17.282 28.991 -2.690
15.202 31.022 -0.255
12.793 29.701 2.346
9.761 31.705 3.545
7.663 30.542 6.521
4.275 31.920 7.651
2.700 31.978 11.139
-0.109 29.660 10.000
2.508 27.057 9.021
2.848 27.510 5.303
6.324 27.393 3.756
7.660 28.100 0.302
11.115 27.381 -1.065
12.098 28.979 -4.405
15.355 29.406 -6.414
16.370 33.085 -6.277
17.670 33.284 -9.843
17.814 36.683 -11.522
15.113 35.415 -13.972
12.778 34.419 -11.073
13.556 37.337 -8.717
14.874 40.280 -10.679
17.399 42.687 -9.080
15.428 45.876 -8.300
15.987 49.385 -7.034
15.949 50.236 -3.264
12.999 52.640 -3.307
10.492 50.314 -4.942
7.824 47.838 -3.828
8.496 44.146 -3.429
7.015 41.382 -5.602
4.931 38.416 -4.366
7.023 35.850 -2.467
4.243 33.778 -0.844
0.465 34.036 -1.081
-1.411 33.471 2.158
-4.660 34.265 3.963
-5.719 37.507 5.654
-5.174 35.775 9.008
-1.562 34.842 8.136
1.762 36.715 8.155
5.380 35.991 7.227
7.587 34.840 10.173
10.923 34.367 8.539
13.221 34.451 5.543
16.341 32.247 5.258
18.889 31.214 2.671
18.746 27.404 2.248
21.978 25.714 3.488
22.554 21.931 3.288
22.647 19.808 6.435
20.281 22.138 8.296
16.761 21.842 9.685
13.811 24.178 9.889
12.804 24.192 13.552
9.196 25.350 14.127
7.358 25.862 17.413
3.720 26.616 18.182
2.258 28.943 20.809
1.156 25.798 22.690
4.837 24.742 22.940
4.878 22.007 20.255
8.195 21.932 18.414
9.924 19.908 15.741
12.726 20.182 13.302
12.652 18.927 9.683
15.611 18.378 7.374
15.833 21.128 4.775
15.681 18.497 1.946
12.011 17.900 2.809
11.093 21.420 1.566
10.225 21.200 -2.142
11.444 23.778 -4.657
8.458 25.628 -6.185
7.805 28.841 -8.124
7.925 32.144 -6.306
4.541 33.547 -5.234
2.519 30.428 -4.577
0.809 29.240 -1.389
3.631 26.762 -0.686
3.248 23.657 1.460
2.490 22.886 5.115
5.363 22.849 7.662
3.208 21.833 10.636
-0.015 19.934 11.317
-2.182 22.701 12.812
-4.701 22.218 15.662
-6.460 24.979 17.691
-5.368 23.301 20.998
-1.712 23.507 19.840
-1.631 27.038 18.334
-0.081 28.874 15.343
3.666 29.113 14.852
5.561 31.576 17.003
8.963 30.877 15.429
10.613 29.238 12.411
14.429 29.092 12.675
17.168 27.345 10.721
19.307 25.198 13.030
22.128 22.643 12.985
22.424 19.679 15.369
24.572 21.804 17.709
22.458 25.029 17.677
21.490 26.437 21.086
18.178 28.183 21.602
15.921 29.990 24.015
12.215 29.411 24.515
10.507 32.635 25.714
7.569 31.502 27.803
4.500 33.431 28.806
4.709 32.640 32.534
8.194 31.287 33.277
10.570 33.759 31.586
13.416 32.584 29.329
14.428 28.886 29.206
17.451 27.302 27.502
16.860 24.587 24.912
19.123 23.030 22.316
18.115 22.052 18.759
19.187 18.477 19.735
16.386 18.483 22.385
13.832 19.114 19.620
12.457 16.058 17.843
13.483 15.509 14.205
10.248 14.756 12.288
8.452 15.071 8.956
7.431 18.378 7.437
3.654 17.819 8.058
3.884 16.586 11.641
2.336 18.208 14.739
5.460 18.658 16.878
6.275 17.571 20.418
5.601 19.681 23.496
8.787 21.137 25.035
9.506 19.184 28.232
10.648 22.258 30.254
7.499 24.289 29.411
5.278 24.551 32.504
1.780 23.060 32.420
-0.709 25.725 31.307
2.205 27.934 30.108
2.531 28.981 26.477
5.357 29.926 24.141
5.775 33.563 23.012
8.842 33.025 20.856
11.892 30.983 20.122
15.229 32.604 19.711
18.566 31.408 18.465
21.351 31.645 21.078
24.021 33.215 18.788
26.898 32.701 21.410
