20.450 73.657 51.580
18.158 76.481 52.753
14.640 77.507 51.626
13.460 81.100 52.074
9.822 80.498 52.958
9.689 84.296 53.349
11.244 85.494 50.126
11.396 89.117 51.322
13.986 88.417 54.043
17.681 88.329 53.223
19.364 84.938 52.734
21.287 83.910 55.858
25.030 83.549 55.272
28.260 82.804 57.132
29.813 86.272 57.546
33.378 85.006 57.995
34.860 81.667 57.069
35.668 80.697 60.672
32.315 81.776 62.165
30.675 78.814 63.932
27.216 80.321 63.554
25.003 81.846 60.854
22.581 84.564 61.943
18.851 83.982 61.441
16.354 86.815 61.061
12.878 87.530 62.459
9.995 87.201 59.971
7.895 89.195 62.474
7.593 92.597 64.148
7.014 91.829 67.838
7.491 93.412 71.250
8.401 91.017 74.023
7.411 92.375 77.431
9.608 91.769 80.483
9.621 88.113 81.495
7.397 87.080 78.579
8.120 84.669 75.743
6.958 84.201 72.215
7.495 81.813 69.356
8.839 83.707 66.305
9.307 82.407 62.770
12.629 82.908 60.952
11.118 82.458 57.511
13.605 79.733 56.567
13.832 75.958 56.493
17.004 73.857 56.277
17.994 70.319 55.297
20.380 69.211 58.051
22.463 66.295 56.727
22.068 62.706 57.882
24.217 62.158 60.963
24.286 65.822 61.931
22.260 68.199 64.066
21.336 71.874 63.720
21.757 73.872 66.902
19.963 77.173 67.422
21.737 79.455 69.937
21.087 82.908 71.302
23.474 85.602 70.128
26.025 87.484 72.201
26.452 91.271 72.201
23.667 93.806 72.279
20.921 91.136 72.063
22.213 89.320 75.135
22.856 92.666 76.920
19.117 93.621 76.572
18.193 90.156 77.923
17.110 88.325 74.778
17.478 84.547 74.993
15.839 81.288 73.914
13.618 79.324 76.323
14.773 75.884 75.189
18.368 76.824 74.302
20.032 75.238 72.499
17.237 74.562 70.046
17.785 71.416 67.974
16.929 70.752 64.329
16.981 67.090 63.221
17.819 65.792 59.736
14.101 64.883 59.602
12.796 68.393 59.987
12.194 70.503 56.892
9.552 72.894 58.286
10.099 76.510 59.195
12.704 77.144 61.929
10.904 78.920 64.765
12.589 80.345 67.864
11.042 80.460 71.360
12.360 83.876 72.425
12.254 85.154 76.003
12.892 88.588 77.488
14.952 87.967 80.630
14.927 91.638 81.616
12.634 92.507 84.527
11.601 96.014 83.337
12.416 96.868 79.754
10.520 95.424 76.731
12.520 94.123 73.739
11.396 95.502 70.373
12.124 93.211 67.452
11.730 94.403 63.910
11.176 92.121 60.932
14.665 91.427 59.535
16.386 91.697 62.930
18.898 89.038 63.907
17.330 86.863 66.617
19.422 83.632 66.800
22.318 81.794 65.217
22.464 78.395 63.576
25.358 75.993 64.119
25.750 72.615 62.426
27.610 69.674 64.038
28.081 66.017 63.684
25.972 64.037 66.182
26.296 60.474 67.511
23.177 58.288 67.084
23.675 55.358 69.461
21.002 52.751 70.084
20.310 52.800 73.822
20.932 49.316 75.227
19.748 48.517 78.739
22.188 46.904 81.175
21.573 45.929 84.813
24.802 47.673 85.893
27.967 49.013 84.253
29.877 45.779 85.027
29.770 44.869 81.302
32.362 44.442 78.562
32.761 47.294 76.008
32.549 50.213 78.458
35.030 52.965 79.287
37.504 52.305 82.127
