-30.086 32.891 -26.684
-30.183 33.181 -22.903
-27.193 31.323 -21.455
-26.222 29.957 -18.042
-23.583 27.650 -16.592
-24.698 24.430 -14.922
-22.922 22.003 -12.642
-24.790 18.713 -12.479
-23.447 16.369 -9.784
-24.394 13.042 -8.141
-25.204 14.869 -4.841
-25.779 18.535 -5.699
-26.231 20.763 -8.729
-25.766 24.500 -9.207
-26.696 27.250 -11.685
-24.795 30.422 -12.505
-24.722 33.375 -14.883
-22.373 36.241 -15.653
-23.047 39.861 -14.736
-20.646 42.673 -15.629
-17.938 40.143 -16.541
-18.280 38.371 -13.198
-19.940 35.030 -12.486
-22.570 34.755 -9.761
-24.246 31.588 -8.508
-28.053 31.668 -8.569
-30.105 30.605 -5.548
-33.272 28.658 -6.281
-36.672 29.340 -4.713
-35.693 27.369 -1.590
-32.805 29.809 -1.293
-30.271 27.085 -2.061
-27.159 27.587 -4.205
-26.192 23.963 -3.637
-29.232 22.091 -4.896
-29.569 18.378 -4.103
-29.683 16.281 -7.270
-32.810 14.452 -6.166
-36.354 14.084 -7.490
-39.392 13.020 -5.438
-43.152 12.581 -5.939
-45.874 12.932 -3.310
-49.572 12.860 -4.243
-48.717 13.477 -7.908
-46.736 16.617 -7.108
-43.096 16.807 -8.235
-40.331 17.956 -5.907
-36.631 18.511 -6.514
-33.692 19.764 -4.449
-33.948 20.083 -0.670
-37.682 19.371 -0.407
-37.064 16.169 -2.353
-34.084 15.371 -0.123
-36.294 15.789 2.942
-38.680 13.208 1.481
-35.963 10.576 1.774
-37.290 9.832 5.245
-41.044 9.402 4.711
-41.158 8.764 0.934
-38.023 6.805 -0.094
-39.634 4.547 -2.737
-40.829 7.458 -4.862
-37.602 9.443 -4.602
-34.794 9.159 -7.140
-31.306 10.169 -6.016
-27.657 9.570 -6.946
-28.595 9.209 -10.605
-26.138 11.583 -12.307
-23.506 8.879 -12.787
-26.125 6.347 -13.927
-27.044 8.460 -16.958
-25.555 6.806 -20.043
-24.270 3.777 -18.133
-24.779 0.210 -19.263
-26.834 -1.525 -16.566
-24.012 -3.939 -15.653
-21.793 -0.971 -14.799
-24.305 0.497 -12.327
-23.429 0.340 -8.649
-26.721 0.945 -6.836
-25.162 1.260 -3.358
-26.262 4.857 -2.864
-29.736 4.242 -4.287
-30.469 1.562 -1.691
-32.372 3.988 0.573
-34.366 5.371 -2.364
-35.677 4.125 -5.729
-33.623 1.170 -7.007
-32.224 1.298 -10.566
-33.603 -1.517 -12.740
-32.779 -3.146 -16.086
-35.422 -2.738 -18.783
-34.073 -3.744 -22.183
-31.379 -1.304 -23.286
-32.146 1.242 -20.569
-31.677 1.649 -16.817
-34.969 2.602 -15.221
-36.690 3.543 -11.975
-40.209 2.506 -11.006
-41.907 5.188 -8.944
-45.448 6.327 -8.149
-45.588 9.710 -9.846
-49.351 9.714 -10.503
-51.991 11.239 -8.202
-53.648 7.853 -7.694
-54.402 6.322 -5.393
-54.385 3.093 -7.414
-52.789 4.492 -10.570
-50.000 2.287 -11.908
-46.413 3.225 -11.011
-44.479 4.842 -13.851
-41.381 3.070 -15.116
-39.042 5.880 -16.142
-35.601 5.851 -17.745
-32.707 7.607 -15.986
-32.633 9.848 -19.035
-36.238 10.948 -18.309
-35.371 11.471 -14.627
-32.474 13.697 -15.715
-34.705 15.584 -18.138
-37.322 16.194 -15.438
-34.645 17.365 -13.008
-32.853 19.620 -15.495
-36.226 21.219 -16.344
-36.704 22.167 -12.707
-33.083 23.290 -12.401
-33.243 25.473 -15.511
-36.729 26.566 -14.475
-35.204 28.022 -11.312
-32.645 29.906 -13.394
-35.356 31.249 -15.707
-37.498 32.427 -12.783
-34.606 34.364 -11.284
-33.837 35.950 -14.668
-37.387 36.655 -15.836
-36.418 35.180 -19.184
-36.652 31.707 -20.684
-33.190 30.132 -20.524
-32.365 28.537 -23.864
-28.755 27.355 -23.589
-26.046 26.194 -21.150
-22.454 25.057 -20.702
-22.525 21.951 -18.465
-19.651 20.476 -16.444
-18.808 16.745 -16.612
-16.348 14.274 -15.039
-13.199 13.418 -17.041
-14.235 9.750 -17.112
-17.603 10.420 -18.760
-17.835 8.035 -21.739
-18.930 9.126 -25.205
-22.244 7.391 -24.482
-22.707 9.437 -21.300
-21.730 12.695 -23.004
-24.308 11.941 -25.714
-26.915 10.901 -23.106
-26.511 14.159 -21.186
-26.798 16.195 -24.382
-29.958 14.289 -25.322
-31.466 14.564 -21.827
-30.903 18.330 -21.925
-32.431 18.618 -25.413
-35.517 16.774 -24.204
-35.632 19.458 -21.513
-35.576 22.088 -24.273
-32.068 23.136 -23.188
-29.386 23.757 -25.820
-25.945 22.518 -24.803
-23.239 24.897 -26.069
-20.364 22.901 -24.653
-19.482 20.203 -22.152
-16.398 21.186 -20.135
-14.662 19.101 -17.465
-15.372 19.623 -13.782
-11.679 20.270 -13.104
-11.304 22.645 -16.073
-14.324 24.663 -14.901
-12.734 25.048 -11.444
-9.528 26.401 -12.976
-11.517 28.855 -15.048
-13.349 30.180 -11.972
-10.009 31.256 -10.523
-9.439 33.349 -13.643
-6.944 30.692 -14.736
