-39.407 19.283 64.585
-38.905 21.088 61.308
-40.872 19.890 58.291
-37.634 18.801 56.598
-35.295 16.419 58.459
-31.727 17.434 59.359
-28.684 15.703 57.883
-27.831 14.725 61.488
-30.321 14.180 64.331
-27.343 14.348 66.752
-28.724 13.810 70.304
-32.370 14.383 69.305
-33.378 10.802 69.904
-37.072 11.579 70.239
-37.365 13.168 66.755
-35.010 10.632 65.139
-37.160 7.744 66.380
-40.468 9.417 65.391
-39.175 10.354 61.966
-37.835 6.864 61.324
-41.088 5.320 62.576
-42.943 7.377 59.937
-40.374 6.314 57.348
-40.861 2.674 58.326
-44.620 3.061 57.749
-44.077 4.753 54.407
-41.618 2.099 53.130
-43.990 -0.755 54.086
-46.121 0.627 51.184
-43.318 -0.204 48.747
-42.158 -3.674 49.880
-43.729 -6.753 48.227
-44.429 -9.833 50.355
-41.140 -11.556 49.434
-39.295 -8.448 50.652
-41.379 -8.323 53.862
-40.669 -12.035 54.278
-36.934 -11.333 53.866
-37.164 -8.635 56.546
-39.037 -10.937 58.955
-36.356 -13.621 58.525
-33.637 -11.025 59.116
-35.246 -9.984 62.417
-35.099 -13.682 63.433
-31.630 -14.594 62.114
-29.736 -11.290 61.691
-26.217 -12.401 62.667
-26.064 -15.393 60.325
-27.742 -13.479 57.525
-25.286 -10.596 57.992
-22.361 -13.054 58.171
-23.435 -14.671 54.912
-23.705 -11.234 53.243
-20.035 -10.476 54.069
-18.352 -13.509 52.481
-20.854 -14.963 49.973
-18.836 -13.746 46.955
-15.580 -15.711 47.457
-16.742 -19.196 46.477
-17.022 -20.881 43.082
-19.721 -19.314 40.865
-21.763 -22.558 40.927
-21.414 -22.862 44.745
-22.795 -19.341 45.133
-25.673 -20.046 42.727
-26.521 -23.283 44.554
-26.637 -21.753 48.044
-30.247 -21.319 49.233
-29.102 -18.368 51.370
-28.903 -16.365 48.086
-32.683 -15.885 48.178
-32.654 -14.089 51.537
-29.571 -12.106 50.551
-30.929 -10.844 47.198
-34.439 -10.104 48.432
-33.263 -8.175 51.497
-30.652 -6.322 49.416
-33.393 -5.333 46.947
-35.594 -4.111 49.816
-32.785 -1.820 51.061
-31.433 -0.756 47.689
-34.579 0.969 46.525
-35.305 3.301 49.512
-32.614 5.771 48.596
-32.146 8.926 50.646
-32.662 12.314 48.954
-29.810 14.002 50.802
-26.998 12.927 53.128
-27.689 11.499 56.551
-25.394 10.742 59.457
-25.588 7.491 61.363
-24.191 5.983 64.534
-23.055 2.495 65.463
-20.554 0.632 67.637
-17.652 -1.474 66.275
-14.950 -3.676 67.747
-11.556 -1.912 67.394
-10.461 -5.178 65.729
-12.673 -4.148 62.793
-10.177 -1.328 62.020
-7.168 -3.537 62.751
-6.671 -2.359 66.316
-6.287 -5.855 67.735
-6.455 -5.114 71.454
-8.880 -3.472 73.846
-9.044 0.329 73.888
-10.003 -0.052 77.532
-11.708 -2.886 79.431
-15.480 -2.893 79.937
-14.915 -2.228 83.635
-12.492 0.687 83.067
-13.967 4.185 82.652
-11.089 6.077 81.094
-8.945 5.661 78.021
-5.212 6.303 78.258
-3.441 8.858 76.073
-1.260 5.914 75.090
-4.167 3.853 73.737
-5.739 6.902 72.105
-2.527 7.650 70.190
-1.987 3.985 69.235
-5.550 3.896 67.882
-5.051 7.137 65.938
-1.842 5.860 64.351
-3.542 2.552 63.458
-6.688 3.953 61.815
-5.469 7.198 60.176
-4.657 7.476 56.496
-6.489 4.202 55.702
-9.519 3.253 53.664
-11.297 0.300 55.297
-13.586 -1.887 53.146
-17.073 -2.542 54.526
-19.461 -5.289 53.502
-22.740 -6.810 54.499
-25.937 -5.975 56.306
-25.677 -3.650 59.271
-28.103 -2.074 61.740
-27.380 1.616 62.392
-28.930 4.382 64.506
-29.934 7.901 63.401
-29.182 9.382 66.832
-26.125 9.366 69.099
-26.290 6.755 71.881
-26.781 8.466 75.249
-27.506 7.775 78.911
-29.537 4.561 79.129
-28.749 3.344 75.577
-26.913 0.122 74.801
-23.204 0.605 74.235
-21.311 -2.690 73.596
-17.770 -1.386 72.813
-15.616 1.732 73.494
-15.686 2.639 69.780
-18.539 4.666 68.301
-18.663 5.260 64.555
-20.281 8.528 63.427
-20.676 7.952 59.690
-21.863 10.320 56.983
-23.797 8.571 54.220
-24.293 10.415 50.937
-27.374 11.024 48.832
-28.727 7.860 47.128
-27.608 5.565 49.913
-30.103 2.728 50.345
-31.577 2.562 53.830
-34.405 0.438 55.162
-36.315 1.831 58.161
-38.244 -0.900 59.961
-39.867 -1.940 63.212
-38.761 -4.873 65.318
-41.257 -5.332 68.153
-41.038 -2.083 70.201
-37.908 -0.797 68.445
-37.472 1.371 65.370
-34.417 0.306 63.397
-32.458 1.169 60.260
-30.828 -1.374 57.943
-28.107 -0.702 55.358
-25.985 -2.933 53.135
-22.409 -1.738 53.299
-20.882 -1.490 49.829
-18.118 1.074 50.268
-14.890 1.892 52.075
-14.770 4.123 55.121
-12.101 6.639 56.052
-11.727 7.836 59.617
-11.345 11.588 59.193
-10.879 12.301 62.902
-11.153 10.579 66.277
-12.175 12.263 69.514
-12.545 10.979 73.073
-16.031 11.635 74.547
-17.880 10.696 77.740
-21.285 9.012 77.737
-22.886 8.066 81.057
-19.660 8.051 83.096
-17.403 6.224 80.597
-14.953 7.422 77.947
-15.579 6.325 74.317
-13.739 7.022 71.092
-15.984 8.679 68.554
-14.714 8.184 65.021
-15.775 10.798 62.491
-16.073 8.738 59.316
-16.985 9.279 55.655
-17.219 6.940 52.692
-15.382 6.457 49.437
-17.209 4.546 46.707
