61.782 -26.315 18.855
60.264 -24.763 15.742
62.440 -25.741 12.771
63.066 -22.990 10.225
63.907 -24.367 6.775
64.810 -21.722 4.188
65.865 -22.192 0.560
67.914 -21.953 -1.479
71.224 -22.348 0.370
72.726 -19.863 -2.083
71.876 -18.197 -5.392
73.541 -16.135 -8.128
71.718 -13.182 -9.679
72.531 -10.255 -11.992
72.772 -6.589 -11.022
69.290 -5.060 -11.200
67.289 -8.280 -11.155
64.764 -9.432 -8.540
65.186 -12.439 -6.241
63.279 -14.275 -3.535
64.074 -17.014 -1.060
61.480 -18.787 1.059
61.400 -19.792 4.714
59.245 -22.681 5.925
58.460 -23.000 9.639
57.728 -26.385 11.234
54.401 -24.904 12.356
52.334 -21.756 11.881
53.967 -18.707 13.456
51.454 -15.945 12.733
53.865 -13.673 10.859
56.209 -13.522 13.848
59.258 -13.712 11.611
62.254 -11.437 11.156
64.568 -11.180 8.159
68.222 -10.515 8.938
71.021 -9.375 6.618
74.657 -10.295 7.289
77.431 -8.735 5.235
80.483 -11.032 5.053
82.620 -10.559 8.163
80.387 -7.878 9.659
77.377 -8.147 11.974
73.651 -8.349 11.284
70.983 -5.785 10.533
67.281 -6.422 10.954
65.599 -5.519 7.698
62.075 -6.823 8.218
59.950 -7.529 11.299
56.667 -9.397 11.776
56.735 -10.733 8.224
55.878 -7.611 6.245
57.214 -4.598 8.145
60.158 -2.657 6.776
62.382 -1.295 9.541
62.795 2.443 9.029
65.940 3.353 7.113
65.770 0.230 4.960
65.260 0.619 1.183
61.813 -0.203 -0.212
63.497 -2.691 -2.550
63.148 -5.163 0.304
59.742 -6.651 1.071
58.513 -9.641 3.044
55.424 -11.741 2.418
53.728 -14.912 3.576
51.625 -16.225 6.438
51.140 -19.393 8.456
54.332 -21.365 7.960
55.582 -19.988 4.628
57.395 -16.667 4.183
59.472 -15.010 1.471
61.970 -12.170 1.395
62.021 -10.453 -2.000
64.760 -8.081 -3.117
64.203 -5.994 -6.246
66.551 -3.754 -8.241
69.524 -5.520 -6.676
72.311 -3.024 -5.992
75.987 -3.529 -5.162
75.397 -3.316 -1.399
72.934 -6.220 -1.288
75.477 -9.028 -1.556
75.190 -10.826 1.772
73.903 -13.838 3.693
70.227 -13.694 4.715
68.662 -15.369 7.737
65.092 -15.742 8.923
64.193 -15.832 12.599
60.996 -16.886 14.347
59.969 -15.474 17.721
56.430 -16.714 18.361
57.613 -19.375 20.808
60.720 -20.222 22.815
63.352 -20.904 21.868
63.726 -18.435 19.002
65.062 -20.365 16.014
66.867 -19.330 12.832
67.067 -20.508 9.239
70.160 -21.987 7.617
70.859 -18.831 5.659
70.856 -17.881 1.989
74.114 -16.608 0.498
73.302 -14.075 -2.196
76.047 -13.816 -4.816
76.279 -11.308 -7.664
76.837 -12.070 -11.346
