42.793 -95.955 18.404
42.364 -99.335 20.035
43.525 -102.011 17.558
45.239 -99.385 15.375
49.095 -99.411 15.293
51.483 -96.483 15.780
54.348 -95.490 13.474
57.712 -94.094 14.638
57.670 -90.294 14.772
60.161 -89.923 11.907
57.722 -91.780 9.675
54.787 -89.694 10.871
56.659 -86.491 10.029
57.828 -87.763 6.649
54.361 -89.035 5.738
52.955 -85.663 6.772
55.422 -83.886 4.485
54.504 -86.159 1.579
50.824 -85.480 2.214
51.342 -81.721 2.224
53.363 -81.624 -1.016
50.901 -84.054 -2.593
47.990 -81.843 -1.627
49.881 -78.872 -3.055
50.615 -80.476 -6.415
47.026 -81.744 -6.393
45.919 -78.141 -6.000
48.217 -77.044 -8.829
46.778 -79.671 -11.152
43.275 -78.615 -10.093
43.763 -74.937 -10.962
45.349 -75.846 -14.290
42.327 -78.060 -14.973
39.874 -75.246 -14.295
41.874 -72.787 -16.424
42.048 -75.125 -19.434
38.334 -75.668 -18.753
37.575 -71.950 -19.020
39.156 -71.873 -22.493
51.142 -55.256 8.900
51.704 -58.198 11.234
48.268 -59.586 10.382
48.555 -59.049 6.622
51.417 -61.543 6.640
50.120 -63.846 9.370
46.531 -64.300 8.154
47.136 -66.306 4.980
49.804 -68.287 6.865
47.017 -69.444 9.164
44.516 -70.175 6.398
47.088 -72.325 4.613
48.332 -74.064 7.765
44.922 -75.187 9.028
43.726 -76.088 5.538
46.697 -78.407 5.086
45.942 -79.757 8.557
43.321 -82.524 8.795
43.629 -84.359 5.504
45.813 -86.654 7.572
43.045 -88.354 9.570
41.578 -89.721 6.340
42.636 -93.394 6.146
43.771 -94.607 2.732
43.889 -98.303 3.599
44.009 -101.102 6.204
46.951 -100.984 8.662
50.399 -102.063 7.490
49.630 -101.174 3.882
51.690 -98.014 3.379
54.598 -100.335 2.715
54.784 -101.789 6.201
53.223 -98.656 7.651
50.148 -96.429 7.864
48.074 -94.866 5.018
47.042 -92.046 7.342
49.259 -89.447 9.009
47.590 -89.194 12.410
44.654 -91.281 13.653
43.151 -89.660 16.786
40.415 -91.078 19.045
38.407 -87.879 18.739
38.401 -87.933 14.968
35.546 -85.735 13.822
36.145 -82.905 16.321
39.675 -82.387 14.978
38.257 -81.590 11.541
35.849 -79.030 13.027
38.668 -77.440 15.027
41.016 -77.020 12.069
38.149 -75.706 9.958
37.310 -72.805 12.285
40.843 -71.419 12.192
41.229 -70.994 8.429
38.134 -68.816 8.658
39.922 -66.938 11.438
42.561 -66.193 8.832
39.882 -64.977 6.402
38.224 -62.300 8.523
41.596 -61.327 9.971
42.918 -60.583 6.490
39.732 -58.607 6.029
40.573 -56.373 8.974
44.161 -56.146 7.734
43.393 -54.363 4.443
42.088 -51.263 6.179
39.404 -50.808 3.552
35.656 -50.943 4.059
34.149 -53.984 2.287
37.620 -55.491 2.233
36.844 -56.238 5.849
33.053 -56.352 5.404
33.149 -58.772 2.492
35.744 -60.882 4.278
33.271 -61.035 7.168
30.484 -62.120 4.836
32.493 -65.034 3.453
33.881 -65.799 6.919
30.409 -65.908 8.451
28.958 -68.060 5.661
31.834 -70.567 5.682
31.406 -70.790 9.451
27.666 -71.362 8.976
27.954 -74.271 6.568
31.018 -75.737 8.290
28.915 -75.789 11.457
26.036 -77.340 9.509
28.319 -80.233 8.614
28.568 -81.124 12.314
24.821 -81.295 12.864
24.904 -83.495 9.782
27.610 -85.790 11.179
25.904 -86.379 14.524
23.327 -88.788 13.088
25.822 -91.291 11.630
28.106 -91.032 14.666
25.115 -92.254 16.689
25.212 -95.430 14.588
28.977 -95.938 14.646
29.208 -94.869 18.270
32.723 -93.638 17.637
34.282 -90.322 16.659
37.272 -91.979 14.982
37.295 -92.099 11.170
38.740 -95.611 10.943
35.920 -96.913 13.123
33.470 -95.097 10.809
34.983 -96.528 7.626
35.298 -100.081 8.937
31.718 -99.829 10.181
30.852 -99.176 6.542
32.849 -102.266 5.623
30.806 -104.526 7.883
27.313 -103.025 8.151
27.717 -101.034 4.945
27.782 -97.515 3.448
26.352 -95.026 5.952
24.350 -92.974 3.438
21.978 -95.954 3.362
21.179 -95.371 7.033
21.685 -91.611 7.274
20.531 -90.436 3.834
19.087 -87.093 4.984
22.340 -86.346 6.811
24.182 -87.398 3.662
22.084 -84.916 1.706
22.779 -81.946 3.950
26.460 -82.897 4.214
26.912 -83.133 0.457
24.754 -80.073 -0.312
26.466 -77.876 2.280
30.053 -78.950 1.648
29.365 -78.444 -2.050
27.750 -75.030 -1.547
30.995 -73.990 0.134
32.536 -74.101 -3.329
30.044 -71.545 -4.619
31.197 -67.953 -5.135
29.944 -64.762 -3.476
50.651 -56.791 -1.916
47.233 -58.200 -2.920
48.734 -60.113 -5.847
50.004 -62.967 -3.667
47.297 -62.759 -0.993
44.461 -63.945 -3.234
46.639 -66.737 -4.625
47.434 -68.009 -1.112
43.797 -67.807 -0.071
42.435 -69.526 -3.187
45.074 -72.220 -2.659
43.800 -72.796 0.866
40.212 -72.907 -0.408
40.899 -75.492 -3.116
42.867 -77.605 -0.647
39.789 -77.545 1.570
37.714 -78.556 -1.453
39.706 -81.666 -2.320
39.715 -82.429 1.416
35.907 -82.405 1.308
36.066 -84.457 -1.889
37.813 -87.058 0.238
35.622 -86.604 3.317
32.214 -87.164 1.721
33.268 -90.662 0.567
35.095 -91.413 3.834
32.021 -90.803 5.962
28.727 -91.534 4.211
30.086 -93.854 1.542
32.677 -96.476 2.405
35.815 -94.520 1.441
38.281 -97.009 -0.005
36.855 -100.240 1.519
34.795 -101.533 -1.387
32.829 -104.786 -1.168
34.717 -105.838 -4.273
38.357 -105.760 -5.423
39.462 -104.434 -1.998
42.463 -102.474 -3.251
43.583 -99.886 -0.656
44.377 -96.565 -2.328
42.817 -96.612 -5.809
39.280 -96.710 -4.482
39.552 -93.646 -2.259
41.451 -91.906 -5.056
38.615 -92.627 -7.475
35.871 -91.428 -5.125
37.950 -88.322 -4.431
38.339 -87.760 -8.171
34.557 -88.056 -8.553
33.525 -85.470 -5.991
36.483 -83.302 -7.009
35.227 -83.377 -10.589
31.845 -82.181 -9.357
33.646 -79.434 -7.422
35.589 -78.238 -10.473
32.336 -78.231 -12.439
30.949 -75.968 -9.728
34.045 -73.747 -9.978
34.320 -73.318 -13.748
30.710 -72.309 -14.432
31.214 -69.950 -11.510
28.155 -69.938 -9.247
25.917 -67.457 -7.473
24.000 -67.768 -4.209
24.486 -64.217 -2.866
24.107 -65.338 0.726
20.855 -63.654 1.818
19.106 -66.703 0.410
22.084 -68.961 1.165
21.929 -68.298 4.908
18.125 -68.540 4.957
18.149 -71.808 2.999
21.095 -73.113 5.005
19.639 -72.612 8.463
15.914 -72.513 7.800
16.055 -75.768 5.873
19.315 -77.702 6.055
20.316 -77.217 9.664
16.971 -77.865 11.357
16.614 -80.850 9.009
20.054 -82.140 9.968
19.406 -82.154 13.695
15.757 -83.127 13.358
17.099 -86.220 11.608
19.589 -86.507 14.439
16.762 -86.915 16.943
15.103 -89.502 14.712
18.224 -91.676 14.617
18.750 -90.810 18.278
15.353 -92.249 19.190
16.226 -95.298 17.120
19.590 -95.964 18.791
18.325 -95.305 22.308
15.369 -97.651 21.880
17.737 -100.124 20.241
14.963 -101.251 17.841
16.745 -102.462 14.853
19.099 -100.557 12.594
16.692 -101.474 9.811
14.256 -98.674 10.616
16.875 -96.210 9.359
17.474 -98.138 6.147
13.727 -97.997 5.590
13.462 -94.347 6.612
16.424 -93.248 4.494
14.986 -95.138 1.533
11.637 -93.392 1.993
13.108 -89.921 2.548
15.151 -90.518 -0.577
11.969 -91.438 -2.439
10.410 -88.137 -1.393
13.470 -85.884 -1.796
14.027 -87.311 -5.283
10.525 -88.093 -6.529
9.374 -84.587 -5.596
12.251 -83.152 -7.618
11.231 -85.047 -10.773
7.741 -83.459 -10.820
