-82.139 -8.645 28.463
-83.806 -11.988 29.199
-86.828 -13.433 27.380
-90.074 -15.172 28.348
-93.298 -16.528 26.831
-95.591 -13.636 25.837
-98.629 -14.641 27.878
-100.379 -17.655 29.399
-103.724 -18.973 30.650
-105.161 -22.070 32.349
-107.931 -23.470 34.548
-108.437 -23.887 38.309
-106.830 -27.192 39.338
-104.611 -27.050 36.247
-100.800 -26.951 36.315
-99.015 -24.456 34.062
-95.413 -23.704 33.051
-93.671 -20.435 32.083
-90.129 -20.137 30.612
-87.133 -17.795 30.734
-84.067 -17.750 28.445
-80.799 -15.789 28.183
-77.029 -15.557 27.627
-74.238 -17.701 29.094
-73.223 -14.422 30.741
-76.166 -14.246 33.130
-78.048 -17.552 33.576
-75.231 -19.745 32.212
-73.006 -18.545 35.060
-75.225 -17.007 37.743
-78.555 -18.502 38.960
-82.150 -17.259 38.709
-84.914 -15.824 40.918
-88.637 -15.458 40.187
-90.870 -12.547 41.211
-94.672 -12.285 41.193
-96.622 -9.045 40.799
-100.372 -9.104 41.476
-102.312 -6.241 39.774
-102.555 -2.773 41.243
-99.629 -3.763 43.535
-95.872 -4.351 44.050
-93.539 -7.355 43.445
-92.901 -10.131 45.934
-90.233 -12.817 45.504
-91.690 -16.182 44.450
-88.509 -18.254 44.113
-84.785 -17.752 44.869
-81.693 -19.524 43.515
-83.554 -21.823 41.077
-85.432 -24.530 43.019
-85.763 -22.800 46.414
-88.894 -21.070 47.686
-89.029 -18.630 50.642
-91.394 -18.845 53.630
-95.077 -18.020 53.160
-95.155 -19.463 49.643
-97.531 -22.389 48.843
-96.071 -25.677 47.557
-97.725 -25.699 44.104
-95.125 -23.134 42.980
-91.660 -24.452 42.157
-89.057 -24.158 39.432
-85.695 -25.076 37.956
-82.928 -24.247 35.461
-80.694 -26.062 32.970
-78.066 -24.628 30.640
-78.960 -21.019 29.819
-82.692 -21.581 30.241
-84.887 -21.620 33.346
-88.492 -22.635 34.003
-91.311 -22.039 36.513
-94.295 -24.261 37.383
-97.626 -24.034 39.210
-98.889 -27.551 40.095
-102.429 -26.476 40.947
-104.270 -23.268 40.247
-106.332 -20.907 42.392
-107.763 -17.480 41.507
-105.083 -15.966 43.762
-102.462 -17.043 41.198
-103.368 -14.424 38.565
-100.447 -11.999 38.099
-97.330 -10.977 36.147
-94.269 -13.267 36.483
-90.605 -12.224 36.114
-87.406 -14.219 35.873
-84.322 -12.308 36.990
-80.636 -13.182 37.050
-77.306 -11.532 37.812
-75.186 -10.902 34.732
-71.482 -10.457 35.425
-71.188 -8.827 32.031
-69.034 -5.984 30.966
-69.412 -3.140 31.397
-69.708 -4.339 35.027
-71.736 -6.718 37.226
-75.482 -6.090 36.919
-78.918 -7.550 37.619
-81.095 -8.387 34.594
-84.869 -8.840 34.266
-86.974 -10.837 31.827
-89.496 -8.746 29.899
-92.399 -10.357 31.726
-95.338 -12.740 31.535
-99.009 -12.337 32.358
-101.185 -15.344 33.072
-104.938 -15.752 33.442
-106.842 -18.258 35.614
-109.913 -18.078 33.377
-112.583 -17.490 35.997
