-7.163 -26.184 23.978
-10.297 -26.011 21.774
-9.279 -23.630 18.989
-11.483 -23.638 15.833
-9.559 -23.747 12.486
-10.682 -22.765 9.008
-9.184 -23.393 5.600
-8.931 -20.377 3.314
-11.096 -22.276 0.816
-13.888 -22.158 3.418
-13.323 -18.541 4.333
-13.456 -17.491 0.681
-17.097 -18.624 0.442
-18.187 -16.087 3.070
-17.849 -13.178 0.699
-21.188 -11.348 0.745
-23.327 -9.434 3.233
-25.260 -12.655 3.962
-22.290 -14.071 5.865
-19.137 -12.034 5.770
-15.779 -13.360 6.957
-12.401 -11.741 6.749
-8.841 -12.771 7.636
-6.597 -10.405 9.573
-3.200 -11.597 10.820
-4.066 -15.267 10.401
-7.389 -15.098 12.242
-10.923 -15.316 10.922
-13.491 -12.685 11.865
-17.207 -12.888 11.140
-18.050 -9.244 10.488
-21.577 -9.787 9.108
-23.247 -7.651 11.763
-20.465 -5.045 11.756
-20.831 -4.058 8.082
-23.499 -1.446 8.836
-21.541 -0.127 11.841
-18.053 0.163 10.372
-17.009 3.832 10.316
-15.177 3.233 7.047
-18.400 1.998 5.430
-19.617 -1.332 4.144
-18.083 -1.265 0.692
-14.428 -1.324 1.705
-15.201 -4.441 3.779
-17.288 -6.214 1.129
-14.570 -5.656 -1.432
-12.306 -7.871 0.661
-14.895 -10.208 2.119
-13.717 -13.794 2.141
-10.142 -12.610 1.758
-7.085 -11.484 3.676
-7.540 -7.861 4.633
-4.445 -7.536 6.836
-2.610 -5.157 4.514
-5.566 -2.811 4.136
-6.406 -2.945 7.832
-2.854 -1.944 8.733
-2.471 0.645 5.943
-5.571 2.549 7.097
-3.931 3.109 10.460
-6.764 1.855 12.619
-6.798 3.048 16.223
-6.175 0.871 19.273
-9.945 1.056 19.921
-10.641 -0.294 16.419
-8.198 -3.126 16.976
-9.836 -3.988 20.283
-13.170 -4.447 18.490
-11.792 -7.574 16.799
-12.560 -9.643 19.897
-16.264 -9.173 19.151
-15.927 -10.855 15.750
-13.217 -13.502 16.227
-14.404 -16.988 15.226
-11.200 -18.981 14.787
-7.728 -19.335 13.373
-6.602 -19.963 9.821
-5.332 -23.521 9.422
-1.540 -23.477 9.910
-0.861 -24.739 6.351
-2.768 -21.769 4.925
-1.107 -18.997 6.937
0.463 -16.119 5.069
4.050 -15.106 5.747
