3.246 6.745 19.338
3.546 3.221 20.862
5.414 3.945 24.099
7.863 1.011 23.853
8.715 1.866 20.233
8.954 5.530 21.089
11.297 4.799 24.001
13.702 3.079 21.630
13.700 6.003 19.228
14.218 8.369 22.194
17.005 6.192 23.537
18.885 6.310 20.248
18.466 10.096 19.935
19.693 10.667 23.509
22.630 8.430 22.693
23.388 10.584 19.631
23.170 13.803 21.591
25.708 12.778 24.213
27.959 9.882 23.243
28.119 10.818 19.553
27.600 14.532 19.137
28.808 16.107 22.423
31.508 13.560 23.206
32.902 12.584 19.813
31.952 15.118 17.163
31.478 18.569 18.620
34.547 18.284 20.822
36.884 17.524 17.956
35.222 19.839 15.449
35.286 22.842 17.790
39.027 22.218 18.402
39.994 21.958 14.721
37.484 24.238 13.033
36.973 27.035 15.534
39.836 27.074 18.044
42.849 26.635 15.767
44.256 23.550 17.470
46.288 21.085 15.398
47.119 18.566 18.131
44.343 16.060 18.828
44.638 13.720 21.824
44.205 10.001 20.946
41.243 10.059 23.360
39.245 12.096 20.806
39.819 9.368 18.209
38.946 6.691 20.766
35.622 8.538 21.362
34.784 8.057 17.654
35.572 4.354 17.470
33.633 3.786 20.707
30.635 5.420 19.019
30.986 3.256 15.906
31.219 0.161 18.123
28.057 1.120 19.986
26.096 1.798 16.782
27.251 -1.433 15.056
25.753 -3.228 18.064
22.355 -1.561 17.765
21.445 -3.389 14.580
21.458 -7.068 15.528
19.161 -8.502 12.863
17.418 -5.184 12.166
18.208 -2.730 9.396
17.617 0.558 11.256
18.907 1.927 14.530
15.568 1.988 16.365
13.649 -0.954 14.916
12.679 -2.337 11.500
11.516 1.000 10.007
13.229 4.341 9.288
12.766 6.807 12.168
14.067 10.200 13.220
16.742 8.360 15.192
18.244 7.313 11.862
18.285 10.903 10.679
19.966 11.987 13.928
22.687 9.340 13.824
23.388 9.578 10.090
23.851 13.363 10.341
26.690 12.911 12.858
28.187 9.637 11.598
28.382 11.112 8.067
30.389 13.939 9.630
32.623 11.766 11.797
33.985 10.028 8.731
35.885 13.269 8.149
38.070 12.092 11.032
37.761 8.318 10.924
36.365 6.673 7.776
34.106 3.728 8.593
36.015 0.491 8.040
33.372 -1.571 6.153
35.099 -4.848 7.106
35.007 -3.983 10.804
31.593 -2.311 10.690
29.555 -4.179 8.090
26.106 -3.341 9.546
26.937 0.361 10.060
28.268 0.447 6.499
25.121 -1.227 5.089
22.905 1.164 7.027
24.731 4.201 5.590
24.203 2.716 2.118
20.525 2.156 2.858
19.930 5.753 3.866
21.932 6.959 0.861
19.087 5.574 -1.309
16.479 7.955 0.131
15.236 10.365 -2.548
16.006 13.325 -0.272
19.435 12.129 0.998
21.183 15.117 -0.602
19.794 17.172 2.272
22.411 15.387 4.279
25.172 14.541 1.770
25.715 18.096 0.557
26.423 19.522 4.001
28.282 16.387 5.104
30.689 16.931 2.217
31.089 20.560 3.252
31.860 19.395 6.811
34.440 16.930 5.486
35.992 19.680 3.316
36.181 22.049 6.270
38.022 19.403 8.266
40.439 18.539 5.426
41.288 22.237 5.209
42.499 22.163 8.828
45.222 19.497 8.985
45.930 17.981 12.367
47.962 15.312 14.031
46.980 12.850 16.719
49.048 12.704 19.896
49.223 9.842 22.364
