-27.903 -17.438 60.126
-26.804 -13.749 59.844
-28.322 -12.027 56.802
-26.201 -9.405 55.043
-28.442 -7.031 52.997
-26.893 -4.839 50.323
-28.449 -1.766 48.800
-29.065 -0.470 46.189
-29.057 -3.371 43.674
-27.441 -1.063 41.101
-25.741 2.329 41.399
-24.996 4.777 38.574
-22.403 7.496 39.330
-20.514 9.773 36.861
-16.754 9.253 36.373
-14.569 10.973 38.983
-17.597 11.048 41.353
-18.250 9.483 44.767
-19.974 6.056 44.894
-21.290 4.918 48.299
-22.760 1.475 48.814
-24.514 0.021 51.889
-24.576 -3.264 53.757
-26.822 -4.018 56.728
-26.217 -7.047 58.955
-29.388 -8.631 60.489
-27.571 -9.017 63.918
-24.386 -7.412 65.298
-21.297 -8.704 63.472
-18.884 -6.351 65.341
-16.299 -5.162 62.749
-15.949 -8.633 61.013
-17.040 -7.496 57.550
-15.144 -7.668 54.258
-15.857 -6.127 50.831
-15.011 -7.816 47.514
-15.040 -6.670 43.947
-16.118 -9.074 41.178
-15.870 -8.718 37.396
-17.301 -11.125 34.758
-15.303 -14.336 34.318
-13.227 -13.622 37.388
-13.329 -14.663 41.077
-14.204 -12.056 43.791
-11.167 -9.862 44.755
-10.609 -8.697 48.362
-10.832 -4.904 48.847
-11.504 -4.335 52.584
-11.193 -6.484 55.736
-12.366 -5.914 59.366
-14.798 -3.183 58.030
-12.180 -0.461 57.469
-8.847 -2.065 56.649
-7.774 -1.553 52.969
-6.286 -4.784 51.560
-2.674 -4.520 50.250
-2.425 -3.285 46.668
-5.990 -1.956 46.642
-6.126 1.711 45.328
-6.591 4.503 47.983
-10.003 5.480 46.451
-11.649 2.441 48.130
-12.555 2.814 51.816
-14.746 0.898 54.218
-16.618 2.090 57.298
-19.088 0.835 59.866
-19.382 -1.057 63.130
-21.869 -3.572 64.426
-24.841 -3.355 62.037
-24.405 -0.754 59.203
-21.458 -0.974 56.816
-20.335 1.142 53.899
-17.917 0.859 50.922
-16.926 4.184 49.290
-15.154 4.877 45.970
-14.038 8.553 46.283
-13.517 9.090 42.539
-15.115 6.491 40.232
-12.816 5.074 37.487
-14.003 3.062 34.421
-12.224 -0.048 35.862
-14.405 0.211 39.041
-17.479 -0.948 37.056
-18.156 -4.299 38.796
-20.295 -6.100 41.360
-19.402 -5.372 45.049
-20.225 -7.863 47.812
-20.060 -7.596 51.641
-19.386 -10.651 53.827
-19.541 -11.323 57.601
-17.089 -13.521 59.489
-18.574 -12.825 62.975
-20.394 -16.110 63.233
-20.620 -19.371 61.284
-22.078 -19.953 58.663
-20.175 -17.033 57.078
-22.513 -15.053 54.839
-22.420 -12.669 51.854
-24.766 -9.946 50.657
-26.542 -10.098 47.305
-24.291 -7.481 45.700
-24.445 -3.971 44.270
-23.497 -3.401 40.636
-21.756 -0.020 40.135
-22.263 1.668 36.733
-21.131 4.841 34.963
-24.018 7.374 34.789
