-40.354 23.573 -6.449
-38.673 24.955 -9.464
-36.698 23.225 -12.139
-33.823 23.967 -14.449
-32.971 22.300 -17.783
-29.283 22.724 -18.649
-29.567 22.717 -22.417
-26.313 24.324 -23.656
-22.854 22.840 -24.241
-20.675 22.542 -27.363
-21.879 19.111 -28.511
-18.377 18.724 -30.001
-18.695 14.971 -30.391
-21.794 15.366 -32.561
-20.076 17.593 -35.142
-21.231 18.483 -37.809
-24.766 18.090 -36.436
-24.030 20.746 -33.869
-22.476 23.288 -36.201
-25.893 25.121 -36.504
-28.436 23.152 -34.368
-28.187 22.729 -30.546
-27.588 19.087 -29.558
-30.788 19.507 -27.559
-32.711 20.505 -30.683
-31.705 17.280 -32.488
-34.348 14.553 -32.850
-34.867 11.724 -30.461
-37.062 9.671 -32.824
-39.863 12.106 -33.521
-39.414 14.894 -30.926
-36.731 17.468 -30.248
-34.350 16.139 -27.591
-35.291 18.793 -25.049
-38.882 17.465 -24.913
-37.621 14.497 -22.957
-35.966 16.233 -19.927
-38.794 18.833 -19.961
-41.356 16.024 -19.726
-39.463 14.641 -16.670
-39.734 17.974 -14.766
-43.430 18.243 -15.729
-44.127 14.704 -14.528
-42.425 15.525 -11.210
-45.075 18.239 -10.674
-42.666 21.083 -11.522
-44.416 24.008 -13.276
-41.891 26.842 -13.010
-38.891 26.004 -15.161
-35.742 27.805 -16.369
-34.078 26.648 -19.600
-30.398 27.551 -19.856
-28.537 27.461 -23.160
-25.764 29.163 -25.154
-26.073 32.734 -26.408
-26.994 31.495 -29.904
-29.231 28.620 -28.964
-31.315 30.084 -26.148
-33.545 32.026 -28.553
-34.086 28.807 -30.536
-35.413 27.069 -27.479
-37.766 29.974 -26.743
-39.003 29.771 -30.338
-39.783 26.050 -29.806
-41.382 26.109 -26.358
-42.429 29.721 -25.766
-43.328 30.911 -22.279
-45.194 27.774 -21.339
-48.774 29.018 -21.162
-49.870 26.410 -23.780
-48.669 23.743 -21.348
-50.127 25.360 -18.222
-46.561 26.034 -17.016
-44.012 28.874 -16.806
-40.910 28.668 -18.892
-38.117 31.231 -18.631
-34.747 31.421 -20.343
-31.190 32.335 -19.476
-27.859 32.351 -21.227
-24.712 30.508 -20.197
-21.872 32.400 -21.886
-19.504 29.414 -21.844
-20.065 25.722 -20.924
-18.070 25.977 -17.724
-19.839 23.296 -15.697
-23.165 21.887 -14.575
-22.926 23.694 -11.258
-23.179 26.992 -13.146
-26.848 26.273 -13.535
-27.420 27.425 -9.953
-25.288 30.537 -10.374
-27.013 31.637 -13.568
-30.329 30.536 -12.018
-29.834 32.220 -8.615
-32.443 34.921 -9.130
-34.841 32.425 -10.664
-34.452 29.946 -7.760
-34.973 32.560 -5.041
-35.604 30.796 -1.750
-37.074 27.650 -3.284
-35.889 24.081 -3.677
-34.909 23.236 -7.256
-34.377 20.222 -9.531
-31.829 20.088 -12.311
-32.123 17.943 -15.411
-29.500 17.625 -18.157
-30.630 18.363 -21.702
-29.150 15.253 -23.331
-30.504 12.651 -20.868
-33.405 10.354 -21.715
-35.169 8.644 -18.790
-37.959 6.045 -19.297
-39.412 3.289 -17.205
-42.184 1.971 -15.059
-42.440 3.436 -11.581
-40.660 6.617 -12.570
-43.365 9.168 -11.759
-43.552 7.853 -8.176
-39.846 8.263 -7.666
-39.991 11.769 -9.197
-42.856 12.906 -7.067
-41.131 11.513 -3.972
-37.911 13.353 -4.758
-39.814 16.526 -5.526
-41.554 16.427 -2.220
-38.429 15.811 -0.114
-37.795 19.113 1.577
-34.168 18.573 2.740
-30.888 17.394 1.266
-29.889 16.361 -2.318
-31.448 13.389 -4.148
-29.509 11.731 -6.970
-30.482 8.780 -9.120
-28.060 5.916 -9.689
-28.161 3.519 -12.618
-26.043 0.440 -13.388
-23.911 1.012 -16.519
-21.310 -0.716 -18.585
-18.696 2.002 -18.488
-18.984 3.758 -15.149
-15.704 5.659 -15.610
-17.570 7.862 -18.164
-19.860 9.280 -15.475
-20.162 10.452 -11.896
-20.090 7.210 -9.903
-21.935 6.601 -6.629
-20.845 3.946 -4.147
-23.459 2.906 -1.572
-23.689 0.433 1.377
-26.215 -2.310 2.140
-28.899 0.146 3.319
-28.484 2.432 0.235
-26.440 4.925 2.218
-23.945 6.822 0.106
-20.313 6.079 0.860
-18.612 7.960 -1.973
-19.224 9.928 -5.165
-16.518 10.594 -7.761
-16.504 12.198 -11.216
-15.110 9.899 -13.970
-12.948 7.774 -11.611
-10.155 5.801 -13.288
-10.977 2.973 -10.832
-14.770 3.166 -10.289
-15.934 2.028 -6.806
-19.208 0.697 -8.212
-21.012 0.221 -11.542
-23.588 2.922 -10.670
-23.581 6.138 -12.730
-25.081 9.275 -11.191
-27.586 10.162 -13.858
-28.443 13.680 -15.022
-31.418 14.376 -12.722
-30.860 16.044 -9.334
-33.159 17.426 -6.652
-31.827 19.996 -4.187
-32.948 22.136 -1.324
-32.148 25.837 -1.423
-28.612 25.310 -0.015
-27.461 24.366 -3.494
-27.030 27.992 -4.652
-24.463 28.840 -1.952
-22.802 25.471 -2.427
-22.397 26.092 -6.190
-20.844 29.493 -5.444
-18.226 27.874 -3.251
-16.894 25.108 -5.446
-13.959 25.552 -7.837
-13.146 24.175 -11.272
-11.985 20.589 -11.622
-9.120 19.300 -13.874
-11.678 19.422 -16.756
-12.052 23.149 -15.997
-15.675 22.630 -14.986
-17.685 23.537 -11.886
-18.773 19.950 -11.360
-22.165 18.738 -10.198
-20.212 16.010 -8.517
-18.692 18.669 -6.256
-22.155 20.013 -5.399
-23.104 16.484 -4.464
-19.882 15.995 -2.411
-20.889 19.071 -0.344
-24.131 17.402 0.536
-22.336 14.107 1.221
-20.044 15.876 3.720
-23.216 16.840 5.602
-24.621 13.317 5.412
-27.422 14.656 3.284
-26.830 13.112 -0.149
-29.603 10.605 -0.801
-29.548 8.122 -3.706
-32.542 6.518 -5.360
-31.761 3.477 -7.410
-33.131 3.275 -10.913
-33.136 -0.524 -11.387
-32.215 -2.563 -14.547
-35.750 -2.522 -15.934
-35.422 1.234 -16.289
-33.892 2.871 -19.393
-31.389 5.693 -19.021
-29.739 6.740 -22.192
-27.816 9.719 -23.409
-27.338 11.141 -26.738
-23.680 12.128 -26.461
-22.463 10.292 -29.615
-23.862 9.733 -33.098
-24.175 6.054 -32.343
-25.899 6.634 -28.972
-28.283 9.273 -30.413
-29.427 6.855 -33.117
-29.751 4.076 -30.501
-32.003 6.281 -28.295
-34.129 7.148 -31.295
-34.596 3.486 -32.099
-35.497 2.709 -28.500
-38.270 5.330 -28.378
-39.493 4.210 -31.802
-39.858 0.641 -30.490
-41.786 1.733 -27.410
-44.140 3.946 -29.369
-44.757 1.533 -32.244
-46.100 -1.120 -29.978
-48.305 1.088 -27.796
-51.026 3.531 -28.438
-49.200 5.928 -26.043
-46.334 8.424 -26.701
-43.180 9.211 -24.687
-42.606 12.909 -23.753
-45.693 14.258 -25.523
-45.676 17.605 -23.601
-49.266 18.551 -24.338
-50.506 15.148 -23.229
-48.537 15.476 -19.984
-49.873 19.018 -19.362
-53.364 17.549 -19.666
-52.660 14.443 -17.548
-50.988 16.514 -14.795
-54.024 18.839 -14.798
-51.985 21.868 -15.881
-54.410 22.339 -18.845
-58.057 21.491 -19.433
-59.716 19.237 -22.059
-60.817 22.402 -23.913
-57.337 23.839 -23.821
-56.007 20.525 -25.225
-58.502 20.609 -28.095
-57.286 24.094 -28.950
-53.679 22.826 -29.086
-54.722 19.859 -31.258
-56.595 21.991 -33.877
-53.555 23.588 -35.715
-51.850 20.178 -35.572
-54.672 18.058 -37.084
-52.676 18.179 -40.317
-50.333 15.690 -38.635
-50.412 12.531 -36.554
-49.176 14.311 -33.447
-52.239 16.611 -33.434
-54.438 13.674 -34.191
-53.056 11.923 -31.100
-53.753 14.979 -28.911
-57.355 15.277 -30.277
-58.008 11.621 -29.669
-56.808 12.003 -26.087
-58.921 15.120 -25.433
-62.068 13.249 -26.498
-61.338 10.113 -24.448
-63.258 9.563 -21.193
