14.855 20.170 10.862
16.536 19.112 7.616
20.139 19.365 6.312
20.777 22.003 3.650
22.678 19.702 1.359
20.488 18.341 -1.481
22.361 15.033 -1.167
21.591 14.530 2.499
18.028 15.744 1.947
17.510 13.179 -0.776
18.995 10.399 1.279
16.746 11.454 4.194
13.603 11.607 2.098
14.346 8.082 0.914
14.880 6.897 4.486
11.449 8.427 5.344
9.822 6.665 2.396
11.336 3.311 3.345
10.227 3.731 6.993
6.682 4.409 5.781
6.658 1.358 3.569
8.567 -1.099 5.822
7.872 -0.002 9.440
4.857 2.277 9.634
2.709 0.011 7.484
3.032 -2.465 10.379
2.318 0.316 12.894
-1.000 0.912 11.116
-1.893 -2.757 11.566
-1.120 -2.578 15.316
-3.253 0.574 15.499
-6.198 -0.966 13.681
-8.744 -2.275 16.248
-10.245 -4.397 13.476
-7.036 -6.184 12.498
-6.764 -9.905 13.256
-4.604 -11.135 16.124
-2.577 -13.075 13.567
-2.035 -9.939 11.458
-0.968 -7.982 14.520
1.472 -10.695 15.577
3.095 -10.589 12.115
3.279 -6.781 12.316
4.881 -6.819 15.760
7.404 -9.375 14.553
8.225 -7.373 11.442
8.808 -4.202 13.401
11.204 -5.911 15.789
13.106 -7.486 12.923
13.212 -4.246 10.927
14.403 -2.120 13.821
17.014 -4.742 14.767
18.446 -4.618 11.284
18.435 -0.827 11.221
20.194 -0.550 14.573
23.810 -0.533 13.242
23.174 2.200 10.640
26.075 8.227 14.255
24.335 10.235 17.035
21.154 10.690 14.998
19.732 8.803 12.027
21.258 11.062 9.326
24.473 11.899 11.118
25.545 14.077 13.962
22.526 16.428 13.614
18.941 15.842 14.811
16.480 15.914 11.922
12.939 15.356 10.738
13.938 11.773 10.111
14.414 11.294 13.853
11.083 12.983 14.409
9.251 10.570 12.089
10.657 7.462 13.822
10.437 8.646 17.458
6.731 7.769 18.120
7.382 4.164 17.141
10.389 3.855 19.404
8.389 5.410 22.258
5.790 2.644 21.738
8.008 -0.451 21.709
6.790 -1.549 25.166
3.165 -0.603 24.334
3.346 -2.673 21.131
5.159 -5.557 22.878
7.961 -5.324 20.319
11.034 -7.267 21.340
14.412 -6.320 19.775
17.584 -8.369 19.479
20.376 -7.700 21.988
22.339 -6.340 19.010
19.899 -3.430 18.964
21.256 -1.872 22.154
22.610 1.070 20.079
19.136 1.829 18.727
17.729 1.845 22.275
20.457 4.207 23.538
19.649 6.478 20.591
15.939 6.328 21.411
16.701 7.481 24.996
18.568 10.516 23.631
15.568 11.482 21.502
13.186 11.047 24.434
15.278 13.362 26.615
14.693 16.257 24.240
12.617 18.997 25.871
10.207 19.175 22.906
9.752 15.449 22.863
8.552 15.518 26.440
6.347 18.560 25.752
4.751 16.787 22.815
3.634 13.704 24.773
0.015 13.548 25.728
-0.916 12.174 29.211
-2.038 8.999 27.489
1.337 8.608 25.754
3.130 9.222 29.050
1.276 6.132 30.332
3.044 4.020 27.640
6.462 4.004 29.367
8.683 5.876 31.815
