-6.061 -0.680 42.046
-3.694 2.132 42.759
-2.982 4.124 39.593
-0.713 7.134 38.930
-0.602 8.861 35.542
1.896 11.700 34.768
1.162 14.049 31.815
2.624 17.405 30.710
5.982 16.280 29.242
7.223 17.666 25.949
10.134 19.530 24.385
10.874 23.074 25.746
13.763 25.545 25.410
16.356 26.308 28.006
14.890 28.911 30.461
11.242 27.920 29.748
8.737 26.776 32.328
6.551 23.593 32.170
3.906 22.210 34.618
3.545 18.449 35.057
0.441 16.713 36.320
-0.018 13.373 38.020
-3.628 12.230 38.433
-4.193 9.306 40.748
-6.669 6.325 41.065
-7.401 3.737 43.849
-6.265 5.070 47.204
-7.275 7.880 49.409
-4.976 10.547 47.885
-4.970 13.119 50.704
-3.672 10.633 53.320
-0.320 10.016 51.563
2.865 11.981 50.876
3.549 12.251 47.155
6.877 12.722 45.325
8.351 13.614 41.980
11.436 11.784 40.734
13.258 11.704 37.407
15.678 9.703 35.339
17.903 11.238 32.633
18.341 8.801 29.738
21.129 6.273 30.580
21.342 7.409 34.191
20.133 6.395 37.607
16.874 7.510 39.225
16.850 10.782 41.203
14.429 11.902 43.918
13.624 15.608 43.466
10.624 16.601 45.552
8.056 15.582 48.250
4.837 17.233 49.446
3.505 16.179 52.890
-0.201 15.602 53.675
-2.516 18.632 54.191
-2.200 18.313 58.019
1.696 18.175 58.411
2.806 21.708 57.506
6.225 20.071 57.397
5.369 21.398 53.902
7.501 20.437 50.897
11.085 19.359 50.536
13.345 19.393 47.373
16.617 18.032 46.039
19.174 20.813 45.752
19.329 20.248 42.013
15.793 21.775 41.663
15.320 23.742 44.953
14.202 27.346 44.242
13.343 26.471 40.563
10.589 23.789 40.813
7.450 23.754 42.987
5.514 20.690 44.104
1.838 21.199 44.922
-1.197 19.031 45.565
-4.917 19.264 44.876
-6.632 16.695 47.131
-10.056 17.393 45.581
-8.561 16.434 42.225
-6.506 13.567 43.825
-3.475 15.014 41.908
0.084 16.185 42.520
1.924 18.815 40.333
5.502 19.872 39.438
5.771 23.421 38.231
9.211 23.682 36.645
10.958 27.031 35.736
14.446 28.158 34.620
14.822 24.824 32.837
18.173 23.636 31.540
19.500 20.877 29.399
20.359 18.633 32.389
16.650 18.724 33.464
16.045 16.414 30.459
14.495 13.220 31.873
11.484 11.035 32.286
9.641 12.398 35.250
7.629 10.100 37.644
5.215 10.799 40.487
5.273 8.242 43.396
3.253 7.780 46.594
5.160 6.741 49.683
4.501 4.913 52.972
6.976 5.133 55.763
10.458 4.922 54.216
9.257 3.307 50.952
8.107 4.764 47.627
5.456 2.091 46.956
3.687 3.077 43.701
4.935 4.893 40.646
3.349 6.280 37.464
4.330 5.278 33.902
6.446 8.427 33.455
6.228 11.554 31.304
9.189 12.655 29.125
10.652 16.178 29.144
13.371 17.352 26.716
15.086 20.684 27.265
16.831 21.649 24.094
17.348 24.426 21.656
17.099 21.977 18.655
14.247 22.427 16.159
11.236 20.068 16.101
11.577 18.086 12.839
9.288 15.413 11.415
10.920 12.086 10.405
11.603 10.793 6.921
10.378 7.135 6.835
12.030 4.669 4.399
10.885 1.178 3.716
13.704 -1.374 3.263
12.999 -4.234 0.866
15.288 -7.324 1.060
17.826 -8.092 -1.654
17.782 -11.816 -0.474
16.006 -14.310 1.871
17.834 -15.331 5.072
20.880 -17.692 4.950
18.955 -20.504 6.829
15.720 -20.774 4.738
12.705 -20.157 4.814
12.881 -16.642 6.459
13.129 -12.999 5.277
14.118 -9.765 7.108
12.466 -6.496 6.137
13.460 -3.048 7.404
12.294 0.443 8.161
14.644 3.441 8.419
13.497 6.558 10.278
15.687 9.530 9.776
16.186 13.191 10.588
13.700 13.767 13.419
13.685 15.686 16.682
12.884 15.219 19.664
12.469 11.632 20.850
10.288 9.643 20.767
8.807 8.055 17.680
6.451 5.103 17.879
7.168 2.382 15.321
5.004 -0.606 14.692
4.616 -3.134 11.938
1.107 -3.829 10.580
-0.302 -1.367 13.141
1.116 -3.586 15.956
-0.295 -7.003 14.780
3.233 -7.933 13.764
5.046 -8.059 17.133
7.078 -11.227 17.013
10.499 -11.264 15.296
10.811 -7.460 15.461
13.907 -5.517 16.484
13.562 -1.745 16.959
16.889 -0.090 17.702
17.473 2.802 20.101
17.690 6.149 18.334
21.059 7.754 17.819
21.532 11.553 17.844
23.618 13.296 15.201
23.647 17.101 14.522
20.337 17.727 16.445
18.582 14.862 14.521
17.732 11.302 15.420
17.776 8.153 13.362
16.237 4.859 14.362
15.644 1.615 12.346
13.693 -1.493 12.918
13.731 -4.946 11.365
11.017 -7.674 11.059
11.753 -11.327 10.267
8.884 -13.482 8.892
8.675 -16.951 7.207
9.312 -16.669 3.482
5.811 -18.133 2.893
4.214 -15.120 4.678
6.000 -12.348 2.669
5.488 -10.992 0.054
2.172 -12.921 -0.234
0.911 -10.905 2.790
1.320 -7.193 3.088
3.836 -5.766 5.613
3.834 -2.036 6.509
6.066 0.081 8.761
4.041 2.721 10.755
5.782 5.666 12.382
4.076 8.157 14.740
5.902 11.316 15.719
3.546 13.176 18.162
5.778 16.271 18.564
5.407 17.039 14.840
1.866 15.673 14.762
2.784 13.088 12.111
1.928 9.483 11.374
3.458 7.880 8.280
2.782 4.435 6.792
5.202 2.686 4.433
4.432 -0.632 2.767
7.483 -2.890 2.093
7.447 -3.744 -1.637
9.274 -6.804 -3.078
12.006 -5.811 -5.497
10.827 -8.169 -8.248
8.216 -10.795 -9.285
