-5.179 12.634 31.435
-4.185 10.803 34.626
-2.793 11.957 37.940
-0.820 9.384 39.934
-1.033 10.581 43.543
-1.638 9.881 47.210
-4.950 10.883 48.749
-4.273 13.522 51.398
-0.990 14.703 49.808
-0.578 18.499 49.509
1.842 18.117 46.575
-0.672 15.944 44.748
-3.441 18.428 45.593
-1.435 21.064 43.683
-1.681 18.973 40.492
-5.384 18.125 40.904
-6.190 21.742 41.795
-4.465 23.440 38.855
-5.931 20.904 36.425
-9.455 21.634 37.633
-8.904 25.439 37.658
-7.709 25.331 34.066
-10.585 23.208 32.815
-8.859 19.804 32.431
-10.673 16.556 33.201
-8.456 13.863 34.746
-8.572 10.330 36.135
-7.045 9.967 39.649
-4.871 6.862 40.182
-4.096 6.146 43.834
-0.435 5.168 44.103
1.234 3.343 47.013
4.566 4.263 48.516
7.217 1.637 47.779
7.441 -1.490 45.646
3.729 -1.560 44.782
3.628 2.093 43.654
6.312 4.778 43.576
9.176 2.212 43.378
7.479 -0.166 40.940
9.124 -0.633 37.604
6.153 0.875 35.763
6.102 3.979 37.896
9.860 4.480 37.762
9.525 4.346 33.947
7.195 7.394 34.228
9.335 9.193 36.813
12.864 8.017 37.699
12.707 10.157 40.844
10.031 7.755 42.176
7.758 10.518 43.540
4.110 11.532 43.117
2.451 13.541 41.759
2.929 12.489 38.149
0.575 13.737 35.429
0.405 11.577 32.300
-1.114 13.036 29.115
-3.010 10.948 26.498
-0.017 11.084 24.166
2.288 9.429 26.743
3.961 12.600 28.083
4.670 12.175 31.813
5.036 15.398 33.842
6.491 15.429 37.375
7.307 17.823 40.242
4.276 19.410 41.709
5.526 22.978 41.282
6.580 22.291 37.672
3.080 20.897 37.105
1.669 24.216 38.467
3.933 26.150 36.079
3.063 23.937 33.122
-0.751 24.188 33.275
-0.930 27.793 34.590
1.016 29.202 31.621
-1.221 31.547 29.603
-3.819 31.813 32.409
-4.530 34.420 35.111
-2.749 32.068 37.560
