-8.515 -17.274 -18.865
-5.014 -18.364 -18.161
-3.885 -16.690 -21.504
-5.423 -13.289 -20.680
-3.933 -13.387 -17.217
-0.481 -14.344 -18.441
-0.352 -11.691 -21.105
-0.887 -9.249 -18.284
1.609 -11.009 -16.103
4.395 -11.045 -18.784
3.904 -7.286 -19.472
4.226 -6.510 -15.802
7.187 -8.832 -15.269
9.126 -7.264 -18.132
8.201 -3.812 -16.916
9.726 -4.470 -13.491
12.790 -6.243 -15.133
13.341 -2.906 -16.944
12.903 -0.973 -13.779
9.884 0.963 -15.013
6.837 2.485 -13.278
3.359 2.381 -14.940
3.825 6.077 -15.750
7.226 5.377 -17.335
5.720 2.684 -19.533
2.738 4.888 -20.409
5.058 7.658 -21.684
7.297 5.261 -23.608
4.442 3.303 -25.166
2.250 6.251 -26.107
-0.645 4.835 -24.039
-1.932 6.557 -20.954
-1.332 5.340 -17.444
-4.973 4.221 -16.854
-4.762 2.113 -20.047
-1.494 0.496 -18.851
-2.917 -0.141 -15.345
-6.108 -1.534 -16.892
-4.392 -4.013 -19.214
-2.164 -5.197 -16.436
-5.323 -6.042 -14.455
-7.071 -7.726 -17.443
-5.665 -7.954 -21.016
-9.074 -8.874 -22.558
-9.362 -5.701 -24.607
-5.664 -5.051 -25.305
-5.201 -4.846 -29.025
-2.358 -6.143 -31.202
-1.374 -2.582 -32.026
-1.299 -1.593 -28.349
0.690 -4.683 -27.530
3.260 -3.651 -30.156
3.370 -0.134 -28.592
3.965 -1.681 -25.189
6.756 -3.913 -26.500
8.436 -0.920 -28.001
8.063 0.999 -24.718
9.570 -1.967 -22.815
12.339 -2.150 -25.448
11.679 -5.887 -25.821
11.387 -7.799 -29.084
8.116 -9.348 -30.049
9.913 -12.693 -30.275
11.197 -12.441 -26.650
7.739 -11.403 -25.433
5.965 -14.347 -27.122
8.670 -16.793 -25.935
8.210 -15.673 -22.335
4.396 -16.139 -22.766
4.895 -19.670 -24.223
7.162 -20.604 -21.306
4.557 -19.429 -18.776
1.760 -21.403 -20.520
3.872 -24.581 -20.806
5.141 -24.590 -17.311
2.079 -23.263 -15.479
-1.056 -24.213 -17.507
