-1.637 6.504 36.872
-4.397 4.573 38.753
-2.368 3.803 40.733
1.056 2.214 40.139
1.169 2.366 36.345
2.070 -0.550 34.008
-0.331 -3.019 32.621
1.643 -5.727 30.777
3.040 -3.961 27.740
6.216 -3.111 25.838
8.913 -5.701 25.321
7.996 -9.206 26.555
10.239 -12.285 26.207
8.836 -15.651 25.167
11.294 -17.392 27.406
13.439 -20.353 26.427
13.321 -23.274 28.865
16.968 -24.293 29.451
17.812 -28.002 29.937
20.545 -30.181 31.508
22.374 -32.842 29.469
19.832 -35.449 30.670
16.843 -33.394 29.507
15.653 -32.251 32.933
15.057 -28.588 33.495
18.147 -26.495 34.321
17.040 -24.280 37.149
20.349 -22.556 37.578
20.257 -21.447 33.921
16.593 -20.521 34.367
17.396 -18.147 37.256
20.211 -16.702 35.182
17.804 -15.977 32.338
15.414 -14.228 34.734
18.223 -12.020 36.188
19.401 -11.283 32.692
15.995 -9.988 31.653
15.729 -7.817 34.747
19.182 -6.264 34.299
18.435 -5.573 30.619
15.016 -4.055 31.221
12.512 -6.585 29.716
8.908 -5.713 30.603
7.528 -9.250 31.233
8.275 -12.941 30.808
6.053 -15.608 29.269
7.130 -18.870 30.825
6.349 -22.216 29.145
4.851 -20.881 25.966
5.854 -22.289 22.572
9.398 -20.912 22.777
9.586 -22.516 26.222
8.705 -25.821 24.483
5.340 -26.184 26.265
4.315 -29.225 24.128
7.084 -31.398 25.559
6.528 -30.549 29.238
3.863 -32.519 31.061
1.626 -30.482 33.356
3.728 -31.218 36.452
6.965 -29.966 34.905
5.099 -27.103 33.254
3.873 -25.710 36.541
7.210 -26.164 38.317
8.897 -24.005 35.648
6.212 -21.331 35.959
6.294 -21.573 39.764
10.074 -21.186 39.843
10.265 -18.416 37.249
7.807 -16.430 39.382
9.998 -17.198 42.366
13.290 -16.181 40.687
11.553 -12.961 39.602
10.738 -12.110 43.220
8.455 -9.144 42.369
10.885 -7.466 39.987
9.279 -8.539 36.693
5.776 -9.789 35.756
5.551 -13.437 34.816
2.935 -14.820 32.427
2.246 -18.551 32.496
1.292 -20.395 29.337
-2.036 -22.182 29.627
-2.673 -23.324 26.068
-4.342 -26.636 25.189
-6.422 -28.144 22.376
-8.899 -29.679 24.827
-10.941 -27.363 26.990
-10.765 -29.698 30.050
-6.962 -29.917 29.731
-6.681 -26.111 29.592
-9.065 -25.609 32.537
-6.872 -28.153 34.405
-3.721 -26.265 33.441
-5.259 -22.897 34.324
-6.334 -24.175 37.758
-2.871 -25.529 38.461
-1.518 -22.030 37.894
-4.005 -20.042 40.041
-2.088 -18.967 43.131
1.400 -19.195 41.566
1.889 -15.396 41.489
1.503 -15.122 37.765
0.491 -11.680 36.355
-1.453 -13.285 33.493
-1.817 -16.353 31.390
-1.234 -16.861 27.674
-3.248 -19.502 25.867
-2.864 -20.464 22.213
-6.048 -21.346 20.308
-6.710 -25.124 20.189
-4.387 -26.715 17.638
-4.662 -29.683 15.347
-8.422 -30.277 15.950
-9.609 -27.128 14.119
-12.687 -25.915 16.088
-15.136 -23.438 14.507
-15.372 -19.849 15.842
-18.346 -20.713 18.144
-16.115 -23.447 19.554
-13.215 -21.047 20.094
-15.510 -18.746 22.089
-16.861 -21.558 24.208
-13.305 -22.773 24.872
-11.953 -19.451 26.131
-15.115 -18.527 28.015
-14.752 -21.793 29.954
-10.990 -21.249 30.540
-11.566 -17.704 31.737
-14.407 -18.788 33.948
-12.127 -20.925 35.989
-9.736 -18.330 37.216
-9.484 -14.686 37.914
-6.052 -14.238 36.493
-6.010 -12.253 33.322
-5.932 -14.146 30.079
-4.233 -13.280 26.826
-5.498 -15.047 23.682
-2.910 -16.367 21.177
-3.546 -16.627 17.440
-0.935 -18.438 15.334
-2.502 -20.140 12.241
0.956 -21.067 10.922
1.098 -23.624 13.781
-2.436 -24.332 14.826
-4.264 -24.461 11.507
-7.137 -22.238 12.751
-7.170 -18.520 12.047
-9.075 -16.800 14.842
-10.370 -13.682 13.159
-10.822 -10.183 14.738
-14.628 -10.615 14.689
-14.273 -13.680 16.892
-11.814 -12.046 19.271
-14.323 -9.148 19.681
-16.914 -11.556 21.104
-14.539 -12.338 24.004
-13.886 -8.712 24.923
-16.991 -8.824 27.180
-15.545 -11.777 29.194
-14.237 -9.748 32.169
-10.706 -11.227 32.713
-9.766 -11.712 29.055
-7.438 -8.757 28.633
-6.037 -9.011 25.094
-4.507 -11.040 22.262
-1.125 -11.990 20.885
-1.421 -12.150 17.042
1.428 -13.823 15.170
0.029 -13.757 11.630
1.999 -10.661 10.722
-1.117 -9.094 9.161
-0.640 -5.573 10.438
-4.061 -4.518 9.056
-5.516 -6.425 12.015
-4.372 -3.809 14.554
-6.808 -1.336 13.053
-9.573 -3.967 12.737
-9.100 -5.120 16.322
-9.102 -1.564 17.659
-12.398 -0.779 15.954
-14.080 -3.899 17.423
-12.471 -4.268 20.852
-11.597 -1.625 23.455
-8.935 1.018 23.263
-8.406 -0.842 26.568
-7.932 -4.336 25.035
-4.247 -5.175 24.866
-2.854 -6.066 21.422
0.413 -8.005 21.168
2.432 -8.714 18.046
3.677 -12.310 17.785
5.728 -11.746 14.601
9.090 -10.027 15.197
9.571 -9.190 11.482
6.571 -6.843 11.737
6.793 -5.945 15.443
7.930 -2.327 14.902
5.199 -1.601 12.369
2.614 -3.259 14.695
3.487 -0.910 17.578
3.563 2.169 15.286
0.023 1.287 14.165
-1.371 1.061 17.743
-0.387 -2.276 19.275
0.449 -2.365 22.973
3.422 -4.762 22.929
5.473 -7.593 21.550
5.793 -11.109 22.908
8.954 -11.801 21.002
11.395 -14.635 20.285
14.431 -12.346 19.585
13.973 -10.806 23.020
15.753 -13.886 24.265
19.125 -12.748 22.852
18.839 -9.045 22.095
16.732 -7.669 24.963
18.337 -4.171 25.265
17.947 -3.113 21.592
14.647 -4.868 21.354
13.386 -2.949 24.397
14.799 0.276 22.860
12.926 -0.471 19.644
9.618 -1.010 21.453
9.879 2.023 23.708
10.693 4.314 20.788
7.888 3.022 18.606
5.414 3.300 21.527
6.620 6.869 22.138
6.006 7.519 18.407
9.702 8.254 17.717
9.942 6.296 14.461
13.530 7.353 13.741
14.989 5.823 16.932
12.837 2.724 16.601
13.893 2.113 13.029
17.524 2.715 13.934
17.129 0.159 16.707
15.413 -2.280 14.395
18.051 -1.953 11.674
20.733 -3.247 14.007
18.884 -6.484 14.772
16.528 -6.995 11.817
18.802 -9.787 10.532
17.771 -11.950 13.493
14.075 -11.811 12.556
14.680 -14.211 9.693
17.707 -16.122 10.989
15.984 -17.252 14.239
13.413 -19.087 12.042
15.656 -21.166 9.685
14.367 -24.210 11.636
11.190 -24.034 13.741
11.386 -21.851 16.845
12.806 -22.442 19.396
15.494 -24.585 17.724
17.571 -21.614 16.479
17.129 -19.285 19.464
18.155 -22.102 21.785
21.318 -22.672 19.837
22.118 -18.948 19.939
21.431 -18.626 23.638
23.827 -21.518 24.258
26.473 -20.173 21.844
26.206 -16.977 23.889
25.819 -18.608 26.091
23.031 -17.517 28.424
22.522 -21.196 29.250
24.815 -24.090 30.164
23.522 -26.641 27.650
21.833 -26.401 24.250
19.885 -29.581 24.946
16.319 -29.758 23.677
13.461 -32.262 23.888
12.252 -34.647 21.249
10.690 -34.264 18.660
12.743 -31.066 18.496
16.483 -31.418 17.671
19.541 -29.165 18.106
20.117 -26.726 15.259
21.577 -28.572 12.263
25.149 -27.631 11.238
23.978 -26.439 7.810
22.591 -23.317 9.621
25.407 -22.722 12.173
27.223 -20.156 9.965
23.966 -18.536 8.891
23.032 -17.856 12.570
26.492 -17.001 13.925
26.887 -14.204 11.373
23.375 -12.871 12.010
24.403 -12.673 15.664
27.578 -10.733 14.871
25.545 -8.205 12.848
23.255 -7.711 15.833
26.193 -6.811 18.104
26.291 -10.027 20.128
29.640 -11.334 21.402
31.629 -14.246 23.049
31.270 -15.372 20.406
