15.495 -5.334 -20.031
12.409 -3.111 -19.628
11.375 -1.912 -16.158
7.566 -2.153 -15.956
5.235 0.805 -15.357
1.760 0.538 -13.871
-0.238 3.755 -14.144
-3.640 4.553 -12.660
-5.994 6.543 -14.855
-8.544 7.699 -12.286
-10.682 9.181 -15.098
-13.461 11.474 -13.812
-13.234 10.326 -10.191
-11.979 12.400 -7.275
-12.535 14.641 -4.261
-10.232 16.085 -1.577
-11.390 13.333 0.826
-10.933 10.655 -1.848
-7.454 11.907 -2.849
-6.240 11.845 0.773
-7.672 8.371 1.439
-6.601 6.814 -1.870
-3.067 8.226 -1.940
-2.527 7.351 1.760
-3.716 3.790 1.076
-1.554 3.624 -2.071
1.502 4.757 -0.094
0.990 1.961 2.420
0.172 -0.774 -0.109
3.128 0.156 -2.355
5.779 0.958 0.287
7.585 -2.385 -0.243
7.532 -2.370 -4.073
10.920 -2.232 -5.836
10.540 -3.728 -9.309
7.733 -1.655 -10.838
7.374 2.093 -11.432
4.041 3.621 -10.414
2.207 6.701 -11.695
-1.252 8.147 -11.038
-3.356 10.601 -13.062
-6.082 12.240 -10.961
-8.491 14.846 -12.391
-6.540 18.023 -13.193
-7.719 20.059 -10.181
-6.340 17.364 -7.826
-2.837 16.888 -9.309
-1.280 19.437 -6.900
-2.951 17.856 -3.858
-2.010 14.315 -4.924
1.605 15.371 -5.619
1.874 16.754 -2.099
0.274 13.607 -0.622
2.702 11.404 -2.598
5.844 13.257 -1.405
8.079 10.742 0.370
6.813 7.823 -1.718
7.801 6.554 -5.174
4.312 7.335 -6.557
4.779 9.577 -9.615
2.180 12.045 -10.864
0.450 12.359 -14.222
-2.492 13.921 -15.993
-5.298 12.785 -18.300
-4.837 15.289 -21.171
-2.981 18.392 -22.413
-3.657 21.104 -25.023
-1.277 22.689 -27.576
-0.499 26.093 -26.094
1.956 26.920 -23.306
0.261 30.204 -22.338
-2.040 32.883 -23.750
-5.671 33.760 -24.405
-7.045 30.213 -24.412
-9.804 30.065 -21.797
-10.282 26.559 -20.323
-7.201 24.920 -21.890
-4.428 22.866 -20.229
-0.766 23.887 -20.619
2.156 21.441 -20.769
4.303 24.084 -19.016
1.793 24.166 -16.147
1.532 20.373 -15.899
5.317 20.318 -15.470
5.205 23.178 -12.952
2.619 21.391 -10.813
4.629 18.138 -10.795
2.956 15.870 -13.356
5.325 13.754 -15.457
3.250 11.086 -17.220
0.703 12.670 -19.516
-2.045 10.549 -21.054
-2.848 11.630 -24.617
-5.220 10.146 -27.195
-7.258 8.076 -24.760
-10.136 6.399 -26.614
-12.610 8.477 -24.581
-11.051 11.667 -25.994
-10.655 10.377 -29.568
-14.373 9.507 -29.569
-16.174 12.007 -27.292
-13.978 14.984 -28.255
-13.065 14.010 -31.838
-9.295 14.311 -31.284
-7.489 13.427 -34.535
-4.298 11.390 -35.010
-2.584 14.612 -36.080
-3.741 16.599 -33.044
-2.517 13.871 -30.703
0.893 13.779 -32.448
1.073 17.546 -31.934
0.371 17.013 -28.208
3.113 14.386 -28.170
5.588 16.969 -29.563
4.668 19.673 -27.011
5.168 17.192 -24.154
8.607 16.152 -25.454
9.668 19.813 -25.711
8.699 20.240 -22.021
10.588 17.083 -20.971
7.351 15.344 -20.028
6.544 11.711 -20.707
3.724 11.113 -23.191
1.502 8.101 -22.556
0.295 7.648 -26.133
-2.984 5.719 -26.207
-3.786 3.823 -29.389
-6.313 1.130 -30.322
-9.005 -0.004 -32.737
-12.809 0.148 -32.478
-15.339 -2.695 -32.819
-15.935 -1.921 -36.514
-12.183 -1.690 -37.214
-11.452 -4.961 -35.373
-14.245 -6.794 -37.230
-12.860 -5.450 -40.522
-9.462 -6.953 -39.591
-7.803 -3.539 -39.316
-6.106 -3.870 -35.896
-2.615 -3.557 -37.381
-3.555 -0.848 -39.925
-5.133 1.277 -37.169
-2.328 0.884 -34.605
0.220 1.606 -37.347
-1.652 4.773 -38.434
-1.999 6.102 -34.889
1.709 5.462 -34.182
2.748 6.810 -37.620
1.200 10.202 -36.766
4.215 10.634 -34.444
6.739 8.287 -36.098
6.528 9.850 -39.598
6.641 13.457 -38.357
8.999 13.299 -35.364
11.083 10.154 -35.999
11.641 7.102 -33.798
13.833 9.205 -31.472
10.596 10.838 -30.244
9.752 7.526 -28.543
12.854 7.600 -26.324
11.563 7.476 -22.737
7.975 7.527 -24.021
5.120 5.157 -23.212
2.517 3.582 -25.501
-0.748 2.150 -24.133
-2.748 -0.241 -26.310
-6.524 -0.126 -25.714
-8.693 -2.725 -27.410
-11.602 -0.271 -27.805
-13.631 -3.156 -29.356
-13.646 -4.737 -25.871
-15.345 -1.753 -24.166
-18.986 -2.337 -23.152
-19.324 -5.046 -25.795
-19.243 -7.919 -23.290
-16.004 -8.979 -24.994
-12.363 -9.192 -23.877
-8.886 -9.807 -25.275
-6.897 -12.839 -24.141
-3.243 -12.392 -23.057
-2.303 -14.116 -26.357
-4.296 -11.554 -28.364
-2.893 -8.639 -26.338
0.668 -9.956 -26.785
0.233 -10.290 -30.579
-0.720 -6.592 -30.751
2.139 -5.429 -28.465
4.602 -7.466 -30.545
3.206 -5.805 -33.708
3.561 -2.275 -32.264
7.166 -2.935 -31.196
8.099 -4.500 -34.586
6.543 -1.468 -36.342
8.815 0.959 -34.462
11.776 -1.436 -34.916
11.465 -1.010 -38.702
12.617 2.591 -38.162
14.899 2.108 -35.116
15.398 -1.296 -33.472
17.072 0.153 -30.363
14.250 2.614 -29.641
11.713 -0.206 -30.131
13.451 -2.367 -27.511
13.288 0.424 -24.867
9.710 1.681 -25.409
7.325 0.826 -22.587
4.180 -0.623 -24.153
1.378 -0.873 -21.577
-1.791 -2.890 -21.928
-4.764 -0.537 -21.669
-7.751 -2.886 -21.793
-9.526 -4.029 -18.633
-6.884 -4.888 -16.018
-7.802 -6.033 -12.518
-6.306 -7.966 -9.584
-7.520 -11.191 -11.189
-6.090 -10.901 -14.722
-2.863 -8.919 -14.150
-0.531 -11.919 -13.703
-1.522 -13.663 -16.970
-1.133 -10.405 -18.962
2.266 -9.523 -17.443
3.631 -13.007 -18.275
3.667 -11.864 -21.922
7.113 -10.660 -23.124
5.974 -7.479 -24.930
3.537 -6.278 -22.261
5.482 -3.836 -20.060
2.746 -2.899 -17.597
-0.750 -1.475 -17.633
-2.754 1.709 -17.900
-5.373 0.813 -15.309
-8.950 2.137 -15.223
-11.460 1.266 -12.496
-9.072 -0.810 -10.378
-6.864 2.281 -9.904
-9.587 3.669 -7.566
-9.014 0.959 -4.943
-5.523 0.830 -3.424
-5.630 -2.888 -2.587
-6.638 -3.946 -6.122
-4.161 -1.527 -7.708
-1.380 -2.883 -5.448
-2.054 -6.467 -6.597
-1.572 -5.270 -10.206
1.669 -3.399 -9.386
3.060 -6.409 -7.500
2.054 -8.786 -10.310
4.067 -6.595 -12.720
7.035 -6.555 -10.336
6.930 -10.348 -9.962
6.547 -11.004 -13.696
9.490 -8.800 -14.705
11.762 -9.605 -11.728
