47.264 57.159 34.628
43.485 57.462 35.148
43.406 60.398 32.679
45.189 58.234 30.042
42.508 55.561 30.490
39.722 57.997 29.481
37.738 56.619 26.512
34.480 58.518 26.422
33.184 56.906 23.263
34.178 53.403 24.421
36.166 52.589 21.336
37.857 49.868 23.443
34.713 47.771 23.640
34.837 46.394 20.121
38.448 47.210 19.127
39.697 43.614 19.347
36.525 42.164 17.859
36.790 44.522 14.907
40.424 43.490 14.291
39.335 39.842 14.246
36.551 40.562 11.750
38.886 42.547 9.518
41.360 39.613 9.572
38.661 37.391 8.018
38.443 39.731 5.011
35.488 41.211 3.090
32.248 39.339 3.776
29.179 39.442 1.561
26.019 41.162 2.821
27.328 42.094 6.286
24.812 44.135 8.288
25.994 46.089 11.349
23.501 47.053 14.085
24.385 50.291 15.892
22.659 51.106 19.181
22.644 51.064 22.936
21.553 48.393 25.457
18.551 47.380 23.398
20.926 46.412 20.586
23.526 44.987 22.997
20.807 42.957 24.728
19.548 41.715 21.381
22.809 39.867 20.753
22.903 38.720 24.398
19.385 37.241 24.176
19.326 35.910 20.606
22.828 35.431 19.315
21.495 33.019 16.665
19.549 35.749 14.953
22.826 37.562 14.267
25.015 34.535 13.632
22.470 32.791 11.320
22.105 35.885 9.160
25.626 37.411 8.977
24.668 40.382 11.176
27.110 42.071 13.530
25.968 43.737 16.741
27.782 46.877 17.881
25.512 47.988 20.723
26.872 49.399 23.968
24.700 49.887 27.023
24.186 53.387 28.351
25.315 55.135 25.175
23.652 58.006 23.330
23.705 59.077 19.692
26.816 61.227 20.458
28.755 58.144 21.453
27.507 56.323 18.371
28.785 59.105 16.130
32.218 58.875 17.705
32.323 55.083 17.211
30.818 55.096 13.759
34.015 54.929 11.730
35.623 52.149 13.752
32.531 50.120 14.568
30.717 50.492 11.227
32.789 51.940 8.348
35.901 49.867 8.970
33.866 46.675 8.896
32.938 47.431 5.229
29.320 46.339 5.674
26.629 46.386 3.013
24.182 47.992 5.432
23.902 49.623 8.849
20.784 49.513 11.016
20.643 52.508 13.386
18.591 52.525 16.606
19.389 55.681 18.552
17.677 58.029 20.944
16.510 56.103 24.007
19.407 57.128 26.186
19.471 60.624 24.720
15.853 61.098 25.942
16.774 59.429 29.239
19.426 62.168 29.714
22.360 59.800 30.080
24.715 62.371 28.547
23.000 65.465 29.940
19.834 67.384 29.106
18.039 66.057 26.056
18.157 68.165 22.949
16.177 66.714 20.075
17.948 68.788 17.475
21.356 67.527 18.615
20.233 63.868 18.762
18.506 64.039 15.385
21.623 65.746 14.001
23.843 62.903 15.212
21.624 60.429 13.323
21.842 62.515 10.176
25.622 62.670 10.567
25.817 58.893 10.797
23.643 58.553 7.696
25.911 60.944 5.799
29.042 59.025 6.888
27.441 55.715 5.806
26.482 57.131 2.414
29.976 58.626 1.917
31.334 55.071 2.261
28.705 53.362 0.077
26.987 51.738 3.053
23.178 51.489 2.872
21.117 52.557 5.889
17.961 51.453 7.651
16.592 53.886 10.234
14.431 52.657 13.059
11.996 53.932 15.616
13.090 54.553 19.178
11.164 51.925 21.224
8.290 52.967 23.423
8.904 53.548 27.110
6.440 54.997 29.614
9.429 56.062 31.777
13.031 55.045 32.334
13.700 53.095 35.538
17.137 54.622 36.018
15.883 58.214 35.539
12.379 58.753 36.817
12.784 62.530 36.508
11.865 62.273 32.842
8.033 62.525 32.910
7.423 63.142 29.194
9.308 60.258 27.604
6.376 59.270 25.433
5.999 62.693 23.884
9.725 62.966 23.260
9.948 59.504 21.722
7.067 60.195 19.336
8.421 63.600 18.350
11.883 62.233 17.577
10.481 59.233 15.727
8.367 61.509 13.530
11.509 63.489 12.604
13.441 60.330 11.819
10.536 58.956 9.724
10.281 62.241 7.746
14.022 62.359 7.138
13.903 58.736 5.991
11.117 59.544 3.516
12.946 62.627 2.193
16.080 60.510 1.570
14.598 57.223 0.347
15.850 55.356 3.445
13.731 52.542 4.908
12.172 53.307 8.270
11.380 50.301 10.455
8.642 51.036 12.938
9.260 48.770 15.907
7.393 51.301 18.025
3.963 50.954 16.555
3.968 47.176 17.104
5.287 47.346 20.669
3.522 50.300 22.298
0.550 49.764 24.646
-1.896 51.970 26.547
-2.592 55.687 26.851
0.667 55.979 28.785
2.574 54.621 25.795
4.323 51.810 27.678
6.378 49.087 26.113
4.005 46.075 25.873
3.815 44.417 29.270
3.886 40.953 27.800
7.492 41.292 26.569
9.414 43.655 28.862
10.271 43.372 32.514
11.685 46.866 33.063
9.615 48.911 30.616
12.538 49.729 28.322
14.353 46.528 27.342
12.579 43.809 25.417
12.505 40.221 26.566
13.138 37.512 23.967
9.454 37.623 22.874
9.888 41.322 22.159
13.082 40.740 20.231
11.223 38.206 18.064
8.757 40.969 17.067
11.732 43.166 16.110
13.430 40.356 14.197
10.461 39.780 11.957
10.368 43.482 11.036
14.050 44.084 10.564
14.805 40.894 8.593
12.039 41.697 6.128
13.445 45.214 5.626
17.067 44.002 5.375
16.110 41.436 2.725
14.463 44.160 0.611
17.661 46.220 0.643
20.275 43.485 0.125
