22.514 20.467 -23.731
19.862 22.847 -22.590
21.568 23.651 -19.279
24.991 23.959 -20.797
23.823 26.355 -23.438
21.878 28.263 -20.832
24.882 28.554 -18.563
27.014 29.874 -21.366
24.329 32.432 -22.333
24.058 33.643 -18.758
27.898 33.839 -18.384
28.026 36.006 -21.426
25.290 38.465 -20.350
26.560 38.666 -16.766
30.115 39.266 -17.907
28.915 42.283 -19.897
27.820 43.848 -16.518
24.495 45.123 -17.940
23.521 47.316 -14.956
26.872 49.090 -14.734
26.147 51.675 -17.415
25.607 55.417 -17.202
22.202 55.204 -18.900
20.233 51.952 -18.999
17.813 51.342 -21.890
16.144 48.074 -20.688
13.030 48.665 -22.778
15.139 48.247 -26.018
16.019 44.764 -24.945
12.350 43.668 -24.928
11.407 40.893 -27.270
7.726 39.841 -26.846
8.115 37.268 -29.673
10.054 35.129 -27.183
7.333 34.908 -24.548
7.317 31.335 -23.096
4.757 28.883 -24.215
4.475 27.224 -20.855
5.545 28.070 -17.358
4.751 26.605 -13.901
1.875 28.460 -12.326
1.649 26.374 -9.130
3.515 23.699 -7.212
3.436 21.540 -4.077
6.554 20.065 -2.499
5.255 16.821 -1.028
8.708 15.181 -1.566
8.908 13.792 1.969
6.324 11.180 0.845
5.098 11.275 -2.776
7.011 13.895 -4.790
6.591 17.331 -6.303
3.249 18.222 -7.932
2.760 21.138 -10.290
0.509 22.941 -12.613
1.457 24.522 -15.943
0.070 27.749 -17.336
-2.346 25.876 -19.646
-3.851 24.152 -16.484
-2.329 20.751 -17.248
-0.713 19.144 -14.247
2.124 16.936 -13.400
3.849 15.106 -10.514
7.520 14.070 -10.276
7.355 11.060 -8.002
10.164 10.034 -5.697
10.865 6.944 -7.793
11.929 9.280 -10.707
8.847 8.669 -12.777
6.498 11.430 -13.986
2.846 11.520 -14.672
1.303 14.361 -16.533
-2.403 15.111 -17.057
-3.587 17.485 -19.779
-6.119 20.240 -19.313
-8.893 17.912 -20.472
-8.492 16.047 -17.153
-8.317 12.736 -19.040
-5.235 12.390 -21.289
-2.020 11.350 -19.530
1.623 11.045 -20.412
3.764 8.823 -18.344
7.559 8.903 -18.242
9.144 5.856 -16.652
12.550 5.475 -14.981
14.273 4.905 -18.280
12.620 8.005 -19.806
10.287 5.942 -22.028
7.160 7.997 -22.532
3.757 6.310 -22.788
0.364 7.802 -23.700
-2.786 6.697 -21.900
-6.021 7.870 -20.369
-7.194 8.131 -16.796
-10.011 5.669 -17.754
-7.594 2.970 -18.800
-4.257 2.349 -17.189
-1.907 -0.447 -15.999
-2.610 -1.497 -12.416
1.013 -0.459 -11.524
0.046 3.187 -12.254
-2.977 2.933 -9.985
-1.506 4.667 -6.871
0.124 7.350 -9.013
-3.128 8.194 -10.735
-4.836 8.598 -7.325
-1.901 10.723 -6.110
-2.025 12.771 -9.249
-5.714 13.530 -8.860
-5.171 14.577 -5.310
-2.478 17.036 -6.345
-4.688 18.231 -9.130
-7.616 18.622 -6.801
-5.569 20.439 -4.249
-4.161 22.918 -6.780
-7.404 23.710 -8.627
-9.283 26.918 -7.688
-11.986 19.503 -26.358
-11.891 20.824 -29.947
