8.352 6.653 -11.996
8.045 10.309 -10.978
7.594 9.216 -7.282
10.104 10.665 -4.794
10.623 10.813 -1.046
11.877 13.750 1.071
15.410 13.342 2.644
14.829 16.270 5.007
12.191 18.684 6.210
12.111 21.908 4.230
10.220 24.999 5.312
8.732 27.056 2.487
10.676 30.275 1.983
9.297 31.720 -1.260
5.536 31.774 -1.991
6.261 29.482 -4.896
8.121 27.012 -2.609
6.403 24.133 -0.789
7.056 22.861 2.751
7.776 19.145 2.877
8.514 16.739 5.726
11.266 14.052 5.903
10.175 10.637 4.745
7.209 12.103 2.892
6.321 11.144 -0.763
6.145 13.623 -3.729
5.468 13.545 -7.512
7.992 15.595 -9.372
6.931 17.734 -12.373
10.325 19.080 -13.318
13.282 21.232 -12.444
14.458 24.785 -12.845
17.200 25.777 -15.260
20.063 24.962 -12.891
18.570 21.722 -11.603
18.873 23.061 -8.026
15.127 23.327 -7.522
12.383 20.830 -8.206
8.690 21.523 -8.813
6.810 18.945 -6.820
3.334 17.902 -5.658
2.412 16.456 -2.303
-0.760 15.821 -0.344
-0.341 19.474 0.804
0.000 21.300 -2.485
2.535 22.110 -5.172
5.670 24.176 -5.369
9.455 24.319 -5.551
11.658 22.319 -3.185
15.427 21.805 -3.206
16.404 19.012 -5.545
18.936 17.667 -3.090
16.195 17.296 -0.425
14.369 14.537 -2.337
14.991 11.186 -4.040
13.026 8.485 -5.959
10.980 5.781 -4.171
9.638 2.564 -5.695
