8.198 -9.859 50.329
9.812 -7.829 53.112
10.544 -4.455 51.445
11.621 -2.002 54.142
11.255 -0.912 57.747
11.393 2.226 59.849
12.007 2.638 63.572
10.791 5.728 65.445
12.197 6.272 68.946
10.364 9.120 70.662
12.549 11.592 72.600
12.127 11.713 76.394
9.644 8.825 76.556
11.378 6.159 78.651
8.503 6.413 81.119
5.770 5.432 78.685
6.175 1.658 78.951
8.633 -0.749 80.570
9.548 -3.075 83.456
10.246 -2.218 87.071
12.724 -5.020 87.844
13.312 -6.315 91.355
13.067 -9.099 93.896
9.484 -9.746 92.774
10.412 -10.067 89.111
9.138 -8.006 86.217
6.553 -5.425 87.233
4.655 -3.628 84.478
4.972 0.105 84.074
2.365 1.552 81.752
1.790 5.303 81.482
-1.648 6.867 80.874
-0.005 9.118 78.271
0.496 6.247 75.824
-2.644 6.808 73.768
-2.120 10.572 73.588
1.407 9.920 72.279
0.010 7.738 69.508
-2.730 10.212 68.673
-0.222 13.045 68.325
2.678 11.317 66.555
1.725 8.056 64.830
0.482 9.724 61.654
3.839 11.400 61.107
5.658 8.069 61.650
3.500 6.504 58.950
3.604 9.429 56.505
7.373 9.742 56.775
7.830 6.029 56.046
5.307 5.757 53.217
6.481 9.000 51.593
9.841 7.310 51.204
8.053 4.810 48.961
5.733 7.428 47.419
2.738 5.587 48.907
-0.327 6.879 50.742
-2.332 5.090 53.404
-4.895 4.296 50.694
-2.209 2.251 48.958
-2.097 -0.171 51.888
-3.844 -3.426 50.996
-3.653 -4.841 54.511
-2.804 -3.397 57.921
-1.055 -5.707 60.384
-1.262 -3.848 63.690
-0.208 -4.800 67.208
-3.272 -5.154 69.488
-2.018 -3.187 72.480
-5.501 -2.845 73.929
-8.876 -1.371 72.922
-7.801 2.207 73.668
-4.580 1.767 71.674
-6.287 0.158 68.688
-8.843 2.998 68.742
-5.972 5.503 68.790
-4.381 3.877 65.757
-7.610 3.884 63.717
-8.290 7.493 64.713
-4.742 8.747 64.069
-4.547 7.126 60.656
-8.245 7.599 59.883
-8.717 3.929 58.962
-12.143 2.336 58.340
-13.396 -0.347 60.778
-12.478 -3.191 58.402
-8.802 -2.182 58.257
-8.037 -3.407 61.766
-10.616 -6.219 61.928
-8.017 -8.985 62.188
-6.232 -7.136 64.981
-9.469 -6.855 66.957
-10.280 -10.492 66.276
-6.868 -11.594 67.507
-7.141 -9.534 70.687
-10.547 -11.093 71.283
-9.451 -14.666 70.680
-6.087 -14.875 72.432
-5.461 -11.563 74.197
-2.278 -9.490 73.891
0.740 -11.763 73.477
3.259 -8.894 73.511
5.675 -9.472 70.594
3.947 -12.664 69.406
0.585 -11.041 68.673
1.585 -9.155 65.511
2.899 -12.446 64.117
-0.342 -14.322 64.784
-2.121 -11.450 63.015
0.386 -11.592 60.141
-0.450 -15.279 59.788
-4.191 -14.546 59.899
-3.707 -11.864 57.253
-1.715 -14.124 54.936
-4.374 -16.826 55.230
-7.053 -14.364 54.085
-4.866 -13.625 51.096
-4.827 -9.861 50.531
-4.886 -8.386 46.985
-1.918 -9.851 45.091
1.022 -7.472 44.686
-0.531 -4.903 47.035
1.324 -3.305 49.955
1.188 -4.451 53.554
2.103 -2.514 56.666
3.115 -4.035 60.006
2.787 -1.523 62.806
3.936 -2.147 66.378
4.966 -0.056 69.355
6.844 -0.798 72.557
9.183 0.244 75.332
11.317 3.103 74.234
8.936 4.564 73.565
9.067 3.523 69.926
7.048 2.459 66.942
8.236 0.097 64.234
6.866 -0.053 60.703
7.505 -2.827 58.182
6.545 -2.580 54.515
5.422 -5.861 52.921
4.254 -6.866 49.475
1.597 -9.597 49.325
1.960 -12.421 46.806
