18.212 -28.044 -23.005
17.368 -25.995 -19.906
16.678 -27.308 -16.396
14.180 -25.510 -14.155
14.070 -26.200 -10.411
11.153 -25.095 -8.245
12.522 -25.916 -4.787
11.010 -26.161 -2.345
7.644 -27.783 -3.191
5.152 -26.611 -0.530
5.062 -24.354 2.512
2.463 -23.312 5.079
1.381 -19.697 4.592
-0.744 -18.107 7.309
-3.304 -15.713 5.742
-1.204 -12.555 5.447
2.314 -13.960 5.092
4.648 -13.434 2.135
5.836 -16.006 -0.408
9.349 -16.418 -1.816
10.353 -19.259 -4.146
13.404 -20.032 -6.264
13.537 -20.782 -9.983
17.258 -21.591 -10.112
17.379 -22.193 -13.868
20.291 -24.088 -15.404
21.255 -21.483 -17.997
20.374 -17.858 -17.293
20.303 -14.928 -19.696
16.578 -15.414 -20.228
13.269 -14.368 -18.663
10.581 -16.292 -16.764
6.794 -16.682 -16.557
4.333 -17.462 -13.750
0.967 -19.253 -13.680
-1.707 -19.611 -10.989
-3.523 -22.914 -11.303
-6.361 -23.951 -9.022
-6.432 -27.684 -9.782
-9.546 -28.705 -11.686
-9.393 -25.334 -13.403
-7.215 -23.816 -16.129
-3.832 -22.129 -15.452
-3.812 -18.325 -15.240
-0.734 -16.324 -16.246
0.368 -13.767 -13.639
3.890 -12.540 -14.405
5.572 -12.558 -17.830
9.119 -11.612 -18.857
10.864 -11.957 -15.474
8.828 -9.190 -13.827
5.635 -7.859 -15.426
1.956 -8.219 -14.484
-0.566 -9.411 -17.067
-4.025 -7.994 -17.807
-6.585 -7.556 -15.005
-4.261 -8.800 -12.254
-4.230 -7.382 -8.688
-0.930 -5.703 -7.772
-0.379 -8.080 -4.846
1.433 -10.429 -7.234
5.058 -9.297 -7.444
7.751 -10.874 -9.611
11.492 -10.256 -9.907
14.912 -11.874 -10.253
18.062 -11.921 -12.374
20.799 -14.189 -13.710
19.676 -17.716 -12.901
17.545 -17.269 -9.766
14.021 -15.815 -9.759
11.418 -14.772 -7.196
7.653 -14.299 -6.897
6.001 -12.334 -4.078
2.426 -12.111 -2.780
1.343 -9.375 -0.369
-1.497 -10.424 1.954
-2.527 -13.838 0.600
-6.203 -14.076 -0.345
-8.617 -17.023 0.071
-8.382 -17.866 -3.638
-4.614 -17.408 -3.907
-3.995 -20.864 -2.446
-3.178 -23.113 -5.414
-0.293 -24.291 -7.595
2.388 -22.071 -9.174
4.626 -22.826 -12.165
7.531 -21.111 -13.911
8.645 -21.419 -17.550
11.495 -20.658 -19.921
10.397 -20.968 -23.545
9.723 -24.593 -24.486
11.115 -25.818 -21.162
8.814 -25.825 -18.133
8.940 -26.099 -14.342
7.350 -28.605 -11.968
5.218 -26.487 -9.636
4.698 -25.252 -6.079
1.701 -25.745 -3.778
0.247 -23.207 -1.330
-1.447 -24.382 1.887
-3.472 -22.798 4.712
-2.012 -22.999 8.230
