74.530 3.380 103.964
70.873 4.289 104.621
70.402 7.029 107.247
68.306 5.565 110.044
67.398 6.784 113.530
66.557 4.303 116.297
63.262 5.379 117.915
62.015 4.681 121.475
61.056 1.028 121.892
64.265 -0.202 120.396
65.642 -3.362 122.050
62.451 -4.073 123.947
60.765 -7.417 124.195
56.970 -7.133 124.351
55.361 -10.492 125.154
52.513 -9.533 122.819
54.608 -8.259 119.932
53.955 -10.407 116.873
57.217 -10.546 114.977
59.199 -12.932 112.829
62.102 -14.899 114.236
64.878 -16.785 112.477
63.972 -20.439 111.731
66.190 -22.562 113.933
66.219 -25.350 111.304
66.035 -23.876 107.819
66.529 -27.153 105.960
63.776 -29.040 107.784
60.446 -29.766 106.045
57.871 -30.419 108.819
55.758 -33.503 108.406
52.768 -32.495 106.226
49.218 -32.459 107.694
46.386 -34.812 106.893
42.681 -34.668 107.455
41.462 -35.051 110.963
37.736 -34.597 111.431
36.519 -32.207 114.069
38.935 -29.330 113.592
37.901 -26.350 115.723
38.423 -22.793 114.529
36.706 -20.655 117.169
35.878 -21.335 120.823
32.297 -20.166 120.256
31.765 -23.389 118.303
32.194 -25.142 121.646
29.978 -22.668 123.527
27.027 -23.476 121.288
27.086 -26.994 122.670
24.685 -27.954 125.402
26.419 -29.201 128.539
24.883 -30.325 131.822
23.999 -27.699 134.439
24.493 -28.693 138.057
21.239 -27.078 139.196
21.124 -29.474 142.127
24.421 -28.202 143.606
23.699 -28.865 147.302
26.303 -28.971 150.085
24.949 -32.416 150.906
25.735 -33.612 147.340
29.468 -33.007 147.368
30.158 -36.584 148.514
27.917 -38.123 145.786
28.420 -35.524 142.959
26.610 -37.665 140.459
23.400 -36.323 142.027
24.116 -32.724 141.068
23.537 -33.540 137.405
19.780 -33.682 137.909
17.099 -32.502 140.323
13.813 -34.149 141.126
10.042 -33.843 141.149
7.689 -36.019 143.213
4.169 -36.691 144.342
4.650 -35.089 147.766
5.050 -31.698 146.104
1.826 -29.666 146.107
0.444 -27.819 143.108
1.991 -24.376 142.868
5.086 -24.838 144.974
8.554 -23.791 143.836
10.655 -26.669 142.489
13.993 -25.069 141.747
15.574 -21.750 140.951
18.912 -20.418 139.722
20.075 -17.419 137.731
21.594 -17.193 134.234
25.152 -16.226 135.245
27.541 -18.299 133.031
30.754 -16.746 134.310
29.948 -16.608 138.018
29.954 -19.458 140.526
27.076 -21.838 140.831
25.353 -24.335 138.530
26.948 -22.875 135.424
30.439 -23.867 136.492
29.745 -27.439 135.342
28.954 -26.360 131.791
31.581 -25.975 129.094
30.273 -22.441 128.547
30.797 -21.211 132.079
34.306 -22.685 132.088
35.295 -20.827 128.956
33.728 -17.592 130.213
36.311 -17.527 132.980
38.948 -17.368 130.231
37.560 -13.939 129.203
36.677 -10.557 130.726
33.506 -9.514 128.891
30.670 -11.319 127.137
27.118 -10.920 125.875
24.424 -12.699 123.918
21.479 -15.062 124.273
21.488 -18.441 126.013
19.202 -21.421 125.728
18.402 -23.819 128.547
16.912 -27.196 127.830
15.012 -29.317 130.357
14.682 -33.078 129.933
12.247 -35.285 131.901
13.473 -38.839 132.749
10.563 -40.360 134.638
8.374 -43.327 133.676
6.506 -43.117 130.416
3.317 -43.405 132.487
3.820 -40.115 134.358
2.178 -36.840 133.371
1.815 -33.351 134.828
2.694 -29.734 134.145
5.662 -27.677 135.310
5.818 -23.890 134.865
9.167 -22.415 133.771
9.610 -18.672 134.277
12.319 -16.158 133.389
12.436 -13.094 135.564
14.256 -10.292 133.674
17.372 -8.636 135.176
16.588 -6.200 137.980
13.251 -7.882 138.565
11.689 -9.288 141.718
11.881 -13.075 141.854
8.318 -14.480 141.567
6.667 -14.965 144.946
3.990 -17.509 143.962
3.066 -19.511 140.870
0.427 -16.964 139.851
2.839 -13.994 139.634
5.455 -16.041 137.763
2.698 -16.809 135.252
2.248 -13.096 134.560
5.854 -12.792 133.452
7.779 -14.528 130.691
6.883 -18.218 131.191
6.384 -21.658 129.656
3.793 -24.222 130.741
5.583 -27.521 130.187
3.488 -30.687 130.096
5.955 -33.554 130.336
3.139 -35.911 129.499
3.283 -34.457 125.980
6.895 -33.283 125.520
9.793 -35.068 127.193
11.883 -31.969 126.638
11.392 -28.208 126.405
13.757 -25.345 125.694
13.806 -21.852 127.170
15.670 -18.906 125.759
17.386 -16.276 127.880
16.993 -13.281 125.538
20.017 -11.331 126.685
22.788 -11.286 129.290
25.906 -9.137 129.588
28.971 -8.927 131.771
31.788 -6.494 132.387
34.089 -8.125 135.008
35.978 -5.596 137.235
38.003 -5.332 140.505
37.846 -3.171 143.682
36.036 -8.310 142.580
32.580 -7.410 141.194
30.625 -8.427 138.066
28.609 -5.919 136.019
26.392 -8.921 135.293
22.937 -8.131 133.924
21.039 -11.399 134.395
17.633 -12.928 135.051
16.316 -15.731 137.259
14.848 -19.000 135.998
12.221 -20.447 138.371
10.641 -23.901 137.983
7.156 -24.293 139.475
4.697 -27.140 139.912
1.652 -26.158 137.842
0.021 -29.513 138.641
1.232 -32.222 141.011
3.082 -35.294 139.747
0.493 -37.801 138.473
1.336 -41.458 138.034
-0.563 -44.808 138.007
-0.006 -47.838 140.154
3.318 -49.495 139.369
5.369 -46.457 138.478
8.062 -44.623 140.472
6.717 -41.664 142.415
9.952 -39.708 142.051
11.522 -38.795 138.725
14.337 -36.519 137.628
14.812 -33.497 135.327
18.195 -32.879 133.591
19.209 -29.354 132.648
21.425 -28.556 129.693
22.507 -25.114 128.528
24.434 -23.388 125.769
25.100 -20.016 124.228
23.255 -19.053 121.068
24.856 -17.655 117.952
24.813 -14.007 119.017
26.997 -14.884 122.016
30.489 -13.391 121.903
33.368 -12.680 124.271
36.374 -10.343 124.416
39.565 -9.623 126.406
41.391 -12.825 127.390
42.589 -13.530 130.897
43.949 -16.722 132.400
41.411 -18.446 134.658
41.350 -18.952 138.389
39.845 -22.439 138.061
43.211 -24.199 138.512
46.061 -23.759 141.024
