-20.650 10.687 -4.739
-16.895 10.667 -4.494
-16.077 14.309 -5.127
-13.068 15.116 -7.279
-11.559 18.561 -6.693
-8.873 19.952 -8.984
-6.432 22.752 -8.265
-5.594 25.350 -9.195
-8.498 26.746 -11.201
-6.227 28.142 -13.929
-2.502 27.757 -14.652
-0.696 30.342 -16.767
2.540 28.746 -17.946
5.697 29.991 -19.653
6.933 28.106 -22.722
9.326 25.384 -21.572
8.238 25.715 -17.945
7.317 22.623 -15.888
3.946 22.773 -14.093
1.925 20.432 -11.869
-1.850 19.938 -11.850
-3.480 18.561 -8.726
-6.508 16.317 -8.224
-7.915 15.466 -4.774
-10.461 12.734 -3.996
-13.026 13.086 -1.199
-12.238 9.502 -0.160
-9.774 6.708 -1.014
-9.842 5.693 -4.681
-6.618 3.692 -4.663
-5.094 3.919 -8.160
-8.464 4.128 -9.924
-7.849 7.490 -11.572
-7.747 8.769 -15.143
-6.766 12.109 -16.707
-8.181 13.719 -19.871
-7.128 16.649 -22.054
-10.045 18.708 -23.379
-9.804 21.371 -26.058
-12.879 23.439 -27.026
-14.761 21.988 -29.974
-13.025 18.595 -29.876
-13.699 15.414 -27.881
-11.975 14.881 -24.535
-8.826 12.737 -24.992
-7.667 10.141 -22.485
-4.106 10.914 -21.355
-3.717 8.772 -18.223
-5.342 5.654 -16.771
-4.687 3.678 -13.584
-2.880 6.676 -12.048
0.420 6.162 -13.892
-0.295 4.620 -17.262
0.133 6.979 -20.178
-1.574 6.725 -23.555
1.176 6.304 -26.153
0.139 9.271 -28.328
1.239 11.599 -25.532
4.951 12.387 -25.085
7.039 11.394 -22.041
6.957 14.946 -20.694
3.491 14.138 -19.325
4.080 12.548 -15.898
1.196 11.338 -13.764
1.413 10.097 -10.201
-0.380 9.902 -6.890
-2.231 7.650 -4.506
-5.253 7.299 -2.272
-6.676 10.805 -2.173
-3.971 12.943 -3.780
-2.964 12.829 -7.439
-0.903 14.968 -9.798
-0.278 15.366 -13.505
2.964 17.175 -14.321
3.554 18.749 -17.717
7.314 19.148 -18.253
8.622 21.543 -20.903
5.296 23.314 -21.541
4.422 23.410 -25.245
1.907 25.716 -26.948
-0.205 22.709 -27.974
-0.631 21.631 -24.329
-3.056 24.519 -23.875
-6.343 22.875 -22.809
-8.548 22.047 -19.864
-7.413 18.897 -18.031
-9.882 16.753 -16.089
-9.398 13.947 -13.596
-11.880 11.059 -13.142
-12.323 8.302 -10.552
-13.662 4.832 -11.072
-13.310 3.406 -7.562
-17.026 3.830 -6.884
-20.345 4.504 -8.546
-21.255 6.896 -9.958
-18.117 7.615 -11.981
-17.258 11.296 -11.331
-14.954 13.923 -12.875
-13.071 16.849 -11.372
-14.182 20.334 -12.445
-11.008 20.753 -14.524
-7.894 22.941 -14.590
-7.526 25.345 -17.496
-3.931 25.696 -18.675
-2.906 28.686 -20.785
0.536 29.601 -22.151
2.346 32.943 -22.009
