-24.083 -2.327 187.485
-20.447 -3.107 188.254
-18.010 -4.076 190.992
-15.655 -1.309 189.919
-16.366 2.023 188.262
-13.812 2.840 185.583
-12.918 6.461 184.865
-11.209 7.132 181.555
-8.786 10.053 181.706
-7.625 10.015 178.066
-9.021 13.524 177.807
-7.488 14.853 181.007
-4.345 12.970 181.957
-3.945 12.357 178.237
-3.920 16.135 177.728
-0.369 15.969 179.145
0.667 13.593 176.370
-1.407 15.619 173.853
0.330 18.786 175.182
-3.155 20.203 175.773
-3.752 20.442 172.026
-7.128 18.679 171.963
-9.675 20.039 169.478
-13.453 19.862 169.732
-13.531 17.227 166.952
-11.195 14.911 168.877
-13.047 15.316 172.168
-16.386 14.734 170.429
-15.198 11.548 168.730
-13.470 10.105 171.787
-16.293 10.899 174.200
-18.821 9.346 171.786
-16.809 6.123 171.345
-16.094 5.695 175.067
-19.722 6.410 175.938
-20.835 3.754 173.427
-18.402 1.144 174.767
-20.029 1.618 178.173
-17.403 3.663 180.007
-19.301 5.208 182.945
-17.056 8.231 183.645
-14.993 10.301 181.227
-12.648 12.959 182.605
-12.149 16.117 180.542
-9.884 18.984 181.621
-6.454 20.496 181.109
-3.921 17.906 182.354
-3.229 20.033 185.416
-6.942 20.525 186.024
-9.169 23.602 185.822
-7.052 26.713 185.386
-4.124 24.572 184.259
-3.635 26.439 180.975
-0.537 28.558 181.627
3.136 29.104 180.808
4.020 26.674 183.604
2.043 23.658 182.382
1.332 24.594 178.762
-1.446 26.651 177.138
-4.580 24.865 175.884
-5.346 24.962 172.184
-9.043 24.945 173.091
-10.433 26.368 176.347
-11.095 23.460 178.735
-14.599 24.742 179.543
-15.584 24.414 175.893
-14.292 20.835 175.945
-16.317 19.961 179.049
-19.434 21.540 177.503
-18.974 19.556 174.297
-18.260 16.338 176.195
-21.409 16.772 178.297
-23.578 17.412 175.217
-22.062 14.354 173.490
-22.185 11.736 176.249
-25.592 10.093 176.593
-24.764 7.580 179.322
-21.318 8.450 180.724
-20.892 11.238 183.255
-18.314 13.939 182.564
-15.683 14.388 185.247
-13.167 17.197 185.600
-10.014 17.757 187.646
-9.106 20.745 189.808
-6.112 21.462 192.031
-6.395 23.990 194.871
-3.669 26.572 194.264
-4.195 26.316 190.506
-7.927 26.220 189.877
-10.517 27.904 192.066
-14.042 27.397 193.362
-15.188 29.700 190.522
-13.755 27.274 187.940
-15.610 24.458 189.683
-18.939 26.298 189.376
-18.235 27.048 185.726
-17.434 23.363 185.023
-20.698 22.328 186.662
-22.630 24.940 184.635
-21.037 23.431 181.532
-22.392 19.971 182.311
-19.615 18.454 184.422
-21.091 16.128 187.052
-18.078 14.712 188.865
-15.642 17.029 190.576
-12.251 15.506 191.307
-10.153 17.594 193.669
-6.423 16.870 193.826
-3.880 17.944 196.429
-0.403 16.732 197.194
-0.950 13.767 199.520
0.244 15.663 202.625
-1.795 18.766 201.862
-5.440 17.652 202.035
-6.623 20.435 204.345
-6.428 23.057 201.570
-9.230 21.294 199.709
-11.805 21.389 202.504
-13.941 24.297 201.222
-13.710 22.968 197.655
-15.389 19.682 198.586
-17.936 21.717 200.517
-18.778 23.919 197.563
-18.851 20.985 195.143
-21.389 19.131 197.289
-23.403 22.347 197.630
-23.442 22.529 193.821
-24.776 18.961 193.717
-21.572 17.518 192.282
-20.340 14.020 193.050
-16.911 14.384 194.604
-13.661 12.520 194.198
-10.420 13.274 196.031
-6.928 12.717 194.669
-4.001 12.351 197.056
-1.166 12.819 194.565
2.390 11.451 194.869
1.044 8.836 197.307
4.269 6.805 197.324
5.969 9.587 199.301
4.284 8.844 202.650
3.402 5.782 204.757
-0.096 4.231 204.334
-1.159 5.418 207.813
-0.218 9.024 207.017
-2.065 8.716 203.721
-5.157 7.436 205.527
-5.172 10.447 207.858
-5.299 12.736 204.843
-8.081 10.676 203.279
-10.114 11.235 206.447
-9.786 15.016 206.097
-11.199 14.790 202.571
-14.093 12.476 203.476
-15.012 14.731 206.400
-15.080 17.694 204.010
-17.542 15.978 201.693
-15.344 13.744 199.557
-17.235 10.616 198.465
-14.282 8.675 197.101
-10.603 9.125 197.894
-7.990 7.944 195.398
-4.571 6.570 196.076
-2.713 8.357 193.286
0.566 6.923 192.041
1.426 10.125 190.138
5.016 9.037 189.565
4.249 5.429 188.589
6.500 4.497 191.514
4.396 2.091 193.586
4.857 -1.676 193.357
1.882 -3.968 194.003
1.965 -4.445 197.784
2.745 -0.722 198.006
-0.622 -0.042 196.347
-2.511 -2.712 198.305
-1.225 -1.424 201.650
-2.252 2.146 200.781
-5.711 1.157 199.555
-6.276 -1.120 202.578
-5.231 1.623 205.007
-7.744 3.972 203.374
-10.573 1.407 203.286
-10.038 0.643 206.991
-9.836 4.311 208.020
-12.716 5.401 205.786
-15.141 2.517 206.292
-18.610 3.524 205.101
-17.751 7.224 204.890
-16.233 7.079 201.405
-15.129 4.763 198.622
-11.472 4.301 197.740
-9.935 4.641 194.303
-6.676 4.079 192.512
-4.995 5.992 189.736
-1.709 4.558 188.568
0.928 5.451 186.031
2.842 3.040 183.836
6.377 4.220 184.546
7.492 0.813 185.855
5.170 -1.307 183.718
2.783 -2.022 186.586
-0.287 0.051 185.723
-2.710 -2.825 185.187
-1.345 -4.995 188.014
-1.340 -2.105 190.497
-4.974 -1.536 189.547
-5.728 -5.217 190.233
-3.957 -5.003 193.591
-6.076 -1.944 194.391
-9.339 -3.723 193.589
-8.342 -6.789 195.612
-7.604 -4.413 198.503
-11.074 -2.885 198.248
-10.885 -0.107 195.639
-14.251 0.527 193.978
-13.055 3.136 191.475
-10.142 2.731 189.049
-8.654 5.228 186.588
-7.066 4.346 183.290
-6.831 5.779 179.778
-7.571 4.098 176.467
-4.285 3.317 174.748
-2.519 4.529 177.953
-3.215 8.144 176.796
-1.653 9.888 179.790
1.341 11.554 181.406
4.675 9.752 181.473
4.609 6.195 180.161
0.852 6.619 180.427
-2.074 5.605 182.598
-3.139 1.965 182.963
-4.621 1.056 179.570
-8.408 0.831 179.923
-8.712 -1.850 177.246
-6.221 -4.066 179.110
-7.948 -3.326 182.424
-11.235 -4.610 181.015
-9.711 -7.752 179.521
-7.972 -8.532 182.794
-11.000 -7.661 184.951
-13.038 -9.930 182.668
-10.692 -12.837 183.451
-10.715 -12.366 187.222
-14.460 -11.808 187.572
-14.603 -8.050 188.121
-17.635 -6.470 186.466
-17.165 -3.074 184.810
-20.041 -2.988 182.332
-17.577 -2.229 179.557
-17.338 -4.483 176.514
-13.753 -5.628 175.954
-14.058 -5.823 172.167
-15.869 -2.489 171.944
-13.349 -0.651 174.119
-10.526 -2.310 172.156
-11.971 -0.921 168.922
-12.343 2.544 170.429
-8.751 2.609 171.694
-7.448 1.428 168.342
-9.757 3.236 165.870
-10.705 6.461 167.667
-8.397 7.253 170.584
-5.086 6.246 168.943
-5.416 8.528 165.863
-5.802 11.446 168.301
-2.474 10.685 169.995
0.725 12.353 168.805
2.402 8.949 169.362
2.153 5.901 171.624
2.877 6.483 175.295
6.348 5.014 175.732
8.102 3.137 178.493
11.335 4.901 177.504
14.417 5.848 179.566
12.849 9.115 180.773
9.620 7.525 181.968
11.536 4.677 183.678
13.729 7.181 185.475
10.581 8.961 186.605
9.113 5.748 187.986
12.361 4.653 189.643
13.007 8.143 191.066
9.470 9.100 192.115
9.020 11.968 189.637
