-10.519 21.807 50.333
-8.759 19.459 47.905
-5.675 21.489 46.934
-4.661 21.888 43.291
-0.914 21.238 43.185
1.335 21.416 40.134
4.571 19.538 39.547
7.113 18.828 36.812
9.240 15.771 36.061
12.929 15.980 36.939
14.568 12.959 38.480
15.248 12.296 41.313
12.973 15.051 42.582
9.908 14.126 40.542
9.741 10.931 38.474
6.713 10.057 36.331
5.552 6.511 35.565
2.613 4.874 33.843
-0.352 3.656 35.812
-1.299 -0.039 35.814
-4.218 -0.195 33.355
-5.587 -3.247 35.202
-6.293 -1.188 38.319
-5.784 2.436 37.309
-4.329 2.834 40.809
-0.946 4.145 41.874
0.818 1.885 44.327
4.125 1.552 46.279
5.802 4.899 46.896
3.909 6.655 44.096
0.929 9.020 44.137
-1.602 9.793 41.419
-0.720 12.644 39.072
-2.549 13.672 35.906
-1.397 15.420 32.782
-3.510 17.191 30.177
-2.345 15.839 26.822
-3.330 17.195 23.403
-5.080 15.055 20.800
-2.888 16.459 18.005
-0.445 19.283 17.263
-3.063 21.543 15.633
-5.137 22.721 18.581
-5.247 22.728 22.362
-8.008 20.135 22.462
-6.996 17.298 24.786
-7.783 14.873 27.578
-6.284 14.222 30.995
-4.139 11.098 31.314
-3.647 9.391 34.676
-0.015 8.809 35.672
1.893 8.107 38.885
4.539 10.322 40.480
7.358 9.603 42.935
10.647 11.110 44.060
12.229 13.258 46.733
9.773 16.131 46.255
6.821 13.746 46.094
7.895 12.276 49.441
8.039 15.819 50.800
4.497 16.416 49.489
3.327 13.177 51.092
4.784 14.261 54.443
3.251 17.738 54.119
-0.161 16.291 53.297
0.089 13.976 56.324
1.351 16.600 58.770
-0.654 19.659 57.705
-3.691 17.418 57.031
-4.716 18.375 53.519
-5.652 16.356 50.466
-4.541 17.260 46.951
-5.009 16.800 43.204
-1.520 16.635 41.695
-1.005 17.596 38.036
1.936 17.959 35.677
2.522 21.354 34.045
1.848 21.450 30.287
2.989 24.876 29.156
6.597 25.605 29.907
8.556 23.925 32.653
9.811 25.511 35.884
8.893 29.103 35.156
9.844 31.843 32.756
8.210 35.127 31.857
7.594 34.812 28.087
5.931 37.591 26.070
5.268 39.259 29.434
3.393 36.237 30.813
4.688 33.672 33.324
4.623 30.051 32.115
5.589 26.765 33.779
4.936 25.917 37.416
5.419 29.579 38.376
2.695 30.533 35.894
0.229 27.961 37.265
0.602 29.558 40.690
0.586 33.190 39.500
-2.664 32.654 37.627
-4.130 30.641 40.507
-4.599 27.317 38.731
-2.433 25.762 41.462
-2.313 26.600 45.189
1.204 25.170 45.368
4.027 24.087 43.059
6.264 21.221 44.179
9.420 20.067 42.391
12.975 21.098 41.524
11.930 24.742 41.637
14.651 27.283 42.310
13.883 30.282 44.538
15.014 33.582 43.009
14.206 37.303 43.229
12.333 37.529 39.937
9.992 34.676 40.889
9.619 35.963 44.439
8.088 39.137 43.005
5.054 37.132 41.837
4.843 34.062 44.142
5.658 33.292 47.762
8.075 30.478 48.525
8.484 28.145 51.431
11.815 28.074 53.198
14.394 26.360 50.991
14.722 22.608 51.605
17.330 21.548 49.018
20.500 23.595 48.504
21.189 24.693 44.945
22.910 27.238 42.721
24.825 27.199 39.456
27.399 24.471 38.982
29.583 23.224 36.140
29.868 19.588 35.133
32.842 18.268 33.193
34.318 14.926 32.175
36.542 13.585 34.927
40.018 14.771 34.007
38.974 18.190 32.691
40.362 21.123 34.711
38.264 24.224 35.405
38.248 26.453 38.490
34.637 27.531 38.035
32.901 29.961 35.703
35.643 32.577 36.006
38.154 30.123 34.493
39.870 31.559 31.408
38.316 28.680 29.429
34.902 30.296 29.977
36.066 33.931 29.822
38.035 33.543 26.558
36.805 30.346 24.862
38.600 31.108 21.575
41.964 30.790 23.345
41.360 27.036 23.104
41.144 24.270 20.480
38.393 23.680 19.699
36.944 26.920 21.091
35.715 25.896 24.534
32.377 24.179 24.229
29.960 24.928 27.035
26.205 25.253 27.287
23.087 24.933 29.420
19.432 23.940 28.944
17.281 26.832 27.705
14.670 28.535 29.901
15.899 27.392 33.301
16.829 29.887 36.002
20.495 29.176 35.266
20.218 30.558 31.708
18.355 33.592 33.071
21.112 34.268 35.604
23.729 34.199 32.852
21.679 36.217 30.346
20.904 38.921 32.937
24.506 39.500 33.965
27.013 38.297 31.380
25.746 38.967 27.901
28.796 37.701 25.976
28.843 34.434 27.893
25.159 33.949 27.209
25.346 34.673 23.498
28.434 32.511 23.090
26.713 29.624 24.969
23.515 29.474 22.936
25.199 27.636 20.058
25.784 24.882 22.645
22.201 24.747 23.950
21.316 21.294 25.308
17.832 19.787 25.059
18.150 18.309 28.541
20.552 16.871 31.094
20.786 13.397 29.547
21.787 14.850 26.174
24.486 16.945 27.844
25.948 14.074 29.866
26.284 11.949 26.736
28.017 14.860 24.993
30.498 15.289 27.853
31.315 11.576 28.063
31.876 11.263 24.329
34.052 14.377 24.077
31.504 16.456 22.144
31.075 19.105 24.869
33.574 20.451 27.366
31.313 21.740 30.134
27.656 21.735 31.081
26.297 24.568 33.222
23.166 23.750 35.192
21.293 23.597 38.484
23.666 22.394 41.177
21.354 19.994 42.985
20.707 17.994 39.828
24.342 18.047 38.705
25.563 16.891 42.125
23.082 14.039 41.993
23.996 12.948 38.467
27.753 13.054 39.158
27.160 11.052 42.322
25.796 8.021 40.497
27.105 8.160 36.948
27.798 4.606 35.761
31.578 4.517 35.551
31.813 7.690 37.631
32.980 9.655 34.587
31.607 13.045 35.670
32.798 15.803 38.003
30.798 18.781 39.249
32.287 21.976 40.629
30.650 25.126 41.876
30.451 28.006 39.418
31.573 30.472 42.034
28.513 32.556 41.141
27.675 33.043 44.812
25.045 35.618 43.851
22.993 32.701 42.511
23.234 30.440 45.563
19.774 29.592 46.795
17.573 26.528 47.213
14.498 24.701 46.021
11.285 25.972 47.530
7.601 25.232 47.296
5.862 28.050 45.436
2.621 29.434 46.841
0.285 32.256 45.882
1.528 35.757 46.735
0.293 36.313 50.292
-0.707 32.652 50.699
-2.169 31.701 54.053
-0.402 28.325 53.808
3.226 29.420 53.819
3.203 29.536 57.631
2.083 25.920 58.041
4.179 24.558 55.161
7.276 26.182 56.681
6.474 24.811 60.144
6.218 21.323 58.678
9.463 21.593 56.723
11.226 22.853 59.852
9.777 19.931 61.830
11.111 17.480 59.249
14.547 19.104 59.316
14.718 19.036 63.083
13.563 15.467 63.604
15.770 13.797 61.006
13.040 13.129 58.452
14.733 15.374 55.904
18.047 13.596 56.501
16.337 10.247 55.846
14.846 11.521 52.579
18.236 12.829 51.461
19.732 9.400 52.158
16.870 7.671 50.361
16.914 9.734 47.155
19.929 12.045 46.832
23.201 10.750 48.263
25.783 9.407 45.793
28.387 6.653 45.478
30.915 8.135 43.044
33.848 9.639 44.871
34.514 13.176 43.657
15.354 24.913 37.524
