-14.189 -12.956 -13.090
-11.921 -11.150 -10.594
-8.269 -11.475 -9.495
-7.139 -11.765 -5.897
-5.433 -8.870 -4.177
-2.788 -9.765 -1.532
-2.600 -7.984 1.804
0.774 -7.281 3.530
-0.357 -9.921 6.075
-0.608 -12.560 3.299
-4.420 -12.737 2.810
-5.669 -13.046 -0.742
-9.145 -11.567 -1.301
-11.635 -10.461 -3.885
-15.207 -9.135 -3.626
-17.835 -11.464 -5.014
-20.613 -8.981 -4.189
-19.599 -5.338 -4.110
-21.994 -4.076 -1.504
-22.874 -0.394 -1.132
-22.375 2.551 1.244
-19.326 3.791 3.148
-16.433 1.297 3.464
-15.734 -0.109 6.922
-12.833 1.545 8.768
-10.774 0.370 11.725
-12.832 0.622 14.897
-16.259 0.331 13.226
-18.682 -2.248 14.682
-19.474 -4.850 11.995
-22.107 -7.624 11.988
-21.026 -10.513 9.794
-21.852 -14.015 8.657
-19.269 -16.289 7.110
-18.173 -19.856 6.309
-14.692 -21.287 6.078
-13.622 -24.419 4.083
-10.526 -26.614 3.812
-8.542 -26.446 0.596
-7.419 -30.081 0.723
-10.755 -31.865 1.175
-13.106 -28.878 0.574
-15.159 -29.269 3.709
-17.024 -26.600 5.686
-15.142 -26.276 9.027
-17.267 -23.434 10.390
-20.457 -21.577 9.404
-22.111 -18.789 11.426
-25.366 -18.715 9.393
-27.247 -20.733 12.018
-26.728 -18.065 14.712
-29.920 -16.022 15.274
-28.082 -12.732 15.458
-24.982 -12.302 13.250
-21.778 -12.137 15.277
-20.256 -8.653 15.675
-16.664 -7.474 15.860
-14.764 -4.147 15.841
-12.958 -3.882 12.515
-9.179 -4.280 13.056
-9.545 -5.219 16.724
-8.615 -8.902 17.312
-10.458 -10.141 20.399
-9.940 -13.956 19.919
-13.579 -14.727 19.057
-13.015 -15.383 15.300
-9.908 -16.072 13.194
-7.429 -13.174 13.062
-7.882 -12.628 9.302
-11.560 -11.694 9.678
-10.812 -8.642 11.887
-8.444 -7.345 9.236
-10.308 -8.252 6.131
-13.670 -6.547 6.979
-11.836 -3.180 6.534
-12.806 -1.663 3.180
-15.954 -3.883 2.873
-19.396 -2.232 2.711
-22.893 -3.349 3.853
-23.739 -6.539 1.784
-20.188 -6.925 0.510
-19.288 -10.601 0.153
-15.459 -10.962 0.265
-13.848 -14.308 -0.552
-10.495 -14.736 1.403
-7.666 -17.341 1.024
-6.389 -17.321 4.608
-2.839 -18.359 5.586
-2.478 -20.623 8.688
-0.874 -17.953 10.977
-4.108 -15.917 10.675
-6.540 -18.834 11.070
-5.836 -22.057 13.008
-2.034 -22.543 13.082
-2.543 -25.427 15.579
-5.494 -27.183 13.908
-4.936 -26.567 10.153
-1.181 -25.833 10.206
-0.259 -26.456 6.579
-3.079 -25.349 4.269
-4.743 -22.092 3.391
-8.467 -21.945 4.273
-11.106 -20.422 2.034
-13.594 -18.047 3.701
-16.493 -16.058 2.356
-17.667 -13.239 4.576
-20.938 -11.280 4.286
-21.240 -7.903 6.001
-24.827 -7.605 7.392
-24.698 -4.248 9.234
-22.133 -1.588 10.092
-22.211 0.779 13.071
-19.682 3.552 12.532
-17.242 4.128 15.466
