23.175 84.780 70.124
19.440 85.114 69.632
17.526 82.722 71.869
13.811 82.007 71.938
12.967 79.654 74.766
9.455 78.248 74.830
7.502 76.718 77.715
6.969 72.959 78.095
4.444 70.501 76.616
0.800 70.881 77.635
-2.200 68.603 77.975
-5.476 70.452 77.723
-9.016 69.341 78.375
-11.269 69.624 75.310
-12.973 73.068 75.492
-10.414 74.561 77.901
-7.654 77.139 77.341
-3.870 77.070 77.257
-1.294 79.845 77.755
2.180 79.264 76.388
5.239 81.485 76.639
8.396 82.347 74.681
11.293 83.996 76.563
13.587 85.982 74.277
17.270 86.774 74.848
20.235 88.164 72.921
18.575 91.205 71.401
16.452 94.292 72.128
13.023 92.733 72.783
10.846 95.657 71.746
12.690 96.136 68.437
11.356 93.029 66.660
7.906 91.549 66.116
7.078 88.111 67.498
4.990 85.638 65.516
3.115 82.487 66.484
2.938 79.528 64.076
1.056 76.155 64.362
2.467 72.902 63.037
0.084 69.955 62.938
1.216 66.294 62.795
4.860 67.472 62.389
4.219 68.734 58.848
1.982 71.607 57.701
2.592 75.194 59.053
-0.123 77.827 59.717
0.414 81.390 60.849
-1.605 82.340 63.934
-0.563 86.014 64.226
2.030 88.533 65.322
2.559 90.995 68.124
4.525 94.212 68.310
6.204 94.102 71.716
6.818 97.856 71.615
3.112 98.759 71.717
1.516 95.424 72.584
-0.390 95.545 69.285
-1.436 92.186 67.835
-2.688 91.033 64.409
-4.421 87.673 63.971
-5.143 85.189 61.212
-8.912 85.425 60.819
-9.213 81.621 60.521
-8.549 81.469 64.288
-11.954 83.092 64.930
-10.656 85.300 67.701
-9.643 82.384 69.909
-6.052 83.545 70.334
-4.800 86.485 72.422
-1.180 87.639 72.353
0.504 89.601 75.152
4.038 90.550 76.139
5.943 91.363 79.321
8.769 93.628 78.212
10.446 93.499 81.632
10.923 89.722 81.387
11.245 89.741 77.545
8.436 87.220 77.246
5.706 86.829 74.664
2.561 84.910 75.602
-0.164 83.217 73.582
-3.468 82.306 75.203
-5.536 80.009 73.022
-9.151 79.421 74.035
-11.884 76.882 73.354
-9.518 74.168 72.208
-10.616 71.076 70.300
-8.711 68.036 69.043
-8.003 69.977 65.806
-5.804 72.309 67.877
-3.407 69.532 68.979
-0.152 70.638 67.443
3.280 72.081 68.039
3.225 75.863 68.494
6.263 77.966 67.643
7.198 81.526 68.371
9.381 83.255 65.797
11.081 86.622 65.586
10.822 88.901 62.534
12.912 91.654 60.979
12.141 94.435 60.918
8.895 92.821 61.968
5.882 91.092 60.421
7.454 90.169 57.074
10.711 88.248 57.428
10.863 85.608 60.201
14.535 85.049 61.105
14.710 82.897 64.286
12.370 80.253 65.726
11.705 78.829 69.184
11.894 75.086 69.825
8.109 74.593 69.852
5.546 73.755 72.512
3.557 70.558 72.024
-0.099 70.957 72.960
-2.362 67.897 73.198
-6.083 68.404 73.463
-8.004 65.473 74.888
-10.735 64.174 77.173
-8.321 61.433 78.364
-6.488 61.353 81.671
-2.715 61.418 81.957
-1.316 57.897 82.288
2.312 57.159 83.089
4.184 54.559 81.015
5.102 51.042 82.092
8.776 50.637 81.214
9.985 47.120 80.453
13.504 45.901 79.733
14.259 44.149 76.444
17.075 41.639 76.849
17.843 38.833 74.314
30.455 41.497 67.858
27.448 43.499 68.999
24.472 42.938 71.280
21.215 44.854 70.858
19.199 45.756 73.966
16.108 47.833 74.392
13.460 49.511 76.419
9.650 49.109 75.834
7.693 52.181 77.030
4.075 51.071 77.032
0.649 52.635 77.500
1.162 56.287 78.321
-0.653 59.463 77.547
0.030 62.153 76.363
3.214 62.520 74.306
6.058 63.138 74.787
8.462 60.851 76.573
12.273 61.196 76.576
14.506 58.130 76.584
18.258 58.155 77.267
20.724 55.345 77.933
23.239 55.396 80.787
22.133 58.970 81.520
23.644 60.170 78.166
26.895 58.197 78.221
25.616 55.803 75.588
24.534 57.754 72.501
26.136 56.381 69.308
24.190 53.182 68.777
20.774 54.413 69.951
17.516 54.554 67.921
14.180 55.530 69.492
11.143 54.631 67.484
8.228 57.000 67.055
5.269 56.291 69.312
2.235 54.471 68.011
-1.253 55.377 69.195
-3.661 52.510 69.883
-6.911 52.884 71.810
-5.921 56.245 73.219
-2.526 55.255 74.669
0.957 55.511 73.227
3.678 52.894 73.049
7.269 53.270 71.871
10.529 51.424 72.060
14.170 52.332 72.131
17.105 50.294 70.951
20.812 50.413 71.869
23.643 48.316 70.410
26.883 47.712 72.367
29.862 45.348 72.114
29.143 41.809 73.397
32.338 42.269 75.453
30.641 45.280 77.097
27.255 43.795 78.107
26.454 42.070 80.364
29.825 42.858 82.039
29.028 46.611 82.265
25.695 48.149 83.327
23.230 49.342 80.673
20.190 51.278 81.905
17.370 53.061 80.044
16.100 56.308 81.581
12.545 57.224 80.620
10.893 60.523 81.550
7.226 61.395 80.980
6.741 65.140 81.750
2.927 64.968 81.964
2.910 62.421 84.804
6.048 63.765 86.514
7.539 60.241 86.179
11.083 59.126 85.529
12.070 55.463 85.575
15.490 53.872 85.330
15.420 50.282 84.130
18.616 48.256 84.178
18.844 45.655 81.427
19.841 42.367 82.988
20.315 39.013 81.223
17.090 37.038 81.210
