9.729 -10.952 -10.128
13.065 -9.571 -8.834
13.497 -10.196 -5.064
14.342 -7.143 -2.911
14.774 -7.571 0.814
14.648 -4.426 3.051
15.216 -4.054 6.797
13.157 -1.295 8.432
12.087 0.109 11.788
8.373 -0.472 12.274
6.990 3.089 12.224
7.002 4.926 9.862
9.442 2.950 7.745
7.875 -0.499 7.510
4.407 1.080 7.163
5.649 3.147 4.200
7.202 0.051 2.669
3.949 -1.973 3.070
2.101 0.735 1.057
4.754 0.782 -1.734
4.935 -3.004 -1.966
1.955 -3.466 -4.329
3.218 -0.706 -6.642
6.512 -2.548 -6.923
4.801 -5.889 -7.548
3.263 -4.299 -10.641
6.797 -3.392 -11.870
8.154 -6.916 -11.389
9.709 -6.398 -7.958
8.885 -8.532 -4.936
9.596 -6.346 -1.933
10.230 -8.369 1.258
10.232 -6.273 4.402
11.942 -7.351 7.627
11.232 -5.340 10.742
13.915 -4.484 13.311
13.507 -2.484 16.501
17.089 -1.143 16.779
19.523 1.153 15.012
22.403 -1.343 14.508
21.192 -4.644 13.113
19.578 -3.195 9.938
23.034 -2.013 8.845
24.842 -5.154 9.998
22.343 -7.315 8.032
23.015 -5.409 4.818
26.788 -5.300 5.258
26.791 -9.043 6.038
24.970 -9.617 2.721
21.898 -11.036 4.472
19.444 -8.421 3.185
19.691 -6.159 0.147
18.889 -2.737 1.696
17.520 -0.919 4.710
15.295 2.043 5.544
15.671 3.475 9.048
18.491 6.068 9.339
19.585 9.503 8.232
22.835 10.285 6.408
24.759 11.609 9.373
24.067 8.349 11.211
25.092 6.262 8.193
28.342 8.125 7.699
29.277 7.715 11.379
28.179 4.066 11.303
30.430 3.310 8.308
33.288 5.127 10.009
32.826 3.233 13.297
32.307 -0.183 11.751
34.552 0.101 8.675
31.671 -0.592 6.285
30.726 0.932 2.974
26.968 1.130 2.848
25.648 3.810 0.489
22.610 6.015 0.401
20.150 5.475 -2.485
17.500 8.162 -1.957
15.885 10.368 0.615
12.341 9.795 1.677
11.166 11.767 4.708
12.146 13.835 7.714
11.074 13.136 11.319
11.464 16.403 13.206
12.835 15.493 16.639
10.844 16.555 19.670
11.446 17.115 23.379
8.868 15.425 25.613
8.058 15.563 29.290
5.663 13.637 31.512
6.176 16.260 34.288
6.328 19.739 32.641
4.147 21.538 30.085
6.620 24.160 28.782
10.424 24.657 28.844
10.294 27.581 31.242
8.942 25.179 33.906
12.093 22.986 33.938
13.685 23.185 37.366
17.301 23.952 38.221
19.223 20.691 37.872
16.614 19.201 35.512
17.394 15.822 34.075
17.252 15.835 30.281
17.966 12.571 28.486
19.175 12.423 24.880
20.418 9.631 22.635
23.938 8.356 23.316
25.011 7.873 19.684
27.132 10.634 18.171
24.710 12.047 15.573
21.401 11.770 17.406
23.053 13.023 20.628
24.499 16.008 18.733
21.170 16.631 17.056
19.433 16.657 20.460
21.971 19.130 21.870
21.382 21.381 18.836
17.615 21.349 19.514
18.325 22.290 23.167
20.487 25.135 21.817
17.784 26.252 19.351
15.189 26.192 22.138
17.405 28.269 24.471
17.841 25.659 27.208
21.626 25.649 26.852
24.084 27.277 24.518
26.687 25.387 22.459
30.080 26.800 21.360
30.025 28.985 18.270
32.097 26.580 16.138
29.924 23.545 16.969
29.187 20.778 14.460
26.206 18.422 14.281
28.214 15.886 16.347
28.451 18.268 19.304
28.802 16.701 22.742
27.981 17.956 26.259
31.599 19.144 26.476
30.670 21.775 23.847
28.114 23.458 26.151
29.203 27.038 26.910
26.092 28.201 28.863
23.953 26.175 31.255
22.306 28.598 33.673
19.757 26.054 35.009
22.476 23.426 35.549
20.623 20.960 33.369
21.981 17.448 33.726
22.387 15.978 30.246
21.800 12.242 30.397
22.665 9.966 27.483
21.008 6.578 26.850
20.384 4.335 23.872
17.732 5.841 21.541
15.193 3.020 21.702
15.111 3.127 25.507
14.094 6.747 25.873
10.274 6.294 25.812
10.589 3.857 28.707
12.497 6.367 30.840
10.290 9.333 30.011
8.426 9.159 33.386
11.742 8.953 35.288
13.272 12.188 33.915
12.278 15.831 33.561
12.574 15.797 29.744
13.555 13.408 26.959
14.507 14.150 23.371
13.171 11.133 21.511
13.613 10.097 17.897
10.232 10.306 16.213
10.136 6.658 15.038
10.363 5.628 18.667
8.054 8.421 19.875
5.286 7.355 17.440
5.563 3.691 18.574
5.154 4.940 22.129
1.962 6.888 21.083
3.572 10.285 21.616
2.286 13.018 19.330
5.194 15.278 18.331
2.998 18.059 16.960
0.836 18.249 20.152
2.997 16.890 23.001
6.499 18.323 22.175
7.905 21.167 24.322
10.309 21.987 21.499
10.792 20.544 18.057
13.126 20.747 15.080
12.189 22.420 11.810
11.895 20.039 8.834
14.677 21.643 6.752
17.382 19.713 8.505
20.334 17.361 8.074
18.135 14.399 8.956
16.291 13.122 5.919
15.783 9.362 6.284
17.352 7.439 3.450
17.050 4.127 1.701
20.522 2.498 2.072
22.100 -0.318 0.143
25.499 -1.425 -1.144
27.706 -0.466 -4.081
26.683 -3.725 -5.745
22.949 -2.970 -5.799
22.401 0.744 -5.447
22.035 1.024 -9.235
20.186 -2.226 -9.781
16.858 -2.197 -11.605
14.906 -3.270 -8.516
16.621 -0.772 -6.248
15.873 2.036 -8.670
12.191 1.054 -8.910
11.945 1.117 -5.092
13.690 4.502 -4.922
11.284 5.927 -7.551
8.204 4.486 -5.772
9.376 6.134 -2.549
9.158 9.535 -4.333
5.687 8.763 -5.719
2.697 11.064 -5.249
0.916 8.094 -3.649
3.580 7.609 -0.944
3.619 11.351 -0.310
-0.135 11.282 0.242
0.113 8.292 2.559
2.819 10.017 4.640
0.812 13.225 4.903
-2.535 11.671 5.919
-1.091 8.931 8.160
1.368 10.942 10.262
-0.306 14.392 10.112
2.923 16.405 10.020
5.015 14.205 12.367
6.684 12.711 9.281
7.412 15.133 6.461
7.972 14.012 2.881
11.449 14.980 1.622
10.484 15.228 -2.041
