-2.964 -2.429 -20.815
-0.976 -5.549 -21.448
-0.870 -9.302 -21.607
1.053 -11.464 -19.196
3.009 -14.338 -20.766
4.642 -17.345 -19.060
7.242 -19.696 -20.583
6.189 -21.772 -23.677
6.616 -25.076 -21.803
6.977 -26.541 -18.282
9.835 -25.591 -15.936
11.530 -28.919 -15.036
13.388 -29.319 -11.794
14.774 -32.180 -9.589
13.778 -32.493 -5.939
15.662 -30.002 -3.750
16.650 -27.475 -6.574
15.524 -23.858 -6.671
13.012 -23.397 -9.596
12.104 -20.041 -11.193
8.690 -19.537 -12.650
8.992 -16.477 -14.948
6.272 -14.257 -16.395
6.586 -11.057 -18.355
4.559 -8.250 -19.872
3.820 -7.769 -23.522
4.355 -5.146 -24.767
7.487 -4.463 -22.724
6.917 -1.690 -20.132
7.926 -1.161 -16.507
6.061 -3.340 -13.961
7.964 -1.561 -11.099
4.747 -0.202 -9.432
2.458 -3.080 -10.263
1.237 -5.700 -7.766
2.413 -9.222 -8.635
0.999 -12.539 -7.388
1.557 -16.257 -8.013
-1.182 -18.713 -7.054
-1.079 -22.526 -7.181
-3.989 -23.528 -9.286
-3.196 -27.199 -8.233
-3.446 -26.689 -4.446
-5.769 -23.634 -4.457
-3.319 -21.430 -2.574
-1.632 -18.010 -2.747
2.096 -18.588 -3.027
3.504 -15.028 -2.873
2.404 -11.441 -3.595
4.390 -8.284 -4.224
2.467 -5.185 -3.115
3.249 -1.867 -1.277
6.868 -2.254 -2.219
7.611 -5.674 -0.734
6.639 -9.367 -0.567
3.372 -9.689 1.335
4.166 -12.182 4.092
0.677 -12.513 5.433
-0.605 -13.706 2.018
1.934 -16.584 1.750
0.193 -19.938 2.174
1.914 -22.116 4.849
3.824 -24.564 2.556
5.398 -21.632 0.657
5.888 -19.128 3.459
9.513 -18.116 3.721
10.487 -20.477 0.860
9.870 -18.307 -2.180
11.170 -15.016 -3.499
9.816 -12.687 -6.156
12.758 -11.860 -8.511
12.473 -8.341 -9.940
15.813 -7.720 -11.659
14.179 -7.045 -15.069
11.012 -5.537 -13.617
11.496 -2.217 -15.451
11.124 -4.211 -18.671
8.050 -6.084 -17.388
9.880 -9.265 -16.233
9.364 -11.004 -12.878
9.775 -14.547 -11.621
8.845 -16.575 -8.595
11.807 -18.588 -7.210
10.702 -21.538 -5.142
13.587 -22.592 -2.969
14.217 -26.309 -2.473
11.280 -27.742 -4.457
9.648 -30.971 -3.497
7.356 -33.226 -5.422
4.441 -31.408 -3.746
5.364 -28.214 -5.585
4.656 -29.898 -8.994
1.668 -28.451 -10.809
0.283 -25.402 -12.567
0.586 -21.905 -11.210
-0.951 -18.625 -12.336
1.077 -15.411 -12.407
-0.785 -12.061 -12.216
0.351 -8.520 -12.846
-2.008 -5.693 -11.760
-1.780 -2.027 -12.596
-4.645 -0.060 -10.885
-7.963 -1.593 -11.960
-6.497 -3.714 -14.734
-4.778 -7.062 -14.360
-3.878 -10.035 -16.570
-2.379 -13.459 -15.916
-0.668 -16.445 -17.479
-0.158 -20.061 -16.695
3.239 -21.496 -15.655
3.761 -25.198 -14.989
6.396 -26.768 -12.786
7.247 -30.456 -13.044
9.450 -31.756 -10.274
