5.224 -50.114 -10.930
4.327 -46.837 -9.194
4.325 -45.048 -5.840
3.749 -46.873 -2.533
5.182 -49.926 -4.295
8.466 -51.610 -3.251
10.995 -49.852 -5.502
12.585 -51.877 -8.347
15.931 -53.209 -7.181
18.906 -52.083 -9.241
22.575 -53.044 -9.528
25.596 -52.442 -11.754
28.998 -50.833 -12.025
29.285 -47.172 -11.104
32.149 -44.670 -10.828
32.743 -43.913 -7.141
35.588 -41.805 -5.711
37.062 -41.914 -9.207
36.869 -45.705 -9.366
34.614 -48.400 -10.832
32.629 -50.332 -8.209
29.733 -52.841 -8.329
26.895 -51.280 -6.363
23.431 -52.654 -5.578
20.285 -50.978 -4.231
20.326 -53.571 -1.429
23.645 -52.046 -0.344
21.802 -48.836 0.632
19.284 -50.236 3.114
18.805 -47.893 6.076
19.368 -44.769 4.005
17.081 -42.899 1.619
17.953 -43.024 -2.058
17.579 -40.327 -4.648
17.956 -42.131 -7.928
18.010 -39.785 -10.906
18.454 -40.325 -14.628
20.686 -38.168 -16.800
19.711 -38.654 -20.480
22.795 -38.935 -22.696
22.309 -31.172 -22.804
23.805 -29.617 -19.673
25.842 -31.488 -16.969
25.244 -28.697 -14.467
22.247 -30.638 -13.082
24.168 -33.744 -12.001
27.068 -31.530 -10.961
24.636 -29.515 -8.824
23.613 -32.594 -6.907
27.222 -33.531 -6.502
27.923 -30.128 -4.924
24.948 -30.327 -2.522
26.022 -33.868 -1.605
26.735 -32.973 2.053
23.253 -31.594 2.583
21.976 -34.894 1.257
24.257 -36.713 3.697
22.860 -34.740 6.647
19.558 -36.470 5.888
21.113 -39.922 5.567
20.260 -40.152 1.880
22.278 -41.366 -1.055
22.078 -39.668 -4.424
22.870 -41.942 -7.356
22.943 -40.581 -10.912
22.077 -42.974 -13.732
23.012 -42.683 -17.352
22.501 -44.622 -20.572
26.178 -45.364 -21.104
29.175 -47.447 -20.043
31.164 -47.340 -16.810
34.390 -46.712 -18.728
33.019 -43.692 -20.560
31.552 -42.520 -17.256
35.099 -42.747 -15.905
36.283 -40.847 -18.980
33.639 -38.263 -18.113
34.780 -37.933 -14.482
38.354 -37.826 -15.767
37.463 -34.602 -17.612
37.624 -31.072 -16.135
34.233 -29.368 -15.765
35.570 -26.557 -17.975
35.411 -28.925 -20.969
31.938 -30.247 -20.246
33.148 -33.199 -18.176
32.132 -34.050 -14.640
35.358 -33.534 -12.689
35.497 -34.631 -9.067
32.105 -36.219 -8.287
30.815 -36.836 -4.764
27.846 -38.997 -5.738
28.033 -42.290 -7.664
27.499 -42.322 -11.414
25.916 -45.579 -12.447
26.243 -47.128 -15.906
23.158 -48.451 -17.731
24.055 -49.126 -21.379
21.460 -51.904 -21.410
18.834 -49.418 -20.178
17.224 -52.171 -18.094
17.084 -49.820 -15.099
15.362 -47.108 -17.166
12.730 -49.585 -18.270
12.374 -50.899 -14.714
11.567 -47.319 -13.728
9.387 -46.504 -16.733
11.307 -43.470 -17.935
12.693 -45.217 -21.007
11.338 -44.012 -24.359
10.874 -47.314 -26.244
11.068 -45.503 -29.583
13.890 -42.967 -29.300
16.240 -45.140 -27.235
16.632 -42.394 -24.633
15.509 -41.871 -21.028
13.272 -39.093 -19.724
14.565 -37.044 -16.800
13.234 -39.297 -14.059
13.836 -38.722 -10.368
12.893 -41.156 -7.601
12.859 -41.048 -3.814
13.173 -44.396 -2.055
12.788 -44.698 1.730
14.597 -46.764 4.393
12.405 -49.787 3.702
13.114 -49.670 -0.014
9.706 -48.321 -1.098
8.883 -45.683 -3.727
7.832 -42.423 -2.065
8.150 -39.883 -4.851
8.510 -39.751 -8.606
9.264 -36.625 -10.586
9.481 -37.217 -14.331
10.269 -34.375 -16.799
10.419 -34.110 -20.582
14.042 -33.739 -21.760
14.341 -29.894 -21.929
13.533 -29.218 -18.257
16.016 -29.719 -15.441
15.392 -30.566 -11.800
15.789 -28.513 -8.608
17.885 -29.673 -5.630
16.090 -27.535 -3.053
12.816 -29.198 -4.013
14.328 -32.693 -3.740
15.768 -31.847 -0.320
12.290 -30.555 0.673
10.578 -33.807 -0.376
13.183 -35.927 1.387
13.046 -34.049 4.690
9.243 -34.065 4.582
9.051 -37.836 4.023
11.566 -38.248 6.823
9.505 -36.152 9.251
6.465 -38.192 8.235
8.172 -41.552 8.839
9.288 -40.188 12.208
6.052 -38.484 13.229
3.611 -41.252 12.290
3.301 -40.680 8.532
1.483 -37.358 8.999
2.819 -33.853 8.319
1.491 -30.775 10.212
-0.682 -28.374 8.222
1.938 -25.983 6.827
5.471 -27.346 7.201
9.015 -26.091 6.534
