10.791 8.653 -12.450
13.289 6.034 -11.151
15.140 5.151 -7.901
18.372 3.131 -8.142
19.032 0.723 -5.215
22.747 -0.024 -5.715
26.123 -1.264 -4.355
28.618 0.557 -6.722
30.354 -1.478 -7.905
32.035 -1.319 -11.345
29.027 -2.568 -13.413
26.645 -0.537 -11.133
28.628 2.662 -12.006
28.143 1.980 -15.776
24.341 1.575 -15.237
24.089 4.729 -13.006
25.935 6.828 -15.640
23.691 5.278 -18.383
20.589 6.350 -16.348
21.994 9.926 -16.074
22.564 9.877 -19.903
19.083 8.349 -20.653
16.822 11.089 -22.175
13.349 10.430 -20.682
14.691 9.317 -17.277
14.765 11.180 -13.943
16.866 9.644 -11.176
14.911 10.569 -8.011
17.819 9.290 -5.906
20.503 6.645 -5.298
19.775 4.095 -2.547
22.960 2.440 -1.188
23.528 -1.144 -0.008
26.388 -3.666 0.701
27.363 -6.425 -1.800
30.181 -5.519 -4.232
31.591 -3.378 -1.379
30.530 -2.268 2.157
27.514 0.120 2.559
30.028 2.880 3.592
32.033 2.464 0.317
28.863 2.137 -1.844
27.614 5.501 -0.409
31.000 7.211 -1.133
31.107 5.798 -4.710
27.477 6.913 -5.350
28.369 10.479 -4.199
31.487 10.430 -6.468
29.282 9.390 -9.475
26.801 12.266 -8.822
29.748 14.738 -8.746
31.362 13.341 -11.941
28.027 13.356 -13.842
27.215 16.954 -12.618
24.076 15.500 -10.934
24.612 17.095 -7.488
20.791 17.575 -7.266
20.419 13.727 -7.148
20.227 12.768 -3.424
22.093 9.735 -2.018
20.360 7.809 0.811
22.427 5.277 2.801
20.774 1.925 3.500
21.387 -1.192 5.605
24.964 -2.169 6.578
24.012 -5.861 7.042
21.338 -8.361 5.756
17.896 -8.994 7.394
19.280 -11.957 9.441
22.180 -9.728 10.647
25.949 -10.207 10.720
28.829 -8.573 8.792
28.242 -9.289 5.048
30.846 -10.939 2.788
31.740 -8.275 0.208
33.022 -9.002 -3.329
36.257 -6.909 -3.103
38.130 -9.530 -5.219
35.864 -8.664 -8.259
35.246 -4.913 -7.591
38.393 -3.701 -5.762
39.068 -2.890 -2.064
36.822 0.253 -2.250
34.438 -1.299 -4.819
35.622 0.911 -7.715
38.641 -1.062 -9.023
42.048 0.668 -8.907
40.419 4.067 -9.736
41.980 6.363 -7.077
39.501 9.252 -6.713
39.518 11.881 -3.897
36.771 12.082 -1.201
33.483 13.610 -2.498
32.705 17.181 -1.307
28.938 16.335 -1.245
27.206 14.456 1.615
24.475 11.794 1.935
20.899 12.827 2.932
19.793 12.399 6.589
16.971 9.921 5.767
17.668 6.167 5.397
17.259 4.346 2.036
14.051 2.707 3.440
12.566 6.121 4.444
13.592 7.705 1.090
12.003 4.752 -0.827
8.700 4.916 1.170
8.480 8.751 0.873
9.115 9.118 -2.918
6.778 6.215 -3.833
3.906 7.576 -1.624
4.478 11.116 -3.075
4.251 9.858 -6.716
1.862 6.804 -6.596
2.141 4.441 -9.592
4.931 6.598 -11.107
8.185 5.407 -9.451
10.074 2.437 -10.961
12.688 0.878 -8.634
15.893 -0.493 -10.194
17.418 -2.960 -7.684
21.101 -3.394 -8.648
22.215 -5.079 -5.397
20.900 -7.086 -2.387
17.150 -6.509 -1.800
17.458 -5.478 1.928
16.231 -1.827 1.543
13.263 -2.843 -0.705
12.174 -5.581 1.789
12.488 -3.112 4.749
10.412 -0.565 2.707
7.717 -3.264 2.046
7.619 -4.107 5.808
7.403 -0.397 6.850
4.637 0.704 4.394
1.836 -1.758 3.363
0.821 0.572 0.462
4.429 0.543 -0.965
3.746 -2.666 -3.005
0.567 -1.028 -4.438
2.199 2.407 -5.075
5.429 1.224 -6.890
5.086 1.360 -10.711
7.486 -1.635 -11.080
10.564 -3.230 -9.461
13.337 -4.252 -11.889
15.563 -6.744 -10.044
19.094 -7.730 -11.062
19.556 -11.080 -9.395
18.971 -14.804 -9.379
20.013 -17.654 -11.651
17.097 -19.417 -13.381
18.244 -22.760 -14.854
21.844 -21.431 -14.893
24.946 -21.495 -12.637
25.277 -18.930 -9.844
28.305 -16.663 -9.217
28.381 -16.598 -5.349
27.994 -20.435 -5.205
27.136 -22.913 -8.096
23.500 -22.576 -6.844
23.284 -18.835 -6.013
23.747 -15.402 -7.616
25.575 -12.782 -5.414
22.685 -10.286 -4.828
20.291 -13.012 -3.695
23.044 -14.849 -1.731
23.889 -11.551 0.134
20.277 -11.395 1.590
18.060 -14.432 0.745
15.275 -13.506 3.283
14.886 -10.050 1.639
14.828 -11.550 -1.901
12.112 -14.076 -0.867
10.061 -11.255 0.775
10.293 -9.083 -2.401
9.513 -11.942 -4.896
6.472 -12.936 -2.730
5.242 -9.290 -2.059
2.773 -9.272 -4.986
4.359 -6.128 -6.525
4.968 -5.777 -10.299
8.460 -7.393 -10.349
10.785 -8.021 -13.330
13.766 -10.325 -12.568
16.954 -10.222 -14.682
19.106 -13.237 -13.770
22.520 -14.662 -14.722
20.720 -16.881 -17.308
20.311 -13.758 -19.463
23.211 -11.483 -18.257
25.852 -14.168 -19.108
24.530 -14.110 -22.752
25.385 -10.383 -23.185
29.207 -10.405 -23.692
31.575 -7.423 -24.038
34.896 -8.244 -25.824
38.115 -6.134 -26.006
36.800 -4.712 -29.352
33.722 -2.922 -27.834
35.717 -1.825 -24.704
38.470 -0.336 -26.939
35.809 1.129 -29.363
34.505 2.987 -26.243
38.002 4.498 -25.634
38.339 6.092 -29.135
34.846 7.693 -28.805
33.944 11.166 -27.430
31.736 9.699 -24.670
31.017 11.952 -21.638
32.337 9.360 -19.109
34.053 6.946 -21.618
37.638 7.331 -20.222
36.473 6.629 -16.596
34.262 3.654 -17.569
37.149 2.029 -19.499
39.470 2.677 -16.486
36.978 1.094 -14.027
36.224 -1.891 -16.396
40.009 -2.606 -16.675
40.078 -4.158 -13.141
36.817 -6.080 -13.910
38.410 -7.469 -17.148
41.548 -8.717 -15.270
39.364 -10.664 -12.768
37.202 -12.207 -15.580
40.317 -13.387 -17.476
41.816 -14.844 -14.241
38.593 -16.612 -13.053
37.278 -17.903 -16.444
40.230 -17.769 -18.881
38.244 -15.683 -21.419
38.828 -12.020 -22.543
35.043 -11.270 -22.288
33.121 -9.339 -19.583
29.473 -9.462 -18.530
28.006 -6.064 -17.610
25.166 -7.326 -15.351
23.742 -3.964 -14.057
23.623 -2.212 -17.532
21.569 -5.209 -18.899
19.135 -4.765 -15.933
18.834 -1.029 -16.860
18.109 -2.008 -20.514
15.241 -4.256 -19.198
13.739 -1.231 -17.365
13.943 1.354 -20.227
13.868 -1.011 -23.271
11.853 -4.187 -22.256
11.168 -4.902 -26.019
14.765 -6.316 -26.300
13.725 -9.048 -23.797
11.147 -11.855 -23.454
9.564 -12.497 -20.028
8.040 -15.616 -18.435
5.401 -15.505 -15.657
5.984 -17.664 -12.584
6.194 -17.923 -8.789
9.799 -17.488 -7.591
10.954 -18.770 -4.167
14.362 -18.298 -2.518
16.230 -20.966 -0.512
17.228 -19.370 2.847
18.626 -22.547 4.503
21.295 -25.192 3.803
24.059 -25.479 1.191
21.883 -24.024 -1.633
21.187 -20.778 0.315
20.339 -17.996 -2.162
19.018 -20.310 -4.932
16.047 -18.934 -6.941
13.511 -21.610 -7.919
10.812 -20.642 -10.453
7.515 -22.547 -10.819
7.019 -22.672 -14.610
3.197 -23.121 -14.094
2.976 -25.537 -17.122
2.303 -28.447 -14.689
-0.578 -28.725 -12.157
0.963 -30.044 -8.892
-0.634 -33.091 -7.183
-0.244 -31.362 -3.772
0.052 -27.780 -2.441
3.731 -26.713 -2.227
5.673 -23.459 -1.281
5.045 -22.109 -4.865
1.186 -22.509 -4.885
-1.079 -19.542 -4.169
1.556 -16.745 -4.376
1.181 -14.236 -7.266
3.604 -14.755 -10.225
6.440 -12.369 -11.212
8.024 -11.768 -14.676
11.404 -13.471 -15.254
13.647 -12.393 -18.202
13.728 -15.466 -20.488
15.188 -14.327 -23.817
17.483 -11.384 -24.658
18.294 -9.823 -28.059
22.089 -9.841 -27.347
23.221 -7.693 -30.401
20.544 -5.020 -29.710
21.352 -4.763 -25.938
25.177 -4.454 -26.617
24.456 -1.699 -29.241
22.081 0.052 -26.756
24.714 0.066 -23.936
27.334 1.320 -26.486
25.046 4.143 -27.755
24.487 5.413 -24.151
28.164 5.178 -23.078
29.585 6.759 -26.324
26.983 9.622 -26.041
28.740 13.049 -25.705
