3.503 -0.289 -4.862
6.427 -1.401 -7.057
6.000 -5.036 -6.127
2.277 -5.096 -6.782
2.593 -3.239 -10.074
5.207 -5.628 -11.350
3.700 -8.917 -10.270
0.236 -7.887 -11.467
1.482 -6.905 -14.904
3.455 -10.104 -15.129
0.613 -12.383 -14.115
-1.901 -10.998 -16.528
0.629 -11.009 -19.414
2.394 -14.343 -18.951
-0.193 -16.562 -17.370
-3.738 -15.414 -16.707
-4.805 -13.597 -19.825
-1.893 -13.674 -22.360
-0.718 -17.172 -21.772
-4.106 -18.757 -21.133
-6.023 -17.310 -24.080
-3.204 -18.008 -26.543
-2.858 -21.664 -25.256
-6.633 -22.302 -25.743
-6.546 -20.584 -29.152
-3.539 -22.593 -30.280
-5.103 -25.870 -29.237
-8.400 -25.047 -30.858
-6.604 -23.998 -34.146
-4.498 -27.188 -34.055
-7.640 -29.273 -33.918
-9.632 -27.363 -36.556
-6.587 -27.232 -38.917
-6.361 -30.999 -38.557
-9.997 -31.395 -39.624
-11.779 -31.678 -36.399
-15.146 -29.786 -36.158
-14.997 -26.374 -34.332
-17.833 -27.298 -31.917
-15.887 -30.347 -30.812
-12.686 -28.346 -30.527
-14.577 -25.743 -28.350
-15.862 -28.393 -25.899
-12.360 -30.012 -25.687
-10.013 -27.051 -25.410
-12.140 -24.259 -24.103
-15.286 -25.356 -22.192
-13.482 -28.137 -20.301
-10.789 -25.723 -19.057
-13.105 -24.371 -16.351
-13.673 -27.784 -14.991
-9.982 -28.672 -14.694
-9.204 -25.320 -13.109
-12.068 -25.603 -10.657
-10.501 -28.770 -9.244
-7.093 -27.154 -9.019
-8.592 -24.055 -7.319
-10.439 -26.063 -4.675
-8.127 -28.933 -3.999
-4.706 -28.605 -5.704
-2.937 -30.128 -8.703
-2.613 -33.364 -6.833
-6.428 -33.696 -6.624
-7.057 -32.648 -10.223
-4.468 -35.265 -11.312
-6.240 -37.847 -9.120
-9.539 -37.051 -10.797
-8.371 -37.218 -14.377
-7.467 -40.605 -15.820
-3.989 -42.155 -15.716
-3.937 -41.718 -19.479
-4.438 -37.981 -19.126
-2.084 -37.613 -16.191
0.770 -39.352 -18.071
-0.073 -37.168 -21.041
0.116 -34.060 -18.841
3.589 -34.844 -17.581
4.861 -35.748 -21.082
3.350 -32.880 -23.030
3.483 -29.882 -20.676
7.215 -29.119 -21.128
6.898 -29.506 -24.898
4.072 -26.857 -25.214
5.423 -24.538 -22.425
9.037 -24.941 -23.606
12.376 -23.286 -22.961
11.498 -20.560 -25.312
8.150 -19.977 -23.426
10.202 -19.646 -20.208
12.678 -17.292 -21.831
9.707 -15.199 -23.104
8.405 -15.017 -19.526
11.791 -13.687 -18.360
11.715 -11.065 -21.106
8.117 -10.105 -20.207
9.254 -9.559 -16.648
12.359 -7.580 -17.761
10.190 -5.120 -19.796
7.848 -4.728 -16.890
10.686 -3.974 -14.440
12.509 -1.580 -16.783
9.293 0.486 -17.500
9.326 -0.331 -21.248
6.017 -2.173 -21.257
4.339 0.702 -19.267
5.632 3.173 -21.930
4.415 1.012 -24.792
1.006 0.743 -23.291
0.729 4.518 -22.535
1.980 5.234 -26.107
-0.798 3.159 -27.542
-3.335 4.916 -25.316
-2.092 8.255 -26.641
-2.560 6.930 -30.187
-6.273 6.225 -29.840
-5.829 2.641 -28.506
-4.941 1.751 -32.057
-3.168 -1.570 -31.278
-5.494 -2.556 -28.521
-8.559 -2.213 -30.648
-7.234 -3.892 -33.766
-6.246 -6.849 -31.543
-9.695 -6.756 -29.852
-11.430 -6.859 -33.213
-9.278 -9.839 -34.245
-10.051 -11.939 -31.225
-13.731 -10.993 -31.052
-14.194 -12.287 -34.629
-12.057 -15.395 -34.232
-13.808 -18.683 -34.865
-13.432 -19.723 -31.241
-15.658 -16.809 -30.288
-18.277 -17.275 -32.967
-18.482 -20.977 -32.235
-18.569 -20.389 -28.472
-21.328 -17.794 -28.565
-23.568 -20.173 -30.542
-22.811 -23.140 -28.197
-23.347 -21.217 -25.041
-26.674 -19.861 -26.346
-28.086 -23.408 -26.380
-27.224 -24.459 -22.849
-30.254 -25.356 -20.808
-30.352 -25.583 -16.985
-32.860 -27.805 -14.862
