49.294 -46.280 -70.725
49.646 -48.235 -73.993
51.515 -45.760 -76.190
53.967 -44.419 -73.615
56.788 -46.858 -74.201
56.538 -46.370 -77.969
56.461 -42.616 -78.277
60.217 -42.185 -78.795
60.640 -45.033 -81.232
57.687 -43.897 -83.352
58.812 -40.248 -83.342
62.309 -41.360 -84.284
61.005 -43.549 -87.106
58.851 -40.755 -88.507
61.685 -38.266 -88.333
63.929 -40.763 -90.177
61.359 -41.468 -92.898
60.953 -37.701 -93.239
64.722 -37.117 -93.591
65.065 -39.903 -96.174
62.016 -38.953 -98.292
62.987 -35.240 -98.186
66.622 -35.697 -99.050
66.586 -38.521 -101.424
65.891 -39.963 -104.970
63.004 -42.029 -103.912
59.498 -40.805 -102.831
58.476 -44.456 -102.510
61.810 -45.195 -101.292
62.383 -48.926 -101.950
64.180 -49.031 -98.580
63.954 -52.820 -98.407
65.872 -53.101 -101.685
68.737 -51.123 -100.198
68.508 -52.969 -96.860
69.004 -56.181 -98.789
71.914 -54.690 -100.748
73.503 -53.719 -97.434
72.632 -56.886 -95.489
70.698 -55.035 -92.779
67.196 -54.512 -91.557
65.307 -51.399 -92.689
65.636 -49.745 -89.293
69.421 -50.269 -89.323
69.676 -48.819 -92.801
67.561 -45.892 -91.579
70.202 -45.273 -88.917
72.979 -45.290 -91.489
71.016 -42.997 -93.833
70.215 -40.510 -91.082
73.922 -40.390 -90.301
74.694 -39.603 -93.926
71.932 -37.042 -94.350
72.639 -35.047 -91.214
76.336 -35.914 -90.931
