27.306 15.287 19.448
24.488 12.687 18.780
24.289 10.101 15.983
21.984 7.193 15.164
23.600 5.074 12.448
21.740 2.309 10.662
22.971 -0.701 8.745
23.138 -0.506 4.953
20.520 -1.155 2.275
19.023 -4.594 1.850
17.761 -6.319 -1.230
15.834 -9.476 -0.639
13.783 -12.166 -2.169
10.267 -12.850 -0.935
10.174 -15.144 2.101
13.630 -14.280 3.363
14.389 -12.682 6.697
16.231 -9.379 7.289
17.626 -7.811 10.443
18.379 -4.072 10.483
20.461 -2.350 13.159
20.421 1.080 14.628
23.414 2.057 16.740
23.025 5.078 19.002
25.839 7.359 20.098
26.460 10.499 22.120
23.804 10.084 24.815
22.914 7.488 27.444
21.154 4.795 25.390
18.825 3.508 28.140
17.505 6.972 29.013
15.375 7.231 25.874
13.221 4.836 23.821
13.672 3.829 20.239
10.911 4.114 17.687
10.694 2.408 14.308
9.144 4.154 11.337
8.285 2.726 7.922
8.459 5.088 4.943
6.703 3.686 1.850
6.439 4.543 -1.774
2.770 5.826 -1.875
2.083 5.276 1.897
3.990 8.208 3.583
5.200 7.494 7.142
3.929 4.674 9.407
4.679 4.286 13.099
5.641 0.627 13.643
6.107 0.820 17.390
8.764 1.537 19.939
10.966 -0.298 22.484
11.922 0.799 25.975
15.656 0.600 25.925
15.816 0.473 29.742
13.279 -2.342 30.312
13.378 -3.995 26.882
9.621 -3.908 26.632
8.248 -3.312 23.043
4.983 -1.788 21.998
3.804 -2.614 18.456
1.204 -1.094 16.193
-1.393 -3.797 15.318
-0.439 -3.762 11.626
3.134 -4.840 12.553
2.268 -7.705 14.854
3.440 -11.094 13.468
6.495 -10.853 11.246
8.223 -7.906 12.943
10.486 -8.044 16.001
12.138 -5.291 18.022
15.220 -6.202 20.048
18.243 -4.765 21.763
21.875 -5.308 22.501
22.019 -2.638 25.177
25.788 -3.037 25.873
26.317 -2.131 22.205
23.764 0.805 22.287
22.057 -1.002 19.452
18.425 -1.532 18.618
17.407 -4.073 15.964
14.408 -4.574 13.697
13.864 -8.069 12.276
11.362 -8.722 9.525
10.521 -12.355 8.824
9.103 -13.945 5.720
9.397 -10.890 3.522
6.509 -9.680 1.348
6.722 -7.207 -1.613
4.743 -4.753 0.525
7.642 -4.603 3.034
9.620 -2.629 0.386
10.360 0.629 2.185
12.925 2.760 3.963
12.998 1.949 7.725
14.048 4.558 10.185
14.942 4.393 13.840
14.260 7.518 15.920
14.465 8.649 19.503
11.318 10.482 18.779
11.052 12.608 21.894
14.576 13.827 21.447
14.127 13.965 17.614
17.279 11.881 16.965
16.916 10.029 13.590
18.953 7.407 11.921
19.737 7.838 8.227
17.248 5.119 7.160
17.705 1.619 5.799
16.211 0.963 2.400
14.787 -2.557 2.062
13.868 -3.834 -1.377
12.013 -7.141 -1.709
12.311 -8.222 -5.336
