-8.658 16.714 -1.433
-10.135 14.552 -4.196
-12.762 11.934 -3.322
-13.089 8.601 -5.121
-16.448 6.829 -5.051
-16.740 3.288 -6.371
-20.010 1.598 -7.354
-21.207 -0.886 -6.427
-19.762 -1.870 -3.045
-20.021 -5.579 -3.843
-20.535 -7.436 -7.119
-21.551 -11.039 -7.822
-20.593 -12.359 -11.259
-20.861 -15.923 -12.579
-17.709 -17.596 -13.929
-16.783 -16.717 -17.509
-19.178 -13.767 -17.468
-18.338 -10.077 -17.688
-17.861 -7.754 -14.716
-17.845 -3.950 -14.661
-16.820 -1.755 -11.737
-17.463 1.992 -11.716
-15.470 4.837 -10.158
-16.517 8.480 -9.833
-14.181 11.274 -8.719
-15.066 14.616 -7.114
-12.674 16.557 -9.344
-11.615 15.918 -12.939
-8.494 13.837 -13.515
-8.143 14.624 -17.223
-5.102 16.698 -18.181
-5.851 19.029 -21.098
-2.130 19.392 -21.766
-1.842 15.828 -23.039
-5.433 14.526 -22.999
-4.457 11.813 -20.515
-6.629 10.578 -17.647
-4.597 9.935 -14.509
-6.643 7.070 -13.073
-5.318 3.839 -11.556
-6.869 0.418 -10.869
-5.689 -2.111 -8.275
-6.511 -5.698 -7.325
-6.041 -7.060 -3.810
-6.645 -10.667 -2.803
-7.138 -11.327 0.934
-3.897 -11.779 2.873
-1.612 -10.368 0.186
-0.602 -6.856 -1.001
-2.512 -5.143 -3.862
-1.605 -5.728 -7.511
-1.386 -2.974 -10.122
-3.631 -3.698 -13.106
-4.175 -0.473 -15.035
-2.697 3.040 -14.989
-3.640 6.130 -16.987
-7.155 4.899 -17.093
-6.679 2.463 -19.926
-3.128 1.180 -19.946
-2.312 -2.227 -18.622
0.747 -3.153 -16.565
3.181 -5.750 -17.935
1.782 -9.227 -17.314
-1.862 -8.251 -16.866
-4.230 -10.424 -18.990
-6.210 -8.921 -21.884
-9.541 -9.584 -20.157
-8.885 -6.645 -17.827
-9.800 -3.313 -19.418
-10.234 0.311 -18.376
-12.333 3.085 -19.889
-13.893 6.452 -19.091
-12.749 10.064 -18.901
-12.910 13.164 -16.715
-14.772 12.050 -13.601
-16.446 8.779 -14.635
-14.337 5.632 -15.030
-15.080 1.928 -15.452
-13.097 -1.293 -15.023
-14.371 -4.212 -17.104
-13.463 -7.912 -16.996
-14.668 -9.649 -20.175
-14.502 -13.190 -18.772
-14.299 -13.468 -14.984
-11.937 -16.242 -13.898
-11.666 -18.013 -10.538
-8.469 -16.107 -9.745
-10.174 -12.784 -10.473
-12.081 -12.741 -7.180
-10.743 -9.983 -4.951
-11.430 -6.413 -3.903
-10.708 -3.752 -6.520
-9.500 -0.219 -5.808
-9.682 3.082 -7.674
-6.886 5.643 -7.282
-6.139 9.180 -8.473
-2.835 9.528 -10.325
-3.269 13.280 -10.768
-2.079 14.962 -7.576
-2.162 15.211 -3.779
-3.277 13.288 -1.933
-3.556 10.464 -4.510
-6.791 9.249 -2.905
-7.762 5.566 -2.984
-11.354 4.449 -3.499
-13.377 2.694 -0.803
-13.058 -0.551 -2.740
-15.381 -3.234 -4.087
-15.349 -6.977 -3.492
-15.920 -9.304 -6.444
-17.401 -12.729 -5.705
-18.440 -15.759 -7.752
-22.184 -15.955 -8.373
