16.713 -18.081 10.776
15.046 -19.599 7.675
11.506 -19.356 6.394
10.043 -21.154 3.453
8.167 -19.036 0.856
4.403 -18.924 0.810
3.383 -19.100 -2.829
0.135 -18.452 -4.612
-0.701 -18.780 -8.312
-3.861 -17.087 -9.520
-5.496 -15.172 -12.301
-6.627 -11.581 -12.026
-9.999 -12.434 -13.475
-11.999 -15.578 -13.461
-10.550 -17.770 -16.098
-12.510 -18.292 -19.225
-11.215 -20.145 -22.189
-10.068 -17.926 -25.001
-10.322 -14.782 -22.965
-7.282 -12.607 -22.259
-6.320 -12.456 -18.628
-3.355 -11.952 -16.330
-1.479 -14.786 -14.691
0.033 -13.972 -11.286
2.516 -15.645 -8.937
2.865 -14.090 -5.526
5.639 -15.049 -3.200
5.862 -14.045 0.380
7.280 -14.478 3.878
10.572 -16.102 3.012
13.953 -15.736 4.722
16.546 -15.200 3.410
15.514 -12.696 0.768
17.299 -14.437 -2.119
14.722 -15.934 -4.359
13.820 -16.588 -7.963
10.581 -17.016 -9.805
9.512 -18.088 -13.299
6.160 -18.459 -14.957
5.779 -21.435 -17.240
3.472 -22.422 -20.045
3.364 -25.988 -21.289
6.711 -26.285 -19.666
8.479 -23.420 -21.284
9.509 -20.281 -19.545
7.160 -17.519 -20.497
8.412 -14.384 -22.054
7.432 -10.848 -21.429
6.800 -11.440 -17.748
6.874 -8.614 -15.293
8.422 -8.711 -11.845
8.000 -6.254 -8.988
11.014 -5.024 -7.072
11.373 -6.992 -3.855
9.340 -5.443 -1.082
10.139 -5.452 2.607
7.538 -4.717 5.258
7.271 -4.316 9.052
10.883 -5.338 9.587
10.269 -8.981 8.673
8.228 -9.538 5.550
9.605 -9.880 2.090
7.358 -10.167 -0.945
7.588 -10.443 -4.671
5.116 -10.679 -7.531
5.583 -12.023 -11.031
2.898 -11.523 -13.684
2.140 -12.139 -17.345
-0.622 -11.601 -19.885
-2.119 -14.929 -20.999
-5.082 -16.571 -22.695
-6.115 -19.925 -21.287
-7.019 -22.770 -23.640
-7.993 -26.373 -23.130
-5.212 -28.742 -22.222
-2.676 -25.971 -21.538
-0.714 -26.126 -18.290
0.502 -23.002 -16.432
2.939 -23.167 -13.555
4.984 -20.912 -11.331
8.443 -22.069 -10.484
10.092 -20.848 -7.266
13.702 -21.313 -6.171
14.716 -20.600 -2.595
17.643 -22.048 -0.628
18.706 -24.221 -3.526
15.340 -25.847 -4.015
12.936 -25.417 -6.851
9.252 -25.945 -6.281
6.490 -25.812 -8.896
2.994 -24.469 -8.328
0.200 -25.138 -10.789
-2.616 -22.779 -11.706
-5.703 -24.823 -10.943
-8.912 -23.076 -11.943
-12.124 -24.855 -12.356
-13.328 -23.825 -15.690
