-38.332 39.293 -8.641
-35.062 38.304 -6.963
-33.761 39.077 -3.479
-29.981 39.363 -3.348
-28.394 38.814 0.086
-24.878 40.027 0.812
-22.575 38.763 2.101
-23.326 35.062 1.567
-21.013 34.302 4.479
-19.890 36.305 7.517
-17.806 35.691 10.662
-18.279 37.664 13.873
-16.483 37.641 17.202
-18.611 37.041 20.300
-19.929 40.463 21.357
-19.415 41.849 17.860
-21.922 42.974 15.230
-23.181 41.292 12.042
-24.829 43.273 9.228
-26.735 41.454 6.465
-28.063 43.308 3.425
-31.003 42.303 1.244
-31.598 44.026 -2.111
-34.890 43.289 -3.899
-34.854 43.659 -7.697
-38.196 45.503 -7.413
-40.103 47.020 -4.476
-41.873 44.607 -2.115
-45.656 44.808 -1.479
-46.675 47.838 0.647
-42.922 48.753 0.654
-42.569 46.768 3.924
-43.346 43.105 3.146
-39.946 41.765 4.104
-39.258 39.180 6.784
-36.023 37.746 8.204
-35.642 34.080 9.142
-33.036 32.212 11.160
-32.277 28.564 10.368
-30.176 26.880 13.062
-28.441 23.525 12.342
-30.941 20.629 12.129
-34.051 22.817 12.494
-36.785 24.505 10.458
-36.471 28.254 9.753
-37.808 30.509 12.506
-39.173 34.022 11.853
-37.177 36.816 13.536
-38.585 39.997 12.043
-41.525 40.879 9.808
-42.822 44.040 8.141
-39.135 44.957 7.653
-38.624 46.132 11.278
-41.153 44.455 13.602
-39.453 42.132 16.073
-41.358 38.849 16.336
-42.629 37.560 19.686
-39.981 35.837 21.826
-37.058 36.926 19.639
-34.002 38.621 21.169
-33.841 42.426 21.171
-30.347 42.024 19.616
-31.961 41.493 16.187
-32.948 44.663 14.340
-34.487 45.017 10.888
-34.456 48.255 8.907
-35.185 49.589 5.418
-38.052 49.830 2.939
-38.896 49.323 -0.741
-35.899 47.519 -2.260
-33.182 48.009 0.378
-33.197 46.169 3.712
-30.817 45.331 6.542
-30.650 42.835 9.408
-28.314 43.836 12.240
-27.335 41.346 14.929
-25.816 43.138 17.921
-23.819 41.649 20.803
-23.229 38.410 18.850
-23.636 35.222 20.893
-22.556 31.628 20.185
-26.181 30.565 19.613
-26.532 33.040 16.720
-24.785 30.405 14.553
-27.276 29.845 11.733
-28.116 30.620 8.132
-30.243 33.750 7.795
-32.734 34.331 4.952
-34.741 37.359 3.863
-38.260 36.801 2.453
-39.930 39.376 0.241
-43.560 39.393 -0.786
-45.262 40.899 -3.826
-48.688 41.488 -5.343
-49.487 37.991 -6.612
-51.204 39.397 -9.744
-48.188 41.524 -10.722
-45.234 39.318 -9.742
-44.221 36.137 -7.878
-46.012 36.020 -4.485
-42.898 35.319 -2.406
-39.138 35.119 -2.954
-36.389 34.084 -0.532
-32.898 35.564 -0.495
-30.073 33.056 -1.099
-29.061 32.914 2.588
-26.204 34.220 4.710
-24.267 31.680 6.782
-23.170 33.193 10.086
-20.339 31.659 12.074
-18.684 32.778 15.300
-15.064 33.843 14.820
