34.060 -1.533 19.842
32.639 -1.887 23.376
29.241 -3.573 23.359
27.287 -6.781 22.907
27.503 -7.371 19.160
25.821 -9.893 16.924
28.008 -11.676 14.366
26.763 -13.550 11.336
28.728 -12.265 8.335
26.536 -9.161 8.238
29.271 -6.899 6.903
27.941 -3.337 6.639
24.807 -2.848 8.736
21.676 -2.431 6.588
17.921 -2.900 7.218
14.466 -3.106 5.635
13.620 -0.296 3.237
9.969 0.605 3.903
8.276 3.310 1.818
4.763 4.684 1.799
3.367 7.335 -0.542
0.522 9.341 0.981
-1.663 12.342 1.152
-1.484 13.428 4.803
-5.253 13.779 5.152
-6.365 10.742 3.143
-8.193 8.395 5.528
-6.800 5.292 3.797
-3.265 6.678 4.068
-3.897 7.530 7.719
-4.987 3.947 8.443
-1.912 2.473 6.705
0.363 4.882 8.596
-1.236 3.800 11.854
-0.419 0.165 11.163
3.230 0.897 10.296
3.605 3.067 13.381
2.069 0.381 15.618
4.625 -2.151 14.294
7.409 0.171 15.538
9.432 -0.119 12.323
11.515 2.615 10.789
9.958 3.823 7.542
9.968 6.681 5.007
6.750 8.494 4.126
6.571 10.337 0.827
3.843 12.823 1.604
2.910 14.118 -1.799
-0.027 16.454 -1.011
-0.615 18.597 -4.083
2.413 17.174 -5.906
1.432 15.832 -9.321
5.025 15.145 -10.385
5.541 12.931 -7.355
2.264 11.136 -8.085
3.532 10.292 -11.574
6.843 9.021 -10.126
4.774 6.888 -7.754
2.600 5.558 -10.601
5.704 4.644 -12.589
6.674 2.246 -9.755
3.217 1.172 -8.672
1.946 -0.467 -11.910
0.541 2.818 -13.118
-1.692 3.169 -10.026
-2.354 6.666 -8.686
-4.584 5.510 -5.821
-3.235 6.176 -2.317
-1.451 4.939 -0.342
1.182 2.868 -2.158
3.570 0.799 -0.059
6.932 -0.758 -0.934
9.086 -3.060 1.184
12.630 -3.846 0.011
11.695 -2.356 -3.328
8.738 -4.687 -3.852
5.325 -3.128 -4.437
3.031 -4.404 -1.672
-0.025 -2.383 -2.645
-2.362 -0.168 -0.695
-4.011 0.070 2.682
-6.228 -2.971 2.151
-3.237 -4.979 0.999
-1.109 -4.300 4.023
-3.966 -4.951 6.440
-4.804 -8.180 4.567
-1.196 -9.345 4.892
-1.232 -8.603 8.608
-4.512 -10.493 9.076
-3.027 -13.484 7.298
0.031 -13.358 9.547
2.276 -12.447 6.637
3.229 -8.821 7.300
5.688 -9.299 10.144
8.020 -11.587 8.106
8.221 -8.933 5.364
9.270 -6.202 7.790
11.922 -8.743 8.671
9.665 -9.309 11.645
