22.263 52.614 55.876
23.782 51.154 52.705
26.671 49.688 54.705
27.124 47.217 57.610
28.789 48.607 60.742
31.528 47.637 63.231
32.088 43.922 62.670
33.832 42.578 65.768
35.113 39.154 66.809
32.981 37.830 69.665
34.118 34.398 70.848
37.813 33.840 71.530
38.183 30.237 70.437
39.787 27.868 67.896
37.950 27.219 64.619
34.190 27.649 64.602
35.052 31.223 65.564
32.227 33.783 65.636
31.754 37.337 64.315
29.026 39.978 64.634
28.104 43.080 62.624
25.480 45.743 63.275
22.161 46.829 61.820
22.455 48.478 58.397
19.634 51.055 58.348
18.573 50.029 54.836
16.585 46.864 54.071
18.950 43.925 53.584
18.141 40.849 51.500
21.249 38.805 52.291
24.754 38.921 53.748
27.774 37.483 51.926
30.852 36.451 53.941
34.247 35.888 52.280
37.437 34.712 53.989
40.916 33.399 53.554
44.544 33.782 54.693
46.415 36.994 53.841
49.196 37.180 51.267
49.490 33.841 49.483
47.800 32.732 46.271
44.952 32.278 48.762
41.990 29.890 48.680
38.984 32.205 48.679
36.023 30.784 50.581
32.479 32.092 50.985
28.892 31.416 52.051
25.530 33.171 52.359
23.476 34.312 55.354
19.884 35.652 55.462
19.467 39.385 56.055
17.710 38.640 59.337
20.856 37.130 60.884
23.623 39.383 62.217
26.124 36.606 63.005
28.126 33.829 61.319
30.573 30.968 61.955
33.589 29.481 60.138
34.912 25.929 59.692
38.575 25.709 58.692
41.985 27.342 59.286
43.691 26.963 62.685
43.062 27.432 66.417
44.798 30.736 65.788
46.310 32.282 62.680
46.354 35.579 60.759
43.378 35.779 58.385
41.164 38.263 56.538
37.357 38.390 56.688
35.042 40.473 54.495
31.268 40.981 54.635
29.142 42.128 51.690
25.611 43.537 51.867
23.030 42.395 49.318
20.510 44.811 47.799
16.979 43.372 47.564
16.676 44.578 43.961
17.294 42.690 40.731
18.928 39.269 40.682
22.061 39.850 42.742
23.117 43.380 43.659
25.632 44.403 46.299
26.282 47.739 47.975
29.262 49.955 47.251
30.998 49.497 50.599
31.872 46.054 52.043
33.510 45.901 55.502
36.536 43.896 56.679
38.665 43.142 59.748
41.757 40.991 60.303
42.815 38.514 62.996
