-5.298 26.058 -34.327
-5.630 27.967 -31.013
-5.146 24.799 -28.928
-1.646 25.542 -27.689
-2.552 29.064 -26.547
-5.489 27.643 -24.679
-3.337 24.950 -23.057
-0.986 27.697 -21.850
-3.680 30.177 -20.889
-4.029 29.122 -17.220
-0.430 28.358 -16.238
-0.427 31.168 -13.648
-3.484 29.826 -11.765
-2.276 26.255 -12.102
1.122 27.054 -10.633
-0.270 29.277 -7.854
-2.520 26.334 -6.888
0.149 23.635 -6.806
2.522 26.017 -5.057
-0.151 26.414 -2.373
-0.684 22.661 -2.289
3.057 22.144 -1.622
2.861 24.786 1.064
-0.102 23.158 2.778
1.434 19.690 2.775
4.680 21.003 4.209
2.748 22.929 6.839
0.746 19.880 7.928
3.995 17.915 8.390
5.608 20.829 10.300
2.597 21.070 12.598
2.895 17.324 13.406
6.641 17.672 14.014
6.348 20.719 16.360
3.672 18.936 18.342
5.658 15.745 18.545
8.772 17.629 19.529
7.096 19.432 22.476
5.856 16.089 23.833
8.667 13.621 23.127
11.278 13.570 25.870
14.778 12.299 25.154
18.046 12.775 27.085
16.034 14.447 29.917
14.229 17.221 27.945
11.471 17.640 25.313
13.331 17.226 22.036
12.117 20.712 20.868
14.805 22.017 23.270
17.727 20.189 21.585
19.525 22.588 19.316
19.426 20.215 16.364
15.578 20.026 16.506
15.284 23.830 17.101
17.393 24.369 14.033
15.242 22.096 11.903
12.017 23.679 13.165
13.355 27.178 12.491
14.351 26.304 8.964
10.946 24.665 8.322
9.110 27.803 9.454
11.319 30.073 7.343
10.779 28.031 4.164
7.049 27.690 4.727
6.653 31.448 5.327
8.850 32.371 2.382
6.849 30.000 0.158
3.564 31.515 1.336
4.798 35.033 0.583
5.951 33.972 -2.913
2.512 32.381 -3.568
0.576 35.428 -2.294
2.771 37.762 -4.293
1.963 35.907 -7.481
-1.703 35.817 -6.432
-1.995 39.609 -5.930
-0.443 40.207 -9.324
-2.870 37.783 -10.956
-5.821 39.347 -9.160
-4.931 42.707 -10.789
-4.517 41.105 -14.219
-0.763 41.858 -14.154
1.969 39.695 -15.852
2.866 36.952 -13.396
4.109 33.821 -15.131
7.608 34.158 -13.703
6.325 35.008 -10.213
3.904 32.016 -10.204
6.631 29.702 -11.457
9.003 30.935 -8.686
6.340 30.198 -6.064
5.758 26.694 -7.503
9.454 25.897 -7.796
10.337 27.176 -4.304
7.277 25.742 -2.564
7.672 22.315 -4.138
11.407 21.903 -3.476
11.123 23.146 0.108
8.171 20.896 0.838
10.284 17.754 0.279
12.915 19.192 2.703
10.378 20.203 5.349
8.641 16.870 5.107
11.976 14.989 5.328
12.879 16.916 8.495
9.398 16.256 9.911
10.084 12.515 9.510
13.549 12.921 11.122
12.147 14.841 14.156
9.901 11.817 14.905
12.839 9.414 14.783
11.705 5.846 14.073
8.044 6.829 14.490
8.460 9.131 11.466
8.706 6.098 9.178
5.468 4.514 10.467
2.220 4.902 8.598
0.421 5.675 11.911
2.362 8.949 12.378
1.261 10.332 8.978
4.373 12.477 8.211
5.445 9.695 5.868
2.279 10.273 3.814
3.069 14.010 3.692
6.552 13.199 2.384
5.119 10.837 -0.255
2.422 13.376 -1.351
4.770 16.364 -1.398
7.155 14.775 -3.873
4.710 15.038 -6.833
4.694 18.852 -6.602
8.164 19.125 -8.226
6.930 17.156 -11.245
3.470 18.099 -12.372
2.262 21.536 -13.428
5.631 21.859 -15.170
8.734 20.101 -13.831
11.267 22.104 -11.791
13.467 22.174 -14.891
10.682 23.855 -16.892
10.032 26.351 -14.045
13.726 27.337 -14.161
13.659 27.830 -17.969
10.600 30.083 -17.629
12.001 32.208 -14.814
15.408 32.597 -16.564
14.003 33.386 -20.020
12.171 36.362 -18.479
15.286 37.989 -16.884
