4.830 57.441 -6.153
4.266 56.287 -9.726
4.653 52.586 -8.910
2.537 50.927 -6.243
3.238 47.396 -5.047
1.235 45.150 -2.720
3.196 42.739 -0.504
1.280 39.752 0.886
2.567 37.915 3.947
0.843 35.024 5.691
2.080 35.124 9.327
1.197 37.700 12.008
2.721 41.206 11.871
5.025 40.696 14.865
6.827 37.702 13.347
10.129 37.880 11.492
8.836 37.384 7.905
6.621 40.448 8.370
9.183 42.493 10.273
11.690 42.082 7.469
8.932 42.934 4.963
8.437 46.327 6.654
12.177 47.046 6.657
12.370 46.113 2.983
9.513 48.533 2.274
11.335 51.284 4.146
14.509 50.803 2.114
12.702 50.516 -1.219
10.708 53.722 -0.704
13.813 55.574 0.473
16.225 54.336 -2.201
13.781 55.015 -5.043
13.221 58.562 -3.777
9.558 57.837 -3.356
9.031 56.590 -6.916
7.854 53.271 -5.475
5.368 52.809 -2.664
4.661 49.455 -0.992
1.442 48.467 0.791
1.933 45.582 3.193
-0.586 42.929 4.148
0.635 40.945 7.181
-1.459 38.219 8.733
-2.988 36.824 5.572
-5.078 39.923 4.889
-4.533 39.755 1.126
-3.096 36.279 0.471
-2.452 33.551 3.028
-0.850 30.118 3.192
-3.391 28.642 0.777
-3.009 31.090 -2.077
0.232 33.089 -1.972
1.894 31.199 -4.858
-1.081 31.242 -7.150
-2.093 34.688 -5.976
1.225 36.251 -6.833
1.326 34.371 -10.170
-2.096 35.813 -10.974
-1.176 39.324 -9.817
-3.620 39.413 -6.904
-0.569 40.621 -5.029
2.618 41.952 -6.576
4.831 40.309 -3.964
4.423 37.476 -1.510
6.250 35.440 1.155
6.551 31.690 0.738
7.572 29.139 3.373
9.051 26.488 1.105
8.476 23.584 3.503
4.698 24.059 3.224
4.822 23.081 -0.485
6.538 19.698 -0.832
7.505 18.921 -4.387
7.272 22.512 -5.568
10.894 23.425 -4.653
13.053 20.364 -5.306
16.315 22.321 -5.177
15.765 24.983 -2.521
14.016 22.524 -0.190
17.514 21.195 0.586
17.525 23.924 3.231
14.756 22.113 5.165
17.128 19.257 6.004
19.376 18.854 9.052
22.544 20.262 7.519
24.310 21.695 10.537
23.461 25.403 10.236
23.743 27.127 13.611
22.253 30.560 12.920
19.645 32.354 10.839
22.336 34.620 9.415
24.453 31.836 7.972
21.503 29.841 6.702
19.925 32.931 5.118
23.065 33.954 3.280
23.855 30.374 2.227
20.305 29.990 0.879
20.538 33.204 -1.169
23.937 32.171 -2.535
22.671 28.714 -3.465
19.687 30.229 -5.262
21.878 32.732 -7.094
24.233 29.969 -8.204
21.642 27.467 -9.387
18.800 29.698 -10.634
16.465 26.741 -10.211
13.512 26.492 -12.539
11.165 26.066 -9.575
11.213 29.878 -9.436
11.026 30.533 -13.170
7.572 32.158 -13.001
8.716 34.819 -10.535
11.323 37.397 -9.769
12.950 36.182 -6.560
13.432 39.396 -4.561
15.193 37.815 -1.566
15.369 34.617 0.475
16.022 33.902 4.122
15.728 31.242 6.806
14.449 30.908 10.337
16.758 30.305 13.285
17.478 26.638 13.878
15.023 24.330 15.614
15.966 23.267 19.120
14.437 21.220 21.937
12.851 23.161 24.790
11.609 21.074 27.702
10.249 20.934 31.260
12.932 18.512 32.381
16.521 18.659 31.104
17.423 16.717 27.961
21.164 16.220 28.452
21.584 13.130 26.290
19.783 10.856 23.881
18.521 8.555 26.601
16.585 11.534 27.995
14.605 11.712 24.707
13.406 8.105 24.843
9.638 8.119 24.976
9.575 11.870 25.600
6.407 13.572 24.368
7.387 16.682 22.346
5.267 19.027 20.257
6.364 18.877 16.647
5.210 18.522 13.073
6.660 17.829 9.638
10.353 16.971 9.474
10.914 17.644 13.168
8.392 14.926 14.044
10.244 12.535 11.753
13.491 13.412 13.517
11.968 12.862 16.950
10.586 9.478 15.895
14.050 8.486 14.652
15.516 9.418 18.053
13.004 7.288 19.939
10.936 10.232 21.192
7.172 10.712 20.859
6.224 13.593 18.554
2.786 15.039 19.181
0.963 17.440 16.875
-1.215 20.069 18.490
-1.992 23.752 18.126
0.533 26.188 19.559
-2.399 27.620 21.565
-3.089 24.262 23.282
0.552 23.541 24.051
0.867 25.478 27.333
-1.955 23.477 28.939
-0.663 20.290 27.338
2.759 20.964 28.839
1.279 21.544 32.286
-0.729 18.312 32.044
2.254 16.356 30.737
0.516 15.639 27.422
3.697 17.007 25.921
6.795 17.748 27.963
8.451 20.171 25.550
8.513 21.502 22.023
10.757 21.501 18.976
10.994 25.000 17.562
13.249 28.024 17.383
14.225 29.696 20.660
12.304 32.927 20.055
9.142 31.213 21.349
10.656 31.184 24.843
9.850 34.895 25.123
7.420 35.554 22.258
4.989 32.887 23.478
6.293 32.765 27.067
7.255 29.101 26.764
10.170 29.755 29.125
7.753 29.935 32.063
7.190 26.217 31.660
10.213 24.941 29.705
13.339 26.098 31.463
15.827 23.680 29.877
16.854 24.472 26.345
18.900 21.902 24.422
20.666 23.411 21.424
20.550 20.705 18.786
20.634 23.163 15.842
18.527 20.683 13.960
17.239 22.416 10.831
15.879 25.745 9.610
12.846 26.753 7.541
13.668 28.489 4.250
11.559 31.294 2.759
11.408 33.081 -0.574
10.071 36.531 -1.378
8.564 36.309 -4.858
7.309 38.974 -7.239
4.830 38.679 -10.107
6.692 38.734 -13.421
4.437 41.326 -15.054
4.951 43.551 -12.023
8.739 43.064 -12.226
8.752 43.696 -15.974
7.001 47.035 -15.443
9.785 48.450 -13.271
12.280 50.910 -14.793
15.919 49.801 -14.821
16.939 52.078 -11.941
14.204 50.615 -9.750
15.194 47.064 -10.785
18.736 47.833 -9.698
17.537 48.920 -6.256
15.547 45.724 -5.831
18.338 43.564 -7.215
20.880 45.098 -4.853
18.539 44.469 -1.925
18.407 40.715 -2.553
21.589 39.746 -0.734
21.299 42.674 1.677
17.816 41.655 2.771
18.840 38.016 3.226
21.616 39.198 5.592
19.448 41.782 7.323
16.730 39.243 8.053
19.103 36.621 9.385
20.821 39.139 11.611
17.493 40.424 12.884
16.365 36.892 13.688
19.605 35.913 15.444
19.440 39.079 17.555
15.768 38.398 18.283
16.761 34.929 19.529
19.529 36.453 21.613
17.015 38.827 23.227
14.546 35.982 23.837
17.162 33.929 25.640
18.477 36.829 27.722
14.904 37.726 28.751
14.158 34.114 29.668
17.409 33.735 31.610
16.735 36.938 33.564
13.137 36.010 34.356
13.204 32.239 34.835
16.887 31.225 35.029
16.676 28.963 32.014
19.630 26.698 31.308
21.269 26.188 27.919
22.361 22.622 27.248
24.518 20.965 24.578
24.584 17.228 24.019
27.884 15.355 23.696
29.705 15.105 20.403
28.949 11.393 20.368
25.221 12.049 20.781
25.311 14.680 18.016
26.910 12.144 15.657
24.276 9.556 16.572
21.601 12.101 15.680
23.262 12.595 12.278
23.466 8.868 11.644
19.829 8.363 12.607
18.600 11.199 10.414
20.648 10.366 7.296
17.524 8.732 5.732
15.873 12.191 5.546
18.774 13.369 3.395
18.582 10.230 1.272
14.818 10.809 0.746
15.506 14.357 -0.337
18.190 13.219 -2.785
15.791 10.740 -4.435
13.171 13.466 -4.697
15.699 15.830 -6.236
16.835 13.201 -8.743
13.224 12.621 -9.783
12.987 16.302 -10.697
16.373 16.442 -12.489
18.359 17.976 -9.632
21.913 16.768 -8.837
21.270 16.258 -5.115
24.797 15.252 -4.116
26.228 18.269 -5.932
23.777 20.590 -4.202
24.540 19.121 -0.753
28.265 19.590 -1.342
27.719 23.188 -2.318
25.530 23.796 0.744
28.294 22.618 3.105
30.795 24.848 1.321
28.437 27.791 1.901
27.877 26.818 5.550
31.619 26.895 6.193
31.893 30.231 4.359
29.402 31.859 6.742
30.054 29.916 9.961
33.336 28.092 9.732
34.647 27.343 13.257
