-7.535 44.844 -27.336
-6.880 48.564 -27.686
-4.209 51.264 -27.935
-4.255 54.869 -26.692
-1.704 57.479 -27.717
-1.577 61.103 -26.637
0.465 64.279 -26.498
0.567 67.748 -24.944
3.153 70.074 -26.421
2.545 73.009 -24.053
5.344 72.269 -21.556
7.695 70.406 -23.971
10.733 72.582 -23.049
11.087 70.572 -19.782
12.597 67.589 -21.627
14.541 68.397 -24.779
17.440 67.583 -27.070
18.610 70.060 -29.756
20.079 68.776 -32.992
23.628 70.085 -33.468
23.863 72.864 -36.114
25.593 71.671 -39.306
28.868 73.544 -39.538
28.147 74.928 -36.069
28.206 74.124 -32.349
27.832 70.367 -31.713
27.882 70.655 -27.872
24.086 70.268 -27.565
23.241 67.903 -24.716
20.117 66.268 -23.292
18.191 68.726 -21.074
15.710 67.637 -18.411
13.866 69.305 -15.524
13.730 65.929 -13.784
11.773 66.741 -10.642
9.062 68.620 -12.620
8.788 65.982 -15.339
8.401 63.300 -12.606
5.210 64.972 -11.335
3.519 65.255 -14.722
4.461 61.643 -15.622
2.943 60.184 -12.454
-0.255 62.171 -13.105
-0.742 61.472 -16.829
0.127 57.749 -16.409
-2.341 57.216 -13.558
-5.096 58.716 -15.755
-3.933 56.791 -18.850
-4.120 53.348 -17.164
-7.548 54.040 -15.654
-8.871 55.223 -19.028
-7.361 52.217 -20.806
-9.164 49.767 -18.515
-12.434 51.711 -18.746
-12.345 51.716 -22.567
-12.373 47.919 -22.406
-14.850 47.537 -19.510
-12.099 45.752 -17.587
-11.387 45.733 -13.858
-7.741 46.251 -12.776
-7.808 42.784 -11.160
-7.998 41.202 -14.635
-4.418 42.357 -15.428
-1.647 39.759 -15.189
1.373 42.003 -16.026
2.371 45.623 -16.168
5.125 46.256 -18.785
6.084 49.880 -18.179
8.548 52.408 -19.494
11.746 52.156 -17.428
12.625 55.716 -16.390
12.547 55.514 -12.596
11.670 52.840 -10.074
9.534 55.371 -8.165
7.256 56.151 -11.132
6.729 52.458 -11.829
5.805 51.941 -8.163
3.164 54.672 -8.354
1.530 53.179 -11.457
1.553 49.665 -9.912
-0.031 51.019 -6.754
-2.764 52.729 -8.828
-3.526 49.361 -10.455
-3.281 47.474 -7.111
-0.560 45.318 -8.661
2.221 43.733 -6.639
5.762 44.212 -7.905
6.001 40.546 -8.830
3.393 41.422 -11.517
5.575 44.182 -12.959
8.497 43.755 -15.379
11.444 45.847 -14.164
14.663 46.029 -16.164
15.976 49.529 -15.331
18.192 48.092 -12.591
20.346 46.512 -15.355
19.571 48.664 -18.392
18.738 52.129 -17.113
16.386 54.210 -19.264
16.738 53.079 -22.924
14.024 55.466 -24.177
11.899 53.903 -26.982
13.542 50.507 -26.316
12.234 50.226 -22.747
8.853 48.541 -23.281
9.884 46.028 -25.989
13.124 45.038 -24.213
11.221 44.459 -20.965
8.533 42.525 -22.867
11.074 40.293 -24.667
13.014 39.502 -21.481
9.863 38.427 -19.616
8.454 36.383 -22.577
11.709 34.522 -23.136
12.187 33.666 -19.437
8.619 32.345 -19.126
7.175 35.054 -16.862
4.791 36.367 -19.549
2.762 33.441 -20.894
0.508 33.132 -23.914
-3.056 34.054 -22.901
-2.049 36.499 -20.156
-3.398 40.086 -20.016
-0.689 42.751 -20.295
-0.810 46.513 -19.922
2.059 48.295 -21.712
2.597 52.028 -21.122
5.055 54.894 -21.479
5.365 58.646 -20.929
8.115 60.873 -22.366
9.370 63.977 -24.162
6.839 66.069 -26.113
5.142 65.508 -23.830
3.859 62.202 -25.204
2.344 59.077 -23.653
0.610 55.908 -24.687
-0.743 52.501 -23.698
-1.735 49.139 -25.119
-3.860 46.428 -23.554
-2.722 43.110 -24.940
-3.727 39.480 -24.496
-0.417 37.820 -25.270
