33.173 22.463 65.668
29.558 22.153 66.840
26.756 21.860 64.351
23.701 20.018 63.100
23.898 17.098 60.676
20.870 15.111 59.541
20.902 12.189 57.129
17.324 11.174 57.898
15.346 13.580 55.780
13.104 12.584 52.905
12.256 15.966 51.443
10.578 16.330 48.059
9.728 19.187 45.687
6.843 21.218 47.054
8.126 20.995 50.606
9.768 23.993 52.233
12.895 24.102 54.332
12.613 26.615 57.129
15.609 27.290 59.341
15.652 29.627 62.338
18.843 30.315 64.234
20.232 32.824 66.705
23.296 34.491 65.193
26.282 34.997 67.463
26.972 38.606 68.487
30.331 38.348 66.675
29.163 36.088 63.844
31.535 35.709 60.916
29.821 32.958 58.899
27.089 30.337 58.934
26.253 27.498 56.582
23.198 25.546 55.503
23.832 22.460 53.355
21.318 20.296 51.486
21.869 17.180 49.437
22.438 13.425 49.604
25.414 13.410 51.883
28.314 15.623 52.907
30.093 15.113 49.576
27.039 15.568 47.379
25.198 18.818 47.923
22.597 20.440 45.735
22.981 23.563 47.864
25.666 25.031 50.082
24.312 28.337 51.394
26.959 30.396 53.170
26.305 33.915 54.437
29.715 35.442 55.126
29.686 38.422 57.461
33.452 38.459 57.214
35.004 35.202 56.084
37.343 33.962 53.370
37.785 37.472 52.019
34.047 38.165 51.643
32.146 40.775 53.649
28.325 40.726 53.950
28.015 38.411 50.975
26.160 35.137 50.561
28.171 32.464 48.790
26.255 29.554 47.293
27.610 26.476 45.615
27.027 22.826 44.834
29.306 19.889 45.635
29.597 16.836 43.385
31.494 13.808 44.704
33.531 16.048 46.979
34.271 18.757 44.392
32.932 22.305 44.809
31.164 23.733 41.779
31.023 27.275 40.450
30.322 29.830 43.179
27.325 32.143 43.050
27.534 35.301 45.151
24.519 37.301 46.348
24.635 40.838 47.726
21.371 40.682 49.664
22.435 40.370 53.305
19.563 40.850 55.774
21.421 39.266 58.692
22.267 40.994 61.974
24.762 39.457 64.390
23.134 38.891 67.776
19.630 38.392 66.368
17.398 35.576 65.235
17.166 34.962 61.512
15.011 32.759 59.345
15.768 31.380 55.888
13.318 29.444 53.740
14.213 27.282 50.765
12.015 25.530 48.213
13.078 23.357 45.314
12.329 21.401 42.216
14.416 19.657 39.616
15.302 22.986 37.990
16.344 25.216 40.887
16.337 25.848 44.566
14.675 29.101 45.550
16.155 30.861 48.549
13.785 33.195 50.370
15.459 35.683 52.650
13.684 37.345 55.569
13.564 40.807 53.939
11.682 39.463 50.911
14.680 39.056 48.643
14.654 35.795 46.725
17.115 34.212 44.356
17.478 30.950 42.478
20.347 28.521 42.569
20.429 25.943 39.769
19.814 22.347 40.793
22.929 21.181 38.985
22.685 17.556 40.029
18.951 17.470 39.152
18.252 16.204 42.620
14.579 15.411 43.320
14.978 13.974 46.804
16.860 15.558 49.691
17.953 13.174 52.438
20.797 15.236 53.959
21.056 18.621 55.621
23.555 20.380 57.806
23.651 23.679 59.630
26.721 25.053 61.327
28.846 28.111 61.916
28.210 31.055 64.159
24.687 30.426 65.271
22.476 28.348 67.533
19.627 26.399 65.970
16.049 27.217 67.004
14.158 25.392 64.267
14.784 23.176 61.296
11.732 22.037 59.347
11.475 20.518 55.899
7.853 19.717 55.183
