14.325 20.751 -8.385
16.352 17.718 -9.467
14.566 14.749 -11.037
16.532 11.534 -11.571
16.060 8.006 -12.884
16.400 5.298 -10.246
16.137 1.605 -9.427
14.364 0.041 -6.432
16.073 -1.483 -3.400
14.671 -4.612 -1.758
15.604 -7.821 0.049
17.651 -9.860 -2.418
18.296 -13.404 -1.118
18.288 -15.086 -4.549
21.505 -15.564 -6.526
22.126 -16.036 -10.253
25.313 -16.292 -12.310
26.209 -13.834 -15.060
28.921 -13.818 -17.716
30.362 -10.386 -16.931
29.408 -9.665 -13.308
29.884 -13.037 -11.615
27.261 -14.112 -9.093
24.708 -11.436 -8.213
21.829 -11.052 -5.764
18.387 -10.249 -7.178
14.977 -9.193 -5.875
13.242 -12.119 -7.550
13.780 -15.295 -9.542
11.698 -17.717 -11.564
12.769 -21.237 -10.561
13.379 -23.485 -13.571
13.907 -26.764 -11.717
12.425 -29.071 -9.106
13.579 -32.266 -7.456
10.900 -34.903 -8.118
9.810 -37.356 -5.437
9.683 -41.109 -5.961
6.180 -42.222 -6.931
4.243 -45.251 -8.145
4.447 -45.986 -11.860
1.519 -45.159 -14.122
0.089 -45.185 -17.623
1.806 -42.761 -19.983
-0.705 -40.037 -20.814
-1.905 -40.361 -24.399
-0.160 -43.699 -24.898
-1.247 -47.263 -24.112
1.342 -48.637 -21.694
2.314 -52.305 -21.514
2.887 -53.977 -18.163
2.102 -57.675 -18.279
2.387 -59.088 -21.807
-1.056 -60.654 -21.490
-3.306 -58.608 -19.155
-6.176 -61.112 -19.369
-4.023 -64.142 -18.551
-4.544 -64.219 -14.787
-2.018 -65.922 -12.504
0.373 -66.075 -15.461
3.874 -64.604 -15.525
5.272 -62.959 -18.656
7.661 -65.879 -19.140
4.761 -68.335 -18.773
2.993 -66.558 -21.627
6.117 -66.345 -23.790
6.678 -70.102 -23.481
3.027 -70.786 -24.251
2.191 -72.416 -20.926
-1.298 -73.973 -21.054
-4.042 -71.642 -19.715
-1.633 -68.773 -20.411
-2.695 -68.047 -23.969
-4.521 -64.812 -24.689
-4.489 -61.429 -26.382
-1.204 -59.539 -26.277
-2.115 -55.892 -26.965
0.213 -53.700 -29.001
1.901 -50.861 -27.121
4.303 -48.086 -28.088
5.507 -47.939 -24.479
6.401 -50.865 -22.208
7.551 -51.303 -18.614
10.284 -53.831 -17.806
9.281 -55.042 -14.340
11.312 -58.265 -14.279
15.068 -57.995 -14.802
15.150 -61.798 -14.552
11.688 -63.180 -15.492
10.428 -66.323 -13.755
7.969 -69.093 -14.585
5.214 -70.111 -12.179
4.069 -73.463 -13.543
4.325 -76.349 -16.008
7.308 -78.654 -16.547
10.545 -77.878 -14.622
13.043 -75.829 -16.633
16.762 -75.414 -15.974
16.509 -71.706 -16.811
20.052 -70.430 -16.320
21.578 -72.858 -18.810
20.286 -70.646 -21.626
19.164 -67.076 -22.325
15.497 -68.114 -22.191
14.575 -65.935 -19.189
14.943 -62.741 -21.221
12.505 -63.896 -23.926
9.492 -61.939 -22.605
11.767 -58.920 -22.163
12.828 -59.342 -25.784
9.194 -59.541 -26.898
8.112 -56.419 -25.009
10.685 -54.446 -27.001
8.376 -54.826 -29.992
5.198 -52.813 -30.481
3.271 -55.787 -31.886
3.436 -59.306 -30.453
1.443 -62.281 -31.739
1.698 -66.071 -31.608
1.448 -67.928 -34.928
-1.669 -70.012 -35.565
0.136 -72.731 -37.528
3.079 -74.896 -36.470
6.488 -74.092 -37.933
7.381 -77.789 -38.060
5.229 -80.877 -38.631
6.156 -83.443 -35.972
4.811 -86.225 -38.197
7.405 -85.540 -40.901
10.208 -84.261 -38.670
13.620 -86.004 -38.979
14.412 -88.840 -36.578
11.884 -91.615 -37.161
8.171 -91.505 -36.256
7.126 -89.675 -33.090
4.365 -89.374 -30.566
3.952 -86.081 -28.715
4.472 -86.133 -24.969
2.371 -84.348 -22.371
2.609 -83.917 -18.609
0.537 -83.618 -15.451
2.628 -80.552 -14.710
0.963 -78.845 -17.674
-2.841 -79.106 -17.300
-4.642 -77.370 -20.184
-7.980 -75.523 -20.189
-9.874 -78.766 -19.577
-7.174 -79.934 -17.148
-5.905 -82.684 -19.431
-2.160 -83.342 -19.640
-0.422 -80.909 -21.975
2.802 -79.066 -22.750
4.186 -75.654 -23.756
2.257 -74.637 -26.876
5.415 -73.138 -28.387
6.998 -76.591 -28.477
6.314 -80.261 -29.154
7.797 -82.895 -26.874
8.400 -85.582 -29.489
8.973 -89.108 -28.227
9.985 -92.044 -30.472
7.256 -94.645 -31.033
7.560 -97.996 -29.238
9.105 -99.478 -32.396
11.563 -96.583 -32.719
13.301 -96.537 -29.339
16.782 -96.092 -30.798
19.743 -93.697 -30.756
20.213 -91.377 -33.722
23.025 -89.358 -35.209
22.305 -85.628 -34.930
19.695 -84.765 -37.565
19.075 -81.334 -39.053
15.765 -79.529 -39.441
15.248 -76.197 -41.193
12.960 -73.822 -39.331
11.065 -71.882 -42.025
10.117 -68.227 -41.750
6.319 -68.248 -41.492
5.687 -64.676 -40.346
4.288 -61.760 -42.373
6.085 -58.901 -44.174
8.554 -57.133 -41.889
7.974 -59.281 -38.809
10.704 -60.883 -36.743
10.165 -64.535 -35.947
11.190 -65.684 -32.492
11.463 -69.452 -32.441
11.202 -71.289 -29.134
12.709 -74.752 -28.836
14.598 -76.986 -26.445
15.306 -80.486 -25.226
14.061 -82.844 -22.529
16.384 -85.030 -20.468
15.984 -87.540 -17.644
17.835 -90.079 -15.509
19.472 -93.083 -17.176
16.434 -95.324 -16.666
13.787 -92.989 -18.103
16.106 -91.971 -20.949
16.290 -95.595 -22.074
12.535 -96.071 -21.613
11.634 -92.862 -23.467
14.370 -92.636 -26.080
16.282 -95.926 -26.145
19.494 -94.063 -25.357
20.945 -92.949 -22.024
23.977 -91.111 -23.387
24.123 -87.304 -23.310
22.331 -85.836 -26.323
23.655 -82.894 -28.325
21.816 -79.939 -29.832
22.938 -77.148 -32.152
21.068 -74.127 -33.501
22.055 -71.592 -36.155
20.358 -68.337 -37.162
21.643 -65.006 -38.491
25.224 -66.166 -37.974
24.553 -67.017 -34.335
25.318 -70.620 -33.398
24.630 -72.230 -30.022
25.673 -75.682 -28.852
24.234 -77.690 -25.963
24.967 -81.065 -24.383
22.305 -82.673 -22.196
22.652 -83.949 -18.629
21.669 -87.449 -17.487
20.275 -87.444 -13.955
21.635 -85.639 -10.920
19.480 -82.634 -11.737
19.143 -79.517 -9.545
15.837 -79.217 -7.648
12.650 -78.315 -9.480
11.893 -74.607 -9.269
9.367 -72.145 -10.691
7.240 -75.043 -11.951
3.855 -76.645 -11.274
5.009 -78.352 -8.090
4.282 -81.846 -9.367
7.374 -83.970 -8.784
9.214 -84.930 -11.973
12.387 -86.921 -12.624
13.224 -85.124 -15.855
14.154 -81.564 -16.759
13.898 -79.538 -19.943
16.247 -76.898 -21.295
14.652 -74.141 -23.347
16.175 -71.617 -25.741
14.930 -69.136 -28.310
16.073 -68.375 -31.827
15.589 -65.027 -33.542
14.850 -65.110 -37.260
14.941 -61.808 -39.133
12.427 -61.313 -41.986
12.647 -64.063 -44.599
15.394 -65.852 -42.676
15.389 -69.560 -41.917
17.149 -71.152 -38.973
18.403 -74.666 -38.375
18.327 -76.972 -35.388
20.533 -80.045 -35.270
19.263 -82.496 -32.677
19.133 -86.011 -31.264
16.842 -87.584 -28.658
14.652 -85.549 -26.311
14.236 -82.647 -28.719
11.435 -80.148 -28.145
10.601 -79.123 -31.699
9.263 -75.592 -32.198
5.555 -75.336 -32.962
3.826 -71.999 -32.507
6.272 -69.141 -32.991
6.202 -65.484 -32.023
5.775 -62.883 -34.746
6.807 -59.394 -33.720
7.159 -56.003 -35.393
7.618 -52.316 -34.629
9.429 -50.902 -31.622
8.104 -50.307 -28.126
9.804 -47.733 -25.909
11.029 -49.602 -22.839
12.146 -48.507 -19.371
12.493 -50.280 -16.022
9.578 -49.873 -13.637
7.224 -51.692 -11.301
3.618 -52.867 -11.283
0.807 -52.020 -10.935
0.477 -48.966 -13.153
-1.526 -46.542 -11.025
-3.273 -43.662 -12.764
-1.863 -41.425 -15.483
1.309 -39.358 -15.881
3.016 -37.037 -18.367
6.290 -38.852 -17.873
7.639 -42.199 -16.732
11.005 -42.090 -14.988
12.981 -45.155 -13.888
13.799 -43.596 -10.508
10.798 -41.388 -9.774
8.119 -43.434 -11.516
5.204 -41.440 -12.854
5.589 -37.676 -12.626
3.800 -34.692 -14.139
5.615 -31.827 -15.847
5.715 -28.347 -14.327
9.195 -26.837 -14.532
11.027 -27.305 -17.855
13.982 -28.848 -16.006
14.624 -31.067 -12.995
17.520 -31.816 -10.651
18.309 -35.097 -8.932
18.812 -38.643 -10.143
19.164 -38.833 -13.915
17.764 -41.992 -15.474
16.003 -43.311 -18.553
12.648 -41.589 -19.025
9.913 -41.501 -21.663
7.080 -39.108 -22.471
6.611 -35.405 -21.811
9.487 -35.074 -19.369
11.487 -32.242 -17.805
15.112 -32.100 -18.946
17.784 -33.048 -16.406
20.280 -30.413 -15.271
23.295 -30.524 -12.950
22.233 -27.557 -10.793
19.007 -25.810 -9.683
18.864 -23.102 -12.361
17.005 -19.846 -11.753
15.792 -17.256 -14.240
16.336 -13.709 -13.007
13.023 -11.970 -12.453
13.871 -8.681 -10.776
16.806 -6.307 -10.398
20.385 -6.681 -9.158
20.623 -5.909 -5.441
21.198 -2.284 -4.475
21.944 -0.876 -1.013
19.486 1.840 0.161
20.328 5.281 -1.237
22.393 7.552 1.011
