-5.931 -29.724 2.679
-6.154 -27.095 5.425
-3.281 -24.673 4.762
-1.778 -21.350 5.874
0.829 -19.406 3.910
2.740 -16.428 5.289
4.583 -13.799 3.291
5.879 -10.270 3.692
9.006 -10.994 5.693
12.233 -9.220 4.924
15.270 -7.450 6.262
14.366 -4.088 7.775
15.861 -1.260 9.819
14.776 -0.599 13.408
11.867 1.840 13.541
10.359 0.740 10.248
7.146 -1.110 9.622
6.382 -4.362 7.856
3.070 -5.938 7.047
2.892 -9.718 7.070
0.138 -11.581 5.269
-1.212 -15.054 5.925
-3.269 -16.608 3.141
-5.677 -19.374 4.084
-7.027 -22.449 2.214
-9.769 -25.067 2.732
-11.738 -23.753 5.718
-14.166 -20.967 6.738
-11.569 -18.319 7.674
-14.160 -16.018 9.275
-15.284 -18.743 11.700
-11.798 -19.065 13.281
-9.821 -16.913 15.663
-6.228 -16.756 14.437
-2.828 -16.374 16.061
0.648 -15.122 15.258
3.516 -16.925 16.999
7.222 -16.128 16.526
10.449 -18.117 16.915
13.761 -16.271 17.180
16.866 -17.990 15.719
17.851 -20.992 17.823
15.088 -20.219 20.323
11.660 -21.467 21.363
8.117 -20.413 20.525
6.673 -17.068 21.635
3.033 -16.061 21.183
2.591 -12.578 19.633
-1.049 -11.806 18.806
-4.577 -13.196 18.566
-7.651 -11.948 16.745
-11.283 -12.975 17.129
-13.126 -14.432 14.134
-15.051 -11.159 13.617
-11.916 -8.980 13.920
-13.543 -6.981 16.758
-11.350 -8.351 19.559
-7.551 -8.535 19.601
-4.914 -9.482 22.186
-1.150 -8.857 22.142
1.829 -10.060 24.110
3.397 -7.460 26.397
6.524 -7.503 24.205
4.720 -6.073 21.175
1.758 -4.236 22.632
1.739 -0.662 21.344
3.859 -1.596 18.326
2.030 -4.367 16.496
-1.442 -4.404 15.015
-3.195 -7.597 14.053
-5.922 -7.442 11.439
-7.878 -9.679 9.102
-9.624 -9.357 5.745
-12.633 -11.654 6.088
-13.475 -10.985 2.432
-10.304 -12.570 1.107
-9.418 -15.550 3.351
-6.415 -13.662 4.764
-4.804 -12.592 8.077
-2.400 -9.666 8.668
0.212 -8.488 11.169
1.368 -4.890 10.917
4.662 -4.524 12.742
5.625 -0.952 13.619
8.476 0.540 15.677
10.489 -2.570 14.985
13.249 -3.572 17.379
16.242 -5.857 16.863
14.606 -8.176 19.414
11.721 -8.679 16.976
13.981 -10.735 14.679
12.269 -14.131 14.216
10.394 -16.482 11.960
6.742 -15.430 12.199
4.056 -18.043 11.748
0.299 -17.731 11.686
-1.792 -20.461 13.192
-5.455 -21.424 13.383
-7.374 -22.116 16.601
-8.064 -25.863 16.702
-11.842 -25.613 16.968
-14.453 -23.135 15.765
-15.429 -20.445 18.275
-17.813 -17.545 17.785
-19.528 -15.224 20.288
-22.841 -16.453 21.807
-19.786 -12.751 28.260
-16.335 -13.179 26.711
-14.591 -14.391 23.541
-13.170 -17.905 23.946
-9.663 -18.882 22.826
-7.939 -22.281 22.755
-4.786 -23.899 21.364
-3.972 -23.941 17.685
-3.821 -26.905 15.334
-2.398 -25.888 11.956
0.633 -23.632 11.451
2.115 -22.037 8.329
5.744 -22.524 7.250
6.416 -18.971 8.363
8.116 -15.857 7.051
11.342 -14.347 8.425
11.644 -10.782 9.676
15.157 -9.640 10.432
15.496 -6.262 12.144
18.986 -4.745 12.039
20.871 -1.497 11.511
23.236 -3.357 9.190
23.537 -2.690 5.463
24.238 -5.260 2.750
27.796 -6.535 2.911
29.601 -9.307 1.073
31.672 -11.834 3.016
35.417 -12.085 3.198
36.527 -15.683 2.673
39.645 -16.829 4.481
41.333 -20.235 4.349
41.344 -22.517 7.374
44.576 -24.238 6.427
46.322 -27.304 7.822
49.028 -25.235 9.544
51.748 -25.860 10.045
53.313 -28.928 8.469
54.637 -31.520 10.955
52.018 -33.972 12.265
51.856 -37.730 12.796
49.656 -38.277 9.739
46.158 -39.678 9.504
43.237 -37.283 9.120
43.655 -33.564 8.429
41.026 -30.837 8.425
40.739 -27.771 6.287
38.077 -25.215 5.598
36.907 -21.705 4.815
35.931 -18.954 7.208
33.159 -16.838 5.658
33.263 -13.674 7.702
31.403 -10.383 8.082
28.409 -10.592 5.735
24.841 -9.321 5.879
22.122 -10.420 5.583
21.714 -14.206 5.660
22.047 -16.536 3.875
25.314 -17.594 2.299
25.657 -20.944 0.568
28.882 -22.904 0.611
29.903 -25.981 -1.330
33.190 -27.721 -2.038
34.575 -28.428 -5.526
31.314 -27.250 -7.099
29.245 -29.765 -5.150
31.464 -32.692 -6.098
32.748 -33.045 -2.530
30.222 -33.596 0.247
31.871 -36.453 2.108
33.443 -35.255 5.355
32.025 -31.731 4.928
30.418 -29.813 7.791
29.023 -26.351 7.186
28.179 -24.651 10.480
25.128 -22.479 11.228
25.940 -18.801 10.964
26.507 -16.818 14.137
25.557 -13.183 14.561
28.567 -11.165 15.771
28.333 -8.146 18.076
29.133 -6.032 15.014
25.762 -7.007 13.541
27.462 -9.004 10.759
27.212 -12.772 10.326
30.060 -15.288 10.133
30.275 -19.031 9.459
32.822 -21.666 8.607
32.668 -24.814 6.518
35.239 -27.551 7.098
36.124 -30.897 5.576
38.282 -33.760 6.826
40.607 -35.302 4.262
43.647 -37.569 4.335
46.783 -35.611 5.230
48.617 -37.264 2.308
46.237 -35.608 -0.178
46.833 -31.945 0.725
49.083 -31.261 -2.268
47.789 -33.783 -4.799
44.108 -33.054 -4.382
42.306 -29.782 -4.909
39.975 -28.279 -2.345
37.964 -25.265 -3.374
35.236 -23.710 -1.308
32.502 -22.044 -3.340
30.788 -19.231 -1.504
27.777 -17.349 -2.811
25.994 -14.472 -1.121
23.160 -13.322 -3.361
22.388 -9.950 -1.677
25.884 -8.672 -2.428
26.202 -10.563 -5.716
29.299 -12.202 -4.273
30.621 -15.402 -5.807
33.972 -16.573 -4.485
35.896 -19.757 -5.249
38.710 -20.021 -2.726
41.354 -22.703 -3.159
42.526 -23.903 0.247
46.157 -25.016 0.447
48.562 -25.807 3.319
50.475 -22.713 4.467
