-13.752 37.443 61.040
-10.357 38.295 59.473
-7.407 36.396 60.923
-3.854 37.737 61.098
-1.734 35.494 58.871
2.065 35.760 58.523
3.811 34.028 55.649
7.599 33.882 55.454
8.732 33.782 51.783
11.167 30.873 51.340
12.762 32.511 48.342
14.584 34.619 50.919
16.157 31.571 52.685
19.112 29.343 51.735
17.801 28.018 48.443
19.945 24.832 48.680
18.557 23.948 52.162
14.898 24.937 51.789
13.472 22.212 54.042
15.673 23.132 56.976
14.856 26.849 56.610
11.144 26.213 56.163
11.151 24.034 59.292
12.740 26.936 61.230
9.903 29.197 60.156
7.328 26.545 60.973
8.929 26.076 64.422
8.939 29.868 64.904
5.156 29.729 64.514
4.502 30.978 60.972
0.939 30.585 59.650
1.782 30.006 55.993
4.893 29.377 53.859
4.881 31.729 50.838
6.373 30.089 47.761
7.216 32.412 44.849
7.177 30.665 41.464
8.962 32.649 38.750
9.299 31.449 35.131
11.846 33.890 33.751
9.254 35.441 31.450
6.567 37.057 33.575
9.430 38.396 35.752
13.056 38.265 34.736
14.137 35.596 37.194
13.539 31.878 37.669
12.993 30.685 41.268
11.797 27.100 41.577
8.937 24.863 40.517
6.580 22.095 41.555
9.385 19.640 42.311
10.706 21.875 45.079
7.261 22.341 46.531
6.556 18.626 46.443
9.850 17.837 48.158
8.998 20.368 50.898
5.597 18.808 51.430
7.379 15.510 52.108
9.239 17.098 55.031
6.472 19.444 56.249
3.275 17.510 56.099
0.981 19.912 57.969
2.347 23.272 56.834
0.137 25.591 54.812
1.661 26.198 51.350
0.802 29.560 49.744
1.907 29.361 46.072
2.390 32.646 44.208
2.499 32.216 40.464
4.660 34.879 38.827
4.399 33.078 35.526
3.049 33.777 32.071
0.495 30.956 31.829
-0.932 30.097 35.219
-3.435 27.597 33.870
-0.591 25.142 33.124
0.612 25.128 36.726
-2.586 24.429 38.664
-2.389 20.654 38.435
1.347 20.398 39.077
1.164 22.641 42.161
-2.023 21.014 43.434
-0.261 17.625 43.188
2.792 19.128 44.915
0.621 20.108 47.913
-0.421 23.741 47.537
-3.123 24.924 49.966
-3.518 28.254 48.213
-2.599 29.363 44.704
-2.413 32.956 43.703
-2.147 34.048 40.092
-1.759 37.447 38.526
-4.439 39.436 36.816
-1.820 40.498 34.270
-0.971 36.821 33.491
-4.561 36.172 32.374
-4.607 39.278 30.218
-6.884 41.243 32.545
-9.647 38.979 31.229
-12.408 38.706 33.815
-13.846 35.406 32.497
-10.407 33.817 32.242
-9.721 34.871 35.852
-13.044 33.798 37.343
-12.774 30.486 35.592
-9.199 29.800 36.768
-10.198 30.577 40.347
-12.950 27.977 40.261
-10.589 25.452 38.796
-8.272 25.982 41.789
-11.181 25.891 44.275
-12.516 22.678 42.810
-9.291 21.075 44.108
-9.993 22.340 47.661
-7.345 24.979 47.253
-7.806 28.671 48.056
-7.650 31.001 45.043
-5.843 34.328 45.169
-5.639 37.122 42.631
-2.532 39.324 42.500
-1.891 42.768 41.092
1.365 44.441 40.152
2.155 48.007 41.163
1.305 49.546 37.819
-2.059 47.775 37.798
-4.782 50.071 39.202
-7.262 48.509 41.588
-10.203 49.814 39.550
-8.867 47.753 36.573
-10.194 44.653 38.314
-13.766 45.689 37.740
-15.923 43.056 39.415
-13.215 40.404 39.558
-13.474 40.313 43.351
-17.272 40.267 43.421
-19.298 37.228 44.549
-16.608 35.143 46.231
-14.734 34.581 42.972
-11.530 34.770 45.038
-10.442 33.814 48.544
-7.696 36.429 48.633
-6.315 39.510 46.951
-2.577 40.017 46.808
-1.477 43.596 46.452
2.200 43.718 45.500
4.009 46.394 47.523
7.195 46.104 45.380
7.738 45.241 41.747
7.603 41.459 41.664
10.591 39.243 40.861
13.148 40.534 43.348
13.553 40.506 47.122
15.047 43.157 49.376
13.214 46.041 47.651
11.712 49.064 49.378
8.034 49.001 50.411
5.854 51.173 48.143
3.399 52.775 50.592
1.360 54.324 47.761
0.184 50.782 46.894
-1.717 50.708 50.204
-4.529 52.764 48.635
-5.432 49.594 46.651
-5.637 47.727 49.979
-7.827 50.433 51.529
-10.245 50.408 48.643
-10.361 46.633 48.557
-10.955 46.478 52.342
-13.835 48.996 52.112
-15.612 46.931 49.457
-14.851 43.455 50.825
-14.706 43.550 54.631
-14.290 39.771 54.892
-11.739 39.227 52.109
-8.192 38.131 52.934
-5.860 40.847 51.646
-2.189 39.997 51.408
0.705 42.344 50.854
4.078 41.241 49.509
7.267 43.308 49.188
9.281 45.203 51.849
7.248 44.025 54.851
8.992 44.211 58.219
8.281 45.328 61.813
7.936 48.904 60.629
5.933 48.640 57.367
3.481 46.116 58.775
1.868 49.069 60.657
0.630 51.139 57.725
-0.144 47.913 55.855
-2.360 46.611 58.703
-3.848 50.023 59.126
-4.823 50.091 55.453
-6.605 46.728 55.933
-4.082 44.006 54.979
-4.381 40.914 57.231
-1.988 38.554 55.458
1.686 39.477 55.441
4.423 38.034 53.253
7.793 38.710 54.763
11.062 37.671 53.153
14.369 39.299 53.940
13.092 40.775 57.244
12.046 37.344 58.460
15.199 35.398 57.590
17.413 38.184 58.973
15.417 38.460 62.222
17.097 37.706 65.543
13.922 35.982 66.820
11.576 35.328 63.914
8.899 34.104 66.324
8.706 37.403 68.207
8.557 39.324 64.967
5.682 37.235 63.635
3.881 37.589 66.946
4.360 41.355 66.783
2.976 41.456 63.230
-0.151 39.497 64.251
-0.614 41.808 67.241
-0.456 44.823 64.947
-3.039 43.280 62.601
-5.299 42.218 65.452
-5.171 45.777 66.851
-6.120 47.371 63.494
-9.179 45.049 63.205
