5.358 11.438 33.070
8.240 10.095 30.977
11.740 10.135 32.536
13.858 12.451 30.413
17.379 11.870 31.734
18.985 8.683 30.408
22.020 6.564 31.350
23.769 7.902 28.241
23.293 11.502 27.121
25.168 13.996 24.948
26.277 17.613 25.274
25.981 20.545 22.885
27.540 23.786 24.126
27.951 27.309 22.795
29.939 29.831 24.813
30.891 33.413 24.011
32.166 36.376 25.975
34.969 38.769 26.836
38.056 38.365 29.037
40.034 41.539 29.740
38.631 43.060 26.558
39.321 40.007 24.375
36.205 38.646 22.654
36.024 34.902 22.074
33.639 32.118 21.130
33.805 28.338 21.371
31.633 25.306 20.735
31.587 21.999 22.571
30.316 18.508 21.880
30.475 15.748 24.472
28.807 12.827 26.208
28.568 11.226 29.632
26.783 9.165 32.255
24.455 11.573 34.140
23.888 9.152 37.020
27.486 7.932 37.245
28.512 11.575 37.492
30.982 11.404 34.614
31.328 13.365 31.382
33.813 14.280 28.663
33.628 17.196 26.229
35.546 18.328 23.155
35.848 22.103 22.902
36.802 24.051 19.777
37.704 27.748 19.850
35.746 29.244 16.958
36.416 32.963 17.498
39.187 34.970 19.162
41.690 32.128 19.035
44.335 31.499 19.995
43.126 32.679 23.410
45.325 35.342 25.062
44.345 33.828 28.416
44.594 30.386 30.024
41.831 28.056 28.866
41.660 26.701 32.436
39.388 29.562 33.513
36.844 28.497 30.882
36.838 24.936 32.196
34.487 25.329 35.167
32.264 27.414 32.871
31.853 24.403 30.424
27.477 21.100 33.665
25.328 20.172 36.636
23.272 17.318 35.131
26.227 14.977 35.274
26.492 14.618 39.048
26.144 11.326 40.909
23.778 11.834 43.831
24.178 9.558 46.842
22.485 9.245 50.253
19.080 10.038 48.748
19.925 13.676 48.074
17.394 15.039 45.540
18.845 16.006 42.157
17.717 19.622 41.721
19.121 19.631 38.184
17.997 16.285 36.746
14.506 16.727 38.188
14.204 20.188 36.609
13.405 18.840 33.143
11.739 19.270 30.683
11.746 22.892 31.913
15.473 22.836 32.628
17.414 25.450 34.569
19.703 28.455 34.439
22.533 29.499 36.710
24.480 32.640 37.500
27.953 32.757 39.001
30.650 35.200 40.038
34.162 33.834 40.544
36.584 36.061 42.443
40.285 35.285 42.107
42.632 36.300 44.923
44.778 38.466 42.626
41.925 40.697 41.477
40.636 38.804 38.454
36.913 38.083 38.321
34.508 36.046 36.183
30.739 36.406 35.955
28.791 33.766 34.054
25.240 33.247 32.849
24.344 29.735 31.713
21.210 28.258 30.182
20.561 24.516 30.366
17.804 22.997 28.254
17.027 19.477 27.053
16.494 18.505 23.424
15.878 14.791 23.006
19.110 13.076 24.017
21.125 16.305 24.045
21.706 18.694 26.919
21.933 22.157 25.361
24.316 24.559 27.095
24.337 28.289 26.356
27.054 30.208 28.196
27.877 33.918 28.444
31.057 35.023 30.202
32.582 38.356 31.186
36.010 38.524 32.818
37.596 41.611 34.337
40.804 42.823 36.013
42.944 39.727 35.493
46.482 41.001 36.228
48.622 41.487 33.118
51.498 39.412 34.486
49.310 36.980 36.412
49.202 33.212 35.694
45.952 33.550 33.735
46.943 36.208 31.193
50.479 34.816 30.898
49.189 31.235 30.541
51.227 29.826 33.412
48.477 27.565 34.750
48.471 23.763 34.934
44.926 22.578 35.633
42.560 22.597 38.599
42.730 20.863 41.946
39.562 18.960 42.801
37.094 21.301 44.505
34.215 21.093 46.975
31.021 23.112 46.582
28.506 23.648 49.362
24.897 23.488 48.164
22.067 25.015 50.188
18.494 26.248 49.636
17.726 29.970 49.787
14.523 31.804 48.871
13.079 29.065 46.669
16.217 28.264 44.680
19.524 26.471 45.187
22.684 28.383 46.075
26.267 27.182 45.865
29.641 28.407 47.057
33.039 26.854 46.409
36.759 27.422 46.615
38.813 26.480 43.580
42.582 26.126 43.400
44.234 26.729 40.038
47.649 25.077 39.724
50.404 27.365 38.424
53.622 26.499 36.589
55.705 28.127 39.328
54.264 25.681 41.844
51.913 28.107 43.581
48.137 27.805 43.671
45.890 30.619 42.502
42.700 30.364 44.529
39.244 31.768 43.863
35.865 32.080 45.556
32.689 31.114 43.709
29.114 32.163 44.428
26.381 30.540 42.357
22.597 30.626 42.245
20.926 27.705 40.466
17.424 28.412 39.166
15.152 25.521 38.239
12.369 26.467 35.831
10.207 23.869 37.546
7.160 24.928 39.566
8.409 25.817 43.060
5.793 23.686 44.796
6.903 20.918 42.442
10.529 21.343 43.531
11.980 18.682 45.782
14.595 21.013 47.231
17.620 19.216 48.712
19.106 20.019 52.108
22.624 21.313 52.767
25.151 19.020 51.083
28.504 18.885 49.305
29.548 18.641 45.671
32.895 17.088 44.789
34.131 18.168 41.356
37.279 16.951 39.603
38.200 18.577 36.295
40.930 17.201 34.046
41.969 18.720 30.763
42.959 15.628 28.821
44.270 17.421 25.821
45.319 20.883 24.741
46.092 21.578 21.082
47.192 24.692 19.212
45.414 26.838 21.703
42.377 25.662 19.839
41.311 22.165 20.757
40.604 21.023 24.263
39.343 17.713 25.640
37.783 18.092 29.072
36.775 15.450 31.637
34.817 15.849 34.871
33.612 13.506 37.591
31.156 14.846 40.162
29.421 13.571 43.297
26.749 15.120 45.529
27.093 13.865 49.096
26.986 14.568 52.815
30.131 14.840 54.947
31.953 11.474 54.998
