41.715 101.214 -32.876
44.235 102.823 -35.232
45.174 106.355 -34.282
44.356 107.936 -37.628
42.836 107.594 -41.083
43.271 110.133 -43.870
41.089 109.735 -46.927
39.929 112.043 -49.683
36.463 113.517 -50.176
34.132 111.181 -52.058
35.974 108.015 -51.034
35.123 105.518 -48.285
36.955 104.293 -45.202
36.761 101.122 -43.142
37.459 101.732 -39.448
38.512 98.792 -37.258
38.233 97.856 -33.605
40.114 94.717 -32.556
38.968 93.238 -29.252
40.806 91.024 -26.784
40.694 89.986 -23.145
37.147 88.656 -23.254
34.789 86.586 -25.368
34.122 88.734 -28.461
30.751 87.171 -29.261
29.231 87.940 -25.839
28.707 91.731 -25.909
27.098 94.312 -28.187
29.591 96.767 -29.636
28.730 100.488 -30.003
30.184 103.107 -32.366
30.255 106.779 -31.322
31.194 109.929 -33.259
32.704 113.063 -31.729
33.485 116.267 -33.664
36.192 118.691 -32.341
34.949 120.499 -29.233
31.495 118.879 -29.459
29.415 116.206 -27.711
28.979 112.473 -28.344
26.729 111.052 -31.076
25.659 107.405 -31.205
26.039 105.864 -34.659
24.787 102.368 -33.985
25.691 98.979 -32.563
26.341 95.419 -33.719
25.850 91.993 -32.109
29.081 90.179 -32.982
27.526 86.774 -32.433
25.027 87.122 -35.269
25.887 90.423 -37.033
22.493 91.904 -36.135
22.707 95.725 -36.164
20.869 98.747 -34.770
21.462 102.121 -36.360
20.816 105.756 -35.581
18.866 106.535 -38.766
20.883 109.759 -39.191
23.719 107.487 -40.321
21.625 105.093 -42.415
23.274 106.067 -45.694
26.672 106.721 -44.140
27.696 103.844 -41.810
27.789 100.055 -42.302
28.684 97.826 -39.313
30.208 94.330 -39.717
32.392 91.915 -37.751
35.096 89.334 -38.467
34.932 86.629 -35.799
38.106 85.021 -37.179
40.024 88.076 -35.938
37.750 89.371 -33.151
37.403 92.613 -35.109
34.450 94.988 -35.430
34.397 97.183 -38.512
32.574 100.377 -39.447
32.577 101.524 -43.054
31.794 105.184 -43.803
30.831 106.010 -47.391
30.983 109.108 -49.668
33.127 111.058 -47.219
32.800 114.808 -46.697
34.319 117.374 -44.316
31.346 116.774 -42.002
32.633 113.239 -41.482
35.952 114.457 -40.027
35.803 113.404 -36.388
37.063 111.011 -33.740
35.221 107.683 -33.890
35.141 105.370 -30.858
34.137 101.745 -30.536
32.764 100.987 -27.079
31.868 97.559 -25.713
28.744 98.506 -23.837
29.541 101.589 -21.747
32.566 100.517 -19.693
35.222 99.721 -22.289
36.216 102.292 -24.895
38.781 102.234 -27.656
41.187 105.181 -27.860
39.390 106.458 -30.949
40.421 106.877 -34.564
40.820 110.448 -35.816
39.378 110.464 -39.324
40.470 113.354 -41.547
38.725 113.812 -44.890
41.136 115.834 -47.009
42.998 115.919 -50.312
46.157 117.055 -48.459
49.190 114.727 -48.067
50.392 112.702 -45.091
53.563 114.327 -43.736
55.613 113.194 -40.723
56.693 115.843 -38.221
60.137 117.318 -37.736
61.011 117.170 -34.035
63.323 119.903 -32.696
64.721 120.014 -29.165
64.142 123.115 -27.035
67.115 123.419 -24.666
67.659 126.203 -22.091
69.056 128.831 -24.452
70.741 130.422 -21.445
74.394 129.537 -20.883
74.661 127.902 -18.508
73.101 128.453 -15.078
69.580 127.958 -13.717
67.173 128.066 -10.740
66.040 125.014 -8.710
63.807 123.927 -11.622
64.443 123.707 -15.381
62.015 123.792 -18.335
62.757 121.789 -21.485
60.726 121.294 -24.655
60.105 119.748 -28.049
58.837 121.518 -31.130
56.823 119.123 -33.301
56.474 120.816 -36.643
55.023 120.439 -40.122
52.953 117.241 -39.822
49.635 116.092 -41.293
47.152 114.762 -40.296
46.331 114.689 -36.571
47.071 113.346 -34.030
50.577 113.065 -32.651
51.324 111.716 -29.181
54.155 113.112 -27.049
55.673 111.561 -23.942
58.895 112.235 -22.051
61.411 109.481 -21.275
59.070 106.776 -22.632
56.299 107.878 -20.296
58.386 107.684 -17.111
58.320 111.489 -16.955
54.652 112.310 -16.435
54.549 115.229 -13.976
55.178 118.794 -15.149
54.357 118.031 -18.788
52.294 120.320 -21.039
51.434 119.341 -24.585
49.843 122.247 -26.450
47.128 121.756 -29.092
48.424 121.877 -32.651
47.845 124.866 -34.878
46.895 124.236 -38.499
48.489 126.404 -41.204
48.958 125.747 -44.945
47.768 122.146 -44.524
50.410 121.443 -41.853
50.156 121.191 -38.073
52.646 122.324 -35.463
52.662 121.842 -31.709
55.072 121.959 -28.806
55.392 120.119 -25.513
57.180 121.388 -22.396
58.490 119.439 -19.415
59.813 120.826 -16.152
62.310 118.910 -14.025
64.598 119.683 -11.051
67.877 121.309 -12.125
69.645 118.503 -10.256
68.493 115.916 -12.791
69.254 117.613 -16.097
71.569 117.522 -17.833
73.059 115.061 -15.304
70.442 112.526 -16.449
68.869 112.169 -19.909
65.626 113.785 -21.055
64.176 112.741 -24.393
60.843 113.556 -25.943
59.137 110.675 -27.751
56.869 111.724 -30.591
54.488 109.267 -32.273
52.649 110.131 -35.506
50.325 107.169 -36.211
49.243 108.290 -39.708
52.834 108.015 -41.006
53.741 105.177 -38.624
56.705 107.230 -37.410
58.269 107.651 -33.968
61.032 110.146 -33.192
62.973 109.995 -29.934
64.775 113.287 -29.398
67.335 113.798 -26.645
67.485 117.322 -25.232
71.187 118.302 -25.063
72.472 121.569 -23.508
73.282 124.338 -25.992
76.769 124.694 -27.556
