20.179 -95.339 30.462
22.460 -94.193 27.610
24.582 -91.029 27.975
25.568 -90.710 24.303
23.328 -90.858 21.271
23.439 -93.911 19.080
23.795 -93.883 15.267
23.111 -96.984 13.206
25.016 -96.599 9.922
24.245 -99.227 7.305
27.160 -100.138 5.082
29.304 -98.234 7.523
32.576 -100.185 7.114
33.852 -98.527 3.907
33.469 -95.602 1.552
30.794 -92.979 2.194
29.371 -94.982 5.097
32.748 -94.984 6.850
33.065 -91.251 6.297
29.645 -90.778 7.879
30.575 -93.086 10.805
33.810 -91.220 11.469
32.032 -87.852 11.415
29.297 -89.000 13.751
31.779 -90.560 16.181
33.751 -87.312 16.191
30.495 -85.483 17.094
29.954 -87.763 20.093
27.795 -90.606 18.750
28.136 -94.244 19.628
28.020 -96.404 16.488
26.207 -99.497 15.373
27.689 -100.490 12.006
26.041 -103.020 9.685
27.454 -104.707 6.637
27.196 -108.107 4.959
31.001 -108.517 5.338
32.886 -108.304 8.625
35.751 -105.867 9.088
36.990 -105.898 12.665
39.982 -103.724 11.716
37.763 -100.779 10.830
35.674 -101.237 13.987
38.887 -101.161 16.015
40.032 -98.039 14.222
36.711 -96.267 14.863
37.116 -96.927 18.614
40.071 -94.533 18.440
37.558 -91.712 18.300
36.541 -92.535 21.875
32.998 -93.881 21.575
31.385 -97.262 21.656
31.447 -99.092 18.307
29.746 -102.370 17.527
29.265 -104.413 14.353
26.149 -106.289 13.212
26.401 -108.623 10.273
23.374 -107.913 8.044
22.383 -108.209 4.406
20.174 -105.184 3.651
18.160 -107.208 1.136
17.277 -109.920 3.692
14.216 -108.220 5.108
13.116 -111.210 7.216
16.316 -110.694 9.250
15.899 -106.977 10.001
13.840 -107.307 13.220
16.580 -109.502 14.690
19.314 -107.041 13.680
17.408 -104.163 15.291
16.808 -106.271 18.427
20.591 -106.937 18.580
21.325 -103.215 18.283
18.851 -102.465 21.105
20.355 -105.166 23.267
23.816 -103.570 22.800
22.854 -99.876 23.069
19.347 -99.518 24.564
18.044 -97.326 21.783
18.675 -95.826 18.360
18.750 -92.043 17.927
19.975 -91.716 14.331
19.573 -94.100 11.412
21.746 -93.506 8.370
20.508 -95.509 5.405
23.765 -95.627 3.456
24.055 -99.239 2.285
23.401 -99.774 -1.402
24.842 -100.895 -4.704
25.405 -99.707 -8.275
23.755 -101.407 -11.225
24.982 -104.951 -11.861
25.508 -104.167 -15.525
25.434 -100.830 -17.305
24.295 -100.602 -20.907
21.373 -100.119 -23.234
18.012 -100.179 -21.518
16.954 -102.669 -24.247
19.445 -105.208 -22.741
18.409 -104.626 -19.111
17.735 -107.947 -17.358
14.840 -108.388 -14.902
17.116 -110.386 -12.569
19.536 -107.434 -12.346
16.719 -104.957 -11.893
15.484 -107.189 -9.035
18.864 -107.401 -7.364
19.265 -103.653 -7.163
15.656 -102.938 -6.257
15.817 -105.552 -3.491
18.917 -103.900 -2.000
18.578 -100.193 -2.542
14.820 -99.738 -2.341
13.008 -102.729 -0.787
15.809 -103.441 1.677
16.126 -99.834 2.771
12.368 -99.399 3.187
11.943 -102.436 5.396
15.147 -101.909 7.369
13.830 -98.416 8.107
10.482 -99.873 9.146
12.219 -102.151 11.696
14.229 -99.239 13.088
11.233 -96.902 13.251
9.233 -99.488 15.274
12.088 -99.377 17.819
12.276 -95.591 17.825
8.549 -95.077 18.287
8.599 -97.515 21.232
11.467 -95.721 23.023
10.579 -94.863 26.646
13.212 -92.130 26.863
14.108 -89.530 24.253
17.059 -87.527 25.573
18.805 -86.857 22.245
17.958 -85.374 18.833
16.647 -88.078 16.525
16.967 -88.419 12.784
16.760 -90.713 9.812
19.125 -89.665 7.033
18.799 -91.568 3.781
21.705 -91.502 1.323
20.164 -91.773 -2.132
22.014 -90.256 -5.155
21.866 -87.436 -7.611
20.459 -90.250 -9.783
17.198 -89.792 -7.834
16.632 -86.674 -9.922
19.096 -86.947 -12.879
18.547 -89.779 -15.338
21.219 -92.019 -16.847
19.671 -94.226 -19.584
22.486 -96.822 -19.321
21.537 -97.615 -15.721
17.805 -96.938 -15.265
17.483 -99.704 -12.687
19.830 -97.660 -10.446
17.986 -94.433 -11.099
14.571 -95.969 -10.473
15.734 -97.493 -7.198
17.043 -94.117 -5.983
13.970 -92.192 -7.181
11.897 -94.624 -5.131
13.891 -93.642 -2.056
13.149 -89.966 -2.718
9.433 -90.716 -2.595
9.831 -92.897 0.490
11.673 -90.170 2.411
8.886 -87.637 1.837
6.267 -90.027 3.250
8.493 -91.083 6.108
9.019 -87.445 7.091
5.270 -86.968 7.441
4.871 -90.206 9.380
7.521 -89.140 11.890
6.858 -85.425 12.155
4.900 -85.651 15.425
7.548 -87.882 16.958
10.119 -85.114 16.262
12.372 -87.404 14.237
14.040 -85.311 11.514
13.895 -87.112 8.178
16.286 -86.072 5.377
17.612 -87.145 1.997
21.228 -86.653 1.010
22.106 -87.100 -2.669
25.779 -87.759 -3.340
27.337 -86.829 -6.664
30.773 -87.840 -7.886
32.474 -89.044 -4.712
35.960 -90.495 -4.748
36.026 -94.313 -4.924
38.692 -96.931 -5.449
39.749 -96.506 -9.101
42.283 -97.470 -11.678
44.538 -94.650 -12.905
42.800 -94.920 -16.294
39.353 -94.274 -14.862
40.451 -91.683 -12.300
42.317 -89.670 -14.951
39.184 -89.571 -17.128
37.003 -88.394 -14.240
39.589 -85.792 -13.149
39.588 -84.321 -16.659
35.758 -84.162 -16.658
35.619 -82.652 -13.164
38.267 -80.048 -14.099
36.354 -79.304 -17.332
33.416 -78.271 -15.153
31.096 -81.312 -15.177
31.181 -80.576 -11.431
30.851 -76.813 -10.929
33.087 -76.841 -7.821
35.726 -78.650 -9.913
36.771 -81.178 -7.296
36.051 -84.705 -6.226
33.574 -85.128 -3.422
35.087 -86.984 -0.470
33.472 -89.386 1.930
34.222 -86.725 4.563
32.005 -84.207 2.703
29.016 -86.550 2.946
29.969 -87.354 6.533
30.094 -83.692 7.595
26.678 -83.036 6.015
25.117 -86.050 7.699
26.612 -85.192 11.093
25.153 -81.669 10.741
21.714 -83.099 10.064
22.015 -85.640 12.902
22.906 -83.012 15.529
19.345 -81.729 15.918
19.625 -78.207 14.504
17.746 -79.201 11.349
14.708 -80.791 13.061
12.337 -78.139 11.695
13.724 -78.827 8.158
12.350 -82.377 8.130
11.605 -83.544 4.550
14.518 -81.528 3.126
16.818 -82.959 0.459
20.547 -81.938 0.397
22.690 -82.344 -2.654
26.239 -83.418 -1.848
27.574 -82.995 -5.375
29.549 -79.784 -5.844
26.664 -78.405 -7.850
26.468 -81.275 -10.327
22.644 -81.491 -10.144
22.028 -77.765 -10.660
20.039 -77.582 -13.889
21.917 -75.350 -16.275
21.942 -74.297 -19.861
