-48.167 -12.731 10.346
-45.293 -12.318 12.808
-42.222 -10.678 11.293
-38.925 -9.859 12.992
-39.350 -6.522 14.756
-36.844 -3.982 16.033
-37.812 -2.460 19.365
-35.647 -0.299 21.593
-32.295 -2.047 21.487
-33.376 -5.546 20.598
-34.754 -7.709 17.825
-38.068 -9.368 18.673
-39.942 -12.299 17.184
-43.366 -12.987 18.669
-42.468 -10.852 21.676
-39.417 -12.970 22.455
-36.112 -11.108 22.070
-34.015 -12.697 19.325
-30.264 -12.890 18.670
-29.189 -13.181 15.023
-26.630 -15.975 14.838
-25.390 -16.996 11.410
-23.110 -16.437 8.446
-22.571 -14.320 5.407
-23.306 -16.282 2.287
-22.596 -12.968 0.673
-22.798 -14.947 -2.591
-22.438 -18.146 -4.581
-21.814 -16.274 -7.823
-20.688 -12.685 -7.256
-23.506 -10.432 -8.430
-25.333 -13.094 -10.423
-27.056 -15.264 -7.813
-30.469 -13.895 -8.747
-31.796 -12.469 -12.007
-31.251 -13.262 -15.696
-32.196 -16.892 -15.066
-28.996 -17.319 -13.072
-30.866 -18.544 -10.001
-31.215 -21.935 -11.670
-27.443 -22.283 -11.397
-26.777 -20.952 -7.893
-30.067 -21.819 -6.165
-29.268 -25.411 -5.086
-26.003 -24.343 -3.445
-27.609 -21.428 -1.586
-30.434 -23.638 -0.327
-27.943 -26.258 0.867
-26.037 -23.495 2.639
-29.250 -22.513 4.422
-29.451 -26.164 5.479
-25.949 -26.073 6.981
-26.834 -22.797 8.693
-29.862 -24.290 10.435
-28.244 -27.631 11.282
-25.451 -25.711 13.001
-28.119 -23.967 15.063
-28.231 -20.554 13.421
-31.052 -18.279 12.302
-29.639 -15.773 9.802
-27.932 -15.595 6.416
-26.695 -12.356 4.855
-26.983 -12.429 1.059
-25.986 -9.785 -1.501
-28.245 -8.954 -4.457
-27.515 -6.078 -6.865
-23.850 -5.856 -5.863
-22.204 -4.115 -8.825
-24.932 -4.064 -11.459
-23.671 -7.215 -13.161
-27.262 -8.462 -13.359
-29.134 -6.145 -11.019
-30.781 -3.843 -11.691
-31.466 -3.471 -15.426
-30.373 -0.134 -16.902
-31.201 1.373 -20.287
-28.840 3.188 -22.645
-29.175 6.414 -20.655
-28.489 4.878 -17.253
-32.107 4.821 -16.122
-33.486 1.653 -14.522
-36.096 -0.265 -16.503
-36.539 -3.477 -14.514
-35.093 -5.756 -11.831
-33.171 -7.673 -14.489
-33.304 -8.112 -18.274
-35.173 -11.420 -17.998
-37.334 -10.043 -15.172
-36.819 -13.046 -12.866
-35.131 -11.451 -9.833
-38.268 -11.176 -7.695
-39.212 -14.809 -8.370
-35.738 -16.012 -7.401
-35.548 -13.997 -4.202
-39.105 -15.039 -3.318
-38.145 -18.673 -3.820
-35.065 -18.437 -1.607
-37.118 -16.664 1.060
-39.624 -19.519 0.991
-36.884 -22.095 1.486
-35.202 -20.065 4.222
-38.548 -19.890 5.999
-39.043 -23.629 5.664
-35.676 -24.001 7.379
-36.432 -21.367 10.046
-33.743 -19.013 8.738
-33.878 -15.231 8.361
-32.287 -13.442 5.415
-30.671 -10.024 5.159
-30.835 -8.879 1.532
-27.929 -6.545 0.779
-28.813 -4.434 -2.256
-25.687 -2.629 -3.446
-22.023 -3.114 -2.636
-20.055 -0.097 -1.409
-16.602 -1.503 -0.692
-16.252 -1.617 -4.452
-18.611 -0.174 -7.055
-17.059 -0.253 -10.512
-20.317 0.224 -12.425
-20.874 3.648 -13.968
-24.667 3.341 -13.802
-24.817 2.351 -10.138
-22.255 5.055 -9.349
-24.630 7.613 -10.851
-27.483 6.493 -8.604
-25.748 8.504 -5.881
-25.536 11.660 -7.971
-28.578 11.715 -10.258
-31.928 11.995 -8.487
-33.915 10.968 -11.565
-31.864 7.817 -12.083
-32.145 6.913 -8.399
-35.870 7.532 -8.721
-35.869 5.304 -11.785
-34.299 2.552 -9.679
-36.866 3.070 -6.927
-39.889 3.163 -9.235
-38.960 0.421 -11.682
-36.868 -1.965 -9.576
-36.919 -1.523 -5.794
-40.571 -0.725 -5.073
-41.714 -3.840 -6.980
-39.195 -5.966 -5.053
-40.277 -4.652 -1.660
-43.966 -4.809 -2.569
-43.662 -8.392 -3.777
-41.480 -9.666 -0.941
-42.987 -7.834 2.050
-45.324 -10.703 2.933
-42.374 -12.985 3.579
-41.087 -13.806 7.039
-37.399 -14.868 6.966
-36.966 -11.547 5.203
-35.569 -9.870 8.280
-34.072 -6.625 6.897
-32.996 -4.867 3.719
-29.427 -3.599 3.720
-29.189 -0.605 1.390
-25.411 -0.326 1.200
-22.493 -2.534 2.238
-19.522 -0.603 3.630
-20.292 2.864 2.166
-16.802 3.919 3.275
-15.144 1.757 0.642
-16.071 4.260 -2.041
-16.261 7.328 0.189
-14.659 10.639 -0.742
-13.417 11.821 2.684
-13.615 15.573 3.281
-14.302 18.440 5.676
-17.765 19.931 6.216
-19.415 22.160 8.821
-22.333 19.740 9.197
-21.364 17.040 11.704
-22.961 14.271 9.645
-21.061 14.994 6.422
-17.608 15.723 7.827
-15.174 12.888 7.158
-11.882 14.609 8.022
-10.519 11.655 9.977
-11.511 8.706 7.801
-8.790 9.186 5.176
-5.940 8.160 7.482
-8.022 5.275 8.826
-8.054 3.657 5.387
-11.424 4.690 3.971
-11.926 5.005 0.222
-9.920 1.871 -0.524
-12.277 1.184 -3.415
-11.817 4.648 -4.880
-12.990 7.989 -3.531
-16.175 8.556 -5.527
-18.981 9.578 -3.177
-18.818 12.345 -0.554
-20.667 11.462 2.670
-23.544 13.802 1.795
-24.281 11.766 -1.349
-24.156 8.422 0.447
-26.466 9.669 3.189
-28.786 11.128 0.555
-28.879 7.869 -1.382
-29.449 5.710 1.672
-32.020 8.258 2.854
-34.061 7.818 -0.225
-33.705 4.056 -0.686
-34.764 3.451 2.917
-37.583 5.952 2.488
-38.936 4.021 -0.490
-38.551 0.625 1.197
-40.527 1.915 4.189
-43.176 3.581 2.022
-43.808 0.232 0.377
-43.293 -1.739 3.591
-43.957 0.059 6.883
-42.611 -2.825 8.975
-39.420 -3.427 6.977
-36.078 -3.189 8.760
-33.479 -1.233 6.817
-29.775 -1.174 7.676
-26.246 -0.252 6.612
-23.193 -2.432 7.204
-20.077 -0.382 7.834
-16.402 -1.062 7.544
-15.204 -0.768 11.164
-16.926 0.975 14.063
-15.476 4.426 13.437
-18.558 5.315 11.454
-21.500 4.217 13.616
-20.798 5.488 17.150
-20.618 8.892 18.838
-18.358 7.600 21.599
-14.551 7.610 21.541
-14.598 10.910 19.662
-15.881 8.981 16.648
-19.047 9.879 14.760
-22.339 8.123 13.994
-23.315 9.134 10.443
-26.190 6.743 9.778
-28.481 7.774 12.620
-31.859 9.401 11.929
-30.856 13.068 12.105
-28.084 12.764 9.512
-29.923 10.579 6.992
-33.060 12.723 7.207
-30.670 15.677 7.050
-29.616 14.498 3.609
-32.811 14.463 1.575
-35.904 15.224 3.659
-37.340 11.713 3.864
-38.423 11.478 7.491
-38.806 7.700 7.277
-35.535 7.408 5.378
-33.839 5.802 8.353
-32.152 2.528 9.239
-33.790 0.457 11.965
-30.719 -1.227 13.399
-27.065 -0.227 13.231
-24.390 -2.650 12.029
-20.615 -2.923 12.371
-18.093 -5.058 10.485
-14.798 -5.865 12.182
-11.501 -7.504 11.242
-8.051 -7.549 12.816
-5.404 -5.610 10.909
-2.077 -7.382 11.640
-3.821 -9.704 14.112
-4.586 -6.635 16.190
-8.116 -5.439 16.851
-8.822 -1.794 16.397
-8.504 -0.515 19.960
-12.241 0.141 20.191
-13.388 -2.731 17.955
-16.653 -4.550 18.830
-14.663 -7.346 20.509
-12.628 -5.001 22.715
-15.706 -3.220 24.038
-19.377 -4.147 24.509
-22.506 -2.946 22.691
-23.258 -0.545 25.521
-20.231 1.720 25.200
-21.123 2.493 21.592
-24.051 4.367 23.140
-26.534 3.232 20.511
-29.398 1.792 22.549
-32.005 3.596 20.444
-31.692 0.846 17.834
-30.368 -2.727 17.794
-26.740 -3.281 16.794
-25.563 -6.269 14.767
-22.011 -7.415 14.131
-22.467 -8.342 10.505
-19.163 -9.698 9.190
-16.363 -11.052 11.339
-13.860 -13.838 10.735
-11.979 -16.038 13.194
-9.105 -15.770 10.720
-8.894 -11.983 10.957
-9.396 -11.694 14.713
-6.957 -11.913 17.629
-7.412 -15.698 17.749
-9.899 -15.682 20.631
-11.570 -18.717 19.104
-14.610 -18.752 16.839
-17.070 -20.069 19.438
-15.531 -17.610 21.878
-16.322 -14.782 19.453
-19.926 -15.900 19.032
-20.154 -16.239 22.812
-18.584 -12.808 23.250
-21.189 -11.279 20.954
-24.050 -12.995 22.780
-22.684 -12.037 26.209
-21.661 -8.405 25.736
-24.974 -7.003 24.539
-24.699 -7.312 20.753
-27.883 -8.218 18.893
-26.165 -10.486 16.380
-22.974 -11.920 14.911
-22.366 -12.988 11.308
-19.203 -14.815 10.339
-17.648 -13.633 7.130
-18.482 -15.566 3.973
-19.695 -19.130 3.997
-18.300 -19.911 0.541
-14.803 -19.859 2.047
-13.419 -17.395 -0.490
-11.502 -14.134 -0.399
-9.185 -12.616 2.182
-10.195 -12.759 5.861
-12.762 -15.514 5.324
-13.456 -18.563 7.487
-14.149 -22.005 6.060
-17.757 -23.195 5.985
-16.896 -25.944 8.485
-15.391 -23.687 11.146
-18.315 -21.261 10.626
-20.649 -24.195 11.315
-18.644 -24.989 14.449
-18.926 -21.439 15.737
-22.640 -21.410 15.007
-22.950 -24.509 17.201
-21.836 -22.418 20.197
-25.167 -20.631 20.583
-27.258 -23.566 19.398
-30.746 -24.010 20.857
-29.982 -21.071 23.126
-32.604 -18.891 24.774
-31.417 -16.472 27.433
-34.019 -13.704 27.612
-32.544 -12.537 30.907
-31.839 -8.981 29.737
-28.353 -7.845 28.787
-27.843 -11.250 27.206
-28.569 -12.084 23.558
-31.930 -13.836 23.696
-33.788 -16.438 21.661
-31.700 -18.019 18.897
-33.694 -20.981 17.580
-36.753 -19.194 16.186
-39.995 -20.683 14.825
-41.084 -18.609 11.824
-44.557 -18.400 10.268
