0.234 21.018 -0.663
-0.798 18.614 2.132
2.646 17.118 2.708
1.167 15.360 5.814
-1.159 13.451 3.451
1.725 12.651 1.037
3.796 11.423 4.068
0.933 9.196 5.194
1.153 7.638 1.672
4.861 7.325 1.492
5.836 6.267 5.000
2.647 5.773 7.052
3.278 9.205 8.584
6.654 8.233 10.121
8.794 11.397 9.661
11.808 9.448 11.014
11.387 6.472 8.623
14.627 4.581 7.861
13.729 1.031 7.127
16.640 0.123 4.767
14.711 0.490 1.492
17.028 3.194 0.187
14.586 5.969 1.114
14.419 8.278 4.107
12.059 10.252 6.247
8.314 10.886 6.023
8.386 11.742 2.289
10.742 8.841 1.451
13.514 10.895 -0.215
16.345 9.254 -2.098
19.704 10.601 -0.900
20.626 12.077 -4.379
17.379 14.079 -4.629
17.734 15.289 -0.991
21.326 16.473 -1.565
20.536 17.992 -4.973
17.801 20.192 -3.381
19.822 21.495 -0.386
19.239 18.860 2.179
22.030 17.868 4.448
22.501 14.647 6.457
20.049 11.820 6.718
16.540 12.988 5.835
15.144 10.838 8.690
17.089 12.973 11.193
15.751 16.210 9.771
12.551 17.789 11.325
9.279 17.484 9.492
9.524 21.196 8.806
12.995 20.735 7.143
11.841 17.732 5.127
8.924 19.791 3.890
11.182 22.771 3.017
13.199 20.428 0.740
10.068 18.912 -0.733
8.722 22.404 -1.661
11.913 22.999 -3.649
11.552 19.614 -5.422
7.911 20.477 -6.221
8.869 23.804 -7.775
11.570 22.224 -10.030
10.083 18.732 -10.885
6.343 18.916 -10.026
4.390 16.154 -8.281
6.016 13.720 -10.746
8.663 13.378 -8.029
6.020 11.398 -6.025
4.329 9.513 -8.848
1.608 7.669 -6.831
1.544 9.598 -3.574
1.600 13.090 -5.159
-2.203 13.216 -5.597
-2.586 13.042 -1.792
-1.180 16.595 -1.705
-4.652 17.948 -2.629
