-40.514 -26.509 39.372
-40.576 -26.293 35.579
-40.882 -22.509 35.785
-38.546 -20.411 33.624
-36.102 -18.069 35.306
-36.715 -14.464 34.321
-34.684 -11.327 34.845
-36.799 -8.239 34.280
-36.182 -4.505 34.084
-38.450 -1.520 33.496
-38.128 0.358 30.200
-35.708 2.729 31.954
-33.605 -0.416 32.533
-33.884 -0.393 36.333
-33.417 -3.981 37.544
-36.086 -5.726 39.631
-34.455 -7.269 42.705
-35.114 -8.230 46.326
-33.822 -6.209 49.270
-35.023 -7.017 52.786
-37.644 -9.202 51.065
-39.069 -6.281 49.080
-39.141 -5.983 45.291
-37.129 -2.910 44.308
-36.343 -1.357 40.927
-32.782 -0.164 40.339
-29.382 -1.662 41.107
-27.533 0.498 38.568
-25.556 2.364 41.230
-23.847 -0.434 43.030
-20.264 -1.618 43.012
-21.607 -5.152 43.067
-23.145 -6.174 39.755
-26.709 -7.203 40.561
-28.382 -9.385 37.940
-31.848 -9.264 39.462
-34.306 -11.585 41.169
-35.397 -14.758 39.398
-38.975 -13.997 38.388
-41.517 -16.712 37.716
-44.014 -15.735 35.036
-46.578 -18.541 35.125
-49.927 -18.587 33.242
-53.126 -18.883 35.305
-55.355 -21.759 34.151
-58.135 -20.691 36.513
-58.906 -17.635 34.371
-59.719 -17.168 30.684
-56.591 -17.399 28.532
-57.910 -14.471 26.492
-55.950 -11.658 28.137
-52.912 -13.771 29.071
-53.376 -14.141 32.846
-50.183 -14.770 34.820
-48.945 -15.037 38.385
-45.634 -13.428 39.328
-43.337 -15.135 41.806
-39.915 -14.580 43.334
-37.284 -16.998 44.686
-38.320 -19.985 42.569
-41.993 -19.203 43.096
-41.759 -19.612 46.881
-43.343 -16.158 47.192
-45.914 -14.452 44.963
-47.047 -10.884 44.273
-50.583 -10.041 45.412
-52.808 -6.963 45.126
-54.525 -7.692 48.433
-58.159 -8.033 49.484
-58.898 -4.402 50.387
-61.065 -1.767 48.718
-58.037 -0.388 46.905
-55.148 -2.613 45.787
-51.791 -2.866 47.548
-48.699 -4.651 46.273
-47.247 -7.172 48.701
-45.186 -10.349 48.567
-47.068 -13.312 50.021
-45.585 -16.539 51.455
-47.765 -18.507 49.026
-46.089 -20.940 46.645
-46.817 -20.772 42.921
-47.663 -24.482 43.201
-50.566 -24.160 45.645
-52.023 -21.472 43.366
-51.515 -23.673 40.295
-52.896 -26.773 41.997
-55.989 -24.901 43.174
-55.126 -25.122 46.872
-55.471 -21.346 47.254
-57.487 -18.585 45.562
-55.349 -17.036 42.836
-57.308 -14.034 41.568
-55.515 -11.389 43.651
-52.256 -12.999 42.530
-53.219 -12.660 38.880
-52.170 -10.087 36.293
-53.274 -9.679 32.697
-50.154 -9.642 30.558
-49.936 -7.370 27.552
-47.083 -7.690 25.082
-46.175 -4.413 23.401
-43.276 -5.183 21.073
-40.177 -5.503 23.244
-41.907 -5.035 26.592
-44.853 -6.321 28.621
-47.283 -4.669 31.037
-49.183 -6.250 33.923
-52.726 -5.287 34.935
-54.228 -6.583 38.190
-57.107 -8.965 37.459
-58.663 -8.250 40.860
-58.464 -4.479 40.390
-58.868 -3.443 36.729
-56.997 -0.310 35.653
-54.219 -0.886 38.178
-50.862 -1.703 36.609
-47.617 -3.080 38.012
-45.241 -0.116 37.907
-41.978 1.484 38.992
-41.226 5.042 40.107
-38.467 7.218 38.573
-36.559 7.385 41.889
-33.756 4.815 42.191
-34.137 1.594 44.194
-37.678 2.209 45.448
-40.378 -0.461 45.880
-42.262 -1.709 42.842
-45.915 -0.672 43.169
-49.224 -0.193 41.342
-50.759 2.760 39.511
-53.768 3.731 37.418
-51.789 6.654 36.104
-50.231 5.502 32.830
-47.751 7.467 30.760
-46.063 10.130 32.892
-43.453 9.231 35.550
-44.640 5.699 36.362
-43.042 2.967 34.262
-45.427 0.159 33.382
-43.505 -1.585 30.590
-41.011 -4.348 31.416
-38.203 -6.167 29.560
-37.954 -9.948 29.971
-34.977 -12.298 29.791
-34.403 -15.998 30.526
-31.427 -16.543 32.832
