15.430 39.279 68.935
13.139 36.842 70.797
13.590 36.714 74.588
12.029 33.718 76.333
12.011 32.969 80.111
12.676 30.709 82.027
15.248 28.388 80.419
14.602 25.684 83.087
11.732 24.763 85.382
10.775 21.778 87.574
7.089 21.667 88.559
4.952 19.351 90.688
1.673 18.068 89.143
-0.999 20.784 89.732
1.382 23.811 89.929
0.850 26.920 87.764
3.527 28.264 85.401
3.858 31.242 83.097
6.347 31.243 80.241
7.289 34.718 79.101
8.121 35.761 75.588
9.029 39.139 74.079
10.343 40.398 70.741
11.718 43.842 69.869
11.631 43.258 66.079
8.174 44.854 65.574
6.762 41.501 64.378
2.988 41.066 64.088
2.851 37.249 64.547
3.870 35.235 67.601
3.762 31.512 68.268
4.256 28.945 71.069
5.510 25.495 70.077
6.466 22.367 71.978
9.200 19.961 70.908
9.162 16.285 71.861
11.401 13.375 70.761
10.281 11.460 67.645
8.020 14.196 66.367
7.909 17.544 64.669
7.370 20.822 66.523
3.685 21.151 67.449
1.909 24.478 67.738
0.160 25.055 71.044
-1.203 28.583 70.360
-0.455 31.493 68.043
-1.278 35.185 67.646
-1.576 36.432 63.977
-1.375 40.074 65.071
-1.810 42.196 68.270
-5.397 41.888 69.608
-5.921 38.250 68.413
-4.937 34.692 69.559
-6.023 31.168 68.566
-5.446 27.501 69.363
-2.805 25.463 67.564
-2.691 21.657 67.138
-2.167 20.946 70.913
-4.013 23.666 73.004
-5.338 21.458 75.891
-3.905 22.415 79.333
-2.530 25.786 78.145
-3.773 29.341 77.626
-2.141 32.487 76.174
-2.084 36.253 76.385
-0.918 38.605 73.607
-0.453 41.411 76.177
0.768 43.963 73.538
2.670 43.899 70.149
5.889 42.681 71.911
4.626 40.057 74.397
3.019 36.626 74.150
2.793 34.660 77.414
1.974 30.929 77.802
0.257 29.758 80.919
-0.007 26.149 82.288
-2.668 26.525 85.024
-2.419 22.961 86.391
0.776 21.282 85.176
0.482 17.599 84.142
3.450 15.140 83.515
2.576 15.043 79.731
3.559 18.781 79.674
7.240 17.805 80.297
8.823 19.218 77.149
10.944 21.879 75.448
8.890 25.007 74.663
9.860 27.478 71.948
8.371 30.867 71.439
8.700 32.242 67.923
7.856 35.305 65.859
7.458 36.253 62.209
6.822 39.638 60.526
3.351 38.465 59.329
1.072 35.405 58.802
1.338 33.408 56.421
5.087 33.565 56.916
7.309 32.958 53.808
10.338 34.408 55.613
12.398 33.724 58.703
10.650 32.383 61.802
12.674 33.691 64.772
12.869 31.361 67.764
13.484 32.043 71.455
16.239 30.097 73.259
13.806 27.440 74.570
12.319 26.585 77.992
13.003 23.149 79.414
10.175 22.054 81.636
9.910 18.954 83.800
6.552 18.097 85.467
6.769 15.422 88.226
4.246 13.727 90.519
6.789 13.968 93.357
