-13.524 132.035 10.647
-15.799 129.504 12.351
-15.460 125.702 12.379
-18.278 123.120 12.648
-19.365 122.640 16.272
-18.517 118.918 16.034
-15.045 119.565 14.536
-12.486 117.378 16.322
-9.976 119.647 18.021
-7.269 117.662 19.735
-3.701 117.342 20.922
-1.092 114.654 20.246
1.795 112.885 21.995
3.740 109.624 21.547
4.711 106.916 24.063
8.503 107.191 24.087
8.364 110.972 24.103
6.247 111.352 27.283
5.819 108.125 29.307
9.085 107.502 31.124
8.982 104.330 33.219
11.338 102.852 30.623
12.070 99.586 32.453
9.185 99.468 34.905
6.503 96.780 35.460
7.977 94.249 33.055
8.373 96.548 30.039
10.877 95.289 27.453
13.729 97.324 25.893
12.867 99.371 22.780
15.176 100.535 20.017
14.849 104.074 21.417
15.968 102.923 24.892
19.007 101.439 23.199
19.692 104.396 20.904
19.373 107.063 23.608
21.641 105.056 25.930
24.276 105.105 23.174
26.802 107.946 23.686
26.691 110.782 21.139
23.285 110.016 19.579
21.216 112.549 21.577
21.803 116.254 22.291
23.122 116.704 25.851
22.912 112.952 26.403
19.178 113.190 27.106
17.157 109.968 27.313
13.468 109.091 27.532
14.055 107.199 30.822
11.722 109.536 32.741
10.648 112.245 30.235
7.297 113.698 31.419
6.613 110.665 33.626
3.161 110.439 32.007
3.107 106.740 32.951
2.591 107.819 36.601
1.113 111.284 36.029
-1.509 110.508 33.338
-4.491 111.314 35.595
-3.144 114.832 36.232
-2.504 115.205 32.503
-6.112 114.274 31.688
-7.241 117.042 34.076
-5.222 119.517 31.985
-6.782 118.159 28.791
-10.181 118.873 30.326
-9.096 122.421 31.202
-8.132 123.070 27.559
-11.253 121.223 26.428
-9.768 119.166 23.616
-12.343 116.794 22.127
-9.877 114.056 21.204
-6.444 112.947 22.404
-4.033 111.217 19.979
-1.453 109.018 21.736
0.627 105.976 20.832
0.897 102.623 22.576
4.306 101.114 23.363
4.653 97.762 21.611
7.431 96.572 24.028
5.517 97.734 27.135
2.727 95.372 26.039
4.770 92.581 24.420
8.307 92.819 25.852
9.765 90.383 23.305
7.675 91.839 20.478
5.748 88.563 20.327
4.640 85.817 22.689
3.401 86.512 26.200
1.486 89.717 27.037
2.844 91.888 29.846
-0.364 92.462 31.768
0.798 95.473 33.803
1.866 97.279 30.629
-1.510 96.617 28.992
-3.328 97.628 32.216
-1.774 101.106 31.955
-3.448 101.748 28.575
-6.711 100.259 29.876
-6.610 102.738 32.780
-5.656 105.582 30.417
-8.532 104.898 28.006
-11.098 104.461 30.805
-10.045 107.853 32.221
-10.251 109.540 28.811
-13.748 108.204 28.149
-14.826 109.331 31.612
-13.549 112.809 30.666
-15.518 112.761 27.394
-12.232 112.811 25.488
-12.291 110.627 22.384
-9.127 108.502 22.116
-7.098 108.016 18.926
-4.451 105.311 19.230
-1.304 105.162 17.074
-0.078 101.551 17.163
3.488 102.309 15.954
5.185 105.599 16.821
8.752 104.304 16.410
9.519 102.310 19.599
10.160 98.836 18.112
10.961 96.064 20.615
14.770 95.677 20.751
14.107 91.905 20.727
12.802 92.253 17.149
15.619 94.606 16.144
18.097 91.850 17.118
16.439 89.714 14.449
16.850 92.491 11.859
13.914 94.714 12.761
12.008 96.093 9.787
14.209 94.374 7.158
12.899 91.045 8.462
9.451 90.403 6.952
8.501 88.581 10.179
8.468 91.992 11.893
5.498 92.912 9.705
3.721 89.714 10.799
4.387 90.373 14.489
3.153 93.966 14.126
-0.114 92.653 12.713
-0.366 90.222 15.655
0.207 93.100 18.067
-2.466 95.092 16.241
-4.921 92.222 16.616
-4.273 92.063 20.378
-5.005 95.760 20.740
-8.109 95.596 18.536
-9.427 92.760 20.682
-8.655 94.482 23.990
-10.152 97.868 23.052
-13.147 96.674 20.990
-15.896 99.220 21.734
-13.591 101.540 23.716
-11.375 103.038 20.989
-12.891 103.841 17.587
-10.074 105.828 15.937
-6.966 103.911 14.981
-3.725 104.747 13.221
-1.443 101.864 12.263
1.750 103.773 11.591
3.209 107.230 12.297
5.428 108.676 9.494
6.881 105.603 7.785
9.158 107.891 5.699
10.878 109.076 8.871
11.094 105.560 10.345
12.662 104.264 7.126
15.035 107.085 6.181
15.963 108.865 9.420
16.130 105.514 11.190
18.007 103.481 8.570
19.419 105.741 5.817
20.817 108.740 7.693
21.004 107.137 11.132
19.710 110.172 13.031
16.952 108.066 14.592
16.898 104.589 16.206
18.135 102.035 15.306
20.746 104.347 13.749
21.575 102.413 10.572
23.077 104.343 7.614
22.258 102.350 4.481
19.841 103.653 1.863
19.114 100.145 0.516
18.030 99.063 3.986
15.797 102.140 4.220
13.902 101.110 1.055
13.386 97.551 2.293
12.196 98.946 5.616
9.704 101.270 3.910
8.167 98.346 2.033
7.705 96.267 5.182
6.179 99.209 7.089
3.696 99.625 4.254
3.101 95.872 4.189
2.543 95.689 7.964
-0.024 98.513 7.648
-2.156 96.617 5.137
-1.880 93.448 7.221
-3.320 95.261 10.249
-6.106 96.790 8.156
-7.147 93.275 7.098
-7.256 92.146 10.710
-9.229 95.260 11.735
-11.967 94.367 9.240
-12.003 90.713 10.333
-12.286 91.567 14.040
-15.263 93.770 13.122
-14.724 96.435 15.786
-16.821 99.553 15.464
-14.714 102.498 14.336
-12.245 103.767 11.788
-8.691 102.903 10.816
-6.079 104.877 8.888
-2.396 105.686 8.579
-0.465 108.891 9.371
2.010 110.351 6.838
4.329 113.337 7.176
3.790 115.319 4.008
6.157 118.044 2.823
4.887 119.919 -0.270
7.655 120.898 -2.682
8.012 124.110 -4.653
10.367 125.029 -7.489
13.019 127.575 -6.503
12.669 129.076 -9.976
10.719 129.055 -13.233
13.111 126.456 -14.693
11.446 123.355 -16.082
14.426 121.590 -14.527
13.668 123.080 -11.097
10.098 121.850 -11.556
11.198 118.267 -12.280
13.628 118.486 -9.356
10.874 119.518 -6.932
8.627 116.823 -8.399
11.257 114.136 -7.663
11.760 115.286 -4.077
7.967 115.375 -3.704
7.922 111.698 -4.777
10.844 110.953 -2.410
8.842 112.021 0.626
5.154 112.037 -0.265
4.183 109.917 -3.266
6.477 107.079 -2.165
3.900 106.301 0.531
0.734 107.966 -0.865
0.767 106.046 -4.147
1.184 102.565 -2.628
-1.588 103.184 -0.084
-4.145 104.711 -2.435
-3.120 103.458 -5.935
-1.305 100.187 -5.220
1.941 101.218 -6.892
5.174 103.034 -6.139
5.847 106.186 -8.196
7.286 104.917 -11.449
10.214 107.174 -12.277
11.550 107.246 -8.724
11.174 103.451 -8.396
13.214 103.129 -11.598
15.921 105.495 -10.332
16.313 103.566 -7.080
16.339 100.161 -8.750
18.920 101.212 -11.339
21.384 102.561 -8.756
20.797 100.376 -5.706
19.217 97.252 -7.125
15.752 95.975 -6.258
14.445 95.633 -2.716
12.673 92.349 -1.967
8.902 92.106 -2.520
6.449 89.232 -2.935
3.573 89.125 -5.454
0.334 90.461 -3.960
2.156 92.847 -1.595
0.771 95.936 -3.355
-2.751 94.533 -2.947
-2.279 94.288 0.826
-0.596 97.679 1.110
-3.495 99.296 -0.751
-6.440 97.925 1.264
-9.307 100.384 1.653
-8.881 102.581 4.752
-11.279 104.973 6.513
-9.239 108.187 6.806
-5.780 109.612 6.202
-3.827 111.349 8.926
-1.530 114.153 7.763
1.358 115.545 9.767
2.316 118.958 8.457
5.040 121.364 9.626
6.732 122.990 6.614
7.565 123.004 2.902
10.661 122.526 0.786
11.949 124.797 -1.972
13.977 122.818 -4.522
16.517 123.605 -7.272
18.125 121.324 -9.790
21.641 120.282 -8.946
23.092 117.492 -11.176
25.904 116.317 -8.918
25.256 116.004 -5.193
22.678 113.218 -5.002
20.496 110.604 -6.691
17.664 113.023 -7.428
20.059 115.673 -8.754
18.280 118.140 -6.468
19.040 120.220 -3.406
16.762 121.996 -0.951
17.048 125.786 -0.720
17.325 127.548 2.664
14.745 130.357 2.845
16.932 132.564 5.051
14.821 135.683 4.541
11.646 133.991 5.790
10.671 133.506 9.463
11.534 130.100 10.931
10.935 128.119 14.129
13.495 127.020 16.712
13.997 123.896 14.583
15.025 126.123 11.685
11.941 125.118 9.684
10.336 127.735 7.453
6.986 128.946 8.689
4.712 128.454 5.670
0.961 128.133 6.468
-0.018 128.084 2.755
1.570 124.651 2.493
-1.092 123.140 4.761
-3.857 124.291 2.383
-1.921 123.131 -0.684
-1.266 119.627 0.637
-4.868 119.073 1.823
-6.172 120.151 -1.560
-3.683 117.980 -3.485
-4.349 114.830 -1.458
-8.086 115.221 -1.974
-7.611 115.898 -5.699
-4.996 113.268 -6.588
-5.149 110.441 -4.081
-8.287 110.047 -2.013
-11.784 111.340 -1.316
-11.665 109.835 2.221
-11.996 111.991 5.374
-8.764 113.800 6.288
-7.300 114.611 9.705
-4.370 116.830 10.543
-2.904 114.388 13.079
0.033 116.742 13.826
0.858 120.417 13.371
2.754 122.710 15.736
6.005 124.522 16.395
9.033 124.808 18.666
10.077 128.222 19.948
12.452 129.297 22.716
9.854 129.113 25.520
10.704 130.914 28.764
9.004 130.098 32.091
8.515 133.398 33.968
8.934 133.953 37.706
5.590 132.629 38.401
4.337 130.047 36.083
3.495 131.692 32.790
4.815 131.305 29.256
4.093 134.083 26.804
4.544 132.085 23.610
2.902 134.530 21.205
4.928 133.127 18.316
3.197 129.771 18.852
-0.210 131.483 18.986
0.522 133.252 15.690
1.817 130.021 14.141
-1.211 127.919 15.084
-3.661 130.694 14.267
-2.271 131.089 10.750
-2.386 127.338 10.150
-5.921 126.981 11.572
-6.984 129.619 9.008
-5.552 127.613 6.117
-7.366 124.483 7.378
-10.562 126.522 7.359
-9.914 127.624 3.780
-9.413 123.970 2.754
-12.641 123.060 4.515
-14.539 125.854 2.779
-13.176 124.701 -0.578
-14.611 121.198 -0.023
-11.831 119.138 1.568
-13.433 116.637 4.039
-11.284 117.718 6.983
-12.712 116.286 10.228
-10.136 117.089 12.884
-6.947 118.894 13.826
-4.483 117.670 16.476
-1.884 120.104 17.815
1.613 118.724 18.348
2.025 118.603 21.278
-0.190 118.499 24.370
3.017 119.004 26.382
6.751 119.607 26.029
8.539 116.307 25.553
11.571 114.350 24.353
12.169 115.683 20.822
14.117 112.651 19.632
17.730 113.417 18.634
17.305 116.940 20.044
16.302 115.708 23.496
14.475 118.174 25.742
16.060 121.214 24.073
13.055 121.665 21.785
9.647 122.505 23.293
6.480 121.924 21.193
3.900 121.813 23.963
0.737 123.713 24.713
1.820 122.887 28.250
5.281 123.693 29.627
6.931 120.815 31.529
9.273 121.956 34.292
11.255 118.703 34.327
13.630 119.484 37.243
10.914 120.789 39.567
8.759 117.754 40.232
7.935 117.524 36.534
5.278 120.143 37.102
3.044 121.351 34.310
2.165 124.964 33.367
-0.425 126.057 30.799
1.277 128.274 28.191
-0.570 131.262 26.773
-1.086 129.140 23.630
-3.066 126.628 25.738
-5.281 129.435 27.083
-5.658 130.665 23.498
-6.537 127.181 22.166
-9.073 126.884 24.985
-10.833 130.025 23.640
-10.741 128.714 20.052
-12.397 125.411 20.985
-15.130 127.015 23.158
-16.241 129.262 20.284
-15.101 127.197 17.333
-13.731 130.535 16.118
-10.269 131.956 15.445
