234.617 176.031 254.855
237.303 173.367 255.293
241.062 173.070 254.919
242.249 171.762 251.551
241.429 168.258 250.306
244.069 166.318 248.368
243.320 165.322 244.761
244.146 161.967 243.180
247.305 162.456 241.083
249.840 160.189 239.408
253.341 161.052 238.137
254.616 163.474 235.513
257.376 163.859 232.950
256.989 167.409 231.846
258.310 170.902 231.166
255.974 172.060 233.971
258.204 172.353 237.049
256.168 173.385 240.115
258.951 172.167 242.446
261.246 175.059 241.464
260.705 178.732 242.236
262.593 181.903 243.190
261.905 183.252 246.671
263.932 186.392 245.821
260.580 187.611 244.452
259.188 187.927 247.989
256.788 185.047 247.398
256.913 182.097 249.769
257.113 178.563 248.398
253.719 177.565 246.970
254.059 173.902 245.938
251.824 171.303 247.589
252.245 167.513 247.802
250.307 166.760 244.586
252.959 168.840 242.741
255.857 166.560 243.790
254.498 163.083 244.688
251.767 160.694 243.594
248.750 161.326 245.847
245.490 159.575 246.629
242.236 161.480 246.961
241.597 162.440 250.591
238.489 164.422 251.498
239.381 166.959 254.184
236.469 167.688 256.538
238.655 169.544 259.055
238.327 173.309 259.589
240.449 176.207 260.807
237.738 177.282 263.282
239.997 177.503 266.326
242.634 179.714 264.667
240.308 182.546 263.605
241.261 185.742 265.448
238.101 185.577 267.569
239.008 182.008 268.606
242.701 182.798 269.220
241.804 185.770 271.459
238.569 184.325 272.931
239.868 183.953 276.480
239.876 186.039 279.647
243.542 186.568 280.556
244.915 187.986 283.809
246.609 191.333 283.110
247.424 192.546 286.649
247.156 191.913 290.384
246.196 194.851 292.616
246.234 195.018 296.415
244.034 196.958 298.824
243.529 196.753 302.587
241.044 197.765 305.256
242.345 198.727 308.696
242.715 201.678 311.064
245.455 203.681 309.331
247.368 206.225 311.465
250.244 207.069 309.055
250.381 208.431 305.494
251.837 205.134 304.249
249.026 203.112 305.859
246.355 205.547 304.617
247.640 204.902 301.074
247.018 201.155 301.594
243.245 201.783 301.963
242.883 202.273 298.202
244.910 201.683 295.044
245.148 203.187 291.568
246.421 201.470 288.439
247.078 202.857 284.964
245.130 200.517 282.694
247.444 198.455 280.475
248.204 194.909 279.307
251.989 195.167 279.921
252.097 194.092 283.605
251.840 190.491 282.373
253.314 188.708 279.360
250.844 186.156 277.955
248.026 188.262 276.464
250.566 190.928 275.503
252.590 188.474 273.406
249.466 187.260 271.594
248.320 190.810 270.779
251.837 191.623 269.561
251.559 189.147 266.685
249.876 192.243 265.181
250.727 195.899 264.661
247.158 197.236 264.896
243.921 195.944 266.390
240.328 196.884 266.960
238.150 195.169 269.556
235.651 195.545 272.353
236.822 194.366 275.762
235.281 192.143 278.402
236.745 192.900 281.808
236.299 190.434 284.674
237.679 190.626 288.233
238.569 188.010 290.846
238.665 189.366 294.401
240.212 187.448 297.324
240.882 188.210 301.003
242.816 186.959 303.982
243.123 187.946 307.632
246.353 189.796 308.428
246.355 188.296 311.980
244.219 186.132 314.342
244.283 188.034 317.675
242.173 191.027 316.566
238.664 189.566 316.224
236.820 189.377 312.912
235.550 191.511 310.024
232.132 191.998 308.444
231.681 191.125 304.777
233.295 193.749 302.563
232.003 195.707 299.585
234.523 196.893 296.985
234.300 199.848 294.633
236.168 199.639 291.338
236.042 203.042 289.637
237.187 203.700 286.076
238.756 207.166 285.948
239.081 208.412 282.365
242.024 210.734 281.598
241.355 214.149 283.172
238.934 213.045 285.890
240.154 213.677 289.456
242.109 210.837 291.062
241.525 209.926 294.716
244.090 210.912 297.352
242.209 209.108 300.147
239.925 206.062 300.256
236.981 208.218 301.427
237.456 211.479 299.502
234.822 213.073 297.249
235.962 211.373 294.006
234.318 208.068 294.948
230.817 209.569 294.658
231.469 208.789 290.971
228.614 210.788 289.402
229.963 210.351 285.876
232.844 207.846 285.997
231.630 204.249 285.795
232.009 202.364 289.086
231.171 198.798 289.995
230.279 197.888 293.561
231.170 194.281 294.277
230.106 192.312 297.358
232.697 189.797 298.591
231.712 186.197 297.850
229.468 187.120 294.908
230.164 186.058 291.329
233.242 187.705 289.789
232.098 191.119 288.498
232.180 191.826 284.777
231.558 194.584 282.255
232.076 195.265 278.562
234.063 198.218 277.211
233.693 199.419 273.614
236.566 200.052 271.247
237.673 203.385 272.822
240.704 204.294 270.690
241.068 207.880 269.451
242.561 206.498 266.234
240.754 204.132 263.848
242.572 201.180 265.436
244.708 200.562 268.513
248.449 200.657 267.846
250.475 197.911 269.537
253.648 199.601 268.261
254.251 203.299 267.556
257.545 204.293 265.938
257.527 207.895 267.067
257.182 210.611 269.662
254.430 212.731 271.220
255.939 216.050 270.091
258.548 217.390 267.686
261.524 218.893 269.523
262.483 222.088 267.689
265.776 223.825 266.898
267.333 225.724 269.838
264.371 225.176 272.208
265.110 225.049 275.958
262.904 221.971 276.567
264.819 218.982 277.999
265.891 216.380 275.408
267.976 214.199 277.766
265.177 212.494 279.741
262.471 212.105 277.076
260.994 208.754 276.038
260.127 207.022 272.749
257.227 205.048 271.319
253.791 204.074 272.563
254.560 205.056 276.185
254.728 208.726 275.086
251.187 208.723 273.601
249.071 206.006 275.311
246.600 206.732 278.106
243.660 204.409 278.825
242.873 206.017 282.181
243.078 204.648 285.690
241.326 201.960 287.721
240.832 202.987 291.355
239.838 200.379 293.945
238.783 200.678 297.583
237.025 198.719 300.271
233.892 200.781 300.947
233.598 199.544 304.555
235.236 201.383 307.430
237.853 199.468 309.432
237.212 196.462 311.660
239.527 195.553 314.528
240.803 192.753 312.241
242.957 193.993 309.354
241.895 192.463 306.020
244.208 192.375 302.998
242.756 191.856 299.520
243.950 191.056 296.021
242.072 192.102 292.892
243.003 190.193 289.750
242.016 191.972 286.531
241.117 189.932 283.433
240.782 191.091 279.820
239.183 189.348 276.847
239.294 191.050 273.449
236.090 190.362 271.540
234.714 191.356 268.145
238.342 191.393 267.046
240.078 192.687 263.933
243.871 192.850 263.504
246.302 194.113 260.871
249.957 193.785 259.832
251.426 190.619 261.330
254.754 190.581 263.166
257.259 188.004 264.378
256.334 187.087 267.955
258.374 188.092 270.999
261.386 185.734 271.141
263.121 186.890 274.345
261.911 188.136 277.734
260.342 191.573 278.073
261.915 194.004 280.567
259.231 196.701 280.612
256.519 198.372 278.538
258.774 198.815 275.480
260.453 196.448 273.021
263.730 196.595 274.970
265.589 193.393 275.832
267.851 192.299 278.684
271.533 191.424 278.202
271.408 188.238 280.302
268.348 186.963 278.382
268.966 187.210 274.614
269.923 183.593 273.814
266.584 181.822 273.192
267.939 178.912 271.116
269.558 175.907 272.744
272.507 174.886 270.564
272.238 171.522 268.806
275.136 169.038 268.981
275.511 168.997 265.190
273.638 170.173 262.072
272.740 166.467 261.586
270.828 165.908 264.850
267.494 164.081 264.628
238.124 170.354 251.904
251.497 164.297 241.266
257.719 177.380 239.148
