41.525 0.558 50.413
37.814 1.089 49.791
35.876 -0.363 46.876
35.754 2.968 45.043
39.492 3.486 45.391
40.151 -0.070 44.175
37.964 0.123 41.035
38.474 3.767 39.964
41.425 2.695 37.808
39.072 0.655 35.595
37.126 3.744 34.516
39.256 5.837 32.156
36.770 8.694 32.026
37.162 9.554 35.716
40.834 10.514 35.299
40.585 13.912 33.701
40.169 17.584 34.480
37.097 19.529 33.398
37.045 23.341 33.500
40.366 23.323 35.405
39.328 20.970 38.236
39.558 17.227 38.867
36.304 15.719 37.599
33.930 14.579 40.325
31.198 12.569 38.625
27.996 12.418 40.665
25.443 11.750 37.927
25.353 7.936 37.787
21.572 7.899 38.108
21.440 9.620 34.707
24.001 7.218 33.251
26.911 5.105 34.483
30.533 4.964 33.401
32.159 1.885 31.818
35.087 -0.249 32.993
37.814 -1.268 30.556
36.530 -4.843 30.568
33.274 -3.755 28.952
34.869 -1.477 26.374
37.384 -4.252 25.608
34.520 -6.724 24.991
32.892 -4.267 22.626
36.078 -3.675 20.631
36.889 -7.368 20.522
33.453 -8.079 19.027
33.817 -5.557 16.211
37.465 -6.346 15.515
37.276 -10.133 15.522
33.859 -11.686 15.088
31.161 -9.208 14.012
28.563 -10.861 11.745
24.794 -11.087 11.758
23.288 -13.612 14.157
21.050 -16.698 13.723
20.789 -18.804 10.504
24.329 -17.712 9.591
26.394 -20.914 9.223
29.859 -19.359 8.711
32.545 -19.183 11.410
32.167 -15.515 12.374
28.359 -15.704 12.339
28.400 -18.825 14.491
30.671 -17.134 17.041
28.671 -13.921 17.034
25.466 -15.931 17.591
27.009 -17.996 20.385
28.227 -14.900 22.217
24.971 -13.000 21.692
22.940 -15.864 23.161
25.441 -16.406 25.979
24.958 -12.727 26.900
21.190 -13.370 27.161
21.995 -16.209 29.582
24.315 -13.961 31.560
21.498 -11.438 32.052
19.109 -14.276 32.933
21.453 -15.546 35.632
22.112 -12.024 36.938
18.455 -11.519 37.891
17.816 -15.217 38.589
15.391 -15.761 35.721
14.517 -19.480 35.529
15.024 -19.534 31.761
17.118 -17.377 29.434
14.170 -17.359 27.047
12.422 -15.000 29.493
14.922 -12.236 28.580
13.992 -9.920 25.659
16.508 -7.361 24.298
15.332 -3.786 23.718
17.041 -0.375 23.268
16.364 0.588 26.878
14.046 0.010 29.800
11.685 2.556 28.245
11.113 0.478 25.127
10.730 -2.617 27.338
7.828 -0.962 29.233
6.272 0.053 25.910
6.569 -3.571 24.753
4.490 -4.640 27.747
2.020 -1.789 27.249
1.370 -2.521 23.570
1.624 -6.308 23.559
0.196 -7.188 26.975
-1.770 -4.044 27.831
-3.682 -3.477 24.590
-4.702 -7.155 24.530
-5.678 -7.617 28.208
-7.087 -4.327 29.572
-10.810 -3.567 29.279
-12.846 -0.456 30.178
-12.834 0.012 33.948
-9.734 -2.110 34.477
-7.340 -0.402 36.857
-3.578 0.065 36.669
-1.754 1.159 39.813
1.276 3.466 39.728
2.749 5.849 42.300
3.202 9.608 42.009
6.963 8.966 42.116
6.936 7.062 38.846
9.466 7.781 36.097
7.930 9.148 32.842
8.694 5.886 31.039
6.449 4.112 33.511
3.710 6.772 33.287
3.363 7.831 29.650
2.970 4.342 28.051
0.228 3.489 30.563
-1.558 6.771 29.960
-1.572 5.892 26.252
-2.909 2.383 26.884
-5.524 3.916 29.214
-6.662 6.284 26.471
-6.938 3.369 24.049
-8.640 0.780 26.267
-10.704 2.807 28.718
-8.559 1.478 31.560
-7.994 3.859 34.477
-4.772 4.824 36.242
-4.839 4.865 40.038
-2.022 6.888 41.592
-0.521 6.176 45.004
0.468 9.377 46.826
3.260 9.829 49.373
3.254 9.570 53.144
4.817 12.035 55.593
8.228 10.351 55.191
8.049 11.049 51.440
7.692 7.410 50.347
4.733 5.928 48.420
2.024 5.232 50.998
2.030 1.434 51.064
-1.193 1.366 53.088
-2.654 3.477 50.278
-1.310 1.014 47.703
-2.913 -1.976 49.463
-6.571 -0.935 49.594
-6.238 0.319 46.036
-5.791 -3.318 45.042
-9.174 -4.879 44.238
-10.627 -7.433 41.809
-10.655 -4.535 39.297
-6.873 -4.206 39.484
-5.192 -5.897 36.533
-1.722 -4.394 36.816
0.646 -2.777 39.240
3.542 -0.949 37.549
6.000 0.569 39.989
9.680 1.244 40.673
11.816 -1.110 42.696
13.850 1.958 43.735
12.964 5.609 43.082
15.363 7.601 40.917
14.531 10.775 42.883
13.433 9.752 46.388
15.968 6.892 46.589
13.388 4.871 48.532
12.367 1.295 47.761
9.057 -0.510 47.547
8.443 -3.947 49.096
7.915 -5.556 45.697
7.633 -9.104 47.047
4.662 -8.263 49.281
3.064 -6.138 46.566
3.299 -9.043 44.142
1.479 -11.307 46.639
-1.357 -8.796 47.073
-1.577 -8.315 43.309
-1.625 -12.040 42.504
-4.367 -12.470 45.114
-6.719 -10.563 42.802
-5.295 -11.803 39.514
-3.354 -8.627 38.724
0.101 -8.705 37.148
3.106 -6.731 38.420
5.597 -4.864 36.244
8.745 -3.866 38.132
10.671 -0.839 36.972
14.047 -2.096 38.205
16.291 0.509 36.549
17.672 1.690 39.894
17.928 -1.707 41.599
19.502 -3.953 38.952
22.712 -1.844 38.825
22.973 -1.529 42.606
21.729 -4.556 44.567
20.967 -8.263 44.184
17.778 -8.722 42.170
16.027 -12.132 42.218
12.975 -12.191 39.951
11.942 -15.617 41.217
12.073 -14.381 44.806
10.043 -11.292 43.866
7.802 -13.448 41.694
7.312 -10.376 39.490
5.563 -10.913 36.163
7.555 -8.332 34.237
10.839 -6.584 35.091
12.708 -3.896 33.162
16.251 -2.410 33.154
18.736 -0.455 31.000
22.316 -1.376 30.205
23.577 2.208 30.332
22.961 2.486 34.071
24.795 -0.751 34.921
28.246 -0.233 33.354
27.051 -1.409 29.944
26.821 0.314 26.565
24.032 2.598 25.557
21.573 1.189 23.024
20.477 -1.887 24.922
18.200 -2.874 27.799
15.887 -5.766 28.564
12.432 -7.000 29.458
12.152 -9.933 31.788
8.768 -11.675 31.617
7.408 -14.987 32.893
7.589 -17.538 30.066
3.858 -18.318 30.251
3.066 -14.620 29.905
5.492 -13.988 27.066
3.998 -16.963 25.277
0.521 -15.484 25.673
1.621 -12.153 24.213
1.287 -11.077 20.545
4.147 -9.431 18.619
4.990 -5.799 19.141
7.518 -4.972 16.406
7.250 -6.929 13.173
9.786 -8.034 10.607
12.850 -10.159 10.123
13.873 -12.771 12.645
10.667 -12.630 14.723
8.683 -14.688 12.182
8.547 -18.419 11.549
7.141 -18.205 8.047
6.078 -15.247 5.922
3.455 -15.607 3.199
1.983 -12.791 1.111
-1.356 -13.011 2.937
-0.082 -13.546 6.507
2.902 -14.515 8.655
3.356 -16.856 11.600
5.502 -15.900 14.548
8.381 -17.410 16.465
8.105 -18.197 20.174
9.602 -15.889 22.850
12.014 -14.242 23.084
12.563 -14.223 19.325
8.921 -13.224 18.785
9.780 -9.859 20.303
13.151 -9.182 18.652
12.529 -7.711 15.195
15.396 -7.311 12.745
19.109 -7.174 13.412
19.638 -6.691 17.135
22.227 -4.622 18.983
24.677 -7.569 18.784
27.895 -5.922 19.933
26.066 -4.019 22.635
24.374 -7.166 23.945
27.765 -8.866 24.170
29.213 -5.865 26.055
26.207 -5.901 28.421
27.135 -9.500 29.153
30.623 -8.270 29.953
29.120 -5.641 32.247
27.217 -8.374 34.064
30.447 -10.392 34.451
32.247 -7.300 35.751
29.561 -6.493 38.353
29.317 -10.174 39.308
33.098 -10.326 39.778
33.022 -7.485 42.273
29.885 -9.020 43.749
26.457 -7.415 44.053
26.226 -7.877 47.837
29.596 -6.090 48.087
28.448 -3.263 45.768
25.227 -2.821 47.768
26.913 -2.763 51.177
29.393 -0.203 49.832
26.592 1.929 48.381
24.704 1.832 51.681
27.775 3.302 53.397
28.596 6.050 50.897
24.889 6.779 50.479
24.480 7.332 54.209
27.634 9.453 54.187
26.285 11.634 51.373
22.916 11.984 53.110
24.460 12.902 56.464
26.889 15.468 55.069
24.397 17.009 52.671
21.727 17.326 55.370
24.171 19.020 57.741
24.302 22.057 55.462
21.784 24.710 56.477
18.974 25.524 54.026
19.220 22.082 52.401
16.149 19.890 52.027
16.648 16.326 50.785
13.556 14.701 49.341
12.489 11.233 50.451
12.896 9.124 53.640
15.514 9.381 56.385
17.962 6.462 56.341
17.857 4.109 59.333
17.915 0.497 60.489
14.586 -0.164 58.772
14.433 2.227 55.815
16.855 1.833 52.910
18.085 4.591 50.608
19.771 4.236 47.253
23.046 6.140 46.902
21.514 9.360 45.635
20.056 12.535 47.050
17.667 14.874 45.285
17.611 18.238 47.026
17.075 21.988 46.919
18.636 24.907 48.775
16.410 27.691 50.066
16.034 30.633 47.688
18.346 29.092 45.092
17.521 27.491 41.750
19.065 24.025 41.334
20.159 24.826 37.765
22.322 27.673 39.098
23.799 25.210 41.608
24.582 22.591 38.956
26.004 25.124 36.500
28.360 26.752 39.008
29.348 23.337 40.404
30.415 22.172 36.948
32.036 25.362 35.723
33.989 26.316 38.859
34.530 23.002 40.645
34.302 20.318 37.954
31.544 18.572 39.891
28.909 16.817 37.732
25.358 16.684 39.079
21.976 17.063 37.445
19.193 19.617 37.785
15.630 19.154 36.559
12.606 16.964 37.267
14.635 13.821 36.458
11.769 12.390 34.383
9.493 12.649 37.401
7.518 15.811 36.828
4.393 14.837 38.793
6.634 13.912 41.738
8.236 17.343 41.702
4.765 18.866 41.338
3.553 16.923 44.389
6.560 18.132 46.387
5.869 21.729 45.350
8.835 22.365 43.034
9.632 22.424 39.297
13.116 21.004 39.678
15.642 19.572 42.110
19.409 19.081 42.213
20.531 15.458 42.278
23.852 13.956 43.310
23.958 10.248 42.561
26.694 7.725 43.308
27.925 4.378 42.047
30.618 2.041 43.415
33.425 3.919 41.626
32.693 6.950 43.834
34.396 7.489 47.182
33.949 9.421 50.434
36.609 11.710 48.968
34.176 12.510 46.126
31.430 13.242 48.623
33.774 15.478 50.611
34.732 17.392 47.467
31.054 17.792 46.522
30.109 19.127 49.957
32.962 21.664 49.958
32.053 22.761 46.413
28.333 22.944 47.182
28.993 25.068 50.273
31.077 27.410 48.098
28.388 27.561 45.426
25.645 28.404 47.952
27.946 31.032 49.460
28.476 32.554 46.019
24.813 32.962 45.057
23.872 34.160 48.540
26.546 36.877 48.438
24.442 38.951 46.020
21.433 38.887 48.350
