7.504 -28.208 19.026
9.425 -26.691 16.103
10.272 -23.526 18.037
11.282 -24.393 21.584
11.097 -22.018 24.561
14.840 -21.462 24.189
16.443 -21.136 20.744
19.948 -20.334 19.545
20.834 -18.629 16.272
23.875 -18.158 14.062
24.243 -15.106 11.817
26.544 -14.344 8.890
26.570 -10.877 7.344
28.452 -9.568 4.327
28.311 -5.913 3.427
29.894 -2.795 2.040
29.456 0.652 3.592
30.725 3.584 1.517
32.792 0.972 -0.305
34.299 -0.596 2.830
33.850 -4.382 2.583
33.284 -6.428 5.733
31.921 -9.659 7.144
30.422 -10.507 10.534
29.854 -13.890 12.136
27.838 -14.231 15.294
25.897 -16.439 17.662
22.795 -15.530 19.613
20.229 -17.036 21.916
16.934 -16.168 23.479
13.423 -17.065 24.501
11.223 -16.615 21.439
7.887 -16.559 23.268
9.201 -14.031 25.800
10.596 -11.445 23.363
14.163 -11.633 24.729
17.406 -12.288 22.874
21.142 -11.590 23.027
23.993 -12.005 20.546
27.759 -11.955 20.364
29.205 -10.741 17.054
32.709 -10.865 15.610
33.996 -8.846 12.655
35.777 -11.489 10.535
36.670 -9.324 7.494
37.113 -5.585 7.156
37.761 -4.920 10.851
37.939 -2.528 12.519
34.925 -0.955 10.811
35.441 2.716 9.885
31.773 3.522 10.610
29.222 3.344 13.429
28.330 -0.196 14.537
24.830 1.083 15.220
23.900 1.003 11.502
24.390 -2.798 11.533
22.671 -3.719 14.784
19.067 -3.742 13.416
20.221 -6.109 10.652
15.526 -11.516 14.373
11.747 -11.505 14.191
11.120 -15.032 15.488
11.886 -13.696 18.996
9.004 -11.220 19.207
6.489 -11.903 21.989
3.059 -12.069 20.300
-0.182 -12.068 22.296
-2.250 -15.168 21.546
-4.839 -13.179 19.552
-2.271 -11.755 17.110
-1.178 -14.445 14.618
2.614 -14.773 14.750
3.605 -14.731 11.095
7.266 -15.289 11.875
6.898 -18.295 14.151
4.192 -19.844 11.958
6.583 -19.771 8.980
8.860 -22.423 10.511
10.401 -24.924 9.963
10.809 -23.408 6.455
11.227 -19.868 7.723
11.007 -16.467 6.091
12.958 -13.839 4.224
13.113 -10.065 4.322
14.262 -7.102 2.292
14.782 -3.672 3.770
15.669 -0.099 2.894
16.842 2.310 5.591
16.874 5.899 4.387
18.791 8.112 6.779
17.966 11.791 6.933
21.327 13.001 5.549
21.045 10.780 2.468
22.830 7.690 3.822
21.027 4.607 2.514
21.221 0.941 3.504
19.648 -1.859 1.471
19.438 -5.393 2.816
18.403 -8.943 1.982
17.957 -11.584 4.659
17.184 -15.276 4.825
15.932 -16.902 8.029
15.993 -20.720 8.165
16.074 -23.414 10.827
19.046 -25.802 10.648
20.225 -28.314 13.244
17.711 -26.920 15.770
18.891 -23.320 15.571
17.851 -20.318 13.545
20.241 -19.406 10.745
20.389 -15.826 9.487
22.157 -14.822 6.276
22.370 -11.071 5.764
23.651 -9.156 2.731
23.780 -5.368 2.776
24.992 -2.283 0.942
25.330 1.162 2.530
26.185 4.243 0.511
26.186 8.033 0.624
27.005 8.431 4.297
28.595 11.897 4.472
32.287 11.754 5.336
31.735 14.282 8.148
28.419 12.792 9.271
27.736 10.853 12.467
27.994 7.391 10.891
31.418 7.819 9.304
32.640 9.867 12.291
31.345 7.252 14.807
29.326 9.804 16.805
26.309 7.589 17.479
25.210 6.212 20.891
22.540 3.569 20.194
18.932 3.444 19.088
15.979 4.858 20.920
13.155 2.354 21.451
11.197 1.880 18.220
7.665 1.075 17.092
7.586 -1.007 13.941
4.183 -0.716 12.250
3.357 -4.056 10.613
0.832 -4.220 7.736
-0.363 -7.148 5.631
0.018 -6.119 1.912
0.268 -7.925 -1.458
0.474 -11.315 0.308
3.339 -10.362 2.684
3.917 -8.555 5.984
5.343 -5.031 5.552
6.945 -3.040 8.337
7.511 0.694 8.595
9.667 2.388 11.212
10.826 5.896 11.949
13.970 5.037 13.903
16.072 7.469 15.930
19.790 7.004 16.617
21.123 8.924 19.624
24.092 11.202 18.937
26.974 11.982 21.294
26.013 15.690 21.167
22.488 15.010 22.520
20.532 15.098 19.274
19.145 12.255 17.173
19.761 11.004 13.672
16.657 9.609 11.973
16.136 6.737 9.540
12.952 5.938 7.614
12.731 2.148 7.324
10.628 -0.068 5.076
10.819 -3.875 5.222
8.966 -6.625 3.419
8.811 -9.924 5.337
7.773 -13.021 3.387
7.140 -16.512 4.725
8.470 -19.441 2.657
5.029 -21.088 2.799
1.427 -19.904 3.093
0.866 -18.587 6.611
-2.075 -16.901 8.359
-1.626 -13.121 8.132
-2.407 -10.886 11.125
-4.119 -7.548 10.872
-1.930 -4.478 11.190
-0.183 -4.122 14.552
2.875 -2.675 16.329
6.127 -4.311 17.427
7.812 -2.357 20.252
11.577 -2.839 20.188
14.565 -1.864 22.302
18.065 -2.854 21.232
21.158 -2.155 23.357
24.843 -2.694 22.572
25.741 -4.056 25.991
29.493 -4.474 25.532
32.230 -4.169 22.947
35.975 -4.310 22.672
38.107 -1.288 21.839
37.708 -1.394 18.056
34.174 -2.928 17.881
35.509 -6.193 16.424
33.712 -8.073 19.217
30.270 -6.747 20.138
27.421 -7.969 22.327
23.761 -6.986 21.794
20.520 -7.321 23.747
17.013 -6.905 22.310
13.527 -7.010 23.723
10.509 -7.010 21.403
6.770 -7.291 21.971
3.786 -7.088 19.642
0.771 -5.010 20.657
-2.480 -3.702 19.250
-2.478 -0.110 18.083
-4.537 2.491 19.943
-4.126 5.511 17.615
