34.618 77.515 30.341
34.011 81.120 31.346
37.157 82.038 29.510
37.857 82.977 25.914
41.590 83.202 26.426
42.775 80.334 28.631
44.351 81.895 31.723
48.126 81.617 31.862
49.324 82.747 35.286
52.854 83.599 34.146
51.611 85.986 31.461
49.071 87.525 33.827
51.811 88.151 36.372
54.396 89.223 33.812
51.911 91.691 32.284
51.851 93.721 35.513
55.412 94.952 35.083
55.666 98.733 35.581
52.133 98.999 36.942
50.582 99.187 40.415
49.962 95.440 40.617
53.687 94.763 40.442
54.376 97.540 42.947
51.963 96.008 45.487
52.982 92.382 44.962
49.709 91.215 43.450
50.116 87.613 42.351
47.685 85.718 40.132
47.604 82.323 41.832
44.917 80.047 40.495
42.031 79.608 38.115
39.345 77.120 37.176
36.412 76.958 34.754
34.447 79.539 36.737
36.909 81.655 38.699
40.235 83.472 38.855
42.251 83.971 42.067
44.949 86.508 43.065
46.560 87.439 46.376
48.418 90.437 47.763
50.710 90.963 50.758
49.454 92.845 53.808
52.528 94.906 54.657
54.000 98.428 54.439
53.221 98.541 50.713
49.489 98.063 51.319
48.973 99.328 54.887
47.129 102.521 55.815
48.863 104.663 58.480
47.540 102.648 61.450
48.931 99.359 60.262
45.747 97.817 58.819
45.339 96.824 55.181
44.216 100.027 53.376
40.648 99.585 52.128
41.687 101.074 48.815
44.386 98.421 48.481
41.650 95.776 48.776
39.936 97.552 45.901
43.156 97.629 43.803
43.346 93.853 44.224
39.662 93.441 43.335
39.860 95.706 40.291
43.133 94.140 39.067
41.568 90.711 39.352
38.234 91.580 37.764
39.775 93.634 34.958
42.093 90.762 34.067
39.137 88.377 34.198
37.281 90.642 31.708
40.288 90.714 29.413
40.279 86.906 29.341
36.609 86.935 28.326
36.484 89.430 25.457
37.648 89.396 21.871
40.795 91.442 22.407
41.220 92.064 18.671
38.100 94.224 18.733
37.556 95.271 22.344
39.219 96.362 25.520
37.752 96.646 28.991
37.875 99.439 31.546
36.450 99.772 35.046
33.090 101.535 35.065
31.783 101.179 38.622
33.193 99.520 41.705
31.928 99.066 45.236
33.089 97.162 48.301
32.149 96.364 51.871
35.092 96.241 54.269
34.172 93.385 56.617
37.255 92.643 58.749
40.576 94.365 59.256
43.856 92.654 58.363
47.339 93.472 59.695
49.700 90.879 58.209
49.999 87.835 55.977
48.256 87.991 52.605
44.782 88.823 51.372
43.303 86.488 48.738
40.637 87.541 46.219
38.458 85.192 44.152
36.505 86.511 41.163
33.360 84.890 39.762
31.137 86.209 36.961
27.666 87.553 37.716
26.963 88.681 34.173
28.950 88.958 30.963
26.877 91.166 28.680
27.871 92.641 25.349
28.734 96.096 26.725
29.224 95.491 30.466
30.603 92.755 32.698
29.777 92.339 36.374
32.173 90.429 38.675
31.657 89.186 42.253
34.958 89.419 44.154
35.443 87.840 47.595
38.500 88.587 49.763
39.810 86.865 52.867
42.907 86.937 55.027
44.996 83.920 55.866
42.516 82.876 58.563
39.963 82.329 55.787
37.371 84.685 57.278
35.722 87.119 54.809
37.560 90.458 54.945
36.026 92.341 52.014
33.393 91.784 49.346
33.528 93.782 46.122
31.400 94.101 43.026
32.924 95.383 39.818
31.250 96.637 36.630
33.533 96.731 33.565
32.739 98.538 30.321
33.459 96.696 27.074
34.838 99.281 24.625
35.662 98.883 20.906
39.351 99.542 20.074
