-12.448 -1.694 -8.528
-12.882 -0.595 -12.149
-13.902 2.836 -13.414
-16.425 3.773 -16.122
-16.689 7.294 -17.468
-19.037 8.905 -19.979
-18.421 12.530 -20.885
-21.140 14.532 -22.661
-22.010 17.949 -24.010
-24.677 19.085 -21.598
-25.916 17.841 -18.260
-29.188 16.208 -19.334
-27.456 13.751 -21.711
-25.086 12.975 -18.861
-27.902 12.288 -16.415
-29.223 9.786 -18.927
-25.787 8.229 -19.327
-25.665 7.919 -15.542
-29.176 6.540 -15.134
-28.708 3.933 -17.850
-25.307 2.929 -16.433
-26.689 2.182 -12.955
-29.672 0.332 -14.293
-27.628 -1.776 -16.748
-25.231 -3.416 -14.318
-23.993 -3.525 -10.728
-22.113 -0.202 -10.490
-22.354 2.625 -7.941
-22.478 6.174 -9.231
-19.535 8.150 -7.903
-20.537 11.520 -9.210
-20.404 13.828 -12.118
-18.029 16.656 -12.932
-17.916 19.410 -15.533
-14.843 21.139 -16.870
-16.671 23.947 -18.659
-17.434 24.158 -22.365
-20.537 22.019 -21.895
-18.447 18.993 -20.967
-19.936 16.916 -18.155
-18.688 13.474 -17.024
-20.471 10.707 -15.207
-18.306 8.225 -13.319
-19.210 4.810 -11.882
-17.318 2.059 -10.110
-17.786 -1.727 -10.208
-16.205 -4.979 -11.391
-14.803 -4.670 -14.868
-17.548 -6.692 -16.605
-20.240 -4.732 -14.740
-18.587 -1.425 -15.530
-17.996 -2.397 -19.164
-21.694 -3.157 -19.437
-22.896 0.061 -17.849
-20.752 2.190 -20.200
-21.987 0.310 -23.276
-25.548 0.979 -22.166
-24.789 4.435 -20.743
-23.377 5.508 -24.126
-26.186 3.895 -26.163
-28.874 5.884 -24.328
-27.069 9.206 -23.734
-26.299 9.312 -27.489
-29.988 8.658 -28.095
-30.749 12.154 -26.743
-27.461 14.093 -26.769
-23.773 14.061 -27.560
-21.393 11.543 -26.025
-17.903 13.048 -26.239
-15.673 10.355 -24.649
-16.325 7.108 -22.848
-13.739 4.943 -21.072
-13.312 1.872 -18.884
-10.260 1.651 -16.672
-10.317 -1.863 -15.272
-7.824 -1.000 -12.478
-6.946 2.683 -12.087
-3.655 3.492 -10.533
-4.329 3.933 -6.834
-3.487 7.697 -7.165
-6.406 7.956 -9.629
-8.862 6.178 -7.332
-7.880 8.710 -4.615
-8.543 11.711 -6.862
-11.957 10.634 -8.235
-13.374 9.598 -4.825
