44.079 31.658 134.909
43.113 28.501 132.990
44.701 26.115 130.494
41.192 25.082 129.244
38.253 26.992 127.757
35.520 26.322 130.347
36.646 24.687 133.599
38.907 27.458 134.941
41.649 24.971 135.766
45.316 24.331 135.084
47.078 20.997 135.198
49.141 21.975 138.247
45.999 22.799 140.269
45.051 19.115 139.992
48.366 18.099 141.617
48.709 14.970 139.468
45.072 13.744 139.704
44.379 10.871 137.266
40.815 10.163 138.299
37.669 12.261 138.595
34.277 11.807 140.203
31.699 13.622 138.090
28.277 14.485 139.618
25.680 16.450 137.642
24.835 19.144 140.188
27.434 21.885 140.990
26.083 21.966 144.551
27.187 18.321 145.148
30.894 18.631 144.325
31.846 19.974 147.772
29.885 17.328 149.643
31.513 14.490 147.713
34.984 16.044 148.142
34.413 16.159 151.913
34.387 12.344 151.898
38.086 12.606 151.002
41.220 13.725 152.814
42.224 17.426 152.780
39.421 18.655 150.446
39.963 21.972 148.669
37.911 24.135 146.327
39.455 24.545 142.863
37.116 26.602 140.701
33.555 27.399 139.711
32.499 28.503 136.234
29.096 28.091 134.619
27.822 24.614 135.676
31.347 23.359 136.385
32.294 23.374 140.059
35.518 21.552 140.890
37.127 20.371 144.167
40.249 18.306 144.878
40.668 15.727 147.636
42.808 12.720 148.486
42.134 8.993 148.671
44.911 6.471 149.387
47.407 9.390 149.258
46.436 10.226 145.686
44.712 13.378 144.423
41.190 12.920 143.083
39.144 15.576 141.256
35.414 16.102 141.837
33.856 18.143 139.012
30.192 18.803 138.231
29.037 18.424 134.634
25.618 20.035 134.447
22.734 18.262 132.739
23.210 16.612 129.376
25.818 15.171 127.048
26.916 18.539 125.705
28.062 19.834 129.083
29.475 16.402 130.047
31.487 16.345 126.827
33.112 19.673 127.700
33.918 18.591 131.265
35.460 15.260 130.243
37.453 16.597 127.319
38.947 19.439 129.370
39.799 17.229 132.357
41.368 14.775 129.897
43.579 17.611 128.587
44.675 18.126 132.203
45.687 14.465 132.589
42.568 12.805 134.066
42.171 9.271 132.614
39.296 7.796 134.620
35.790 9.187 135.144
33.278 7.863 137.644
29.765 9.126 137.209
27.622 9.295 140.330
23.957 10.230 140.478
20.375 9.439 141.350
17.810 8.119 138.925
14.281 6.856 138.337
13.735 3.264 137.235
11.404 1.834 134.604
11.209 -1.817 135.712
8.591 -2.723 138.357
11.035 -4.999 140.264
13.510 -2.163 140.912
12.716 -0.344 144.167
13.525 3.061 145.549
16.776 2.635 147.458
18.267 0.165 144.982
21.607 0.910 143.306
22.204 0.549 139.564
25.547 -0.009 137.855
25.392 0.578 134.095
27.289 -1.584 131.633
25.929 0.054 128.471
23.664 2.882 127.320
20.942 3.172 124.700
22.190 6.129 122.666
19.227 8.550 122.611
21.572 11.540 122.728
23.281 13.681 120.140
26.794 14.136 121.448
27.801 10.471 121.283
27.436 10.658 117.493
30.126 13.291 117.341
32.579 10.695 118.745
31.559 7.478 117.008
28.922 6.249 114.584
25.653 5.026 116.029
26.525 1.321 115.651
29.474 1.650 118.056
28.508 0.548 121.578
28.172 3.014 124.444
29.807 0.623 126.875
31.458 1.215 130.265
35.034 0.364 131.051
35.335 -3.133 132.525
37.564 -2.235 135.470
35.403 0.751 136.479
32.214 -1.301 136.344
33.862 -4.074 138.404
35.174 -1.572 141.007
31.700 -0.067 141.372
29.997 -3.441 141.670
32.640 -4.822 144.082
32.533 -1.649 146.179
28.752 -1.913 146.450
28.812 -5.601 147.443
31.499 -4.860 150.064
29.071 -2.329 151.635
26.073 -4.682 151.779
24.499 -3.664 148.494
23.781 -5.957 145.583
23.318 -3.562 142.653
21.362 -4.324 139.510
23.783 -4.391 136.642
22.691 -3.609 133.082
21.539 -1.256 130.394
20.368 2.350 130.853
18.524 4.512 128.291
20.385 7.780 127.892
18.154 10.588 126.698
18.912 14.118 125.525
15.600 15.157 127.125
13.931 14.840 130.479
10.414 15.088 129.015
9.504 13.727 125.538
12.535 11.418 125.245
11.483 9.738 128.481
7.879 9.629 127.170
6.459 11.989 129.781
3.002 13.405 129.034
2.789 15.561 132.197
3.976 18.574 130.193
3.065 21.888 128.574
1.959 20.271 125.306
0.824 16.971 126.811
2.108 15.357 123.596
4.900 13.093 122.406
5.303 12.648 118.643
4.987 9.159 117.066
8.697 8.244 117.010
8.784 8.366 120.850
5.215 7.148 121.508
5.381 3.660 123.019
9.133 4.088 123.544
9.025 3.587 127.336
7.317 0.216 126.858
9.838 -0.599 124.131
12.761 -0.131 126.531
10.960 -2.009 129.325
10.515 -4.946 127.008
14.192 -4.800 126.059
15.199 -5.038 129.735
16.411 -1.472 130.126
16.606 -0.568 133.844
16.230 3.176 133.788
16.515 6.533 132.087
19.339 8.948 132.603
20.754 11.796 130.456
24.558 11.581 130.305
26.014 8.046 130.032
25.669 7.558 126.268
27.863 10.581 125.742
30.185 9.671 128.592
30.741 6.030 127.605
30.960 6.628 123.865
33.423 9.498 124.173
35.632 7.742 126.727
35.850 4.587 124.632
36.670 6.685 121.584
39.309 8.755 123.432
40.867 5.796 125.328
39.627 6.999 128.739
37.953 4.874 131.412
34.369 5.478 132.549
31.786 3.849 134.815
28.455 4.845 136.331
26.610 4.137 139.552
23.225 5.595 140.572
20.751 5.379 143.445
17.097 4.860 142.548
14.937 7.576 144.098
11.711 7.082 142.098
10.024 4.379 140.013
7.672 5.360 137.207
5.784 2.094 137.203
4.954 2.535 140.932
2.135 4.463 142.627
3.748 5.086 146.046
5.519 8.365 146.833
8.971 7.868 148.407
9.958 9.853 151.534
12.847 12.293 151.886
14.742 10.127 154.376
15.094 7.071 152.141
15.918 9.457 149.234
18.717 11.284 151.039
19.985 7.972 152.389
20.078 6.546 148.854
22.129 9.545 147.633
24.682 9.050 150.379
24.808 5.274 149.730
25.698 5.776 146.078
28.372 8.332 146.975
29.919 5.865 149.411
30.041 3.329 146.572
31.730 5.696 144.142
34.325 6.692 146.713
35.217 3.099 147.586
35.392 2.294 143.842
37.888 5.107 143.389
39.891 3.629 146.278
40.194 0.243 144.705
40.999 1.727 141.258
43.807 3.734 142.876
45.272 0.841 144.832
45.010 -1.526 141.836
47.110 0.938 139.782
49.913 0.969 142.391
