-8.038 -3.877 -37.023
-6.122 -3.766 -40.325
-2.617 -4.278 -38.875
-2.440 -7.101 -36.319
0.725 -6.998 -34.206
2.201 -9.792 -32.076
2.011 -9.560 -28.301
4.309 -7.818 -25.822
7.492 -9.818 -25.247
10.350 -10.080 -22.756
13.731 -10.460 -24.437
16.970 -11.347 -22.628
19.935 -8.947 -23.074
21.848 -9.586 -26.287
19.349 -12.052 -27.748
17.207 -11.315 -30.811
13.489 -10.520 -31.169
11.223 -11.199 -34.166
7.984 -9.244 -34.313
5.081 -9.954 -36.669
2.419 -7.729 -38.247
-0.511 -9.290 -40.141
-2.379 -7.228 -42.753
-6.102 -7.560 -43.424
-8.367 -8.043 -46.436
-6.933 -8.449 -49.924
-4.871 -5.280 -49.738
-1.398 -6.370 -48.585
0.448 -5.289 -51.728
-1.223 -1.843 -51.891
1.132 -0.516 -49.206
4.611 0.103 -48.040
5.052 -1.338 -44.534
6.934 0.768 -41.984
8.293 0.149 -38.498
8.465 2.905 -35.919
9.771 2.886 -32.355
8.723 4.884 -29.260
10.661 4.899 -25.970
8.044 6.418 -23.599
10.411 9.265 -22.660
11.525 10.056 -26.220
9.619 10.645 -29.465
8.848 8.362 -32.397
11.853 7.082 -34.340
11.564 5.619 -37.810
13.339 2.249 -38.130
12.726 0.922 -41.633
10.371 0.198 -44.511
9.599 -2.797 -46.697
7.920 -3.335 -50.071
5.703 -6.430 -49.779
5.644 -6.863 -53.585
9.306 -7.776 -53.863
10.861 -7.488 -50.427
12.966 -4.415 -51.100
13.817 -2.436 -47.973
15.111 0.906 -46.750
16.347 1.863 -43.263
17.211 4.559 -40.783
20.991 4.160 -40.790
20.898 4.213 -36.975
19.050 0.881 -36.954
20.093 -0.832 -40.155
22.947 -2.958 -38.840
20.774 -4.805 -36.292
17.447 -4.937 -38.088
16.136 -7.370 -40.680
12.795 -6.756 -42.394
10.998 -9.566 -44.236
7.588 -10.428 -45.608
5.383 -13.449 -46.262
2.971 -12.552 -49.073
1.297 -15.954 -48.749
0.258 -15.275 -45.153
0.228 -11.497 -45.766
2.624 -10.868 -42.863
5.458 -8.399 -42.233
8.265 -9.326 -39.840
10.879 -7.266 -38.091
13.885 -8.857 -36.460
16.227 -6.986 -34.134
19.432 -8.525 -32.808
21.883 -7.836 -29.958
19.242 -6.039 -27.922
20.117 -3.578 -25.157
17.904 -1.790 -22.602
17.885 1.070 -25.086
15.888 -1.218 -27.407
13.110 -1.547 -24.822
10.248 0.368 -26.414
6.990 -0.056 -28.206
7.313 -0.940 -31.874
4.629 0.024 -34.318
3.785 -1.553 -37.634
2.378 1.133 -39.942
1.540 1.670 -43.603
0.960 4.244 -46.318
-0.311 3.981 -49.962
2.108 2.320 -52.406
1.983 5.334 -54.719
2.451 8.429 -52.557
3.666 8.651 -48.948
0.612 10.330 -47.386
2.304 9.929 -44.087
1.272 6.875 -42.103
-2.407 6.271 -42.696
-2.872 3.354 -40.327
-0.885 2.300 -37.230
-1.030 -1.145 -35.632
-1.571 -1.444 -31.895
2.188 -1.707 -31.259
4.336 -4.303 -29.510
5.973 -3.413 -26.191
9.370 -5.126 -26.043
11.200 -5.233 -22.719
14.897 -6.087 -22.720
15.694 -7.589 -19.338
17.552 -10.457 -17.734
14.615 -11.042 -15.356
12.067 -13.806 -15.718
8.522 -13.494 -16.927
6.008 -13.355 -14.059
2.231 -13.451 -14.553
-0.100 -11.143 -12.549
-2.147 -12.112 -9.507
-5.539 -10.459 -9.834
-7.313 -9.303 -6.687
-10.930 -8.106 -6.608
-11.713 -4.774 -4.978
-15.288 -5.215 -3.813
-17.116 -2.617 -1.723
-17.275 -3.496 1.970
-17.302 -1.395 5.155
-17.004 1.756 3.046
-20.045 4.020 3.018
-22.294 3.615 -0.047
-20.575 6.706 -1.579
-23.926 8.278 -2.502
-25.938 6.511 -5.202
-22.895 5.108 -7.007
-20.565 2.247 -6.144
-17.005 2.054 -7.354
-15.402 -1.360 -7.804
-11.971 -2.384 -9.010
-9.235 -4.942 -9.475
-5.702 -4.862 -8.108
-3.147 -6.340 -10.489
0.027 -7.200 -8.683
3.386 -8.912 -9.058
3.736 -8.997 -12.845
6.635 -8.604 -15.244
7.085 -7.138 -17.731
4.566 -4.543 -18.929
1.908 -4.387 -19.950
-1.552 -5.502 -18.939
-4.918 -4.671 -20.365
-7.841 -4.707 -17.967
-11.382 -4.777 -19.310
-14.702 -4.917 -17.483
-17.489 -7.287 -18.538
-15.695 -8.333 -21.759
-15.511 -4.738 -23.028
-19.007 -3.622 -21.935
-18.434 -1.183 -19.090
-15.949 1.148 -20.781
-16.912 4.742 -19.980
-16.928 4.503 -16.189
-13.461 2.892 -16.275
-10.311 4.371 -14.757
-7.005 2.715 -15.612
-4.057 3.536 -13.338
-0.546 3.219 -14.791
1.710 0.563 -13.361
4.450 1.216 -10.849
7.518 -0.773 -9.869
7.809 -2.300 -6.404
10.542 -4.912 -5.751
11.301 -5.258 -9.459
7.666 -6.139 -10.192
4.744 -4.122 -11.532
1.474 -3.256 -9.836
-1.443 -1.439 -11.432
-5.093 -1.109 -10.707
-8.385 -0.518 -12.469
-11.718 0.842 -11.227
-15.266 0.955 -12.612
-18.299 2.887 -11.318
-21.813 1.459 -11.497
-25.173 2.661 -10.108
-25.565 1.205 -6.616
-29.023 -0.207 -7.360
-27.509 -2.653 -9.843
-24.944 -4.257 -7.608
-25.741 -7.767 -6.323
-27.414 -9.522 -9.296
-25.925 -7.603 -12.235
-22.472 -9.186 -11.879
-19.166 -7.482 -12.679
-15.968 -9.193 -13.876
-12.505 -7.875 -14.647
-10.478 -9.595 -17.309
-6.722 -9.108 -17.205
-4.523 -9.946 -20.156
-0.771 -10.153 -19.719
0.579 -10.720 -23.283
4.205 -11.166 -22.219
3.546 -14.264 -20.077
0.628 -15.270 -22.293
-1.758 -15.172 -19.349
-5.394 -14.126 -19.052
-7.125 -14.033 -15.653
-10.820 -13.261 -15.189
-12.066 -12.342 -11.745
-15.678 -12.100 -10.744
-16.309 -9.554 -8.030
-18.260 -11.293 -5.252
-21.285 -9.561 -3.657
