60.419 12.920 32.411
63.161 13.488 29.823
61.105 11.427 27.346
57.956 13.576 27.571
56.602 16.454 25.501
57.749 19.580 27.304
56.467 23.112 27.755
52.773 23.965 28.204
51.447 24.985 24.798
49.490 27.840 23.387
45.959 26.900 22.490
44.109 28.640 19.690
40.404 28.463 18.788
39.223 28.724 15.211
35.604 29.783 14.687
34.029 29.106 11.258
30.387 29.573 10.244
30.144 26.293 8.308
32.145 23.445 6.819
29.942 23.151 3.721
31.374 26.100 1.799
34.726 24.603 0.771
36.481 27.906 1.514
36.116 27.334 5.251
37.769 23.935 5.513
40.579 25.204 3.259
41.071 28.234 5.473
40.890 26.171 8.642
43.353 23.583 7.353
45.860 26.334 6.461
45.596 27.877 9.948
45.809 24.485 11.663
48.967 23.712 9.595
50.795 26.902 10.643
49.734 26.718 14.259
50.581 23.071 14.537
54.054 23.774 13.149
54.576 26.299 15.982
53.745 23.542 18.488
50.347 25.065 19.234
47.097 23.153 19.967
44.110 24.162 17.775
40.398 23.403 18.169
37.759 24.234 15.530
34.142 25.209 16.350
31.860 24.943 13.275
29.009 27.134 14.512
26.707 26.813 11.466
24.187 24.697 13.415
21.424 25.070 15.916
21.013 28.764 15.286
24.412 29.394 16.905
26.297 32.677 16.190
30.004 33.635 16.074
29.537 35.011 19.605
28.372 31.599 20.825
31.465 30.068 19.205
33.748 32.470 21.060
31.890 31.910 24.331
32.406 28.171 23.962
36.078 28.329 22.945
37.226 31.109 25.343
37.946 29.034 28.465
39.998 26.432 26.567
42.032 28.800 24.407
44.418 31.691 24.664
43.202 33.386 21.481
40.693 33.015 18.671
40.974 33.345 14.905
37.571 33.468 13.221
34.927 34.485 10.771
32.327 35.707 13.250
29.480 37.028 11.059
29.408 40.495 12.637
30.113 39.681 16.315
33.778 40.830 16.446
33.304 43.565 18.987
31.151 41.571 21.393
33.410 38.527 21.031
36.537 40.535 21.957
34.626 41.746 25.019
33.982 38.146 26.060
37.613 37.282 25.436
38.954 40.172 27.555
42.714 40.463 26.824
42.805 37.089 25.050
43.265 38.276 21.444
40.648 37.873 18.774
41.709 37.974 15.154
38.670 38.367 12.857
38.528 38.185 9.121
36.356 39.890 6.555
34.275 42.126 8.840
34.388 45.421 10.712
36.610 44.418 13.630
35.401 46.989 16.185
37.661 46.555 19.212
39.022 43.132 18.203
42.754 42.839 18.877
43.468 41.930 15.278
41.815 41.960 11.864
42.428 40.807 8.339
40.324 42.550 5.599
40.524 42.231 1.798
40.657 45.051 -0.769
37.445 44.506 -2.668
37.830 47.667 -4.768
41.030 46.248 -6.076
39.491 42.803 -6.706
36.535 44.383 -8.513
38.830 46.407 -10.733
40.907 43.383 -11.641
37.981 41.022 -12.282
35.993 43.553 -14.326
39.152 44.376 -16.344
39.376 40.799 -17.478
35.834 40.855 -18.797
36.409 44.230 -20.515
39.601 42.949 -22.149
37.626 40.062 -23.637
34.976 42.567 -24.705
32.053 41.030 -22.875
29.069 43.218 -23.589
26.427 41.871 -21.223
27.800 41.337 -17.721
26.027 39.914 -14.648
27.113 39.857 -10.989
25.672 37.135 -8.846
25.444 38.275 -5.234
25.036 36.131 -2.104
21.858 37.204 -0.251
18.100 37.718 -0.528
15.944 40.375 -2.284
12.636 39.625 -0.452
12.254 43.249 0.892
12.911 45.340 -2.300
11.375 46.126 -5.750
14.470 44.708 -7.501
17.837 43.214 -6.410
20.307 45.794 -4.896
23.936 44.937 -3.922
24.156 44.027 -0.209
27.725 42.745 0.417
30.879 44.791 0.602
32.426 42.896 -2.276
29.201 43.133 -4.268
29.001 46.926 -3.756
32.577 47.172 -4.974
31.789 45.312 -8.222
28.588 47.317 -8.853
30.570 50.478 -8.210
33.186 49.508 -10.759
30.691 48.525 -13.431
28.619 51.726 -12.818
31.842 53.778 -13.004
32.693 52.213 -16.365
29.187 52.802 -17.828
28.747 49.080 -18.312
25.303 47.712 -19.023
25.132 45.028 -16.351
22.603 43.096 -14.279
22.413 41.973 -10.654
21.325 38.460 -9.613
20.900 37.532 -5.951
20.749 34.010 -4.555
21.459 32.117 -1.323
25.125 31.206 -1.018
24.990 27.538 -2.212
25.953 25.980 -5.560
22.394 24.809 -6.095
20.760 28.149 -5.239
23.287 29.813 -7.554
22.499 27.365 -10.370
18.801 27.882 -10.002
19.084 31.702 -9.955
21.524 31.737 -12.858
19.289 29.420 -14.983
16.231 31.655 -14.404
18.180 34.748 -15.343
19.717 33.200 -18.498
16.156 32.246 -19.773
15.388 35.956 -19.599
18.837 37.266 -20.610
20.322 34.890 -23.230
22.748 37.588 -24.393
24.703 37.316 -21.085
28.313 36.789 -21.922
30.180 37.386 -18.654
29.325 36.457 -15.079
31.140 37.465 -11.859
30.147 35.383 -8.847
30.301 36.283 -5.185
32.490 33.266 -4.644
33.745 29.988 -6.151
31.029 27.805 -4.633
28.360 30.007 -6.275
30.460 30.017 -9.470
30.358 26.215 -9.620
26.605 26.538 -9.705
26.797 29.164 -12.460
28.888 26.821 -14.616
26.205 24.142 -14.270
23.438 26.591 -15.300
25.473 27.708 -18.331
26.088 24.027 -19.291
22.381 23.215 -18.761
21.480 26.151 -21.017
23.700 25.042 -23.874
26.203 27.862 -23.406
29.856 27.230 -23.907
32.243 28.532 -21.284
34.277 30.524 -21.995
33.372 30.800 -25.728
29.830 31.967 -25.215
30.051 33.150 -21.555
33.015 33.830 -19.267
32.852 33.027 -15.533
34.973 34.449 -12.751
34.758 33.478 -9.082
36.469 34.444 -5.849
38.358 32.465 -3.190
40.740 30.093 -4.979
39.232 26.924 -3.439
40.958 23.717 -4.749
37.587 22.625 -6.251
38.231 25.235 -8.996
40.938 23.014 -10.498
38.550 20.019 -10.633
35.603 21.704 -12.348
35.234 21.557 -16.122
35.986 24.126 -17.306
38.454 24.906 -14.572
37.320 28.032 -12.813
39.039 31.361 -13.262
39.010 33.187 -9.988
40.070 36.095 -7.832
42.223 34.325 -5.214
44.822 34.640 -2.521
46.901 31.642 -1.530
45.300 30.211 1.554
48.825 29.816 2.939
49.186 33.644 2.821
45.809 34.239 4.468
46.750 31.671 7.100
50.177 33.208 7.608
48.765 36.710 7.928
46.436 35.543 10.749
48.976 33.424 12.618
51.744 35.983 12.287
49.437 38.671 13.566
48.572 36.436 16.547
52.281 35.774 17.195
52.837 39.547 17.352
49.848 40.142 19.588
50.835 37.344 22.003
54.445 38.559 22.158
53.625 42.241 22.648
55.248 43.054 19.330
51.864 44.346 18.067
49.515 46.481 20.124
45.933 45.192 20.134
43.629 47.403 18.176
46.446 49.479 16.707
46.846 50.279 13.029
49.552 47.626 12.749
47.079 45.044 14.061
44.911 45.496 10.926
46.164 43.784 7.776
44.647 44.284 4.318
45.244 41.515 1.803
44.789 41.641 -1.990
43.397 38.895 -4.260
45.097 38.065 -7.537
43.385 36.930 -10.764
44.035 33.237 -11.412
43.208 32.511 -15.050
42.068 28.992 -15.781
39.634 27.759 -18.399
36.445 29.711 -17.692
37.831 32.886 -19.237
