34.595 49.489 75.946
33.388 50.364 72.414
32.152 48.732 69.177
32.976 45.229 67.999
32.064 43.693 64.646
31.363 40.059 63.900
31.571 38.758 60.325
29.711 35.690 59.105
28.597 34.350 55.705
24.842 34.250 56.511
22.851 35.218 59.582
19.944 32.909 58.651
22.370 29.986 59.200
21.395 29.096 62.804
24.991 28.097 63.503
26.126 31.659 62.833
23.189 33.222 64.634
23.977 31.109 67.678
27.725 31.878 67.556
26.967 35.571 67.294
24.557 35.433 70.196
27.039 33.727 72.512
29.799 36.209 71.563
27.496 39.172 71.848
26.104 38.306 75.308
29.619 37.961 76.742
30.957 41.107 75.065
27.875 43.009 76.095
28.528 41.988 79.742
31.945 43.578 79.315
30.486 46.811 78.137
30.816 46.478 74.319
28.282 47.063 71.606
28.437 44.277 69.033
27.159 44.264 65.469
27.030 41.524 62.889
27.489 41.776 59.137
26.988 38.986 56.581
29.036 38.435 53.406
27.299 35.745 51.362
30.918 34.715 50.676
31.620 37.921 48.765
35.232 39.057 49.231
34.152 42.652 48.623
31.813 42.467 51.637
34.696 41.205 53.771
36.897 44.090 52.516
34.212 46.634 53.262
33.759 45.270 56.802
37.492 45.418 57.467
37.497 49.088 56.451
35.497 49.708 59.557
38.402 48.519 61.659
40.947 50.377 59.453
39.056 53.589 59.971
38.671 52.865 63.708
34.863 52.827 63.637
35.358 49.478 65.417
37.779 48.549 68.162
38.017 44.926 67.127
36.553 42.209 64.967
35.770 38.535 65.134
35.586 36.711 61.776
33.784 33.367 61.649
34.067 33.275 57.833
37.128 34.271 55.724
37.271 34.831 51.989
40.693 36.425 51.395
43.198 35.286 54.022
45.961 37.538 52.753
43.708 40.619 53.054
42.718 39.653 56.617
46.397 39.103 57.430
47.374 42.601 56.279
44.699 44.127 58.449
45.589 42.015 61.418
49.274 42.914 61.133
48.376 46.631 61.021
45.939 46.237 64.000
47.599 43.831 66.371
45.267 42.373 69.031
42.150 43.577 67.195
41.388 40.746 64.721
40.321 37.320 65.886
39.406 34.441 63.551
37.224 31.579 64.799
36.272 28.331 63.117
37.193 29.394 59.596
39.585 26.474 58.909
42.470 28.897 58.593
45.254 30.373 60.751
45.826 34.020 59.823
49.276 35.477 60.721
48.787 38.487 62.966
45.325 37.354 64.178
44.700 34.924 66.984
43.052 32.101 65.099
40.980 29.208 66.449
40.646 26.134 64.266
38.471 23.138 65.088
39.300 19.655 63.793
36.639 19.282 61.130
38.708 16.837 59.082
38.757 14.512 62.108
35.119 14.967 62.865
34.160 14.315 59.261
36.293 11.136 59.094
34.738 9.970 62.353
31.157 10.618 61.181
31.826 8.853 57.897
33.399 5.860 59.799
30.214 5.754 61.898
28.202 5.524 58.742
30.399 2.834 57.168
30.080 0.878 60.437
26.269 0.952 60.180
26.766 -0.863 56.796
26.444 2.070 54.383
28.433 1.763 51.175
26.977 4.170 48.565
27.494 7.756 49.730
26.138 11.076 48.634
28.199 14.075 49.687
26.883 17.616 49.870
28.973 20.745 50.334
28.308 24.431 50.581
31.283 25.033 48.381
32.134 24.244 44.887
33.705 20.889 45.370
36.035 21.020 42.283
37.869 24.173 43.478
38.947 25.817 46.717
35.976 26.175 49.021
34.642 26.725 52.493
34.588 23.295 54.035
37.440 21.787 52.048
38.922 20.061 55.229
35.612 18.144 55.179
35.752 17.425 51.409
39.301 16.066 51.844
38.089 13.919 54.737
35.378 12.543 52.511
37.744 11.722 49.649
40.250 10.160 52.113
37.505 8.076 53.686
36.295 6.774 50.311
39.897 5.933 49.282
40.574 4.186 52.682
37.595 1.823 51.978
38.193 1.526 48.255
34.772 3.034 47.561
34.264 4.532 44.062
33.126 8.113 44.299
29.863 8.439 42.335
30.035 11.876 40.745
26.267 11.905 40.285
25.908 11.813 44.158
28.038 14.877 44.738
26.204 18.172 45.326
27.885 21.459 45.608
26.762 24.953 46.651
23.984 23.601 48.783
23.272 25.795 51.801
19.654 26.006 52.777
16.756 23.734 53.668
15.047 24.625 50.371
18.185 23.543 48.482
18.276 20.410 50.551
14.654 19.702 49.561
15.749 19.757 45.910
18.639 17.359 46.644
16.347 15.043 48.539
13.722 15.060 45.821
16.385 14.052 43.296
17.725 11.278 45.563
14.201 9.998 46.236
13.607 9.769 42.455
16.409 7.248 42.086
15.992 3.531 41.537
16.907 1.613 44.673
20.086 0.203 43.069
21.592 3.697 42.308
20.156 5.513 45.378
22.703 6.278 48.123
22.672 4.440 51.420
23.692 7.577 53.279
23.989 11.327 52.704
26.625 13.527 54.304
24.911 16.898 54.258
27.444 19.277 55.825
24.582 21.228 57.396
21.578 20.656 59.627
19.592 23.135 57.495
20.317 21.036 54.431
19.563 17.811 56.303
16.107 18.922 57.362
15.261 19.706 53.741
16.734 16.457 52.398
14.822 14.384 54.946
11.568 16.184 54.287
11.710 15.335 50.553
12.705 11.735 51.243
9.738 11.250 53.602
7.402 12.929 51.098
8.416 10.180 48.637
7.973 7.344 51.119
11.702 6.837 51.347
12.521 5.606 54.860
15.038 7.534 56.961
17.334 5.978 58.059
16.378 2.535 56.770
16.458 3.379 53.063
18.718 6.451 53.241
20.560 7.607 56.377
21.069 11.373 56.653
23.993 12.872 58.616
23.639 16.540 59.650
26.348 19.005 60.637
26.471 21.504 63.522
23.801 20.367 66.041
21.777 23.478 65.465
18.891 24.406 67.822
16.267 22.635 65.761
18.304 19.410 65.279
16.757 17.455 68.227
13.298 18.719 67.197
13.408 17.644 63.598
10.824 15.225 62.177
13.526 12.575 62.234
15.769 13.937 65.039
19.175 14.596 63.512
22.252 12.533 63.890
24.889 15.239 63.414
28.315 16.613 64.211
28.026 18.852 67.240
29.947 22.086 67.184
30.739 23.555 70.619
29.172 26.958 69.923
29.276 28.305 73.504
32.858 27.172 74.093
34.209 28.554 70.843
32.394 31.813 71.418
33.934 32.139 74.891
37.366 31.364 73.484
37.068 33.872 70.682
35.730 36.507 73.010
38.572 35.983 75.471
41.172 36.171 72.725
39.759 39.436 71.545
39.472 40.951 75.011
43.036 39.903 75.791
44.235 41.578 72.594
42.298 44.707 73.483
43.997 44.825 76.922
40.768 44.251 78.740
41.432 40.755 80.036
44.409 39.043 81.657
45.913 35.881 80.227
44.677 32.534 81.532
37.378 22.854 71.729
35.934 19.444 70.729
33.642 18.379 67.935
31.461 15.381 68.867
29.163 13.008 67.072
25.605 13.337 68.286
23.572 10.206 67.511
19.846 10.563 67.268
17.458 9.045 64.700
18.326 10.209 61.168
21.463 8.083 60.959
