76.256 11.771 89.530
78.825 12.347 92.303
82.362 13.119 91.071
83.674 9.664 92.016
80.996 7.984 89.836
81.569 10.448 86.922
85.310 9.699 87.005
85.534 5.984 87.930
82.196 4.237 87.149
83.078 2.583 83.858
81.402 2.140 80.500
80.176 4.169 77.572
78.086 4.425 74.434
80.234 4.115 71.323
79.266 3.183 67.757
76.389 1.319 66.117
76.069 -2.256 64.897
75.391 -3.252 61.268
71.610 -2.755 61.692
72.231 0.678 63.307
71.563 -0.371 66.922
73.604 1.657 69.441
76.465 -0.173 71.156
77.313 0.166 74.857
80.609 -1.045 76.362
80.372 -2.286 79.927
83.952 -2.401 81.274
83.317 -4.696 84.250
86.844 -6.103 84.728
88.410 -2.672 85.317
85.620 -1.491 87.643
86.399 -0.920 91.341
82.874 -1.401 92.739
84.195 -1.680 96.303
85.925 1.723 96.074
82.801 3.187 94.460
80.491 1.875 97.195
82.844 3.157 99.919
82.757 6.620 98.212
79.085 6.879 97.114
75.699 5.184 97.476
74.157 2.040 95.961
71.356 4.413 94.905
73.719 6.614 92.855
75.434 3.544 91.259
72.009 2.164 90.261
70.863 5.590 88.983
73.992 5.811 86.804
73.049 2.442 85.254
69.401 3.453 84.745
70.708 6.639 83.064
72.627 4.442 80.614
69.368 2.558 79.789
67.527 5.823 79.119
70.447 7.201 77.031
70.414 4.025 74.913
66.642 4.298 74.387
66.997 7.946 73.313
69.759 6.865 70.910
67.431 4.149 69.474
64.801 6.838 68.818
67.315 9.149 67.161
68.508 6.241 64.979
64.899 5.416 64.086
64.406 8.995 62.888
67.709 9.070 61.010
67.306 5.714 59.286
63.535 5.800 58.628
63.006 2.372 60.229
62.436 1.168 63.777
65.520 0.604 65.906
64.271 -1.117 69.056
67.339 -2.485 70.910
70.961 -1.897 71.847
73.977 -4.200 71.640
75.970 -4.560 74.882
79.616 -5.673 75.078
80.929 -6.866 78.465
84.686 -6.613 78.859
85.779 -8.986 81.607
89.540 -8.253 81.473
90.678 -7.866 85.081
87.756 -9.694 86.692
88.972 -10.747 90.136
87.920 -12.249 93.458
87.805 -8.593 94.471
84.674 -8.138 92.256
82.809 -10.802 94.270
82.573 -8.594 97.400
79.007 -9.333 98.487
77.722 -5.716 98.570
79.085 -5.111 95.014
77.395 -8.268 93.742
74.114 -7.076 95.233
74.459 -3.978 92.963
74.587 -6.021 89.820
71.839 -8.349 91.003
69.508 -5.425 91.771
70.391 -3.797 88.477
69.567 -6.932 86.453
66.189 -7.128 88.323
65.474 -3.476 87.483
66.459 -4.079 83.821
64.024 -6.956 83.379
61.165 -5.123 85.168
61.626 -1.725 83.518
63.481 -2.261 80.198
62.164 -5.590 78.854
63.536 -6.746 75.507
65.883 -3.798 74.996
69.136 -5.765 74.362
69.803 -7.587 71.092
72.843 -9.482 72.394
75.127 -9.514 75.431
78.611 -10.160 74.093
81.217 -11.287 76.633
84.915 -10.745 75.810
88.165 -11.543 77.606
86.471 -13.803 80.169
89.059 -15.155 82.666
88.905 -18.474 84.579
86.766 -16.850 87.287
83.940 -15.943 84.880
81.717 -19.047 85.429
81.721 -18.509 89.195
81.019 -14.778 88.821
78.273 -15.342 86.252
76.553 -17.878 88.518
75.944 -15.096 91.056
73.876 -12.960 88.653
72.312 -15.463 86.266
69.116 -16.021 88.298
68.410 -12.234 88.172
68.175 -12.132 84.387
65.315 -13.626 82.333
65.787 -16.802 80.292
65.330 -14.713 77.122
68.187 -12.393 78.194
70.371 -15.387 79.101
69.733 -16.894 75.655
71.178 -13.701 74.084
74.572 -14.091 75.814
77.467 -14.787 73.450
80.874 -15.687 74.911
83.788 -14.947 72.512
87.171 -16.681 72.563
90.776 -15.816 71.677
89.649 -14.542 68.273
87.203 -12.047 69.827
88.486 -9.016 67.883
87.700 -10.716 64.570
84.478 -12.242 65.928
83.214 -8.794 67.107
83.337 -7.572 63.516
80.557 -10.061 62.666
78.326 -7.778 64.840
79.876 -4.298 64.401
81.774 -2.620 61.544
85.517 -1.982 62.255
84.916 1.721 61.612
82.241 1.706 64.388
84.570 -0.057 66.933
87.387 1.404 68.994
90.900 0.242 68.070
91.021 -1.150 71.677
88.278 -3.624 70.654
89.578 -4.463 67.180
88.273 -1.570 65.081
89.601 1.707 63.711
87.905 4.376 65.864
90.059 6.619 68.030
89.748 9.774 70.106
90.628 13.022 68.290
94.177 12.739 69.746
94.496 9.163 68.378
93.879 7.345 71.674
92.767 3.778 70.714
90.544 3.501 73.811
88.080 6.255 72.723
88.191 7.815 76.244
85.976 10.681 75.104
83.154 8.076 74.887
84.155 5.173 77.155
85.245 5.280 80.797
87.649 2.485 81.805
87.189 2.694 85.586
90.314 1.896 87.570
91.115 2.011 91.275
89.261 4.744 93.149
91.756 6.910 95.055
91.420 6.576 98.804
90.780 10.354 99.025
87.220 9.717 97.737
86.277 7.220 100.460
83.589 8.275 102.920
83.801 5.028 104.916
85.747 1.717 104.826
82.994 -0.839 105.400
79.218 -1.022 104.968
