30.484 -26.388 208.167
33.397 -26.220 205.713
32.334 -22.779 204.421
34.751 -19.970 205.305
34.240 -16.203 205.213
36.533 -13.246 205.676
36.754 -10.816 207.246
34.628 -11.860 210.263
34.191 -8.157 211.137
34.454 -4.986 209.069
34.104 -1.340 210.024
33.966 1.228 207.214
33.091 4.813 206.538
30.010 5.566 204.467
30.599 6.356 200.810
33.391 3.809 200.369
33.670 0.371 198.777
34.088 -2.817 200.801
34.776 -6.380 199.636
33.977 -9.652 201.442
35.025 -13.148 200.524
33.489 -16.593 200.797
35.339 -19.899 200.328
32.710 -22.609 199.898
33.036 -26.315 200.520
35.329 -27.876 197.902
33.443 -29.267 194.890
30.213 -27.387 195.718
28.751 -26.101 192.453
26.293 -23.633 193.977
26.984 -20.503 196.021
24.538 -18.107 197.692
24.823 -14.748 199.409
22.298 -13.498 201.996
22.018 -10.371 204.180
20.657 -10.366 207.712
19.882 -7.049 209.428
19.220 -6.573 213.152
16.394 -8.814 214.422
15.248 -10.379 211.126
15.415 -13.417 208.848
18.162 -13.553 206.216
17.298 -12.088 202.826
18.640 -13.452 199.545
21.156 -11.360 197.591
22.591 -13.482 194.770
23.213 -16.996 193.441
25.954 -18.601 191.350
25.933 -21.892 189.499
29.635 -22.416 188.810
30.857 -18.982 187.584
27.444 -17.782 186.353
25.331 -15.376 188.387
21.805 -16.719 187.674
19.614 -14.934 190.233
19.865 -11.567 191.969
17.493 -9.796 194.334
15.499 -7.067 192.560
15.432 -5.011 195.772
19.181 -4.322 195.442
21.061 -1.929 193.182
24.028 -1.877 190.799
26.328 -0.887 193.696
26.315 -4.509 194.951
28.734 -6.484 192.752
29.387 -10.194 193.246
31.839 -12.416 191.370
32.915 -16.054 191.437
35.615 -15.999 188.806
36.858 -19.612 188.997
33.596 -21.158 190.191
35.200 -21.507 193.626
35.576 -18.535 196.001
33.234 -15.601 195.635
33.604 -11.940 196.454
30.785 -9.567 197.313
31.610 -5.881 196.836
29.353 -3.212 198.214
30.096 0.078 196.491
29.102 3.437 197.967
28.296 2.044 201.384
25.425 3.480 203.430
24.580 3.064 207.102
21.602 0.891 206.053
24.085 -1.715 204.732
25.137 -2.562 208.298
24.242 -6.245 208.598
25.610 -9.761 208.691
26.519 -11.036 205.225
26.193 -14.800 204.990
27.512 -17.111 202.309
26.201 -20.631 201.721
27.089 -23.413 199.322
25.465 -26.610 198.091
26.934 -29.536 196.204
24.241 -29.498 193.498
21.181 -27.546 194.685
20.052 -29.409 197.816
21.192 -28.675 201.411
22.806 -25.263 201.855
25.716 -25.055 204.256
26.282 -21.629 205.783
29.499 -19.811 206.595
30.175 -17.891 209.835
29.389 -14.511 208.233
30.945 -11.088 207.848
29.530 -8.523 210.255
29.614 -5.093 208.618
29.107 -1.790 210.378
29.035 1.295 208.175
29.747 4.407 210.256
29.166 8.094 209.482
