2.818 -11.456 40.933
5.781 -12.673 38.848
9.489 -12.806 39.867
8.641 -11.495 43.323
9.583 -12.238 46.980
6.724 -10.134 48.421
3.351 -10.077 46.634
0.935 -7.705 48.301
-2.697 -7.487 47.332
-4.234 -4.073 46.586
-0.779 -3.628 45.005
1.858 -5.235 42.795
5.232 -6.601 43.851
6.922 -4.955 46.869
10.391 -6.599 46.740
11.812 -8.572 43.813
14.130 -11.579 43.470
17.794 -10.697 43.779
18.750 -10.071 40.106
15.452 -8.632 38.726
14.552 -4.941 38.288
11.666 -3.336 40.136
9.425 -1.237 37.951
6.402 0.769 38.920
3.531 0.260 36.486
0.756 2.869 36.458
-2.639 1.371 35.552
-4.302 4.754 36.219
-5.623 4.943 39.796
-3.723 2.079 41.444
-0.007 1.546 40.685
1.674 -1.894 40.659
5.243 -3.172 41.079
6.737 -5.643 38.583
9.995 -7.502 38.405
11.594 -7.350 34.931
14.773 -8.908 33.459
15.444 -5.608 31.645
13.762 -2.282 31.852
10.969 -1.241 29.492
11.651 1.224 26.641
12.362 4.733 27.967
13.969 3.384 31.157
17.326 2.039 32.280
17.948 -0.627 34.917
19.944 0.427 37.940
21.519 -2.190 40.146
22.331 -1.851 43.814
23.131 -4.467 46.472
19.446 -4.931 47.470
17.321 -3.095 44.949
17.478 -2.998 41.272
15.078 -0.482 39.751
13.905 0.899 36.446
14.635 4.619 36.321
13.265 6.723 33.436
15.607 8.235 30.862
15.570 12.020 31.232
17.870 12.789 28.289
16.243 15.210 25.873
15.221 13.815 22.493
16.130 10.290 23.592
14.022 7.097 23.452
16.331 4.593 25.167
19.367 4.770 27.323
22.116 2.832 28.992
22.512 5.267 31.826
21.047 8.517 33.184
23.109 10.615 30.723
23.907 8.029 27.951
21.403 7.645 25.176
21.232 4.489 23.127
18.529 5.506 20.580
17.127 8.988 19.983
13.658 10.035 18.959
12.591 10.226 15.328
14.476 12.948 13.419
17.360 13.386 15.907
20.978 12.286 15.511
22.895 10.196 18.067
26.406 11.363 18.968
28.371 10.196 22.065
25.022 9.291 23.669
23.534 12.775 23.145
20.717 13.610 20.743
21.164 16.458 18.320
19.215 18.200 15.536
22.308 19.488 13.746
25.194 17.051 13.881
27.948 19.469 15.217
30.997 20.483 13.056
33.983 18.100 12.855
31.627 15.307 11.731
28.480 15.541 9.590
25.188 13.578 9.814
24.751 10.080 8.281
21.155 9.189 7.378
20.891 5.359 7.020
21.136 5.035 10.874
20.311 8.568 12.149
23.784 8.719 13.743
27.057 10.707 13.332
