18.490 29.776 -2.775
18.250 28.856 -6.467
19.760 25.562 -7.660
20.506 24.614 -11.278
20.278 20.763 -11.589
22.236 19.453 -14.630
21.797 15.759 -15.495
20.423 13.831 -18.512
18.660 11.305 -16.148
15.094 12.777 -16.060
14.066 10.283 -13.316
16.902 11.572 -11.063
16.265 15.304 -11.809
12.478 14.918 -11.074
13.262 13.102 -7.758
15.949 15.643 -6.726
13.764 18.634 -7.729
10.967 17.335 -5.415
13.456 16.573 -2.565
15.157 20.005 -2.804
11.863 21.977 -3.160
10.626 20.208 0.020
13.913 21.461 1.662
12.964 25.080 0.671
15.050 25.526 -2.504
14.033 26.968 -5.913
15.124 24.341 -8.489
15.574 24.665 -12.288
16.617 21.711 -14.468
18.959 21.319 -17.517
19.333 17.952 -19.254
22.744 18.630 -20.927
25.737 20.997 -20.707
24.506 23.324 -23.525
21.147 23.857 -21.774
23.080 24.430 -18.467
25.173 27.249 -20.036
21.952 28.766 -21.508
20.333 28.779 -18.019
23.413 29.953 -16.038
23.213 33.579 -14.906
23.800 35.598 -11.673
20.438 34.334 -10.174
21.926 30.787 -9.761
23.327 30.143 -6.250
24.569 26.613 -6.924
24.937 24.022 -9.693
24.584 20.232 -9.233
26.490 18.890 -12.220
26.727 15.457 -13.808
29.684 14.377 -16.006
28.490 11.886 -18.708
25.812 13.743 -20.708
25.018 14.113 -24.453
25.816 17.382 -26.453
28.252 18.800 -23.809
29.620 16.732 -20.890
30.002 18.118 -17.344
33.787 18.534 -17.496
33.498 20.763 -20.621
30.469 22.557 -19.046
32.519 23.227 -15.875
35.510 24.560 -17.893
33.235 26.860 -19.952
31.198 28.191 -16.997
34.393 28.920 -14.935
35.541 31.371 -17.665
32.640 33.756 -16.698
31.071 32.520 -13.419
32.382 31.732 -9.916
28.993 30.075 -9.063
29.390 27.220 -6.493
29.482 23.804 -8.227
28.963 20.307 -6.761
29.731 17.458 -9.209
27.074 14.711 -8.742
27.918 11.768 -10.963
28.418 7.987 -11.308
32.111 8.816 -12.147
33.188 8.385 -8.559
36.797 7.104 -8.559
39.427 9.009 -6.510
41.031 10.133 -9.849
37.632 11.462 -11.157
37.020 13.328 -7.859
40.453 15.099 -7.958
39.903 15.973 -11.677
36.502 17.633 -10.953
37.842 19.661 -7.985
40.965 20.788 -9.905
38.855 21.915 -12.903
36.798 24.268 -10.664
34.234 22.312 -8.648
33.743 23.074 -5.000
32.639 19.572 -4.055
32.246 16.180 -5.694
29.715 13.617 -4.580
29.629 10.201 -6.342
26.375 8.365 -7.219
24.828 6.325 -5.462
24.691 9.064 -2.842
22.937 9.493 0.506
20.048 12.183 0.128
20.861 13.622 3.582
24.573 14.045 2.809
23.748 15.785 -0.503
21.354 18.229 1.315
23.995 18.877 4.052
26.741 19.571 1.391
24.375 21.962 -0.480
23.615 23.715 2.838
27.349 23.877 3.828
28.384 25.571 0.549
25.405 28.004 0.590
26.129 28.868 4.258
29.684 29.946 3.171
28.254 31.913 0.185
25.868 33.718 2.570
28.791 34.605 4.963
30.751 36.092 1.963
27.622 38.041 0.773
27.049 39.494 4.311
