8.592 14.852 -45.076
10.917 11.962 -46.025
8.869 8.856 -47.063
12.021 6.676 -47.171
12.574 7.249 -43.415
11.001 3.821 -42.927
14.669 2.627 -43.145
15.699 4.573 -40.015
16.330 2.099 -37.106
13.920 4.040 -34.796
11.080 3.863 -37.258
9.658 0.515 -36.078
9.470 1.692 -32.478
7.902 4.989 -33.578
5.286 3.134 -35.642
4.350 0.794 -32.758
3.838 3.731 -30.423
1.923 5.713 -33.062
-0.487 2.950 -33.903
-3.364 3.299 -36.362
-3.209 6.982 -37.371
0.595 7.024 -37.768
0.947 9.919 -35.264
1.812 9.974 -31.573
-0.604 11.709 -29.173
0.282 12.576 -25.565
-1.484 9.472 -24.175
0.492 7.228 -26.485
3.658 9.125 -25.542
2.843 8.736 -21.819
2.593 4.967 -22.231
5.841 4.924 -24.274
7.924 6.918 -21.840
6.504 5.008 -18.851
7.338 1.604 -20.394
10.738 2.932 -21.559
11.580 3.306 -17.830
13.603 6.506 -18.436
12.162 8.227 -15.366
12.930 5.090 -13.311
10.623 3.629 -10.656
7.023 2.523 -11.190
5.064 5.812 -11.372
3.693 6.850 -14.758
5.814 9.338 -16.711
3.963 12.650 -16.070
1.325 13.268 -18.784
1.807 17.020 -18.463
5.485 16.562 -19.436
4.293 14.551 -22.487
1.821 17.297 -23.451
4.529 19.986 -23.149
6.892 17.921 -25.312
4.305 17.223 -28.050
3.473 20.942 -28.106
6.981 22.283 -28.088
8.478 19.895 -30.627
5.584 20.339 -33.068
6.905 21.368 -36.519
3.702 21.423 -38.528
1.079 22.678 -36.080
-0.518 19.187 -36.151
-0.773 18.918 -32.321
0.546 15.365 -32.654
4.040 13.906 -32.845
5.423 12.493 -36.108
8.552 10.551 -36.775
11.070 13.450 -37.045
9.523 15.044 -33.936
9.872 11.674 -32.125
13.485 11.436 -33.204
14.104 14.903 -31.771
12.238 13.971 -28.592
14.901 11.393 -27.739
17.755 13.836 -28.196
15.879 16.339 -25.988
15.241 13.709 -23.296
18.907 12.740 -23.403
19.857 16.385 -22.868
17.482 16.724 -19.917
18.777 13.476 -18.419
22.319 14.856 -18.480
21.118 18.146 -16.984
19.207 16.249 -14.238
22.066 13.897 -13.356
24.371 16.934 -13.176
22.322 18.782 -10.535
21.614 15.595 -8.557
24.906 16.011 -6.729
24.129 13.441 -4.011
23.072 10.887 -6.698
19.674 10.235 -5.041
17.932 9.939 -8.436
15.933 13.012 -7.398
16.509 16.778 -7.392
15.842 18.346 -4.005
14.906 22.013 -3.453
18.518 23.093 -2.839
19.641 21.217 -5.980
16.779 22.800 -7.930
17.773 26.313 -6.807
21.266 25.749 -8.250
19.925 24.271 -11.475
17.574 27.199 -12.075
20.236 29.805 -11.189
22.688 28.088 -13.556
20.053 28.244 -16.327
19.906 32.017 -15.783
16.623 32.211 -13.841
16.463 34.846 -11.103
13.895 33.625 -8.628
12.939 34.175 -5.014
14.489 31.298 -3.057
11.203 30.850 -1.117
9.368 30.549 -4.444
11.853 27.898 -5.655
11.220 25.921 -2.479
7.447 26.175 -3.026
7.795 25.154 -6.681
9.904 22.123 -5.692
7.141 20.968 -3.316
4.501 21.547 -6.015
6.413 19.094 -8.313
7.124 16.377 -5.795
5.642 14.523 -2.849
8.399 15.444 -0.364
10.600 18.012 -2.140
12.428 15.200 -4.055
11.730 15.826 -7.768
11.754 12.933 -10.248
13.075 13.306 -13.827
9.701 13.686 -15.562
8.644 16.429 -13.117
12.027 18.203 -13.358
11.470 18.631 -17.093
7.858 19.880 -16.593
8.908 22.396 -13.950
11.875 23.801 -15.856
10.028 23.970 -19.210
6.969 25.677 -17.681
9.205 28.210 -15.896
10.998 29.024 -19.151
7.742 29.306 -21.098
6.117 31.634 -18.520
9.303 33.735 -18.149
9.515 34.028 -21.950
5.863 35.104 -22.161
6.414 37.718 -19.440
9.596 39.039 -21.104
7.843 39.460 -24.478
5.154 41.607 -22.819
7.656 43.559 -20.737
8.665 45.973 -23.519
10.309 48.463 -21.128
12.155 45.589 -19.450
10.930 46.927 -16.092
10.009 43.538 -14.531
6.300 44.431 -14.420
3.573 43.536 -16.981
0.056 44.881 -17.341
-2.040 41.785 -18.044
-5.572 42.157 -19.314
-7.583 39.175 -18.078
-7.966 37.526 -21.533
-4.229 37.671 -22.167
-3.439 36.377 -18.653
-5.798 33.359 -18.947
-4.833 32.316 -22.475
-1.134 32.654 -21.651
-1.144 30.731 -18.367
-3.695 28.045 -19.351
-1.581 27.164 -22.421
1.356 25.665 -20.423
19.533 14.567 -5.160
-1.727 7.444 -32.763
3.487 17.382 -35.570
