27.716 -27.950 10.931
25.449 -26.362 8.338
23.660 -28.461 5.680
22.300 -26.546 2.719
19.894 -27.696 0.005
20.818 -25.415 -2.942
18.260 -23.426 -4.788
18.062 -23.296 -8.531
15.779 -22.574 -11.499
14.690 -24.009 -14.693
12.048 -24.307 -17.417
8.961 -26.378 -17.366
9.837 -29.924 -18.462
13.622 -29.500 -17.680
15.981 -31.397 -15.398
17.563 -29.117 -12.731
20.277 -29.964 -10.263
19.938 -29.310 -6.522
23.244 -29.693 -4.550
23.354 -30.707 -0.912
26.327 -28.946 0.712
28.023 -29.411 4.119
29.832 -26.367 5.693
31.709 -26.383 8.967
32.211 -30.068 8.868
33.927 -31.245 12.123
37.572 -31.997 11.442
37.238 -35.125 13.578
34.841 -36.476 10.952
31.256 -37.479 10.291
31.109 -41.313 10.667
27.434 -41.858 9.646
24.505 -39.761 8.516
21.149 -39.936 6.868
19.580 -37.063 4.951
15.949 -36.955 3.624
14.424 -34.238 1.422
10.712 -33.913 0.651
9.064 -32.287 -2.355
5.600 -32.160 -3.973
5.710 -34.815 -6.735
3.172 -32.768 -8.775
5.797 -30.098 -9.064
9.104 -31.997 -9.412
10.210 -35.653 -9.404
13.633 -37.218 -8.890
15.378 -38.315 -12.080
18.570 -39.461 -10.278
20.762 -38.737 -7.283
24.535 -38.349 -7.702
27.147 -38.640 -4.981
29.221 -35.527 -4.587
32.991 -35.131 -4.199
32.750 -35.698 -0.439
32.083 -39.354 -1.203
35.423 -41.113 -1.727
34.066 -44.630 -2.177
30.639 -45.653 -3.419
30.382 -48.517 -0.918
29.903 -45.860 1.760
26.931 -44.062 0.133
23.381 -45.353 -0.465
20.337 -43.601 -1.957
16.666 -44.180 -2.453
13.809 -42.059 -3.664
10.031 -42.536 -3.915
8.385 -40.099 -6.223
4.777 -41.050 -5.297
5.476 -40.286 -1.637
7.615 -37.185 -2.358
10.939 -38.011 -0.813
14.605 -38.797 -1.501
16.930 -40.264 1.091
20.709 -40.693 1.265
22.973 -42.387 3.797
26.702 -42.272 4.515
28.505 -44.942 6.543
32.295 -44.562 6.817
34.251 -47.773 6.943
34.999 -49.118 10.375
38.615 -47.951 10.274
37.642 -44.403 9.366
39.981 -44.706 6.341
37.349 -42.661 4.558
35.461 -40.070 6.620
33.728 -36.815 5.834
35.926 -34.256 7.556
35.990 -31.324 5.117
33.408 -29.031 3.481
31.830 -29.512 0.107
29.130 -31.194 -1.937
27.651 -34.370 -0.370
25.190 -35.169 -3.221
23.176 -33.622 -5.930
19.551 -34.443 -6.780
18.557 -34.152 -10.407
14.885 -33.119 -10.420
12.542 -33.176 -13.447
10.349 -29.994 -13.301
6.748 -30.782 -14.296
5.813 -30.071 -17.932
2.923 -28.108 -16.395
5.050 -25.757 -14.283
4.328 -22.028 -14.776
6.709 -19.185 -14.626
7.096 -17.791 -11.007
6.079 -20.949 -9.180
8.315 -21.909 -6.245
8.810 -25.540 -5.315
10.280 -26.002 -1.866
12.796 -28.827 -1.372
12.751 -29.432 2.338
14.871 -31.210 4.916
13.013 -33.846 6.880
14.255 -33.669 10.459
12.609 -36.985 11.460
14.751 -38.936 8.991
17.922 -36.855 9.010
20.725 -37.311 11.582
24.557 -36.948 11.743
27.048 -38.877 13.927
30.609 -38.439 14.972
30.803 -42.140 15.859
28.422 -45.061 16.387
27.216 -43.561 19.737
28.025 -39.867 19.552
25.451 -37.792 17.635
26.095 -34.322 16.184
23.215 -32.624 18.027
23.685 -28.989 16.855
23.495 -29.360 13.124
21.500 -26.674 11.331
19.433 -27.557 8.235
18.852 -24.853 5.466
16.289 -25.663 2.674
16.116 -24.781 -0.954
13.737 -23.702 -3.691
13.345 -24.454 -7.462
11.990 -21.418 -9.310
10.305 -21.804 -12.626
11.592 -19.540 -15.342
10.482 -18.783 -18.816
