-27.334 8.110 -53.937
-30.821 8.448 -52.433
-29.863 6.086 -49.600
-26.809 8.121 -48.577
-26.455 11.671 -47.167
-25.938 14.460 -49.707
-22.398 15.505 -50.602
-21.090 18.088 -53.103
-20.075 16.410 -56.368
-18.873 19.665 -57.944
-16.596 22.344 -56.492
-19.375 24.872 -57.148
-21.735 22.862 -54.945
-19.327 23.271 -52.030
-20.869 26.711 -51.445
-23.868 24.962 -49.883
-21.557 23.502 -47.237
-19.712 26.764 -46.600
-22.857 28.742 -45.799
-24.561 26.092 -43.662
-23.338 27.788 -40.487
-24.798 26.261 -37.322
-23.358 28.968 -35.074
-22.157 32.329 -36.377
-19.024 33.971 -34.992
-21.077 36.852 -33.613
-22.794 34.400 -31.256
-20.324 34.740 -28.386
-20.485 32.208 -25.560
-21.507 33.324 -22.067
-18.005 32.790 -20.656
-16.372 34.561 -23.605
-14.000 37.380 -22.537
-15.708 39.697 -25.037
-19.286 38.864 -24.061
-19.818 42.382 -22.693
-17.521 44.062 -25.213
-19.722 45.935 -27.692
-16.676 47.116 -29.639
-15.533 43.506 -30.026
-19.045 42.360 -30.954
-19.064 44.935 -33.750
-15.953 43.346 -35.256
-17.295 39.813 -34.829
-20.462 40.834 -36.671
-18.329 42.466 -39.367
-16.348 39.294 -40.084
-19.589 37.322 -40.273
-21.035 39.625 -42.935
-17.786 39.521 -44.917
-17.731 35.715 -44.823
-21.414 35.451 -45.744
-20.749 37.611 -48.792
-18.142 35.207 -50.144
-19.000 33.247 -53.287
-17.112 30.669 -55.358
-14.882 32.237 -58.000
-14.693 35.562 -56.183
-11.370 36.479 -54.523
-11.206 36.747 -50.726
-11.627 40.443 -49.778
-8.781 42.217 -47.984
-9.392 42.900 -44.295
-8.126 46.025 -42.535
-7.295 44.793 -39.039
-7.314 47.372 -36.248
-4.303 48.250 -34.089
-5.629 46.218 -31.150
-6.145 43.174 -33.365
-2.642 43.447 -34.823
-1.161 43.828 -31.340
-3.048 40.722 -30.230
-1.673 38.881 -33.263
1.824 40.123 -32.449
1.777 38.675 -28.938
0.687 35.274 -30.253
3.234 35.454 -33.075
6.193 36.073 -30.751
5.430 33.662 -27.904
4.913 30.822 -30.384
8.018 31.614 -32.454
10.105 30.966 -29.337
8.942 27.346 -29.271
8.656 26.473 -32.968
12.312 25.645 -33.687
12.237 23.136 -30.812
8.626 21.927 -30.904
7.336 22.253 -34.475
7.991 19.551 -37.073
10.373 19.857 -40.027
7.482 20.584 -42.389
6.453 23.569 -40.267
9.946 25.056 -40.078
10.322 24.626 -43.843
7.166 26.505 -44.840
7.003 29.126 -42.086
9.863 31.254 -43.466
8.190 30.999 -46.879
4.995 32.339 -45.317
6.983 35.245 -43.884
8.292 36.034 -47.367
5.201 35.584 -49.544
2.273 35.958 -47.139
3.752 38.529 -44.768
3.852 36.524 -41.544
5.019 39.271 -39.186
4.179 40.499 -35.688
3.165 43.897 -37.070
0.957 42.544 -39.859
-1.928 40.071 -39.980
-1.759 37.889 -43.136
-4.643 38.014 -45.622
-6.457 34.845 -46.699
-6.215 35.694 -50.405
-2.422 35.667 -50.162
-2.473 32.412 -48.210
-4.885 30.756 -50.655
-2.706 31.523 -53.682
0.312 30.378 -51.685
-1.231 27.030 -50.747
-2.739 26.422 -54.196
0.620 26.961 -55.886
2.410 24.702 -53.398
-0.008 21.930 -52.381
-3.228 22.707 -54.244
-5.014 23.631 -51.025
-7.197 26.743 -50.827
-8.831 28.627 -47.975
-12.343 30.004 -47.615
-13.682 32.514 -45.103
-16.350 30.932 -42.898
-18.994 32.836 -40.918
-18.904 30.391 -38.013
-19.149 26.726 -37.079
-20.033 24.160 -39.734
-21.172 20.594 -39.134
-18.347 18.020 -39.206
-19.887 16.681 -42.423
-19.729 20.073 -44.140
-16.240 20.955 -42.916
-14.800 17.583 -43.936
-16.548 17.875 -47.300
-14.345 20.911 -47.863
-11.196 18.882 -47.240
-12.268 16.481 -50.005
-11.682 19.379 -52.404
-8.580 20.463 -50.470
-10.523 23.476 -49.237
-9.971 24.591 -45.648
-12.609 26.888 -44.159
-10.919 29.609 -42.111
-12.099 32.259 -39.674
-10.949 35.866 -40.066
-11.682 37.319 -36.635
-9.049 37.882 -33.951
-9.403 36.561 -30.400
-10.268 39.023 -27.627
-7.311 41.249 -26.779
-7.733 40.797 -23.030
-5.772 37.542 -23.138
-3.885 36.814 -26.407
-2.455 33.565 -25.008
-5.936 32.047 -24.714
-8.858 31.321 -27.039
-11.994 29.154 -26.633
-12.590 29.273 -30.385
-10.521 28.897 -33.584
-9.670 32.500 -34.487
-7.601 33.480 -37.523
-4.426 33.384 -35.422
-5.078 29.678 -34.902
-5.695 29.094 -38.608
-2.667 30.988 -39.917
-0.146 29.825 -37.309
-1.557 26.340 -36.803
-3.074 24.927 -39.980
-1.599 26.933 -42.869
2.103 26.045 -42.497
1.238 22.336 -42.768
-1.328 22.769 -45.541
1.580 23.927 -47.703
3.058 20.433 -47.413
1.886 18.063 -50.207
2.020 14.854 -48.149
-0.015 16.516 -45.405
-2.499 17.932 -47.917
-3.110 14.448 -49.320
-3.573 13.175 -45.766
-6.108 15.909 -44.971
-7.965 15.223 -48.221
-8.180 11.520 -47.323
-10.359 12.243 -44.292
-12.586 14.430 -46.439
-13.061 11.873 -49.205
-13.899 9.203 -46.632
-16.751 11.320 -45.246
-18.535 11.877 -48.569
-21.820 9.975 -48.428
-20.894 8.384 -45.108
-23.180 7.997 -42.097
-23.196 10.501 -39.234
-21.598 7.886 -36.977
-18.681 7.392 -39.363
-18.365 11.144 -39.949
-18.094 11.652 -36.193
-15.307 9.062 -36.174
-13.404 10.849 -38.938
-13.899 14.107 -37.051
-12.308 12.445 -34.030
-9.401 11.214 -36.153
-9.153 14.768 -37.477
-9.023 15.976 -33.879
-6.178 13.774 -32.641
-4.107 14.327 -35.783
-4.707 17.567 -37.688
-5.686 19.399 -34.506
-3.763 17.567 -31.771
-1.162 15.302 -33.351
2.490 14.420 -32.845
5.025 13.139 -35.376
8.214 11.212 -34.619
11.081 12.653 -36.654
14.557 11.149 -36.199
13.803 9.999 -32.656
12.889 13.504 -31.526
9.222 14.213 -30.820
7.589 17.055 -32.743
4.078 18.504 -32.774
2.192 19.001 -36.034
-1.323 19.408 -34.651
-2.730 22.897 -35.192
-4.230 23.020 -31.702
-0.790 22.331 -30.261
0.959 24.841 -32.523
-1.508 27.485 -31.308
-1.577 26.907 -27.545
1.857 27.723 -26.121
1.074 25.801 -22.934
-0.190 22.555 -24.432
2.616 22.646 -26.994
5.343 22.274 -24.373
3.161 19.785 -22.497
2.711 17.405 -25.434
6.497 17.208 -25.725
7.044 16.963 -21.970
7.443 13.904 -19.744
4.155 14.213 -17.854
2.045 13.496 -20.939
0.633 10.156 -22.086
1.865 9.469 -25.619
0.382 6.760 -27.845
0.372 5.772 -31.519
-2.270 6.828 -34.041
-4.664 3.907 -34.507
-7.758 5.046 -36.506
-10.121 2.389 -35.114
-9.123 3.053 -31.505
-8.428 6.782 -31.789
-11.886 7.509 -33.216
-13.336 6.248 -29.926
-11.196 8.589 -27.816
-12.959 11.520 -26.136
-12.241 14.954 -27.626
-11.649 17.334 -24.710
-12.359 21.002 -25.545
-11.415 21.923 -21.990
-7.665 21.167 -22.225
-5.608 19.140 -21.764
-6.045 15.852 -23.638
-5.778 12.405 -22.020
-3.370 11.128 -24.668
-1.463 12.278 -27.748
-1.180 10.077 -30.828
1.964 9.766 -32.939
2.456 9.089 -36.644
5.816 8.314 -38.251
5.019 10.487 -41.273
2.233 12.055 -43.333
2.624 9.214 -45.818
1.866 6.686 -43.081
-0.892 8.962 -41.801
-2.334 9.013 -45.321
-1.997 5.220 -45.353
-3.874 5.037 -42.049
-6.838 6.951 -43.476
-6.617 5.317 -46.909
-7.104 1.992 -45.141
-9.702 3.212 -42.643
-12.036 4.439 -45.391
-12.619 0.803 -46.352
-14.356 0.233 -43.016
-16.853 3.038 -43.622
-20.060 1.721 -45.176
-21.277 3.195 -48.462
-22.480 1.658 -51.776
-19.637 3.256 -53.726
-16.088 4.563 -53.637
-14.998 8.088 -54.537
-12.261 9.329 -56.854
-11.253 12.992 -56.847
-10.877 14.611 -60.269
-8.350 17.455 -59.820
-8.814 18.705 -63.397
-12.524 19.472 -62.998
-12.483 19.713 -59.186
-15.302 17.192 -58.911
-16.076 13.824 -57.338
-16.115 10.739 -59.555
-18.460 8.064 -58.214
-17.007 4.606 -58.846
-20.254 2.656 -59.222
-19.669 0.697 -62.429
-16.814 -1.177 -64.095
-16.532 1.565 -66.712
-15.371 4.281 -64.321
-13.012 1.819 -62.639
-11.505 0.632 -65.929
-11.118 4.286 -66.899
-9.025 4.902 -63.792
-6.848 1.832 -64.358
-6.213 2.889 -67.961
-4.971 6.284 -66.781
-2.653 4.504 -64.350
-1.307 2.426 -67.241
-0.537 5.674 -69.054
1.184 7.149 -66.003
3.215 3.961 -65.560
4.298 4.397 -69.175
5.662 7.845 -68.332
7.502 6.252 -65.398
9.108 3.805 -67.830
10.082 6.690 -70.123
11.790 8.485 -67.240
13.531 5.236 -66.311
14.767 4.803 -69.887
15.946 8.412 -70.167
17.870 7.948 -66.922
19.644 4.928 -68.414
20.287 6.866 -71.616
22.007 9.810 -69.915
23.204 8.658 -66.484
24.169 5.228 -67.797
22.125 3.275 -65.271
