21.368 -16.582 30.036
23.200 -18.118 27.054
26.759 -17.165 27.971
28.488 -15.444 30.855
32.090 -14.664 31.601
34.097 -12.824 34.241
37.859 -12.339 34.357
39.946 -10.423 36.894
43.389 -8.903 36.310
44.426 -7.712 39.779
47.829 -6.621 38.498
45.728 -3.658 37.382
44.569 -2.748 40.922
46.912 0.241 41.157
45.734 1.706 37.808
42.297 2.585 39.233
42.512 2.937 42.978
41.377 4.789 46.071
43.892 4.090 48.842
41.729 5.497 51.642
38.435 4.236 52.968
39.756 1.337 55.026
42.536 -0.028 57.186
45.398 0.835 54.806
44.871 4.604 55.093
42.349 5.098 57.869
40.436 8.431 57.718
41.492 9.663 61.174
45.160 8.672 60.858
47.664 11.531 60.794
49.579 9.719 58.030
46.522 9.712 55.767
46.473 12.562 53.247
43.440 14.057 51.478
44.808 12.677 48.197
44.453 9.129 49.532
40.662 9.567 49.440
40.510 10.570 45.763
40.447 8.222 42.782
43.720 7.834 40.927
43.778 6.389 37.462
46.472 5.444 35.011
44.631 5.435 31.698
47.577 4.230 29.621
48.087 1.179 31.817
44.333 0.464 32.021
44.147 0.414 28.245
47.058 -2.028 28.103
45.012 -4.524 30.105
42.447 -4.405 27.326
45.123 -4.633 24.621
46.474 -7.761 26.260
43.370 -9.583 27.440
40.168 -8.295 25.824
40.295 -10.320 22.567
40.690 -13.539 24.581
37.834 -12.462 26.871
35.502 -11.793 23.954
36.326 -15.102 22.309
35.859 -17.011 25.574
32.419 -15.424 26.066
31.027 -16.053 22.606
32.432 -19.589 22.409
29.839 -20.533 25.041
26.960 -19.926 22.607
28.117 -20.975 19.075
24.612 -20.651 17.602
24.381 -17.010 18.687
26.473 -14.162 17.337
26.372 -10.411 17.774
24.210 -10.262 14.631
21.412 -12.018 16.606
21.568 -9.429 19.377
19.245 -6.425 19.434
21.221 -4.422 22.012
24.649 -4.137 23.527
24.202 -2.714 27.022
27.505 -1.537 28.451
28.860 -0.213 31.691
29.847 3.342 30.638
32.638 4.774 32.761
33.837 7.084 29.953
33.249 7.795 26.274
36.122 5.432 25.411
34.001 2.304 25.779
31.229 3.752 23.618
33.776 4.990 21.081
35.306 1.516 20.894
31.904 -0.151 20.540
30.734 2.345 17.894
33.796 1.585 15.701
32.908 -2.095 15.976
29.128 -2.395 16.017
26.131 -0.665 14.469
25.205 2.469 16.432
21.572 1.397 16.674
22.606 -1.585 18.804
24.294 0.559 21.439
22.564 1.832 24.557
24.027 5.182 25.583
23.397 6.970 28.883
26.742 8.670 29.715
25.779 11.885 27.892
23.044 12.574 30.469
24.205 10.737 33.609
27.969 10.735 33.426
29.823 7.851 34.996
27.479 6.718 37.776
29.745 3.863 38.852
27.771 0.759 39.888
24.506 2.246 38.664
25.690 2.679 35.054
24.967 -0.814 33.706
21.540 -1.197 35.345
20.589 2.333 34.259
21.482 1.367 30.676
19.449 -1.834 31.059
16.484 0.206 32.310
16.790 2.462 29.263
17.056 -0.507 26.881
13.722 -1.885 28.088
11.752 1.199 29.020
12.839 3.659 26.333
14.406 1.661 23.494
11.909 -1.202 23.385
13.900 -4.323 24.229
11.119 -6.939 24.192
10.736 -10.444 25.605
12.451 -12.870 23.260
15.010 -10.314 22.050
18.634 -11.104 22.809
21.020 -8.625 24.402
24.523 -8.399 25.862
25.540 -6.887 29.195
29.206 -6.019 29.213
31.743 -3.897 31.034
35.183 -3.145 32.443
35.707 -1.994 36.020
38.320 -1.174 38.658
40.157 -4.316 39.699
40.608 -4.703 36.829
37.766 -6.982 35.771
35.890 -7.732 32.554
32.298 -8.989 32.397
29.980 -10.160 29.647
26.645 -11.943 29.397
24.473 -12.906 26.377
20.821 -13.363 27.360
17.297 -13.618 26.051
15.175 -10.997 27.755
