-25.817 26.665 3.706
-26.202 24.146 0.907
-22.821 22.440 1.354
-20.989 21.970 4.637
-18.170 19.593 5.365
-14.506 18.807 5.446
-11.434 18.137 3.369
-10.346 14.482 3.575
-6.631 15.028 3.053
-4.106 12.335 2.189
-4.149 11.582 -1.522
-2.137 14.740 -2.213
0.568 13.928 0.349
4.266 13.629 -0.480
3.660 15.390 -3.753
7.328 15.181 -4.867
6.775 11.490 -5.403
5.449 10.550 -8.867
3.684 8.244 -9.137
4.191 7.525 -5.476
2.862 4.343 -3.959
-0.567 3.946 -2.406
-0.409 3.409 1.403
3.246 4.484 1.488
3.314 7.995 0.032
-0.402 8.817 -0.028
-3.750 7.344 0.858
-7.401 7.705 -0.015
-9.911 8.082 2.805
-11.435 5.189 4.680
-15.125 4.610 4.046
-15.662 5.185 7.772
-14.366 8.743 7.370
-17.363 9.509 5.138
-19.847 7.981 7.568
-18.280 9.733 10.581
-18.617 13.157 8.982
-22.111 12.389 7.689
-23.050 11.541 11.289
-21.945 15.040 12.295
-24.277 16.571 9.702
-21.767 17.149 6.980
-22.995 16.630 3.470
-19.849 17.593 1.553
-16.368 16.140 1.261
-13.535 17.940 -0.517
-11.089 15.356 -1.857
-7.591 16.589 -2.726
-5.694 14.518 -5.267
-2.756 15.177 -7.580
-2.868 15.994 -11.256
0.350 14.008 -11.700
-1.188 10.905 -10.127
-4.447 10.960 -12.100
-2.805 11.989 -15.411
0.826 10.869 -15.496
1.516 12.519 -18.873
0.161 15.886 -19.904
-2.603 15.537 -22.469
-2.559 11.772 -21.939
-4.950 9.140 -20.655
-6.126 9.086 -17.072
-4.460 6.567 -14.786
-7.085 3.878 -14.253
-5.942 2.890 -10.760
-6.108 6.497 -9.606
-9.488 6.995 -11.238
-10.650 3.842 -9.494
-9.630 5.238 -6.115
-11.583 8.432 -6.813
-14.617 6.405 -7.914
-14.391 4.314 -4.738
-14.480 7.508 -2.655
-17.472 8.639 -4.705
-19.323 5.419 -3.857
-18.768 6.140 -0.174
-19.894 9.759 -0.509
-23.034 8.729 -2.366
-23.895 6.034 0.147
-23.669 8.671 2.878
-25.702 11.241 0.927
-22.677 13.499 0.456
-21.356 15.598 -2.373
-17.756 15.032 -3.458
-15.572 17.922 -4.573
-12.794 16.684 -6.839
-9.954 19.018 -5.801
-7.105 19.019 -8.307
-4.688 19.983 -5.567
-1.959 21.489 -7.688
-1.263 25.208 -7.076
-1.359 25.827 -10.844
1.627 23.524 -11.346
2.371 20.159 -12.932
5.571 18.439 -11.774
6.662 21.719 -10.269
6.250 23.837 -13.438
3.670 26.606 -13.623
0.691 26.711 -15.944
1.404 29.224 -18.715
5.010 28.177 -19.156
6.050 26.321 -22.288
6.219 23.206 -20.065
2.563 23.430 -18.979
0.260 25.284 -21.393
-3.192 26.318 -20.119
-4.686 23.872 -22.592
-3.189 20.968 -20.635
-5.444 21.819 -17.667
-8.448 21.970 -19.994
-7.584 18.471 -21.258
-7.400 17.135 -17.710
-10.824 18.548 -16.914
-12.334 17.404 -20.210
-11.325 13.883 -19.245
-12.617 14.116 -15.669
-15.857 15.679 -16.890
-16.361 12.760 -19.304
-15.984 10.382 -16.359
-18.274 12.208 -13.919
-20.771 14.130 -16.046
-23.584 11.766 -15.058
-22.754 11.926 -11.318
-24.931 14.639 -9.563
-22.899 14.209 -6.401
-19.676 15.353 -8.089
-18.420 18.942 -7.951
-15.391 20.008 -10.031
-12.751 21.902 -7.998
-10.667 23.213 -10.870
-7.436 24.005 -9.056
-6.232 24.330 -5.498
-4.692 27.766 -4.792
-3.316 29.023 -8.094
-0.451 31.451 -7.449
2.590 32.665 -9.382
0.372 33.590 -12.346
-1.372 36.904 -12.989
-5.070 37.245 -12.360
-5.895 37.735 -16.084
-3.687 34.821 -17.169
-5.270 32.561 -14.562
-8.727 33.752 -15.624
-7.937 32.738 -19.211
-6.814 29.296 -18.028
-9.965 28.978 -15.928
-12.149 30.028 -18.863
-10.574 27.396 -21.080
-11.201 24.797 -18.416
-14.855 25.785 -17.866
-15.397 25.681 -21.621
-13.773 22.252 -21.892
-15.983 20.870 -19.135
-19.177 22.255 -20.659
-18.331 20.934 -24.131
-18.680 17.402 -22.690
-22.296 18.095 -21.693
-21.408 18.050 -17.993
-23.764 20.203 -15.918
-21.911 19.732 -12.629
-21.084 22.613 -10.305
-17.651 24.066 -11.082
-15.670 25.747 -8.288
-13.419 28.432 -9.817
-10.523 29.906 -7.839
-8.504 33.051 -8.351
-4.764 33.464 -8.223
-2.951 34.676 -5.036
-3.785 31.361 -3.335
-7.437 32.309 -3.928
-7.496 34.173 -0.626
-10.809 35.802 0.229
-8.967 38.617 1.979
-6.973 39.674 -1.090
-9.702 39.173 -3.704
-9.974 42.880 -4.492
-6.309 43.864 -4.086
-4.759 45.902 -6.888
-1.402 46.555 -5.203
0.520 44.367 -7.634
-1.728 44.803 -10.700
-5.071 43.299 -11.673
-7.223 41.881 -8.861
-9.009 38.555 -8.886
-12.218 40.553 -8.610
-11.594 42.398 -11.849
-10.027 39.538 -13.786
-12.761 37.010 -13.018
-15.621 39.280 -14.048
-14.756 38.191 -17.596
-15.703 34.560 -17.030
-18.630 32.957 -18.780
-20.095 29.571 -17.973
-22.508 28.477 -20.690
-23.880 25.898 -18.220
-24.638 28.606 -15.613
-23.434 26.494 -12.704
-20.334 28.109 -11.278
-19.172 29.284 -7.869
-16.024 31.113 -6.868
-13.791 29.243 -4.452
-11.939 31.292 -1.857
-9.749 30.156 1.049
-9.290 31.995 4.332
-6.895 31.444 7.202
-6.618 33.726 10.208
-2.923 33.949 11.070
-0.870 37.099 10.261
-0.256 36.273 6.608
-3.384 34.159 6.036
-1.263 31.073 5.284
-2.531 28.819 8.050
1.074 28.146 9.039
0.590 29.237 12.675
-2.103 28.237 15.190
-3.118 31.859 15.825
-6.167 33.846 14.961
-5.061 37.450 14.971
-8.347 38.572 16.529
-11.690 37.153 17.586
-13.363 38.782 14.543
-10.788 38.594 11.761
-12.401 35.720 9.864
-15.699 37.453 9.153
-13.813 40.684 8.482
-11.710 39.092 5.758
-14.757 37.539 4.058
-16.631 40.837 3.648
-15.018 42.181 0.457
-15.335 38.861 -1.353
-18.918 38.469 -0.150
-19.763 41.899 -1.534
-18.095 41.058 -4.863
-20.252 37.942 -5.141
-23.376 39.967 -4.467
-22.350 42.756 -6.895
-21.805 40.239 -9.677
-24.768 37.975 -8.908
-22.364 35.071 -8.220
-22.008 32.396 -5.540
-19.001 31.523 -3.381
-17.551 28.513 -1.659
-15.028 28.539 1.196
-12.927 25.608 0.021
-10.476 25.805 2.905
-10.450 27.548 6.264
-9.284 26.528 9.728
-8.851 27.796 13.261
-6.814 26.381 16.123
-8.105 25.126 19.429
-8.036 28.223 21.648
-10.557 30.771 22.892
-9.784 33.609 20.461
-9.855 31.189 17.523
-13.128 29.571 18.647
-14.769 33.020 18.768
-13.403 33.812 15.321
-14.676 30.489 14.031
-18.156 31.059 15.422
-18.104 34.530 13.888
-17.110 33.409 10.411
-19.594 30.506 10.360
-22.335 32.855 11.557
-21.303 35.393 8.906
-21.593 32.861 6.078
-25.047 31.757 7.298
-26.185 35.385 7.481
-24.925 35.786 3.898
-26.288 32.529 2.573
-27.721 34.377 -0.445
-24.193 34.214 -1.896
-22.338 31.593 0.193
-23.028 28.078 -1.072
-20.970 26.490 1.658
-17.633 25.573 3.059
-15.203 22.751 3.697
-12.913 22.845 6.730
-9.205 22.066 6.400
-8.873 19.225 7.375
-9.505 15.649 8.343
-8.020 12.416 7.062
-6.090 9.694 8.842
-2.514 10.914 8.216
-2.265 14.084 10.357
0.313 14.014 13.191
-0.835 14.408 16.835
0.265 18.056 16.990
-1.511 19.172 13.797
-3.541 22.154 14.952
-6.395 21.922 12.446
-7.326 18.249 12.443
-10.937 17.228 12.899
-10.204 13.567 12.189
-11.740 11.668 15.127
-9.343 10.050 17.501
-8.432 6.365 17.450
-10.423 6.476 20.720
-13.433 7.600 18.620
-13.549 11.022 20.266
-14.425 14.199 18.464
-11.798 16.882 17.923
-12.383 20.226 19.669
-13.310 22.286 16.634
-15.889 19.741 15.556
-18.166 20.758 18.409
-18.455 24.148 16.710
-18.568 22.938 13.106
-21.329 20.454 13.890
-23.591 23.264 15.215
-23.623 24.770 11.713
-24.187 21.364 9.993
