15.787 17.995 17.087
16.433 16.917 20.680
12.731 16.137 21.000
12.807 14.002 17.864
15.729 12.080 19.408
13.637 11.497 22.534
10.559 10.391 20.553
12.615 8.017 18.411
14.251 6.297 21.344
11.150 6.058 23.521
9.062 4.513 20.711
11.792 1.920 20.147
11.569 0.876 23.801
7.778 0.518 23.924
7.301 -1.256 20.563
5.547 -4.539 21.439
7.673 -7.688 21.355
5.334 -10.340 22.750
2.059 -9.469 21.053
0.390 -8.353 24.277
-2.419 -5.855 24.635
-0.571 -4.561 27.658
2.387 -3.747 25.428
0.086 -1.924 23.009
-1.266 0.034 25.983
2.266 0.993 27.043
2.941 2.223 23.519
-0.384 4.033 23.431
0.316 6.072 26.539
3.724 7.069 25.189
2.423 7.931 21.696
-0.443 10.021 23.101
2.435 12.355 23.678
3.516 15.159 25.944
5.688 18.248 25.931
8.651 16.090 27.014
9.927 18.852 29.315
11.731 16.487 31.690
13.759 14.493 29.157
14.519 17.703 27.259
15.884 19.160 30.506
18.135 16.119 30.991
19.493 16.609 27.459
20.017 20.361 27.774
21.706 20.195 31.187
23.863 17.314 29.994
24.848 19.139 26.829
25.699 22.236 28.881
28.215 20.314 31.016
29.602 18.064 28.276
28.000 14.713 29.009
28.227 12.008 26.354
24.938 11.887 24.435
24.218 8.134 24.638
24.107 7.698 28.418
22.253 11.013 28.587
19.563 9.737 26.193
19.083 6.639 28.378
18.495 8.783 31.472
16.203 11.177 29.619
13.974 8.416 28.244
13.931 6.663 31.641
12.657 9.839 33.274
9.954 10.204 30.640
8.906 6.535 30.903
8.586 6.991 34.663
6.567 10.183 34.221
4.271 8.450 31.696
3.709 5.532 34.075
2.826 7.898 36.916
0.151 9.535 34.722
-1.290 6.142 33.733
-1.846 5.231 37.390
-2.950 8.720 38.423
-5.676 8.758 35.752
-7.251 5.533 37.015
-10.834 5.695 38.367
-9.825 5.131 42.025
-7.403 8.093 41.834
-8.124 11.031 39.456
-10.656 9.194 37.243
-9.706 10.970 34.007
-11.513 9.880 30.843
-9.109 11.849 28.676
-5.463 12.839 28.559
-4.086 15.226 25.920
-7.426 15.102 24.110
-7.341 11.317 23.716
-8.901 8.588 25.876
-6.943 7.830 29.008
-5.143 4.469 29.023
-7.856 2.737 31.087
-10.589 4.116 28.838
-8.720 2.777 25.804
-7.780 -0.632 27.305
-9.650 -1.138 30.587
-8.437 -0.613 34.159
-6.672 -3.974 34.500
-4.565 -3.668 31.371
-3.862 0.012 32.135
-2.693 -0.818 35.675
-0.292 -3.393 34.311
0.885 -1.037 31.537
1.776 1.506 34.219
3.771 -1.137 36.080
5.517 -2.151 32.851
6.449 1.460 32.079
7.927 1.860 35.585
10.018 -1.269 35.148
11.175 -0.193 31.673
12.314 3.091 33.261
14.376 1.271 35.901
15.783 -1.012 33.171
17.004 2.003 31.191
18.644 3.612 34.212
20.342 0.275 34.976
21.926 0.363 31.490
23.926 3.460 32.400
26.101 1.442 34.807
26.671 4.019 37.559
25.724 2.773 41.076
25.015 6.176 42.551
22.626 6.847 39.648
20.620 3.667 40.347
20.320 4.639 43.982
19.398 8.247 43.216
16.739 7.203 40.722
15.222 4.669 43.120
15.110 7.235 45.950
13.470 9.728 43.567
10.847 7.180 42.555
9.839 6.474 46.124
9.664 10.215 46.935
7.419 10.757 43.913
5.098 7.976 45.114
4.911 9.481 48.623
4.130 12.813 46.992
1.254 11.268 45.051
0.035 9.562 48.240
0.033 12.944 50.035
-1.937 14.536 47.166
-4.585 11.789 47.273
-4.798 11.696 51.045
-4.958 15.475 51.547
-8.161 15.631 49.473
-11.087 17.318 51.270
-8.805 18.607 54.053
-7.530 22.026 52.860
-8.312 23.546 56.261
-6.599 20.771 58.257
-3.547 20.684 55.982
-0.886 23.363 56.552
0.744 25.347 53.756
4.020 23.717 54.813
2.578 20.234 54.268
1.202 21.276 50.888
4.580 22.667 49.776
6.223 19.418 50.959
3.776 17.495 48.797
4.732 19.639 45.772
8.381 19.003 46.528
7.863 15.248 46.607
5.267 14.838 43.858
6.814 17.125 41.231
10.038 18.594 42.623
11.838 15.293 43.134
11.740 14.228 39.475
12.892 17.649 38.254
15.693 17.576 40.824
16.760 14.253 39.322
16.745 15.808 35.830
19.442 18.206 37.101
21.256 15.698 39.361
21.614 12.840 36.894
23.776 14.574 34.264
26.065 15.932 36.999
26.396 12.358 38.301
27.254 11.125 34.799
29.941 13.825 34.492
31.322 13.301 37.999
30.459 16.826 39.145
28.979 17.670 42.561
25.173 17.807 42.276
24.219 19.229 45.684
23.609 22.724 44.301
21.653 21.908 41.144
19.430 19.307 42.845
18.103 22.138 45.016
17.470 24.057 41.784
15.399 21.274 40.270
13.249 20.972 43.359
12.406 24.678 43.363
11.802 24.632 39.616
9.442 21.696 40.153
7.405 23.452 42.831
7.097 26.525 40.573
6.155 24.266 37.656
3.311 22.673 39.642
2.013 26.086 40.809
1.981 27.363 37.237
0.005 24.241 36.312
-2.425 25.009 39.158
-2.905 28.548 37.872
-3.437 27.302 34.320
-6.187 24.989 35.611
-7.874 27.856 37.474
-8.088 29.998 34.329
-9.576 27.041 32.492
-13.089 28.111 33.415
-7.434 18.447 45.671
-5.392 20.741 47.924
-3.211 23.195 46.021
-0.874 26.047 46.912
-3.295 28.307 45.048
-6.036 27.230 47.467
-3.813 27.745 50.532
-2.028 30.945 49.517
-4.491 32.515 47.115
-3.681 33.340 43.493
-1.442 36.378 44.112
0.809 34.837 46.764
1.021 31.487 44.921
2.064 33.158 41.660
4.567 35.322 43.563
6.143 32.201 45.052
6.324 30.480 41.671
7.806 33.564 40.046
10.384 33.898 42.826
11.515 30.279 42.498
11.585 30.478 38.695
13.713 33.621 38.769
16.117 32.079 41.300
16.573 29.057 39.038
17.105 31.119 35.872
19.660 33.358 37.575
21.589 30.361 38.912
21.608 28.729 35.449
22.821 31.933 33.782
25.491 32.464 36.464
26.842 28.930 35.978
27.028 29.214 32.191
24.297 26.591 31.695
23.321 28.447 28.498
21.098 25.947 26.735
19.245 25.164 29.934
18.727 28.856 30.677
17.403 29.515 27.172
15.156 26.416 27.324
13.609 27.357 30.659
13.410 31.048 29.771
11.358 30.290 26.656
9.346 27.779 28.670
8.082 30.419 31.130
6.267 32.225 28.313
4.389 28.968 27.743
