0.830 54.501 48.285
2.557 51.118 48.379
2.247 48.499 45.664
3.671 45.315 47.235
5.460 43.018 44.812
5.823 39.592 46.386
7.753 36.883 44.579
8.897 33.345 45.345
12.430 34.348 46.353
14.608 37.422 45.898
17.712 35.259 45.461
17.281 34.783 41.731
18.354 36.375 38.444
14.898 35.487 37.056
13.030 37.320 39.843
15.503 40.203 39.672
14.543 40.657 36.007
10.870 40.733 37.027
11.885 43.438 39.550
13.608 45.351 36.733
10.354 45.428 34.747
8.337 46.481 37.781
10.813 49.275 38.516
10.508 50.542 34.944
6.709 50.740 35.086
6.554 52.404 38.487
9.144 55.020 37.508
6.827 56.438 34.839
4.360 57.823 37.389
4.449 59.563 40.789
1.489 58.452 42.929
2.632 54.964 43.901
5.824 53.205 44.860
6.706 49.503 44.920
8.277 47.287 47.500
9.861 44.048 46.284
10.053 41.118 48.688
10.257 37.338 48.710
11.249 34.527 51.059
14.686 32.951 51.122
13.666 30.023 48.935
10.817 29.029 46.629
9.983 26.138 48.949
9.308 28.572 51.835
5.551 28.656 51.344
4.471 29.627 54.836
6.906 32.531 54.741
5.295 33.811 51.549
1.810 33.466 53.041
2.999 35.541 55.990
4.255 38.264 53.601
0.958 38.530 51.773
-1.025 38.568 55.049
1.237 41.296 56.338
0.758 43.341 53.165
-3.011 43.111 53.630
-2.752 44.045 57.297
-0.704 47.169 56.571
-3.284 48.168 53.947
-1.109 48.394 50.864
-2.812 49.850 47.814
-2.247 46.707 45.677
-0.397 43.412 45.474
1.540 41.862 42.612
2.031 38.219 43.608
3.908 35.249 42.134
2.412 32.612 44.423
4.761 29.855 45.565
1.829 27.414 45.806
-1.532 27.535 43.997
-3.530 26.466 47.044
-1.670 27.651 50.139
-1.830 31.278 48.990
-5.597 31.339 48.344
-6.708 32.302 51.874
-4.369 35.311 51.986
-5.452 36.441 48.516
-9.101 36.088 49.606
-8.256 38.347 52.577
-6.766 40.907 50.142
-9.960 40.779 48.097
-12.132 41.223 51.205
-9.966 44.252 52.076
-10.663 45.732 48.619
-7.012 45.422 47.633
-6.412 44.771 43.921
-4.335 41.661 43.279
-2.618 40.679 40.042
-1.000 37.231 39.770
2.185 36.679 37.785
4.106 33.633 36.592
2.498 30.856 38.630
-1.213 30.135 38.754
-3.553 30.083 41.688
-6.210 27.419 42.101
-9.581 27.777 40.338
-11.000 28.271 43.846
-9.378 31.729 43.878
-10.706 33.074 40.579
-12.982 35.652 42.213
-10.215 37.179 44.297
-7.742 38.609 41.751
-8.172 40.640 38.610
-5.481 39.535 36.168
-3.015 36.722 35.567
0.119 37.358 33.501
2.245 34.337 32.692
3.760 32.011 30.155
1.302 29.560 28.646
3.160 26.864 30.528
1.466 23.853 28.963
2.336 25.222 25.517
5.892 26.019 26.629
6.395 22.510 28.015
5.121 21.142 24.713
7.678 23.245 22.781
10.452 21.869 24.980
9.218 18.281 24.404
9.038 18.772 20.654
12.601 20.155 20.686
13.667 17.116 22.672
12.107 14.606 20.271
13.482 16.313 17.181
17.011 15.864 18.475
16.684 12.599 20.415
14.158 10.716 18.313
11.322 8.675 19.758
13.035 5.708 21.482
15.177 5.695 24.616
15.285 7.270 28.036
15.075 10.909 29.086
15.103 12.510 32.551
12.847 15.228 33.928
14.469 17.598 36.437
11.751 19.703 38.014
11.690 22.251 40.814
8.810 22.586 43.296
6.176 19.903 42.798
2.767 21.425 42.181
3.943 25.015 42.058
1.641 26.844 39.640
4.045 27.228 36.717
5.399 23.710 37.310
2.062 21.883 36.878
1.435 23.048 33.329
5.058 23.191 32.247
6.094 19.746 33.370
2.694 18.229 32.613
2.704 19.750 29.125
6.181 18.325 28.555
5.380 14.918 29.970
2.055 14.505 28.179
3.616 15.489 24.847
6.465 13.013 25.274
3.921 10.271 26.020
1.648 11.120 23.066
4.411 11.624 20.507
7.036 9.029 21.304
7.827 5.898 23.246
10.550 7.656 25.269
10.843 6.441 28.842
10.784 9.174 31.458
13.159 8.904 34.440
12.021 11.090 37.329
10.606 13.602 37.840
13.089 14.839 40.372
12.463 17.989 42.425
15.259 20.483 43.036
13.148 22.835 45.235
14.589 25.543 42.919
18.008 25.062 44.535
20.849 25.063 41.986
23.000 22.888 44.240
20.248 20.323 44.674
19.682 20.166 40.911
23.424 19.713 40.386
23.475 16.689 42.738
20.246 15.204 41.375
21.540 15.515 37.823
24.896 14.014 38.730
22.997 11.121 40.249
20.620 10.635 37.297
23.566 10.584 34.917
25.439 8.032 36.998
22.327 5.845 37.329
21.504 5.980 33.615
24.475 5.464 31.298
22.052 5.135 28.384
20.280 8.457 29.021
19.597 10.192 25.725
18.228 13.514 26.960
17.392 15.613 30.006
14.966 18.467 30.716
15.548 21.132 33.377
12.292 22.922 33.991
13.345 26.249 35.491
16.306 28.577 35.855
18.151 27.167 38.880
17.345 23.580 37.941
18.664 24.026 34.422
21.830 25.730 35.667
22.562 22.938 38.104
21.781 20.439 35.349
24.188 22.050 32.922
26.938 22.215 35.504
26.426 18.527 36.352
26.604 17.502 32.703
29.825 19.445 32.210
31.370 18.053 35.383
30.477 14.491 34.335
32.297 14.988 31.016
29.033 14.493 29.148
28.456 17.903 27.504
27.109 17.285 24.008
26.781 13.529 24.712
23.097 13.819 25.555
20.443 16.360 24.651
19.748 18.889 27.367
16.861 21.372 27.266
16.327 24.102 29.846
14.071 26.972 30.838
14.997 30.614 31.264
17.675 32.903 29.960
20.256 34.275 32.353
23.987 34.523 31.615
24.781 30.929 32.673
22.062 29.489 30.446
23.063 31.693 27.508
26.607 30.367 27.897
25.411 26.743 28.027
23.520 27.179 24.735
26.537 28.850 23.130
28.969 26.160 24.304
26.706 23.268 23.301
25.915 21.956 26.773
22.236 22.789 26.265
20.565 22.373 22.871
17.826 24.877 23.743
16.360 26.884 26.554
12.741 28.104 26.667
12.770 31.756 27.663
9.839 33.606 29.226
8.748 37.254 29.318
10.048 37.880 32.816
10.636 41.619 32.392
7.160 41.920 30.863
5.547 40.169 33.847
6.996 42.840 36.103
6.362 45.834 33.834
2.852 44.886 32.690
2.081 43.499 36.124
2.610 46.912 37.685
0.909 48.680 34.770
-2.137 46.413 35.200
-2.367 47.287 38.883
-2.033 50.992 38.037
-5.023 50.600 35.696
-7.029 48.820 38.378
-6.133 51.572 40.869
-7.720 54.004 38.389
-10.818 51.757 38.226
-10.123 50.919 34.584
-10.846 47.661 32.718
-7.994 45.227 32.257
-7.423 42.052 30.262
-7.779 39.224 32.771
-5.538 36.657 31.098
-2.298 37.873 29.605
0.157 35.564 27.821
3.631 37.041 28.290
5.067 34.879 25.517
7.977 32.514 24.966
10.991 32.118 22.743
12.848 28.837 22.279
16.451 29.977 22.258
19.093 27.922 20.456
22.384 28.468 18.636
20.247 29.209 15.556
18.494 32.293 17.019
20.267 33.396 20.202
21.383 36.758 18.764
18.136 37.566 16.962
16.168 40.519 18.366
13.297 38.234 19.486
15.714 36.355 21.716
17.647 39.426 22.887
14.348 40.983 24.038
13.776 38.274 26.674
17.343 37.290 27.620
18.747 38.899 30.795
24.741 12.234 44.916
3.447 6.884 23.462
