65.032 -73.296 71.526
66.540 -76.656 70.844
65.597 -78.464 67.613
68.363 -80.254 65.625
70.358 -78.427 62.929
72.121 -80.010 59.913
75.653 -81.330 60.743
77.211 -78.942 58.181
75.828 -75.933 60.129
76.912 -77.436 63.437
80.440 -78.018 62.117
80.671 -74.460 60.776
79.667 -72.814 64.075
82.145 -74.860 66.156
85.038 -73.495 64.099
83.655 -69.958 64.674
83.320 -70.230 68.484
87.072 -69.568 68.861
86.955 -66.019 67.439
86.691 -62.636 69.322
83.570 -60.484 68.983
83.193 -58.342 65.864
83.711 -54.851 67.282
87.312 -55.927 68.008
88.527 -56.495 64.427
90.108 -54.275 61.775
87.448 -53.916 59.068
89.920 -55.221 56.509
88.765 -58.543 57.733
86.815 -57.904 54.629
89.849 -59.230 52.690
90.255 -62.477 54.554
86.836 -61.880 55.483
85.887 -64.423 53.035
86.995 -63.100 49.851
89.961 -65.315 50.629
88.167 -67.996 52.671
85.503 -68.423 49.939
88.162 -68.815 47.211
89.756 -71.529 49.380
86.376 -73.328 49.341
87.181 -74.915 45.945
83.450 -75.471 45.222
81.921 -76.224 41.808
80.803 -73.118 39.903
78.946 -72.947 36.540
80.534 -71.044 33.653
79.281 -67.470 33.211
79.919 -64.212 31.285
80.773 -61.443 33.799
81.308 -57.673 33.290
81.958 -54.666 35.605
80.681 -51.098 34.917
80.863 -47.659 36.601
77.962 -45.263 35.955
75.985 -42.156 36.921
72.280 -42.066 37.820
69.833 -39.891 39.789
72.697 -37.869 41.201
74.886 -40.768 42.304
77.877 -42.718 41.036
77.428 -46.490 41.099
79.473 -49.646 40.647
77.685 -52.637 39.088
78.470 -56.221 38.118
76.488 -57.723 35.238
76.257 -61.511 35.057
74.771 -63.583 32.177
74.697 -67.234 31.016
76.950 -68.451 28.106
75.432 -68.451 24.617
72.723 -65.901 25.499
74.532 -62.654 24.628
72.282 -62.091 21.550
69.081 -63.206 23.319
66.836 -60.805 25.273
66.483 -61.892 28.915
64.518 -60.990 32.033
66.519 -59.154 34.742
67.255 -59.820 38.462
68.463 -57.102 40.881
70.608 -58.858 43.530
71.415 -57.290 46.919
73.982 -59.145 49.059
74.029 -59.637 52.840
76.793 -59.119 55.417
75.189 -57.096 58.210
75.542 -53.884 56.139
79.256 -54.118 57.064
80.721 -56.894 54.877
80.105 -58.618 51.558
81.052 -58.344 47.886
80.758 -60.259 44.637
83.404 -62.706 45.872
81.609 -63.677 49.089
78.277 -64.346 47.325
79.647 -65.924 44.160
77.907 -69.312 44.571
74.218 -68.274 44.941
74.572 -65.496 42.300
76.036 -67.775 39.641
73.505 -70.557 40.490
70.421 -68.285 40.191
71.727 -66.732 36.953
72.181 -69.917 34.880
69.237 -71.933 36.408
66.669 -69.136 35.951
68.317 -68.022 32.664
68.497 -64.299 33.481
70.720 -61.217 33.548
71.766 -60.533 37.168
72.760 -56.988 38.119
74.842 -57.112 41.297
74.753 -53.730 43.084
77.955 -52.997 45.016
76.313 -50.579 47.457
78.106 -48.395 50.017
78.886 -50.325 53.233
78.526 -49.245 56.898
79.830 -47.678 59.135
81.494 -45.448 56.481
78.013 -44.844 55.080
74.734 -45.008 57.016
70.955 -45.230 56.522
69.601 -44.442 53.997
72.437 -44.148 51.451
72.276 -47.737 50.098
68.486 -47.654 49.602
68.983 -44.531 47.495
71.783 -46.159 45.492
69.671 -49.206 44.768
66.775 -47.039 43.608
69.202 -45.185 41.318
70.555 -48.433 39.884
67.034 -49.608 39.079
66.482 -46.351 37.150
69.665 -46.946 35.201
68.734 -50.480 34.167
65.419 -49.205 32.781
67.285 -46.536 30.779
69.800 -48.920 29.209
67.806 -52.106 28.502
68.655 -52.092 24.806
72.406 -51.952 25.508
72.033 -54.660 28.199
69.789 -56.835 25.984
67.054 -57.243 28.645
63.282 -56.882 28.947
63.290 -54.167 31.591
59.605 -54.719 32.399
60.351 -58.291 33.629
62.240 -57.195 36.759
62.733 -58.682 40.241
64.703 -57.770 43.374
66.196 -60.424 45.668
68.610 -60.535 48.654
69.878 -62.344 51.806
69.918 -61.065 55.440
70.694 -57.338 55.196
70.121 -57.622 51.437
66.638 -58.951 52.169
65.967 -55.896 54.339
67.117 -53.651 51.436
64.914 -55.496 48.890
61.886 -54.837 51.074
62.619 -51.136 51.802
63.487 -50.133 48.218
60.150 -51.672 47.203
58.403 -49.155 49.486
60.726 -46.274 48.544
60.129 -46.786 44.791
56.371 -46.677 45.362
56.603 -43.374 47.286
58.501 -41.890 44.298
55.784 -42.730 41.779
57.455 -45.861 40.396
54.948 -48.407 41.714
54.821 -50.700 38.695
58.582 -51.122 38.164
59.304 -54.120 40.428
57.291 -57.280 39.579
58.335 -59.367 42.654
60.431 -59.173 45.870
62.388 -62.228 47.176
63.274 -61.916 50.873
65.720 -64.458 52.411
65.755 -64.220 56.270
65.343 -60.366 56.566
65.784 -58.181 59.680
62.749 -56.017 60.571
62.430 -55.119 64.311
62.829 -51.895 66.319
63.361 -54.133 69.339
64.378 -57.790 68.879
63.891 -58.968 72.503
60.134 -58.832 71.982
60.336 -62.135 70.075
60.838 -65.635 71.517
63.434 -66.639 68.893
65.771 -63.843 70.107
65.863 -65.502 73.505
66.205 -69.106 72.224
69.069 -68.585 69.725
70.758 -65.338 70.811
73.104 -66.444 73.622
76.215 -66.976 71.489
75.815 -70.687 70.732
74.420 -70.066 67.212
76.074 -68.286 64.270
74.217 -64.932 64.679
74.186 -63.726 68.342
72.331 -60.946 70.165
75.832 -59.443 70.618
76.566 -59.563 66.869
73.237 -57.826 66.187
74.011 -54.900 68.477
77.241 -54.252 66.566
75.544 -54.160 63.125
72.704 -51.864 64.247
75.173 -49.334 65.633
77.196 -49.442 62.426
74.167 -48.998 60.129
71.896 -46.538 62.015
72.661 -42.799 62.478
70.580 -42.784 65.693
68.785 -45.375 67.849
65.904 -47.144 66.108
63.399 -46.091 68.731
64.329 -42.406 68.173
64.648 -42.845 64.402
61.018 -44.033 64.032
61.414 -44.729 60.270
59.865 -47.838 58.604
62.470 -47.827 55.815
65.032 -48.416 58.569
62.969 -50.808 60.663
60.332 -52.508 58.473
58.310 -53.645 61.519
56.943 -50.069 61.811
55.217 -50.161 58.416
51.500 -49.328 58.360
48.795 -51.132 56.413
48.816 -48.029 54.149
52.589 -48.165 53.697
52.345 -51.768 52.442
49.259 -51.595 50.180
49.983 -52.108 46.463
53.430 -53.659 46.997
54.691 -56.346 44.571
54.068 -60.106 45.226
56.460 -61.522 47.829
58.362 -64.750 48.490
59.765 -64.966 52.028
62.106 -67.531 53.646
62.722 -67.826 57.364
65.251 -70.072 59.186
64.167 -72.344 62.079
67.175 -71.703 64.355
67.616 -67.955 63.902
67.012 -64.961 66.243
65.398 -63.038 63.330
62.913 -65.864 62.645
59.734 -64.627 64.285
60.077 -61.007 63.190
60.517 -62.274 59.668
57.310 -64.299 59.951
55.529 -61.260 61.430
56.384 -59.147 58.371
54.880 -61.861 56.134
51.659 -61.490 58.142
51.774 -57.670 57.742
52.070 -57.926 53.963
49.091 -60.305 53.749
46.910 -58.030 55.914
47.561 -55.213 53.428
46.351 -57.381 50.563
49.739 -58.305 49.094
50.306 -61.751 47.539
52.677 -63.584 49.950
54.198 -67.086 49.947
56.147 -67.589 53.180
57.853 -70.699 54.649
59.936 -71.644 57.726
62.896 -73.893 56.717
63.521 -76.790 59.136
67.053 -77.619 60.316
68.631 -74.368 59.088
70.475 -71.476 60.734
70.855 -67.801 59.742
72.899 -67.038 56.585
72.775 -70.553 55.104
72.573 -69.470 51.475
76.316 -68.560 51.526
77.530 -71.850 53.111
79.875 -73.607 50.601
79.098 -77.233 51.434
75.776 -78.202 49.841
72.846 -79.293 52.081
69.325 -80.432 51.216
67.995 -77.019 52.304
70.520 -75.082 50.139
69.336 -77.073 47.090
65.596 -76.706 47.956
65.906 -72.950 48.427
67.744 -72.315 45.142
65.318 -74.481 43.092
62.243 -72.975 44.797
63.329 -69.373 44.108
64.076 -70.290 40.476
60.574 -71.711 39.969
58.945 -68.604 41.535
60.938 -66.241 39.333
60.035 -68.168 36.168
56.342 -68.155 37.190
56.381 -64.343 37.612
58.417 -63.594 34.471
56.118 -65.688 32.230
53.273 -63.140 32.795
55.356 -60.485 30.983
56.546 -62.233 27.841
