-16.906 -25.639 -5.516
-18.452 -29.115 -5.832
-20.681 -29.837 -2.804
-20.918 -33.529 -1.723
-24.201 -34.263 0.116
-24.513 -37.522 2.073
-27.809 -39.281 3.006
-28.662 -40.421 5.701
-26.758 -38.384 8.379
-26.777 -41.518 10.597
-28.020 -45.107 10.616
-28.364 -47.911 13.199
-27.951 -51.498 11.838
-28.091 -55.029 13.325
-25.048 -57.173 12.224
-25.876 -59.387 9.250
-28.239 -56.701 7.859
-27.526 -54.458 4.815
-26.540 -50.747 4.943
-26.669 -48.193 2.120
-25.159 -44.653 2.104
-25.763 -42.134 -0.700
-23.441 -39.325 -1.839
-24.779 -36.651 -4.193
-22.461 -34.191 -5.987
-23.704 -30.620 -6.841
-22.035 -30.927 -10.323
-20.748 -33.875 -12.411
-17.429 -35.440 -11.311
-15.915 -36.825 -14.509
-12.167 -36.047 -14.655
-10.441 -35.080 -17.981
-9.257 -38.746 -18.374
-12.879 -40.013 -18.292
-12.659 -41.513 -14.750
-14.735 -40.498 -11.691
-12.410 -40.148 -8.703
-15.162 -40.844 -6.109
-13.826 -42.379 -2.869
-15.360 -43.696 0.320
-13.478 -43.453 3.630
-14.161 -44.805 7.104
-12.936 -42.885 10.116
-13.035 -44.072 13.744
-12.680 -41.593 16.698
-9.115 -40.339 17.222
-7.931 -42.084 14.014
-7.104 -40.876 10.482
-9.620 -41.781 7.677
-9.086 -45.184 5.977
-9.674 -45.715 2.238
-12.400 -48.289 1.431
-13.475 -47.580 -2.189
-11.775 -45.572 -4.978
-12.879 -44.557 -8.499
-16.604 -45.245 -7.589
-16.401 -49.085 -7.395
-12.807 -50.264 -6.838
-12.352 -51.993 -3.502
-9.072 -50.891 -1.850
-6.649 -53.743 -0.891
-7.537 -55.471 2.399
-11.130 -54.065 2.471
-13.781 -56.836 3.035
-15.860 -58.146 0.057
-18.951 -56.909 2.060
-18.186 -53.320 0.851
-19.156 -52.227 -2.668
-19.624 -48.933 -4.510
-21.656 -47.831 -7.539
-22.873 -44.632 -9.172
-22.961 -42.291 -12.158
-23.263 -38.559 -12.855
-24.268 -37.000 -9.536
-25.474 -39.999 -7.411
-23.032 -42.436 -5.730
-23.772 -45.298 -3.324
-21.746 -47.270 -0.790
-23.324 -50.623 0.112
-22.436 -52.938 3.011
-23.964 -56.367 2.096
-23.924 -57.570 5.758
-22.893 -55.085 8.476
-20.339 -56.263 11.116
-19.277 -54.788 14.535
-15.948 -53.504 13.033
-17.876 -51.268 10.511
-18.760 -48.756 13.267
-17.674 -45.158 12.612
-18.168 -42.248 10.217
-18.287 -42.803 6.413
-17.224 -39.958 4.086
-17.428 -39.702 0.337
-14.707 -37.729 -1.438
-14.261 -36.402 -4.989
-10.782 -35.846 -6.489
-12.033 -35.249 -10.079
-11.974 -31.414 -9.926
-9.859 -28.989 -7.863
-10.577 -28.135 -5.036
-11.125 -31.708 -3.847
-14.173 -31.926 -1.547
-15.653 -34.323 1.045
-19.187 -35.208 2.119
-20.346 -34.229 5.666
-20.111 -37.832 6.916
-22.618 -40.577 7.776
-22.400 -42.101 11.271
-22.957 -45.886 11.331
-24.102 -47.300 14.673
-24.440 -51.028 15.455
-27.441 -52.649 17.162
