-37.241 84.756 29.976
-33.888 86.456 29.431
-31.603 84.128 27.448
-28.142 84.226 25.884
-27.704 81.606 23.119
-24.242 81.232 21.588
-22.923 79.830 18.290
-21.818 76.254 17.631
-18.604 74.417 18.409
-15.419 75.414 16.563
-12.251 73.517 15.612
-9.340 75.570 14.352
-5.640 75.235 13.566
-3.155 77.406 15.450
-2.631 80.921 14.095
-6.213 81.022 12.831
-9.077 82.923 14.446
-12.525 82.421 15.851
-15.399 84.842 15.970
-17.715 83.148 18.469
-21.100 84.848 18.785
-23.729 85.188 21.504
-27.332 86.230 20.811
-29.436 87.987 23.486
-33.212 87.851 24.040
-35.844 88.705 26.701
-34.509 92.215 27.287
-33.132 95.332 25.582
-29.708 94.334 24.229
-28.108 97.755 24.530
-29.092 98.435 28.163
-26.622 95.917 29.739
-22.929 95.299 29.169
-21.562 91.802 28.431
-18.300 90.060 29.281
-16.595 86.778 28.252
-15.496 84.061 30.645
-13.387 81.202 29.317
-12.814 77.711 30.724
-10.115 75.279 29.511
-11.087 71.609 29.978
-10.999 70.536 33.642
-9.982 73.993 34.847
-11.401 77.171 36.362
-13.185 80.141 34.866
-11.093 82.931 33.357
-12.448 86.440 32.681
-11.301 87.844 29.348
-12.924 91.279 28.993
-16.040 93.439 28.959
-18.048 95.436 26.429
-20.578 98.223 26.837
-23.192 96.982 24.356
-24.553 100.535 24.387
-21.443 102.697 23.837
-18.885 100.143 22.577
-16.364 100.649 25.385
-14.069 97.687 26.149
-11.882 96.418 29.004
-9.587 93.381 28.551
-7.461 91.042 30.602
-3.812 91.791 29.765
-3.409 88.168 28.650
-5.617 88.876 25.583
-5.085 92.621 25.035
-4.612 93.322 21.330
-5.251 89.717 20.324
-9.014 89.724 21.007
-11.654 92.198 19.919
-15.141 92.123 21.379
-17.894 93.743 19.324
-21.690 93.855 19.237
-24.505 94.190 16.758
-27.539 96.116 18.018
-29.756 95.217 15.050
-29.274 91.486 15.665
-28.750 91.745 19.442
-25.614 89.651 19.090
-22.337 90.126 20.897
-19.246 88.753 19.219
-15.798 87.723 20.467
-12.938 87.560 17.963
-9.833 85.632 19.018
-6.818 85.889 16.712
-3.498 84.061 16.304
-5.057 81.100 18.129
-2.959 78.727 20.290
-3.485 75.109 21.375
-4.221 76.357 24.879
-7.111 78.504 23.699
-8.938 75.159 23.683
-11.722 75.980 26.112
-15.465 76.573 26.455
-16.068 80.293 25.985
-19.017 81.905 27.788
-20.726 85.221 27.351
-22.110 86.560 30.630
-24.333 89.598 31.191
-24.003 92.431 33.694
-24.856 93.070 36.382
-23.441 90.120 38.338
-26.658 89.941 40.381
-28.502 89.251 37.095
-27.056 85.734 36.983
-27.492 85.607 33.174
-24.963 83.479 31.203
-24.923 81.653 27.853
-24.653 77.905 27.147
-21.054 78.464 26.066
-19.186 77.878 22.801
-16.435 75.231 22.631
-13.421 76.224 20.523
-10.819 73.523 19.909
-7.480 74.869 18.661
-5.074 72.174 17.470
-2.666 71.261 14.675
-4.208 67.778 14.597
-6.264 67.073 11.494
-9.791 65.677 11.374
-9.466 61.896 11.760
-11.749 58.931 12.539
-10.962 56.497 15.371
-9.802 52.921 15.261
-12.218 50.760 17.283
-10.561 47.751 18.880
-12.488 45.230 20.959
-11.676 44.818 24.625
-12.355 41.060 24.657
-14.045 39.425 27.648
-11.966 36.697 29.322
-11.507 35.035 32.706
-9.272 38.070 33.364
-12.376 40.282 33.083
-14.976 37.955 34.735
-16.071 38.076 38.376
-18.632 35.540 39.594
-21.628 35.551 37.272
-20.909 38.725 35.321
-18.082 39.766 32.968
-16.966 43.096 31.447
-16.162 43.714 27.763
-15.685 46.871 25.719
-14.365 48.951 22.847
-11.203 51.059 22.705
-11.917 54.088 20.481
-8.387 55.262 19.664
-6.657 58.179 17.909
-9.541 60.420 16.701
-9.837 64.163 16.197
-11.832 66.251 17.003
-14.420 65.560 19.701
-16.941 64.037 20.127
-17.391 60.377 19.355
-20.817 58.877 20.123
-20.807 55.209 21.190
-23.787 52.880 21.588
-24.248 49.154 22.249
-26.040 46.520 20.153
-27.402 49.287 17.950
-28.723 50.929 21.130
-30.784 47.970 22.428
-29.135 46.355 25.497
-27.447 49.382 27.153
-28.430 49.819 30.882
-25.166 48.359 32.215
-22.791 50.540 30.183
-20.084 52.965 31.307
-18.398 55.124 28.630
-15.265 56.903 29.870
-14.570 60.597 29.187
-12.125 61.177 26.328
-8.426 61.815 26.957
-6.301 64.128 24.843
-3.247 62.090 24.048
0.130 63.834 23.942
0.171 63.051 20.218
-2.815 65.407 19.748
-5.532 62.868 18.983
-8.256 61.946 21.482
-8.972 58.481 22.822
-11.751 56.826 24.781
-13.003 53.441 25.993
-16.515 52.112 26.530
-16.973 49.148 28.845
-20.165 47.170 29.402
-20.627 44.595 32.168
-22.989 41.765 31.267
-23.954 38.346 32.667
-21.018 36.073 31.827
-22.863 32.926 30.745
-24.445 35.199 28.109
-21.015 35.364 26.403
-22.154 32.225 24.587
-25.374 33.423 22.938
-25.570 37.204 23.154
-23.509 38.811 20.388
-22.053 42.149 21.570
-21.464 44.917 19.005
-20.425 48.465 19.874
-21.396 51.228 17.465
-18.918 54.097 17.385
-20.076 57.087 15.335
-17.712 60.008 14.768
-19.591 62.496 12.572
-16.752 65.012 11.916
-14.752 62.336 10.056
-17.973 60.937 8.570
-17.086 57.696 10.403
-19.422 54.971 11.635
-17.705 51.768 12.755
-19.487 48.691 14.109
-17.333 46.270 16.069
-18.264 42.906 17.534
-16.493 42.029 20.779
-15.757 38.307 20.875
-14.772 36.458 24.057
-11.487 34.608 24.704
-10.670 33.058 28.134
-7.056 32.961 29.422
