40.921 96.560 17.745
39.811 98.623 20.667
36.658 96.914 21.791
36.151 95.023 24.980
36.643 91.345 24.537
33.727 89.237 25.692
34.684 86.073 27.379
34.093 83.514 30.069
36.821 82.991 32.685
37.451 79.420 33.684
39.051 78.343 36.883
39.270 75.551 39.452
37.232 72.433 38.772
36.620 73.707 35.300
34.097 76.176 36.649
33.304 79.705 35.510
33.536 83.003 37.345
30.068 84.419 37.814
28.808 87.834 38.936
26.556 87.282 41.929
24.483 89.012 44.552
23.151 91.674 42.227
26.555 92.244 40.720
28.402 92.756 43.995
30.226 89.471 44.432
31.963 86.906 42.281
32.673 83.223 42.622
32.859 80.027 40.646
29.830 78.140 39.391
29.414 75.361 36.827
29.692 76.725 33.348
26.379 77.239 31.506
26.520 78.448 27.953
25.014 81.854 27.516
24.315 82.314 31.254
24.498 86.058 31.259
26.299 86.562 34.490
29.160 84.304 33.488
30.297 86.739 30.772
33.004 89.317 31.245
34.191 92.169 29.176
37.917 92.591 29.058
38.707 96.263 28.582
41.740 98.058 27.249
42.577 99.334 30.686
42.984 95.849 32.065
39.647 95.873 33.811
37.367 92.869 33.944
33.805 94.099 33.616
30.352 92.639 34.130
29.373 92.083 30.527
25.863 93.356 30.900
26.743 96.207 33.210
29.933 97.725 32.010
30.158 100.256 34.757
31.036 97.443 37.222
34.493 95.971 37.583
36.098 93.037 39.378
37.992 94.522 42.252
40.404 93.503 44.906
39.320 94.343 48.414
39.245 97.959 49.585
39.049 96.814 53.254
42.418 95.750 54.613
40.754 93.199 56.841
39.544 91.200 53.872
41.258 89.617 50.922
38.003 88.972 49.126
37.623 89.906 45.486
34.336 91.601 44.760
32.550 93.716 42.116
32.463 97.488 42.447
31.848 100.552 40.373
34.712 101.173 37.958
37.041 103.817 39.269
40.379 103.357 37.567
42.083 102.071 40.647
44.902 99.666 41.261
42.309 97.314 42.719
40.715 96.943 39.346
43.708 96.334 37.078
44.199 92.701 36.110
46.774 91.102 33.890
46.211 87.695 32.268
49.689 86.292 32.350
51.174 83.665 30.079
51.746 81.475 33.116
48.036 81.277 33.620
47.377 83.574 36.485
45.224 86.715 36.792
47.586 89.170 38.310
47.159 92.448 40.111
50.536 94.053 39.436
50.198 96.890 41.830
49.501 94.562 44.686
51.976 91.912 43.529
49.365 89.250 43.900
47.016 87.009 41.926
43.430 85.765 41.926
42.984 82.581 43.883
40.175 80.294 44.948
39.910 80.456 48.709
41.467 77.326 50.257
41.352 75.724 46.831
37.717 75.033 47.546
35.182 76.210 45.023
32.322 75.570 47.402
33.419 78.322 49.701
32.263 80.819 47.084
35.194 83.060 47.685
37.904 84.299 45.363
40.769 86.132 47.056
43.947 88.000 46.290
47.029 85.951 47.199
50.755 85.890 46.706
51.608 83.586 43.812
52.316 80.016 44.897
52.686 76.660 43.168
50.645 74.812 45.854
47.230 73.787 44.492
45.523 74.755 41.221
43.434 77.671 42.461
45.602 80.306 40.848
45.165 78.934 37.324
42.599 80.379 34.968
41.635 80.237 31.290
40.074 82.833 29.028
37.379 81.243 26.856
36.137 83.687 24.248
