-188.809 369.634 45.480
-190.635 371.757 47.994
-188.453 370.966 51.035
-189.541 370.104 54.564
-187.115 372.732 55.843
-184.713 375.474 54.794
-182.526 377.424 57.273
-183.887 380.938 57.997
-182.254 383.643 55.887
-183.137 387.190 56.966
-180.814 388.979 54.513
-178.580 390.789 57.014
-176.414 387.850 58.204
-173.632 388.612 55.760
-173.226 392.175 57.042
-173.076 391.136 60.679
-170.586 388.399 59.846
-168.427 390.842 57.847
-168.397 393.011 60.938
-167.271 390.041 63.071
-164.509 389.232 60.570
-163.580 392.898 60.520
-163.174 392.937 64.297
-160.395 390.333 64.330
-162.275 388.261 66.875
-163.985 385.066 65.692
-163.530 382.572 68.589
-166.164 381.958 71.213
-167.164 384.565 73.743
-166.472 387.514 71.434
-168.756 390.478 70.964
-171.622 388.889 69.130
-171.716 386.002 71.618
-172.082 388.545 74.444
-174.803 390.535 72.709
-176.850 387.431 71.878
-176.602 386.356 75.531
-177.722 389.817 76.610
-180.674 389.763 74.224
-181.749 386.306 75.417
-181.313 387.066 79.133
-183.262 390.322 79.010
-186.016 389.259 76.566
-186.674 385.862 78.165
-185.705 386.655 81.756
-182.858 384.338 82.652
-180.038 385.076 85.097
-177.321 383.750 82.783
-177.352 382.590 79.179
-174.317 380.904 77.634
-174.019 380.159 73.932
-172.793 376.640 73.059
-172.008 374.678 69.865
-175.328 372.775 70.046
-178.335 372.045 72.210
-176.740 368.644 72.703
-173.757 370.516 74.236
-176.089 372.467 76.414
-177.811 369.274 77.630
-174.395 367.715 78.385
-173.310 370.832 80.242
-176.514 370.621 82.271
-175.730 367.020 83.192
-172.224 368.087 84.148
-173.434 371.071 86.220
-175.819 368.887 88.196
-172.989 366.465 88.946
-174.773 363.417 87.582
-173.212 360.239 88.986
-173.468 356.638 87.756
-176.752 355.170 89.021
-178.584 358.491 89.131
-181.949 358.254 87.442
-183.215 360.852 84.994
-186.862 360.903 83.938
-187.762 362.077 80.365
-190.127 361.238 77.529
-189.231 358.419 75.197
-190.593 360.679 72.448
-187.640 362.990 72.113
-184.336 363.358 70.257
-181.483 361.016 71.238
-179.452 363.830 72.814
-181.944 364.513 75.563
-180.923 361.015 76.771
-177.279 360.814 75.536
-176.287 363.929 77.545
-177.110 362.121 80.792
-176.047 358.620 79.793
-172.625 360.182 79.095
-172.485 360.889 82.834
-173.590 357.347 83.778
-177.241 358.133 84.386
-179.918 355.477 83.906
-182.751 356.876 81.795
-186.317 356.386 82.992
-188.936 356.905 80.275
-192.487 358.069 80.899
-195.348 357.956 78.399
-196.441 361.144 76.521
-199.835 362.764 76.749
-201.180 362.342 73.180
-202.673 365.830 72.653
-199.270 367.592 72.794
-196.847 364.594 72.580
-195.255 366.036 75.758
-194.292 363.998 78.784
-197.450 363.234 80.706
-196.939 365.237 83.897
-199.314 362.866 85.790
-197.196 359.812 85.107
-193.938 361.180 86.406
-194.302 360.641 90.142
-194.954 356.896 89.666
-191.494 356.666 88.093
-189.628 358.390 90.924
-187.258 356.482 93.177
-184.577 357.351 95.741
-182.140 357.181 92.804
-183.998 359.866 90.786
-182.308 363.247 90.503
-183.531 365.069 87.372
-186.667 365.311 85.267
-186.195 366.739 81.774
-189.417 367.793 80.094
-189.193 368.391 76.354
-191.266 371.232 74.858
-192.395 369.420 71.687
-193.134 371.644 68.680
-192.413 374.634 70.943
-195.577 373.825 72.904
-194.938 373.936 76.666
-195.087 370.957 79.013
-197.419 371.341 82.023
-194.703 373.183 83.891
-196.505 374.425 87.003
-197.403 370.809 87.886
-193.971 369.490 86.963
-192.101 372.104 89.007
-194.365 371.527 92.052
-193.729 367.824 91.733
-189.985 368.467 91.512
-189.915 370.789 94.533
-191.864 368.216 96.609
-189.187 365.575 95.781
-186.031 367.759 95.630
-185.443 367.122 91.946
-183.750 369.371 89.373
-185.722 370.253 86.279
-183.784 370.569 83.082
-185.879 371.984 80.227
-185.105 370.601 76.819
-186.409 373.732 75.133
-184.582 373.119 71.821
-187.759 373.850 69.828
-188.996 376.584 72.094
-187.162 379.893 71.406
-189.899 382.575 71.628
-192.537 380.193 73.091
-194.001 380.911 76.512
-195.855 379.135 79.333
-198.190 381.349 81.308
-196.152 384.401 80.248
-192.791 382.791 80.972
-190.261 382.144 78.247
-189.728 378.449 77.765
-186.212 377.598 78.934
-186.254 380.023 81.833
-188.431 377.908 84.215
-186.404 374.834 85.167
-183.115 375.185 87.043
-181.458 374.805 83.611
-182.879 375.263 80.098
-181.439 374.335 76.720
-181.974 375.913 73.202
-180.880 374.692 69.752
-179.864 377.060 66.927
-179.553 374.213 64.503
-180.587 374.811 60.872
-183.939 373.039 61.407
-185.007 375.395 64.172
-186.811 378.770 64.030
-183.517 380.621 64.646
-180.103 379.365 63.563
-176.526 380.345 64.356
-175.235 379.635 60.869
-176.448 376.021 60.962
-175.474 374.666 64.407
-175.708 376.151 67.879
-177.279 376.121 71.293
-177.668 378.030 74.532
-177.583 376.965 78.179
-179.906 379.017 80.341
-178.714 378.925 83.996
-181.849 380.008 85.823
-180.759 378.673 89.257
-178.389 381.512 90.207
-176.448 379.150 92.464
-175.212 377.234 89.437
-173.842 380.192 87.493
-170.304 380.228 88.940
-169.559 376.616 88.098
-171.499 376.886 84.831
-169.057 379.519 83.569
-166.047 377.413 84.512
-167.266 374.169 82.923
-168.146 376.188 79.814
-164.572 377.450 79.547
-162.750 374.100 79.465
-162.729 373.944 83.312
-160.773 377.175 83.707
-161.507 380.647 85.070
-161.975 383.624 82.725
-161.371 386.350 85.297
-159.580 388.004 82.364
-153.111 383.975 85.009
-155.822 381.347 84.416
-155.554 377.641 85.402
-157.217 374.172 85.396
-159.928 374.402 88.030
-162.571 371.805 87.222
-163.810 369.371 84.573
-165.365 371.129 81.601
-165.423 371.289 77.834
-165.240 373.733 74.936
-168.849 374.897 75.108
-168.318 377.898 72.836
-169.928 378.655 69.547
-167.723 380.754 67.196
-168.504 384.453 67.173
-169.098 384.144 63.394
-172.107 381.889 64.162
-173.092 384.242 66.968
-173.002 387.088 64.399
-175.376 385.075 62.218
-177.675 384.435 65.207
-177.520 388.064 66.284
-178.811 388.984 62.822
-181.610 386.463 63.294
-182.459 387.722 66.794
-182.789 391.263 65.319
-185.645 389.792 63.234
-186.951 387.534 66.097
-190.512 388.871 65.993
-190.717 389.104 62.239
-189.584 385.542 61.900
-191.960 384.367 64.639
-194.943 386.211 63.102
-194.269 384.863 59.631
-194.046 381.279 60.997
-197.275 381.802 62.955
-199.092 382.991 59.835
-197.942 380.008 57.797
-198.921 377.726 60.678
-202.404 379.189 60.801
-202.794 378.686 57.036
-202.233 374.966 57.560
-204.620 374.856 60.537
-207.389 376.701 58.740
-207.087 374.557 55.619
-206.946 371.244 57.418
-209.515 371.996 60.138
-212.543 370.574 58.245
-210.780 367.241 57.662
-210.055 367.240 61.406
-213.664 368.005 62.358
-214.578 365.022 60.148
-212.239 362.745 62.119
-209.967 361.977 59.148
-206.905 363.534 60.894
-205.891 365.260 64.108
-204.224 368.684 64.289
-201.878 369.856 67.047
-203.268 370.847 70.482
-202.045 373.916 72.338
-203.049 373.899 76.031
-204.462 377.057 77.560
-201.623 379.297 78.761
-199.198 377.910 76.191
-197.982 380.236 73.423
-196.260 378.347 70.629
-193.676 379.664 68.188
-194.870 377.756 65.054
-191.760 375.549 65.060
-193.676 372.691 63.537
-197.055 371.840 62.018
-197.731 368.115 62.480
-200.816 366.131 61.651
-201.846 362.641 62.847
-202.889 360.052 60.321
-204.832 356.878 61.291
-201.659 354.771 61.484
-198.225 354.266 59.919
-199.640 352.895 56.633
-201.872 355.929 56.204
-198.860 358.129 56.917
-196.591 356.243 54.503
-199.210 356.475 51.797
-199.453 360.227 52.291
-195.638 360.570 52.357
-195.356 358.756 49.021
-198.220 360.734 47.471
-196.443 364.002 48.395
-193.114 362.708 47.111
-194.836 362.052 43.828
-195.872 365.697 43.911
-192.279 366.724 44.576
-193.184 367.706 48.153
-191.150 366.561 51.127
-193.075 365.652 54.305
-191.546 363.843 57.159
-192.015 361.795 60.334
-189.998 362.547 63.458
-188.593 360.818 66.587
-188.345 357.057 66.743
-189.144 356.398 70.464
-185.856 356.032 72.333
-187.062 353.276 74.680
-187.651 351.013 71.684
-184.240 351.756 70.115
-181.194 349.483 70.527
-179.339 351.868 72.824
-182.529 352.736 74.722
-183.215 349.156 75.860
-179.619 349.122 77.117
-179.273 352.532 78.799
-182.867 353.061 79.846
-186.202 351.698 80.948
-189.764 352.535 80.066
-191.774 352.870 83.241
-195.357 351.698 82.924
-197.252 350.990 79.757
-196.452 352.405 76.344
-199.971 353.515 75.598
-199.292 356.562 73.417
-195.587 357.018 72.700
-195.144 354.336 70.009
-198.667 354.490 68.560
-198.739 358.269 68.248
-195.178 358.532 66.996
-196.202 356.318 64.093
-199.089 358.460 62.868
-197.464 361.869 63.223
-196.365 363.701 60.046
-194.620 367.090 59.937
-195.501 369.513 57.007
-193.150 371.906 55.191
-192.690 374.916 57.462
-189.866 377.425 57.469
-189.431 381.211 57.494
-188.625 381.537 53.765
-191.358 379.191 52.572
-193.234 381.041 49.870
-197.054 381.296 50.112
-197.400 379.927 46.594
-195.496 376.758 47.545
-197.512 376.438 50.728
-200.695 376.656 48.676
-199.346 373.868 46.509
-198.653 371.726 49.609
-202.117 372.325 51.067
-203.796 371.605 47.748
-201.919 368.336 47.382
-202.955 367.427 50.957
-206.656 368.160 50.394
-206.312 366.096 47.270
-204.923 363.052 49.121
-207.693 363.149 51.691
-210.194 362.670 48.835
