-30.346 15.976 34.116
-27.170 17.304 35.922
-24.553 14.687 36.865
-21.564 14.911 39.213
-18.045 15.397 37.853
-15.511 12.545 37.780
-13.549 11.959 40.961
-10.310 10.078 41.572
-9.491 8.513 44.936
-6.553 6.384 46.145
-7.257 2.694 46.954
-3.683 1.824 47.920
-0.119 2.584 46.766
-0.117 2.991 42.967
-3.874 2.267 42.575
-6.583 4.874 42.055
-10.341 4.420 41.723
-12.165 6.664 39.282
-15.896 7.177 39.792
-18.156 8.681 37.147
-21.870 8.766 36.495
-24.678 8.615 33.945
-28.436 8.985 34.120
-29.843 5.689 32.747
-33.521 5.142 31.886
-35.212 3.136 34.665
-32.264 3.438 37.095
-31.704 7.244 37.419
-28.171 8.371 38.362
-25.728 5.423 38.292
-22.169 5.486 39.647
-19.517 3.503 37.763
-15.971 2.417 38.749
-12.689 2.051 36.924
-8.998 2.255 37.852
-5.786 4.033 37.095
-2.864 1.647 37.699
0.565 3.241 38.254
3.949 1.506 37.974
7.403 3.097 37.594
6.139 6.414 36.143
3.630 4.715 33.760
-0.198 4.756 34.014
-2.822 2.440 32.570
-6.597 2.919 32.620
-8.920 -0.004 33.514
-12.308 0.946 31.998
-13.137 4.417 30.745
-15.342 6.942 32.485
-18.928 7.076 31.283
-18.520 10.254 29.161
-16.076 12.206 26.999
-15.969 15.046 29.509
-14.912 12.670 32.274
-12.453 10.753 30.063
-10.764 14.090 29.284
-10.641 14.999 33.001
-9.071 11.649 33.884
-6.436 11.870 31.114
-5.597 15.461 32.135
-5.098 14.316 35.737
-2.736 11.511 34.640
-0.643 13.937 32.512
-0.701 16.743 35.129
0.910 14.300 37.601
3.736 13.424 35.185
2.701 9.869 34.307
3.160 8.268 30.914
-0.228 6.959 29.761
0.266 3.559 28.145
-3.438 3.116 27.310
-6.790 1.742 28.465
-8.496 -1.657 28.619
-12.281 -2.187 28.732
-13.750 -5.183 30.611
-16.950 -5.584 28.564
-18.644 -3.740 25.680
-21.292 -1.621 27.445
-21.009 2.170 27.553
-20.063 2.398 31.248
-16.803 0.560 30.289
-16.161 1.894 26.757
-17.727 5.416 26.449
-14.281 7.068 26.229
-12.694 4.739 23.645
-13.425 7.093 20.709
-11.999 10.083 22.633
-8.866 8.076 23.496
-8.484 6.874 19.878
-8.802 10.462 18.572
-6.120 11.667 21.028
-3.727 8.813 19.934
-3.977 6.967 23.286
-3.876 3.162 22.809
-7.142 1.361 23.587
-7.501 -2.384 24.218
-10.380 -4.819 24.388
-10.884 -8.551 23.810
-11.895 -10.132 20.489
-15.411 -10.743 21.836
-15.780 -7.202 23.218
-14.547 -5.579 19.970
-16.951 -7.799 17.948
-19.853 -6.666 20.135
-18.836 -2.994 19.828
-18.811 -3.256 16.006
-22.135 -5.186 15.906
-23.724 -2.341 17.925
-22.145 0.429 15.746
-19.678 1.556 18.407
-16.089 2.651 18.031
-13.889 -0.429 18.679
-10.653 -0.490 20.659
-7.551 -0.006 18.467
-5.939 -3.233 19.711
-7.476 -6.658 20.318
-6.574 -9.046 23.168
-6.792 -12.681 22.002
-7.469 -15.923 23.881
-8.919 -16.513 27.361
-5.891 -14.909 29.056
-3.785 -11.885 28.183
-1.001 -9.860 29.742
-0.547 -6.062 29.532
2.359 -3.822 30.538
4.974 -6.625 30.926
2.960 -8.728 33.409
1.626 -5.832 35.549
-1.937 -6.316 34.315
-3.459 -9.730 33.673
-6.772 -10.123 31.801
-8.781 -13.317 32.400
-12.063 -14.625 31.016
-13.940 -16.481 33.823
-16.895 -17.471 31.624
-20.250 -15.867 30.864
-21.938 -13.773 33.553
-23.099 -10.186 33.271
-22.400 -10.564 29.540
-20.790 -13.166 27.308
-17.635 -11.004 26.900
-16.969 -9.974 30.527
-13.354 -10.230 31.745
-11.646 -9.551 35.052
-8.312 -7.766 35.605
-5.802 -9.089 38.136
-3.035 -6.886 39.473
-0.495 -9.388 40.879
1.710 -6.675 42.441
-1.239 -5.125 44.328
-3.293 -8.294 44.996
-6.328 -6.494 43.567
-8.919 -8.161 41.390
-10.888 -5.669 39.339
-14.131 -7.570 38.732
-15.972 -5.014 36.622
-19.688 -5.617 36.225
-19.096 -9.385 36.535
-18.821 -8.676 40.298
-21.598 -7.090 42.366
-21.184 -5.004 45.522
-22.159 -6.530 48.914
-25.171 -4.231 49.256
-26.549 -5.397 45.855
-29.973 -7.049 46.103
-29.698 -8.477 42.573
-27.486 -8.860 39.519
-28.356 -5.481 37.928
-29.157 -5.276 34.204
-29.635 -8.957 33.177
-30.918 -8.507 29.591
-27.676 -10.004 28.219
-26.667 -12.156 31.216
-25.875 -15.866 31.398
-27.372 -16.444 34.836
-26.850 -20.244 35.095
-23.237 -19.947 33.912
-22.514 -16.921 36.167
-22.316 -18.958 39.392
-19.809 -21.350 37.740
-17.837 -18.456 36.243
-17.743 -16.830 39.672
-16.390 -20.080 41.156
-13.723 -20.111 38.409
-12.624 -16.643 39.530
-12.774 -17.662 43.226
-10.565 -20.710 42.572
-8.030 -18.757 40.454
-7.693 -15.628 42.653
-7.369 -16.990 46.216
-4.605 -14.353 46.784
-7.008 -11.425 46.160
-7.020 -8.976 49.083
-9.241 -6.371 47.404
-12.019 -6.890 44.890
-13.423 -3.938 42.964
-16.954 -4.134 41.451
-18.058 -2.215 38.350
-20.617 -0.393 40.521
-20.634 0.333 44.248
-18.375 -0.122 47.235
-15.032 -1.990 47.103
-14.360 -4.926 49.416
-12.574 -8.260 49.646
-13.141 -11.688 48.067
-16.596 -11.692 49.792
-17.900 -9.746 46.764
-17.276 -12.807 44.549
-19.008 -15.132 47.068
-22.031 -12.790 47.205
-22.124 -12.502 43.393
-22.008 -16.317 43.127
-24.957 -16.627 45.557
-26.987 -13.942 43.725
-26.513 -15.885 40.476
-27.605 -19.126 42.203
-30.896 -17.605 43.431
-31.562 -15.757 40.154
-31.546 -19.153 38.320
