-56.066 5.638 -47.473
-56.674 6.952 -51.000
-55.682 4.367 -53.643
-56.198 4.284 -57.419
-58.799 1.823 -58.770
-56.115 -0.789 -59.497
-54.936 -0.802 -55.870
-56.410 -1.291 -52.381
-55.331 -0.055 -48.953
-53.838 -2.471 -46.417
-53.883 -0.914 -42.950
-51.329 -3.263 -41.358
-48.705 -2.022 -43.829
-50.483 1.320 -44.212
-50.024 1.280 -47.949
-51.808 0.912 -51.250
-51.324 -2.625 -52.526
-51.632 -3.748 -56.174
-54.888 -5.608 -56.855
-52.870 -7.908 -59.112
-51.371 -9.511 -56.013
-54.893 -10.592 -54.972
-56.380 -11.690 -58.317
-55.452 -15.380 -57.979
-57.190 -15.556 -54.603
-60.792 -16.736 -54.458
-61.440 -13.656 -52.320
-59.900 -10.415 -53.690
-61.054 -7.010 -52.340
-64.401 -5.900 -53.778
-62.766 -2.801 -55.307
-60.286 -5.028 -57.156
-63.153 -6.720 -59.035
-62.927 -4.286 -61.966
-59.180 -4.824 -62.397
-59.272 -8.587 -61.738
