12.618 7.279 -22.810
9.569 8.544 -24.691
9.794 5.550 -27.069
9.753 2.873 -24.346
6.420 4.306 -23.202
5.007 4.048 -26.729
6.084 0.392 -27.027
4.884 -0.505 -23.555
1.455 1.092 -24.169
1.143 -0.641 -27.583
2.173 -4.099 -26.193
-0.394 -3.761 -23.460
-3.143 -2.701 -25.924
-2.232 -5.686 -28.207
-2.559 -7.970 -25.150
-5.929 -6.464 -24.302
-7.138 -6.655 -27.908
-6.179 -10.299 -28.190
-7.948 -11.168 -24.913
-11.078 -9.277 -25.827
-11.075 -10.978 -29.262
-10.903 -14.319 -27.476
-13.753 -13.289 -25.136
-15.940 -12.456 -28.092
-15.180 -15.828 -29.728
-15.723 -17.769 -26.502
-19.052 -15.954 -26.019
-20.243 -17.081 -29.476
-19.418 -20.799 -28.904
-21.929 -22.796 -26.811
-19.506 -25.712 -26.206
-17.078 -23.255 -24.493
-19.859 -21.449 -22.615
-21.146 -24.879 -21.347
-17.763 -26.030 -20.032
-17.386 -22.691 -18.097
-20.927 -23.049 -16.753
-20.216 -26.560 -15.637
-17.027 -25.367 -13.847
-19.007 -22.635 -12.214
-21.636 -25.010 -10.808
-18.864 -27.273 -9.564
-17.185 -24.398 -7.671
-20.502 -23.442 -6.154
-20.804 -27.017 -4.894
-17.403 -26.764 -3.441
-17.976 -23.394 -1.718
-21.439 -24.361 -0.342
-21.157 -28.114 0.008
-17.682 -28.729 1.294
-16.033 -27.993 4.659
-12.280 -28.341 4.930
-11.764 -27.157 1.324
-14.271 -24.261 1.205
-12.912 -20.842 2.028
-16.526 -19.864 2.774
-16.860 -22.518 5.429
-13.498 -21.719 6.985
-14.278 -17.967 7.115
-17.640 -18.517 8.863
-15.977 -20.930 11.281
-13.213 -18.411 11.951
-15.633 -15.588 12.700
-17.547 -17.782 15.141
-14.363 -19.167 16.813
-12.897 -15.647 17.282
-15.973 -14.586 19.261
-16.127 -17.660 21.463
-12.377 -17.467 21.950
-12.476 -13.748 22.891
-14.904 -14.538 25.710
-12.791 -17.466 26.877
-9.877 -15.064 27.216
-11.531 -12.169 29.049
-14.525 -13.749 30.815
-12.674 -14.580 34.013
-11.795 -10.892 34.725
-15.122 -9.451 33.779
-17.277 -8.305 36.694
-20.895 -9.190 36.974
-23.488 -9.105 39.686
-26.625 -7.571 41.055
-30.309 -8.520 41.099
-32.975 -8.641 38.357
-33.688 -5.670 36.148
-30.063 -4.591 36.486
-30.393 -3.525 40.117
-27.688 -3.153 42.720
-27.625 -5.943 45.260
-26.406 -6.508 48.789
-25.668 -10.278 48.743
-26.546 -11.948 45.420
-24.235 -14.726 44.222
-25.304 -16.017 40.765
-23.180 -18.686 39.182
-23.281 -19.757 35.504
-22.042 -23.287 34.803
-19.913 -24.362 31.828
-18.253 -20.882 31.711
-14.470 -20.130 31.650
-14.084 -18.822 35.190
-10.869 -18.320 37.227
-9.691 -21.881 37.972
-13.300 -23.075 37.486
-15.850 -24.334 34.953
-18.252 -21.648 36.197
-18.262 -17.873 36.345
-19.490 -16.320 39.615
-21.347 -12.994 39.415
-20.959 -11.640 42.901
-20.287 -7.933 42.690
-22.485 -6.492 45.445
-22.970 -2.854 46.369
-22.581 -1.386 42.841
-25.247 -0.699 40.275
-24.848 -2.818 37.145
-24.032 -0.955 33.911
-21.445 0.736 31.735
-17.986 0.630 33.436
-19.729 -1.311 36.264
-20.693 -5.005 36.813
-22.542 -6.652 33.956
-26.175 -7.058 34.950
-27.500 -10.548 35.243
-29.966 -9.797 32.455
-26.949 -9.233 30.084
-24.955 -12.155 31.464
-28.007 -14.441 30.776
-28.018 -13.278 27.123
-24.251 -13.596 26.751
-24.210 -17.033 28.419
-27.108 -18.418 26.323
-25.306 -17.346 23.080
-22.067 -18.871 24.376
-23.700 -22.240 25.299
-25.408 -22.437 21.897
-22.132 -21.747 20.100
-20.024 -24.106 22.180
-22.596 -26.911 21.782
-22.820 -26.359 17.998
-19.045 -26.241 17.653
-18.520 -29.486 19.672
-20.914 -31.308 17.369
-19.529 -29.576 14.224
-20.881 -26.922 11.891
-22.776 -28.054 8.826
-21.800 -26.995 5.318
-23.257 -23.757 4.068
-25.901 -25.606 1.980
-27.537 -27.279 5.045
-26.839 -22.893 10.310
-24.041 -20.534 9.345
-26.544 -17.673 9.488
-27.897 -18.634 12.901
-24.540 -19.205 14.513
-23.137 -15.905 13.195
-26.224 -14.245 14.734
-25.276 -15.841 18.060
-21.641 -14.772 17.656
-23.011 -11.258 16.981
-25.159 -11.339 20.112
-22.191 -12.545 22.181
-19.737 -9.838 21.057
-22.289 -6.981 20.948
-23.676 -7.860 24.409
-20.141 -7.571 25.714
-19.728 -4.191 23.983
-23.169 -2.950 24.992
-22.663 -3.847 28.674
-19.050 -2.539 28.611
-18.268 -3.958 32.080
-15.636 -3.246 34.671
-12.776 -5.737 34.772
-10.085 -6.259 37.421
-6.880 -8.274 36.600
-2.406 -7.767 28.825
-1.490 -4.078 28.273
-4.231 -2.927 30.793
-5.242 -4.677 34.132
-8.248 -2.580 35.349
-10.825 -0.765 33.324
-13.749 -1.451 31.078
-13.812 -4.353 28.584
-15.045 -2.291 25.671
-12.062 0.059 26.145
-9.053 -1.985 26.923
-10.176 -4.523 24.229
-11.662 -2.140 21.642
-9.272 -3.218 18.906
-10.117 -6.902 19.308
-13.862 -6.206 19.444
-13.593 -4.093 16.334
-11.881 -6.852 14.369
-14.307 -9.570 15.552
-17.450 -7.467 14.728
-16.026 -6.857 11.229
-15.326 -10.594 10.816
-18.898 -11.513 11.787
-20.305 -8.867 9.410
-18.177 -9.962 6.478
-19.079 -13.583 7.189
-22.789 -12.699 7.280
-22.520 -10.857 3.975
-20.694 -13.875 2.518
-23.447 -16.188 3.690
-26.010 -13.769 2.122
-24.301 -14.362 -1.274
-25.320 -17.991 -1.005
-28.894 -17.240 -1.855
-27.860 -15.520 -5.163
-25.793 -18.529 -6.071
-28.644 -20.952 -5.315
-31.148 -18.933 -7.302
-29.091 -18.925 -10.497
-28.069 -22.498 -11.150
-25.718 -23.469 -14.003
-27.033 -27.035 -14.735
-28.819 -26.414 -18.082
-26.742 -26.276 -21.278
-27.082 -23.157 -23.391
-27.417 -22.855 -27.086
-30.318 -23.859 -29.183
-30.787 -27.576 -29.460
-32.625 -27.679 -32.779
-30.071 -26.467 -35.344
-30.422 -22.647 -34.973
-26.944 -21.147 -34.729
-26.305 -19.482 -31.403
-26.808 -15.733 -31.653
-25.229 -13.897 -28.686
-27.452 -10.857 -29.296
-30.651 -12.803 -28.828
-30.025 -16.245 -27.377
-28.294 -15.232 -24.153
-31.064 -14.557 -21.659
-29.264 -16.980 -19.244
-26.196 -14.693 -19.060
-27.679 -12.353 -16.426
-28.120 -15.304 -13.980
-24.674 -16.601 -14.843
-23.143 -13.163 -14.110
-25.029 -12.804 -10.814
-23.786 -16.286 -9.805
-20.172 -15.787 -10.776
-20.045 -12.275 -9.188
-21.532 -13.614 -6.008
-18.887 -16.409 -5.849
-16.102 -13.788 -6.389
-17.642 -11.751 -3.617
-17.675 -14.777 -1.267
-13.897 -15.257 -1.911
-13.085 -11.614 -1.381
-15.028 -11.594 1.931
-13.451 -14.834 3.144
-10.049 -13.294 2.546
-11.133 -10.196 4.513
-12.228 -12.349 7.472
-8.717 -13.901 7.479
-6.813 -10.631 7.082
-8.636 -9.040 10.069
-7.128 -11.404 12.608
-4.013 -12.894 11.016
-1.111 -12.126 13.376
1.318 -11.593 10.436
-0.655 -8.433 9.566
-0.956 -7.024 13.067
1.345 -5.225 15.459
1.492 -4.067 19.053
-0.875 -5.134 21.748
-3.381 -6.472 19.170
-0.790 -8.857 17.760
0.121 -10.022 21.259
-3.530 -10.556 22.202
-4.014 -12.714 19.105
-0.796 -14.752 19.182
-0.566 -15.106 22.978
-4.164 -15.516 24.056
-6.835 -15.810 21.375
-4.990 -18.337 19.267
-3.982 -20.686 22.133
-5.614 -23.178 24.458
-4.623 -23.953 28.061
-6.890 -27.081 28.224
-4.860 -30.285 28.881
-4.846 -32.915 26.102
-4.600 -34.394 19.874
-6.007 -31.435 21.843
-9.369 -31.229 23.584
-12.478 -31.223 21.350
-14.098 -27.918 20.371
-16.542 -26.576 22.940
-14.598 -27.891 25.945
-14.438 -25.702 29.064
-12.002 -26.775 31.874
-10.643 -25.134 35.046
-7.688 -23.963 32.878
-9.536 -22.464 29.857
-9.471 -18.942 31.273
-7.208 -16.441 29.455
-6.868 -18.608 26.324
-9.231 -18.854 23.312
-9.659 -22.644 23.203
-11.615 -22.347 20.011
-9.124 -23.576 17.448
-8.499 -20.038 16.325
-4.801 -20.525 15.306
-5.530 -23.592 13.209
-8.694 -22.029 11.646
-6.601 -19.046 10.466
-4.243 -21.567 8.907
-6.993 -23.692 7.334
-8.612 -20.520 5.965
-5.343 -19.251 4.303
-4.740 -22.692 2.919
-8.269 -23.224 1.577
-8.032 -19.838 -0.228
-4.665 -20.788 -1.761
-5.971 -24.197 -2.820
-9.164 -22.622 -4.285
-7.079 -21.048 -7.109
-8.467 -23.461 -9.688
-12.071 -22.356 -8.896
-11.023 -18.751 -8.552
-9.743 -18.779 -12.126
-12.957 -20.509 -13.325
-15.079 -17.938 -11.483
-13.154 -15.189 -13.233
-13.667 -16.834 -16.610
-17.420 -17.153 -16.036
-17.682 -13.509 -14.866
-15.822 -12.379 -18.028
-17.880 -14.500 -20.417
-21.187 -13.736 -18.770
-20.453 -9.982 -18.707
-19.609 -10.185 -22.375
-22.902 -11.939 -23.207
-25.032 -9.621 -21.075
-23.336 -6.722 -22.813
-22.496 -8.315 -26.177
-23.020 -5.355 -28.554
-21.108 -3.073 -26.296
-18.170 -5.500 -25.757
-17.969 -6.123 -29.523
-17.764 -2.343 -30.114
-15.011 -2.107 -27.478
-13.009 -4.675 -29.432
-13.360 -2.474 -32.569
-12.503 0.609 -30.507
-9.374 -1.078 -29.116
-8.476 -1.892 -32.717
-8.864 1.803 -33.646
-6.605 2.915 -30.787
-3.919 0.401 -31.791
-4.038 1.601 -35.405
-3.235 5.148 -34.110
-0.464 3.998 -31.751
1.010 2.114 -34.732
0.834 5.038 -37.096
2.821 7.070 -34.499
5.940 4.951 -34.092
9.260 5.554 -36.053
10.370 3.880 -39.316
7.974 1.063 -38.405
6.281 0.501 -41.764
6.592 -3.299 -41.585
4.642 -3.387 -38.256
1.483 -1.662 -39.574
-0.130 -5.058 -40.338
0.026 -5.998 -36.631
-3.820 -5.840 -36.455
-6.218 -6.077 -39.356
-9.896 -6.709 -39.900
-12.369 -8.014 -42.500
-16.067 -7.605 -43.142
-18.204 -10.742 -43.000
-21.834 -9.982 -43.993
-22.749 -13.728 -43.666
-22.181 -14.387 -39.907
-25.224 -16.294 -38.557
-24.218 -14.698 -35.204
-24.335 -10.937 -36.029
-20.487 -10.952 -36.021
-20.011 -8.876 -39.140
-16.350 -7.979 -38.566
-13.394 -10.398 -38.045
-10.418 -9.102 -36.081
-6.901 -10.433 -36.518
-3.472 -10.224 -34.905
-0.281 -10.690 -36.980
1.910 -12.928 -34.876
5.257 -11.809 -36.456
4.639 -8.102 -35.944
3.406 -8.759 -32.436
6.565 -10.682 -31.558
8.831 -8.000 -32.939
6.852 -5.390 -30.995
7.222 -7.444 -27.869
11.028 -7.779 -28.356
11.545 -4.105 -29.051
9.517 -3.277 -25.961
11.551 -5.618 -23.681
14.864 -4.332 -25.128
14.237 -1.002 -23.367
