54.254 22.047 77.823
52.965 24.331 80.624
51.265 22.821 83.590
49.052 24.051 86.362
50.830 23.833 89.688
48.857 24.146 92.893
50.975 24.409 96.026
49.308 23.655 99.291
51.116 25.755 101.810
50.514 26.105 105.572
48.094 29.018 105.008
46.397 27.654 101.917
46.563 27.098 98.176
48.502 28.966 95.485
48.585 28.113 91.833
50.526 29.228 88.807
51.391 27.862 85.387
54.846 26.365 85.032
56.682 25.361 81.856
57.649 21.714 81.574
61.374 22.737 81.400
61.437 25.013 84.487
61.830 23.846 87.984
58.871 24.302 90.205
60.714 26.375 92.850
62.182 28.729 90.203
58.783 29.355 88.712
57.183 29.848 92.146
59.708 32.624 92.827
59.168 34.276 89.384
55.555 34.395 90.536
56.364 36.241 93.799
56.001 33.338 96.211
58.442 32.642 99.006
59.137 28.969 99.614
61.753 27.245 101.711
65.052 26.210 100.132
68.758 25.958 101.020
71.156 24.239 98.611
68.923 24.582 95.444
70.713 21.499 94.290
68.709 18.468 95.135
70.918 17.541 98.114
69.246 18.625 101.372
65.678 18.470 102.587
64.923 22.200 102.905
62.718 22.609 99.857
60.781 19.317 100.412
57.115 18.911 99.581
54.754 16.000 98.835
52.921 15.374 95.562
49.218 14.735 96.247
48.199 14.686 92.504
49.968 14.494 89.168
53.573 13.580 88.647
56.973 15.336 88.581
60.368 14.592 87.212
62.962 15.106 90.029
65.816 12.852 88.794
68.209 15.854 88.951
68.045 15.427 92.790
69.805 12.742 94.839
68.725 13.352 98.432
65.638 11.095 98.613
65.761 7.325 98.873
63.195 5.138 97.085
60.891 4.675 100.067
60.655 8.538 100.381
60.200 9.072 96.651
57.558 6.303 96.784
55.601 8.086 99.562
55.339 11.073 97.221
58.085 13.319 98.664
59.639 15.811 96.247
62.587 18.241 96.173
60.911 21.340 94.652
64.199 23.034 93.679
65.004 20.306 91.127
61.477 19.124 90.076
59.866 19.653 86.655
56.118 19.255 86.375
54.987 16.409 84.061
51.223 17.060 84.243
49.028 19.375 86.336
50.325 18.803 89.834
49.362 19.419 93.412
52.154 19.668 95.976
51.872 20.242 99.677
54.872 22.408 100.649
57.032 22.762 103.813
57.439 19.043 104.339
60.963 19.044 105.776
59.779 18.064 109.305
57.609 15.148 108.056
60.238 13.730 105.667
62.925 13.990 108.314
60.516 12.408 110.793
