-20.063 40.749 -19.270
-18.237 37.434 -19.567
-17.658 37.299 -15.805
-19.967 37.805 -12.859
-17.514 39.627 -10.622
-17.988 43.151 -9.329
-15.472 45.237 -7.404
-15.641 48.395 -5.318
-13.324 51.152 -6.521
-11.368 53.518 -4.298
-9.056 56.536 -4.773
-5.405 56.842 -3.793
-6.434 58.028 -0.319
-8.425 54.935 0.451
-11.833 56.603 0.008
-14.708 54.948 -1.890
-15.363 56.212 -5.432
-17.844 53.701 -6.970
-19.437 50.488 -5.691
-19.983 47.216 -7.486
-18.422 47.933 -10.836
-18.239 44.965 -13.261
-14.697 43.608 -13.356
-14.413 44.020 -17.140
-14.940 47.783 -16.785
-11.263 47.698 -15.728
-10.169 45.573 -18.681
-7.573 47.061 -21.020
-9.880 45.894 -23.815
-12.832 47.976 -22.559
-11.628 50.826 -20.366
-11.216 54.097 -22.327
-8.653 55.535 -19.896
-6.397 52.499 -20.308
-6.705 52.949 -24.084
-5.803 56.640 -23.721
-2.775 55.799 -21.512
-1.487 53.158 -23.929
-1.986 55.309 -27.006
-0.411 58.225 -25.123
2.654 56.177 -24.227
2.968 55.069 -27.839
2.794 58.643 -29.149
4.714 60.748 -26.602
8.330 61.866 -26.988
10.607 64.038 -24.816
12.857 66.326 -26.875
15.999 67.717 -25.201
16.623 70.933 -27.136
19.408 71.947 -24.743
21.032 68.562 -25.320
20.810 68.917 -29.098
22.305 72.389 -28.892
25.207 71.289 -26.717
25.942 68.236 -28.856
26.144 70.488 -31.904
28.283 73.153 -30.239
30.829 70.559 -29.107
30.406 68.078 -32.033
29.805 65.411 -29.378
27.525 63.121 -31.338
27.100 59.396 -31.809
27.415 58.024 -28.288
29.416 58.191 -25.087
32.694 60.114 -25.350
32.348 60.468 -29.113
33.329 63.673 -30.853
34.196 64.848 -34.386
36.764 67.601 -34.274
36.092 70.311 -36.833
32.339 69.633 -37.076
31.167 72.068 -34.379
28.076 74.158 -35.115
27.003 76.961 -32.786
23.219 77.325 -33.148
20.944 79.227 -30.773
18.342 76.481 -30.531
17.038 77.111 -27.014
16.771 80.885 -27.656
14.675 80.160 -30.765
12.748 77.257 -29.258
9.332 78.774 -29.877
9.855 79.093 -33.608
11.539 75.701 -33.924
8.799 73.948 -31.989
6.033 75.612 -34.053
7.762 74.611 -37.271
8.194 71.062 -36.017
4.550 70.917 -34.974
3.430 71.892 -38.498
5.303 68.818 -39.844
4.241 66.439 -37.057
0.511 67.168 -37.232
-1.783 65.598 -39.791
-4.359 68.377 -39.765
-4.657 71.745 -38.091
-6.126 71.454 -34.635
-5.808 67.626 -34.437
-4.496 65.935 -31.237
-0.854 66.852 -31.894
0.737 68.497 -28.862
4.101 70.292 -28.801
4.754 72.088 -25.517
7.968 73.813 -24.382
9.258 73.145 -20.863
12.137 74.474 -18.841
12.425 77.797 -20.602
12.677 76.110 -24.004
15.267 73.543 -22.920
12.805 70.649 -23.335
9.714 69.895 -25.391
6.824 67.581 -24.746
5.663 66.070 -28.038
2.567 63.963 -28.613
2.449 62.707 -32.211
-1.124 62.591 -33.607
-3.046 59.405 -33.005
-3.955 59.246 -36.733
-0.353 58.380 -37.603
-0.561 55.267 -35.369
-3.903 54.202 -36.820
-2.108 53.511 -40.090
1.164 52.267 -38.560
2.185 48.736 -37.630
3.781 49.736 -34.342
4.990 52.758 -32.312
8.287 53.884 -33.820
6.568 56.675 -35.746
6.669 58.647 -32.476
10.462 59.031 -32.226
11.023 58.924 -35.997
8.428 61.535 -36.978
9.437 63.722 -34.011
13.156 63.424 -34.814
12.876 64.342 -38.456
10.457 67.229 -37.762
12.940 68.746 -35.289
15.949 68.061 -37.538
14.176 69.816 -40.400
12.900 72.633 -38.183
16.416 73.328 -36.856
17.956 73.216 -40.337
15.284 75.590 -41.605
15.512 77.967 -38.614
19.201 78.646 -39.163
19.540 77.808 -42.878
22.006 75.077 -42.031
23.849 74.093 -45.216
23.674 70.828 -47.082
27.271 70.218 -45.969
26.546 70.588 -42.267
22.975 69.363 -41.788
24.011 65.757 -41.169
25.460 66.954 -37.823
21.990 68.112 -36.770
20.683 64.659 -37.630
23.416 63.036 -35.540
22.731 65.374 -32.613
19.040 64.483 -32.587
18.956 60.747 -33.294
22.528 59.602 -32.624
24.443 56.813 -34.401
21.320 55.266 -35.937
21.341 53.440 -38.411
24.895 52.188 -37.904
23.703 51.307 -34.402
20.352 49.536 -34.123
19.324 51.885 -31.291
19.236 55.710 -31.334
22.688 55.702 -29.724
23.505 59.167 -28.426
20.073 60.594 -29.266
18.702 63.694 -27.566
15.107 62.492 -27.617
13.599 59.938 -25.199
10.564 57.705 -24.931
9.234 55.361 -22.250
9.113 52.629 -24.904
12.244 51.188 -26.459
12.828 49.887 -29.984
10.899 46.891 -31.308
14.088 44.853 -31.904
14.760 44.735 -28.139
11.571 42.846 -27.297
12.244 39.544 -25.621
9.181 38.166 -27.383
6.443 39.426 -29.651
