-40.561 8.470 -57.255
-40.593 5.451 -59.583
-37.467 4.359 -61.521
-37.321 4.410 -65.315
-35.235 2.038 -67.438
-34.835 3.204 -71.037
-33.688 0.895 -73.810
-34.587 -0.535 -77.196
-37.252 -3.220 -77.090
-34.497 -5.853 -77.197
-32.663 -8.219 -74.844
-29.046 -7.457 -75.807
-27.264 -5.984 -72.812
-30.396 -4.740 -70.999
-31.920 -8.098 -70.101
-29.445 -8.788 -67.268
-30.805 -5.628 -65.610
-34.495 -6.586 -66.058
-33.503 -9.938 -64.546
-32.039 -8.235 -61.459
-35.138 -6.063 -61.141
-37.435 -9.026 -61.525
-35.466 -11.064 -58.998
-35.696 -8.263 -56.440
-39.359 -7.634 -57.139
-38.448 -4.018 -57.819
-41.272 -2.111 -59.558
-40.018 -0.119 -62.557
-41.157 1.662 -65.663
-39.544 0.659 -68.912
-39.516 3.236 -71.682
-38.731 1.902 -75.148
-37.819 3.774 -78.334
-38.891 2.566 -81.779
-36.619 1.783 -84.710
-37.768 2.429 -88.270
-37.776 0.052 -91.218
-34.765 -0.637 -93.440
-32.598 0.798 -94.825
-32.302 3.921 -92.693
-33.574 2.439 -89.428
-34.810 5.791 -88.174
-34.248 6.577 -84.500
-35.667 10.123 -84.406
-37.634 9.579 -81.182
-34.464 8.723 -79.239
-32.269 11.377 -80.761
-34.930 13.996 -79.988
-34.766 13.292 -76.251
-31.194 11.885 -76.046
-29.495 15.019 -74.774
-32.599 16.225 -72.901
-32.521 13.684 -70.070
-29.828 15.015 -67.730
-27.344 12.229 -68.495
-23.622 12.875 -68.174
-22.832 10.473 -71.002
-26.073 9.956 -72.973
-26.491 6.328 -74.058
-28.864 3.393 -73.948
-29.731 1.770 -71.635
-30.220 4.439 -68.971
-31.575 4.380 -65.436
-33.448 7.254 -63.785
-34.027 6.796 -60.052
-34.840 10.146 -58.481
-31.773 12.358 -58.738
-29.749 9.334 -59.786
-29.260 9.213 -63.537
-27.051 6.510 -64.918
-25.832 5.178 -68.230
-23.480 2.258 -69.024
-25.249 -1.054 -68.523
-22.604 -2.371 -66.153
-22.662 0.791 -64.036
-26.407 0.201 -63.833
-25.924 -3.407 -62.757
-23.400 -2.512 -60.010
-25.715 0.265 -58.796
-28.627 -2.169 -58.429
-26.234 -4.751 -56.968
-25.310 -2.369 -54.171
-28.978 -1.630 -53.287
-30.089 -5.275 -53.269
-27.389 -7.425 -51.631
