39.790 -2.277 -77.256
39.301 -1.521 -73.566
37.640 -2.840 -70.400
37.025 -0.229 -67.684
35.944 -1.498 -64.271
34.204 0.330 -61.441
32.032 -0.253 -58.392
34.449 -1.742 -55.867
35.115 -0.488 -52.377
34.230 -1.235 -48.774
31.234 -3.291 -47.665
30.197 -5.263 -44.598
29.529 -9.015 -44.455
26.053 -9.788 -45.711
26.004 -6.585 -47.753
25.775 -6.094 -51.501
27.992 -4.611 -54.210
27.593 -4.207 -57.976
30.671 -4.198 -60.211
30.672 -2.844 -63.764
32.849 -3.714 -66.767
32.345 -1.160 -69.548
33.788 -2.318 -72.869
34.852 -0.568 -76.061
36.379 -1.839 -79.287
34.158 -4.931 -79.429
30.575 -6.016 -78.764
30.177 -7.827 -75.431
27.185 -9.771 -76.768
29.377 -11.929 -79.046
32.089 -12.709 -76.466
32.419 -14.471 -73.137
32.877 -11.924 -70.348
34.646 -13.369 -67.305
35.048 -12.080 -63.771
38.306 -13.227 -62.150
39.308 -12.242 -58.611
42.621 -12.327 -56.747
42.893 -12.250 -52.963
45.891 -10.390 -51.496
49.018 -12.484 -51.964
47.036 -15.293 -53.622
46.483 -16.578 -57.144
43.721 -15.968 -59.647
40.265 -17.432 -58.991
37.595 -17.654 -61.691
34.218 -16.331 -60.514
31.670 -16.190 -63.350
31.194 -15.885 -67.097
28.466 -14.770 -69.487
28.148 -15.509 -73.226
24.950 -13.730 -74.230
25.037 -14.777 -77.902
24.954 -18.438 -76.819
22.533 -17.843 -73.921
25.106 -19.024 -71.382
26.094 -18.081 -67.845
28.395 -19.984 -65.512
29.391 -19.627 -61.859
32.106 -21.024 -59.630
30.788 -23.120 -56.752
32.154 -20.690 -54.145
29.834 -17.928 -55.435
26.818 -19.866 -56.758
23.576 -18.429 -55.430
25.241 -15.268 -54.109
26.582 -13.622 -57.284
24.670 -12.876 -60.492
26.429 -11.939 -63.741
24.552 -9.974 -66.401
25.113 -7.709 -69.394
23.535 -4.604 -70.941
24.128 -4.721 -74.691
22.900 -1.152 -75.207
25.633 0.037 -72.818
28.169 -2.601 -73.964
28.680 -3.333 -70.270
28.718 -6.454 -68.098
27.870 -6.546 -64.404
28.548 -8.714 -61.369
25.844 -8.401 -58.707
27.407 -9.563 -55.436
25.054 -10.494 -52.587
25.635 -12.166 -49.211
29.216 -10.944 -49.193
31.785 -12.599 -46.942
35.253 -11.661 -45.738
36.624 -14.380 -48.044
35.237 -12.407 -51.003
37.905 -9.727 -50.389
39.982 -9.500 -53.557
40.868 -7.442 -56.577
38.163 -8.257 -59.136
39.078 -8.249 -62.835
36.909 -8.591 -65.904
38.280 -10.203 -69.046
37.176 -11.076 -72.576
37.364 -14.559 -74.086
37.038 -14.512 -77.880
34.922 -16.936 -79.923
34.765 -17.479 -83.699
31.972 -19.988 -84.398
28.980 -21.279 -82.477
30.230 -24.889 -82.518
33.667 -24.107 -81.051
34.779 -25.118 -77.574
36.829 -22.605 -75.557
40.078 -22.091 -77.440
41.464 -18.571 -77.306
41.831 -17.786 -73.599
41.346 -14.301 -72.139
43.102 -11.715 -74.310
41.850 -8.429 -72.796
41.722 -7.610 -69.076
40.360 -4.647 -67.168
42.402 -2.750 -64.615
40.655 -4.412 -61.675
38.646 -2.961 -58.818
39.232 -3.660 -55.138
36.431 -5.074 -52.979
37.072 -5.201 -49.217
34.531 -7.064 -47.067
34.907 -6.505 -43.331
32.902 -5.810 -40.194
35.498 -3.247 -39.089
34.810 0.478 -39.111
37.401 2.845 -40.524
39.989 3.381 -37.793
43.371 5.074 -37.665
46.463 3.276 -36.390
48.454 3.580 -33.221
52.160 4.166 -33.891
54.780 2.693 -31.556
58.560 3.151 -31.807
60.816 0.182 -32.517
63.939 1.172 -30.572
67.004 -0.997 -29.850
67.783 -1.825 -26.227
73.423 -4.135 -26.777
73.735 -2.802 -30.319
76.592 -3.879 -32.586
79.618 -1.996 -31.219
80.797 0.157 -34.119
78.278 -1.217 -36.602
74.750 -0.829 -37.966
71.640 -0.300 -35.851
68.039 -0.761 -36.947
64.977 1.148 -35.825
61.415 1.456 -36.966
57.772 2.095 -36.230
55.021 -0.417 -35.494
51.768 0.663 -37.166
49.076 -1.322 -35.360
45.299 -1.786 -35.514
44.064 0.205 -38.510
41.384 -0.234 -41.173
41.375 -0.163 -44.086
44.487 -0.504 -46.194
46.712 1.271 -46.995
49.091 3.254 -44.814
52.177 5.067 -46.064
55.341 5.469 -44.010
58.185 7.867 -44.746
61.260 8.731 -42.688
62.318 12.295 -41.839
59.648 13.599 -44.242
61.126 11.706 -47.189
64.739 12.730 -46.540
65.714 9.208 -45.418
64.903 6.578 -48.053
67.971 4.357 -48.352
67.672 1.104 -46.415
63.972 1.556 -45.635
61.794 -1.571 -45.601
58.027 -1.296 -45.084
56.484 -4.745 -44.652
53.126 -5.898 -46.060
50.255 -5.576 -43.620
48.827 -8.651 -41.927
45.108 -8.943 -41.251
44.818 -9.777 -37.551
41.964 -11.868 -36.151
40.379 -8.680 -34.790
39.779 -7.541 -38.376
42.409 -4.779 -38.153
45.737 -4.585 -39.997
49.234 -4.059 -38.618
52.674 -3.576 -40.138
56.158 -2.340 -39.315
58.521 -0.076 -41.245
62.217 -0.341 -40.453
65.365 1.489 -41.473
69.033 0.844 -40.766
71.297 3.627 -39.497
74.775 3.951 -37.989
74.718 2.730 -34.397
76.503 5.853 -33.119
73.831 8.216 -34.482
71.093 6.847 -32.197
71.676 9.495 -29.535
72.424 12.390 -31.891
70.543 12.222 -35.192
66.764 12.583 -35.062
64.692 9.832 -36.702
60.965 10.421 -37.215
58.570 8.086 -39.032
55.686 9.800 -40.845
52.737 7.403 -40.826
49.765 8.541 -42.908
46.394 6.768 -43.000
44.376 8.815 -45.464
41.118 6.783 -45.135
40.792 7.864 -41.482
42.457 11.288 -41.935
45.215 10.234 -39.508
48.821 11.464 -39.723
51.252 10.562 -36.928
54.882 11.707 -36.671
56.744 9.546 -34.127
60.336 10.152 -33.053
62.291 6.921 -32.524
65.208 6.740 -30.089
66.318 4.122 -27.546
65.069 4.472 -24.004
66.664 6.984 -21.636
66.683 4.881 -18.397
