30.117 72.675 -4.759
27.632 69.742 -5.702
24.601 70.215 -3.364
21.149 68.587 -3.786
18.070 69.987 -2.059
14.929 68.015 -1.237
13.211 68.087 -4.623
16.372 66.646 -6.219
16.445 64.013 -3.491
12.737 63.097 -4.030
13.558 62.573 -7.734
16.405 60.142 -6.861
15.137 58.129 -3.979
11.797 56.317 -3.908
11.435 56.669 -0.109
8.645 59.002 1.049
7.274 60.126 4.425
7.699 58.837 7.103
10.818 56.988 5.913
12.830 59.543 3.831
15.715 60.414 6.138
18.057 62.538 3.971
17.183 66.216 4.060
20.058 67.641 1.991
23.235 66.679 0.088
26.122 68.926 0.882
28.651 67.488 -1.589
29.473 64.365 -3.474
31.896 62.881 -6.061
30.431 60.228 -8.224
31.762 56.838 -7.444
33.610 58.004 -4.383
31.767 59.779 -1.569
28.644 61.678 -0.510
28.036 63.964 2.430
24.433 64.433 3.471
22.454 66.075 6.362
19.639 64.596 8.387
18.068 67.376 10.586
16.762 65.736 13.768
13.591 67.502 14.953
11.229 66.767 17.846
8.354 67.023 15.290
9.164 63.670 13.680
6.648 60.901 14.214
8.913 58.205 15.745
9.837 60.466 18.714
6.282 59.924 20.199
7.339 56.276 20.708
11.040 56.472 21.194
10.714 57.344 23.977
7.822 59.103 25.839
9.549 61.737 28.035
12.930 61.070 26.480
13.391 61.595 22.764
16.212 59.531 21.327
16.727 59.239 17.528
16.733 55.461 16.903
20.136 54.048 16.004
18.491 51.846 13.379
17.326 55.042 11.660
20.903 56.379 11.492
21.717 53.164 9.563
18.707 53.833 7.323
19.614 57.367 6.678
23.207 56.423 5.738
21.868 53.610 3.460
19.678 56.226 1.762
22.686 58.465 1.325
24.463 55.489 -0.439
21.448 55.255 -2.683
21.639 58.797 -3.704
25.404 58.303 -4.522
24.654 55.084 -6.418
21.951 56.763 -8.504
23.792 59.828 -9.328
26.948 57.744 -10.128
25.548 54.655 -11.911
22.048 55.639 -13.074
18.587 56.202 -11.662
16.414 53.443 -10.613
14.052 52.172 -13.261
10.309 52.094 -12.301
9.690 49.005 -10.039
13.376 48.439 -9.351
14.377 48.699 -5.691
17.480 49.694 -3.659
17.698 46.897 -1.145
19.572 46.907 2.105
21.362 43.497 2.028
23.514 43.635 5.105
25.427 45.588 7.719
28.793 44.969 9.377
30.180 46.612 12.486
27.510 49.140 13.229
28.547 51.045 16.352
26.493 53.640 18.130
28.679 56.023 20.169
26.126 58.292 21.904
22.493 59.348 21.494
21.384 61.646 18.788
18.619 64.032 19.925
16.223 66.748 18.775
18.090 69.836 17.568
21.092 67.733 16.281
22.111 68.120 12.692
23.463 64.709 11.787
26.161 64.998 9.045
26.617 61.684 7.261
29.609 60.717 5.023
29.358 57.665 2.918
32.193 56.160 0.782
32.063 53.587 -1.902
34.392 50.636 -1.106
33.841 48.061 -3.809
31.376 45.894 -5.641
31.434 42.214 -4.797
29.038 39.404 -5.378
26.303 41.522 -7.105
26.407 43.722 -3.864
27.946 47.131 -3.326
29.842 47.859 -0.128
29.931 51.258 1.493
31.258 52.715 4.737
29.433 55.393 6.598
30.219 57.750 9.441
27.636 60.013 11.086
28.675 63.082 13.073
27.073 65.647 15.293
29.004 68.896 16.234
32.120 67.259 14.699
32.007 64.193 16.848
31.305 60.651 15.588
27.983 59.204 16.709
27.774 56.157 14.466
29.865 54.128 12.039
28.852 51.164 9.938
29.669 49.194 6.836
26.653 48.722 4.571
25.944 46.317 1.633
23.208 47.376 -0.842
21.906 45.758 -4.113
19.547 46.742 -6.940
16.921 44.234 -8.077
