27.573 -12.507 21.677
31.197 -13.520 22.318
34.647 -14.745 21.282
36.923 -16.673 23.666
40.375 -17.796 22.538
42.813 -20.266 24.148
45.829 -22.506 23.610
48.380 -19.936 24.705
51.545 -21.037 26.474
55.289 -21.127 27.012
57.702 -22.676 24.469
61.319 -22.533 23.276
62.343 -21.286 19.792
61.546 -23.644 16.894
58.557 -25.483 18.381
54.841 -24.781 18.012
51.444 -23.782 19.419
47.762 -24.041 18.478
45.466 -21.101 19.232
41.722 -21.319 18.817
38.739 -19.017 19.100
35.259 -19.812 20.487
32.449 -18.070 18.623
29.007 -17.674 20.144
26.018 -15.382 19.681
26.322 -15.164 15.886
26.382 -16.988 12.525
30.096 -17.743 12.923
31.257 -17.837 9.253
28.953 -15.333 7.835
32.030 -13.390 9.086
35.725 -13.010 8.266
38.214 -13.660 11.079
41.474 -11.970 12.079
44.435 -12.697 14.360
45.897 -9.642 16.134
48.843 -9.678 18.526
50.210 -7.264 21.108
53.847 -7.800 22.097
54.762 -6.398 25.573
54.840 -2.584 25.640
54.018 -2.368 21.946
50.954 -1.474 19.888
48.429 -3.645 18.084
49.820 -5.590 15.152
47.820 -7.470 12.543
48.784 -11.122 12.058
46.460 -13.069 9.758
43.010 -13.410 8.168
40.533 -16.077 7.048
37.514 -15.257 4.871
34.064 -16.411 6.086
34.595 -19.266 3.550
38.082 -20.517 4.163
38.923 -18.934 0.805
41.688 -16.385 1.077
44.208 -16.492 3.848
46.629 -13.638 4.285
49.672 -13.349 6.551
51.820 -10.436 7.810
55.258 -10.142 6.143
57.124 -11.439 9.228
55.164 -14.565 10.229
54.716 -15.291 6.491
55.490 -18.931 5.754
55.555 -20.036 9.409
51.971 -19.617 10.584
48.852 -21.306 9.240
45.363 -19.963 9.880
42.240 -22.109 9.423
38.672 -22.758 10.533
36.097 -25.475 11.154
32.714 -23.852 10.679
30.425 -26.626 12.016
32.000 -26.308 15.444
32.329 -22.472 15.285
36.079 -22.205 15.992
38.994 -20.403 14.283
42.570 -21.658 14.638
46.107 -20.419 14.324
48.933 -22.870 13.790
52.056 -21.265 15.201
55.114 -23.166 13.926
58.814 -22.085 13.847
58.193 -19.769 16.822
60.784 -17.155 17.671
61.269 -14.825 20.665
59.796 -11.877 18.682
56.410 -13.601 18.452
55.851 -13.167 22.185
52.571 -11.335 22.588
49.036 -11.460 23.783
47.174 -12.968 20.847
43.643 -11.781 20.153
41.135 -13.006 17.604
38.593 -10.629 16.121
35.488 -10.834 13.950
35.062 -8.587 10.916
32.669 -5.630 11.195
30.100 -6.672 8.598
28.817 -9.967 7.245
29.332 -10.637 3.535
26.517 -8.790 1.672
27.753 -7.926 -1.822
30.120 -9.386 -4.387
33.045 -7.150 -3.674
35.094 -7.384 -0.466
35.504 -4.313 1.694
36.986 -4.046 5.220
34.593 -2.857 7.926
36.868 -2.847 10.985
36.974 -5.474 13.739
34.034 -5.114 16.081
34.340 -8.185 18.316
37.545 -9.223 20.095
38.383 -12.110 22.376
39.941 -11.340 25.764
43.242 -12.677 24.454
45.681 -15.409 25.381
49.339 -15.034 26.209
52.082 -16.669 24.203
55.673 -16.603 25.428
58.636 -17.919 23.494
61.901 -18.200 25.400
65.314 -19.873 25.811
65.247 -19.385 29.596
63.545 -21.988 31.773
60.202 -22.051 33.566
60.369 -21.424 37.324
57.597 -21.514 39.935
57.390 -18.880 42.646
58.521 -18.883 46.211
55.643 -17.573 48.327
56.111 -15.667 51.578
53.574 -14.137 53.946
53.535 -10.377 54.501
52.414 -10.092 58.142
50.295 -7.196 59.485
52.303 -4.918 61.852
51.150 -3.439 65.206
41.745 1.632 62.009
42.722 -0.924 59.385
45.648 -3.241 58.790
47.596 -4.115 55.647
48.723 -7.691 55.043
49.801 -9.618 51.974
51.646 -12.101 49.765
55.126 -11.846 48.289
55.315 -14.020 45.143
59.003 -14.307 44.456
61.423 -15.342 41.689
59.199 -16.946 39.028
59.106 -17.231 35.237
57.302 -16.487 33.043
54.273 -14.229 33.542
51.587 -14.524 34.721
50.736 -15.479 38.276
47.307 -15.245 39.888
46.469 -14.532 43.513
43.016 -14.640 45.088
42.244 -14.193 48.767
40.519 -16.949 50.724
39.518 -18.986 47.638
38.121 -15.824 46.026
35.777 -15.034 48.907
37.556 -11.697 49.408
37.839 -8.995 46.749
37.242 -5.829 48.746
40.463 -4.068 49.754
42.584 -6.224 47.459
45.444 -4.460 45.624
47.322 -6.629 43.057
50.629 -5.138 41.889
52.272 -5.551 38.483
55.410 -7.696 38.703
58.879 -6.242 38.718
61.306 -7.640 36.163
64.602 -8.453 37.778
68.061 -8.120 36.246
68.207 -11.919 36.644
65.314 -12.194 34.175
63.012 -13.596 36.883
59.704 -11.902 37.915
58.478 -10.911 41.363
54.992 -9.812 42.320
52.961 -8.681 45.338
49.373 -8.748 46.452
47.991 -6.900 49.460
44.609 -6.823 51.130
43.634 -4.139 53.575
41.294 -5.352 56.377
39.959 -4.126 59.730
42.440 -4.396 62.641
39.720 -5.980 64.805
39.435 -9.053 62.551
43.082 -10.092 63.065
42.191 -12.406 65.980
38.814 -13.516 64.590
39.396 -13.906 60.830
41.974 -16.083 59.076
43.552 -14.769 55.907
44.956 -16.941 53.152
46.255 -16.020 49.733
45.898 -18.527 46.885
48.813 -18.419 44.492
48.529 -19.996 41.079
51.346 -20.179 38.511
50.070 -22.326 35.652
53.331 -22.618 33.569
54.961 -24.528 36.447
51.628 -25.869 37.616
52.405 -24.340 41.025
49.574 -23.749 43.483
50.335 -22.650 47.030
48.079 -21.498 49.867
49.652 -19.324 52.544
48.253 -18.428 55.922
49.120 -14.815 56.626
49.189 -14.760 60.413
49.428 -11.621 62.575
