7.083 -11.722 65.275
8.680 -8.263 64.948
12.466 -7.846 65.116
14.287 -6.985 68.332
16.343 -3.812 67.811
19.794 -3.181 69.306
19.722 -6.277 71.557
22.413 -6.263 74.271
25.422 -8.583 74.407
25.451 -11.122 75.975
22.059 -11.760 74.340
19.540 -14.353 75.542
16.477 -14.900 73.348
13.738 -17.495 73.793
12.811 -19.580 70.741
10.846 -25.090 64.275
11.736 -26.379 60.802
11.503 -24.126 57.701
11.794 -21.045 59.944
14.644 -18.576 59.370
16.372 -16.445 62.015
17.882 -13.071 61.130
20.898 -11.642 62.918
22.510 -8.372 61.864
25.686 -7.551 63.745
29.037 -5.818 63.851
32.531 -7.115 64.568
34.516 -4.650 66.714
37.952 -3.719 65.281
39.616 -4.959 68.489
37.421 -8.054 68.526
39.070 -11.386 69.274
36.092 -13.739 69.086
32.333 -14.132 69.550
29.860 -17.031 69.777
26.301 -17.802 68.663
24.738 -20.719 70.556
21.540 -22.679 69.893
20.908 -24.388 73.235
18.408 -26.784 74.794
19.883 -27.273 78.924
23.379 -25.813 78.885
23.996 -28.253 76.059
24.616 -26.583 72.694
23.077 -28.104 69.552
24.935 -25.674 67.281
27.878 -23.546 68.392
29.028 -20.898 65.885
32.383 -19.388 66.869
34.112 -16.872 64.562
37.677 -16.204 65.731
39.324 -13.093 64.247
42.750 -14.146 65.529
43.140 -16.893 62.905
40.093 -16.130 60.746
38.225 -19.374 61.437
34.516 -20.081 61.713
34.310 -23.038 64.098
31.152 -25.160 64.384
30.519 -27.784 67.069
28.066 -29.356 69.527
28.249 -29.505 73.336
26.865 -32.540 75.226
27.567 -33.211 78.907
30.384 -30.673 78.947
32.029 -32.434 76.006
32.557 -30.917 72.565
32.127 -33.109 69.484
34.152 -32.893 66.277
34.881 -29.409 64.909
33.655 -28.331 61.481
35.660 -25.433 60.033
35.389 -25.559 56.226
34.252 -22.354 54.509
34.507 -20.642 51.117
34.410 -17.152 52.621
34.684 -15.345 55.976
32.250 -12.432 56.542
33.471 -11.788 60.103
36.516 -9.566 59.597
37.193 -7.037 62.389
35.375 -3.709 62.001
32.901 -5.219 59.522
29.111 -5.561 59.630
27.417 -8.863 58.769
23.923 -10.024 57.817
23.476 -13.575 59.093
20.552 -15.916 58.446
20.021 -19.341 60.019
17.311 -21.627 58.630
16.288 -24.582 60.765
15.812 -27.555 58.439
14.627 -31.092 59.129
18.098 -32.717 59.155
20.357 -29.647 59.392
20.975 -25.967 59.962
21.565 -23.900 56.829
23.500 -20.694 57.485
23.994 -17.852 55.022
26.073 -14.700 55.358
25.192 -11.635 53.296
23.096 -13.754 50.956
25.883 -16.232 50.267
25.754 -19.737 51.737
28.311 -20.138 54.519
27.808 -23.681 55.805
25.382 -26.482 56.585
25.363 -28.121 60.014
23.775 -31.536 60.440
21.741 -31.961 63.618
23.701 -34.003 66.158
21.393 -33.397 69.111
18.091 -35.259 69.269
16.479 -25.938 70.726
14.488 -23.243 72.535
17.237 -20.730 73.417
19.469 -18.326 71.444
22.676 -17.100 73.148
25.117 -14.548 71.737
28.200 -13.484 73.738
31.686 -12.132 73.161
33.184 -9.410 71.008
30.147 -8.456 68.912
27.545 -5.664 68.558
23.983 -6.541 67.517
21.864 -4.308 65.254
18.746 -6.491 65.322
17.539 -10.064 65.728
14.387 -11.273 63.970
12.737 -14.678 64.333
