-14.979 -43.233 17.899
-12.249 -44.403 15.611
-10.518 -41.136 14.625
-10.582 -39.670 18.128
-8.603 -42.615 19.431
-5.959 -41.774 16.832
-5.876 -38.130 17.714
-5.247 -39.060 21.355
-2.415 -41.439 20.413
-0.781 -39.489 17.539
-1.184 -35.919 18.806
-1.574 -34.318 15.344
-0.026 -30.967 14.829
-2.842 -28.676 13.895
-2.003 -25.184 12.683
-4.565 -22.474 13.482
-4.753 -19.061 11.838
-7.811 -17.964 13.762
-9.427 -14.943 15.178
-8.274 -13.005 18.204
-11.334 -13.733 20.330
-11.001 -17.551 20.253
-7.282 -18.458 20.094
-6.977 -19.652 23.687
-10.238 -21.613 23.640
-9.425 -23.168 20.280
-6.023 -24.289 21.541
-7.501 -25.671 24.739
-10.130 -27.557 22.883
-7.586 -29.091 20.582
-5.445 -30.019 23.587
-8.449 -31.593 25.276
-8.941 -34.081 22.428
-5.192 -34.801 22.253
-4.192 -32.637 19.281
-1.170 -30.344 19.299
-2.297 -26.834 18.344
0.053 -24.171 16.961
-1.194 -20.692 16.321
1.459 -19.803 13.784
0.585 -16.728 11.658
4.009 -15.877 10.191
4.248 -16.747 6.483
8.045 -16.976 7.001
7.672 -20.198 8.955
4.704 -21.761 7.063
6.738 -23.936 4.731
8.629 -25.571 7.658
5.616 -25.915 9.929
3.314 -27.229 7.193
5.636 -30.041 6.097
5.129 -31.644 9.534
1.512 -30.521 10.278
-1.681 -32.503 9.757
-4.069 -29.627 8.932
-4.506 -25.861 8.850
-7.517 -23.902 10.090
-8.157 -20.479 8.547
-10.836 -18.499 10.409
-11.509 -14.869 9.388
-13.431 -13.683 12.451
-11.174 -10.766 13.070
-10.017 -10.126 9.511
-8.082 -6.916 8.991
-5.617 -5.539 6.426
-2.770 -7.017 8.532
-4.090 -10.512 7.811
-5.379 -10.422 4.212
-2.272 -11.006 2.205
-0.692 -13.300 4.825
-3.760 -15.535 4.743
-3.639 -15.754 0.939
0.096 -16.562 1.082
-0.211 -19.258 3.745
-3.159 -20.870 1.941
-0.948 -21.182 -1.128
1.859 -22.604 1.025
-0.590 -25.147 2.425
-1.783 -26.137 -1.084
1.847 -26.589 -2.189
2.598 -28.693 0.934
-0.492 -30.872 0.512
-1.742 -29.634 3.884
-5.535 -29.694 4.163
-7.306 -26.404 4.912
-10.430 -25.996 6.994
-11.930 -22.585 6.147
-14.374 -20.773 8.431
-15.801 -17.696 6.695
-16.974 -16.066 9.916
-19.693 -13.460 9.362
-19.078 -13.301 5.645
-22.646 -12.141 5.108
-22.084 -9.096 7.318
-19.780 -7.100 5.063
-18.721 -6.651 1.507
-15.151 -6.549 2.892
-15.429 -10.150 4.122
-17.382 -11.310 1.046
-14.796 -9.969 -1.314
-12.002 -11.534 0.732
-13.584 -14.976 0.903
-14.180 -14.882 -2.905
-10.518 -14.022 -3.412
-9.297 -16.757 -1.019
-11.435 -19.410 -2.649
-10.246 -18.411 -6.124
-6.618 -18.499 -4.928
-6.552 -21.769 -3.042
-8.326 -25.086 -2.775
-9.611 -25.786 0.706
-10.634 -29.192 2.114
-13.584 -28.208 4.278
-15.745 -25.108 4.377
-17.563 -24.755 7.655
-20.118 -22.102 8.547
-23.635 -21.421 9.612
-26.396 -21.334 6.997
-26.278 -17.572 6.547
-22.502 -17.695 6.035
-22.599 -20.420 3.415
-25.560 -18.811 1.687
-23.603 -15.554 1.473
-20.658 -17.367 -0.081
-22.765 -18.792 -2.866
-25.003 -15.635 -3.271
-23.640 -14.429 -6.654
-24.067 -17.712 -8.601
-26.005 -19.526 -11.323
-28.498 -20.257 -8.519
-33.464 -22.025 1.872
-32.927 -25.261 3.885
-29.372 -26.087 5.045
-29.173 -29.306 3.049
-29.963 -27.435 -0.180
-27.489 -24.674 0.606
-24.802 -27.221 1.408
-25.339 -29.142 -1.857
-25.222 -25.926 -3.861
-22.002 -24.968 -2.136
-20.562 -28.394 -2.791
-21.418 -28.025 -6.533
-19.605 -24.686 -6.671
-16.476 -25.438 -4.636
-16.190 -29.230 -4.929
-15.101 -29.310 -1.309
-16.690 -30.804 1.819
-19.279 -28.468 3.323
-20.266 -28.352 6.986
-23.215 -26.242 7.925
-23.781 -25.813 11.616
-27.185 -24.994 13.098
-29.869 -26.555 15.260
-29.159 -29.630 13.143
-25.768 -29.812 11.443
-25.345 -30.790 7.831
-22.339 -32.353 6.153
-21.932 -32.885 2.416
-18.927 -34.691 1.043
-18.514 -36.776 -2.061
-21.742 -38.556 -2.825
-23.232 -38.232 0.688
-25.225 -35.728 2.680
-25.903 -36.297 6.376
-27.849 -34.492 9.109
-26.728 -34.603 12.731
-28.773 -33.629 15.753
-26.593 -33.370 18.856
-25.561 -30.448 21.085
-26.689 -27.900 23.665
-28.201 -24.419 23.559
-25.407 -23.328 25.914
-22.988 -23.543 22.983
-24.425 -20.391 21.445
-23.627 -18.548 24.626
-19.923 -19.391 24.498
-17.997 -17.219 22.117
-16.029 -19.198 19.663
-17.800 -22.537 20.202
-18.242 -22.687 16.438
-14.721 -21.411 15.980
-13.389 -24.205 18.169
-15.455 -26.685 16.070
-13.512 -25.604 12.992
-10.316 -26.413 14.907
-11.672 -29.781 16.030
-12.501 -30.609 12.419
-8.944 -29.722 11.419
-7.778 -32.085 14.174
-9.627 -34.973 12.525
-8.102 -34.586 9.048
-4.725 -36.404 9.371
-3.340 -34.685 6.264
-6.135 -35.906 3.979
-6.975 -33.218 1.476
-10.228 -35.034 0.582
-11.348 -36.199 3.969
-13.650 -39.093 4.464
-17.137 -37.992 5.449
-16.783 -40.370 8.469
-14.004 -38.162 9.844
-16.159 -35.080 9.515
-19.165 -36.831 11.100
-16.995 -37.958 13.998
-15.482 -34.479 14.500
-18.880 -32.740 14.674
-20.375 -35.485 16.747
-17.597 -35.595 19.283
-17.991 -31.842 19.785
-21.743 -31.772 20.026
-22.042 -34.912 22.168
-19.492 -33.474 24.558
-21.557 -30.299 24.694
-24.706 -32.277 25.435
-23.045 -34.223 28.189
-21.340 -31.200 29.750
-24.635 -29.293 29.930
-26.123 -32.297 31.856
-23.418 -32.144 34.467
-24.760 -31.217 37.944
-22.042 -28.508 38.191
-23.081 -26.803 34.992
-24.757 -23.611 36.161
-24.660 -21.575 32.953
-22.484 -20.550 30.062
-19.551 -19.716 32.309
-19.220 -23.024 34.054
-20.175 -24.835 30.915
-17.026 -23.957 29.070
-14.597 -25.698 31.548
-16.914 -28.638 31.649
-17.045 -28.887 27.877
-13.264 -29.152 27.804
-13.354 -31.822 30.545
-16.008 -33.774 28.636
-13.999 -33.690 25.394
-10.960 -34.929 27.358
-12.885 -37.896 28.864
-15.287 -38.768 26.001
-15.481 -42.521 25.484
-16.806 -44.820 22.817
-19.714 -45.951 24.941
-21.061 -42.472 25.387
-20.408 -41.599 21.798
-22.350 -44.566 20.446
-25.185 -44.152 22.878
-25.697 -40.450 22.182
-25.008 -39.902 18.537
-28.099 -38.777 16.600
-27.810 -39.108 12.850
-31.180 -37.837 11.432
-31.024 -38.301 7.692
-28.580 -39.690 5.161
-28.956 -38.908 1.421
