200.228 7.705 51.735
200.364 4.161 50.336
197.176 5.177 48.506
199.077 7.953 46.708
200.737 6.840 43.470
203.284 9.653 43.117
204.382 9.328 46.737
204.878 5.581 46.544
206.573 5.678 43.124
209.020 8.150 44.639
209.915 5.646 47.348
210.201 2.760 44.871
212.576 5.022 42.919
215.153 4.903 45.716
216.122 1.459 44.395
218.398 1.890 41.383
217.985 -0.345 38.338
219.427 -0.923 34.911
217.052 -0.625 31.960
215.897 -3.153 29.361
213.742 -3.372 26.279
211.417 -6.375 26.246
210.388 -7.511 22.749
208.386 -10.127 20.854
208.629 -11.238 17.230
205.957 -12.921 15.133
203.351 -11.273 12.920
203.040 -8.204 15.125
206.534 -7.522 16.514
206.456 -5.205 19.500
208.717 -3.687 22.144
208.445 -1.968 25.517
210.826 -0.514 28.080
211.154 -2.443 31.342
213.290 -2.089 34.471
211.485 -4.831 36.407
213.850 -7.350 34.815
215.316 -9.713 37.420
217.535 -12.797 37.326
215.650 -15.571 39.119
217.238 -19.009 38.780
220.283 -20.795 37.366
218.949 -24.332 37.262
216.763 -24.092 35.296
217.932 -20.734 33.841
215.035 -18.347 34.543
214.382 -14.598 34.513
211.307 -12.473 35.182
209.738 -9.185 34.152
206.666 -7.430 35.541
204.229 -6.101 32.950
201.183 -3.906 33.528
197.889 -5.714 32.907
196.627 -2.883 30.691
199.829 -2.759 28.641
199.873 -4.166 25.121
202.983 -6.256 25.794
200.992 -8.136 28.447
198.896 -9.551 25.615
201.800 -9.969 23.174
203.813 -11.988 25.684
200.877 -14.338 26.292
199.983 -14.544 22.584
203.506 -15.165 21.256
204.839 -17.227 24.182
208.455 -16.109 23.728
210.358 -12.840 24.021
213.644 -10.962 23.903
215.373 -8.796 26.490
218.115 -6.246 25.770
220.048 -4.616 28.599
220.638 -1.003 27.647
223.906 0.907 27.529
224.120 4.507 28.736
224.059 5.929 25.186
220.723 4.179 24.573
218.671 6.430 26.824
216.742 7.509 23.743
215.745 3.877 23.166
214.464 3.589 26.744
212.438 6.772 26.347
210.975 5.840 22.962
209.674 2.421 23.989
208.343 3.814 27.243
206.228 6.292 25.228
202.609 5.069 24.919
202.102 7.609 22.138
204.858 6.053 20.037
204.507 4.808 16.444
203.732 1.073 16.665
204.527 0.037 13.072
206.266 -3.410 13.092
208.413 -2.123 10.229
210.572 -0.225 12.749
212.067 -3.512 13.954
213.466 -4.046 10.457
215.703 -0.976 10.810
219.432 -1.509 11.313
219.549 -0.752 15.056
217.821 -4.107 15.587
218.925 -7.710 15.332
216.529 -10.661 15.352
217.002 -13.405 17.912
217.876 -16.675 16.202
215.565 -18.766 18.402
212.556 -16.479 18.861
212.887 -13.896 16.099
212.419 -11.273 18.815
214.100 -7.917 18.168
217.335 -7.375 20.093
218.917 -3.928 20.270
222.400 -3.540 18.808
224.852 -1.837 21.164
223.169 -3.380 24.208
225.203 -4.619 27.174
223.529 -8.032 26.852
220.894 -10.089 25.003
218.459 -12.737 26.240
215.880 -14.869 24.459
213.217 -16.497 26.591
210.275 -18.852 26.406
207.345 -17.994 28.641
207.411 -20.436 31.557
204.661 -18.923 33.669
202.645 -15.768 34.072
201.739 -15.078 37.696
199.100 -12.707 39.016
200.522 -9.714 40.870
197.882 -7.006 41.251
197.866 -4.490 38.399
200.891 -6.284 36.896
201.646 -9.874 36.001
205.001 -11.520 36.662
206.260 -13.176 33.482
208.853 -15.877 34.148
210.967 -16.784 31.131
213.196 -19.804 30.704
216.320 -18.763 28.822
216.891 -20.192 25.339
219.894 -17.974 24.735
221.952 -15.439 26.619
224.937 -13.424 25.501
227.037 -10.664 26.988
228.568 -7.944 24.834
231.310 -5.370 25.312
231.241 -3.739 28.698
230.666 -0.017 28.502
228.735 2.662 30.399
225.373 1.390 31.601
221.958 3.021 31.592
220.609 3.330 35.102
217.230 4.527 36.338
217.239 6.043 39.819
215.206 8.685 41.669
213.128 8.979 38.508
216.254 10.042 36.617
218.219 8.365 33.877
221.903 8.067 34.757
225.089 6.797 33.224
227.037 4.242 35.232
230.677 4.151 34.127
232.009 0.725 33.205
234.830 -0.615 31.070
236.529 -3.944 30.465
240.080 -4.100 31.816
