33.665 13.313 47.621
30.110 12.063 48.020
30.755 8.621 46.531
30.933 6.472 49.671
28.856 3.291 49.655
26.682 3.359 52.770
24.717 0.708 54.633
21.605 2.586 53.513
20.727 2.576 49.832
19.553 -0.974 49.183
16.432 -1.043 46.986
13.750 -3.663 46.319
14.909 -5.954 43.529
18.613 -5.400 44.140
20.714 -8.569 44.226
22.451 -9.502 47.479
26.031 -10.639 46.910
28.974 -11.693 49.044
32.655 -12.022 48.205
34.871 -15.045 48.771
33.614 -17.727 51.133
31.620 -17.479 54.329
31.903 -19.753 57.348
35.595 -20.666 56.958
36.880 -18.730 59.947
34.066 -19.886 62.222
34.696 -23.510 61.304
38.409 -22.865 61.872
37.749 -21.548 65.362
35.929 -24.757 66.326
38.610 -26.915 64.698
41.895 -25.280 65.652
44.691 -26.932 63.686
42.491 -27.535 60.667
43.612 -25.896 57.405
40.648 -23.494 57.656
42.266 -21.964 60.737
44.156 -19.957 58.112
40.933 -18.047 57.375
40.547 -17.286 61.083
44.144 -16.155 61.514
44.577 -14.482 58.122
41.358 -12.959 56.796
41.790 -11.140 53.495
40.435 -7.591 53.363
38.803 -7.180 49.949
40.405 -3.829 49.254
40.341 -3.789 45.449
36.801 -5.177 45.334
35.656 -2.380 47.638
37.133 0.174 45.249
35.587 -1.541 42.244
32.158 -1.376 43.922
32.226 2.436 44.195
29.564 3.618 41.771
28.104 0.125 41.399
26.957 -1.173 44.798
23.745 0.321 46.181
24.799 -0.574 49.776
27.640 -2.460 51.454
28.961 -3.809 54.753
31.867 -6.050 55.693
31.058 -9.335 57.398
32.758 -9.195 60.785
29.912 -10.571 62.907
28.111 -12.966 60.567
26.341 -12.605 57.224
22.825 -12.617 58.658
23.517 -10.000 61.321
25.634 -7.761 59.118
23.266 -7.939 56.151
20.693 -7.141 58.835
22.343 -3.750 59.380
21.850 -2.975 55.681
18.234 -4.135 55.843
17.515 -1.911 58.864
19.330 1.121 57.466
17.602 0.731 54.103
14.178 -0.256 55.553
13.911 -3.367 53.368
14.278 -7.123 53.762
15.914 -9.945 51.831
15.347 -13.511 50.732
18.536 -15.581 50.685
19.067 -18.836 48.814
20.818 -21.310 51.088
22.226 -23.598 48.390
23.918 -20.561 46.787
25.849 -19.460 49.904
29.551 -19.817 49.034
30.931 -22.267 51.563
34.130 -24.283 51.582
34.017 -27.868 50.269
34.764 -28.926 53.871
31.549 -27.306 55.095
29.593 -28.782 52.155
30.308 -32.166 53.748
28.951 -31.367 57.218
25.358 -31.359 58.492
23.522 -28.629 56.621
22.159 -26.865 59.756
25.710 -26.711 61.120
26.953 -25.548 57.711
24.506 -22.722 57.522
25.078 -21.657 61.154
28.782 -21.260 60.327
27.976 -19.425 57.078
25.318 -17.110 58.467
26.203 -16.642 62.131
29.861 -17.628 62.372
31.483 -14.258 61.794
35.166 -13.410 61.387
34.842 -13.660 57.593
35.752 -10.052 56.743
34.203 -10.536 53.324
32.117 -7.853 51.638
28.317 -8.146 51.480
26.696 -5.743 49.082
23.518 -5.035 47.171
23.472 -4.136 43.504
20.910 -3.625 40.746
20.722 -6.348 38.089
21.916 -3.701 35.648
25.002 -2.782 37.689
25.679 -6.457 38.466
26.190 -7.123 34.750
28.669 -4.220 34.733
30.471 -5.709 37.745
30.756 -9.090 36.017
32.612 -7.342 33.181
35.420 -6.295 35.528
38.477 -8.385 36.367
38.156 -8.913 40.124
40.681 -10.490 42.497
38.071 -12.475 44.434
35.010 -14.474 43.549
31.573 -12.900 43.881
28.374 -14.850 44.539
24.797 -13.723 44.135
22.969 -15.185 47.139
19.540 -13.577 47.097
17.541 -10.443 46.579
16.213 -7.389 48.431
12.433 -7.425 49.027
9.813 -5.019 50.400
8.999 -7.243 53.371
11.262 -6.115 56.212
12.364 -9.595 57.190
15.407 -11.726 56.428
14.104 -15.058 55.137
15.791 -18.159 53.757
14.864 -20.756 51.204
16.365 -24.117 50.324
15.738 -25.280 46.742
12.390 -23.506 46.560
11.194 -24.318 50.078
10.884 -21.892 52.982
13.606 -22.748 55.480
13.104 -21.624 59.093
16.401 -20.646 60.702
17.316 -19.226 64.118
20.478 -17.119 64.088
22.342 -15.842 67.146
24.536 -12.861 66.355
27.790 -11.634 67.880
27.725 -8.827 70.408
30.130 -7.862 73.158
28.646 -8.228 76.663
26.026 -10.546 75.183
