-24.165 9.339 30.318
-24.066 10.141 26.597
-26.697 8.864 24.118
-25.312 6.126 21.840
-25.970 4.329 18.545
-27.085 7.374 16.546
-28.194 6.103 13.111
-30.264 6.676 10.002
-32.993 4.040 10.149
-34.502 4.903 6.740
-34.448 7.716 4.179
-36.540 9.068 1.352
-34.938 11.531 -1.086
-35.735 14.495 1.243
-36.405 13.082 4.740
-34.732 10.872 7.315
-35.840 8.665 10.159
-33.153 8.577 12.850
-32.782 6.712 16.143
-30.388 6.515 19.099
-30.159 4.599 22.434
-31.117 6.789 25.431
-28.812 7.197 28.464
-30.077 5.140 31.423
-30.681 8.270 33.573
-33.493 10.832 33.127
-33.214 12.962 29.983
-34.990 16.321 30.170
-34.995 16.633 26.354
-32.801 16.318 23.302
-31.593 19.041 21.038
-30.914 17.736 17.535
-29.014 19.764 14.934
-28.528 19.153 11.217
-26.748 21.080 8.457
-24.194 20.572 5.714
-20.865 19.052 6.716
-18.289 21.872 6.361
-21.119 24.014 4.934
-21.029 27.718 5.729
-24.838 27.632 5.900
-27.381 27.776 8.802
-27.454 24.616 10.949
-31.113 23.851 11.896
-31.987 23.156 15.600
-35.068 21.240 16.864
-36.055 19.384 19.994
-37.285 15.971 20.980
-38.870 14.901 24.365
-36.657 12.961 26.799
-38.783 9.826 26.471
-38.305 9.532 22.686
-35.534 7.650 20.953
-36.487 8.437 17.348
-37.119 11.540 15.219
-37.736 12.502 11.587
-35.965 15.241 9.604
-37.536 16.665 6.417
-37.077 19.337 3.686
-33.556 18.064 2.949
-31.787 18.776 -0.366
-30.725 15.979 -2.754
-27.015 15.196 -2.933
-25.948 17.058 0.241
-23.716 15.658 3.025
-25.536 16.336 6.331
-24.015 16.213 9.789
-26.655 15.192 12.326
-25.873 15.850 16.018
-27.807 14.870 19.170
-27.299 16.731 22.493
-28.969 15.200 25.571
-29.918 17.531 28.406
-29.652 15.573 31.682
-30.326 18.462 34.123
-33.235 20.866 34.922
-31.037 23.022 37.113
-28.218 23.809 34.668
-28.647 23.827 30.893
-25.333 22.361 29.818
-25.985 19.477 27.471
-23.961 16.313 27.171
-21.129 15.711 24.740
-22.515 15.723 21.167
-23.088 12.486 19.286
-22.737 12.865 15.496
-23.193 11.091 12.186
-22.895 12.054 8.505
-25.455 11.165 5.892
-25.497 11.921 2.162
-28.968 12.390 0.585
