26.326 41.632 66.091
29.650 41.783 67.940
30.913 39.803 70.926
33.607 40.792 73.374
35.726 37.662 73.791
38.139 38.783 76.477
38.826 41.931 78.404
42.170 42.311 80.088
43.884 45.330 81.554
45.770 46.179 78.401
43.897 44.359 75.683
40.499 43.544 74.212
39.476 40.663 71.993
36.451 40.855 69.784
34.679 38.786 67.179
32.046 40.032 64.753
29.470 38.535 62.460
30.632 38.592 58.831
29.228 41.203 56.502
26.070 40.261 54.592
27.185 42.135 51.457
30.333 41.352 49.524
33.380 42.334 51.539
37.091 42.620 50.662
38.163 43.322 54.213
37.577 44.900 57.585
38.820 47.898 59.453
38.806 47.856 63.274
39.079 51.067 65.163
39.703 51.429 68.893
39.267 54.728 70.707
38.915 56.116 74.245
35.249 56.960 74.558
35.646 59.823 77.002
39.131 60.850 78.096
41.470 61.971 75.272
44.306 59.856 73.907
45.047 58.119 70.605
42.854 56.015 68.278
44.201 52.636 67.151
43.428 51.194 63.713
43.988 47.776 62.344
42.822 46.153 59.116
41.962 42.555 58.396
41.114 40.458 55.362
37.522 39.335 54.712
38.055 35.951 56.345
39.283 37.367 59.647
36.279 38.206 61.801
38.053 38.135 65.165
40.708 40.410 66.595
42.748 41.079 69.693
43.633 44.721 70.335
46.662 45.362 72.512
48.481 48.310 73.961
45.480 49.611 75.852
45.216 51.400 79.219
43.533 49.901 82.324
40.144 51.195 83.509
39.535 53.120 80.303
36.326 52.785 78.321
36.961 52.153 74.621
34.796 52.266 71.561
35.551 49.418 69.152
34.283 50.011 65.596
34.288 47.600 62.729
34.087 48.891 59.186
33.371 46.608 56.203
35.152 47.241 52.949
33.157 46.512 49.798
34.787 45.796 46.388
34.348 49.402 45.232
36.720 50.333 48.006
34.096 51.937 50.215
34.417 51.414 53.940
31.068 51.199 55.695
30.399 51.106 59.450
29.328 47.568 60.337
29.101 47.293 64.118
30.523 49.033 67.187
30.544 48.534 70.938
31.914 49.992 74.156
34.235 47.931 76.324
36.039 48.901 79.518
39.388 47.455 80.480
39.687 45.794 83.855
42.258 47.117 86.340
45.835 45.919 86.647
46.628 43.035 89.011
