25.250 -4.949 6.383
22.317 -3.951 8.551
21.938 -7.108 8.119
20.306 -9.860 6.025
17.200 -11.441 7.552
15.412 -14.588 6.275
13.066 -14.332 3.320
9.542 -15.178 4.387
6.487 -16.352 2.496
4.599 -13.956 4.696
2.029 -16.385 5.895
4.666 -16.178 8.638
7.459 -18.622 7.729
10.941 -18.395 6.343
11.033 -19.291 2.647
13.066 -22.178 1.269
14.860 -23.599 -1.761
13.366 -25.978 -4.375
10.188 -25.004 -2.626
7.330 -24.211 -4.996
5.671 -20.842 -4.418
3.448 -18.300 -6.129
3.936 -14.603 -6.328
0.749 -12.474 -5.913
0.402 -8.802 -6.721
0.870 -7.870 -3.102
-2.162 -5.822 -1.975
-4.110 -4.920 -5.215
-1.556 -3.181 -7.449
-2.753 -2.259 -9.793
-5.169 -3.809 -10.430
-3.325 -6.838 -9.091
-2.686 -9.993 -11.063
-1.014 -13.329 -10.615
1.794 -14.596 -12.790
2.161 -17.475 -15.246
3.333 -18.530 -18.689
0.915 -16.409 -20.541
-0.169 -15.611 -23.985
1.537 -12.529 -25.431
2.648 -11.781 -29.041
2.870 -14.669 -31.492
4.471 -17.960 -32.109
8.091 -19.079 -31.676
8.290 -20.271 -28.136
6.722 -18.126 -25.458
9.423 -16.667 -23.351
7.195 -13.980 -21.930
6.413 -14.512 -18.230
3.061 -12.790 -17.783
1.330 -11.015 -14.966
-2.319 -11.399 -14.885
-4.911 -8.726 -15.281
-7.142 -11.198 -13.466
-6.883 -12.565 -9.900
-8.479 -15.966 -10.324
-5.217 -17.533 -11.346
-2.149 -17.540 -9.174
-0.246 -18.799 -12.192
2.582 -21.329 -11.988
4.830 -22.447 -9.062
8.166 -20.638 -8.686
11.345 -22.443 -7.579
13.913 -20.216 -5.878
17.069 -22.428 -5.808
20.590 -21.081 -5.889
20.054 -23.400 -8.716
22.329 -26.362 -8.962
21.968 -26.928 -5.212
19.666 -27.617 -2.258
19.626 -25.103 0.817
17.428 -24.223 3.903
16.708 -20.465 4.029
16.739 -17.607 1.554
18.260 -14.505 3.151
17.726 -11.171 1.490
21.031 -10.996 -0.290
21.997 -14.413 -1.527
21.910 -15.254 -5.291
19.577 -17.700 -7.018
18.137 -18.995 -10.209
14.457 -19.009 -10.560
12.174 -21.038 -12.849
8.527 -22.200 -13.065
7.582 -25.777 -12.239
6.578 -26.789 -15.808
7.885 -25.305 -19.129
5.656 -24.923 -22.265
7.081 -27.986 -23.905
9.004 -26.085 -26.564
11.112 -23.477 -25.008
14.335 -25.084 -23.806
14.125 -24.387 -20.037
11.869 -22.593 -17.615
14.700 -20.517 -16.144
14.253 -16.765 -16.234
16.742 -15.055 -18.498
16.781 -11.364 -19.501
16.582 -10.612 -23.231
18.257 -7.284 -24.058
18.546 -3.734 -25.160
16.796 -3.116 -28.431
14.306 -4.594 -30.859
10.934 -3.599 -29.510
11.362 -5.807 -26.404
12.445 -2.466 -25.070
13.517 -3.197 -21.478
15.247 -6.453 -20.498
12.186 -8.718 -20.799
11.458 -11.671 -18.487
12.469 -14.684 -20.521
12.025 -18.449 -20.297
13.771 -20.603 -22.948
17.380 -20.881 -24.128
17.547 -19.206 -27.644
14.955 -16.817 -29.008
12.447 -16.902 -31.741
11.023 -13.431 -32.609
11.468 -10.147 -30.585
14.683 -8.929 -28.918
17.092 -11.840 -28.932
20.214 -12.167 -26.811
19.337 -12.991 -23.202
21.740 -11.400 -20.656
23.741 -13.485 -18.238
23.140 -13.229 -14.483
21.874 -14.415 -11.114
18.841 -13.041 -9.380
18.243 -11.614 -5.879
15.434 -10.205 -3.701
13.430 -8.831 -0.740
11.840 -5.867 0.974
12.985 -2.397 1.770
9.626 -2.607 3.526
7.727 -1.060 6.361
4.758 -2.392 8.267
3.652 -5.805 7.159
4.511 -8.249 4.449
7.218 -8.786 1.845
8.783 -7.063 -1.276
11.049 -6.772 -4.405
13.229 -9.173 -6.470
16.448 -8.163 -8.292
18.917 -9.276 -11.010
22.707 -8.827 -11.122
24.291 -9.088 -14.597
27.461 -10.803 -15.795
28.778 -7.837 -17.854
27.791 -4.386 -16.554
24.872 -4.741 -14.116
25.580 -3.656 -10.550
21.993 -4.848 -10.402
18.687 -3.258 -11.260
15.104 -3.661 -10.034
12.268 -5.428 -11.832
9.269 -3.249 -12.523
6.568 -3.683 -15.103
5.904 -3.122 -18.801
2.628 -4.012 -20.445
2.207 -3.924 -24.208
-1.621 -4.466 -24.114
-1.541 -8.267 -23.770
-1.065 -8.568 -20.068
1.923 -7.359 -18.175
5.446 -8.336 -19.235
7.820 -8.042 -16.325
10.969 -5.990 -16.827
13.854 -4.178 -15.143
12.631 -0.726 -14.021
14.797 2.330 -13.395
13.311 2.955 -9.973
11.771 -0.203 -8.482
8.302 -1.687 -8.655
6.235 -4.622 -7.506
5.416 -5.122 -3.915
5.534 -8.964 -3.998
3.972 -11.591 -1.750
4.869 -15.287 -1.612
2.574 -18.278 -1.291
4.324 -21.600 -0.862
2.588 -24.141 -3.152
2.041 -26.619 -0.314
3.869 -29.838 0.555
5.717 -31.835 3.144
9.488 -31.557 2.729
