18.116 -3.513 18.877
14.412 -3.628 19.862
11.979 -1.059 18.445
8.271 -0.884 17.727
4.955 0.758 18.510
1.267 0.576 17.602
0.401 0.224 13.953
0.203 3.476 12.061
2.816 5.885 13.430
6.261 5.723 11.913
9.059 3.774 13.613
12.803 4.231 13.221
15.233 1.306 13.257
18.490 2.865 14.470
21.743 2.062 12.711
25.077 3.922 12.740
28.562 2.831 11.741
32.133 3.970 12.011
34.914 4.911 9.644
34.695 6.176 6.117
31.353 6.668 4.443
30.388 3.489 2.566
27.413 1.736 0.962
24.842 -0.176 2.958
21.611 -2.112 2.575
18.660 -2.966 4.809
17.488 -6.572 4.802
13.946 -7.622 5.683
14.984 -10.715 7.609
17.734 -11.799 9.986
21.328 -10.969 9.187
23.148 -13.786 7.403
26.273 -14.597 5.448
25.432 -12.906 2.147
24.543 -9.261 1.461
20.838 -8.465 1.991
19.261 -11.492 0.340
15.838 -9.892 0.910
16.989 -6.338 0.547
14.556 -3.466 0.905
16.853 -0.391 0.774
20.222 0.142 -0.909
22.560 3.137 -0.718
25.730 4.232 -2.484
27.035 5.847 0.711
25.466 9.269 0.238
22.081 8.490 -1.363
19.401 5.814 -1.461
19.657 4.121 -4.867
16.634 1.823 -4.506
13.827 1.066 -2.071
11.223 -1.680 -2.266
8.456 0.458 -0.696
8.097 4.268 -0.596
7.309 3.866 3.124
11.028 3.100 3.654
13.063 6.275 4.208
16.565 7.085 5.426
15.914 10.393 7.118
19.208 10.705 9.001
22.473 12.220 7.949
24.113 9.562 5.742
27.321 11.620 5.581
27.563 11.206 9.386
26.966 7.443 9.029
23.373 7.558 10.257
21.670 4.934 8.077
18.685 4.444 10.421
15.571 3.211 8.585
12.256 4.958 9.116
9.117 3.008 8.135
6.164 5.338 7.557
2.549 4.162 7.885
3.492 1.036 9.792
1.445 -2.166 9.674
1.418 -5.223 11.890
2.878 -7.189 8.957
6.040 -5.041 9.130
6.933 -6.862 12.359
10.023 -9.059 12.217
13.791 -9.046 12.204
15.726 -6.592 10.009
19.438 -6.365 9.244
21.421 -3.171 8.834
24.360 -4.209 6.706
27.215 -1.814 6.068
29.391 -2.992 3.176
33.129 -3.377 3.508
35.886 -4.763 1.333
36.451 -8.135 2.950
34.348 -11.315 2.834
33.742 -11.307 6.567
34.041 -7.780 7.798
30.736 -6.123 6.993
29.057 -4.400 9.942
25.760 -6.128 10.713
23.188 -4.857 13.234
20.127 -6.955 13.997
16.923 -5.029 14.714
13.692 -6.511 15.992
10.563 -4.575 14.985
7.306 -5.062 16.897
4.219 -3.365 15.397
1.228 -4.159 17.577
-2.442 -4.097 16.547
-4.366 -0.918 17.596
