36.471 11.354 -6.030
36.718 7.925 -4.433
33.609 7.561 -2.251
32.711 5.316 0.659
29.198 4.282 1.609
28.470 2.913 5.083
26.624 -0.446 4.995
23.030 -0.288 6.141
23.563 -2.928 8.835
25.364 -0.205 10.824
22.086 1.698 11.251
19.971 -1.217 12.511
18.897 -1.293 16.120
19.988 2.222 17.056
18.635 3.700 20.281
15.661 5.947 19.501
16.265 5.976 15.723
13.728 4.258 13.491
13.174 7.034 10.936
13.099 5.822 7.358
15.965 7.017 5.175
15.452 9.327 2.208
18.104 9.849 -0.394
19.070 12.451 -2.967
21.723 12.107 -5.693
23.809 15.258 -6.216
26.504 15.573 -8.837
29.785 17.233 -8.011
31.490 19.469 -10.553
34.072 16.665 -10.990
31.249 14.398 -12.200
31.005 12.266 -9.059
27.461 11.505 -7.972
27.106 11.638 -4.183
24.159 10.231 -2.290
22.922 12.402 0.598
20.622 11.071 3.353
17.866 12.873 5.212
14.850 12.038 7.298
11.492 13.675 6.608
8.778 13.161 9.183
5.263 14.604 9.498
2.721 16.069 7.042
3.962 17.457 3.727
1.383 20.261 3.862
3.211 21.737 6.853
6.272 23.904 6.469
9.524 22.018 7.060
11.499 22.564 10.219
15.019 21.916 8.934
17.503 20.683 11.554
21.190 20.789 10.595
23.981 18.983 12.461
27.713 19.652 12.461
31.063 18.066 13.328
31.326 15.015 13.869
27.651 14.237 14.508
24.747 13.310 12.231
20.956 13.639 12.150
20.832 11.225 15.111
21.725 14.291 17.243
18.190 15.546 16.606
16.331 12.291 17.339
14.485 13.679 20.393
13.870 17.082 18.845
12.345 15.304 15.839
10.118 13.146 18.020
8.904 16.133 20.054
8.095 18.237 16.986
6.389 15.402 15.122
4.196 14.820 18.207
3.185 18.486 17.940
2.073 18.112 14.309
5.078 19.548 12.494
7.021 18.496 9.447
10.687 17.916 10.281
13.574 17.431 7.862
17.115 16.535 8.980
19.929 15.866 6.493
23.347 14.326 6.970
26.273 16.320 5.633
28.513 14.577 3.106
31.080 12.669 5.171
28.594 11.943 7.954
25.679 9.854 9.055
24.110 7.852 6.252
25.417 10.169 3.511
28.226 9.181 1.184
31.783 9.864 2.366
34.577 11.004 0.045
37.676 8.991 0.838
40.365 11.724 1.006
40.529 14.655 3.454
41.481 16.885 0.522
38.154 16.104 -1.194
36.297 18.220 1.386
36.169 22.010 1.245
33.784 24.538 2.762
32.637 25.624 -0.705
32.071 21.981 -1.743
29.842 21.384 1.292
27.854 24.507 0.430
27.497 23.391 -3.198
26.444 19.887 -2.171
23.830 21.103 0.298
22.638 23.820 -2.105
21.939 21.125 -4.697
20.222 19.057 -2.013
18.047 21.988 -0.996
17.021 22.899 -4.533
16.426 19.318 -5.652
14.154 18.669 -2.700
12.637 22.147 -3.332
12.334 23.004 0.321
10.575 26.323 0.962
8.901 28.134 3.890
11.716 26.702 5.995
12.246 27.208 9.720
15.954 26.420 10.151
17.666 25.294 13.364
21.417 25.050 12.885
24.384 24.231 15.086
28.204 24.070 14.484
28.933 23.257 10.819
25.195 22.882 10.364
25.173 26.657 10.697
28.415 27.356 8.808
26.764 25.596 5.877
23.084 26.334 6.691
23.668 30.090 6.929
25.317 29.978 3.504
22.079 28.371 2.256
20.125 31.247 3.829
22.425 33.774 2.133
22.152 32.008 -1.236
18.399 31.378 -1.083
16.980 33.763 1.533
13.406 33.604 0.262
13.328 29.850 0.980
13.617 30.615 4.723
10.768 31.851 6.904
12.829 31.900 10.121
16.273 30.945 11.411
17.521 29.813 14.774
21.284 29.701 15.382
22.837 27.808 18.273
26.518 27.232 19.038
27.595 28.168 15.550
28.944 31.078 13.530
29.824 32.332 10.085
33.547 33.034 10.424
35.351 35.613 8.326
38.947 35.060 9.460
38.830 37.875 12.049
39.981 38.088 15.647
41.046 35.233 17.876
38.985 32.144 18.527
41.130 30.375 21.100
38.332 28.113 22.340
37.904 26.755 18.864
41.644 26.676 18.201
42.156 24.424 21.241
39.778 21.912 19.639
41.384 22.447 16.228
44.864 21.600 17.413
43.681 18.545 19.305
41.659 17.352 16.332
44.687 17.579 14.069
47.290 16.174 16.451
45.283 13.122 17.426
45.994 10.052 15.251
42.427 8.787 15.634
39.092 10.461 16.225
36.841 8.533 18.626
33.510 9.974 17.637
31.204 8.740 20.442
33.844 9.879 22.942
33.910 13.346 21.406
30.111 13.612 21.521
30.170 12.653 25.174
32.917 15.173 25.913
30.801 17.923 24.353
27.586 17.159 26.270
26.795 17.935 29.870
24.826 14.752 30.328
26.494 11.334 30.219
25.612 9.616 26.941
24.907 5.908 27.196
26.990 3.277 25.429
24.071 2.787 22.995
24.009 6.489 22.173
27.774 6.603 21.665
27.511 3.539 19.462
24.945 5.355 17.283
27.457 8.171 16.800
30.107 5.592 15.862
27.686 3.830 13.480
28.577 5.851 10.364
32.257 4.933 10.728
33.083 1.189 10.658
36.774 2.077 10.606
39.019 5.147 10.326
38.852 5.217 6.526
35.262 6.485 6.718
36.254 9.450 8.877
38.166 11.692 6.464
35.407 14.309 6.378
35.266 14.256 10.161
39.040 14.595 10.359
39.394 17.646 8.135
36.287 19.631 9.123
37.960 21.666 11.885
40.731 22.762 9.478
38.103 24.181 7.115
36.743 26.676 9.639
37.896 30.088 8.341
39.740 31.492 11.356
42.567 33.203 9.467
42.295 35.849 6.740
44.024 33.456 4.316
41.531 30.633 4.756
39.429 29.415 1.891
35.840 30.705 2.068
36.664 33.961 3.904
35.648 35.948 0.837
32.473 33.952 0.310
31.469 34.246 3.960
32.011 38.029 3.975
29.729 38.219 0.968
27.111 36.045 2.661
27.117 38.424 5.638
26.004 41.227 3.291
22.913 39.150 2.507
22.318 38.396 6.186
22.483 42.178 6.837
19.249 42.323 4.815
17.560 39.305 6.432
14.630 40.737 8.365
12.532 37.653 9.105
12.749 36.115 12.580
16.353 35.254 13.391
16.756 33.853 16.854
19.908 33.115 18.818
19.740 30.128 21.145
23.381 29.534 22.122
24.056 27.358 25.174
25.694 28.344 28.444
28.592 25.899 28.519
30.277 25.935 25.114
33.383 28.131 25.001
34.235 26.841 21.505
31.355 28.773 19.905
30.207 31.280 22.473
31.874 34.206 20.690
29.945 33.472 17.496
26.649 34.947 18.736
27.532 38.631 18.910
27.898 39.228 15.196
24.354 37.997 14.502
22.868 40.417 17.016
24.985 43.262 15.610
24.382 42.679 11.908
21.135 40.782 11.239
17.955 42.914 11.332
15.723 39.914 11.982
17.269 39.538 15.442
15.683 42.801 16.621
12.033 41.753 17.176
12.532 38.289 18.579
13.429 37.033 22.024
16.764 35.372 22.335
17.540 32.705 24.852
20.416 30.909 26.468
19.898 27.158 26.471
21.393 24.866 29.096
24.096 22.571 27.921
27.352 21.876 26.212
28.486 22.200 22.634
26.058 19.499 21.424
23.192 21.282 23.094
20.612 19.054 21.410
21.560 16.261 23.811
21.147 18.487 26.850
18.043 20.561 26.020
16.068 18.798 23.271
12.657 19.491 24.809
13.449 23.206 25.117
14.669 23.365 21.514
11.466 21.721 20.258
9.350 24.104 22.377
11.264 27.084 21.013
10.747 25.987 17.416
7.075 25.162 18.000
6.440 28.621 19.409
8.436 30.270 16.662
6.321 28.554 13.970
3.067 29.506 15.710
3.986 33.187 15.690
5.041 33.560 12.046
1.820 35.098 10.656
2.052 37.875 13.272
5.769 38.404 12.603
