96.983 1.998 93.400
97.173 -1.778 93.908
94.803 -3.179 96.534
94.985 -6.544 98.319
92.344 -7.994 100.669
92.998 -10.545 103.409
91.355 -11.793 106.616
88.471 -13.699 105.021
87.679 -17.271 106.014
85.167 -19.913 107.142
83.211 -19.272 110.345
80.107 -20.491 112.073
76.913 -18.400 112.274
77.411 -15.849 115.069
81.189 -15.698 114.471
83.504 -12.791 113.641
86.094 -11.819 111.059
88.385 -8.842 110.473
89.032 -8.052 106.830
91.895 -5.793 105.876
92.706 -4.129 102.607
96.372 -3.200 102.248
97.553 -0.774 99.593
100.874 -1.319 97.760
102.316 1.229 95.366
100.606 4.680 95.628
99.110 5.827 98.963
95.314 6.068 99.215
95.251 8.360 102.315
93.389 11.032 100.301
90.844 8.770 98.666
87.483 7.675 99.980
87.413 3.889 100.410
84.634 1.327 100.416
83.997 -2.366 101.013
81.710 -4.126 98.564
80.537 -7.731 98.448
79.438 -10.109 95.747
77.624 -13.410 96.329
78.054 -16.225 93.647
75.227 -15.346 91.171
74.571 -11.671 92.079
75.741 -8.073 91.530
78.251 -6.268 93.795
76.592 -4.482 96.689
77.785 -1.696 98.960
78.809 -2.795 102.454
80.585 0.200 103.974
82.371 3.407 103.088
84.788 5.830 104.748
85.885 9.374 103.852
89.473 10.670 103.896
89.330 14.194 105.367
87.708 13.201 108.679
87.318 9.409 108.189
83.508 9.500 108.534
81.777 6.142 108.102
78.756 4.882 106.223
77.028 1.489 106.234
74.526 -0.544 104.252
71.336 -1.240 106.225
72.380 -4.931 106.628
75.794 -3.808 108.072
74.692 -1.263 110.711
75.532 -2.345 114.274
77.464 -5.411 113.094
80.252 -4.151 110.847
82.789 -1.413 111.450
84.905 0.204 108.751
88.096 2.041 109.727
91.366 3.118 108.194
94.970 3.715 109.189
96.779 6.072 106.863
100.293 5.216 108.098
99.755 1.492 107.364
97.851 2.265 104.108
95.078 -0.187 105.162
91.282 -0.186 105.453
89.651 -2.563 107.878
86.245 -4.214 108.104
85.407 -5.675 111.494
82.480 -8.096 110.970
80.533 -9.328 114.030
77.445 -11.545 114.338
77.913 -13.040 110.874
75.071 -14.946 109.217
74.931 -17.364 106.281
73.559 -14.623 104.015
76.796 -12.662 104.662
78.557 -15.292 102.482
80.325 -13.580 99.569
83.572 -12.286 98.093
84.385 -9.019 99.849
86.456 -6.441 97.881
87.810 -3.015 98.762
87.731 -0.095 96.366
89.322 3.337 96.235
87.263 6.202 94.895
87.835 9.884 94.086
86.542 13.216 95.368
85.349 13.611 98.973
82.489 11.150 99.711
82.181 7.339 99.632
79.274 6.593 97.274
77.380 3.318 97.032
77.810 2.734 93.262
80.577 0.290 92.343
81.175 1.674 88.827
82.218 5.089 90.330
85.223 3.501 92.077
88.468 3.566 90.107
90.697 0.981 91.868
89.732 -2.498 93.091
91.311 -5.462 94.856
90.722 -9.137 93.937
88.635 -9.781 97.039
88.656 -12.193 99.956
86.198 -15.078 100.471
83.831 -14.966 103.444
81.821 -18.146 104.125
79.400 -18.444 107.032
78.064 -21.952 107.722
74.618 -22.499 109.253
