12.106 -26.689 15.922
11.825 -25.002 12.531
9.842 -25.830 9.420
11.489 -24.899 6.124
9.646 -24.442 2.872
11.204 -24.294 -0.561
11.074 -22.183 -2.552
9.867 -19.042 -0.724
8.006 -18.043 -3.854
7.583 -19.242 -7.395
6.055 -18.253 -10.703
4.687 -20.867 -13.058
2.579 -20.913 -16.200
-0.944 -22.222 -16.454
-0.669 -25.977 -16.968
2.731 -26.250 -15.266
3.496 -28.810 -12.569
4.340 -27.076 -9.311
6.149 -28.781 -6.431
6.648 -27.167 -3.010
8.813 -28.828 -0.360
8.510 -28.739 3.434
11.209 -29.865 5.812
11.165 -30.240 9.581
14.397 -29.418 11.411
13.946 -32.616 13.353
11.596 -35.519 13.247
8.103 -34.578 14.359
5.487 -36.847 12.861
4.234 -38.431 9.684
1.188 -36.241 10.174
1.597 -33.111 8.035
-1.106 -30.936 6.507
-1.097 -28.402 3.654
-3.186 -25.216 3.523
-3.917 -22.702 0.790
-4.528 -19.078 1.650
-5.847 -16.783 -1.062
-5.418 -13.039 -0.610
-7.982 -11.664 1.830
-9.248 -15.111 2.784
-8.847 -17.625 5.604
-6.518 -20.581 5.147
-8.149 -23.633 3.615
-7.250 -27.274 4.176
-6.132 -29.060 1.039
-4.146 -32.143 2.107
-4.220 -33.935 5.453
-2.020 -36.671 6.843
0.643 -36.064 4.191
-1.129 -37.473 1.178
-4.888 -37.353 1.594
-6.873 -35.051 -0.605
-9.449 -33.109 1.312
-13.007 -33.806 0.141
-14.107 -31.318 -2.502
-10.580 -30.176 -3.389
-9.661 -30.656 -7.107
-7.645 -33.780 -7.901
-4.747 -31.729 -9.345
-3.595 -31.174 -5.744
-1.540 -33.895 -4.062
1.047 -34.441 -1.330
3.696 -36.999 -0.421
6.373 -37.542 2.203
7.334 -38.939 5.591
9.896 -38.427 8.337
11.116 -34.862 7.872
10.731 -34.457 4.087
7.383 -33.606 2.505
6.158 -32.301 -0.858
3.001 -30.647 -2.156
2.199 -30.755 -5.874
-0.212 -28.988 -8.162
-0.247 -31.168 -11.246
-1.509 -28.529 -13.597
-1.530 -24.976 -12.374
-4.750 -23.081 -12.853
-5.397 -19.335 -12.558
-7.424 -19.742 -9.380
-4.426 -21.339 -7.644
-2.637 -18.040 -6.948
-2.177 -18.108 -3.190
0.265 -18.764 -0.401
0.685 -22.407 0.598
1.625 -23.544 4.125
2.764 -26.833 5.613
2.020 -27.690 9.218
2.853 -30.298 11.851
1.044 -29.665 15.121
2.103 -26.275 16.498
4.733 -25.876 13.794
3.838 -23.987 10.647
6.055 -23.336 7.666
6.784 -19.750 6.522
4.760 -20.303 3.367
5.254 -20.343 -0.390
3.729 -17.648 -2.574
2.664 -18.812 -6.041
1.884 -16.424 -8.866
1.071 -16.985 -12.530
