17.792 118.810 128.490
16.272 122.358 128.465
18.543 125.311 127.457
19.519 127.957 130.054
21.083 131.173 128.808
22.566 134.136 130.608
21.352 137.704 130.007
22.555 140.922 131.565
19.501 140.927 133.911
19.626 137.174 134.742
19.217 133.627 133.486
16.386 132.386 131.236
15.050 128.841 130.601
13.671 127.950 127.143
12.524 124.754 125.392
13.931 122.773 122.427
11.424 122.375 119.555
11.879 120.246 116.402
10.511 121.029 112.941
9.127 117.961 111.064
11.349 117.568 108.005
14.546 119.001 109.510
17.115 117.465 111.898
17.993 120.926 113.335
16.577 121.489 116.908
15.654 125.116 117.654
15.857 126.649 121.140
12.727 128.733 121.840
12.520 131.452 124.531
9.133 133.049 125.020
8.380 136.130 127.049
11.875 137.464 127.656
11.523 140.895 129.281
13.555 143.706 127.695
12.255 146.618 129.809
10.536 147.480 133.035
6.739 147.093 132.872
5.414 150.489 131.801
2.811 150.785 134.543
1.523 153.744 136.550
3.694 156.792 136.081
5.747 154.921 133.489
2.822 155.178 131.173
3.364 157.713 128.384
7.081 157.716 129.240
10.292 156.290 127.753
10.875 152.597 128.502
13.267 151.825 131.389
15.549 148.809 131.630
14.237 145.674 133.327
15.177 145.160 136.914
17.474 142.171 137.410
16.089 138.805 138.630
17.710 136.140 140.848
17.458 132.474 139.816
16.289 131.236 136.397
13.304 132.956 134.821
11.022 130.511 133.068
10.577 131.744 129.475
8.451 128.919 128.077
4.999 130.457 127.725
3.713 133.198 125.449
3.693 136.607 127.026
0.685 138.886 126.979
0.240 141.239 124.048
-0.059 144.976 124.740
-3.516 146.236 125.443
-5.772 146.571 122.507
-9.276 145.796 121.428
-9.405 142.060 122.302
-11.873 141.170 119.541
-9.781 142.850 116.823
-6.605 141.466 118.495
-7.836 137.887 118.318
-8.938 138.390 114.650
-5.540 139.892 113.689
-3.698 136.972 115.293
-5.955 134.469 113.446
-5.424 136.174 110.085
-1.645 136.521 110.305
-0.402 133.471 112.257
1.805 130.937 110.509
1.455 127.941 112.831
-1.186 125.261 113.269
-2.022 125.634 116.943
-4.310 128.672 117.192
-3.047 131.268 119.711
-5.562 132.718 122.202
-3.593 135.779 123.343
-3.860 137.482 126.734
-3.570 141.296 127.016
-1.835 143.545 129.509
-0.043 146.872 129.974
2.866 144.667 131.051
3.850 143.668 127.536
7.433 144.641 126.777
8.632 141.114 126.017
10.307 139.401 123.047
10.384 135.870 121.783
13.584 134.213 120.472
14.020 131.329 118.032
17.683 130.266 117.763
19.049 127.244 115.842
22.606 127.914 117.173
24.608 125.341 119.097
24.451 127.019 122.547
27.545 125.155 123.819
29.500 127.035 121.086
29.755 130.798 120.569
27.542 131.132 117.511
27.499 134.157 115.275
24.323 133.701 113.237
22.550 136.585 111.542
19.710 137.969 113.745
16.355 138.859 112.194
14.218 141.102 114.448
10.479 140.987 113.476
8.258 144.032 114.143
4.627 143.105 113.754
1.942 145.239 112.168
-1.650 146.119 113.106
-1.869 149.879 112.446
0.005 150.679 115.665
-3.180 149.689 117.532
-3.406 145.859 117.491
-1.048 142.893 117.137
1.645 141.069 119.028
4.747 138.918 118.670
3.432 135.487 119.615
1.280 135.332 116.470
4.541 134.805 114.496
6.338 131.470 114.913
10.034 131.877 113.994
10.681 128.131 114.015
10.614 127.408 110.284
12.623 130.485 109.232
15.226 129.804 111.886
15.620 126.090 111.092
15.550 126.400 107.277
17.927 129.400 107.008
20.116 129.157 110.092
19.200 132.619 111.492
18.161 133.778 114.996
14.585 135.114 114.765
13.506 137.614 117.435
9.856 138.784 117.547
9.378 141.898 119.619
6.505 143.772 121.183
5.919 147.441 121.640
3.228 149.590 123.189
0.170 150.144 121.020
-2.625 152.681 120.632
-3.081 155.238 123.392
-0.405 153.548 125.536
2.008 153.601 122.621
1.371 156.901 120.874
-0.467 159.406 123.069
1.151 162.782 122.451
0.538 166.322 123.779
2.962 167.632 121.137
5.445 168.851 123.803
7.842 167.651 126.565
5.141 166.392 128.953
4.127 163.586 126.557
6.257 163.710 123.383
4.805 160.523 121.873
6.315 157.590 120.058
6.421 155.322 123.080
6.035 152.217 120.919
8.962 153.236 118.735
11.093 153.930 121.868
10.180 150.367 122.954
11.368 149.030 119.547
14.612 150.908 120.099
14.959 149.470 123.653
14.455 145.991 122.244
17.225 146.610 119.744
19.569 147.772 122.573
18.635 144.567 124.387
19.623 142.515 121.313
23.044 144.314 121.159
23.802 143.588 124.782
22.471 140.014 124.885
21.941 138.203 121.589
25.508 136.740 121.547
24.470 134.422 124.374
21.746 133.032 122.066
24.227 132.413 119.248
23.399 135.656 117.400
25.868 138.087 115.892
25.081 141.583 117.252
27.134 143.022 114.312
24.501 141.528 111.919
20.950 142.443 112.812
18.257 142.798 110.238
15.026 144.539 111.249
11.987 143.436 109.327
8.284 144.122 109.595
4.967 144.273 107.817
2.347 146.990 107.544
2.710 149.273 110.625
5.763 147.136 111.441
7.134 148.122 108.027
6.360 151.747 108.834
8.236 151.172 112.108
11.271 149.742 110.246
11.181 152.796 107.983
10.983 155.123 110.991
13.950 153.332 112.615
15.910 153.744 109.378
15.315 157.514 109.667
15.890 157.826 113.400
19.206 158.968 114.945
18.222 156.927 118.057
18.535 153.664 116.113
22.008 154.313 114.745
24.267 151.194 114.850
21.399 149.009 116.233
20.787 147.240 112.972
22.629 146.573 109.675
19.845 145.668 107.202
16.187 146.612 106.891
13.080 145.076 105.274
9.760 146.945 105.008
6.975 144.681 103.850
3.855 146.673 102.819
4.670 149.785 104.808
7.056 152.730 105.064
7.007 156.195 106.794
4.616 157.726 104.280
2.124 154.802 104.420
-1.482 155.654 105.490
-0.423 158.992 107.017
1.017 156.992 109.960
3.591 159.847 110.483
2.291 163.362 111.304
3.601 166.677 112.525
1.227 166.637 115.528
-1.835 164.987 117.082
-3.759 168.021 118.457
-7.205 167.015 117.246
-7.045 163.366 118.225
-5.736 164.340 121.638
-8.735 166.654 122.148
-11.067 163.727 121.368
-9.249 161.566 123.851
-9.616 164.266 126.526
-13.402 164.574 125.993
-13.879 160.763 126.047
-11.671 160.366 129.183
-13.138 163.307 131.099
-9.647 164.953 131.400
-9.031 168.707 131.651
-6.694 170.072 128.989
-5.847 173.306 130.846
-2.178 172.309 130.301
-0.415 169.350 128.821
1.069 168.250 132.182
-2.380 168.209 133.780
-3.775 166.254 130.828
-1.074 163.587 130.898
-1.198 163.327 134.693
-5.012 162.685 134.480
-4.497 159.925 131.901
-1.800 158.317 134.116
-4.344 157.939 136.904
-6.741 155.928 134.698
-7.008 152.139 135.168
-6.184 149.724 132.277
-9.965 149.039 131.902
-10.693 152.768 131.642
-8.016 153.148 128.874
-9.310 150.078 127.109
-12.859 151.473 127.118
-11.509 154.771 125.813
-9.737 152.715 123.084
-13.037 151.051 121.933
-14.690 154.490 121.829
-11.998 155.945 119.524
-12.926 153.212 116.994
-9.414 152.697 115.701
-8.690 150.796 112.449
-12.176 151.646 111.100
-13.555 153.833 108.334
-15.836 156.531 109.784
-18.891 156.434 107.388
-20.999 159.111 109.090
-18.748 161.851 110.627
-16.510 164.473 109.016
-13.533 162.670 107.352
-11.207 165.583 108.324
-11.920 164.780 111.975
-11.499 160.970 111.775
-8.373 159.441 113.406
-8.428 155.698 112.969
-4.731 155.458 114.071
-2.733 157.338 116.638
0.348 158.139 114.702
4.070 158.331 114.855
4.852 162.029 115.486
7.704 164.471 115.014
8.855 164.683 118.636
12.445 165.979 118.306
13.934 162.766 119.760
12.971 159.687 117.669
12.342 162.009 114.717
13.957 165.503 114.686
11.827 166.500 111.687
9.317 165.168 109.172
10.399 162.071 107.131
10.466 164.088 103.807
13.143 166.358 105.282
15.230 163.535 106.831
15.114 161.644 103.532
16.063 164.754 101.439
19.056 165.589 103.717
20.559 162.046 103.442
21.836 161.723 107.029
20.120 158.620 108.436
20.777 154.854 108.836
21.742 154.207 105.199
21.767 150.418 105.497
20.802 147.903 102.796
16.995 148.030 102.502
14.416 145.782 100.856
11.146 147.730 100.387
8.209 145.759 98.980
4.479 145.673 98.363
1.842 143.153 97.398
-0.122 143.082 94.150
-3.408 143.993 95.798
-2.735 145.613 99.132
-6.404 146.691 99.406
-7.784 143.474 97.930
-9.803 142.084 100.805
-8.260 141.993 104.330
-8.081 145.787 104.890
-11.344 146.954 103.442
-13.093 144.138 105.350
-11.289 144.839 108.671
-11.823 148.611 108.314
-15.586 148.176 107.513
-15.628 149.502 103.954
-19.166 149.009 102.519
-17.894 146.796 99.687
-19.459 143.423 100.245
-21.771 144.120 97.162
-19.296 142.747 94.550
-20.205 145.876 92.649
-19.402 149.597 92.818
-20.374 152.694 90.845
-18.176 155.739 90.344
-20.157 158.214 92.580
-19.766 155.801 95.511
-16.025 155.200 94.762
-15.512 158.985 94.859
-17.504 159.150 98.126
-15.482 156.278 99.749
-12.174 157.859 98.677
-13.202 161.096 100.381
-14.148 159.222 103.579
-10.744 157.497 103.411
-9.069 160.964 103.916
-7.268 159.892 107.088
-5.318 157.141 105.173
-5.452 158.488 101.580
-5.009 162.227 102.183
-6.835 163.322 99.042
-8.892 166.585 99.370
-12.592 166.450 98.544
-12.389 168.367 95.197
-9.536 166.195 93.761
-11.334 162.977 94.700
-13.427 162.610 91.434
-10.235 163.218 89.381
-8.579 160.204 91.124
-11.532 157.868 90.593
-12.000 159.067 86.998
-8.339 158.277 86.316
-8.682 154.693 87.673
-12.357 153.792 86.976
-13.331 156.099 84.036
-12.051 153.709 81.328
-14.807 151.083 81.988
-18.661 150.903 82.403
-18.480 147.482 84.151
-19.224 147.949 87.918
-17.528 144.618 88.898
-14.332 145.976 87.258
-14.839 149.416 88.845
-14.751 147.771 92.322
-11.560 145.882 91.539
-10.006 149.107 90.131
-11.040 151.158 93.193
-9.217 148.623 95.381
-6.122 149.035 93.098
-6.581 152.829 93.651
-6.633 152.481 97.446
-3.642 150.131 97.379
-1.617 152.537 95.293
-2.344 155.700 97.292
-1.964 154.077 100.770
0.897 151.568 100.090
2.408 151.515 96.567
3.206 155.159 96.035
4.574 155.668 99.514
6.780 152.575 99.259
8.313 153.537 95.896
8.740 157.166 97.024
10.784 155.951 100.067
12.838 153.348 98.144
13.818 156.072 95.644
15.034 158.450 98.304
16.879 155.648 100.110
18.603 154.686 96.863
19.402 158.398 96.267
21.098 158.633 99.700
23.564 156.080 98.342
22.366 152.957 100.058
21.783 149.540 98.525
18.071 149.245 97.845
15.884 146.414 96.573
12.147 146.366 95.760
9.638 143.561 95.290
5.996 143.116 94.316
4.564 139.895 95.794
1.824 138.174 93.860
0.482 134.954 95.361
-2.692 133.711 97.005
-1.823 131.517 99.998
-3.802 128.295 100.728
-3.941 129.610 104.349
-6.250 132.481 103.293
-9.541 132.980 105.105
-12.697 131.180 103.752
-14.391 134.638 103.478
-11.770 135.930 100.985
-12.705 135.597 97.301
-10.624 133.222 95.140
-9.824 136.096 92.690
-7.851 138.162 95.312
-4.132 137.464 94.799
-1.361 139.188 96.759
-3.595 140.648 99.401
-2.215 142.583 102.350
-0.297 140.156 104.541
-0.034 137.332 101.990
3.842 137.396 101.878
4.000 136.653 105.579
3.052 133.005 105.003
6.070 132.633 102.671
8.524 134.667 104.799
7.716 132.706 108.004
7.474 129.239 106.405
3.754 128.573 106.989
3.882 125.591 104.560
6.189 123.779 107.096
4.062 124.511 110.112
0.385 124.258 109.034
-2.166 123.264 106.411
-1.582 121.094 103.377
0.364 123.394 101.088
0.986 122.222 97.471
4.514 121.972 96.122
4.340 125.366 94.317
3.594 127.024 97.684
6.205 125.019 99.624
8.744 126.065 97.037
7.802 129.743 97.065
8.283 129.779 100.863
11.814 128.274 100.490
12.663 130.881 97.794
11.389 133.833 99.858
13.023 132.650 103.098
16.338 132.132 101.327
16.263 135.606 99.715
15.352 137.141 103.079
18.133 135.228 104.955
20.742 135.847 102.241
19.937 139.514 102.684
20.334 139.184 106.482
23.738 137.491 105.817
25.148 139.894 103.181
22.902 142.880 102.489
22.114 141.275 99.107
19.277 138.742 98.638
20.945 136.900 95.716
22.524 133.448 95.834
22.947 130.017 94.195
19.743 128.631 92.592
17.529 131.713 93.107
16.151 133.980 90.393
18.148 137.150 89.789
16.990 140.046 91.929
18.395 143.288 90.531
19.328 146.263 92.611
16.822 149.148 92.734
19.092 151.665 91.035
18.326 154.440 88.429
16.663 151.827 86.194
14.384 150.826 89.136
14.691 147.070 88.686
12.541 145.059 91.062
11.574 141.416 91.618
8.050 140.184 90.851
7.727 137.382 93.441
5.137 134.652 92.796
4.553 131.380 90.984
6.699 132.924 88.213
9.432 134.841 90.012
11.322 137.227 87.721
12.786 140.703 87.332
10.919 143.672 85.914
11.443 147.441 85.805
9.979 150.618 87.096
7.480 149.518 89.768
4.424 151.855 89.901
6.324 154.441 87.827
3.276 155.988 86.173
1.067 155.769 89.287
3.658 157.701 91.264
3.817 160.274 88.477
0.023 160.712 88.576
-0.422 160.888 92.340
2.426 163.429 92.856
0.991 165.619 90.066
-2.542 165.437 91.545
-1.284 166.566 94.995
1.184 169.043 93.392
-0.483 172.409 94.289
