-17.889 44.109 22.014
-14.205 43.395 21.429
-12.344 40.231 22.363
-8.578 40.676 22.124
-6.162 37.737 21.916
-2.752 39.380 22.284
-1.059 41.890 24.585
0.025 44.281 21.828
-3.546 44.452 20.525
-4.786 44.727 24.104
-2.592 47.803 24.489
-3.790 49.267 21.179
-7.519 49.141 21.947
-7.039 50.436 25.498
-5.046 53.450 24.308
-7.857 54.186 21.851
-10.321 54.217 24.734
-11.849 50.888 23.735
-12.494 48.547 26.670
-12.401 44.915 25.471
-14.695 42.321 27.048
-12.020 39.643 26.687
-8.226 39.647 26.926
-5.504 37.047 27.600
-3.305 36.475 30.687
-4.356 39.595 32.591
-2.486 38.812 35.816
0.684 38.220 33.789
-0.028 41.404 31.853
0.334 43.319 35.124
3.919 42.118 35.568
5.148 42.164 31.966
3.252 45.058 30.341
1.987 47.155 33.273
0.744 50.038 31.098
-1.849 50.727 29.929
-3.801 49.410 32.923
-6.436 46.810 32.088
-9.873 47.722 33.514
-11.256 45.202 36.023
-14.316 44.708 33.799
-12.224 42.807 31.244
-12.498 39.031 31.582
-9.543 36.689 31.128
-10.129 34.373 28.159
-7.035 32.197 28.541
-3.499 32.393 27.166
-2.343 34.093 23.959
-1.358 30.768 22.390
-4.149 28.581 23.784
-7.297 30.686 24.418
-10.591 29.411 25.833
-12.884 29.417 22.795
-15.965 28.572 24.864
-15.478 31.601 27.111
-14.833 33.804 24.077
-18.102 32.631 22.521
-19.925 33.056 25.840
-18.856 36.708 25.878
-20.654 37.184 22.546
-18.186 39.573 20.887
-18.742 41.502 17.666
-15.102 41.323 16.575
-12.121 39.219 17.597
-8.667 40.775 17.282
-5.875 38.293 16.572
-2.125 38.550 15.975
0.746 36.374 14.759
0.643 33.753 17.545
-3.073 33.152 16.865
-2.762 32.644 13.107
-3.500 28.909 13.295
-6.776 29.579 15.114
-8.077 32.266 12.737
-10.512 29.996 10.873
-11.984 28.616 14.105
-12.225 32.052 15.723
-14.100 33.244 12.641
-16.861 30.746 13.414
-17.536 32.670 16.627
-17.244 36.251 15.388
-15.577 38.247 12.576
-11.795 38.285 13.020
-9.441 41.206 12.461
-5.957 39.783 11.926
-3.137 42.277 12.483
0.203 40.416 12.606
3.542 41.925 13.630
7.113 41.130 14.719
7.771 38.909 11.723
11.236 38.514 10.199
10.496 41.100 7.512
8.350 43.413 9.642
9.643 46.644 11.096
7.862 46.150 14.410
7.442 49.774 15.506
6.203 51.007 12.124
3.740 48.117 11.921
2.596 48.841 15.477
1.962 52.459 14.502
0.148 51.420 11.335
-2.041 48.927 13.203
-2.830 51.599 15.795
-4.170 53.821 13.027
-6.181 51.142 11.212
-7.809 50.078 14.476
-8.664 53.719 15.156
-10.319 53.931 11.748
-12.285 50.733 12.381
-13.516 51.799 15.817
-13.878 55.496 14.988
-11.062 56.701 17.244
-8.868 58.490 14.695
-8.698 61.804 16.568
-7.513 60.237 19.825
-5.020 58.127 17.858
-3.558 61.237 16.234
-3.379 63.071 19.559
-1.450 60.203 21.162
0.975 59.836 18.255
1.585 63.589 18.162
2.234 63.611 21.904
4.534 60.626 21.423
6.733 62.271 18.779
6.915 65.369 20.960
7.785 63.213 23.975
10.595 61.619 21.944
12.154 65.041 21.378
11.879 66.007 25.049
13.600 62.813 26.187
16.261 63.161 23.498
17.030 66.672 24.744
17.198 65.393 28.318
19.860 62.904 27.221
22.019 65.334 25.233
21.901 67.622 28.265
23.168 64.930 30.631
25.423 63.226 28.080
26.025 66.153 25.756
26.748 65.462 22.094
27.357 62.952 20.877
24.992 60.494 22.567
26.382 57.147 23.819
25.968 53.758 22.133
23.293 51.566 23.720
22.460 47.875 23.480
19.112 46.580 24.755
18.224 43.047 25.839
16.275 40.664 28.033
17.754 37.682 29.868
16.837 34.252 28.511
18.636 32.858 31.526
21.684 33.848 33.601
23.969 32.796 30.723
21.853 33.557 27.642
20.602 36.883 26.279
17.971 38.166 23.829
19.562 41.066 21.954
17.043 43.396 20.326
17.658 43.663 16.595
17.283 46.291 13.859
13.596 45.587 13.234
12.688 45.606 16.930
10.765 48.273 18.840
13.560 49.146 21.277
15.840 49.749 18.279
13.276 52.219 16.944
13.159 53.837 20.376
16.962 54.151 20.491
17.143 55.725 17.023
14.264 58.067 17.845
16.093 59.036 21.043
19.249 60.005 19.170
21.032 56.939 20.546
23.269 54.611 18.526
23.586 50.822 18.742
26.480 49.312 20.696
25.912 45.847 19.242
23.792 46.113 16.050
21.907 42.992 14.954
20.280 41.753 11.715
16.448 41.634 11.582
14.816 38.647 13.292
11.417 37.379 14.380
10.145 39.331 17.418
13.143 41.603 16.846
15.375 39.364 18.966
18.428 37.146 18.562
19.741 34.846 21.283
23.343 35.242 22.430
25.640 33.744 25.046
26.126 36.183 27.929
29.881 36.193 27.287
29.223 37.830 23.900
28.463 41.071 25.744
32.216 41.380 26.309
32.304 42.958 22.847
30.462 45.916 24.365
33.450 48.036 25.351
31.405 50.929 24.020
29.085 52.488 26.557
25.902 51.175 28.033
23.838 48.021 28.530
20.132 48.103 29.394
18.065 45.058 30.371
14.285 44.973 30.791
12.517 43.910 33.969
11.072 41.596 35.146
13.850 39.035 35.469
13.570 36.516 38.295
17.304 35.804 38.490
18.652 39.354 38.249
20.503 39.106 41.567
22.140 35.860 40.468
23.465 37.458 37.283
24.910 40.490 39.084
27.087 38.299 41.331
28.255 35.964 38.582
31.911 36.131 37.554
31.078 36.535 33.858
28.912 39.576 34.598
31.131 41.258 37.200
33.969 41.083 34.668
31.996 42.929 31.987
33.467 46.190 30.605
30.141 48.024 30.942
29.597 46.566 34.410
32.978 47.596 35.802
32.533 50.995 34.155
29.088 51.253 35.734
27.497 51.696 32.321
24.676 49.236 32.971
21.164 49.518 34.412
17.815 47.752 34.693
14.751 49.087 32.888
11.320 49.053 34.542
8.767 46.656 32.947
7.847 47.786 29.433
6.562 45.261 26.904
9.034 45.047 24.026
6.410 43.370 21.851
3.555 45.850 22.166
1.714 48.526 20.214
2.220 52.170 19.271
2.215 53.607 22.791
4.679 50.978 24.019
7.185 52.978 21.975
6.494 56.014 24.160
6.696 53.990 27.377
9.918 52.310 26.273
11.434 55.690 25.406
10.628 57.115 28.844
11.756 54.030 30.769
14.962 53.712 28.754
15.684 57.434 29.174
15.037 57.142 32.912
17.435 54.203 33.281
19.972 55.931 31.050
19.784 59.281 32.848
20.750 57.335 35.936
24.284 55.835 35.745
25.073 58.821 33.487
28.411 60.613 34.039
28.829 63.772 36.124
28.392 66.636 33.653
