76.541 50.486 80.518
78.653 47.362 80.345
81.624 46.803 82.613
84.998 45.634 81.313
85.731 44.040 84.712
85.193 40.295 84.422
82.809 39.679 87.359
80.485 42.602 86.749
80.632 41.966 82.990
79.724 38.293 83.437
76.836 39.103 85.806
75.580 41.805 83.453
75.616 39.457 80.448
73.952 36.725 82.501
70.949 38.918 83.239
70.869 40.362 79.705
70.626 36.876 78.190
68.091 35.872 80.883
65.913 38.789 79.693
66.303 37.836 76.038
65.634 34.135 76.525
63.151 34.238 79.413
61.548 37.512 80.461
60.794 38.846 76.975
59.588 35.650 75.312
57.431 34.475 78.225
55.840 37.821 79.034
55.236 38.119 75.297
53.276 34.859 75.345
51.376 36.145 78.381
50.413 39.235 76.329
49.399 37.097 73.378
47.110 34.625 75.122
45.495 37.290 77.307
44.983 40.040 74.734
45.601 39.001 71.131
44.450 35.378 70.842
41.020 35.027 69.200
39.950 32.430 71.756
40.396 32.160 75.519
42.647 29.190 76.243
42.876 28.617 80.003
45.693 26.046 79.872
47.953 28.422 77.925
46.900 31.482 79.899
47.720 29.651 83.123
51.010 28.289 81.792
52.335 31.752 80.919
50.834 33.334 84.018
52.642 30.945 86.331
55.862 31.425 84.314
55.448 35.223 84.431
55.174 35.057 88.224
58.227 32.792 88.391
60.236 35.294 86.359
59.170 38.231 88.523
60.131 36.195 91.588
63.605 35.501 90.179
64.008 39.132 89.197
62.864 40.303 92.628
65.260 37.970 94.462
68.174 39.381 92.467
67.131 42.991 93.020
66.831 42.330 96.757
70.528 41.435 96.703
71.911 44.136 94.416
70.901 47.695 93.445
71.114 46.782 89.786
71.046 43.469 87.923
74.730 43.358 87.037
76.156 44.838 90.240
76.539 48.369 91.584
76.077 50.073 88.197
73.098 50.556 85.931
73.714 48.520 82.782
72.298 47.067 79.601
70.811 44.262 81.676
68.533 46.728 83.521
67.814 48.569 80.288
66.778 45.317 78.597
64.426 44.285 81.419
62.755 47.606 82.256
60.405 48.043 79.294
59.020 44.559 79.875
58.530 45.191 83.569
56.955 48.492 82.544
54.292 46.444 80.784
53.315 44.715 84.042
49.900 46.372 83.737
49.154 44.051 80.758
50.456 40.892 82.488
47.891 40.392 85.305
50.747 40.939 87.756
50.560 42.821 91.043
53.885 44.667 90.987
53.593 45.423 94.716
54.065 41.686 95.331
57.630 42.141 94.096
58.826 45.152 96.122
62.427 45.198 94.900
61.209 45.061 91.281
58.695 47.809 92.059
61.370 50.118 93.516
63.799 49.400 90.674
61.081 50.012 88.103
60.263 53.342 89.748
63.938 54.292 90.013
64.555 53.717 86.298
61.298 55.509 85.379
62.594 58.555 87.245
65.867 58.726 85.309
65.698 61.668 82.879
66.756 59.524 79.915
63.781 57.223 80.470
61.367 60.154 80.258
63.163 61.386 77.100
62.832 57.898 75.504
59.123 57.628 76.280
58.401 61.096 74.900
60.145 60.123 71.655
57.937 57.007 71.416
55.113 59.513 70.968
