-16.414 13.060 25.078
-14.612 10.947 22.537
-14.129 10.628 18.804
-13.166 7.866 16.436
-12.453 7.945 12.704
-14.114 5.486 10.377
-13.586 4.892 6.670
-16.737 5.492 4.623
-17.605 2.685 2.254
-21.269 3.137 1.318
-24.391 5.261 1.640
-27.767 3.489 1.604
-31.033 4.743 0.110
-32.226 5.007 3.720
-29.452 7.593 4.052
-27.439 5.432 6.482
-23.663 5.384 6.190
-21.562 2.218 6.162
-18.546 3.009 8.342
-15.534 0.732 8.803
-13.452 0.946 11.982
-9.705 0.374 12.137
-10.327 -3.222 13.222
-12.549 -3.751 10.160
-15.910 -3.890 11.902
-18.702 -2.189 9.995
-21.434 -0.046 11.507
-24.406 1.205 9.499
-26.383 2.900 12.289
-25.099 6.439 11.662
-26.831 8.673 9.128
-25.692 11.386 6.758
-25.048 14.301 9.159
-27.201 17.403 9.262
-26.419 20.707 7.611
-23.635 21.618 5.206
-21.485 18.724 6.422
-24.012 16.113 5.336
-24.321 17.846 1.967
-20.558 17.931 1.432
-20.313 14.298 2.542
-23.034 13.285 0.110
-21.352 15.157 -2.757
-17.789 13.986 -2.087
-18.960 10.374 -1.983
-21.101 10.852 -5.099
-17.731 11.913 -6.545
-14.932 9.369 -6.374
-13.339 10.314 -3.065
-12.113 8.150 -0.217
-13.426 9.704 3.006
-12.785 9.451 6.727
-15.746 10.324 8.930
-15.003 11.440 12.489
-17.737 10.289 14.854
-18.404 12.279 18.057
-19.448 10.067 20.978
-20.805 11.120 24.368
-23.644 10.103 26.694
-24.928 7.336 24.468
-25.215 9.686 21.491
-22.981 9.513 18.377
-22.783 11.311 15.037
-20.447 12.350 12.222
-19.012 15.795 12.974
-16.160 16.026 10.435
-15.435 14.553 7.034
-11.904 14.383 5.702
-10.669 13.254 2.304
-8.567 10.087 2.207
-5.695 8.889 -0.011
