79.650 29.811 13.357
79.960 27.559 10.273
83.146 29.234 9.006
84.464 29.129 12.608
83.586 25.461 12.994
85.267 22.399 11.596
83.808 18.916 11.161
84.109 15.954 8.804
83.259 12.308 8.380
84.818 10.661 5.307
84.876 7.061 4.181
86.919 4.817 1.918
84.678 3.406 -0.787
86.749 0.955 -2.782
87.337 -2.755 -2.557
91.051 -2.379 -3.235
93.243 -1.796 -0.160
95.726 1.067 0.119
99.260 0.572 -1.078
101.692 -0.607 1.632
103.471 2.228 3.483
101.235 4.925 2.028
98.726 7.589 3.009
95.114 6.289 3.305
92.812 8.190 0.955
89.203 8.539 2.021
87.510 9.267 -1.285
83.905 9.656 -0.189
82.393 12.341 2.010
79.549 11.888 4.455
79.942 15.445 5.775
82.706 17.983 5.160
81.049 21.425 5.239
84.270 23.472 5.512
86.205 21.298 3.089
88.823 20.771 5.757
89.385 17.148 4.642
90.575 17.128 1.019
89.513 13.931 -0.765
91.963 14.510 -3.638
95.052 14.588 -1.331
93.750 12.498 1.532
94.714 15.143 4.093
92.929 17.309 6.608
94.350 20.859 6.729
93.594 23.092 9.696
91.747 26.353 8.995
90.520 27.229 12.497
93.302 26.768 15.051
92.425 24.922 18.249
91.841 21.558 19.878
90.543 18.762 17.606
89.343 15.225 18.102
90.279 12.706 15.405
88.983 9.141 15.317
88.733 6.290 12.824
87.116 2.853 12.488
88.659 0.746 9.718
87.381 -2.691 8.589
89.883 -5.322 7.524
90.193 -9.038 6.768
93.991 -9.275 6.935
96.515 -7.498 9.143
96.139 -3.727 9.387
98.108 -1.001 11.149
96.801 2.543 10.962
99.148 5.411 11.746
97.954 8.954 12.404
100.318 11.714 11.234
100.405 15.388 12.229
102.526 17.712 10.049
104.857 14.897 9.037
105.290 13.224 12.444
103.731 9.954 13.493
101.469 10.481 16.526
99.883 7.070 17.272
99.729 3.618 15.663
97.162 0.873 16.229
97.289 -2.617 14.760
94.840 -5.446 14.434
95.692 -8.900 13.128
93.238 -11.285 11.475
93.151 -14.023 8.878
90.049 -14.207 6.696
87.506 -12.923 9.221
86.483 -9.260 9.517
87.379 -6.926 12.396
87.427 -3.181 13.059
90.664 -1.381 13.882
89.962 1.842 15.806
92.084 4.696 17.006
91.913 8.348 17.877
93.582 11.265 19.633
93.065 14.903 20.694
95.461 17.368 19.044
95.870 21.089 19.440
96.550 22.360 15.912
97.759 25.582 14.276
96.577 27.024 10.965
97.929 25.083 8.029
98.811 21.923 9.943
98.011 18.657 8.186
96.598 15.458 9.665
96.200 12.165 7.837
96.093 8.397 8.221
98.544 5.937 6.704
99.354 2.221 6.710
102.644 0.400 7.093
103.464 -3.098 5.779
100.111 -4.211 7.269
97.773 -2.414 4.913
94.563 -4.439 4.544
91.289 -2.413 4.439
89.156 -5.023 2.737
85.983 -5.252 4.754
83.351 -7.873 4.178
79.990 -6.748 2.836
78.493 -4.379 5.294
81.740 -3.412 7.079
83.150 0.007 6.124
86.004 2.315 7.075
85.450 5.856 8.393
87.623 8.788 9.548
86.115 11.762 11.446
87.426 14.871 13.068
86.014 17.981 14.624
87.080 21.141 16.400
86.294 21.156 20.106
87.981 24.333 21.417
88.968 27.196 19.107
92.060 29.130 20.145
91.290 32.659 21.224
87.590 32.095 21.805
85.681 31.962 25.079
87.186 30.972 28.453
90.472 29.057 28.603
