49.632 -0.586 230.738
51.418 -1.169 227.402
54.855 -2.497 228.541
55.609 -4.542 225.345
55.221 -4.425 221.574
54.456 -7.038 218.898
57.184 -9.465 217.884
56.983 -11.798 214.841
57.705 -15.538 215.129
60.385 -15.207 212.389
62.526 -12.310 211.108
62.134 -13.364 207.445
59.156 -15.367 206.150
59.863 -17.429 203.010
56.753 -17.553 200.854
55.955 -18.673 197.331
53.039 -18.202 194.958
52.211 -19.639 191.524
51.747 -17.023 188.775
48.226 -16.434 187.312
46.788 -17.431 190.702
43.249 -16.076 191.131
42.266 -13.326 193.592
42.032 -14.675 197.133
44.647 -17.371 196.463
46.596 -17.373 199.819
50.417 -17.310 199.808
52.124 -20.658 200.470
54.354 -19.645 203.437
57.089 -22.221 204.009
58.276 -21.219 207.553
55.235 -21.425 209.889
52.269 -19.024 209.762
52.850 -15.269 209.759
52.291 -14.377 213.405
53.283 -11.644 215.846
52.959 -12.013 219.614
52.654 -9.208 222.182
53.508 -10.002 225.814
51.015 -7.558 227.469
47.716 -8.670 229.054
44.282 -8.150 227.364
43.614 -5.096 225.051
47.313 -4.162 224.818
48.082 -7.694 223.427
46.006 -7.774 220.183
47.875 -6.997 216.983
46.848 -5.396 213.692
48.919 -6.469 210.641
49.969 -4.300 207.694
51.958 -5.218 204.562
54.258 -2.674 202.865
56.663 -2.237 199.964
57.177 -1.823 196.240
54.688 -4.493 194.980
52.501 -4.610 198.162
49.606 -3.651 195.810
49.484 -7.204 194.347
48.391 -8.623 197.696
46.077 -8.089 200.621
46.785 -8.802 204.286
44.051 -9.782 206.765
44.679 -7.147 209.459
43.568 -9.508 212.279
45.010 -12.942 211.238
47.970 -11.752 209.128
47.160 -14.188 206.321
48.119 -12.848 202.924
46.252 -13.270 199.638
46.395 -12.347 195.961
44.457 -9.099 195.454
41.555 -8.852 192.954
42.073 -6.535 189.973
45.702 -7.650 189.417
47.492 -10.409 187.483
50.658 -11.939 189.012
52.892 -12.580 185.923
56.340 -14.153 186.513
57.566 -12.835 183.129
57.278 -9.201 184.424
59.670 -9.828 187.387
63.364 -10.675 186.803
64.467 -11.893 189.238
61.057 -13.635 190.043
61.368 -12.546 193.686
59.354 -10.063 195.780
60.462 -8.622 199.082
57.955 -6.992 201.424
57.766 -5.559 204.949
55.383 -7.032 207.489
54.407 -4.582 210.226
52.498 -5.613 213.367
50.919 -2.844 215.527
49.191 -2.733 218.946
46.409 -0.385 220.242
48.887 2.222 221.533
50.535 2.121 218.052
53.751 0.360 219.232
54.964 -2.103 216.629
57.234 -4.870 215.305
58.482 -5.839 211.824
59.359 -8.891 209.749
60.266 -9.613 206.131
58.316 -11.451 203.519
60.407 -12.932 200.745
58.032 -14.295 198.062
59.099 -16.523 195.167
56.856 -16.324 192.084
56.606 -19.934 190.809
56.564 -20.576 187.012
