-5.880 20.599 13.229
-8.180 18.874 10.702
-5.765 16.382 9.118
-7.787 15.380 6.058
-5.501 16.923 3.383
-2.469 15.096 4.801
-4.355 11.770 5.002
-5.407 11.977 1.317
-1.849 12.848 0.223
-0.026 10.188 2.188
-2.482 7.325 1.518
-2.770 8.023 -2.241
-2.027 4.859 -4.174
0.616 6.363 -6.504
2.275 8.202 -3.569
2.493 4.928 -1.616
4.195 3.101 -4.504
7.745 4.204 -3.624
7.582 2.278 -0.317
7.555 -0.974 -2.338
11.067 -0.181 -3.496
12.619 0.061 -0.043
14.785 -3.100 -0.569
16.130 -1.510 -3.753
17.130 1.560 -1.676
19.581 -0.639 0.209
20.589 -3.103 -2.560
20.621 -0.431 -5.229
22.410 -2.516 -7.940
24.460 0.666 -8.515
21.445 2.889 -9.314
21.489 6.332 -7.867
17.741 7.080 -8.467
15.272 7.589 -5.633
12.551 5.000 -4.987
10.098 7.697 -6.172
11.873 7.746 -9.564
11.911 3.894 -9.718
8.180 3.739 -8.994
6.844 6.765 -10.856
9.481 7.498 -13.517
11.303 10.669 -12.518
12.262 12.751 -9.437
9.453 14.021 -7.251
9.598 17.738 -8.192
9.712 17.158 -12.007
6.963 14.550 -11.532
4.795 17.213 -9.867
5.555 19.583 -12.801
4.157 16.942 -15.229
1.181 15.779 -13.196
-1.130 18.687 -12.303
-3.675 16.702 -10.249
-0.822 15.067 -8.263
0.813 18.449 -7.843
-2.412 19.806 -6.408
-2.966 16.824 -4.064
0.577 17.086 -2.722
0.489 20.896 -2.364
-2.747 20.628 -0.353
-1.124 17.976 1.895
1.664 20.458 2.556
-0.917 23.209 3.076
-2.514 21.002 5.696
0.821 20.178 7.362
1.490 23.934 7.687
-2.064 24.652 9.035
-1.271 22.265 11.912
1.539 24.531 13.243
0.746 28.152 12.296
-1.172 29.015 15.461
1.672 27.850 17.738
4.165 29.497 15.427
2.649 33.014 15.361
1.676 32.949 19.074
4.469 31.144 20.888
7.150 32.382 18.522
5.807 35.972 17.981
9.155 37.442 19.193
10.946 35.895 16.169
9.010 38.295 13.965
10.031 41.417 15.909
11.709 44.140 13.907
11.338 42.211 10.629
10.074 44.315 7.713
10.302 41.613 5.022
10.202 37.809 5.105
10.517 35.282 2.219
9.183 31.727 2.644
11.602 29.720 0.468
9.837 26.640 -0.961
6.706 28.132 0.658
4.276 26.030 -1.397
0.836 27.407 -2.129
1.249 30.183 0.506
-0.399 28.944 3.702
2.535 29.988 5.911
2.838 33.522 4.370
-0.912 34.165 4.384
-0.967 33.373 8.114
2.170 35.390 8.932
0.818 38.356 6.889
-2.490 38.249 8.826
-0.769 38.022 12.270
1.854 40.724 11.364
0.260 43.329 9.036
3.390 45.477 8.847
5.665 42.697 7.433
5.864 42.509 3.615
5.716 38.727 2.951
6.939 36.818 -0.082
6.266 33.211 -1.102
8.898 31.636 -3.375
8.650 28.179 -4.996
8.997 26.423 -8.347
6.873 27.655 -11.248
4.441 24.674 -11.201
3.710 25.321 -7.503
3.174 29.071 -7.908
0.893 28.130 -10.825
-1.209 26.086 -8.353
-1.552 29.036 -5.988
-4.298 31.655 -5.588
-3.497 35.204 -6.624
-1.944 37.563 -4.121
-2.582 41.306 -3.408
-0.168 42.437 -0.685
2.060 39.285 -0.690
4.764 38.941 -3.348
4.703 35.586 -5.192
7.934 34.766 -6.974
8.869 31.623 -8.935
12.332 30.231 -9.387
15.011 27.813 -8.206
16.335 28.207 -4.659
19.703 26.625 -5.617
20.329 29.649 -7.919
18.506 32.551 -6.192
16.904 33.344 -2.819
14.984 36.743 -2.643
16.717 38.970 -0.093
14.794 39.933 3.027
15.195 40.622 6.792
14.393 36.959 7.416
14.093 33.742 5.447
11.871 30.862 6.570
12.142 27.278 5.292
9.560 24.769 6.483
9.959 21.118 5.417
12.671 22.135 2.903
15.994 21.033 4.291
14.724 17.528 5.142
14.282 17.050 1.312
18.027 17.358 0.665
21.343 15.664 1.444
24.003 17.506 3.527
25.917 18.983 0.529
22.676 20.383 -0.901
21.548 21.709 2.491
24.834 23.543 2.963
24.415 25.122 -0.548
20.851 26.263 0.358
21.894 27.499 3.832
24.804 29.518 2.416
22.435 31.131 -0.173
20.054 32.021 2.731
22.836 33.377 4.988
23.870 35.805 2.216
20.235 36.861 1.601
19.658 38.308 5.104
21.260 41.324 6.789
24.408 41.012 8.895
22.482 43.210 11.402
19.850 40.993 13.043
19.162 38.822 9.942
17.990 35.294 10.661
16.966 32.081 8.888
13.969 30.294 10.412
14.144 26.507 9.799
11.004 24.472 10.590
11.706 20.737 10.419
11.832 17.616 12.606
14.448 17.198 15.298
14.943 13.442 15.804
15.589 12.364 19.413
17.522 9.120 19.278
17.887 8.881 23.069
14.322 9.114 24.407
10.752 8.533 23.234
8.098 11.207 22.482
4.534 11.088 21.099
5.803 11.931 17.568
8.945 9.722 17.651
7.438 6.930 15.579
6.107 9.196 12.831
9.401 11.190 12.788
11.385 8.005 12.093
8.726 7.230 9.476
9.406 10.638 7.849
13.111 9.764 7.779
12.377 6.830 5.465
9.685 8.866 3.646
12.466 11.335 2.758
14.887 8.546 1.880
12.356 7.094 -0.620
10.652 10.217 -1.980
13.096 13.163 -1.895
16.633 11.890 -1.252
16.689 13.689 2.068
16.584 12.686 5.723
15.350 13.731 9.156
18.099 14.999 11.450
19.067 14.842 15.101
20.162 18.047 16.938
23.793 17.011 16.497
23.274 16.630 12.738
21.542 20.038 12.540
24.419 21.607 14.539
26.972 20.233 12.078
25.078 21.336 9.043
24.459 24.893 10.402
28.161 25.064 11.427
29.359 23.932 7.982
27.250 26.602 6.271
29.188 29.182 8.370
26.547 30.444 10.778
27.385 31.857 14.203
24.811 29.892 16.195
21.323 28.405 16.370
18.411 28.326 18.756
15.719 25.625 18.994
12.164 26.340 20.013
9.722 23.487 20.557
6.133 24.205 19.533
4.503 20.908 20.542
4.268 19.906 16.833
5.886 17.280 14.546
8.502 19.921 13.529
10.457 22.236 15.770
11.749 25.745 15.020
15.506 26.114 14.489
16.652 29.741 14.153
20.000 29.939 12.443
21.955 33.163 12.969
24.676 34.513 10.614
27.506 36.830 11.723
