-17.352 58.553 33.571
-13.688 58.263 34.526
-12.268 54.929 35.666
-8.697 53.874 36.492
-7.206 50.681 34.969
-7.045 47.380 36.870
-3.614 45.918 36.103
-2.879 42.187 36.322
0.619 40.689 36.037
1.466 37.113 35.021
4.925 35.533 35.561
6.267 33.087 32.924
4.313 29.837 32.693
6.050 26.785 34.148
5.451 24.880 30.908
7.018 27.590 28.744
10.067 27.574 31.017
10.729 24.000 29.875
12.010 25.691 26.717
13.862 28.450 28.604
11.456 30.886 26.946
10.098 33.777 29.001
7.052 35.863 28.101
5.734 38.315 30.687
2.117 39.291 30.083
0.684 42.528 31.480
-3.075 42.904 31.098
-4.807 46.241 31.577
-8.578 46.270 32.024
-11.642 48.337 32.958
-10.250 51.790 32.153
-12.084 54.924 30.997
-11.455 56.637 28.642
-9.729 54.258 26.230
-6.236 55.757 26.176
-3.307 54.365 28.160
0.476 54.479 28.389
2.374 51.264 29.068
5.784 51.310 30.757
8.114 48.313 30.979
8.079 44.693 24.113
4.821 44.681 22.139
1.522 46.339 23.080
-2.057 46.378 21.796
-4.157 49.498 21.383
-7.147 49.789 23.780
-10.317 47.935 22.756
-13.950 48.153 23.865
-15.124 45.528 26.346
-18.605 44.081 26.849
-19.711 47.231 28.692
-18.309 50.202 26.724
-15.258 50.051 29.017
-11.795 49.514 27.532
-8.975 46.983 27.818
-5.451 46.576 26.471
-2.482 44.220 26.663
1.318 44.429 26.550
3.756 41.547 26.117
7.474 40.758 26.419
8.967 42.672 37.380
7.631 46.222 37.041
4.665 46.928 34.766
3.687 50.598 34.959
0.481 52.103 33.580
-0.630 55.712 34.029
-4.076 56.939 32.974
