-10.202 40.384 -17.441
-6.630 39.115 -16.339
-4.359 41.942 -17.365
-1.113 41.884 -19.394
1.629 39.628 -18.162
4.187 41.433 -15.955
6.962 39.358 -17.520
6.098 39.207 -21.186
3.949 42.320 -21.704
5.679 44.960 -19.490
4.813 48.125 -21.402
1.125 47.098 -21.768
1.017 46.034 -18.117
2.348 49.403 -16.984
0.036 51.345 -19.249
-3.025 49.314 -18.108
-2.233 50.225 -14.473
-1.591 53.948 -15.147
-4.585 54.438 -17.406
-6.869 52.811 -14.861
-5.651 54.300 -11.600
-9.167 55.723 -10.939
-10.515 52.168 -10.526
-11.716 51.197 -7.063
-8.960 48.495 -6.989
-6.512 51.245 -6.207
-8.482 52.392 -3.129
-7.162 49.238 -1.485
-3.876 48.788 0.377
-0.965 48.320 -2.057
-0.299 44.743 -0.911
-3.879 43.794 -1.785
-3.915 45.703 -5.102
-0.678 43.834 -6.118
-2.702 40.565 -6.002
-5.468 41.872 -8.331
-4.845 39.948 -11.486
-6.725 42.450 -13.606
-3.750 44.748 -13.011
-0.806 42.587 -11.805
-1.192 39.321 -13.715
1.579 37.029 -12.464
2.158 38.580 -9.040
1.428 36.379 -6.022
2.130 36.258 -2.334
5.916 35.799 -2.431
6.461 38.359 -5.162
4.351 41.091 -3.487
6.515 40.737 -0.375
9.734 40.810 -2.285
8.747 43.733 -4.502
7.436 45.961 -1.658
10.567 45.114 0.401
12.873 46.402 -2.319
11.266 49.832 -2.136
10.405 49.688 1.611
6.802 50.671 0.767
4.516 49.972 3.630
2.118 47.165 2.629
-0.890 49.102 3.847
-0.279 52.357 2.136
-3.196 53.158 -0.176
-2.369 51.794 -3.608
-3.212 54.909 -5.562
-0.979 57.001 -3.177
1.985 54.791 -4.083
1.395 54.974 -7.829
-0.064 58.487 -8.409
3.288 60.163 -9.138
3.900 57.822 -12.080
0.773 58.846 -13.928
-0.062 60.576 -16.927
9.226 56.485 -23.139
10.606 59.100 -25.517
9.483 61.742 -23.134
12.876 61.403 -21.231
15.967 60.440 -23.321
18.097 57.408 -22.412
20.693 59.793 -20.939
18.065 61.416 -18.719
16.712 57.983 -17.650
20.254 56.801 -16.810
20.713 59.903 -14.691
17.492 59.796 -12.728
15.700 56.485 -13.093
18.370 53.830 -13.203
19.209 53.881 -9.486
15.605 54.647 -8.502
13.322 51.969 -10.090
9.632 52.442 -9.518
7.124 49.910 -8.270
5.828 48.985 -11.721
9.382 48.489 -12.970
10.002 46.067 -10.137
6.766 44.159 -10.831
8.598 43.147 -14.035
12.236 42.954 -12.988
11.847 41.095 -9.696
10.010 38.094 -11.284
12.567 38.230 -14.116
15.251 37.568 -11.491
13.460 34.338 -10.483
13.225 33.294 -14.153
16.919 33.762 -14.677
17.669 31.943 -11.561
15.451 29.008 -12.651
17.536 28.266 -15.800
16.298 25.096 -17.451
15.699 23.223 -14.153
11.908 22.840 -14.581
10.955 19.333 -15.432
14.392 17.926 -14.654
