11.160 -7.919 81.568
10.841 -10.265 84.517
13.308 -11.052 87.318
15.771 -13.838 86.486
18.640 -15.431 88.316
22.096 -14.553 86.845
24.022 -17.097 84.805
26.941 -16.683 82.397
25.678 -16.697 78.762
28.041 -19.495 77.756
30.525 -22.125 78.764
32.650 -24.621 76.860
35.059 -27.596 77.062
36.512 -30.533 75.095
35.554 -34.202 75.728
36.768 -35.533 79.085
37.209 -32.034 80.666
35.219 -30.498 83.533
33.176 -27.342 83.637
31.251 -25.361 86.238
28.174 -23.239 85.556
27.235 -20.592 88.140
23.880 -19.169 89.167
23.757 -16.005 91.365
20.663 -14.859 93.280
19.719 -13.114 96.539
18.250 -13.842 100.000
14.627 -14.294 98.924
15.394 -16.913 96.277
18.540 -19.102 96.314
19.326 -17.883 99.888
16.163 -19.462 101.374
14.894 -21.948 98.733
15.852 -25.214 96.990
17.689 -24.851 93.699
16.873 -27.042 90.683
18.826 -27.480 87.474
17.326 -28.206 84.031
18.994 -29.493 80.849
17.469 -28.425 77.508
18.727 -30.186 74.346
17.789 -28.387 71.090
14.257 -29.146 70.006
13.283 -30.782 73.324
11.496 -29.970 76.539
13.584 -29.117 79.581
14.497 -32.032 81.768
15.313 -32.183 85.517
19.038 -32.658 86.082
19.391 -31.673 89.816
16.801 -31.153 92.534
16.930 -29.895 96.112
20.383 -28.201 95.439
22.362 -31.476 95.151
20.104 -34.502 94.466
20.252 -36.500 91.202
17.087 -38.082 89.662
17.541 -41.772 88.745
19.050 -41.947 85.272
21.243 -38.840 85.641
24.884 -39.998 85.824
27.120 -39.160 88.807
29.315 -36.840 86.689
26.578 -34.164 87.125
26.551 -32.602 90.604
24.964 -29.548 92.197
25.884 -27.329 95.114
24.692 -24.167 96.787
25.887 -21.860 99.530
24.572 -18.405 100.574
22.978 -16.804 97.518
24.912 -18.837 94.896
24.466 -22.242 93.234
26.682 -24.235 90.884
26.317 -27.141 88.481
29.551 -29.205 87.934
29.917 -31.552 84.967
32.742 -34.069 85.035
33.920 -36.108 82.013
32.273 -33.877 79.392
30.642 -35.725 76.506
29.401 -34.285 73.178
25.788 -35.141 74.128
26.068 -32.685 77.108
25.926 -29.783 74.605
22.747 -27.982 75.608
21.257 -25.049 77.514
21.333 -25.286 81.337
18.997 -23.320 83.552
18.989 -22.965 87.319
15.712 -22.172 89.127
14.181 -21.488 92.552
11.155 -20.118 94.351
11.383 -16.467 95.323
9.715 -15.470 98.629
9.370 -11.807 97.657
7.559 -12.357 94.345
5.770 -15.484 95.648
6.718 -17.035 92.285
9.234 -19.349 90.668
12.223 -17.851 88.939
14.558 -19.206 86.303
18.046 -18.200 85.470
19.061 -16.581 82.198
20.487 -19.955 81.006
23.982 -21.028 79.936
24.745 -22.578 76.487
27.371 -25.246 76.942
29.468 -26.066 73.848
31.514 -29.262 73.676
34.386 -28.587 71.269
35.193 -31.786 69.349
38.543 -30.021 68.803
