68.281 13.002 65.396
71.443 14.657 64.051
69.750 16.375 61.026
72.857 16.153 58.833
72.927 12.388 59.345
69.218 12.146 58.591
69.559 14.167 55.381
72.495 11.982 54.312
70.086 9.034 54.013
67.938 10.795 51.305
69.850 10.811 47.991
67.368 13.019 46.220
68.080 16.029 48.440
71.692 16.313 47.166
71.193 18.032 43.827
70.761 21.427 42.263
67.774 22.898 40.460
68.321 25.943 38.170
71.857 26.232 39.650
70.701 26.390 43.270
70.711 23.721 45.971
67.324 22.003 46.034
65.062 23.123 48.884
62.214 20.584 48.911
59.224 22.036 50.814
56.450 19.943 49.269
56.346 16.888 51.541
52.574 17.333 52.029
52.213 16.478 48.333
54.664 13.580 48.613
57.621 12.668 50.817
61.134 11.716 49.840
62.598 8.261 50.527
65.626 7.126 52.472
68.121 4.569 51.175
66.695 2.000 53.617
63.397 2.039 51.707
64.860 2.190 48.220
67.261 -0.675 49.017
64.341 -2.718 50.401
62.673 -2.530 46.966
65.936 -3.407 45.235
66.516 -6.415 47.501
62.976 -7.630 46.868
63.297 -7.591 43.069
66.918 -8.770 43.100
66.436 -11.687 45.501
62.951 -12.906 46.443
60.166 -11.676 44.138
57.456 -14.313 43.655
53.696 -14.374 44.020
52.333 -15.034 47.502
51.140 -18.179 49.357
53.435 -20.306 51.649
53.982 -24.032 51.111
54.725 -23.889 47.421
58.335 -22.895 46.715
61.168 -21.147 48.499
61.031 -17.661 46.904
57.208 -17.754 47.201
57.512 -18.390 50.937
60.053 -15.526 51.285
57.769 -13.146 49.414
54.787 -14.143 51.523
56.700 -13.785 54.755
57.832 -10.313 53.610
54.271 -9.258 52.710
52.551 -10.565 55.807
55.545 -9.364 57.932
54.808 -5.859 56.640
51.160 -6.226 57.649
52.266 -6.920 61.209
54.597 -3.891 61.157
51.610 -1.744 60.196
49.451 -3.306 62.899
52.067 -2.504 65.543
52.697 1.008 64.156
49.072 2.137 64.515
48.384 -0.088 67.569
45.562 -2.063 65.973
44.454 -5.221 67.848
44.772 -7.592 64.910
46.211 -8.035 61.413
42.607 -8.835 60.409
41.989 -5.079 60.736
44.877 -4.053 58.422
44.030 -3.981 54.715
46.565 -3.012 52.041
45.141 -0.692 49.357
46.438 1.592 46.628
46.337 4.633 48.942
44.184 6.793 51.207
41.804 7.667 48.394
41.108 4.004 47.623
40.743 3.234 51.363
38.083 5.969 51.794
36.282 4.791 48.646
36.150 1.260 50.013
34.437 2.496 53.164
31.987 4.580 51.064
31.171 1.620 48.787
31.053 -1.294 51.260
29.933 0.432 54.483
28.030 3.625 53.495
26.148 2.324 50.461
24.998 -0.662 52.608
24.004 1.288 55.775
22.450 4.530 54.548
18.758 5.124 53.818
16.630 8.281 53.257
16.757 10.443 56.400
20.252 9.238 57.435
23.123 11.698 57.459
26.823 11.724 56.574
28.620 14.528 58.365
31.906 15.981 57.073
33.773 19.319 57.490
34.662 22.229 55.188
38.391 21.454 55.512
38.255 17.942 54.011
40.455 16.874 51.153
38.482 15.805 48.034
39.255 12.144 48.836
37.122 12.559 51.934
34.322 14.503 50.206
33.454 13.053 46.817
32.999 9.387 47.849
30.407 10.583 50.406
28.668 12.844 47.827
28.304 9.749 45.652
27.219 7.509 48.540
24.457 9.907 49.649
23.265 10.281 46.058
23.096 6.499 45.662
21.111 6.036 48.861
18.920 9.157 49.180
20.684 10.134 52.392
21.840 13.668 53.381
25.310 15.186 53.446
25.995 17.799 56.146
29.016 19.970 56.953
30.386 20.937 60.404
31.249 24.654 60.324
34.714 25.995 61.158
35.804 28.635 63.602
37.534 31.835 62.396
41.034 30.353 62.763
40.145 27.177 60.838
39.605 24.891 63.803
36.620 22.793 64.730
34.720 23.472 67.925
33.344 20.402 69.715
30.113 22.431 70.291
29.655 22.682 66.503
30.250 18.920 66.209
27.613 18.257 68.885
25.190 20.536 67.071
25.765 19.052 63.608
25.813 15.363 64.574
22.269 14.085 65.347
20.572 10.765 66.082
20.078 10.466 62.292
23.845 10.654 61.669
25.341 7.329 60.580
28.827 8.395 59.490
31.124 11.219 60.588
34.148 11.590 58.272
37.007 13.942 59.153
40.693 14.600 58.577
43.050 13.970 61.459
45.256 16.806 60.150
44.440 19.300 57.403
46.938 19.485 54.553
46.082 23.199 54.068
45.392 24.744 57.496
47.747 22.465 59.488
44.930 22.031 62.007
45.051 18.900 64.203
41.437 17.920 64.735
40.151 16.544 68.052
39.438 13.072 66.690
39.240 11.225 69.999
36.525 13.608 71.269
34.713 13.564 67.918
34.624 9.768 68.032
32.849 9.954 71.382
30.245 12.353 69.958
29.759 10.136 66.881
29.330 7.007 69.014
26.931 8.694 71.417
24.696 9.434 68.426
24.932 5.927 66.936
27.393 6.846 64.143
30.742 5.479 63.088
33.758 7.772 62.562
35.976 7.568 59.495
39.376 9.232 59.878
41.478 10.468 56.962
44.933 10.023 58.452
47.023 10.741 55.366
48.637 13.885 56.854
48.843 12.692 60.501
50.459 9.248 60.108
53.743 10.498 58.693
54.278 13.074 61.435
52.898 11.855 64.770
52.186 8.626 66.583
48.814 7.008 65.800
47.101 4.767 68.343
43.777 3.603 66.953
42.751 2.043 70.284
43.163 5.426 72.039
41.478 7.371 69.193
38.658 4.797 69.068
38.193 5.473 65.382
36.082 2.991 63.402
38.056 3.387 60.200
41.464 5.043 59.558
43.109 5.558 56.175
46.762 6.390 55.286
49.150 6.644 52.354
52.690 5.219 52.075
53.963 7.891 49.750
53.533 10.638 52.385
55.515 8.699 55.057
58.809 7.870 53.290
57.325 4.812 51.640
56.755 3.679 48.017
54.099 5.132 45.776
50.946 3.122 45.057
50.276 1.702 48.476
48.188 2.557 51.489
46.260 1.076 54.357
42.689 0.852 55.483
42.233 0.074 59.142
38.769 -0.908 60.308
37.452 -2.323 63.558
37.178 -6.100 63.023
33.471 -6.248 63.889
32.655 -3.708 61.161
34.863 -5.329 58.513
33.356 -8.763 59.237
29.918 -7.474 58.251
30.989 -5.498 55.174
31.001 -7.024 51.692
34.144 -6.760 49.529
34.586 -3.729 47.238
36.460 -5.688 44.509
36.257 -9.344 43.556
38.659 -11.873 42.121
41.326 -14.288 42.993
42.997 -14.285 46.413
39.883 -12.947 48.192
37.783 -16.091 47.584
37.439 -19.389 49.298
35.049 -21.309 47.004
34.048 -20.324 43.454
31.042 -21.942 41.773
29.547 -20.999 38.400
27.107 -18.456 39.876
28.036 -17.973 43.576
31.253 -17.654 45.537
32.306 -17.409 49.195
34.979 -15.079 50.620
38.241 -15.594 52.542
38.524 -14.462 56.139
39.882 -11.021 57.027
42.018 -9.282 55.977
42.261 -11.083 52.632
38.491 -10.710 51.979
39.369 -7.099 50.973
42.523 -7.824 48.891
41.545 -8.988 45.419
44.203 -9.991 42.935
47.965 -10.211 43.175
48.885 -7.877 45.993
51.091 -4.771 46.018
53.928 -6.961 47.183
57.024 -4.804 46.808
55.244 -1.631 47.843
53.889 -3.152 51.054
57.335 -4.516 51.943
58.783 -1.065 51.275
56.134 0.549 53.485
57.232 -1.846 56.252
60.766 -0.579 55.788
59.537 3.059 56.004
57.829 2.223 59.274
61.044 0.626 60.609
62.973 3.732 59.566
60.523 6.193 61.174
60.377 4.150 64.387
64.169 4.162 64.639
64.175 7.984 64.502
61.072 8.107 66.699
57.741 9.657 65.764
57.720 11.741 68.951
61.148 13.079 67.863
59.794 13.831 64.420
56.726 15.634 65.887
58.974 17.761 68.153
61.213 18.725 65.188
58.133 19.720 63.183
56.719 21.713 66.084
59.999 23.696 66.171
60.017 24.182 62.391
56.390 25.339 62.389
56.938 27.795 65.229
59.981 29.207 63.444
58.173 29.493 60.146
55.178 31.247 61.614
57.420 33.759 63.346
59.435 34.406 60.187
56.282 34.775 58.050
55.017 37.406 60.532
58.219 39.362 59.753
57.063 39.703 56.105
54.637 42.486 55.282
51.931 41.720 52.721
51.695 37.984 53.426
48.618 36.166 54.719
48.954 32.820 56.491
45.797 30.653 56.827
44.875 28.554 59.853
45.711 28.357 63.547
48.852 28.999 65.595
49.004 25.430 67.010
49.586 23.300 63.920
51.313 20.577 61.949
54.472 21.263 59.897
53.148 23.341 57.044
52.259 26.904 56.105
49.701 27.827 53.439
49.829 31.448 52.448
49.342 34.169 49.828
51.360 37.230 48.945
49.295 40.401 48.476
48.969 41.176 44.768
50.915 38.109 43.562
49.160 35.029 42.214
50.360 31.921 44.081
51.256 30.122 40.816
53.697 32.956 40.105
55.109 32.604 43.642
55.768 28.899 43.033
57.393 29.637 39.656
59.712 32.265 41.019
60.643 30.075 43.967
61.472 27.098 41.736
63.898 29.369 39.893
65.699 29.704 43.283
65.692 25.896 43.788
62.733 25.988 46.177
59.882 23.510 45.653
56.476 24.601 46.991
52.963 23.964 45.667
50.253 26.312 44.498
46.585 25.738 43.770
43.599 24.476 45.726
45.439 21.522 47.288
42.447 19.285 46.650
40.277 21.356 48.985
38.058 23.535 46.768
35.301 23.962 49.413
37.935 25.153 51.877
39.334 27.668 49.323
35.818 29.067 48.974
35.453 29.278 52.781
38.787 31.175 52.868
37.491 33.480 50.075
40.416 32.683 47.745
40.780 30.745 44.503
44.254 29.352 45.269
47.089 29.499 47.781
50.786 28.602 48.044
51.961 25.949 50.510
55.315 25.107 52.023
55.362 21.861 54.002
58.060 20.346 56.125
59.250 16.955 57.174
62.087 15.251 59.073
64.798 16.194 56.553
63.963 19.950 56.511
65.827 22.623 58.468
65.507 26.160 59.777
68.027 27.227 57.090
65.555 26.099 54.450
62.837 28.206 56.036
65.295 31.175 55.992
65.759 30.604 52.275
61.980 30.498 51.739
61.292 33.751 53.562
64.256 35.521 51.855
62.881 34.336 48.496
59.396 35.556 49.335
60.751 39.005 50.258
62.607 39.102 46.896
59.417 38.014 45.125
57.451 40.907 46.656
60.147 43.383 45.644
60.340 41.912 42.099
56.567 42.200 41.482
56.418 45.655 43.034
59.136 46.840 40.628
57.368 45.210 37.655
54.113 46.941 38.610
