29.252 13.814 -11.927
27.129 16.883 -11.239
27.587 19.806 -8.862
25.627 22.873 -7.773
25.529 25.411 -10.594
25.610 22.837 -13.403
22.698 22.607 -15.843
20.563 19.471 -15.706
21.577 17.442 -18.769
19.448 17.650 -21.908
17.449 14.756 -23.372
17.134 12.836 -20.096
14.344 10.278 -20.485
13.098 7.944 -17.762
10.416 5.228 -17.958
7.443 4.912 -15.609
3.860 3.869 -15.124
1.697 6.764 -13.944
-0.321 5.664 -10.911
-4.047 5.233 -11.554
-6.921 4.118 -9.338
-7.941 1.222 -11.610
-4.382 -0.146 -11.292
-4.180 0.605 -7.564
-3.592 -3.041 -6.663
-0.005 -4.231 -6.602
-1.099 -7.256 -8.662
-2.671 -4.992 -11.318
-0.097 -3.757 -13.838
-0.170 -0.662 -16.029
1.917 0.101 -19.152
5.271 1.940 -19.077
5.605 5.248 -20.922
8.520 7.639 -21.414
9.068 10.455 -18.915
10.886 13.384 -20.526
12.554 14.686 -17.373
14.662 17.415 -19.029
11.544 18.871 -20.685
9.214 18.385 -17.720
11.596 19.824 -15.115
12.612 22.986 -16.994
10.091 25.102 -15.095
9.903 23.135 -11.829
11.728 22.577 -8.553
12.589 18.892 -8.305
14.100 16.397 -5.897
15.497 13.297 -7.566
16.974 10.559 -5.378
18.496 7.373 -6.744
19.293 4.153 -4.923
20.569 0.598 -5.571
17.151 -0.896 -6.329
13.499 -1.393 -5.549
12.837 -3.715 -2.592
16.442 -3.461 -1.316
16.997 -3.239 2.497
18.242 0.307 3.292
16.208 1.778 0.410
13.016 0.112 1.622
13.438 0.432 5.395
14.768 4.009 5.537
15.469 5.874 2.287
12.000 5.905 0.724
9.867 5.928 3.936
11.788 8.970 5.223
10.917 10.918 2.067
7.311 9.799 2.406
7.128 11.146 5.949
8.689 14.497 4.960
6.438 15.056 1.922
4.361 17.775 3.618
7.511 19.733 4.595
9.042 19.180 1.169
5.960 20.520 -0.644
5.827 23.463 1.766
9.316 24.414 0.571
8.111 24.817 -3.018
9.205 21.462 -4.419
7.067 20.503 -7.426
8.327 17.012 -8.116
9.692 14.323 -5.838
11.050 11.305 -7.689
12.847 8.113 -6.704
15.059 6.494 -9.348
16.507 2.990 -9.741
17.722 0.625 -12.455
14.596 -1.590 -12.197
12.132 -1.500 -15.085
8.975 0.593 -14.797
6.778 -2.390 -13.877
8.895 -3.027 -10.802
9.183 0.661 -9.829
5.397 0.988 -10.164
4.795 -1.999 -7.878
7.301 -0.648 -5.361
5.350 2.607 -5.231
2.193 0.660 -4.409
4.092 -1.434 -1.861
4.968 1.841 -0.144
1.310 2.926 -0.358
2.133 6.006 -2.448
-0.601 7.178 -4.838
-0.883 9.673 -7.691
2.334 11.582 -8.300
3.085 12.280 -4.617
6.394 10.585 -5.303
7.210 9.447 -8.824
8.634 5.951 -9.046
10.962 6.196 -12.037
13.047 3.708 -13.991
16.522 4.604 -15.252
16.670 2.106 -18.164
19.969 0.171 -17.999
20.959 2.942 -15.555
21.775 4.994 -18.652
21.331 8.446 -17.063
23.274 7.420 -13.969
26.059 6.026 -16.196
26.110 9.263 -18.191
27.114 11.153 -15.056
29.401 8.388 -13.830
27.190 7.539 -10.853
26.374 3.897 -11.596
28.075 0.878 -10.023
29.867 -2.079 -11.633
26.715 -4.213 -11.633
24.798 -1.589 -13.600
22.741 -0.382 -10.647
22.444 3.342 -9.993
24.473 4.430 -6.955
22.744 6.077 -4.005
22.556 9.793 -4.691
20.365 12.902 -4.679
19.862 15.937 -6.869
17.850 19.070 -6.283
17.091 20.687 -9.642
15.531 24.136 -9.734
14.272 25.233 -13.165
16.893 23.221 -15.014
19.807 24.139 -12.716
21.385 21.855 -10.135
21.381 23.482 -6.681
22.300 20.369 -4.702
24.227 17.273 -5.684
25.240 14.405 -3.435
26.764 10.963 -4.025
26.875 8.614 -1.027
30.296 7.191 -0.093
29.009 3.590 -0.186
26.066 1.528 -1.432
24.431 1.082 1.971
25.429 4.525 3.302
22.441 6.846 3.763
23.325 10.420 4.689
23.845 13.042 1.970
20.901 11.754 -0.103
18.498 11.403 2.844
15.247 13.344 3.080
16.533 15.145 6.213
19.704 16.289 4.517
18.003 17.313 1.267
15.415 19.239 3.312
18.251 21.161 5.002
19.502 22.181 1.556
16.203 23.663 0.395
