5.864 53.002 133.573
2.846 55.542 133.910
-0.889 54.813 134.242
-4.109 56.724 134.935
-7.884 56.247 134.850
-10.335 58.956 133.804
-13.966 58.720 134.920
-16.583 60.653 132.959
-20.351 60.563 133.141
-22.499 57.661 132.017
-19.830 55.043 132.485
-17.406 56.731 130.129
-14.292 55.299 131.735
-10.867 55.268 130.122
-7.509 53.819 131.208
-4.311 55.236 129.672
-0.781 54.022 129.977
2.786 54.773 128.892
5.492 52.066 128.597
8.881 53.242 129.574
11.902 51.119 128.928
15.575 51.443 127.972
15.214 49.420 124.789
12.887 47.755 122.268
10.290 45.679 124.062
9.468 43.674 120.915
5.780 44.308 121.290
3.069 42.953 119.049
-0.659 42.894 119.681
-2.600 39.649 120.110
-6.233 38.580 120.172
-7.110 35.593 122.304
-10.660 34.284 122.132
-12.409 32.463 124.963
-11.946 28.917 126.067
-8.208 28.728 125.706
-6.576 26.186 128.003
-3.471 27.579 129.662
-0.627 26.626 131.910
1.423 28.989 134.149
4.795 27.629 132.900
6.079 27.162 136.440
7.136 23.510 136.210
5.087 20.460 137.261
2.886 22.465 139.646
1.950 25.222 137.265
-1.508 26.637 137.775
-3.936 25.760 134.965
-7.045 27.514 133.752
-9.364 27.958 130.813
-9.999 31.532 129.741
-13.515 32.777 130.409
-12.982 36.181 128.669
-11.487 37.046 125.312
-8.743 39.661 125.372
-6.725 41.916 123.192
-3.237 42.371 124.572
0.165 43.903 124.021
3.070 41.463 124.335
6.475 41.724 125.956
8.785 40.085 123.366
5.976 37.772 122.234
6.710 35.813 125.438
4.605 37.762 127.942
1.475 39.886 128.313
2.320 43.417 129.494
-0.820 45.283 128.663
-4.412 44.740 127.520
-8.140 44.545 128.105
-10.853 41.910 127.975
-14.328 41.861 126.493
-15.842 42.548 129.916
-13.931 45.827 130.234
-11.211 44.772 132.636
-7.864 46.359 131.889
-4.419 45.201 132.949
-1.170 47.141 132.759
2.053 45.516 133.865
4.485 48.270 134.785
8.273 47.851 134.420
11.225 48.893 136.693
9.486 48.484 140.019
10.759 47.930 143.546
9.868 44.290 144.061
11.002 41.551 146.403
9.314 38.449 145.042
8.744 35.339 147.134
10.963 32.251 146.778
9.249 29.400 144.960
9.267 26.005 146.660
8.084 23.735 143.794
5.182 22.549 146.025
2.400 25.220 145.586
0.576 26.054 142.360
2.911 28.459 140.488
2.384 31.187 137.903
5.098 32.651 135.704
5.027 36.426 135.983
5.052 36.718 132.176
1.488 35.313 132.228
0.321 37.217 135.327
-1.667 39.806 133.394
-3.023 37.214 131.052
-4.338 35.039 133.897
-6.149 38.030 135.276
-7.609 39.168 131.971
-8.670 35.637 131.099
-10.431 34.830 134.397
-12.142 37.966 135.793
-14.567 40.657 134.644
-13.975 43.252 137.362
-11.332 44.516 139.690
-13.346 43.305 142.757
-13.686 39.849 141.294
-9.946 39.792 140.723
-9.005 41.178 144.136
-11.311 38.763 145.998
-9.597 35.760 144.343
-6.041 37.093 144.587
-6.495 37.801 148.306
-7.016 33.986 148.885
-3.567 33.247 147.336
-4.328 30.854 144.507
-0.686 30.875 143.349
2.900 31.923 143.950
4.332 34.260 141.322
7.553 32.924 139.708
10.481 34.850 138.210
12.529 43.146 133.936
10.859 43.702 137.329
7.059 43.951 137.212
3.943 45.107 139.104
0.291 44.919 138.147
-2.295 47.670 137.702
-5.993 46.968 137.074
-9.065 48.979 136.150
-12.731 48.297 135.186
-15.675 49.636 133.247
-17.091 50.741 136.632
-14.014 52.964 137.301
-12.575 50.686 139.966
-8.799 50.309 140.329
-6.193 48.230 142.085
-2.465 47.651 142.172
-0.740 44.450 143.163
2.842 44.543 144.355
5.379 42.256 145.991
6.966 43.850 149.045
9.004 41.761 151.501
8.114 38.614 149.499
4.404 39.296 150.146
1.551 40.122 147.808
0.275 43.573 148.674
-2.849 44.991 147.114
-4.297 48.504 147.160
-7.940 48.541 145.979
-10.240 51.519 145.491
-11.554 53.856 142.817
-9.598 56.732 144.349
-6.333 55.143 143.165
-6.586 56.706 139.722
-2.884 57.243 139.113
0.042 54.781 139.385
3.728 54.897 138.344
6.418 52.278 138.241
8.520 53.810 141.019
8.783 53.779 143.953
6.430 51.458 145.784
2.778 52.602 145.671
2.598 53.672 149.298
5.665 55.844 148.663
4.073 57.224 145.492
1.160 58.604 147.522
3.667 60.214 149.880
5.700 61.911 147.097
2.465 63.234 145.633
1.374 64.712 148.941
3.315 67.972 148.812
1.534 68.973 145.579
-1.981 68.604 147.005
-1.301 72.006 148.591
-0.382 73.725 145.299
-2.902 74.496 142.548
-2.071 72.744 139.249
-2.771 75.860 137.174
-0.113 77.766 139.109
2.645 75.161 139.407
3.302 71.578 138.403
6.556 69.634 138.525
7.665 69.254 134.924
10.505 66.711 134.960
10.196 62.960 134.093
10.624 61.787 137.666
7.882 59.303 138.476
6.589 61.561 141.242
6.353 64.486 138.774
4.552 62.367 136.269
2.204 61.129 139.009
1.323 64.655 140.084
0.628 65.876 136.550
-1.490 62.834 135.749
-3.607 63.284 138.906
-4.192 66.950 138.184
-5.060 66.498 134.523
-7.176 63.341 135.028
-9.486 65.269 137.361
-9.533 68.356 135.135
-10.790 66.525 132.032
-14.428 67.355 131.285
-16.818 64.618 132.413
-19.420 65.373 129.676
-20.372 62.368 127.433
-18.569 62.671 124.142
-16.179 59.784 123.383
-14.156 61.519 120.642
-13.456 64.472 123.001
-12.677 62.299 126.015
-10.323 60.204 123.920
-8.619 63.321 122.640
-8.129 64.695 126.159
-7.002 61.285 127.491
-4.265 60.824 124.819
-3.115 64.341 125.221
-2.671 63.752 128.941
-0.838 60.407 128.665
1.395 62.039 126.054
2.118 64.802 128.617
3.261 62.258 131.162
5.363 60.227 128.775
9.127 60.441 128.985
10.717 62.066 125.901
12.777 59.737 123.795
16.606 59.509 124.017
16.863 62.246 126.648
17.400 60.468 129.929
20.934 59.813 131.148
22.278 56.897 133.258
22.408 59.385 136.259
18.689 58.687 136.779
18.195 54.877 136.577
14.381 54.733 137.336
13.380 56.796 134.316
13.245 55.442 130.790
12.112 56.700 127.402
8.445 56.059 126.611
8.344 53.332 123.870
4.553 53.299 123.368
1.166 54.256 124.766
-2.208 52.509 125.133
-5.603 53.936 125.779
-8.399 51.606 126.771
-12.012 52.679 126.169
-13.866 50.557 128.699
-17.368 51.420 127.558
-16.899 50.919 123.787
-14.259 48.163 124.138
-11.566 49.879 122.094
-7.811 49.327 122.523
-5.788 52.249 121.109
-2.040 51.854 120.509
0.619 54.437 119.668
4.338 54.141 118.987
6.985 56.680 120.027
9.616 55.260 117.622
7.431 55.137 114.513
4.552 57.467 113.596
1.969 54.785 114.044
-1.403 55.095 115.733
-4.493 52.872 115.462
-6.970 50.876 117.500
-8.583 47.485 117.804
-12.342 47.273 118.117
-13.271 44.288 120.322
-16.937 44.461 119.234
-15.928 43.304 115.712
-13.736 40.432 116.887
-14.898 36.833 117.077
-13.934 35.840 120.603
-16.077 32.664 120.692
-14.594 29.263 121.502
-16.541 27.759 118.598
-15.238 29.906 115.715
-12.669 32.375 117.220
-9.061 32.333 116.120
-5.924 33.436 117.871
-4.718 36.445 115.887
-1.636 38.683 115.897
-1.011 42.206 114.593
2.647 42.290 113.590
4.092 45.677 114.490
7.737 44.773 113.932
10.840 46.120 115.669
10.016 49.640 116.932
6.543 49.259 115.393
7.827 49.942 111.867
4.715 48.277 110.353
2.237 51.137 110.209
-1.491 50.814 110.636
-4.252 53.321 111.145
-7.855 53.667 112.135
-9.559 50.450 113.160
-6.826 47.977 112.282
-8.781 44.710 112.832
-8.512 43.630 109.206
-4.713 43.482 109.458
-4.895 40.884 112.231
-3.623 37.502 111.080
-4.374 33.961 112.368
-1.291 32.793 114.277
-0.409 30.107 116.801
-0.315 31.643 120.321
3.138 32.209 121.756
4.499 30.252 124.682
4.865 32.247 127.904
8.320 32.468 129.390
9.366 30.538 132.520
10.021 26.994 133.816
