146.745 14.775 131.429
146.999 10.994 131.467
145.334 10.048 134.754
146.297 6.649 136.172
144.137 4.901 138.712
145.110 1.853 140.603
143.119 -0.984 142.046
142.592 -2.313 144.537
143.321 0.138 147.349
144.388 -2.754 149.562
145.072 -6.275 148.406
144.945 -8.868 151.211
146.738 -12.094 150.365
148.816 -14.780 152.069
152.473 -15.644 151.623
152.738 -17.794 148.483
149.551 -16.478 146.862
149.371 -14.871 143.383
149.009 -11.079 143.538
147.248 -9.284 140.674
147.520 -5.449 140.698
145.784 -3.208 138.154
146.576 0.182 136.696
144.045 2.055 134.585
145.111 4.900 132.275
142.528 7.637 131.547
143.312 7.261 127.852
145.027 4.740 125.565
148.699 4.465 126.396
151.329 3.030 124.111
152.718 0.377 126.387
156.236 1.734 125.653
155.590 4.225 128.435
154.317 2.478 131.540
156.316 1.473 134.593
155.736 -0.184 137.963
157.551 0.622 141.244
157.766 -1.155 144.602
157.899 0.867 147.804
159.058 -1.153 150.810
158.719 0.792 154.086
161.593 3.192 154.834
162.977 2.777 151.327
163.009 4.759 148.121
160.937 3.314 145.266
162.361 0.468 143.254
161.740 0.122 139.546
160.218 -3.381 138.963
158.964 -3.094 135.315
159.440 -0.668 132.513
157.623 -0.530 129.203
154.622 -2.362 130.664
156.266 -5.717 130.405
160.067 -5.612 130.723
161.532 -6.608 134.067
164.273 -4.305 135.389
167.731 -5.845 135.895
168.083 -7.632 139.198
164.347 -8.078 139.839
163.020 -11.515 140.857
161.123 -13.147 137.980
158.077 -13.766 140.134
157.303 -10.164 139.013
155.819 -9.598 135.598
153.817 -6.971 133.710
151.313 -6.953 130.885
148.627 -4.872 129.308
148.114 -2.452 126.489
145.783 0.415 125.807
144.090 1.458 129.058
144.625 -1.484 131.415
147.938 -2.758 132.652
148.652 -5.430 135.158
151.438 -6.257 137.562
151.515 -9.866 138.651
153.410 -11.320 141.557
153.177 -15.077 140.925
153.953 -16.009 144.494
154.155 -13.526 147.378
157.359 -13.630 149.401
157.385 -11.715 152.733
159.319 -8.872 151.267
156.683 -8.259 148.584
154.223 -6.888 151.145
154.625 -3.285 150.277
153.052 -0.478 148.274
153.145 -0.541 144.431
152.716 2.430 142.077
152.388 2.669 138.326
153.848 5.519 136.298
153.222 6.799 132.808
155.989 8.705 130.907
154.279 9.269 127.561
153.070 12.829 128.109
153.441 15.779 130.494
153.098 15.989 133.356
154.356 12.492 134.136
151.834 10.940 136.450
151.613 8.146 138.974
148.621 6.227 140.337
147.599 6.317 144.010
149.444 3.108 144.740
148.232 -0.287 145.905
149.068 -1.650 149.312
149.683 -5.401 149.482
148.859 -6.693 152.907
149.036 -10.048 154.731
