4.705 20.194 93.516
7.877 18.506 94.773
11.053 20.594 95.032
12.377 18.961 91.832
9.123 19.645 89.970
9.410 23.276 91.125
12.874 23.578 89.610
11.745 22.005 86.338
8.806 24.430 86.100
11.180 27.362 86.680
13.388 26.035 83.884
10.378 25.730 81.558
9.453 29.364 82.376
13.010 30.370 81.508
12.989 28.788 78.037
11.381 31.868 76.501
14.490 33.829 77.470
16.217 32.209 74.496
19.393 32.618 76.548
21.705 29.609 76.772
23.925 31.286 79.377
20.911 31.769 81.650
19.460 28.320 81.023
22.707 26.434 81.606
22.711 27.593 85.226
20.092 24.903 85.934
22.542 22.163 84.921
25.184 20.211 86.832
28.612 19.737 85.264
27.859 16.028 85.048
24.810 16.273 82.819
23.489 15.440 79.374
20.727 16.356 76.956
19.247 13.915 74.488
16.771 15.003 71.820
15.351 11.623 70.910
16.536 9.625 69.071
19.660 11.691 68.291
22.945 11.006 70.092
23.170 12.892 73.408
25.067 16.087 74.120
27.473 14.895 76.813
28.454 17.251 79.612
27.371 20.756 80.644
29.385 22.580 78.000
27.908 20.494 75.176
24.421 21.185 76.503
25.173 24.925 76.551
26.504 24.805 72.990
23.448 22.851 71.836
21.082 25.450 73.302
23.131 28.377 72.002
23.135 26.865 68.517
19.396 26.331 68.659
18.774 29.981 69.635
20.667 31.189 66.544
17.995 29.636 64.337
14.815 29.533 66.458
13.037 31.684 68.996
10.954 29.924 71.623
8.066 32.408 71.509
5.909 30.607 74.064
5.782 27.478 76.164
2.441 26.096 77.323
3.011 23.352 79.859
-0.041 21.091 80.216
1.230 18.288 82.428
3.786 17.709 85.130
4.391 14.704 87.357
7.087 12.442 88.757
7.802 8.737 88.819
10.758 6.964 90.397
12.374 10.332 91.063
12.303 11.481 87.448
10.262 14.562 86.525
7.987 14.241 83.477
6.566 17.375 81.892
4.652 17.980 78.673
4.172 21.211 76.745
3.493 22.808 73.411
6.320 25.032 72.214
5.673 27.861 69.802
8.877 27.944 67.720
9.655 30.727 65.266
12.303 30.088 62.626
14.473 33.204 62.620
15.550 33.065 58.967
11.944 32.844 57.710
9.713 34.386 60.374
7.476 31.311 60.197
6.074 29.822 63.406
5.354 26.212 64.365
3.553 24.560 67.258
5.034 21.284 68.477
4.299 19.101 71.493
7.147 17.709 73.546
7.784 15.544 76.594
10.765 16.382 78.767
12.099 13.834 81.257
14.442 15.256 83.894
16.863 13.773 86.381
18.011 16.132 89.131
20.755 15.695 91.679
20.913 18.159 94.568
18.759 20.701 92.760
20.644 20.625 89.458
19.766 18.884 86.212
21.920 15.801 85.628
19.927 14.399 82.721
17.337 15.741 80.289
15.627 13.716 77.592
13.203 15.306 75.110
10.700 13.535 72.935
9.305 15.963 70.357
6.280 15.013 68.295
7.880 13.611 65.142
4.654 13.020 63.179
4.067 15.087 60.026
