75.362 -24.979 13.342
77.484 -22.211 11.925
74.502 -21.202 9.795
72.629 -20.842 13.042
75.185 -18.557 14.638
75.515 -16.183 11.676
71.774 -15.948 11.020
71.397 -14.936 14.670
74.051 -12.222 14.345
72.533 -10.956 11.094
69.142 -10.628 12.792
70.706 -8.857 15.780
72.364 -6.365 13.430
69.214 -5.903 11.338
67.212 -5.011 14.452
69.846 -2.426 15.378
69.556 -1.000 11.853
65.765 -0.750 12.128
65.944 0.984 15.515
68.563 3.445 14.249
66.605 4.410 11.131
63.445 4.905 13.201
65.335 7.259 15.522
66.981 8.987 12.553
63.662 9.578 10.775
62.196 10.887 14.043
64.896 13.561 14.280
64.897 14.252 10.533
61.131 14.774 10.535
61.418 17.474 13.192
64.145 19.194 11.165
61.893 19.257 8.094
59.048 20.613 10.234
61.275 23.407 11.558
62.488 24.331 8.066
58.860 24.755 6.983
58.282 27.072 9.955
61.275 29.178 8.908
60.197 29.096 5.245
64.230 37.720 7.418
65.029 37.516 11.175
68.584 36.941 12.457
67.479 34.256 14.930
65.605 32.272 12.274
68.586 32.704 9.940
70.818 31.118 12.584
68.357 28.216 12.806
68.475 27.804 9.016
72.281 27.806 9.176
72.076 25.006 11.753
69.813 22.976 9.455
72.313 23.185 6.581
75.562 22.903 8.546
77.763 20.396 6.732
79.255 18.812 9.870
78.328 17.936 13.437
78.970 20.539 16.110
81.813 20.358 18.603
82.039 23.740 20.337
81.816 23.744 24.133
79.065 26.170 25.350
