26.232 9.427 -23.975
26.765 12.069 -24.778
30.411 11.711 -23.753
33.341 13.978 -24.631
36.500 11.935 -24.916
39.590 13.569 -26.380
43.323 13.022 -26.498
45.664 15.931 -27.208
49.076 14.921 -28.515
51.887 17.142 -27.258
54.340 16.782 -30.148
52.014 17.900 -32.961
49.377 19.760 -30.914
46.496 17.735 -32.389
43.135 16.694 -30.945
41.766 13.169 -31.461
38.414 11.748 -30.394
38.794 8.582 -28.317
36.533 5.549 -28.452
34.615 5.132 -25.205
32.234 3.002 -23.158
30.037 5.914 -22.043
32.095 6.076 -18.862
34.300 9.007 -17.808
36.245 6.756 -15.417
37.251 4.337 -18.192
40.039 5.419 -20.535
39.900 3.447 -23.798
43.259 3.789 -25.555
44.814 1.516 -28.189
41.961 -0.979 -28.019
42.522 -1.621 -24.310
40.970 -0.182 -21.147
42.541 1.688 -18.242
40.584 2.406 -15.062
40.982 6.017 -13.870
39.160 5.287 -10.573
44.596 12.341 -2.680
43.614 15.010 -5.268
45.274 13.417 -8.297
46.565 9.923 -8.852
49.602 8.697 -10.760
50.306 5.144 -11.892
51.709 2.760 -14.493
49.741 0.049 -16.269
50.954 -2.614 -18.702
48.513 -4.405 -21.006
49.218 -6.422 -24.168
52.896 -5.737 -23.496
52.352 -1.980 -23.787
53.275 0.254 -20.846
51.261 3.370 -19.991
52.019 6.092 -17.469
48.904 7.907 -16.295
48.334 10.998 -14.217
44.665 11.790 -13.665
42.521 14.354 -11.848
40.490 14.583 -9.705
39.335 12.837 -6.537
36.406 15.286 -6.208
35.060 14.978 -9.788
32.567 12.212 -10.528
31.537 12.851 -14.119
34.757 14.169 -15.567
38.370 12.997 -15.620
41.348 14.774 -17.171
45.097 14.221 -17.084
48.294 13.070 -18.809
48.874 9.875 -20.741
52.406 8.703 -21.480
52.965 5.732 -23.789
56.393 4.281 -23.070
58.497 1.959 -25.215
60.908 2.503 -28.105
59.239 5.905 -28.269
58.031 7.981 -25.337
54.917 9.838 -26.486
53.070 12.352 -24.318
49.380 13.137 -24.535
46.739 14.892 -22.506
43.207 13.538 -22.260
39.799 14.604 -20.998
36.610 12.545 -20.626
33.228 13.696 -19.355
29.591 12.648 -19.413
27.585 15.667 -20.563
24.691 16.994 -18.500
