21.323 16.525 -20.201
20.408 19.769 -21.963
17.148 20.045 -19.973
19.182 19.962 -16.739
21.389 22.942 -17.628
20.950 25.629 -14.913
19.697 29.135 -15.709
21.487 30.855 -12.768
23.917 33.775 -13.067
27.283 34.074 -11.255
27.862 30.319 -10.894
31.454 29.792 -9.815
33.414 26.671 -10.745
36.890 26.002 -9.276
39.403 23.408 -10.378
42.752 22.981 -12.069
44.482 22.159 -15.344
47.411 20.458 -17.038
49.306 22.610 -19.467
52.233 22.640 -21.810
53.271 26.030 -23.201
56.148 26.756 -25.548
57.846 29.226 -27.835
61.358 27.988 -28.381
61.653 26.863 -24.780
58.814 25.276 -22.847
56.888 25.313 -19.594
54.684 22.599 -18.179
52.405 22.279 -15.158
50.218 19.552 -13.658
46.838 19.813 -11.942
46.853 20.706 -8.249
44.471 21.616 -5.448
47.089 23.647 -3.581
47.440 27.374 -3.211
50.284 28.233 -5.601
49.564 25.241 -7.855
47.953 25.186 -11.304
44.510 26.661 -10.692
41.355 27.260 -12.711
38.346 29.417 -11.899
35.233 30.094 -13.974
32.160 32.224 -13.658
29.205 30.967 -15.650
26.297 33.275 -16.382
23.867 30.719 -17.733
21.123 33.256 -18.470
23.564 35.316 -20.592
24.858 32.061 -22.101
28.337 33.236 -21.198
31.313 31.630 -19.534
34.457 33.487 -18.481
37.443 32.212 -16.604
41.120 32.163 -15.888
43.865 29.568 -15.603
46.822 30.463 -13.424
50.196 28.694 -13.680
51.873 27.077 -10.693
54.037 29.499 -8.687
52.926 32.503 -10.752
51.161 35.585 -9.422
49.328 36.766 -12.555
46.761 34.729 -14.435
48.116 32.790 -17.384
45.114 32.259 -19.698
42.015 34.381 -19.908
39.045 32.367 -21.135
35.798 33.579 -22.669
33.065 31.559 -24.337
29.415 31.151 -25.210
27.218 28.294 -24.102
25.171 26.168 -26.494
23.043 23.436 -24.946
25.336 21.450 -22.677
28.578 22.689 -24.193
30.585 25.839 -24.633
33.104 27.270 -27.085
35.348 30.302 -27.144
38.906 31.502 -26.808
41.868 31.335 -24.464
44.630 33.924 -24.546
47.773 34.847 -22.655
48.471 38.364 -21.373
49.127 40.804 -24.199
52.728 41.076 -23.016
52.971 37.285 -23.228
53.462 34.429 -20.792
56.979 34.343 -19.263
58.225 30.805 -19.866
60.752 31.204 -17.070
60.985 33.268 -13.877
64.696 34.052 -14.199
64.608 37.684 -15.317
67.707 40.231 -18.542
65.828 38.648 -21.439
63.169 35.999 -20.856
61.464 33.862 -23.504
57.732 34.544 -23.772
54.876 32.668 -25.374
52.012 34.590 -27.007
48.719 32.730 -27.441
46.322 35.255 -28.894
43.632 33.047 -30.317
43.435 29.500 -28.903
40.097 27.801 -29.604
38.489 26.434 -26.472
35.918 23.667 -26.528
34.261 22.230 -23.434
31.158 20.911 -21.736
29.155 20.730 -18.542
29.170 17.307 -16.944
27.110 15.344 -14.439
23.615 15.942 -13.108
22.700 19.621 -13.079
26.105 20.631 -14.516
27.937 20.225 -11.215
31.200 19.975 -13.181
32.659 21.552 -16.329
35.784 20.970 -18.345
37.414 21.831 -21.635
40.544 21.707 -23.729
42.578 23.462 -26.378
45.584 22.776 -28.569
47.136 25.726 -30.317
50.248 26.490 -32.306
51.342 29.559 -34.225
54.686 30.463 -35.737
56.483 33.402 -34.031
53.908 33.288 -31.217
54.011 29.922 -29.485
52.020 26.803 -28.688
49.849 25.448 -25.896
48.142 22.191 -25.052
45.723 22.326 -22.121
42.974 20.300 -20.426
41.048 21.737 -17.478
38.203 20.783 -15.179
36.289 22.455 -12.381
33.505 21.881 -9.889
30.513 24.069 -9.051
31.077 25.859 -5.755
28.615 26.625 -2.981
27.767 30.309 -2.303
