34.831 36.107 -12.080
38.193 37.878 -11.979
38.716 39.090 -15.584
37.374 42.623 -14.823
39.490 43.105 -11.698
42.302 45.614 -12.202
45.199 46.928 -10.086
43.298 50.082 -9.065
40.410 48.192 -7.431
40.297 47.453 -3.713
38.854 43.930 -3.211
37.165 42.723 -0.023
36.894 38.993 0.763
34.632 37.635 3.551
34.818 33.951 4.432
33.505 31.718 7.169
33.893 28.100 8.224
34.140 25.620 5.338
33.233 28.411 2.951
36.869 29.498 3.155
38.663 26.931 0.819
37.458 28.294 -2.580
38.465 31.855 -1.565
42.147 30.775 -1.449
42.381 30.152 -5.201
40.455 33.406 -5.620
43.028 35.482 -3.721
45.832 33.555 -5.429
44.527 34.718 -8.816
43.778 38.301 -7.711
47.348 38.696 -6.465
48.563 38.534 -10.082
46.288 41.467 -10.968
48.348 43.612 -8.522
45.236 44.706 -6.587
44.999 45.313 -2.846
42.846 42.870 -0.883
41.437 42.791 2.615
40.515 39.231 3.668
38.288 38.678 6.724
37.816 35.074 7.912
35.727 33.848 10.828
35.535 30.461 12.528
33.670 28.805 15.386
36.921 28.175 17.233
40.653 27.960 16.914
39.824 24.229 16.690
38.478 24.726 13.134
40.613 27.591 11.776
41.999 26.744 8.309
44.359 28.248 5.707
45.587 31.181 7.839
49.195 30.513 6.790
48.406 30.206 3.063
46.528 33.522 3.057
49.234 35.197 5.129
51.942 34.286 2.641
50.021 36.272 -0.020
51.270 39.775 -0.818
48.850 42.720 -1.162
46.735 41.148 1.577
45.513 42.437 4.897
44.213 39.416 6.822
42.096 39.664 9.952
40.724 36.534 11.647
37.828 36.151 14.070
36.636 33.245 16.217
33.200 33.113 17.826
34.704 32.059 21.169
37.802 34.280 21.027
40.247 31.361 21.059
42.125 33.065 18.231
42.373 36.577 16.818
39.251 38.719 17.211
36.431 37.403 19.406
33.100 37.399 17.562
31.872 36.883 14.014
33.298 38.081 10.688
30.330 40.438 10.270
31.757 42.582 13.062
35.063 43.023 11.258
32.966 43.966 8.197
31.228 46.792 10.040
34.677 48.259 10.724
35.551 48.580 7.010
36.867 52.058 6.236
37.154 52.270 2.475
35.186 52.034 -0.763
35.255 48.436 -1.959
34.816 47.887 -5.675
34.183 44.120 -5.583
33.279 41.816 -2.686
33.619 38.008 -2.805
32.018 36.008 0.018
31.377 32.351 0.883
30.223 30.807 4.158
27.302 30.096 6.449
23.886 31.563 5.531
23.700 34.023 8.434
27.054 35.486 7.357
26.123 35.663 3.672
22.977 37.533 4.780
24.921 40.116 6.783
27.324 40.742 3.891
24.415 41.049 1.429
22.703 43.787 3.476
25.810 45.865 4.259
26.691 45.912 0.540
23.182 45.601 -0.953
23.958 48.645 -3.116
27.201 47.151 -4.507
26.876 45.559 -7.933
30.139 43.572 -8.064
29.041 41.473 -5.068
29.652 37.765 -5.608
28.103 35.239 -3.214
28.958 31.523 -3.265
25.952 29.422 -2.217
25.492 25.906 -0.890
22.566 23.526 -1.239
21.551 19.905 -1.033
22.409 18.363 -4.404
21.820 15.221 -6.440
22.716 15.240 -10.144
25.129 18.156 -9.743
24.654 19.328 -13.352
21.254 21.091 -13.482
18.974 18.194 -14.529
17.216 17.146 -11.310
16.148 20.541 -9.800
17.271 19.613 -6.276
19.198 22.822 -5.542
16.970 25.722 -6.534
17.039 29.274 -5.209
14.381 31.831 -6.033
15.632 34.340 -8.621
15.291 37.738 -6.912
15.443 39.781 -10.110
12.987 37.461 -11.876
10.184 36.130 -9.694
8.622 33.198 -11.530
12.161 31.864 -12.189
14.312 29.294 -10.303
18.122 29.524 -10.060
20.006 26.224 -9.756
22.938 26.458 -7.329
24.914 23.692 -9.045
24.724 25.038 -12.618
23.774 28.724 -12.484
25.984 29.007 -9.447
27.475 28.180 -7.115
28.491 31.903 -7.342
25.752 34.514 -7.898
25.506 38.305 -8.071
23.982 39.720 -4.901
21.072 41.157 -6.878
20.082 37.615 -7.952
19.553 36.454 -4.345
17.034 36.893 -1.523
18.841 37.034 1.868
