339.909 277.913 225.160
341.049 274.769 227.038
339.458 272.092 229.256
341.663 270.900 232.140
341.817 267.433 233.716
343.516 266.046 236.863
342.045 268.366 244.667
343.345 271.954 244.610
341.911 275.487 244.630
341.164 277.773 241.687
343.181 280.657 243.099
346.225 278.357 242.648
345.163 277.331 239.145
344.643 280.976 238.200
348.083 281.856 239.554
349.640 279.035 237.543
347.880 280.251 234.402
349.152 283.779 235.014
352.690 282.469 235.458
352.417 280.528 232.204
351.392 283.804 230.487
337.012 283.503 233.689
338.336 280.102 234.841
335.635 277.547 235.716
336.534 274.373 237.665
334.195 271.770 239.190
335.732 269.357 241.722
333.181 266.536 241.634
333.743 266.653 237.854
337.464 267.612 237.923
336.840 269.416 234.595
338.360 272.922 234.299
337.151 274.907 231.259
339.477 277.927 230.970
338.241 280.675 228.630
340.757 283.492 227.999
338.484 284.841 225.180
341.559 285.816 223.097
343.488 283.851 220.452
346.653 285.803 221.400
346.635 284.822 225.098
346.047 281.133 224.273
348.713 280.875 221.552
351.251 282.542 223.898
350.082 280.153 226.673
350.728 276.992 224.574
354.291 277.875 223.469
355.548 278.955 226.928
354.723 275.526 228.456
347.436 267.831 234.287
345.817 267.016 230.910
345.219 270.129 228.766
343.425 269.656 225.400
341.520 272.217 223.279
337.766 272.985 223.129
349.012 255.949 232.743
346.723 257.878 230.384
344.073 255.158 230.210
343.741 255.125 233.995
343.375 258.907 234.038
340.690 258.715 231.357
338.819 256.090 233.365
338.986 258.165 236.541
337.756 261.243 234.678
334.856 259.262 233.237
333.940 258.003 236.701
334.021 261.551 238.055
331.778 262.734 235.227
329.323 259.927 235.942
329.270 260.863 239.623
328.608 264.496 238.726
325.756 263.463 236.437
323.931 260.955 238.716
322.975 263.956 240.919
