76.523 145.617 85.050
76.502 149.397 84.523
75.603 151.734 81.667
74.858 155.355 80.680
71.133 155.112 81.434
69.673 157.340 78.732
71.050 157.807 75.219
69.913 159.621 72.078
69.044 157.774 68.829
71.836 156.700 66.406
74.352 157.093 69.245
76.614 154.110 69.989
75.807 152.223 73.208
78.439 150.769 75.548
77.764 148.439 78.495
80.092 147.184 81.230
79.772 144.089 83.418
82.276 144.072 86.279
83.238 140.811 87.980
83.957 141.105 91.701
85.240 138.547 94.194
87.204 136.699 91.539
88.576 136.565 88.003
86.562 136.810 84.792
88.581 133.834 83.523
87.432 131.643 86.421
84.205 131.032 84.530
84.349 129.778 80.952
81.429 131.348 79.209
79.769 134.746 79.494
76.544 135.964 77.891
74.585 139.147 77.178
70.808 139.267 77.091
68.329 142.137 77.182
64.603 142.505 77.745
62.492 145.531 76.727
60.092 146.734 79.439
56.870 144.712 79.405
58.449 142.256 76.998
60.355 138.968 77.026
64.021 137.988 77.091
66.266 138.366 74.048
69.701 136.742 73.798
72.244 139.130 72.288
75.488 137.173 72.187
77.886 134.983 74.137
81.592 134.268 74.510
82.363 130.676 75.431
85.475 130.812 73.358
88.740 132.729 73.621
88.696 132.363 69.845
85.406 133.957 68.798
81.968 135.050 70.093
78.466 134.049 68.983
76.080 136.827 67.917
72.355 137.058 67.194
71.834 137.333 63.371
69.364 140.214 63.667
71.727 142.179 65.914
75.038 141.225 64.274
77.346 144.022 63.008
75.590 146.527 65.302
76.773 144.542 68.330
80.306 143.891 69.571
81.144 141.825 72.647
84.487 141.421 74.391
86.294 139.963 77.400
89.410 141.582 78.865
91.470 140.588 81.904
93.218 143.913 82.516
90.112 145.689 83.811
88.459 142.329 84.516
85.050 143.097 82.973
82.530 141.853 80.389
82.133 144.271 77.467
79.216 145.094 75.143
78.888 147.713 72.394
75.813 148.476 70.271
76.143 150.829 67.281
73.462 153.087 65.747
70.860 152.635 68.485
67.132 152.999 67.730
64.058 153.405 69.934
63.679 149.626 70.063
67.019 148.997 71.756
65.712 150.575 74.947
65.803 147.689 77.413
67.313 146.213 80.577
70.665 144.601 79.815
71.627 141.506 81.779
75.063 139.970 82.276
75.266 136.211 82.874
78.010 133.618 83.270
77.210 130.038 82.265
73.650 131.417 82.254
73.451 130.236 85.867
74.484 133.423 87.662
72.985 136.779 86.684
73.672 140.435 87.386
70.746 142.575 88.523
70.675 144.364 85.160
70.861 147.978 84.033
68.127 149.946 82.291
68.911 151.757 79.058
66.365 154.159 77.566
66.556 155.552 74.040
64.572 158.770 73.748
64.661 162.241 72.218
