31.872 -49.929 -28.172
31.944 -46.105 -28.066
32.145 -44.188 -24.754
28.850 -42.444 -25.545
26.990 -45.731 -26.049
28.388 -46.901 -22.706
26.870 -43.882 -20.968
23.597 -44.420 -22.821
23.686 -48.080 -21.775
24.190 -47.217 -18.106
21.130 -44.938 -18.047
18.903 -47.906 -19.014
19.050 -48.961 -15.365
16.754 -46.045 -14.514
13.802 -47.254 -16.600
10.734 -47.598 -14.425
12.223 -45.279 -11.827
11.450 -42.012 -10.083
14.220 -39.448 -9.703
13.569 -37.041 -6.844
15.030 -33.587 -6.312
16.707 -33.317 -2.919
18.278 -30.250 -1.301
19.781 -32.030 1.735
20.654 -35.524 2.954
17.335 -35.914 4.781
15.410 -35.539 1.523
17.851 -37.900 -0.235
17.352 -40.555 2.443
13.552 -40.243 2.247
13.768 -40.504 -1.543
15.884 -43.659 -1.366
13.610 -45.316 1.197
10.539 -44.451 -0.881
12.138 -46.461 -3.700
13.477 -43.664 -5.930
15.921 -44.892 -8.550
18.142 -41.805 -8.035
18.224 -38.399 -6.410
18.920 -34.996 -7.928
21.014 -32.677 -5.756
20.183 -29.007 -6.173
20.310 -25.810 -4.138
16.532 -25.185 -4.065
13.567 -27.151 -5.410
12.046 -25.594 -8.578
8.973 -24.206 -6.762
11.306 -22.267 -4.427
13.522 -21.029 -7.265
10.390 -19.871 -9.103
8.874 -18.120 -6.075
12.074 -16.605 -4.639
13.895 -15.577 -7.797
17.610 -14.878 -7.603
20.453 -16.521 -9.489
20.352 -20.320 -9.095
23.709 -22.092 -9.511
25.334 -25.482 -9.001
25.032 -26.739 -5.441
27.943 -26.192 -3.099
30.111 -29.359 -3.310
29.834 -29.835 0.459
26.077 -30.287 0.002
26.641 -32.835 -2.755
29.163 -34.902 -0.767
26.636 -34.994 2.095
23.993 -36.312 -0.300
26.323 -38.891 -1.892
27.192 -40.093 1.621
23.536 -40.470 2.623
22.392 -42.838 -0.145
23.652 -45.678 -2.298
21.434 -45.064 -5.351
22.924 -42.737 -8.008
23.338 -39.045 -7.223
22.674 -36.497 -9.954
23.390 -32.793 -9.699
22.300 -29.711 -11.600
24.646 -27.432 -13.466
23.708 -24.218 -15.235
23.249 -24.420 -18.991
26.571 -23.726 -20.669
28.531 -23.685 -17.404
30.997 -26.420 -18.280
33.199 -25.544 -15.308
30.329 -26.269 -12.906
30.040 -29.647 -14.640
33.817 -30.211 -14.391
33.532 -29.654 -10.642
30.523 -31.974 -10.313
32.476 -34.630 -12.193
35.565 -34.188 -10.014
33.532 -34.625 -6.816
32.147 -37.879 -8.194
28.473 -37.282 -8.957
26.915 -39.935 -11.146
25.028 -37.652 -13.559
25.073 -33.948 -14.354
21.694 -32.467 -15.213
22.356 -29.438 -17.410
19.142 -27.890 -16.222
16.941 -24.971 -17.244
15.676 -24.611 -13.680
19.079 -23.127 -12.832
19.991 -19.716 -14.208
21.201 -19.957 -17.802
24.935 -19.171 -17.999
25.375 -19.305 -21.776
22.330 -18.330 -23.809
23.874 -19.574 -27.082
25.573 -22.919 -26.315
25.099 -25.913 -24.054
27.959 -27.816 -22.455
30.071 -29.977 -24.750
29.077 -33.101 -22.876
31.319 -35.391 -24.944
34.330 -33.969 -23.051
33.184 -35.608 -19.798
33.416 -39.144 -18.525
30.159 -39.040 -16.561
26.729 -39.007 -18.237
24.522 -35.932 -18.616
20.774 -35.379 -18.484
19.347 -32.534 -20.562
15.905 -31.007 -20.862
13.780 -30.668 -23.961
10.384 -29.367 -25.054
10.351 -31.098 -28.451
12.170 -33.723 -30.492
14.635 -31.397 -32.204
15.741 -30.007 -28.865
16.144 -33.578 -27.569
18.266 -34.668 -30.505
20.494 -31.569 -30.319
21.123 -32.257 -26.643
21.895 -35.873 -27.517
24.325 -34.801 -30.233
26.119 -32.635 -27.680
26.451 -35.814 -25.614
23.413 -36.012 -23.322
23.015 -39.652 -22.289
19.415 -39.171 -21.135
16.602 -36.754 -21.857
14.213 -35.045 -19.470
11.074 -33.942 -21.311
10.267 -30.846 -19.308
7.051 -29.001 -18.687
6.886 -26.103 -16.252
9.027 -26.580 -13.186
7.621 -25.678 -9.788
3.969 -25.136 -10.736
2.374 -28.485 -9.908
0.635 -28.242 -13.288
1.398 -31.148 -15.624
-0.167 -29.402 -18.611
3.134 -28.380 -20.215
4.814 -31.729 -19.490
1.847 -33.440 -21.151
2.272 -31.029 -24.069
5.977 -31.753 -24.410
5.695 -35.538 -23.886
2.950 -35.722 -26.523
5.044 -33.438 -28.749
8.243 -35.531 -28.510
6.378 -38.832 -28.817
4.035 -37.475 -31.467
7.064 -36.437 -33.499
8.635 -39.877 -32.992
5.462 -41.591 -34.175
5.362 -39.066 -37.033
8.953 -39.991 -37.822
8.371 -43.758 -37.579
5.881 -43.789 -40.470
7.450 -40.905 -42.404
8.421 -41.381 -46.041
12.231 -41.758 -46.035
12.712 -39.074 -48.679
11.050 -36.476 -46.405
13.326 -37.103 -43.405
16.048 -34.760 -44.741
13.609 -31.842 -44.812
12.231 -32.924 -41.445
15.711 -32.836 -39.917
16.119 -29.305 -41.300
12.699 -28.201 -40.028
13.292 -29.351 -36.452
16.966 -28.336 -36.783
18.239 -31.729 -35.610
21.253 -33.807 -36.746
20.082 -36.045 -39.556
21.832 -39.186 -38.292
20.041 -38.868 -34.955
16.696 -38.311 -36.692
17.227 -41.481 -38.732
18.315 -43.401 -35.648
15.111 -42.231 -33.928
13.060 -43.315 -36.939
14.676 -46.776 -36.968
14.259 -47.367 -33.217
10.758 -45.984 -33.021
11.840 -44.251 -29.802
14.303 -41.725 -28.464
17.889 -43.094 -28.716
18.341 -42.463 -24.975
16.206 -42.866 -21.876
13.341 -40.351 -21.779
11.841 -39.164 -18.478
9.015 -36.749 -17.856
9.625 -33.755 -15.620
7.771 -30.662 -14.517
4.535 -30.378 -12.611
4.189 -34.026 -11.552
2.331 -33.535 -8.268
0.183 -36.650 -7.749
0.462 -40.383 -8.429
-2.127 -39.879 -11.148
0.268 -37.381 -12.780
3.211 -39.773 -12.531
1.256 -42.738 -13.897
-0.086 -40.440 -16.626
3.486 -39.693 -17.703
4.166 -43.430 -17.743
0.995 -44.169 -19.749
1.981 -41.484 -22.292
5.122 -43.575 -22.867
7.886 -42.095 -20.708
10.582 -44.290 -19.208
10.293 -42.629 -15.792
9.539 -39.353 -14.056
11.409 -36.610 -12.244
9.706 -35.061 -9.254
11.283 -31.833 -8.088
8.737 -29.942 -6.015
5.742 -32.270 -5.778
7.206 -34.397 -2.981
8.850 -31.953 -0.578
6.475 -29.033 -1.115
3.520 -31.292 -0.214
1.880 -31.984 3.136
3.081 -35.590 3.493
6.341 -35.985 1.536
7.143 -39.493 2.817
3.779 -41.025 1.957
3.565 -39.121 -1.338
7.035 -40.219 -2.425
6.217 -43.900 -1.903
2.875 -43.337 -3.646
4.497 -41.786 -6.726
7.117 -44.556 -6.874
4.326 -47.144 -6.648
2.405 -45.244 -9.315
5.377 -45.432 -11.659
6.042 -49.096 -10.847
2.404 -50.112 -11.361
1.202 -47.400 -13.720
-1.554 -49.438 -15.448
-3.160 -50.771 -12.237
-5.949 -48.299 -11.462
-6.825 -50.146 -8.247
-3.244 -49.559 -7.060
-3.311 -45.959 -8.330
-6.571 -45.435 -6.454
-5.068 -47.068 -3.359
-1.816 -45.107 -3.184
-3.735 -41.867 -3.863
-6.141 -42.427 -0.969
-5.609 -40.070 1.965
-2.449 -38.602 0.499
-2.928 -35.205 2.151
-2.292 -31.822 0.592
-0.399 -31.538 -2.682
1.974 -28.646 -3.398
0.497 -25.130 -3.524
