-1.984 -30.526 32.721
-1.443 -26.771 32.368
-4.846 -26.425 30.704
-6.430 -26.817 34.145
-4.392 -23.956 35.614
-5.523 -21.351 33.074
-9.138 -22.477 33.460
-9.110 -22.387 37.278
-7.243 -19.064 37.490
-8.997 -15.890 38.592
-8.703 -12.937 36.163
-5.916 -11.527 38.319
-4.024 -14.820 38.194
-4.367 -15.004 34.392
-2.657 -11.639 34.018
0.050 -12.733 36.465
0.651 -15.829 34.344
1.242 -13.525 31.379
3.746 -11.360 33.240
5.652 -14.441 34.396
5.496 -15.909 30.901
6.887 -12.742 29.381
9.792 -12.856 31.850
10.506 -16.486 30.975
10.607 -15.770 27.239
12.859 -12.722 27.675
15.286 -14.774 29.774
15.262 -17.638 27.268
16.013 -15.134 24.507
18.940 -13.602 26.406
20.463 -17.049 26.912
19.980 -17.819 23.220
21.894 -14.666 22.300
24.709 -15.839 24.574
24.508 -19.246 22.818
24.736 -17.456 19.437
21.420 -19.184 18.596
19.580 -16.550 16.556
16.729 -18.913 15.788
15.847 -19.565 19.434
16.400 -15.891 20.326
13.832 -14.798 17.769
11.241 -17.395 18.697
11.302 -16.302 22.317
11.329 -12.577 21.589
8.278 -12.983 19.337
6.509 -14.846 22.144
7.437 -12.068 24.612
6.219 -9.423 22.151
2.923 -11.256 21.665
2.302 -11.257 25.429
2.987 -7.506 25.651
0.572 -6.947 22.765
-2.107 -9.074 24.442
-1.734 -7.116 27.680
-2.011 -3.818 25.762
-5.020 -4.932 23.727
-6.889 -6.117 26.807
-6.536 -2.828 28.666
-9.866 -1.216 29.491
-9.239 2.282 28.184
-12.110 3.638 30.291
-9.859 3.137 33.339
-7.398 5.984 33.884
-4.510 3.710 34.905
-4.608 2.102 31.440
-3.010 5.124 29.798
0.301 4.782 31.595
0.278 0.989 31.378
-0.329 1.204 27.620
2.498 3.681 27.128
4.871 1.313 28.941
3.682 -1.669 26.901
4.216 0.237 23.691
7.765 1.054 24.739
8.435 -2.511 25.897
7.144 -3.921 22.595
9.348 -1.574 20.576
12.328 -2.286 22.822
11.921 -6.064 22.424
11.761 -5.687 18.631
14.910 -3.531 18.694
16.607 -6.092 20.940
15.762 -8.774 18.358
17.138 -6.669 15.484
20.287 -5.640 17.391
20.888 -8.912 19.344
21.260 -6.684 22.400
21.032 -8.447 25.763
21.228 -5.103 27.598
17.900 -4.127 26.046
16.516 -7.460 27.261
17.757 -6.807 30.801
16.109 -3.388 30.595
12.722 -4.783 29.608
13.102 -7.658 32.067
13.342 -4.997 34.762
10.101 -3.306 33.742
8.167 -6.571 33.466
9.457 -7.596 36.901
8.177 -4.249 38.258
4.686 -4.906 36.852
4.778 -8.549 37.969
5.863 -7.847 41.547
3.331 -4.990 41.834
0.527 -7.028 40.242
1.176 -9.924 42.620
0.702 -7.605 45.595
-2.348 -6.015 43.994
-4.247 -9.285 43.489
-3.833 -10.188 47.172
-7.342 -8.848 47.821
