33.234 -33.644 2.396
32.968 -29.961 3.305
31.794 -29.309 6.863
33.849 -26.163 6.350
31.528 -24.980 3.563
28.913 -22.511 4.880
25.923 -24.330 3.418
24.801 -27.929 3.541
21.531 -28.367 1.655
21.162 -28.843 -2.093
18.631 -26.042 -2.437
20.299 -22.629 -2.317
19.551 -20.246 0.531
16.694 -17.804 -0.003
18.649 -14.976 1.624
20.009 -13.479 -1.630
18.354 -13.372 -5.037
19.700 -12.349 -8.469
17.991 -9.537 -10.409
20.214 -9.160 -13.482
23.098 -10.995 -15.155
25.489 -9.447 -17.662
27.480 -12.345 -19.136
30.288 -11.779 -21.633
32.100 -14.744 -23.174
35.053 -15.344 -25.432
34.774 -18.888 -26.812
37.571 -20.326 -28.845
36.133 -23.219 -30.774
39.547 -24.237 -32.121
41.341 -24.537 -28.784
38.015 -25.614 -27.118
38.432 -23.133 -24.235
36.649 -19.977 -23.182
37.222 -16.978 -20.977
34.377 -15.227 -19.259
33.067 -12.438 -17.116
29.786 -12.581 -15.243
28.257 -9.589 -13.496
25.377 -10.417 -11.170
23.004 -7.836 -9.693
21.668 -9.213 -6.441
19.474 -8.239 -3.532
19.743 -9.409 0.065
16.475 -10.364 1.790
17.980 -11.345 5.128
21.122 -10.313 6.931
23.965 -12.536 5.746
27.745 -12.922 5.353
27.662 -15.509 2.575
26.493 -15.506 -1.000
25.999 -19.185 -1.961
25.940 -19.826 -5.666
26.662 -22.507 -8.296
29.907 -23.022 -10.264
31.771 -26.045 -11.668
34.885 -26.397 -13.822
35.833 -22.774 -13.496
39.283 -21.412 -13.111
38.331 -18.223 -11.273
40.871 -15.406 -11.622
39.146 -12.414 -9.968
36.092 -11.881 -7.735
34.982 -8.356 -6.936
32.219 -7.240 -4.628
30.472 -3.896 -4.754
28.033 -2.476 -2.229
25.696 -0.581 -4.601
25.702 2.540 -2.394
29.469 2.396 -1.802
30.586 1.977 -5.482
34.142 0.951 -4.646
35.520 -2.335 -6.102
36.438 -4.775 -3.192
38.022 -8.149 -3.254
36.086 -10.991 -1.701
36.898 -14.487 -0.440
35.811 -17.624 -2.287
35.138 -21.159 -1.072
34.206 -24.233 -3.126
32.110 -27.380 -2.596
32.297 -29.452 -5.745
29.933 -32.176 -4.569
26.945 -29.839 -4.669
28.386 -27.731 -7.478
28.337 -24.794 -5.069
30.630 -21.826 -4.362
30.507 -19.280 -1.584
31.525 -15.636 -1.664
32.275 -14.502 1.882
31.582 -10.769 2.127
33.832 -8.129 3.764
30.795 -6.545 5.486
27.411 -8.157 6.170
24.791 -7.949 3.429
21.720 -6.061 4.687
18.078 -6.884 3.874
16.787 -4.801 0.948
20.226 -3.582 -0.198
21.587 -4.081 -3.709
25.022 -5.499 -4.471
27.027 -6.252 -7.573
29.090 -9.406 -7.833
31.697 -9.824 -10.536
33.471 -13.089 -11.321
36.159 -13.436 -14.010
37.140 -16.908 -15.012
38.349 -19.307 -17.649
37.021 -22.758 -18.588
36.937 -25.660 -21.040
34.267 -25.995 -23.691
32.636 -29.303 -22.952
33.242 -32.395 -25.071
29.979 -34.025 -23.931
26.495 -33.001 -24.933
25.881 -31.165 -21.703
26.781 -27.602 -20.708
28.416 -25.121 -23.089
29.734 -27.680 -25.569
31.429 -27.798 -28.911
32.276 -30.189 -31.715
33.487 -30.354 -35.273
31.654 -31.784 -38.250
32.509 -32.288 -41.948
31.177 -30.574 -45.108
30.096 -32.059 -48.394
33.287 -30.192 -49.284
35.279 -32.466 -46.937
36.263 -29.333 -45.029
36.193 -29.406 -41.218
33.741 -27.028 -39.543
33.419 -26.013 -35.889
30.288 -25.484 -33.809
29.357 -24.505 -30.215
25.941 -24.775 -28.517
24.468 -24.810 -25.018
22.360 -27.526 -23.356
21.681 -26.406 -19.808
18.574 -28.257 -18.559
18.649 -29.290 -15.834
21.988 -28.623 -14.075
24.604 -27.539 -16.602
24.205 -23.694 -16.677
26.567 -23.582 -13.710
29.291 -25.213 -15.803
29.196 -22.389 -18.336
28.975 -19.568 -15.771
28.680 -18.946 -12.051
25.000 -18.467 -11.301
22.078 -19.212 -9.021
21.323 -22.380 -10.961
17.781 -23.186 -9.712
14.557 -22.731 -11.705
12.821 -20.530 -9.074
15.502 -17.771 -9.178
14.315 -15.968 -12.315
16.170 -12.948 -13.655
17.073 -11.047 -16.798
20.175 -11.786 -18.883
22.384 -9.646 -21.070
24.573 -11.936 -23.224
27.800 -10.903 -24.997
29.694 -13.277 -27.303
32.966 -12.704 -29.104
33.041 -14.692 -32.314
35.010 -15.100 -35.537
33.485 -13.018 -38.365
32.572 -16.093 -40.417
30.400 -17.501 -37.571
26.869 -16.605 -36.571
26.023 -16.117 -32.898
22.529 -16.667 -31.591
20.984 -16.263 -28.184
17.550 -16.115 -26.482
16.969 -12.460 -27.432
17.486 -10.507 -30.694
21.000 -9.223 -31.363
21.146 -5.574 -30.274
24.477 -4.621 -31.882
27.845 -5.747 -33.302
31.279 -4.217 -32.831
34.315 -5.108 -34.957
37.414 -6.129 -32.984
41.090 -6.659 -33.709
41.950 -9.709 -35.800
38.916 -11.155 -37.522
36.737 -10.829 -34.395
33.242 -9.523 -33.736
31.648 -8.706 -30.408
27.908 -9.431 -30.267
25.443 -8.009 -27.786
21.958 -9.343 -27.268
19.026 -7.406 -25.832
18.187 -7.757 -22.149
15.959 -10.794 -21.798
12.640 -11.241 -20.036
12.588 -12.662 -16.493
13.528 -16.377 -16.855
15.288 -19.426 -15.372
19.025 -20.020 -15.862
18.401 -23.444 -17.406
16.682 -21.618 -20.316
19.612 -19.359 -21.196
21.072 -20.392 -24.574
23.713 -19.382 -27.065
25.080 -20.793 -30.286
28.193 -20.111 -32.358
28.540 -21.623 -35.831
27.984 -21.267 -39.587
24.290 -21.264 -40.483
