-44.532 12.996 69.147
-42.702 15.465 71.400
-46.126 16.845 72.380
-47.716 13.454 73.121
-49.740 13.542 76.366
-47.750 12.011 79.214
-48.592 8.553 80.513
-49.185 8.206 84.262
-46.403 6.735 86.378
-46.551 4.252 89.232
-45.341 5.218 92.696
-44.936 3.203 95.897
-46.468 3.929 99.296
-44.187 4.592 102.257
-44.069 2.115 105.132
-45.467 2.958 108.577
-43.086 2.937 111.545
-43.389 1.478 115.028
-41.199 1.965 118.085
-37.388 2.093 118.284
-36.426 2.722 121.929
-32.711 3.320 121.430
-32.061 5.817 124.242
-31.855 3.386 127.221
-29.496 1.026 125.379
-27.151 3.851 124.368
-27.016 5.095 127.967
-26.148 1.693 129.454
-23.472 1.166 126.814
-21.813 4.543 127.439
-21.798 3.798 131.175
-20.551 0.193 131.030
-17.998 0.647 128.206
-16.848 4.297 128.228
-17.194 4.850 131.981
-18.712 8.294 131.386
-21.797 9.941 132.831
-24.700 8.274 130.953
-26.439 11.648 130.432
-23.484 13.568 128.961
-24.934 12.634 125.544
-28.587 13.576 126.108
-28.435 16.406 123.568
-27.089 14.003 120.945
-29.868 11.576 121.924
-32.459 14.358 121.761
-31.335 15.347 118.260
-31.710 11.753 117.029
-35.150 11.115 118.529
-36.402 14.363 116.972
-34.873 13.340 113.652
-36.669 9.986 113.825
-40.131 11.441 114.469
-39.505 13.777 111.540
-38.447 10.871 109.307
-41.233 8.422 110.198
-43.827 11.140 109.453
-41.835 12.742 106.656
-43.257 15.508 104.435
-43.981 14.158 100.967
-41.917 16.801 99.198
-38.353 17.012 97.925
-37.318 18.288 101.361
-38.535 14.932 102.700
-35.668 13.208 100.910
-33.020 15.130 102.857
-34.793 14.286 106.148
-34.680 10.553 105.368
-31.081 10.792 104.179
-30.173 12.731 107.326
-31.717 10.138 109.614
-30.247 7.240 107.622
-26.754 8.693 107.848
-27.081 9.417 111.558
-28.184 5.823 112.190
-24.947 4.696 110.517
-22.892 7.077 112.670
-24.692 5.717 115.749
-24.164 2.077 114.769
-20.431 2.664 114.302
-20.061 3.681 117.964
-22.805 1.602 119.647
-23.354 -2.068 118.684
-27.100 -2.404 117.980
-27.181 -4.964 115.158
-28.423 -8.526 115.308
-27.086 -10.406 118.325
-25.157 -7.378 119.571
-24.841 -5.941 123.063
-26.991 -2.806 122.753
-29.581 -4.104 120.253
-33.237 -3.274 120.945
-36.523 -4.105 119.157
-37.331 -2.259 115.925
-40.916 -2.488 114.658
-42.406 -1.477 111.306
-45.540 -2.372 109.379
-45.212 -4.734 106.440
-47.018 -2.835 103.753
-48.919 -5.595 101.919
-50.253 -7.443 104.984
-50.510 -4.554 107.447
-48.813 -6.766 110.049
-46.255 -5.448 112.508
-42.829 -7.039 112.056
-40.186 -6.613 114.760
-36.435 -7.251 114.718
-33.834 -6.428 117.384
-31.551 -4.938 114.753
-30.685 -1.326 113.919
-30.185 -2.379 110.304
-33.909 -3.189 110.067
-34.559 0.453 110.960
-32.016 1.546 108.335
-33.609 -0.759 105.767
-37.118 0.612 106.326
-35.872 4.206 106.045
-34.019 3.385 102.833
-37.180 1.730 101.508
-39.151 4.913 102.242
-36.456 6.998 100.543
-36.990 4.938 97.393
-40.763 5.202 97.726
-40.676 8.967 98.259
-38.439 9.346 95.205
-40.959 7.335 93.168
-43.733 9.672 94.299
-41.783 12.837 93.455
-40.892 11.359 90.078
-44.551 10.645 89.356
-45.825 14.092 90.435
-44.204 16.223 87.739
-46.065 17.100 84.550
-42.885 16.251 82.576
-43.430 19.036 80.038
-40.200 21.016 80.525
-36.625 19.894 79.932
-35.848 20.334 83.625
-38.975 18.523 84.803
-38.233 15.607 82.495
-34.648 15.515 83.771
-35.656 15.783 87.435
-38.334 13.083 87.099
-35.840 10.786 85.367
-33.366 11.374 88.213
-36.011 10.693 90.887
-36.884 7.340 89.303
-33.192 6.423 89.040
-32.798 7.410 92.699
-35.775 5.208 93.600
-34.182 2.299 91.739
-30.946 3.122 93.567
-32.530 2.930 97.013
-34.250 -0.405 96.319
-31.104 -1.813 94.686
-28.914 -0.737 97.614
-31.430 -2.333 99.970
-31.376 -5.580 97.992
-27.568 -5.744 97.903
-26.539 -4.548 101.373
-29.067 -5.883 103.851
-30.019 -9.276 105.333
-32.553 -10.264 102.729
-36.162 -10.554 103.859
-36.583 -8.522 107.002
-40.165 -8.650 105.699
-41.874 -9.806 102.529
-42.300 -6.293 101.083
-38.482 -6.094 100.944
-37.695 -9.558 99.558
-35.065 -9.654 96.838
-37.536 -10.489 94.052
-39.965 -7.726 95.067
-37.146 -5.188 95.338
-35.975 -6.296 91.885
-39.468 -5.705 90.500
-39.322 -2.243 92.058
-35.914 -1.530 90.489
-36.983 -2.646 87.019
-40.226 -0.677 87.207
-38.339 2.423 88.365
-35.720 2.078 85.628
-38.474 1.592 83.069
-40.085 4.811 84.270
-36.709 6.595 84.238
-36.120 5.442 80.665
-39.636 6.593 79.693
-38.802 10.070 81.027
-35.641 10.049 78.934
-37.595 8.944 75.861
-39.916 11.906 76.308
-36.845 14.153 76.613
-35.202 12.643 73.524
-38.331 13.378 71.456
-38.421 16.967 72.771
-34.740 17.281 71.885
-35.546 15.705 68.467
-32.711 13.199 68.708
-31.880 10.974 65.736
-34.809 8.730 64.868
-32.733 5.566 65.269
-31.577 6.563 68.761
-35.152 7.377 69.807
-36.205 3.952 68.531
-33.509 2.295 70.659
-34.424 4.350 73.729
-38.065 3.311 73.311
-37.066 -0.334 72.776
-35.302 -0.230 76.159
-38.449 1.115 77.836
-40.142 -2.024 76.533
-37.314 -4.216 77.868
-37.475 -2.807 81.405
-41.275 -3.112 81.467
-41.076 -6.707 80.205
-38.832 -7.517 83.210
-41.397 -5.979 85.556
-44.287 -7.685 83.754
-42.684 -11.137 83.978
-42.114 -10.598 87.704
-45.731 -9.474 88.119
-46.938 -12.708 86.501
-45.336 -14.720 89.320
-48.350 -16.118 91.256
-46.543 -15.571 94.579
-46.152 -11.872 93.788
-49.716 -11.512 92.562
-50.853 -13.069 95.843
-48.689 -10.746 97.962
-49.605 -7.566 96.078
-53.281 -8.416 95.614
-55.057 -5.899 93.428
-51.883 -3.792 93.263
-50.474 -6.463 90.939
-53.526 -6.178 88.691
-53.287 -2.379 88.563
-49.528 -2.370 87.893
-49.667 -5.190 85.336
-52.480 -3.552 83.352
-50.521 -0.318 82.951
-47.179 -2.044 82.354
-48.466 -4.530 79.785
-50.214 -1.738 77.901
-46.982 0.312 77.924
-44.984 -2.607 76.504
-47.003 -2.418 73.276
-47.212 1.389 73.279
-43.442 1.866 73.465
-42.947 -0.934 70.950
-45.167 1.116 68.622
-43.154 4.265 69.373
-39.945 2.351 68.608
-41.182 1.105 65.236
-42.603 4.533 64.414
-39.078 5.890 64.751
-37.579 2.998 62.773
-39.932 4.068 59.975
-38.678 7.642 60.291
-35.110 6.353 59.934
-36.192 4.499 56.796
-37.769 7.725 55.538
-34.492 9.600 56.108
-32.583 6.838 54.305
-35.053 6.875 51.386
-36.011 3.249 52.088
-39.607 3.911 51.227
-40.943 0.358 51.266
-39.274 -0.352 54.608
-40.867 2.876 55.855
-44.344 1.495 55.100
-43.539 -1.781 56.838
-42.353 -0.139 60.060
-45.364 2.186 60.191
-47.673 -0.786 59.647
-45.944 -2.672 62.466
-46.163 0.419 64.678
-49.906 0.604 63.963
-50.378 -3.093 64.801
-48.498 -2.688 68.084
-50.488 0.415 68.938
-53.780 -1.358 68.229
-52.823 -3.999 70.802
-51.911 -1.258 73.286
-55.331 0.354 72.771
-57.016 -3.009 73.381
-54.968 -3.475 76.556
-55.866 0.091 77.616
-59.609 -0.531 77.894
-60.748 0.810 81.245
-57.625 2.936 81.772
-57.985 6.637 82.681
-58.301 9.377 80.085
-54.608 10.248 80.559
-53.723 6.908 78.956
-56.417 7.241 76.282
-55.282 10.781 75.395
-51.716 9.554 74.815
-52.929 6.643 72.706
-55.371 8.795 70.695
-52.609 11.298 69.953
-50.199 8.562 68.889
-52.814 6.883 66.679
-53.286 10.178 64.821
-49.514 10.404 64.309
-48.848 6.821 63.228
-52.065 6.446 61.236
-51.356 9.615 59.275
-47.732 8.653 58.670
-48.725 5.174 57.517
-51.404 6.369 55.088
-49.036 8.892 53.492
-46.088 6.478 53.370
-48.217 3.877 51.607
-49.648 6.467 49.216
-46.164 7.770 48.365
-44.899 4.227 47.797
-47.944 3.094 45.799
-47.907 6.114 43.444
-44.278 7.314 43.406
-41.548 5.064 44.766
-42.918 1.586 43.917
-40.552 -0.109 46.366
-41.173 -3.551 47.798
-42.671 -3.627 51.304
-40.811 -6.239 53.411
-42.735 -8.690 55.535
-43.004 -7.539 59.130
-41.189 -10.646 60.425
-38.149 -9.753 58.293
-37.614 -6.403 60.011
-34.443 -6.080 62.058
-35.380 -6.009 65.768
-34.507 -2.858 67.692
-31.899 -3.333 70.407
-32.659 -1.312 73.515
-30.265 1.444 74.569
-30.023 1.479 78.410
-29.365 5.081 79.397
-30.457 4.939 83.057
-29.136 3.101 86.102
-29.834 2.844 89.834
-28.220 5.903 91.323
-26.022 5.899 94.370
-26.963 5.643 97.975
-23.831 6.605 99.896
-25.366 6.558 103.406
-22.422 8.418 105.004
-21.684 11.250 102.564
-21.157 14.281 104.857
-22.599 16.605 102.211
-25.966 14.877 102.753
-25.844 13.613 106.347
-24.729 16.889 107.893
-22.357 16.900 110.859
-21.962 13.623 112.727
-24.350 14.021 115.678
-22.241 11.546 117.647
-18.796 13.030 116.967
-18.103 13.549 120.680
-18.461 9.827 121.336
-15.418 7.590 120.858
