17.493 23.879 -4.249
21.379 23.940 -3.968
22.619 21.965 -0.924
24.890 23.865 1.479
28.395 22.387 1.558
31.141 22.159 4.155
34.246 21.064 2.129
37.108 20.075 4.397
40.413 18.751 3.266
43.766 18.001 4.808
46.375 17.221 2.172
50.075 17.124 1.200
49.166 18.708 -2.138
49.913 22.370 -2.960
46.703 24.386 -2.350
45.018 26.362 -5.104
43.142 29.600 -4.298
41.275 29.249 -7.578
40.298 25.648 -6.919
39.049 26.516 -3.407
37.289 29.728 -4.362
35.366 27.658 -7.020
34.198 25.188 -4.426
32.247 27.960 -2.685
30.714 29.899 -5.622
26.891 30.052 -5.578
24.422 31.869 -7.851
22.608 32.731 -4.623
25.810 34.348 -3.276
27.199 37.814 -3.819
30.230 37.601 -1.488
33.188 35.254 -1.024
35.776 36.046 1.629
39.017 34.093 1.636
41.946 33.757 4.001
45.258 32.356 2.789
48.030 31.499 5.222
51.521 31.498 3.725
54.973 30.604 4.996
57.027 33.706 5.931
60.789 33.669 5.281
61.634 34.695 8.891
60.705 34.191 12.577
61.832 36.063 15.742
64.928 37.341 13.870
66.070 34.039 12.247
65.613 33.298 8.449
63.030 30.541 7.612
63.067 28.232 4.511
59.992 26.122 5.198
57.373 25.352 7.828
56.444 21.754 8.595
52.870 20.947 9.678
51.365 17.901 11.285
47.921 17.116 12.562
45.868 14.706 14.626
43.574 13.311 11.955
40.731 12.631 11.941
40.139 14.846 15.027
41.312 17.996 13.218
38.682 17.166 10.656
35.978 16.796 13.264
37.067 20.056 14.931
36.788 21.919 11.686
33.299 20.358 11.212
32.410 21.875 14.537
33.680 25.235 13.378
31.496 24.896 10.231
28.485 24.086 12.289
28.990 26.904 14.768
29.468 29.346 11.936
26.100 28.286 10.512
24.463 28.815 13.937
25.220 32.525 13.752
25.896 33.646 10.179
23.781 33.174 6.922
26.537 31.523 4.917
26.070 29.158 2.010
29.324 27.163 1.485
32.523 26.863 3.671
35.752 25.381 2.336
38.740 24.720 4.641
41.904 23.391 3.080
44.954 22.759 5.196
48.283 21.538 3.840
50.379 19.076 5.785
54.125 18.346 5.901
56.449 20.812 4.144
55.175 24.229 3.155
57.990 26.259 1.659
58.160 30.069 1.710
55.339 31.904 -0.053
53.216 28.757 -0.567
49.934 28.346 1.215
49.477 26.299 4.377
45.726 27.095 4.730
42.947 28.466 2.577
39.560 29.204 4.040
36.710 30.452 1.947
33.061 31.345 2.790
30.217 32.433 0.464
26.998 34.198 1.473
24.301 36.524 0.079
25.847 39.631 1.767
29.399 40.560 2.746
29.545 40.923 6.507
28.663 37.257 7.007
31.406 35.988 4.744
34.077 38.304 6.278
33.101 37.635 9.841
32.817 33.847 9.357
36.243 33.667 7.723
37.666 35.612 10.562
36.028 33.359 13.186
37.178 30.280 11.229
40.897 31.151 11.153
40.893 32.290 14.793
39.056 29.283 16.008
41.217 26.971 13.906
44.369 28.429 15.499
42.865 28.090 18.958
41.146 24.683 18.793
42.270 22.467 15.923
45.058 19.858 16.736
47.628 21.013 14.184
51.260 22.070 14.889
54.084 23.752 12.925
57.863 23.506 13.131
59.928 26.354 11.661
62.777 25.093 9.638
65.670 27.563 9.643
68.806 28.259 7.695
