16.784 -19.569 4.979
14.830 -19.505 8.224
11.368 -20.539 9.339
11.630 -24.309 9.168
9.857 -26.336 11.793
7.767 -29.389 12.543
3.990 -29.425 12.097
1.185 -31.943 11.896
-0.409 -32.825 8.573
-2.488 -29.861 7.442
-0.242 -27.363 9.219
1.402 -24.258 7.831
4.861 -22.674 7.794
6.426 -19.640 6.134
10.041 -19.906 4.997
12.126 -16.745 4.667
15.170 -16.372 2.417
17.202 -13.334 3.470
19.663 -12.051 0.879
22.635 -9.878 1.815
25.111 -8.110 -0.427
24.611 -6.837 -3.954
22.299 -9.464 -5.450
18.989 -9.270 -7.292
16.573 -11.620 -9.035
17.751 -11.028 -12.590
17.337 -14.569 -13.994
14.929 -16.301 -11.615
14.748 -17.215 -7.946
12.924 -19.871 -6.002
12.818 -22.775 -3.605
14.320 -26.226 -3.970
13.651 -29.098 -1.612
15.495 -32.323 -0.941
14.257 -35.365 0.977
16.733 -37.901 2.381
17.866 -40.276 -0.332
16.246 -38.035 -2.933
17.168 -35.315 -5.388
17.144 -31.604 -4.792
14.237 -30.426 -6.951
12.642 -27.090 -7.780
9.340 -26.447 -5.998
8.438 -22.803 -6.617
10.016 -20.109 -8.719
9.737 -16.488 -9.823
11.572 -15.656 -13.023
13.552 -12.472 -13.592
10.497 -10.942 -15.287
8.035 -11.981 -12.580
6.467 -15.183 -13.933
5.482 -17.535 -11.094
5.602 -21.333 -11.326
4.808 -24.087 -8.834
5.484 -27.807 -8.968
2.151 -29.521 -9.546
2.170 -31.380 -6.212
2.379 -28.076 -4.291
0.139 -26.031 -6.613
-2.677 -24.435 -4.632
-0.870 -25.004 -1.329
2.453 -23.150 -1.677
2.687 -19.396 -2.261
5.938 -17.734 -3.308
6.420 -13.998 -2.760
9.152 -11.411 -2.278
9.926 -8.142 -0.494
12.326 -5.995 -2.530
12.841 -3.521 0.330
13.923 -6.238 2.775
15.616 -8.270 -0.009
13.640 -11.347 1.057
12.134 -14.300 -0.789
9.263 -16.160 0.880
7.536 -19.526 0.587
4.186 -19.657 2.362
3.242 -23.322 2.794
-0.336 -24.194 3.721
-2.155 -27.533 4.061
1.211 -29.247 4.489
1.498 -32.970 3.704
4.007 -35.578 4.960
5.423 -35.703 1.413
6.506 -32.066 1.885
9.048 -33.220 4.501
12.456 -32.088 3.231
15.284 -29.613 3.566
14.241 -26.461 1.701
16.841 -24.327 -0.089
16.398 -20.917 -1.624
18.241 -20.127 -4.837
18.678 -16.822 -6.663
20.008 -16.477 -10.213
21.892 -13.189 -10.616
24.009 -12.262 -13.642
23.350 -15.812 -14.875
24.946 -17.451 -11.821
22.963 -19.451 -9.288
23.480 -18.694 -5.589
22.343 -21.035 -2.816
21.403 -20.920 0.842
22.230 -23.525 3.479
18.752 -25.080 3.636
16.150 -25.268 6.393
14.357 -28.379 7.650
10.600 -28.794 7.236
8.968 -31.828 8.850
5.315 -32.827 8.463
4.263 -35.739 10.679
1.657 -38.336 9.730
