-14.920 -13.576 -2.217
-14.502 -13.644 -5.973
-13.350 -10.171 -7.011
-15.330 -7.734 -9.147
-13.115 -6.837 -12.149
-13.268 -3.257 -13.576
-13.727 -2.280 -17.232
-14.395 0.925 -19.200
-16.555 1.506 -22.241
-16.537 4.730 -24.268
-19.241 5.709 -26.762
-18.427 8.715 -28.943
-21.975 9.985 -29.278
-22.323 12.961 -31.591
-25.546 14.640 -32.571
-26.498 12.266 -35.421
-24.037 9.365 -35.115
-22.193 7.063 -32.729
-18.776 5.591 -33.239
-18.497 1.823 -32.868
-15.637 -0.579 -33.450
-15.728 -4.111 -34.824
-13.689 -6.211 -32.408
-11.043 -8.141 -34.323
-9.826 -10.562 -31.628
-10.304 -11.580 -28.051
-13.373 -11.468 -25.902
-16.330 -10.218 -27.964
-14.538 -10.612 -31.318
-16.965 -10.228 -34.231
-19.320 -7.806 -32.465
-19.474 -4.030 -32.667
-18.920 -2.136 -29.437
-17.556 1.053 -27.972
-13.918 1.333 -27.001
-12.518 0.170 -23.686
-11.038 -2.683 -21.692
-9.639 -3.472 -18.260
-8.904 -0.737 -15.801
-5.348 -1.155 -14.507
-4.202 -1.230 -10.916
-2.886 2.282 -10.325
-4.978 4.206 -12.846
-8.286 5.997 -12.425
-11.304 4.611 -14.276
-11.506 7.751 -16.417
-7.783 7.625 -17.271
-8.283 3.998 -18.202
-11.191 4.969 -20.469
-9.144 7.687 -22.204
-6.168 5.348 -22.670
-8.315 2.628 -24.262
-10.117 5.115 -26.582
-6.746 6.363 -27.809
-5.107 2.958 -28.293
-8.110 1.401 -29.990
-9.464 4.255 -32.149
-6.736 6.901 -32.345
-9.003 9.499 -30.684
-8.067 11.871 -27.855
-10.624 13.640 -25.680
-10.532 16.535 -23.238
-13.753 15.589 -21.437
-15.593 12.301 -20.849
-19.020 12.202 -19.328
-19.765 9.230 -17.054
-23.175 7.828 -17.961
-23.577 4.352 -16.549
-22.448 1.540 -14.381
-23.469 -2.012 -15.307
-22.257 -5.240 -13.773
-22.360 -8.520 -15.646
-21.965 -12.181 -14.722
-21.919 -15.374 -16.772
-23.043 -18.845 -15.661
-19.923 -20.886 -15.007
-17.673 -17.927 -14.156
-16.973 -16.585 -10.719
-16.080 -13.092 -12.096
-18.436 -10.103 -11.719
-17.531 -7.720 -14.636
-17.961 -4.147 -13.506
-18.370 -1.905 -16.548
-18.131 1.909 -16.339
-19.660 3.560 -19.354
-18.704 7.037 -20.623
-19.755 9.228 -23.479
-17.733 11.686 -25.515
-18.900 14.136 -28.159
-16.058 16.414 -29.251
-12.919 14.530 -30.074
-9.399 15.112 -31.519
-7.917 12.894 -34.237
-9.382 10.682 -36.929
-10.908 7.281 -36.188
-8.235 4.785 -37.068
-8.149 0.988 -37.258
-6.130 -0.726 -34.565
-5.061 -4.303 -33.981
-8.037 -4.734 -31.676
-10.801 -2.593 -33.288
-12.081 -1.305 -36.621
-13.975 1.969 -36.034
-17.009 2.831 -38.079
-19.678 5.481 -37.628
-23.387 4.610 -37.451
-26.399 6.876 -37.677
-28.333 6.754 -34.407
-31.355 5.159 -36.037
-29.195 2.535 -37.800
-27.361 0.868 -34.929
-26.824 -2.814 -35.838
-28.116 -4.260 -32.512
-28.097 -7.830 -33.765
-24.266 -7.535 -33.947
-23.742 -5.760 -30.610
-23.642 -7.502 -27.215
-27.291 -8.383 -26.357
-27.376 -6.037 -23.362
-26.821 -2.988 -25.586
-30.395 -3.233 -26.918
-31.673 -2.569 -23.359
-29.437 0.324 -22.219
-28.752 2.227 -25.453
-32.136 3.929 -25.224
-31.097 5.548 -21.930
-27.677 6.416 -23.346
-29.225 8.063 -26.452
-31.579 10.104 -24.229
-28.523 11.499 -22.329
-29.649 9.835 -19.107
-27.525 8.113 -16.491
-28.158 4.551 -15.390
-27.180 1.587 -13.195
-27.847 -2.068 -13.856
-26.871 -5.691 -13.773
-27.225 -8.464 -16.391
-26.936 -12.191 -15.807
-25.933 -14.104 -18.906
-26.185 -17.823 -19.622
-23.638 -17.435 -22.407
-22.512 -14.974 -25.089
-26.027 -14.996 -26.662
-28.574 -15.347 -23.860
-29.521 -13.061 -20.997
-31.223 -14.895 -18.068
-32.162 -11.812 -16.016
-31.406 -8.135 -15.645
-31.889 -4.981 -13.634
-31.728 -1.509 -15.214
-32.860 1.916 -14.026
-32.101 5.552 -14.560
-30.212 7.402 -11.852
-30.886 11.111 -11.414
