-26.657 44.674 -16.038
-23.032 45.284 -14.989
-20.667 47.444 -17.124
-16.922 47.563 -16.740
-13.675 47.933 -18.682
-12.472 45.004 -20.795
-10.079 42.590 -19.091
-7.657 40.226 -20.905
-9.080 37.204 -18.996
-12.465 38.019 -20.460
-11.194 37.404 -23.925
-12.079 33.730 -24.261
-15.726 34.395 -23.198
-15.945 37.594 -25.203
-14.885 35.641 -28.234
-17.493 33.054 -27.354
-20.186 35.743 -27.148
-19.103 36.964 -30.531
-19.284 33.433 -32.014
-22.817 33.070 -30.697
-24.275 36.402 -31.930
-22.329 37.555 -34.896
-21.246 36.154 -38.275
-17.995 38.128 -38.184
-15.533 36.176 -36.057
-11.858 36.541 -35.247
-8.926 34.695 -33.772
-8.325 35.208 -30.040
-5.033 36.815 -30.993
-7.038 39.685 -32.594
-8.813 40.516 -29.340
-5.428 40.584 -27.588
-4.187 43.139 -30.105
-7.088 45.406 -29.161
-6.685 44.712 -25.448
-2.995 45.501 -25.438
-3.017 48.546 -27.777
-6.062 50.348 -26.488
-7.067 48.792 -23.137
-9.021 51.964 -22.276
-11.511 51.699 -25.142
-13.294 48.364 -24.830
-16.044 47.640 -22.344
-18.170 44.685 -21.423
-21.630 43.943 -20.103
-21.490 41.189 -17.482
-24.189 38.884 -16.132
-23.340 39.225 -12.425
-26.360 37.519 -10.983
-25.217 34.271 -12.542
-24.691 31.578 -9.848
-21.131 30.099 -9.976
-20.938 26.391 -11.000
-17.262 26.037 -10.030
-14.464 27.693 -8.023
-12.866 28.904 -11.280
-15.836 30.316 -13.245
-14.963 33.387 -15.243
-17.416 36.291 -15.738
-20.251 35.348 -18.107
-20.117 37.924 -20.941
-23.534 38.987 -22.319
-22.440 42.098 -24.249
-19.300 43.906 -25.417
-17.850 46.748 -27.422
-14.495 46.253 -29.043
-12.984 49.501 -30.203
-9.757 50.723 -31.615
-8.163 53.849 -33.040
-6.680 53.943 -36.591
-2.911 54.124 -36.104
-2.710 55.882 -39.506
-4.955 59.013 -39.276
-6.899 60.206 -42.335
-5.386 63.710 -42.260
-3.264 63.492 -39.119
-6.607 63.496 -37.353
-7.109 60.854 -34.623
-10.366 58.890 -34.736
-11.863 55.764 -33.204
-13.427 52.767 -34.926
-15.853 50.196 -33.565
-14.466 46.821 -34.575
-17.346 44.830 -33.134
-20.401 45.475 -30.959
-23.034 43.013 -29.805
-25.569 42.122 -27.177
-26.976 38.644 -26.335
-30.612 38.270 -27.443
-31.666 37.414 -23.864
-30.355 40.811 -22.738
-31.709 43.156 -25.385
-33.791 46.260 -24.632
-31.941 47.201 -21.419
-30.032 50.039 -23.075
-26.738 48.136 -23.141
-25.407 48.902 -26.618
-26.000 52.589 -25.963
-24.132 52.394 -22.608
-21.118 50.531 -24.046
-20.843 53.076 -26.795
-21.000 55.985 -24.343
-18.282 54.494 -22.151
-16.073 53.907 -25.168
-16.611 57.279 -26.861
-15.724 59.038 -23.621
-12.465 57.118 -23.183
-11.500 57.688 -26.856
-11.769 61.440 -26.393
-10.142 61.593 -22.949
-7.140 59.305 -23.587
-6.623 59.661 -27.342
-8.216 63.008 -28.305
-10.499 61.256 -30.757
-12.118 63.787 -33.100
-14.763 61.350 -34.277
-15.809 57.703 -34.144
-16.725 55.543 -37.153
-18.022 52.086 -38.013
-19.139 49.912 -40.925
-22.402 48.162 -41.379
-23.630 45.468 -43.689
-26.625 47.074 -45.553
-29.615 44.929 -44.375
-29.425 45.703 -40.595
-32.092 47.943 -39.033
-32.027 47.658 -35.235
-28.371 48.743 -35.273
-28.971 51.530 -37.768
-31.606 53.006 -35.417
-29.079 52.686 -32.624
-26.331 54.476 -34.556
-28.496 57.069 -36.324
-31.478 57.695 -34.047
-29.936 57.012 -30.643
-26.248 57.824 -31.044
-26.468 60.470 -33.768
-24.284 58.860 -36.410
-24.586 60.265 -39.927
-23.896 58.167 -43.007
-20.705 59.100 -44.889
-20.394 56.743 -47.883
-21.069 53.308 -49.303
-18.537 50.594 -49.395
-19.522 48.202 -52.331
-18.643 44.520 -51.617
-17.131 45.403 -48.314
-15.719 41.801 -48.203
-16.016 38.151 -49.361
-19.737 38.489 -48.804
-21.293 40.748 -51.427
-23.390 43.058 -49.225
-22.458 46.727 -49.502
-21.493 48.549 -46.358
-22.336 51.924 -44.910
-19.524 53.817 -43.278
-21.158 55.785 -40.467
-19.592 58.597 -38.453
-20.233 60.469 -35.204
-18.787 63.961 -34.671
-17.469 64.157 -31.107
-16.924 67.956 -31.172
-19.918 68.406 -28.864
-18.552 65.892 -26.340
-15.153 67.587 -26.547
-16.349 71.065 -25.599
-18.506 69.664 -22.787
-15.479 67.698 -21.564
-12.979 70.531 -21.999
-15.232 72.983 -20.221
-15.532 70.666 -17.250
-11.874 69.604 -17.192
-10.646 73.187 -17.106
-13.192 74.277 -14.510
-12.232 71.557 -12.011
