5.728 -37.530 3.301
5.407 -36.214 -0.257
2.055 -36.009 -1.993
0.019 -34.512 -4.787
-3.580 -33.986 -5.749
-4.872 -34.899 -9.209
-8.029 -32.844 -9.825
-10.787 -33.007 -12.379
-14.479 -33.528 -12.980
-13.797 -37.067 -14.296
-17.209 -37.331 -15.909
-16.120 -39.974 -16.877
-12.487 -40.693 -16.206
-10.536 -41.505 -19.404
-7.385 -43.534 -20.157
-5.575 -40.199 -20.436
-6.498 -39.398 -16.838
-5.499 -42.854 -15.651
-2.093 -42.418 -17.290
-1.608 -39.198 -15.323
-2.686 -40.906 -12.081
-0.176 -43.719 -12.590
2.631 -41.305 -13.341
1.828 -39.201 -10.294
1.593 -42.312 -8.088
5.043 -43.361 -9.275
6.651 -40.069 -8.219
4.862 -39.058 -4.999
4.355 -41.007 -1.762
0.598 -40.439 -1.826
-1.781 -39.278 -4.510
-5.324 -38.067 -4.005
-7.647 -37.946 -6.976
-9.965 -35.009 -6.342
-13.338 -35.407 -8.024
-14.531 -31.836 -8.136
-18.323 -31.479 -8.262
-20.335 -28.474 -9.394
-23.285 -28.392 -6.982
-25.166 -26.316 -9.569
-24.759 -28.544 -12.631
-25.114 -32.305 -12.621
-22.841 -34.100 -15.021
-23.551 -37.363 -16.745
-22.471 -39.415 -13.741
-23.216 -38.871 -10.069
-20.316 -38.377 -7.661
-20.495 -41.941 -6.388
-20.503 -43.276 -9.955
-17.435 -41.186 -10.886
-15.541 -42.358 -7.815
-16.481 -46.000 -8.419
-15.245 -45.884 -12.009
-11.922 -44.400 -10.884
-11.425 -46.865 -8.034
-12.091 -49.861 -10.274
-9.417 -48.765 -12.753
-6.791 -47.783 -10.121
-6.990 -50.851 -7.900
-3.300 -51.638 -8.538
-2.065 -48.238 -7.292
-1.691 -48.765 -3.529
-0.742 -45.166 -2.698
-3.677 -43.567 -4.524
-7.049 -42.682 -3.035
-10.142 -40.974 -4.403
-12.197 -38.211 -2.721
-14.742 -35.676 -3.910
-14.924 -31.975 -3.147
-16.144 -28.593 -4.336
-15.148 -24.947 -4.075
-11.497 -23.904 -4.196
-9.093 -26.663 -5.188
-6.364 -25.091 -3.047
-8.528 -25.584 0.076
-8.948 -29.273 -0.753
-5.182 -29.549 -1.177
-4.169 -27.620 1.954
-6.690 -29.289 4.277
-4.927 -32.585 3.511
-1.546 -31.124 4.444
-0.360 -31.052 0.848
0.655 -28.259 -1.498
1.078 -29.784 -4.938
-1.348 -30.286 -7.812
-0.543 -32.618 -10.749
-2.413 -32.109 -14.040
-2.092 -33.556 -17.545
-1.632 -31.278 -20.583
-2.125 -31.960 -24.275
-1.422 -28.659 -26.048
0.211 -25.249 -25.809
-3.326 -23.863 -25.607
-3.956 -26.056 -22.558
-0.765 -24.742 -21.025
-1.693 -21.055 -21.420
-5.077 -21.517 -19.733
-3.863 -23.832 -16.983
-0.937 -21.474 -16.461
-3.332 -18.707 -15.346
-5.007 -20.980 -12.826
-1.691 -22.336 -11.538
-0.298 -18.862 -10.971
-3.493 -17.776 -9.239
-3.402 -20.871 -7.005
0.218 -20.200 -6.076
-0.682 -16.566 -5.361
-3.645 -17.212 -3.067
-2.476 -20.360 -1.250
1.159 -21.166 -1.992
0.128 -24.348 -3.792
2.382 -25.498 -6.659
1.220 -27.135 -9.878
3.151 -29.744 -11.829
2.080 -30.492 -15.378
2.725 -33.673 -17.261
2.567 -34.228 -20.990
-0.199 -36.555 -22.105
0.785 -39.990 -23.427
0.714 -39.738 -27.242
-1.968 -42.448 -27.667
-4.501 -40.561 -25.545
-3.687 -37.083 -26.777
-7.095 -36.700 -28.449
-9.362 -38.191 -25.801
-11.285 -35.943 -23.484
-14.301 -36.719 -21.311
-16.398 -34.258 -23.324
-15.389 -35.536 -26.766
-15.806 -39.162 -25.716
-19.338 -38.400 -24.474
-20.188 -36.490 -27.653
-18.899 -39.194 -29.961
-20.617 -41.938 -27.976
-23.878 -39.943 -28.004
-23.989 -40.237 -31.775
-22.896 -43.867 -31.831
-19.154 -43.644 -32.421
-16.858 -46.368 -31.065
-14.919 -45.119 -28.033
-14.152 -48.476 -26.396
-10.379 -48.002 -26.738
-10.282 -44.597 -25.037
-11.965 -45.448 -21.764
-11.223 -48.041 -19.117
-13.437 -51.092 -18.895
-14.918 -49.591 -15.719
-16.401 -46.794 -17.832
-17.328 -47.813 -21.358
-20.453 -49.887 -20.912
-21.688 -47.681 -18.045
-21.417 -44.746 -20.446
-23.390 -46.560 -23.128
-25.948 -47.403 -20.442
-26.321 -43.754 -19.462
-26.792 -42.795 -23.086
-29.431 -45.487 -23.614
