5.285 -24.997 229.432
7.015 -22.122 231.219
7.694 -20.591 234.621
9.996 -23.253 236.041
13.530 -22.824 237.311
15.680 -22.638 240.418
14.230 -21.346 243.694
15.315 -21.206 247.341
13.574 -23.495 249.835
10.340 -21.908 251.003
10.100 -19.866 247.814
7.442 -19.832 245.109
7.008 -20.363 241.361
4.114 -20.167 238.930
4.054 -22.732 236.109
2.178 -21.984 232.894
0.845 -24.321 230.253
-0.310 -22.626 227.039
-2.283 -24.985 224.813
-3.273 -24.985 221.162
-4.468 -27.394 218.480
-7.413 -28.941 220.336
-10.702 -27.855 221.924
-9.355 -26.571 225.246
-12.737 -26.383 227.002
-13.304 -30.115 226.419
-10.012 -31.160 228.022
-8.989 -31.657 231.619
-5.588 -30.072 232.328
-3.032 -31.578 234.690
0.487 -31.285 236.044
2.561 -34.404 236.715
6.096 -34.551 238.065
8.949 -37.034 238.035
11.790 -36.736 240.525
15.137 -38.451 239.901
14.799 -42.202 240.432
11.107 -41.986 241.316
7.851 -42.814 239.553
5.881 -40.065 237.848
2.960 -38.784 239.947
-0.070 -36.577 239.438
0.427 -33.214 241.171
-2.742 -31.309 240.313
-5.725 -31.661 238.011
-8.585 -29.396 236.951
-11.809 -30.225 235.109
-12.569 -28.792 231.651
-14.934 -26.107 233.008
-12.639 -25.463 235.988
-15.226 -26.334 238.633
-13.286 -29.131 240.373
-9.656 -29.601 241.342
-7.554 -32.443 242.721
-4.124 -32.373 244.407
-1.616 -34.953 245.571
-1.618 -35.134 249.391
1.967 -33.863 249.478
1.117 -30.509 247.854
-2.527 -30.037 248.818
-2.075 -27.039 251.117
0.645 -25.279 249.097
-0.243 -25.556 245.389
-3.181 -24.102 243.422
-4.202 -25.042 239.884
-6.424 -22.805 237.739
-7.325 -22.313 234.105
-8.542 -19.597 231.783
-10.573 -21.069 228.958
-10.647 -17.685 227.230
-6.863 -17.848 226.852
-6.274 -21.599 226.450
-3.965 -21.441 229.484
-3.577 -23.330 232.773
-1.525 -22.214 235.789
-0.002 -23.881 238.838
0.866 -21.565 241.727
3.468 -23.337 243.854
4.033 -21.779 247.285
6.372 -22.807 250.114
8.433 -25.056 247.841
10.462 -27.860 249.451
13.662 -29.558 248.323
11.443 -32.648 247.856
9.450 -30.748 245.181
12.490 -30.796 242.865
11.445 -32.667 239.723
10.683 -32.368 236.049
7.082 -31.137 235.830
4.910 -32.200 232.882
1.670 -30.681 231.687
-0.930 -33.086 230.329
-4.264 -32.567 228.545
-6.909 -35.314 228.241
-10.580 -35.487 227.283
-12.858 -34.741 230.241
-15.852 -37.096 230.024
-17.069 -35.980 233.458
-17.032 -37.710 236.843
-13.401 -38.442 237.772
-11.965 -38.490 234.259
-10.002 -35.301 234.990
-7.628 -37.381 237.148
-7.470 -40.415 234.819
-4.385 -41.651 232.984
-3.643 -40.998 229.316
-3.667 -37.670 227.482
-1.210 -35.538 225.516
2.149 -35.016 227.280
4.175 -31.813 227.416
7.958 -31.950 227.148
8.547 -31.187 230.807
10.109 -28.309 232.681
12.715 -28.430 235.414
11.901 -27.203 238.918
14.850 -27.148 241.337
14.456 -26.225 244.993
17.827 -25.810 246.621
19.911 -23.501 248.785
