-67.300 4.110 -10.106
-64.476 1.783 -9.162
-60.873 1.971 -10.306
-59.174 0.215 -13.242
-56.704 -2.771 -13.090
-53.028 -1.882 -12.375
-50.442 -1.155 -15.037
-47.009 -2.778 -15.081
-43.844 -0.731 -14.334
-40.595 -2.140 -15.662
-36.948 -1.110 -15.776
-34.958 -2.016 -18.888
-32.590 -3.471 -19.417
-32.651 -4.204 -15.654
-33.714 -2.743 -12.287
-30.173 -3.404 -10.983
-28.248 -0.529 -12.439
-24.563 0.281 -12.132
-23.798 3.948 -11.441
-23.295 5.815 -14.767
-25.162 3.169 -16.869
-28.508 3.802 -18.616
-31.920 2.534 -17.640
-35.400 3.143 -18.960
-38.510 2.918 -16.766
-41.729 2.088 -18.605
-45.302 2.213 -17.292
-47.688 0.069 -19.424
-51.492 -0.213 -19.082
-54.138 -1.000 -21.693
-54.025 0.663 -25.130
-55.693 4.070 -25.541
-55.523 5.473 -21.988
-55.525 9.237 -21.490
-52.615 9.893 -19.096
-49.887 8.008 -17.302
-48.403 9.283 -14.072
-45.018 8.035 -12.922
-43.755 9.017 -9.433
-40.784 8.464 -7.150
-41.894 7.755 -3.576
-38.886 9.372 -1.780
-39.583 12.857 -3.226
-43.273 12.466 -4.153
-42.445 14.122 -7.451
-43.903 12.778 -10.676
-44.112 13.143 -14.470
-47.212 12.750 -16.550
-45.531 10.452 -19.122
-45.195 6.688 -19.237
-41.444 6.555 -19.998
-38.508 7.881 -17.963
-35.085 7.615 -19.615
-32.128 7.846 -17.251
-28.967 8.307 -19.390
-26.634 7.654 -16.432
-27.671 6.105 -13.134
-27.123 8.241 -9.994
-27.472 7.432 -6.236
-30.334 9.918 -5.877
-32.355 8.115 -8.589
-32.366 4.794 -6.688
-35.464 3.828 -4.722
-39.117 2.982 -5.179
-41.169 4.204 -8.147
-44.845 3.692 -8.861
-47.313 4.550 -11.638
-50.993 4.843 -12.356
-53.006 5.645 -15.500
-56.222 7.609 -15.952
-59.022 6.949 -18.492
-62.158 9.124 -18.476
-62.301 10.460 -14.919
-61.149 7.128 -13.551
-57.751 6.253 -12.084
-56.188 2.799 -12.077
-54.953 0.892 -9.120
-51.264 1.743 -8.950
-48.507 -0.519 -10.261
-46.424 -2.680 -8.016
-43.653 -0.539 -6.764
-40.497 -0.765 -8.823
-37.350 -1.068 -6.679
-34.603 0.735 -8.595
-31.176 -0.194 -7.334
-27.897 1.662 -7.883
-24.877 -0.721 -7.832
