97.645 -18.732 -35.123
97.217 -16.746 -38.318
93.634 -15.787 -39.200
92.749 -17.409 -42.501
92.093 -15.218 -45.529
88.874 -16.118 -47.288
87.354 -17.786 -44.215
84.824 -16.355 -41.726
86.409 -13.843 -39.405
86.918 -15.395 -35.932
83.742 -14.891 -33.904
83.579 -13.309 -30.458
81.390 -11.349 -28.065
82.767 -8.331 -26.227
82.023 -5.016 -24.590
82.689 -1.859 -26.597
82.351 1.878 -26.126
79.057 1.556 -28.044
77.680 -1.353 -26.018
78.016 -5.123 -26.389
78.819 -6.524 -29.832
78.518 -9.979 -31.359
81.320 -10.039 -33.943
81.238 -10.279 -36.876
77.537 -11.151 -36.827
76.364 -7.672 -35.789
78.015 -6.059 -38.832
76.854 -8.497 -41.526
75.823 -6.511 -44.595
78.588 -4.008 -43.861
82.267 -4.167 -44.597
84.313 -3.999 -41.395
87.741 -2.631 -40.653
88.691 -4.247 -37.343
91.906 -2.871 -35.928
93.787 -3.117 -32.665
95.959 -0.703 -30.731
98.303 -1.593 -27.857
97.097 0.785 -25.157
94.755 3.663 -24.375
96.593 6.888 -23.499
99.532 6.175 -25.763
100.567 8.495 -28.560
100.780 6.688 -31.971
97.383 5.263 -31.075
95.898 8.670 -30.515
97.134 9.896 -33.917
95.612 6.838 -35.599
92.246 7.251 -33.856
92.126 10.929 -34.832
93.013 10.028 -38.434
90.306 7.354 -38.606
87.834 9.751 -37.008
88.663 12.438 -39.567
88.084 9.873 -42.325
84.899 8.485 -40.783
82.729 9.776 -43.643
85.111 8.226 -46.182
84.504 4.849 -44.535
80.775 5.439 -43.995
80.126 6.192 -47.674
81.804 2.861 -48.506
79.479 0.933 -46.145
82.434 0.281 -43.820
82.097 -0.087 -40.049
85.291 0.880 -38.250
85.900 -0.850 -34.928
88.971 -0.636 -32.712
90.191 -2.965 -29.972
92.685 -3.023 -27.126
93.206 -4.948 -23.897
92.173 -1.896 -21.856
88.883 -1.755 -20.002
85.836 -0.041 -21.454
86.064 2.620 -18.744
89.630 3.344 -19.813
88.290 3.501 -23.395
85.601 6.051 -22.533
88.122 8.062 -20.503
90.536 8.072 -23.458
87.858 9.159 -25.949
86.910 11.943 -23.549
90.576 12.921 -23.359
90.896 12.977 -27.147
87.810 15.192 -27.403
89.174 17.499 -24.689
92.698 17.768 -26.097
92.002 17.669 -29.856
88.369 18.679 -30.330
87.684 15.389 -32.130
84.947 12.972 -31.050
85.735 9.325 -31.853
82.693 8.197 -33.901
83.248 4.428 -33.934
83.322 1.714 -31.244
86.375 0.433 -29.367
86.309 -3.172 -28.152
87.391 -3.882 -24.575
89.352 -7.150 -24.881
90.260 -7.329 -21.203
91.523 -10.939 -21.099
93.249 -11.005 -24.547
90.758 -13.622 -25.781
89.930 -11.785 -29.018
93.551 -10.731 -29.436
94.663 -14.354 -29.410
92.009 -15.356 -31.944
93.426 -12.750 -34.354
97.139 -13.345 -33.731
97.465 -9.896 -32.240
99.801 -10.833 -29.364
103.459 -11.034 -30.382
105.397 -11.630 -27.153
108.667 -10.165 -28.386
106.650 -6.984 -28.985
104.586 -7.229 -25.793
103.152 -9.992 -23.639
100.360 -7.655 -22.522
99.412 -5.375 -25.455
98.231 -6.119 -28.987
100.355 -5.045 -31.925
98.912 -2.739 -34.600
96.837 -5.346 -36.392
94.180 -4.483 -38.935
91.677 -6.726 -40.696
89.390 -5.960 -43.623
86.227 -8.049 -43.459
83.569 -8.005 -46.138
79.783 -7.754 -45.865
79.534 -11.557 -45.655
81.852 -11.661 -42.643
84.777 -13.107 -44.634
88.332 -12.051 -43.762
89.789 -10.424 -46.900
93.140 -8.847 -46.003
95.205 -8.072 -42.954
98.283 -6.156 -41.821
100.415 -6.374 -38.684
102.414 -3.254 -37.843
104.650 -3.102 -34.746
104.261 -0.907 -31.664
106.594 1.782 -33.066
104.835 2.395 -36.362
101.519 4.087 -37.084
99.409 2.869 -39.978
98.535 4.539 -43.289
94.824 5.350 -43.182
94.523 6.162 -46.885
95.963 2.745 -47.765
93.189 1.195 -45.669
90.645 3.139 -47.730
92.357 2.151 -50.988
92.367 -1.500 -49.914
88.609 -1.324 -49.258
87.994 0.310 -52.645
90.117 -2.333 -54.380
88.329 -5.207 -52.651
84.881 -3.759 -53.291
85.739 -3.104 -56.948
87.072 -6.644 -57.359
83.811 -8.020 -55.942
81.561 -5.617 -57.849
83.262 -5.873 -61.243
84.784 -9.371 -61.187
88.270 -7.973 -61.715
91.627 -7.826 -60.050
93.410 -4.624 -59.197
97.041 -3.950 -60.109
99.794 -2.602 -57.967
99.018 0.937 -56.802
95.428 0.850 -58.125
92.972 3.646 -57.328
89.363 4.052 -58.499
90.047 7.540 -59.890
93.155 9.711 -60.319
94.121 11.307 -57.033
96.945 12.765 -54.997
97.869 11.789 -51.420
99.550 14.807 -49.848
101.789 14.355 -46.812
102.653 17.677 -45.193
105.287 19.041 -42.816
102.878 18.070 -40.018
103.193 14.437 -41.123
106.966 14.476 -40.458
106.650 14.940 -36.699
107.751 11.886 -34.752
106.463 10.700 -31.378
108.430 10.453 -28.124
107.805 7.034 -26.495
105.367 7.723 -23.680
106.434 7.882 -20.021
105.810 4.793 -17.910
105.923 6.334 -14.406
103.898 9.172 -12.930
107.053 11.105 -12.040
108.333 10.735 -15.607
104.956 11.857 -16.946
105.183 15.090 -14.971
108.767 15.673 -16.089
107.862 14.857 -19.704
105.789 18.056 -19.984
108.935 20.135 -19.304
111.277 18.516 -21.841
110.602 20.890 -24.772
108.384 18.676 -26.932
105.017 19.611 -28.454
102.699 17.854 -25.983
98.923 17.835 -26.203
99.009 15.766 -22.999
101.630 13.953 -20.900
101.443 10.846 -23.053
101.491 12.406 -26.556
104.568 14.536 -27.237
105.928 15.250 -30.701
109.240 16.426 -32.110
111.042 16.509 -35.433
114.292 14.776 -36.357
