17.295 19.672 -23.224
13.504 19.441 -22.683
11.358 22.619 -22.585
7.663 23.625 -22.269
5.129 21.119 -20.919
7.464 18.125 -21.581
9.912 19.526 -19.018
7.052 20.266 -16.564
5.734 16.652 -16.855
9.237 15.077 -16.613
9.862 17.107 -13.420
6.565 15.918 -11.916
7.643 12.302 -12.578
10.841 13.121 -10.595
8.807 14.489 -7.626
9.054 18.261 -8.393
6.275 20.829 -8.787
3.026 22.304 -7.344
0.766 20.113 -5.164
-2.227 20.585 -7.529
-0.077 19.197 -10.428
1.018 16.179 -8.330
-2.637 15.371 -7.574
-3.642 15.773 -11.219
-0.878 13.430 -12.455
-1.868 10.855 -9.787
-5.432 10.907 -11.356
-3.817 10.110 -14.767
-2.166 6.990 -13.252
-5.508 5.958 -11.639
-7.356 6.288 -14.979
-4.743 4.320 -16.961
-3.742 1.742 -14.297
-0.059 2.576 -15.033
2.584 2.441 -12.281
3.402 5.871 -10.727
7.075 6.595 -10.059
8.382 6.350 -6.471
9.103 10.109 -6.318
5.523 10.981 -7.390
4.022 8.515 -4.859
6.299 10.095 -2.221
4.746 13.509 -2.947
1.199 12.083 -3.028
1.484 10.392 0.477
2.723 13.662 2.046
-0.255 15.759 0.868
-2.590 16.937 3.702
-6.039 15.283 3.561
-7.920 18.652 3.384
-5.661 19.901 0.527
-6.174 16.631 -1.441
-10.011 16.780 -0.989
-10.243 20.366 -2.289
-8.281 19.810 -5.558
-9.771 16.367 -6.337
-13.396 17.570 -5.929
-12.557 20.527 -8.196
-11.156 18.025 -10.818
-14.507 16.112 -10.717
-16.477 19.305 -11.537
-14.081 20.037 -14.474
-14.368 16.461 -15.773
-18.189 16.933 -15.741
-17.802 20.073 -17.883
-15.536 18.246 -20.340
-18.119 15.387 -20.661
-20.881 17.949 -21.405
-18.677 19.568 -24.152
-18.054 16.116 -25.747
-21.813 15.299 -25.595
-22.467 18.509 -27.574
-19.909 17.863 -30.425
1.172 26.596 -5.344
