24.406 12.232 36.445
22.913 13.626 33.124
24.122 11.857 29.978
21.355 12.346 27.360
18.742 15.000 26.595
15.931 13.029 28.287
17.889 13.165 31.580
17.942 16.971 31.372
14.173 17.114 30.981
13.682 14.807 33.983
15.988 16.994 36.099
14.153 20.129 34.977
10.788 18.704 36.049
12.321 18.042 39.527
13.622 21.628 40.029
11.280 24.015 38.194
7.993 25.382 39.544
5.087 23.459 37.960
3.685 26.425 36.023
7.098 27.079 34.428
7.837 23.424 33.587
4.310 23.070 32.135
4.678 26.245 30.001
7.914 24.904 28.543
6.780 21.241 28.114
3.275 21.748 26.768
1.852 21.251 23.336
-1.558 22.380 22.044
-4.820 20.695 23.026
-4.477 16.893 23.385
-0.795 17.050 22.367
-1.063 14.601 19.464
1.552 16.399 17.359
3.819 16.765 20.447
4.071 12.984 20.706
4.371 12.547 16.923
7.307 14.963 16.554
9.302 12.380 18.551
7.611 9.140 17.354
8.015 10.088 13.691
11.824 10.125 13.972
11.708 6.539 15.237
9.780 5.388 12.102
12.562 6.604 9.801
15.087 3.761 9.789
18.838 4.053 9.135
20.791 2.075 6.504
24.444 2.586 7.482
27.454 2.092 5.194
30.411 0.192 6.621
34.152 0.511 5.986
34.195 4.168 4.807
37.062 5.512 6.978
35.520 7.644 9.743
38.702 8.492 11.727
38.175 12.194 10.879
34.560 13.227 11.046
33.912 16.887 10.148
30.565 18.157 11.560
30.930 21.704 10.248
28.502 23.305 7.832
27.019 26.708 6.908
23.623 28.407 7.672
22.746 31.202 5.205
26.453 31.634 4.328
27.779 31.701 7.927
29.966 28.824 9.138
28.841 26.771 12.136
30.637 23.966 13.984
27.681 21.529 13.576
24.263 21.470 11.886
22.588 21.895 15.300
21.509 25.406 16.317
19.501 27.002 19.149
15.869 27.790 18.278
13.843 30.685 19.740
12.243 29.865 23.099
10.601 32.707 24.935
11.285 33.921 28.443
14.415 31.966 29.260
15.050 33.784 32.600
12.188 31.682 34.049
14.524 28.672 33.781
17.699 30.296 35.075
18.567 33.744 36.363
20.949 34.416 33.415
18.434 33.198 30.739
19.270 34.276 27.205
22.721 35.609 28.256
23.709 32.152 29.421
22.385 30.663 26.133
24.300 33.025 23.889
27.543 32.478 25.796
27.177 28.707 25.344
26.501 29.142 21.621
29.694 31.249 21.333
31.704 28.481 23.082
30.246 25.793 20.784
30.613 27.727 17.522
26.909 27.466 16.717
24.102 29.974 16.229
21.369 31.309 18.526
17.943 32.350 17.287
16.707 34.999 19.778
12.976 35.166 20.570
11.109 38.459 20.157
9.619 37.455 23.588
13.007 37.163 25.284
13.586 38.142 28.924
16.787 39.890 27.732
17.083 42.645 25.091
18.565 42.378 21.588
21.434 44.615 22.743
22.030 42.730 26.039
22.318 39.434 24.106
24.726 40.933 21.548
26.906 42.311 24.390
27.019 38.911 26.120
27.828 37.040 22.839
29.558 39.490 20.530
31.356 36.705 18.620
28.384 34.349 18.546
26.362 33.833 15.370
22.965 35.372 16.254
19.646 35.706 14.448
16.366 37.389 15.451
13.020 35.567 15.520
10.391 38.171 14.603
6.687 38.415 15.284
4.699 40.920 13.275
3.099 43.208 15.902
-0.078 45.171 15.110
2.253 48.135 15.789
4.560 48.131 12.722
6.746 50.788 14.307
7.546 48.294 17.184
8.182 45.611 14.570
10.499 47.844 12.527
12.410 48.847 15.712
13.127 45.171 16.436
14.462 44.617 12.898
16.574 47.813 13.040
18.038 46.830 16.422
18.930 43.345 15.073
20.723 44.990 12.122
22.604 47.487 14.343
23.600 44.807 16.837
25.165 42.378 14.365
22.394 39.757 13.959
22.689 37.916 10.654
19.129 36.933 9.690
15.448 37.368 10.562
13.278 34.280 11.181
9.739 35.509 10.708
7.191 33.315 12.490
4.176 32.733 10.206
2.110 30.162 12.189
0.927 32.319 15.123
-1.861 34.749 14.067
-3.294 33.739 17.477
-1.696 31.615 20.182
-2.413 27.905 20.331
-4.473 26.574 23.245
-2.015 24.970 25.707
-4.315 23.471 28.332
-1.909 23.532 31.295
-1.215 27.276 30.717
-4.977 27.910 30.969
-5.210 25.748 34.149
-2.154 27.443 35.672
-3.129 30.963 34.435
0.388 31.275 33.073
2.188 34.648 33.373
5.752 35.826 34.062
7.243 35.686 37.591
7.202 39.140 39.259
10.802 40.217 38.591
10.799 39.489 34.806
9.646 41.195 31.587
9.794 40.813 27.841
12.776 43.172 27.620
12.453 44.302 23.973
9.458 46.518 24.752
8.760 49.531 26.875
5.028 49.632 27.763
3.506 47.432 30.504
1.326 45.517 28.004
3.988 44.922 25.337
6.502 43.840 28.012
3.989 41.207 29.263
4.069 42.728 32.751
2.463 40.227 35.178
0.817 43.263 36.833
-1.260 44.047 33.662
-4.781 42.599 33.116
-4.430 39.622 30.714
-7.797 38.010 31.599
-8.722 34.816 33.425
-7.083 32.130 31.211
-3.518 31.910 29.797
-1.872 35.308 30.221
0.242 34.656 27.116
-2.769 33.852 24.879
-4.301 37.214 25.909
-0.970 39.008 25.343
-0.870 37.614 21.793
-4.474 38.644 21.113
-3.658 42.222 22.258
-0.235 42.613 20.624
0.237 40.287 17.628
-1.511 40.960 14.271
-3.897 38.170 13.149
-4.363 39.865 9.797
-0.975 39.247 8.463
-0.678 38.048 4.965
1.794 37.642 2.131
1.554 41.449 1.722
3.218 41.820 5.145
5.985 39.489 3.966
6.474 41.858 1.005
6.715 44.736 3.529
9.302 42.864 5.615
11.325 41.901 2.502
11.506 45.649 1.566
12.299 46.717 5.126
15.568 44.812 5.524
18.383 43.486 3.379
19.141 40.756 5.981
18.406 37.171 5.011
14.803 36.239 5.933
13.602 32.711 6.778
9.892 31.809 6.944
9.424 29.851 10.201
6.352 27.585 10.568
5.654 26.478 6.994
4.120 22.991 6.639
2.848 22.954 3.005
4.780 22.826 -0.258
2.550 25.465 -1.846
3.325 27.940 0.956
7.050 27.114 0.652
6.927 27.983 -3.069
5.157 31.267 -2.209
7.925 32.124 0.278
10.546 31.610 -2.454
8.490 33.862 -4.834
8.549 36.598 -2.163
12.359 36.648 -2.204
12.842 34.905 1.136
16.123 33.073 1.750
15.063 29.899 3.637
12.233 27.834 5.079
12.193 26.554 8.683
9.861 23.558 8.574
8.243 23.840 11.978
4.991 23.134 13.797
6.057 25.513 16.564
7.120 22.643 18.824
3.580 21.264 18.462
2.223 24.325 20.355
-0.018 25.896 17.691
-2.431 23.733 15.616
-2.640 20.203 17.039
-2.931 17.341 14.624
-0.537 18.657 12.018
2.119 16.110 10.910
5.508 15.732 12.494
8.108 18.028 10.951
10.377 15.127 9.882
7.445 13.730 7.876
6.661 16.960 6.001
10.365 17.858 5.413
10.705 15.855 2.161
7.702 17.670 0.550
9.165 21.016 1.401
12.696 20.153 0.194
11.142 18.995 -3.130
8.927 22.083 -3.439
11.749 24.636 -3.187
13.897 22.975 -5.912
17.204 23.930 -4.297
16.431 27.648 -4.428
16.752 28.237 -0.642
18.001 26.315 2.375
15.471 24.270 4.315
15.783 23.780 8.129
13.817 21.673 10.614
12.767 21.925 14.245
10.414 19.846 16.389
11.350 16.754 18.347
15.139 16.805 17.927
16.573 15.037 20.986
19.319 12.724 19.682
22.203 12.690 17.220
20.330 10.200 15.001
17.462 12.726 14.684
19.941 15.255 13.271
21.313 12.625 10.848
17.827 11.739 9.610
16.902 15.368 8.986
20.087 15.992 6.981
19.573 12.775 4.971
16.125 14.084 3.979
17.616 17.393 2.808
17.628 19.804 5.762
20.747 22.017 5.988
20.525 22.184 9.785
18.160 21.633 12.669
17.109 23.826 15.586
16.490 22.680 19.162
13.974 24.323 21.437
13.114 22.616 24.719
16.488 20.864 25.282
18.136 24.285 25.659
15.658 25.345 28.341
16.315 22.107 30.221
20.060 22.878 30.050
19.428 26.293 31.567
17.282 24.739 34.333
20.179 22.401 35.280
23.095 24.905 35.310
22.669 27.996 33.223
25.409 28.538 30.611
27.232 25.315 31.620
24.004 23.342 31.314
23.269 24.694 27.795
26.894 23.933 26.842
26.482 20.369 28.151
23.248 19.823 26.179
24.850 21.088 22.964
27.950 18.973 23.563
25.842 15.857 24.080
23.990 16.530 20.786
27.292 17.175 19.003
28.834 13.930 20.282
25.763 11.853 19.544
25.709 13.341 16.026
29.443 12.594 15.525
28.900 8.997 16.589
25.846 8.603 14.367
27.794 9.966 11.373
30.694 7.629 12.069
28.573 4.523 12.550
26.702 5.353 9.323
29.927 5.799 7.294
29.752 9.595 6.883
33.009 11.593 6.946
31.333 15.002 6.608
27.862 16.510 6.181
28.124 16.701 2.359
27.971 12.864 2.085
24.849 12.394 4.267
22.618 11.121 1.451
18.982 10.043 1.023
19.850 6.304 0.829
20.721 6.425 4.534
17.014 6.497 5.480
13.765 4.715 4.669
10.202 4.905 6.051
