25.643 8.839 15.571
28.842 9.997 17.303
30.678 13.321 16.980
33.199 15.584 18.688
30.191 16.951 20.724
29.223 13.555 22.263
30.461 12.944 25.795
33.830 11.004 25.961
32.542 8.268 28.267
29.730 7.384 25.817
32.108 7.349 22.801
34.316 4.961 24.749
31.442 2.658 25.778
30.404 2.482 22.084
34.004 1.583 21.130
33.970 -1.115 23.872
30.683 -2.795 22.695
30.621 -6.100 20.784
30.771 -5.713 16.942
31.926 -2.005 17.261
34.664 -2.740 14.710
37.520 -1.939 17.133
40.264 -4.544 16.616
40.626 -6.314 20.016
42.920 -9.320 20.710
43.639 -11.691 23.602
47.405 -10.880 23.437
50.006 -8.131 23.780
53.621 -7.700 22.677
56.152 -6.026 24.951
59.591 -4.667 23.991
62.358 -5.069 26.603
65.965 -3.845 26.392
68.189 -6.788 27.358
71.870 -6.714 26.289
73.354 -9.789 24.557
70.138 -11.751 24.096
69.654 -14.080 21.071
67.052 -16.188 19.199
67.098 -19.968 19.595
67.160 -20.279 15.759
70.367 -18.209 15.654
71.977 -20.611 18.214
70.990 -23.553 16.023
72.364 -21.885 12.859
75.680 -20.996 14.632
76.160 -24.572 15.832
75.311 -26.165 12.467
77.869 -24.009 10.671
80.724 -23.859 13.266
80.748 -27.271 15.046
81.852 -30.427 13.120
79.836 -33.675 13.208
76.127 -32.750 12.730
74.901 -34.904 9.761
71.814 -32.653 9.441
70.353 -29.547 11.126
68.042 -31.618 13.421
71.140 -32.770 15.345
72.281 -29.157 16.050
68.818 -28.416 17.494
69.188 -31.407 19.928
72.641 -30.060 20.976
71.070 -26.660 21.658
68.438 -28.296 23.916
71.398 -29.933 25.751
72.891 -26.468 26.369
69.542 -25.396 27.841
69.350 -28.441 30.150
72.928 -27.888 31.383
72.238 -24.180 32.129
74.818 -22.965 29.603
72.011 -20.903 28.000
68.873 -19.720 29.799
65.288 -18.884 28.810
64.469 -15.143 29.397
61.206 -16.335 30.973
61.569 -19.700 32.775
60.097 -22.364 30.478
61.382 -25.931 30.097
61.200 -26.815 26.391
63.792 -25.381 23.985
62.037 -23.496 21.175
63.708 -21.833 18.202
61.284 -18.872 18.305
62.118 -17.773 21.873
64.941 -15.530 23.169
67.848 -16.745 25.399
70.831 -15.354 27.333
74.166 -16.907 28.425
74.366 -18.651 31.809
77.393 -18.407 34.054
80.542 -19.579 32.253
83.575 -19.068 34.583
