-33.996 -40.160 -22.834
-35.016 -36.672 -24.151
-34.949 -33.963 -21.462
-38.037 -31.979 -20.594
-37.011 -28.257 -20.862
-37.690 -25.701 -18.181
-39.432 -22.504 -19.239
-42.353 -23.928 -21.215
-44.715 -21.468 -19.534
-42.341 -18.530 -19.340
-44.590 -16.604 -21.730
-47.304 -16.711 -19.042
-45.283 -14.837 -16.337
-47.766 -12.312 -14.899
-45.379 -9.789 -13.285
-41.965 -8.274 -13.275
-39.524 -9.501 -10.662
-36.558 -7.553 -9.429
-33.875 -8.389 -6.885
-31.575 -5.780 -5.392
-28.478 -6.120 -3.165
-29.606 -4.532 0.111
-26.043 -4.424 1.506
-24.352 -2.455 -1.276
-25.155 1.240 -1.321
-28.340 2.443 -3.011
-29.952 -0.963 -3.756
-28.306 -1.930 -7.061
-30.309 -4.361 -9.195
-28.732 -7.860 -9.309
-31.591 -9.443 -11.224
-34.474 -8.592 -13.440
-36.877 -11.130 -15.044
-38.078 -11.341 -18.643
-41.422 -9.616 -17.965
-39.465 -6.588 -16.693
-37.458 -6.536 -19.900
-40.405 -7.030 -22.166
-42.762 -4.548 -20.519
-40.185 -1.820 -19.765
-38.054 -2.325 -22.876
-34.877 -2.185 -20.877
-32.660 -5.273 -21.267
-31.101 -6.742 -18.131
-27.617 -5.732 -19.263
-28.769 -2.087 -19.306
-30.100 -2.192 -15.709
-27.914 -4.445 -13.560
-25.918 -2.436 -11.044
-28.349 0.515 -11.252
-31.035 1.713 -8.858
-34.590 1.045 -10.110
-35.480 4.763 -10.005
-34.448 5.229 -13.651
-37.941 3.863 -14.504
-39.384 7.118 -13.149
-37.474 9.019 -15.843
-39.236 9.351 -19.202
-36.938 7.158 -21.274
-33.173 6.669 -21.092
-32.163 10.263 -21.954
-34.023 11.998 -19.126
-31.698 12.318 -16.140
-34.365 13.000 -13.478
-37.666 11.683 -12.290
-40.550 13.014 -14.391
-42.691 15.772 -12.848
-45.885 13.702 -13.052
-44.537 10.804 -10.998
-46.190 10.920 -7.541
-43.438 12.327 -5.308
-45.411 11.353 -2.190
-45.434 7.662 -3.240
-41.725 7.834 -4.091
-41.152 9.180 -0.580
-43.145 6.349 0.997
-41.056 3.806 -0.964
-37.866 5.406 0.433
-39.244 5.194 3.949
-40.355 1.542 3.662
-36.969 0.563 2.304
-35.091 2.511 4.972
-37.211 0.977 7.753
-36.822 -2.575 6.380
-40.533 -3.086 5.852
-42.828 -4.087 3.017
-44.382 -1.677 0.540
-47.202 -1.693 -1.941
-48.412 1.195 -4.087
-48.976 2.342 -7.642
-46.296 4.410 -9.259
-46.017 6.045 -12.681
-43.068 4.638 -14.640
-41.952 4.854 -18.306
-40.887 2.360 -20.940
-37.611 2.886 -22.721
-39.780 4.262 -25.605
-41.180 6.930 -23.226
-44.696 5.593 -22.962
-46.374 5.583 -19.519
-46.636 2.533 -17.274
-48.735 2.180 -14.156
-46.705 0.001 -11.837
-48.437 -1.701 -8.938
-45.240 -2.326 -7.083
-44.700 -4.631 -4.136
-41.410 -4.602 -2.226
-40.530 -7.224 0.316
-37.255 -7.581 2.209
-35.304 -10.852 2.480
-33.586 -11.550 5.813
-30.362 -13.544 5.665
-28.349 -15.782 8.042
-27.489 -12.883 10.390
-31.173 -11.920 10.749
-30.371 -8.746 8.755
-31.738 -7.740 5.321
-29.641 -9.048 2.430
-31.989 -8.416 -0.551
-35.173 -6.678 -1.524
-37.549 -8.301 -3.955
-39.656 -6.091 -6.125
-42.788 -7.399 -7.830
-44.319 -5.332 -10.652
-47.927 -5.753 -11.678
-48.394 -3.479 -14.630
-51.963 -2.316 -14.601
-54.306 -0.242 -16.778
-54.225 3.545 -16.494
-56.161 6.362 -18.044
-52.959 8.433 -17.821
-52.084 9.562 -21.292
-49.469 12.100 -22.213
-50.896 12.457 -25.722
-48.870 12.418 -28.968
