42.393 11.765 16.561
44.555 8.950 17.967
46.319 9.790 21.305
50.028 10.371 20.842
52.692 7.884 22.069
56.290 9.214 22.147
57.946 6.415 20.078
55.033 5.610 17.668
53.265 7.112 14.660
50.137 5.235 13.543
48.515 5.612 10.094
46.656 8.938 9.992
48.691 10.724 12.695
50.551 13.867 11.576
53.826 15.500 12.739
54.826 19.078 11.776
56.509 22.209 13.138
59.323 20.353 14.973
56.896 17.662 16.282
58.782 14.434 16.957
59.104 10.817 18.034
61.483 10.118 20.932
63.020 6.868 22.267
65.931 6.812 24.744
68.450 9.349 23.243
66.973 8.973 19.674
64.604 11.501 18.014
62.753 11.604 14.662
61.823 15.247 13.991
59.554 16.715 11.255
61.291 20.080 11.331
59.893 23.510 10.455
62.433 23.746 7.571
60.674 20.806 5.738
63.473 18.380 6.716
62.721 15.032 8.422
65.694 14.246 10.662
66.660 11.234 12.715
68.889 12.401 15.588
70.290 9.101 16.806
72.119 5.897 16.003
75.747 6.503 15.067
75.402 8.938 12.105
71.757 10.007 12.027
69.685 10.365 8.856
67.780 13.071 6.967
65.273 13.306 4.098
67.557 16.137 2.689
64.570 18.398 1.962
65.596 21.610 3.825
63.715 24.596 2.311
61.914 22.434 -0.309
58.478 23.649 0.809
56.596 25.672 3.417
54.655 24.426 6.486
55.360 20.743 5.714
53.907 17.792 7.587
54.628 14.069 7.854
51.879 11.461 7.570
51.875 7.655 7.367
48.997 6.404 5.200
46.919 3.175 5.296
49.141 1.469 2.673
52.459 1.858 4.530
53.696 4.941 2.627
55.311 7.678 4.759
55.080 11.075 3.043
56.220 14.674 3.635
53.710 17.090 2.063
54.010 20.878 1.872
51.157 23.299 2.797
49.647 22.822 -0.722
49.855 18.959 -0.501
52.814 18.814 -2.945
54.933 15.689 -2.251
58.344 16.699 -0.834
59.531 13.170 0.120
58.199 9.621 0.243
59.431 6.333 1.738
58.166 4.788 -1.557
56.890 1.793 0.500
53.457 0.512 -0.486
51.554 -2.564 0.673
48.108 -3.998 1.660
45.290 -1.638 2.602
45.209 -1.606 6.420
46.645 -0.125 9.617
50.414 0.675 9.814
52.784 1.911 12.520
56.119 3.751 12.348
58.247 2.853 15.370
61.301 4.809 16.495
62.869 1.726 18.053
65.020 1.595 21.177
67.948 0.544 18.903
67.688 3.782 16.811
66.135 2.324 13.647
62.834 3.876 12.466
60.738 1.103 10.918
57.293 0.973 9.269
55.357 -2.175 10.160
52.130 -3.336 8.603
49.414 -4.127 7.869
47.802 -5.162 11.182
47.271 -8.995 11.005
45.966 -9.676 14.566
44.322 -7.609 17.318
42.876 -8.194 20.838
39.755 -6.074 20.050
37.780 -4.978 16.933
