283.546 227.701 590.409
284.195 228.447 594.096
286.744 230.913 595.486
287.714 231.011 599.164
289.207 233.639 601.464
291.037 232.931 604.718
291.977 235.060 607.704
295.311 236.811 607.881
298.185 235.228 609.775
298.051 235.507 613.544
301.016 235.450 615.919
299.649 233.730 619.015
301.073 232.784 622.404
300.678 229.201 623.689
297.271 229.081 625.379
295.805 232.129 623.661
293.127 231.797 620.961
293.162 231.957 617.167
289.961 231.992 615.095
290.282 231.537 611.331
287.494 232.300 608.860
286.908 230.676 605.461
284.555 232.756 603.310
283.079 230.989 600.274
282.167 233.016 597.181
281.045 231.606 593.846
278.814 228.773 592.637
278.331 225.354 594.230
275.646 222.755 594.930
273.617 222.049 598.044
274.963 220.168 601.065
278.484 221.237 600.111
281.384 220.484 602.444
284.293 222.529 603.776
287.381 220.539 604.741
290.257 221.638 606.985
293.839 220.361 606.847
297.238 221.412 608.179
300.806 220.783 607.090
304.002 221.609 608.938
306.729 223.319 606.927
308.275 220.583 604.806
305.728 217.907 605.757
302.624 216.541 604.072
298.889 216.911 604.587
297.022 215.192 607.413
293.534 215.525 608.889
290.193 216.163 607.241
287.746 217.786 609.645
284.656 218.177 607.472
281.825 220.595 608.226
278.612 221.167 606.269
277.402 224.752 606.978
273.771 224.006 606.132
273.545 220.575 607.763
275.974 221.524 610.528
277.054 217.897 610.921
280.778 217.437 611.482
283.315 214.617 611.134
286.630 215.141 612.939
289.276 212.509 613.720
290.975 211.154 616.840
292.526 214.645 617.001
291.126 218.167 616.716
288.233 217.328 619.072
288.998 219.418 622.119
292.083 220.056 620.035
289.646 221.924 617.728
285.993 222.723 617.067
284.189 223.738 613.875
281.570 226.496 613.753
279.660 227.946 610.804
277.733 231.037 609.732
274.965 230.427 607.202
274.254 234.109 606.485
277.505 234.484 604.509
278.924 230.925 604.679
282.103 231.646 606.617
282.744 228.280 608.324
284.866 229.392 611.275
287.557 227.304 612.943
289.486 228.120 616.103
291.843 226.492 618.593
293.507 227.743 621.791
295.408 225.207 623.931
298.076 224.803 621.274
301.575 223.364 621.643
304.665 223.886 619.487
304.197 220.907 617.161
300.973 222.386 615.735
302.463 225.632 614.492
301.669 225.133 610.808
299.578 226.346 607.864
295.867 225.504 608.019
294.141 225.088 604.656
290.432 225.384 603.880
288.998 223.531 600.890
285.497 223.326 599.413
284.099 220.248 597.708
284.163 216.491 598.191
287.402 216.221 596.183
288.537 218.720 597.481
287.878 220.965 594.499
288.753 224.522 595.556
291.422 225.374 598.133
292.012 228.543 600.105
295.209 230.549 600.378
295.623 229.189 603.914
296.362 230.859 607.238
299.719 230.308 608.941
299.627 230.562 612.732
302.934 230.466 614.615
302.766 229.857 618.372
305.679 230.535 620.713
306.136 232.089 624.149
308.859 234.360 622.756
308.970 238.140 622.931
310.060 240.063 619.853
313.862 239.954 619.830
316.117 241.787 617.335
318.620 239.595 615.470
322.279 239.417 616.444
324.606 239.524 613.429
328.058 237.941 613.304
330.423 237.819 610.305
331.613 234.537 608.828
335.243 235.122 607.837
337.424 232.261 606.538
339.857 232.873 609.403
343.651 232.615 609.411
345.350 229.379 608.326
343.102 229.487 605.250
343.787 230.043 601.555
340.466 230.158 599.651
341.960 230.735 596.192
340.223 231.814 592.976
337.046 232.760 594.861
336.422 233.167 598.593
333.049 232.328 600.134
331.906 234.624 602.950
328.824 234.529 605.114
326.577 236.207 607.654
325.145 234.616 610.810
321.793 235.844 612.148
321.105 234.331 615.562
318.393 234.779 618.164
315.485 236.659 616.604
311.704 236.464 616.777
309.388 236.489 614.912
310.010 235.698 611.268
311.005 236.797 608.708
314.287 238.566 608.021
315.804 239.709 604.730
319.571 239.531 604.196
321.116 241.574 601.379
324.726 242.394 600.521
326.209 245.861 599.985
322.596 247.069 599.698
321.197 245.321 596.647
324.552 244.696 594.994
326.022 241.195 594.942
322.830 239.535 593.759
324.429 236.526 592.052
326.176 233.884 594.121
324.068 234.587 597.220
322.381 232.023 599.448
319.996 232.741 602.316
319.130 229.610 604.230
315.766 228.880 605.885
315.388 229.722 609.554
315.908 226.994 612.144
314.434 227.132 615.642
316.816 226.958 618.608
316.140 227.972 622.215
312.687 228.928 620.898
314.365 231.594 618.721
315.131 231.582 615.017
318.533 231.679 613.334
319.852 231.501 609.770
322.958 232.216 607.715
323.654 233.841 604.354
326.533 233.117 601.978
328.157 235.015 599.119
330.786 233.775 596.659
333.178 236.609 595.802
336.327 236.530 593.622
339.457 236.818 595.751
340.559 239.829 593.693
337.506 241.756 594.967
338.065 241.112 598.692
339.344 242.502 601.017
340.199 244.987 598.251
336.531 246.040 598.162
334.405 246.230 601.293
331.751 243.534 601.742
328.967 244.219 604.243
325.904 242.340 605.474
322.449 243.959 605.510
320.130 242.076 607.890
316.574 243.394 608.262
313.946 242.476 610.869
310.973 244.769 610.105
309.545 243.774 613.492
312.239 246.023 615.019
315.607 246.940 613.478
318.225 246.107 610.841
321.900 245.521 611.593
324.785 246.282 609.230
327.980 244.238 609.620
331.313 244.331 607.802
333.264 241.223 606.812
336.756 241.398 608.325
339.505 238.925 609.173
