10.587 14.281 10.956
6.950 15.223 11.548
6.533 15.284 7.768
7.187 11.555 7.447
5.028 10.974 10.513
2.209 12.977 8.933
2.412 10.952 5.728
2.424 7.805 7.887
-0.727 8.944 9.699
-2.422 9.648 6.371
-1.345 6.292 4.935
-2.383 4.232 7.962
-5.584 5.892 9.195
-6.672 6.993 5.711
-7.213 10.431 7.258
-5.187 13.648 7.164
-3.238 14.155 10.441
-4.962 17.521 10.731
-7.531 17.949 12.023
-8.281 14.323 12.909
-5.296 13.713 15.201
-3.559 17.072 15.655
-6.614 18.327 17.558
-7.749 15.066 19.160
-8.332 14.504 22.871
-6.337 16.019 25.718
-2.823 14.835 24.854
-2.700 14.794 21.050
-4.473 18.130 20.686
-3.168 20.102 23.661
0.598 19.654 23.386
0.517 16.802 25.881
-0.764 19.037 28.674
-3.472 16.622 29.789
-4.318 13.001 30.545
-5.227 10.896 27.487
-8.965 10.171 27.378
-8.772 7.595 24.596
-6.698 4.713 23.253
-5.795 6.753 20.177
-5.243 9.676 22.539
-2.825 7.433 24.442
-1.079 6.645 21.150
0.247 10.212 21.158
1.443 9.704 24.735
3.386 6.559 23.845
4.694 8.301 20.724
5.899 11.232 22.818
7.528 8.857 25.300
9.293 7.205 22.366
10.782 10.585 21.455
11.829 10.878 25.094
14.040 7.789 24.999
15.938 9.373 22.110
18.733 11.902 22.620
20.336 13.828 21.289
18.128 13.163 18.270
15.903 15.801 16.676
12.688 13.821 16.007
10.720 16.857 14.828
13.124 18.004 12.122
15.457 15.132 11.183
14.263 13.493 7.960
14.232 9.788 7.112
13.076 7.363 4.414
10.640 4.454 4.681
9.412 1.737 2.320
6.272 -0.408 2.384
6.182 -4.194 2.141
2.998 -6.291 2.432
1.107 -3.518 4.222
4.043 -2.917 6.563
6.238 0.156 7.114
9.977 -0.434 6.678
12.280 2.170 8.228
15.365 3.078 6.210
18.999 2.707 7.246
21.229 5.574 8.360
21.899 7.447 11.593
20.525 5.585 14.655
18.357 8.645 15.243
16.849 8.348 11.754
15.921 4.727 12.474
14.570 5.032 16.025
12.625 8.216 15.209
11.071 6.308 12.324
10.233 3.472 14.717
8.492 5.944 17.028
6.458 7.462 14.202
5.668 4.013 12.786
4.538 2.627 16.137
2.406 5.740 16.586
0.698 5.595 13.177
0.082 1.853 13.479
-1.337 2.562 16.933
-3.692 5.118 15.377
-4.842 2.545 12.818
-5.366 -0.316 15.284
-7.636 1.868 17.417
-9.773 3.316 14.625
-12.680 1.411 16.163
-12.265 3.543 19.285
-11.746 6.846 17.455
-14.374 9.432 18.396
-14.806 12.371 16.006
-16.348 14.257 18.928
-12.951 14.321 20.649
-11.626 16.646 17.953
-10.924 20.044 19.534
-11.711 18.713 23.009
-12.435 21.339 25.708
-9.300 22.266 27.665
-10.978 22.617 31.060
-12.400 19.109 30.656
-8.868 17.750 30.279
-7.089 16.464 33.379
-3.738 18.226 33.765
-1.105 17.078 33.750
-0.427 13.768 31.999
1.558 10.918 33.543
5.312 10.493 33.540
6.520 8.445 30.569
