-9.266 -21.711 145.300
-5.585 -22.622 145.644
-3.172 -23.080 142.771
-0.811 -26.044 142.791
0.529 -26.192 139.260
0.648 -24.328 135.986
1.455 -25.301 132.422
1.039 -23.608 129.010
-1.955 -21.321 129.460
-3.460 -23.294 132.370
-3.396 -23.176 136.115
-4.640 -26.159 138.173
-6.236 -25.662 141.541
-5.750 -28.159 144.438
-8.884 -30.105 143.370
-7.661 -30.568 139.769
-9.917 -27.912 138.120
-8.157 -26.185 135.160
-8.236 -22.416 134.936
-7.413 -20.748 131.629
-5.201 -17.779 132.496
-6.475 -15.267 130.004
-4.273 -12.544 131.601
-0.872 -14.317 131.415
-0.230 -13.731 135.128
0.018 -9.961 134.918
0.359 -9.439 131.207
3.753 -11.092 131.396
3.823 -14.931 131.056
4.435 -14.667 127.359
6.015 -18.113 126.734
3.513 -19.676 129.041
3.896 -21.605 132.217
6.132 -24.614 132.769
9.078 -23.712 130.480
11.772 -25.916 131.901
14.532 -24.157 129.960
14.100 -20.996 131.985
14.371 -22.744 135.317
17.435 -24.683 134.087
19.306 -21.563 132.997
18.515 -19.829 136.308
19.715 -22.874 138.236
23.019 -23.091 136.309
23.707 -19.345 136.472
22.966 -19.305 140.211
25.313 -22.182 141.024
28.067 -21.157 138.671
28.358 -17.337 138.827
25.311 -15.725 140.336
26.520 -12.147 140.582
29.227 -9.537 139.826
32.500 -9.153 141.617
34.572 -5.966 141.724
37.712 -7.169 139.907
37.250 -9.813 137.227
34.760 -10.462 134.574
32.916 -13.703 134.058
33.177 -16.128 131.141
30.172 -15.151 129.024
28.339 -12.437 130.992
24.667 -13.000 130.297
23.828 -9.297 130.664
26.097 -8.372 127.734
24.574 -11.052 125.483
21.154 -9.946 126.549
21.889 -6.344 125.634
22.993 -7.516 122.113
19.955 -9.753 121.831
17.586 -6.826 122.688
19.455 -4.430 120.303
18.667 -6.962 117.502
14.896 -6.857 118.073
14.363 -3.314 119.308
13.232 -0.533 117.049
16.037 0.489 114.718
18.614 2.899 116.205
17.930 1.822 119.782
20.920 -0.333 120.630
21.537 0.478 124.245
19.683 -1.089 127.168
19.991 -0.206 130.878
18.683 -2.886 133.248
16.557 -2.402 136.359
14.656 -4.551 138.905
11.185 -3.907 137.605
8.907 -1.960 135.312
8.169 0.716 137.950
11.884 1.110 138.467
12.236 1.546 134.690
9.539 4.263 134.773
11.432 6.201 137.518
14.634 5.665 135.661
13.323 6.985 132.367
11.935 10.150 133.932
15.382 10.817 135.391
17.074 10.165 132.030
14.946 12.584 130.072
15.570 15.356 132.690
19.349 14.599 132.774
19.383 14.659 128.951
17.986 18.146 128.684
20.098 19.290 131.673
23.261 18.131 129.823
22.087 19.890 126.677
22.014 23.062 128.828
18.214 23.290 129.213
17.522 22.117 132.797
14.234 23.943 132.630
12.744 21.153 130.384
11.506 19.028 133.234
7.818 18.482 132.630
6.663 15.103 131.288
3.361 14.883 129.472
1.406 11.631 129.864
-2.215 10.633 129.466
-5.078 10.130 131.889
-5.437 6.475 132.646
-1.686 5.896 131.661
-0.153 14.076 141.997
3.316 13.384 140.781
5.489 16.477 140.594
6.666 17.282 137.071
3.966 15.244 135.234
0.960 16.684 133.424
-1.800 14.756 131.615
-3.660 15.020 128.358
-6.710 13.140 127.014
-6.615 9.458 126.264
-7.580 8.250 122.799
-10.566 6.203 124.209
-13.202 6.510 121.486
-15.898 4.329 123.089
-15.914 6.192 126.388
-14.892 9.697 125.428
-15.390 10.044 121.672
-18.654 12.104 122.119
-20.205 12.713 118.691
-16.979 12.303 116.736
-16.023 9.462 114.472
-13.061 7.244 115.370
-10.876 8.790 112.698
-11.642 12.363 113.749
-11.367 11.634 117.438
-7.917 10.109 116.849
-6.843 13.419 115.373
-8.423 15.430 118.163
-6.834 13.320 120.923
-3.415 13.656 119.287
-3.894 17.443 118.952
-4.322 17.655 122.699
-0.594 16.929 122.947
0.330 20.077 120.873
-2.141 22.089 122.888
-0.561 20.917 126.155
2.962 21.576 124.912
2.033 25.244 124.115
0.138 25.669 127.316
3.060 24.399 129.435
5.614 25.983 127.081
8.128 23.957 125.123
10.976 25.358 127.158
9.500 23.713 130.295
8.699 20.330 128.585
11.049 17.341 128.692
9.058 14.452 127.185
5.845 12.761 126.157
5.223 9.344 127.748
2.662 6.876 126.384
2.022 3.206 126.003
1.303 2.245 122.330
-1.954 0.804 123.675
-2.991 1.539 127.300
-3.184 -1.906 128.923
-4.220 -1.494 132.558
-6.593 1.266 131.606
-8.757 -1.128 129.567
-6.855 -2.083 126.394
-7.600 1.357 124.947
-6.881 0.809 121.275
-6.341 4.257 119.702
-7.854 5.163 116.304
-5.585 4.635 113.310
-5.179 8.426 112.903
-3.798 8.874 116.455
-0.174 7.782 116.206
0.494 9.466 112.817
-0.823 12.723 114.148
1.277 12.394 117.358
4.373 11.800 115.252
3.731 15.043 113.344
3.419 16.926 116.597
6.588 15.430 118.135
8.527 16.364 114.969
7.750 20.053 115.481
8.989 20.324 119.105
11.979 19.729 121.332
10.520 16.824 123.331
11.710 13.238 123.959
9.324 10.357 123.152
9.055 7.717 125.899
7.163 4.665 124.677
6.163 2.618 127.651
6.530 -1.004 126.536
6.160 -2.709 129.909
2.994 -4.489 128.632
3.307 -4.321 124.831
6.893 -5.455 124.778
8.304 -8.813 123.738
5.681 -9.895 121.236
2.346 -8.852 122.562
1.193 -7.035 119.498
2.680 -9.463 116.967
5.671 -7.176 116.595
8.452 -7.298 119.146
7.244 -3.891 120.472
4.046 -1.917 120.254
6.137 0.900 118.809
6.907 -1.251 115.729
3.237 -2.142 115.384
2.309 1.525 115.015
5.502 2.711 113.241
6.855 4.924 116.050
10.480 5.733 116.605
10.760 6.430 120.337
13.713 7.821 122.200
13.374 5.680 125.343
11.335 2.507 126.111
10.821 1.167 129.614
10.456 -2.647 129.487
9.850 -5.435 132.041
7.428 -8.410 132.355
7.786 -10.169 128.962
11.548 -9.638 129.214
11.725 -12.751 131.381
8.124 -13.932 130.680
7.556 -13.151 134.357
9.875 -15.964 135.527
12.349 -13.689 137.349
12.044 -9.989 138.196
13.747 -7.711 135.719
13.182 -4.452 133.999
15.042 -2.234 131.588
15.125 0.872 129.496
16.020 0.608 125.777
17.533 3.884 124.599
18.056 5.505 121.134
21.846 5.825 120.380
21.829 9.684 119.982
20.285 10.025 123.399
22.950 7.880 124.971
25.776 9.855 123.247
24.464 12.962 124.949
23.939 11.196 128.275
27.643 10.122 128.132
28.794 13.773 128.872
23.562 -0.365 138.864
22.176 -0.821 135.308
24.360 -3.918 134.685
21.448 -6.322 135.152
21.624 -9.204 137.592
23.260 -12.212 135.846
20.594 -14.756 136.866
17.796 -12.560 135.642
19.758 -11.784 132.485
20.361 -15.500 131.744
16.643 -16.142 132.009
15.735 -13.127 129.818
18.302 -14.274 127.179
16.819 -17.763 127.058
13.365 -16.321 127.034
14.111 -14.144 123.979
15.888 -17.089 122.329
12.742 -19.181 122.731
10.497 -16.417 121.459
12.795 -15.956 118.411
13.795 -19.546 117.581
10.299 -21.023 117.976
8.948 -18.133 115.903
6.428 -17.396 118.581
6.132 -13.672 117.674
5.829 -14.540 113.917
3.137 -17.093 114.663
1.303 -14.497 116.727
1.423 -12.017 113.890
0.556 -14.519 111.075
-1.867 -16.960 112.859
-2.665 -16.637 116.553
-3.582 -12.965 116.777
-5.686 -12.876 113.614
-7.588 -15.907 114.947
-8.011 -14.391 118.458
-9.207 -11.036 117.152
-11.635 -12.676 114.702
-13.164 -14.884 117.424
-13.172 -12.015 119.944
-15.316 -9.951 117.486
-17.983 -12.622 117.585
-18.685 -11.559 121.202
-19.746 -8.155 119.907
-23.080 -9.867 119.091
-23.670 -10.498 122.765
-26.537 -8.498 124.296
-24.195 -7.213 127.027
-21.304 -6.115 124.755
-21.176 -2.540 123.392
-17.808 -3.009 121.656
-15.164 -5.642 121.212
-11.659 -4.364 120.360
-8.103 -5.580 120.353
-4.722 -5.790 118.774
-2.387 -8.705 118.667
-2.863 -10.734 121.902
-4.836 -8.122 123.875
-8.527 -7.435 123.901
-11.333 -5.646 125.592
-15.144 -5.884 125.818
-17.317 -3.021 126.917
-20.200 -4.127 129.077
-23.191 -1.781 128.707
-26.918 -1.744 129.594
-27.908 -0.250 126.258
-25.853 -0.798 123.133
-27.373 2.118 121.222
-26.641 4.833 123.853
-23.566 3.135 125.510
-25.332 3.630 128.803
-23.696 1.701 131.614
-25.311 -0.319 134.338
-25.913 1.325 137.730
-22.576 0.862 139.432
-21.612 -2.675 138.668
-21.442 -5.485 136.191
-17.667 -5.687 135.689
-17.095 -7.272 139.060
-20.115 -9.483 138.544
-18.704 -10.713 135.222
-15.341 -11.307 136.871
-16.990 -13.468 139.591
-18.535 -15.615 136.838
-15.127 -15.803 135.130
-13.572 -16.885 138.497
-16.265 -19.589 138.981
-16.054 -20.830 135.397
-12.249 -21.082 135.308
-11.360 -18.144 133.020
-9.122 -15.286 134.179
-10.309 -12.101 132.517
-9.654 -8.786 134.260
-12.420 -6.238 134.897
-11.462 -2.582 134.660
-14.714 -0.860 135.582
-17.195 -2.381 133.097
-14.476 -3.290 130.617
-13.410 -6.909 130.452
-9.816 -7.498 129.299
-7.621 -10.342 128.131
-3.949 -10.699 127.524
-3.166 -14.375 127.033
0.153 -16.057 126.763
1.557 -15.615 123.217
1.951 -19.441 122.865
-1.774 -19.893 123.194
-3.131 -22.276 120.514
-6.220 -22.017 118.309
-8.096 -24.700 120.313
-7.181 -22.822 123.520
-8.520 -19.634 121.978
-11.739 -21.553 121.211
-11.934 -22.554 124.850
-11.406 -18.964 125.939
-14.180 -17.739 123.670
-16.612 -20.444 124.845
-15.871 -19.606 128.513
-16.157 -15.878 127.876
-19.521 -16.231 126.185
-20.723 -18.391 129.110
-19.623 -15.715 131.601
-21.341 -13.007 129.607
-24.586 -15.120 129.454
-24.528 -15.739 133.195
-23.832 -12.075 133.874
-26.695 -10.939 131.550
-29.137 -13.410 133.232
-28.430 -11.804 136.635
-28.106 -8.186 135.527
-30.283 -7.585 132.392
16.628 -2.718 108.725
