60.825 29.101 5.875
60.387 26.094 3.607
57.042 26.087 1.766
55.502 22.732 0.835
53.029 22.663 -2.069
50.880 19.560 -2.536
49.135 18.478 -5.720
46.453 17.781 -6.480
44.325 19.398 -3.730
41.817 16.536 -4.131
41.495 13.320 -6.173
39.097 10.391 -6.635
40.563 6.919 -7.184
38.748 3.592 -7.669
39.338 0.582 -5.403
42.394 -1.392 -6.548
43.836 1.528 -8.553
46.842 3.779 -7.821
46.779 7.195 -6.134
49.762 9.494 -6.680
50.184 12.602 -4.516
53.027 15.077 -5.097
54.858 17.370 -2.675
57.194 20.088 -3.887
59.506 21.825 -1.382
60.660 25.424 -1.971
64.215 24.469 -0.876
66.158 21.200 -0.718
65.442 19.035 2.350
68.594 16.896 1.965
71.300 16.300 4.618
73.980 13.581 5.109
72.589 11.072 2.579
68.914 11.422 3.569
65.941 13.550 2.464
63.881 14.677 5.480
60.360 14.509 4.144
57.546 12.804 6.009
54.019 11.785 5.030
50.948 11.558 7.320
47.364 10.296 6.943
44.585 12.120 8.795
40.952 11.133 9.235
38.398 13.594 10.684
38.506 13.954 14.485
41.838 12.091 14.715
45.453 13.236 14.910
47.767 12.668 11.902
49.284 9.198 11.600
52.903 8.850 10.373
53.197 6.806 7.169
56.650 7.550 5.710
59.833 9.124 7.084
63.117 10.128 5.411
61.238 10.208 2.059
60.984 6.457 1.419
60.965 4.506 4.703
57.709 2.818 5.711
56.637 3.387 9.318
56.261 0.221 11.399
52.697 -1.118 11.106
51.834 0.776 7.907
50.895 -1.494 4.928
53.339 -1.703 1.986
50.545 -0.375 -0.269
51.967 2.979 0.876
55.287 4.043 -0.624
57.284 7.254 -0.741
59.953 8.418 -3.164
61.977 11.489 -4.058
64.910 13.664 -3.031
65.869 17.348 -2.930
62.630 19.247 -3.582
60.402 16.721 -5.361
58.464 14.094 -3.444
55.730 11.590 -4.121
53.395 9.414 -2.096
51.917 6.407 -3.905
49.058 4.259 -2.635
48.480 0.985 -4.512
46.152 -0.722 -4.415
43.790 1.945 -3.037
41.354 0.480 -0.458
38.118 1.932 0.988
39.679 2.801 4.379
42.207 5.048 2.562
39.580 7.837 2.365
41.421 10.572 4.276
43.547 13.696 3.929
47.295 13.243 3.318
50.002 15.695 4.409
53.667 16.009 3.600
56.003 17.572 6.224
59.657 18.565 6.106
61.867 17.995 9.149
65.175 19.227 7.734
65.054 22.829 8.921
63.285 24.910 11.597
60.443 25.690 11.672
59.133 22.317 10.594
56.434 22.960 7.969
53.582 20.947 6.437
51.946 20.883 3.000
48.342 22.030 2.539
46.967 18.496 2.361
45.394 16.354 -0.351
41.959 14.778 0.176
41.627 11.298 -1.272
38.076 10.307 -2.223
37.299 6.705 -3.059
