-0.371 13.628 28.103
-3.991 12.472 27.855
-5.663 12.850 31.248
-7.994 10.024 32.247
-10.777 10.497 34.795
-12.481 7.744 36.764
-15.619 7.786 38.910
-16.257 6.944 41.665
-13.032 6.885 43.672
-14.623 4.397 46.099
-17.566 2.030 45.603
-19.272 0.245 48.528
-20.899 -2.906 47.155
-22.295 -6.002 48.879
-21.223 -9.202 47.077
-23.884 -10.333 44.636
-24.604 -6.798 43.353
-23.247 -5.158 40.175
-20.582 -2.463 40.235
-19.697 -0.141 37.354
-16.533 1.938 36.980
-16.190 4.567 34.257
-13.033 6.183 32.930
-13.218 9.098 30.497
-10.455 10.778 28.499
-10.130 14.419 27.458
-9.194 13.443 23.888
-9.966 10.141 22.154
-7.547 7.223 22.491
-8.253 5.841 18.998
-4.993 5.026 17.162
-4.168 5.390 13.453
-4.668 1.571 13.223
-8.384 2.141 14.125
-7.911 0.193 17.365
-8.370 1.733 20.812
-6.263 0.028 23.504
-7.727 0.707 26.938
-6.579 -1.804 29.541
-8.207 -2.342 32.931
-5.943 -3.329 35.817
-6.402 -4.068 39.504
-3.815 -3.900 42.276
-4.836 -6.503 44.840
-4.103 -5.628 48.491
-0.411 -6.349 48.991
0.131 -7.652 45.437
1.446 -6.018 42.275
-1.047 -5.175 39.494
-2.719 -7.701 37.204
-4.595 -7.394 33.912
-8.299 -8.142 33.468
-9.506 -6.340 30.312
-7.384 -5.375 27.307
-8.635 -3.499 24.227
-11.854 -2.106 25.698
-13.625 -5.464 25.993
-11.282 -8.447 25.466
-10.571 -10.289 28.704
-7.244 -11.792 29.735
-6.355 -15.477 30.074
-7.981 -16.765 33.258
-10.305 -13.858 34.090
-13.897 -14.926 34.870
-16.650 -14.237 32.356
-18.058 -11.687 34.825
-15.650 -8.824 33.996
-16.867 -6.965 30.906
-15.643 -3.690 29.435
-17.342 -1.243 27.088
-17.232 2.344 25.834
-16.107 4.317 22.765
-13.445 6.997 22.137
-14.180 9.424 25.002
-16.264 7.394 27.425
-15.500 3.933 28.742
-16.966 1.854 31.538
-15.837 -1.282 33.364
-18.727 -3.436 34.576
-18.925 -6.676 36.543
-21.885 -9.033 36.810
-21.350 -9.495 40.548
-18.506 -8.777 42.885
-17.057 -11.475 45.121
-14.789 -11.223 48.146
-11.885 -12.014 45.781
-12.453 -8.752 43.853
-11.333 -6.357 46.618
-8.834 -3.710 45.555
-8.500 -0.608 43.386
-9.004 -0.572 39.604
-7.107 1.402 36.951
-7.931 2.304 33.380
-4.896 2.532 31.122
-4.611 3.955 27.605
-2.419 2.330 24.975
-2.710 4.657 21.978
-0.556 7.780 22.385
2.899 8.037 23.885
3.204 8.689 26.739
0.826 6.060 28.089
-1.131 7.280 31.111
-3.137 5.735 33.948
-6.296 6.692 35.798
-6.800 7.873 39.353
-8.108 4.573 40.675
-11.519 3.309 41.780
-11.196 1.370 45.040
-13.611 -1.509 45.640
-14.869 -2.315 49.147
-16.886 -5.360 50.229
-19.919 -4.893 52.505
