0.586 1.164 -11.166
-3.084 2.061 -11.611
-2.518 4.987 -13.994
-3.472 3.177 -17.196
-6.608 1.450 -15.891
-7.699 4.663 -14.159
-7.693 6.513 -17.481
-9.582 3.660 -19.155
-12.250 3.666 -16.440
-12.674 7.453 -16.426
-13.023 7.381 -20.220
-15.804 4.830 -19.729
-17.496 7.051 -17.139
-17.158 10.130 -19.345
-18.942 8.389 -22.217
-21.432 6.682 -19.900
-22.699 10.141 -18.914
-23.682 10.592 -22.586
-25.954 7.525 -22.692
-29.650 8.357 -22.855
-30.346 6.058 -19.904
-27.762 7.885 -17.791
-29.016 11.323 -18.855
-32.528 10.271 -17.817
-31.278 8.935 -14.470
-29.483 12.196 -13.642
-32.475 14.306 -14.667
-34.793 12.115 -12.586
-32.485 12.446 -9.572
-32.639 16.246 -9.778
-36.418 16.191 -10.205
-36.691 13.968 -7.127
-34.785 16.591 -5.146
-37.331 19.210 -6.187
-40.178 16.905 -5.132
-39.341 17.337 -1.430
-40.243 21.047 -1.579
-43.769 22.308 -0.860
-45.629 24.600 -3.225
-44.791 27.004 -4.732
-41.137 26.053 -4.313
-41.329 22.661 -6.044
-42.473 24.373 -9.248
-39.664 26.939 -9.039
-37.163 24.106 -8.594
-38.717 22.187 -11.496
-38.442 25.325 -13.636
-34.744 25.659 -12.820
-34.092 22.012 -13.692
-36.008 22.289 -16.967
-33.924 25.280 -18.076
-30.467 24.446 -16.713
-30.003 20.688 -16.256
-28.184 20.201 -19.611
-25.661 22.856 -18.555
-25.199 21.029 -15.249
-24.665 17.750 -17.107
-22.061 19.438 -19.309
-20.109 20.564 -16.238
-20.093 17.012 -14.880
-18.860 15.662 -18.223
-16.086 18.280 -18.250
-14.922 17.208 -14.783
-14.854 13.559 -15.902
-11.621 13.993 -17.889
-9.286 10.961 -17.586
-6.074 12.975 -17.229
-7.596 15.382 -14.709
-9.291 12.803 -12.475
-6.455 10.286 -12.427
-3.842 12.906 -11.532
-6.088 14.448 -8.855
-6.323 11.093 -7.037
-2.557 10.660 -7.388
-2.238 7.604 -9.653
-1.162 9.443 -12.836
1.263 12.284 -13.577
-0.053 15.621 -14.800
