38.126 29.864 -35.815
36.767 26.747 -34.105
33.945 26.812 -36.673
36.435 27.168 -39.577
38.659 24.305 -38.347
35.740 21.893 -37.789
34.337 22.650 -41.251
37.530 21.266 -42.845
37.553 17.799 -41.198
37.381 15.081 -43.893
37.064 11.829 -41.880
34.674 11.668 -38.922
33.693 8.282 -37.470
30.247 7.693 -36.013
31.840 5.613 -33.272
30.312 2.316 -32.124
29.319 2.082 -28.451
30.600 -1.281 -27.122
28.917 -3.084 -24.208
29.849 -5.309 -21.261
27.930 -8.597 -20.774
25.438 -6.770 -18.496
24.694 -4.113 -21.213
26.599 -1.221 -19.605
29.282 0.617 -21.586
32.614 -1.178 -22.084
34.951 1.809 -21.782
38.153 -0.243 -22.227
36.847 -1.508 -25.593
35.612 2.006 -26.484
38.987 3.584 -25.680
40.931 0.931 -27.643
38.592 1.501 -30.623
39.008 5.308 -30.472
42.822 5.075 -30.219
42.874 2.817 -33.288
40.690 5.359 -35.111
43.034 8.245 -34.267
46.171 6.290 -35.321
44.502 5.667 -38.700
43.821 9.332 -39.550
40.291 9.832 -38.163
39.914 13.549 -37.320
36.632 13.473 -35.358
33.998 11.342 -33.653
30.220 11.453 -33.432
29.531 10.244 -29.885
26.233 8.400 -29.509
25.113 8.954 -33.101
22.775 6.568 -34.901
25.698 4.107 -35.313
26.621 4.622 -31.667
23.092 3.811 -30.508
22.521 7.207 -28.829
18.776 6.556 -28.914
19.336 3.443 -26.698
21.210 5.456 -24.015
19.881 7.332 -21.000
21.081 10.949 -21.056
23.365 10.501 -18.012
25.362 7.686 -19.647
25.445 9.680 -22.934
26.829 12.855 -21.285
29.282 10.648 -19.390
30.474 9.122 -22.688
30.803 12.578 -24.290
32.664 13.921 -21.216
34.929 10.837 -21.092
35.746 11.213 -24.798
36.603 14.926 -24.383
38.800 14.256 -21.314
40.692 11.256 -22.767
40.877 12.323 -26.471
39.656 15.940 -26.978
43.153 17.289 -27.658
43.675 14.575 -30.348
40.288 14.485 -32.096
37.148 16.573 -32.609
34.345 15.398 -30.258
30.862 15.897 -31.725
28.096 14.905 -29.346
24.914 13.631 -30.961
22.649 15.660 -28.702
19.720 16.179 -31.105
16.192 14.919 -30.529
12.607 15.006 -31.781
11.864 16.906 -28.552
13.152 20.476 -28.614
13.490 20.691 -24.814
15.396 17.383 -24.736
17.698 18.579 -27.550
18.383 21.902 -25.803
19.027 20.259 -22.412
21.431 17.641 -23.867
23.174 20.032 -26.247
23.817 22.618 -23.496
25.245 20.013 -21.123
27.328 18.546 -23.956
28.988 21.913 -24.634
29.432 22.463 -20.868
31.608 19.271 -20.717
33.763 20.592 -23.589
32.456 18.872 -26.759
33.472 20.808 -29.884
30.148 20.602 -31.726
26.742 18.890 -31.865
25.021 16.693 -34.438
21.381 17.807 -34.888
18.848 15.591 -36.655
15.404 16.969 -37.621
12.552 15.702 -35.422
12.070 12.059 -36.460
8.734 10.282 -36.031
7.057 13.364 -34.453
7.393 15.251 -37.738
6.767 19.006 -37.716
6.023 21.833 -40.157
8.603 24.003 -41.955
8.042 26.725 -39.324
8.661 24.078 -36.625
11.952 22.981 -38.237
13.219 26.586 -38.400
12.343 27.122 -34.738
13.918 23.821 -33.612
17.119 24.266 -35.671
17.610 27.947 -34.765
17.285 27.016 -31.078
19.934 24.221 -31.188
22.248 26.250 -33.457
22.275 29.026 -30.803
23.921 26.532 -28.336
27.137 26.114 -30.363
28.597 24.669 -33.571
26.270 22.119 -35.212
26.223 19.638 -38.065
22.638 19.300 -39.390
21.677 15.687 -40.097
19.303 14.792 -42.947
18.323 11.128 -43.230
14.675 10.826 -44.360
14.962 7.035 -44.759
15.106 6.990 -40.935
13.240 10.121 -39.831
10.292 10.010 -42.229
11.044 13.605 -43.261
13.466 15.210 -45.684
14.896 18.546 -44.562
14.014 20.677 -47.604
16.465 22.944 -49.468
14.532 26.103 -48.435
15.098 25.259 -44.760
18.817 24.453 -45.304
19.374 27.684 -47.329
17.963 29.664 -44.390
19.757 27.906 -41.470
23.108 27.627 -43.344
23.541 31.391 -42.685
23.752 30.801 -38.903
27.278 31.482 -37.612
27.293 28.056 -35.821
26.245 26.133 -38.945
29.049 23.673 -39.784
27.306 21.884 -42.651
24.994 18.996 -43.534
25.461 15.331 -42.760
23.538 14.560 -45.938
22.212 11.061 -46.694
19.994 11.725 -49.791
22.907 11.408 -52.252
25.695 12.998 -54.221
23.343 15.125 -56.391
21.915 16.724 -53.252
25.457 17.320 -51.998
26.660 18.774 -55.317
23.824 21.280 -55.401
24.462 22.314 -51.757
28.271 22.558 -52.109
28.009 24.574 -55.369
26.033 27.157 -53.307
28.573 27.291 -50.437
26.781 24.888 -48.070
29.411 22.614 -46.535
28.499 18.886 -46.689
29.709 15.589 -45.337
28.349 12.465 -46.982
26.550 10.146 -44.591
26.740 7.180 -47.031
30.006 5.190 -47.166
29.251 3.719 -50.643
28.842 7.261 -52.058
31.525 9.017 -49.988
34.519 8.611 -52.338
32.624 10.295 -55.211
31.046 12.866 -52.836
34.517 13.915 -51.790
36.293 13.761 -55.172
33.528 14.846 -57.630
30.751 16.631 -55.667
32.467 19.163 -53.386
31.898 17.278 -50.105
34.531 18.052 -47.488
34.395 14.338 -46.665
32.505 11.609 -44.813
30.778 10.847 -41.498
31.326 7.132 -41.662
30.147 3.777 -40.336
32.631 1.552 -42.123
35.564 3.615 -40.731
34.860 1.802 -37.410
36.247 -1.369 -39.095
38.762 -0.037 -41.704
39.579 3.561 -40.674
42.838 3.764 -42.670
41.120 2.703 -45.883
38.372 5.313 -45.388
41.174 7.830 -44.786
42.719 6.829 -48.168
39.357 7.378 -49.907
39.121 10.944 -48.498
42.635 12.291 -49.306
44.759 12.775 -52.458
43.976 11.324 -55.869
40.701 9.536 -56.644
41.177 5.849 -55.841
38.479 4.001 -57.803
40.312 0.665 -57.352
40.048 0.873 -53.539
36.444 2.110 -53.824
35.575 -0.890 -56.067
37.438 -3.334 -53.772
35.334 -2.132 -50.792
31.957 -2.270 -52.585
30.868 -5.719 -51.343
32.032 -5.012 -47.785
30.174 -1.673 -47.777
26.946 -3.364 -48.973
27.337 -6.112 -46.303
27.696 -3.377 -43.631
24.081 -2.396 -44.478
22.495 -5.797 -45.275
20.511 -5.243 -42.070
19.979 -1.720 -40.729
23.106 -0.077 -39.287
24.514 -0.769 -36.713
23.570 -4.495 -36.865
26.414 -5.440 -39.266
28.923 -3.188 -37.506
28.096 -4.673 -34.080
28.365 -8.192 -35.524
31.612 -7.378 -37.367
33.392 -5.924 -34.313
32.507 -9.073 -32.326
33.733 -11.296 -35.207
37.054 -9.368 -35.259
37.576 -9.534 -31.463
37.201 -5.720 -31.135
33.965 -5.603 -29.040
32.014 -8.108 -26.967
29.119 -9.916 -28.721
26.571 -7.927 -26.688
23.549 -6.144 -28.195
21.111 -3.708 -26.608
17.638 -4.505 -27.955
16.023 -3.986 -30.417
19.264 -4.784 -32.279
20.205 -8.458 -32.707
23.155 -9.949 -34.618
23.315 -10.992 -38.243
22.382 -14.641 -38.947
24.997 -17.414 -39.176
24.726 -17.366 -42.989
25.251 -13.576 -43.138
28.275 -13.876 -40.816
29.786 -16.535 -43.171
29.509 -14.157 -46.116
30.923 -11.350 -43.949
33.969 -13.333 -42.736
35.160 -13.747 -46.339
34.825 -9.972 -46.949
36.498 -9.057 -43.646
39.378 -11.549 -44.243
40.176 -9.764 -47.545
40.924 -6.534 -45.563
42.118 -8.053 -42.233
45.486 -6.221 -42.276
43.487 -2.930 -42.336
41.282 -3.840 -39.325
43.264 -2.364 -36.412
43.900 -4.763 -33.522
42.188 -7.638 -35.373
43.980 -10.927 -34.564
41.548 -13.137 -36.487
38.084 -13.079 -38.033
35.708 -15.681 -36.556
32.281 -16.507 -38.021
31.040 -17.131 -34.426
28.184 -19.333 -33.219
24.663 -18.039 -32.518
24.886 -18.925 -28.775
27.869 -16.572 -28.242
25.681 -13.464 -28.659
24.072 -11.819 -25.617
20.887 -9.719 -25.925
20.170 -7.140 -23.213
16.668 -5.665 -22.834
