-22.903 -5.824 -18.025
-20.302 -8.415 -18.875
-18.175 -10.964 -17.055
-17.836 -14.708 -16.423
-20.995 -16.522 -15.364
-19.075 -19.334 -13.676
-16.755 -18.870 -10.674
-15.052 -21.592 -8.618
-15.487 -21.552 -4.825
-12.829 -19.504 -2.981
-12.006 -17.632 -6.217
-12.947 -14.086 -7.179
-16.049 -12.945 -9.040
-15.446 -10.051 -11.474
-18.081 -8.120 -13.394
-18.005 -4.923 -15.407
-20.660 -2.389 -16.313
-20.045 -0.430 -19.511
-21.821 2.919 -19.606
-22.970 4.606 -22.793
-24.943 7.808 -23.317
-23.226 9.554 -20.420
-19.948 9.905 -18.529
-18.787 7.656 -15.695
-17.171 10.818 -14.278
-20.527 12.479 -13.603
-22.301 12.933 -10.258
-23.817 9.453 -9.851
-23.632 6.605 -7.377
-22.513 3.789 -9.662
-23.914 0.813 -7.812
-24.017 -2.987 -7.674
-27.046 -4.983 -6.515
-27.574 -8.730 -6.447
-30.431 -11.187 -6.251
-29.825 -14.717 -4.999
-32.267 -17.262 -6.475
-35.776 -16.831 -5.101
-34.637 -14.085 -2.796
-34.870 -10.325 -2.807
-32.658 -7.554 -4.105
-29.573 -6.921 -1.976
-27.424 -3.770 -2.061
-23.701 -4.454 -2.520
-22.245 -0.958 -2.733
-21.333 2.020 -4.899
-18.508 4.092 -6.224
-19.150 7.829 -6.622
-18.460 9.068 -10.148
-16.860 12.379 -9.223
-14.073 11.477 -6.814
-14.159 7.706 -6.624
-15.270 7.330 -3.011
-16.826 3.958 -2.191
-19.113 2.450 0.396
-20.174 -1.177 0.725
-22.652 -3.428 2.470
-20.979 -4.317 5.826
-22.144 -7.907 5.275
-19.684 -7.930 2.355
-17.308 -5.012 3.063
-14.487 -7.490 3.683
-14.781 -9.047 0.225
-16.000 -6.280 -2.085
-14.103 -3.884 -4.335
-15.790 -1.447 -6.692
-13.661 0.403 -9.231
-13.899 2.829 -12.154
-12.004 2.755 -15.447
-12.456 6.266 -16.911
-11.081 5.214 -20.271
-13.564 2.492 -21.358
-16.190 4.515 -19.454
-16.874 1.578 -17.105
-17.109 0.528 -13.501
-16.581 -2.910 -12.031
-17.229 -5.284 -9.172
-14.810 -7.729 -7.582
-16.062 -10.120 -4.917
-13.395 -12.329 -3.355
-13.470 -15.791 -1.738
-16.869 -16.687 -3.110
-19.081 -19.511 -1.921
-22.376 -20.966 -3.161
-24.042 -18.233 -1.071
-22.795 -15.763 -3.702
-24.648 -17.412 -6.585
-27.029 -14.697 -7.790
-28.057 -12.423 -10.622
-25.833 -9.338 -10.360
-27.093 -5.930 -11.514
-25.314 -2.635 -11.991
-27.402 0.536 -11.635
-27.123 4.310 -11.723
-27.932 6.063 -8.451
-29.310 9.508 -9.222
-29.731 12.299 -6.673
-30.667 15.905 -6.087
-30.034 16.643 -2.407
-28.910 13.492 -0.590
-29.624 14.696 2.949
-33.232 15.596 1.981
-34.259 12.984 -0.621
-31.507 10.331 -0.778
-31.134 8.859 -4.277
-32.733 6.285 -6.544
-31.808 3.837 -9.303
-33.107 5.083 -12.643
-31.072 2.985 -15.079
-30.188 -0.675 -14.629
-27.921 -3.208 -16.308
-29.524 -6.301 -17.838
-28.293 -8.547 -15.043
-25.714 -11.335 -15.188
-26.216 -14.723 -13.559
-23.068 -15.825 -11.752
-23.005 -19.424 -10.603
-20.486 -20.432 -7.961
-19.658 -24.072 -8.619
-16.748 -26.442 -9.034
-18.502 -28.028 -12.038
-16.806 -27.417 -15.397
-18.140 -25.617 -18.463
-19.919 -27.825 -20.966
-21.100 -26.819 -24.420
-24.441 -28.052 -25.756
-25.319 -30.722 -28.270
-27.956 -29.381 -30.681
-30.472 -31.677 -32.362
-33.115 -30.846 -34.950
-36.803 -31.321 -34.210
-38.214 -32.137 -37.643
-41.414 -30.361 -38.773
-44.721 -31.545 -37.409
-48.005 -30.166 -38.739
-50.571 -31.723 -36.439
-50.614 -29.219 -33.539
-50.539 -26.002 -35.576
-52.899 -23.995 -37.753
-53.928 -25.172 -41.195
-51.113 -24.585 -43.708
-48.387 -24.338 -41.037
-46.020 -26.738 -39.277
-43.856 -26.547 -36.135
-40.155 -27.291 -36.251
-37.413 -26.699 -33.714
-34.106 -27.570 -32.160
-33.251 -29.300 -28.892
-30.290 -27.804 -26.996
-29.027 -30.595 -24.789
-26.675 -30.812 -21.797
-24.934 -27.480 -21.313
-23.581 -25.708 -18.233
-23.827 -23.075 -16.970
-26.797 -21.016 -18.086
-27.640 -19.263 -20.316
-28.195 -20.295 -23.901
-29.827 -17.997 -26.458
-31.463 -19.084 -29.697
-32.313 -17.246 -32.887
-33.578 -18.464 -36.258
-32.008 -17.789 -39.651
-29.574 -15.302 -38.068
-32.366 -13.266 -36.489
-34.223 -12.842 -39.787
-36.972 -15.175 -38.600
-38.758 -13.844 -35.516
-42.493 -14.292 -35.982
-43.821 -17.531 -34.498
-40.641 -18.289 -32.547
-41.001 -19.703 -29.049
-37.909 -20.537 -27.025
-38.798 -22.390 -23.828
-37.149 -21.945 -20.430
-34.454 -24.493 -19.659
-34.929 -27.684 -17.674
-32.348 -28.742 -15.084
-31.389 -32.406 -15.139
-30.253 -34.556 -12.212
-26.847 -34.561 -13.928
-26.536 -30.851 -13.178
-26.707 -29.964 -16.883
-29.398 -27.848 -18.582
-31.470 -28.425 -21.705
-33.931 -26.233 -23.588
-35.922 -26.245 -26.829
-36.867 -23.596 -29.359
-39.687 -24.005 -31.856
-41.003 -21.936 -34.710
-44.229 -22.201 -36.666
-43.726 -21.823 -40.395
-45.840 -22.064 -43.544
-46.157 -25.670 -44.765
-45.744 -24.259 -48.269
-42.206 -23.118 -47.442
-40.959 -26.554 -46.357
-38.362 -28.094 -48.647
-37.618 -24.807 -50.407
-36.929 -22.440 -47.500
-34.020 -23.393 -45.250
-34.488 -23.201 -41.481
-31.462 -22.916 -39.221
-31.489 -22.447 -35.455
-28.579 -20.379 -34.176
-27.642 -21.535 -30.703
-25.307 -19.378 -28.628
-23.648 -20.567 -25.431
-21.317 -17.704 -24.537
-20.060 -19.440 -21.362
-18.381 -22.091 -23.544
-17.646 -19.695 -26.431
-19.663 -22.043 -28.631
-22.225 -21.390 -31.351
-24.098 -24.042 -33.301
-26.108 -23.378 -36.459
-28.284 -26.423 -36.923
-30.278 -26.954 -40.105
-33.721 -28.497 -39.538
-35.228 -30.663 -42.284
-37.812 -33.400 -42.766
-36.703 -36.811 -41.493
-35.446 -39.515 -43.887
