-3.206 20.315 5.098
-0.354 18.464 3.399
2.607 17.812 5.693
5.955 16.761 4.258
8.607 15.168 6.440
12.168 14.201 5.545
13.735 11.388 7.583
17.485 11.078 6.984
18.301 7.489 7.902
21.110 4.966 7.751
21.481 2.358 5.026
19.631 -0.908 5.799
16.392 0.670 7.059
14.938 0.947 3.517
12.370 -1.848 3.922
11.398 -0.862 7.459
10.670 2.773 6.627
8.644 1.958 3.521
6.260 0.041 5.810
6.545 2.297 8.860
6.001 5.512 6.921
2.809 4.156 5.396
1.570 2.927 8.774
2.302 6.204 10.529
0.721 8.304 7.797
-2.400 6.135 7.698
-3.036 6.245 11.441
-2.349 9.987 11.579
-4.851 10.679 8.810
-7.393 8.421 10.516
-7.435 10.709 13.571
-6.657 13.934 11.630
-8.690 13.538 8.426
-7.747 16.904 6.920
-4.021 16.020 7.082
-1.952 14.030 4.607
1.553 13.181 5.834
4.074 12.407 3.121
7.381 11.096 4.475
10.509 10.755 2.383
13.304 8.645 3.865
16.818 8.844 2.505
19.434 6.179 3.152
23.207 5.945 3.240
26.109 5.373 5.547
25.213 6.983 8.862
28.261 9.230 9.079
27.893 10.468 5.505
24.172 11.063 6.083
24.899 13.086 9.218
27.397 15.205 7.284
24.747 15.759 4.622
22.351 17.177 7.233
25.101 19.381 8.655
25.811 20.605 5.114
22.184 21.602 4.515
19.866 18.657 3.824
16.908 19.838 5.886
15.921 16.667 7.673
12.970 16.967 10.023
14.136 13.847 11.858
17.272 11.741 11.789
17.181 7.997 12.336
20.884 7.152 12.418
23.025 4.155 13.287
24.527 5.357 16.561
24.444 8.271 18.975
27.692 10.019 17.986
26.347 10.913 14.563
23.362 12.707 16.123
25.641 14.412 18.681
27.782 15.627 15.775
24.796 17.337 14.144
23.991 19.034 17.455
27.609 20.063 18.143
28.824 21.054 14.697
25.673 22.563 13.216
23.495 23.414 16.264
20.452 21.956 14.489
19.526 19.628 17.373
19.556 20.511 21.063
22.489 18.902 22.847
20.286 17.012 25.360
18.371 15.199 22.584
19.298 11.702 23.765
17.202 11.882 26.936
14.083 13.159 25.133
12.970 9.680 24.050
13.074 6.405 26.021
15.909 3.895 26.020
18.641 6.322 24.896
16.364 7.456 22.031
16.656 3.992 20.471
13.221 2.332 19.944
14.939 -0.833 18.726
18.396 -2.359 18.878
20.497 -4.722 16.863
23.871 -6.420 17.045
26.716 -7.612 14.832
26.782 -11.209 13.599
28.659 -13.083 10.907
27.036 -14.113 7.626
28.812 -17.010 5.883
28.136 -18.997 2.738
26.294 -22.331 2.571
28.086 -25.018 4.498
30.415 -22.560 6.275
33.337 -23.885 4.182
35.983 -21.885 6.067
34.654 -23.164 9.429
34.180 -19.685 10.853
32.740 -19.685 14.376
34.166 -16.724 16.278
36.339 -13.619 15.980
39.709 -15.479 15.839
38.631 -17.272 12.638
38.459 -13.940 10.807
42.250 -13.674 11.087
43.044 -17.051 9.518
44.921 -17.161 6.272
42.754 -17.087 3.184
39.632 -15.787 4.929
38.216 -12.715 3.174
36.105 -10.455 5.423
33.564 -7.938 4.151
32.924 -4.948 6.415
32.017 -1.344 5.470
34.075 1.837 5.810
34.232 3.281 9.372
34.652 6.787 7.932
31.164 6.731 6.364
29.163 3.831 7.851
27.768 3.364 11.351
27.581 -0.411 11.142
31.234 -0.349 10.120
32.009 1.316 13.440
29.884 -1.108 15.456
31.709 -3.944 13.675
35.115 -2.522 14.564
34.107 -1.866 18.164
32.791 -5.408 18.565
36.125 -6.777 17.311
38.031 -4.431 19.617
35.883 -5.397 22.614
36.581 -9.076 21.925
40.321 -8.441 21.752
40.177 -6.292 24.875
38.614 -9.215 26.698
41.042 -11.903 25.544
44.122 -9.663 26.026
42.965 -8.127 29.311
43.262 -4.613 27.921
46.815 -4.820 26.549
46.747 -2.132 23.862
49.719 -3.365 21.842
48.242 -6.844 21.599
44.816 -5.473 20.647
46.347 -3.349 17.908
48.183 -6.348 16.436
44.921 -8.335 16.466
43.068 -5.547 14.666
45.853 -5.336 12.076
45.550 -9.083 11.488
41.785 -8.705 11.022
42.076 -5.804 8.594
44.737 -7.592 6.523
41.797 -9.862 5.611
39.452 -7.014 4.618
39.821 -6.280 0.890
36.975 -3.748 0.369
35.305 -1.039 2.511
31.876 -0.045 1.175
30.419 3.357 1.971
27.237 2.023 3.556
26.245 -1.261 5.125
23.679 -2.110 2.450
26.576 -1.819 -0.023
28.614 -4.222 2.101
25.720 -6.668 2.311
25.276 -6.514 -1.458
29.020 -6.955 -2.083
28.884 -10.243 -0.165
25.417 -11.586 -1.035
24.998 -10.447 -4.640
28.508 -9.772 -5.972
30.183 -12.852 -4.539
33.024 -11.132 -2.695
34.306 -12.532 0.586
33.834 -15.551 2.791
32.193 -13.728 5.701
30.243 -10.510 6.146
30.391 -8.623 9.434
26.703 -7.850 9.315
24.031 -5.935 11.086
21.817 -8.725 12.423
18.860 -7.243 10.576
20.848 -7.419 7.293
21.900 -11.019 7.960
18.319 -12.067 8.698
16.988 -10.219 5.656
19.582 -11.839 3.391
18.765 -15.299 4.734
15.042 -14.753 4.246
15.339 -13.193 0.784
17.900 -15.594 -0.722
17.230 -18.663 1.426
18.727 -20.500 4.375
20.140 -22.674 1.572
22.628 -19.992 0.432
23.728 -18.190 3.620
24.134 -19.036 7.295
24.292 -16.812 10.349
27.131 -17.462 12.797
26.692 -15.859 16.209
30.123 -14.973 17.642
30.922 -15.548 21.301
30.784 -11.810 22.107
29.250 -8.925 20.234
28.053 -5.373 20.854
24.622 -3.923 21.553
24.053 -1.617 18.598
21.709 1.252 19.559
20.502 3.213 16.489
19.505 6.660 17.716
16.623 8.824 16.523
16.128 12.539 17.049
13.942 15.487 16.147
15.907 18.153 14.221
14.740 21.172 16.220
15.864 23.966 13.945
14.455 22.346 10.800
11.068 21.370 12.224
10.659 24.896 13.563
11.601 26.316 10.151
9.221 23.933 8.353
6.351 24.104 10.861
6.453 20.293 11.314
7.291 19.948 15.024
4.087 18.260 16.212
3.882 15.711 13.396
7.628 15.008 13.508
7.435 14.377 17.262
4.539 11.994 16.722
6.452 10.238 13.936
9.345 9.446 16.252
7.158 8.604 19.232
5.062 6.140 17.241
8.212 4.042 16.668
7.739 3.124 20.354
4.027 2.365 19.970
2.857 -1.246 19.611
2.661 -1.006 15.830
6.144 0.469 15.537
7.607 -2.244 17.776
5.776 -4.958 15.851
7.063 -3.599 12.524
10.601 -3.371 13.869
10.626 -7.078 14.697
9.010 -7.959 11.360
11.972 -6.199 9.691
14.498 -8.080 11.854
15.284 -5.395 14.449
15.063 -6.244 18.135
12.259 -4.148 19.675
12.661 -2.590 23.080
9.173 -3.969 23.846
8.929 -7.442 22.277
5.564 -8.080 23.931
4.018 -6.060 21.076
5.666 -8.096 18.308
4.648 -11.292 16.576
6.208 -14.112 18.664
7.467 -15.765 15.477
9.509 -12.652 14.723
10.934 -12.600 18.247
11.864 -16.277 17.945
14.255 -15.443 15.084
16.643 -13.589 17.395
19.299 -15.917 18.870
20.854 -15.624 22.266
24.021 -13.524 22.091
26.456 -12.253 24.726
26.730 -8.481 24.445
28.686 -5.544 25.792
27.409 -1.992 25.425
29.230 1.096 24.119
29.376 2.498 27.639
30.828 -0.673 29.139
33.430 -1.259 26.469
34.399 2.325 25.512
32.982 4.717 28.127
31.072 6.867 25.640
30.479 7.385 21.960
32.481 10.603 22.138
35.525 8.721 23.428
35.178 5.808 21.007
34.642 7.979 17.948
37.485 10.406 18.604
39.994 7.705 19.469
39.169 5.154 16.795
37.373 6.797 13.896
38.580 10.387 13.604
41.006 10.936 10.762
44.481 10.011 12.043
42.944 7.863 14.770
43.358 4.233 15.571
41.557 2.780 12.540
43.771 4.829 10.221
46.819 3.670 12.204
45.767 0.012 11.919
45.303 0.417 8.176
48.717 2.089 7.794
50.615 -0.356 10.035
49.060 -3.708 9.042
