38.181 41.992 -1.279
38.223 40.292 2.094
37.879 36.533 2.365
34.492 35.135 3.258
34.880 32.476 5.952
31.871 30.147 5.953
31.441 28.117 9.153
28.856 25.316 9.040
28.107 21.734 10.064
29.699 19.930 7.134
32.195 20.662 4.374
31.369 18.249 1.545
34.006 17.667 -1.121
32.826 18.486 -4.638
29.153 18.937 -3.816
27.057 20.060 -6.773
26.780 23.858 -6.982
24.914 24.237 -10.271
21.909 26.569 -9.833
19.425 23.660 -9.879
21.250 21.934 -7.006
20.373 22.051 -3.319
22.332 22.446 -0.111
24.371 25.149 1.550
27.107 24.811 -1.081
24.972 26.270 -3.867
24.013 29.124 -1.534
27.564 30.169 -0.644
29.930 28.874 -3.314
29.756 31.937 -5.586
30.747 34.138 -2.633
33.555 31.800 -1.560
34.875 31.647 -5.134
34.628 35.415 -5.618
36.481 36.244 -2.366
38.998 33.381 -2.384
37.499 32.356 0.931
37.538 29.416 3.326
34.803 26.926 4.235
35.488 25.579 7.727
33.727 22.668 9.379
33.460 18.920 9.875
34.814 16.522 7.252
32.169 13.902 8.091
34.728 11.542 9.674
35.096 10.211 13.210
38.630 10.244 14.630
40.081 8.596 17.716
41.657 11.709 19.250
40.950 15.355 18.345
42.636 16.634 15.203
45.567 18.857 16.136
44.775 21.332 13.338
42.380 21.396 10.378
43.283 19.739 7.101
43.710 22.164 4.210
42.455 21.392 0.697
42.286 23.874 -2.180
39.754 23.597 -5.003
40.245 26.397 -7.483
40.042 29.630 -5.505
38.372 28.182 -2.391
40.066 26.652 0.643
38.369 23.857 2.582
39.566 23.724 6.207
38.200 20.622 7.902
38.529 18.573 11.076
37.250 15.200 12.094
35.277 14.834 15.312
35.802 12.334 18.093
32.796 10.245 19.103
32.488 12.407 22.220
32.614 15.597 20.143
30.121 14.171 17.633
27.701 13.197 20.402
27.885 16.577 22.154
27.378 18.411 18.829
24.685 16.268 17.147
23.166 14.062 19.898
22.891 16.486 22.770
21.627 19.941 23.647
21.136 21.323 20.107
18.809 18.555 19.000
17.369 17.529 22.377
16.533 21.071 23.549
17.086 23.853 20.989
15.566 22.199 17.934
12.262 21.101 19.550
11.675 24.388 21.398
12.464 26.501 18.329
9.932 24.385 16.392
7.319 25.147 19.072
7.469 21.673 20.617
8.377 22.423 24.235
6.793 19.077 25.161
9.584 17.211 23.348
12.471 19.181 24.849
14.800 17.439 27.322
17.211 19.907 28.918
20.347 18.507 30.561
23.036 20.648 32.181
25.911 18.416 31.120
24.708 18.328 27.509
24.509 22.125 27.522
28.059 22.348 28.882
29.098 19.981 26.089
27.459 22.215 23.468
29.447 25.193 24.730
32.601 23.061 24.913
32.516 21.827 21.321
31.746 25.313 20.021
34.721 26.677 21.973
36.859 23.816 20.616
35.932 24.497 16.988
36.359 28.257 17.400
39.906 27.814 18.635
40.636 25.671 15.565
39.303 28.386 13.242
40.949 31.329 15.006
44.495 30.443 13.934
43.416 30.524 10.269
41.909 34.031 10.408
43.239 37.181 8.859
42.171 40.473 10.458
39.814 41.516 7.613
38.133 38.135 7.091
34.338 38.184 6.992
32.972 35.252 9.022
29.534 33.737 8.304
28.249 31.120 10.804
25.266 28.919 9.908
22.456 27.629 12.104
21.624 26.540 15.611
24.383 23.966 16.270
26.888 26.843 16.068
24.950 29.589 17.854
27.683 30.191 20.522
30.437 30.313 17.881
30.893 34.108 17.667
30.950 34.449 21.448
33.745 31.871 21.617
35.654 33.750 18.905
35.219 37.032 20.808
36.692 35.354 23.908
39.752 34.597 21.752
40.144 38.260 20.779
38.600 37.938 17.297
37.390 41.378 16.198
36.379 40.377 12.652
32.888 41.052 11.308
30.894 37.940 12.195
27.400 37.154 10.963
24.932 34.470 12.010
22.077 33.039 9.970
19.439 30.913 11.695
17.853 28.468 9.250
15.119 27.281 11.665
12.424 29.463 13.320
13.226 31.730 16.226
10.474 31.355 18.835
8.703 34.204 20.595
10.037 34.976 24.107
7.321 33.045 25.968
8.341 29.921 24.043
12.084 30.612 23.991
12.074 30.627 27.815
11.378 26.884 27.723
15.126 26.627 27.006
16.553 27.145 30.536
19.725 28.983 29.328
17.713 31.308 27.047
19.315 34.466 28.465
22.822 33.154 27.766
21.842 32.027 24.258
20.586 35.517 23.453
23.843 36.958 24.818
25.674 34.620 22.410
23.524 35.891 19.551
24.520 39.453 20.392
28.190 38.529 19.865
27.481 38.651 16.105
27.644 41.921 14.196
24.812 40.600 12.003
22.106 38.202 13.211
19.947 37.017 10.317
16.651 35.143 10.353
14.372 33.510 7.805
11.315 35.749 8.288
10.247 39.076 9.756
8.417 37.128 12.469
11.663 35.431 13.540
13.436 38.800 13.543
10.635 40.323 15.625
10.680 37.438 18.129
14.368 38.092 18.805
13.798 41.856 18.982
10.876 41.303 21.368
13.125 39.325 23.710
15.774 42.068 23.746
13.391 45.015 24.135
10.684 43.669 26.427
13.115 42.001 28.827
15.184 45.174 29.197
18.301 43.723 27.578
18.702 46.377 24.918
17.171 49.001 22.694
16.568 49.619 19.017
18.108 52.812 17.685
16.685 54.958 14.883
18.549 53.002 12.183
17.003 49.746 13.444
20.220 48.408 14.972
19.977 46.624 18.316
22.164 47.854 21.177
22.578 45.011 23.652
25.266 43.279 25.716
27.642 46.147 24.956
27.446 45.546 21.199
25.623 46.948 18.176
23.801 44.207 16.277
22.225 44.398 12.827
19.083 42.238 13.015
17.320 41.375 9.770
15.392 38.764 7.792
17.006 37.096 4.747
14.484 34.496 3.501
16.306 31.729 1.618
15.100 31.201 -1.940
15.899 28.941 -4.883
16.814 29.347 -8.557
13.359 28.775 -10.052
14.321 28.883 -13.739
17.096 26.345 -13.109
14.682 24.026 -11.281
12.143 24.221 -14.107
14.799 23.396 -16.702
16.019 20.448 -14.617
12.484 19.117 -14.179
11.939 19.170 -17.959
15.385 17.668 -18.589
14.451 14.695 -16.382
10.958 14.330 -17.853
11.892 11.240 -19.878
13.767 9.323 -17.155
12.551 5.770 -16.530
11.216 6.404 -12.966
9.120 9.326 -14.250
7.681 7.098 -16.975
7.239 4.357 -14.334
5.292 6.609 -11.967
3.139 7.997 -14.786
2.210 4.481 -15.913
1.550 3.397 -12.321
-0.869 6.311 -11.860
-2.946 5.302 -14.883
-4.373 8.769 -15.438
-5.054 9.430 -11.763
-4.229 12.819 -10.278
-1.062 12.973 -8.187
-0.494 14.728 -4.850
3.225 14.991 -4.009
4.658 15.360 -0.504
8.364 15.179 0.429
9.517 15.414 4.057
12.252 14.190 6.309
10.800 12.415 9.337
10.739 14.727 12.336
8.079 15.932 14.732
7.720 19.348 13.092
6.293 17.837 9.900
2.825 16.753 11.062
2.904 13.740 8.774
0.119 11.930 10.643
-2.060 14.990 10.086
-0.908 15.048 6.459
-2.156 11.504 5.867
-5.342 11.896 7.896
-6.450 14.980 5.983
-6.047 13.058 2.717
-8.137 10.276 4.256
-10.772 12.823 5.295
-10.890 14.256 1.782
-11.477 10.792 0.301
-14.275 10.193 2.819
-15.869 13.613 2.214
-15.566 13.523 -1.600
-15.816 9.830 -2.481
-15.751 10.626 -6.195
-12.018 11.132 -5.713
-11.570 7.503 -4.648
-9.583 5.727 -7.343
-8.936 9.039 -9.122
-6.066 10.508 -7.059
-3.068 9.140 -5.179
-0.820 10.640 -2.540
2.910 9.960 -2.902
4.785 10.681 0.344
8.564 10.507 -0.015
10.620 10.520 3.189
14.379 10.499 2.599
15.770 8.271 5.363
17.623 10.012 8.211
18.523 7.072 10.465
20.453 9.622 12.560
18.405 10.210 15.705
17.366 6.567 15.458
14.717 6.600 18.193
12.780 9.535 16.730
13.124 8.320 13.140
11.935 4.782 13.895
9.084 5.999 16.107
7.772 8.383 13.452
8.241 5.808 10.695
6.303 3.190 12.674
3.473 5.655 13.305
3.262 6.623 9.619
3.389 3.025 8.415
0.426 2.301 10.684
-1.490 5.319 9.371
-0.766 4.451 5.735
-1.726 0.849 6.470
-5.025 1.933 7.998
-5.906 4.419 5.243
-4.958 2.034 2.444
-6.922 -0.699 4.212
-9.936 1.614 4.271
-9.906 2.836 0.665
-7.691 0.644 -1.521
-9.025 -1.246 -4.520
-7.638 -3.937 -6.819
-5.666 -1.402 -8.842
-5.390 1.549 -6.451
-3.047 2.230 -3.524
-4.343 5.529 -2.017
-1.096 6.428 -0.190
2.284 5.418 -1.591
4.675 5.930 1.322
8.295 5.645 0.192
11.155 5.643 2.717
13.590 6.273 -0.115
16.119 8.771 -1.428
15.600 10.027 -4.998
17.855 12.184 -7.170
16.941 15.835 -6.747
16.146 16.399 -10.417
13.889 13.336 -10.425
11.894 14.869 -7.559
11.491 18.031 -9.629
10.153 15.937 -12.519
7.732 14.278 -10.076
6.648 17.726 -8.890
6.091 18.856 -12.460
3.939 15.772 -13.225
1.815 16.253 -10.128
-1.298 18.391 -9.742
-0.928 19.248 -6.021
2.086 19.922 -3.832
1.114 19.079 -0.267
3.496 20.917 2.063
1.905 21.452 5.477
4.480 21.092 8.282
3.404 22.076 11.779
6.368 24.477 11.909
9.197 25.201 9.458
11.773 27.976 9.257
11.171 28.257 5.514
10.552 24.972 3.607
12.380 24.826 0.291
10.247 21.929 -0.978
7.362 24.418 -1.242
9.482 26.727 -3.417
10.899 23.831 -5.460
7.361 22.567 -6.041
6.234 25.874 -7.576
9.434 26.289 -9.583
8.972 22.838 -11.137
5.522 23.505 -12.605
4.675 23.841 -16.270
3.048 27.308 -16.462
0.712 26.014 -19.191
-0.866 23.586 -16.678
0.577 24.304 -13.227
-0.024 22.436 -9.993
-1.495 23.950 -6.827
0.539 24.366 -3.645
-1.232 23.600 -0.362
0.976 25.223 2.263
1.038 25.428 6.062
0.715 28.937 7.479
3.469 27.976 9.956
6.069 27.487 7.218
8.316 30.489 6.699
7.651 30.319 2.954
3.980 31.204 3.574
5.022 34.847 3.988
6.092 34.832 0.318
4.004 32.209 -1.500
0.765 34.155 -1.311
-0.675 32.138 -4.214
-0.630 28.929 -2.190
-3.782 27.610 -0.594
-2.678 28.397 2.963
-3.943 26.075 5.693
-3.648 25.468 9.399
-2.431 21.842 9.685
-4.102 21.521 13.108
-7.416 21.805 11.234
-7.659 18.493 9.367
-10.971 19.436 7.774
-9.520 22.670 6.399
-6.617 20.674 4.957
-8.999 18.142 3.416
-11.088 20.945 1.891
-7.928 22.567 0.491
-6.848 19.299 -1.128
-10.273 18.928 -2.752
-10.207 22.546 -3.925
-6.664 22.152 -5.263
-7.524 19.006 -7.227
-10.512 20.641 -8.972
-9.129 24.177 -9.328
-9.827 25.697 -12.777
-6.784 26.336 -14.954
-7.211 30.117 -14.949
-7.019 30.309 -11.149
-4.188 27.769 -11.013
-2.215 29.957 -13.415
-2.979 33.169 -11.526
-1.757 31.606 -8.274
1.254 29.998 -9.937
2.406 33.222 -11.587
1.868 35.108 -8.329
4.150 32.640 -6.523
6.673 32.388 -9.363
7.089 36.173 -9.476
7.923 36.136 -5.759
10.434 33.311 -6.258
12.121 35.229 -9.065
12.334 38.443 -7.020
13.936 36.651 -4.053
16.057 33.973 -5.674
18.922 32.322 -3.806
21.378 35.036 -4.874
19.397 37.607 -2.860
20.106 35.737 0.396
23.786 35.407 -0.433
24.323 38.910 -1.812
22.389 40.868 0.828
23.906 39.003 3.771
27.457 39.378 2.441
26.760 43.063 1.735
25.666 43.577 5.337
28.908 41.972 6.549
30.834 44.312 4.271
28.866 47.246 5.705
30.031 46.290 9.206
33.636 46.368 7.984
33.166 49.729 6.262
31.602 51.332 9.345
34.419 50.101 11.593
36.859 51.584 9.073
35.059 54.944 9.241
35.214 55.271 13.034
38.783 53.905 13.065
40.020 57.082 11.334
39.207 60.780 11.546
42.190 62.217 9.656
42.409 63.390 6.074
42.350 61.011 3.104
42.827 61.416 -0.658
