-14.608 5.505 0.980
-15.793 9.004 1.840
-13.116 11.389 3.111
-14.115 13.213 6.304
-11.921 16.246 6.982
-11.937 17.484 10.599
-10.352 20.815 11.584
-11.101 23.723 13.853
-11.046 26.420 11.166
-13.294 25.679 8.181
-13.088 27.535 4.863
-15.596 30.412 4.572
-18.947 29.336 3.134
-11.460 36.377 2.557
-9.774 34.605 5.492
-6.056 34.429 6.238
-4.694 31.011 7.136
-2.999 28.250 5.155
-4.841 25.300 6.685
-8.183 26.422 5.250
-6.604 27.204 1.875
-4.688 23.954 1.549
-7.369 21.632 2.913
-9.989 23.110 0.582
-7.672 22.728 -2.436
-7.247 19.039 -1.517
-10.899 18.332 -0.700
-12.580 19.981 -3.698
-10.966 17.436 -6.029
-12.130 14.269 -4.270
-15.220 15.674 -2.577
-16.211 14.610 0.913
-17.174 16.167 4.220
-15.542 19.059 6.061
-16.493 19.080 9.756
-15.436 21.755 12.215
-16.075 25.076 13.905
-18.387 27.547 12.156
-16.346 30.477 13.458
-19.210 31.802 15.613
-19.299 32.059 19.408
-22.524 31.836 21.442
-23.272 33.817 24.607
-26.261 31.568 25.387
-28.357 28.776 23.950
-27.116 25.499 22.510
-24.908 24.981 19.433
-26.556 23.061 16.603
-24.757 21.403 13.710
-25.429 22.846 10.245
-25.053 20.477 7.280
-24.901 21.993 3.803
-23.769 20.771 0.371
-21.481 23.065 -1.651
-20.738 21.114 -4.820
-18.771 17.959 -3.989
-18.119 19.077 -0.377
-20.535 18.694 2.525
-19.857 21.270 5.243
-20.842 20.253 8.782
-20.146 23.135 11.143
-21.091 24.131 14.675
-20.634 27.145 16.926
-18.659 27.130 20.170
-20.037 28.210 23.519
-18.164 31.218 24.933
-16.705 29.098 27.723
-15.579 26.460 25.209
-14.107 29.122 22.921
-12.189 30.656 25.842
-10.800 27.395 27.248
-10.211 25.272 24.152
-9.322 27.806 21.452
-8.123 31.053 23.056
-6.830 29.064 26.037
-4.982 25.812 25.533
-4.766 25.842 21.719
-3.516 29.380 21.173
-2.074 30.387 24.560
-0.249 27.103 25.207
0.213 24.977 22.074
0.734 27.669 19.433
3.523 29.535 21.308
5.173 26.317 22.543
5.260 24.607 19.135
6.613 27.816 17.566
9.532 27.849 20.069
8.085 30.680 22.153
8.018 29.213 25.658
8.344 32.794 26.923
4.820 33.482 25.607
3.393 30.138 26.725
0.671 30.405 29.329
-0.812 27.320 30.943
-4.047 26.910 32.885
-5.169 23.481 34.097
-8.831 24.478 33.753
-8.285 25.523 30.140
-6.498 22.237 29.416
-9.469 20.312 30.843
-11.848 22.322 28.657
-9.621 21.665 25.638
-10.005 17.948 26.362
-13.746 18.332 26.980
-14.380 20.274 23.755
-12.532 17.625 21.729
-14.844 14.991 23.189
-17.942 17.143 22.558
-16.919 17.783 18.941
-16.251 14.084 18.421
-19.768 13.381 19.763
-21.199 15.782 17.190
-19.334 13.979 14.396
-20.288 10.392 15.344
-23.924 10.488 14.063
-22.706 11.665 10.646
-20.195 8.851 10.140
-20.513 5.791 7.922
-18.754 2.458 8.318
-16.313 3.027 5.445
-15.625 6.734 6.032
-11.942 7.667 6.327
-11.348 10.366 8.956
-8.518 12.890 8.569
-8.047 15.290 11.505
-6.022 18.499 11.004
-3.840 20.479 13.425
-3.012 21.205 17.037
-6.536 22.026 18.313
-7.583 18.429 17.752
-4.713 16.294 19.131
-7.133 14.376 21.470
-9.670 13.709 18.688
-8.792 10.115 17.747
-8.758 9.123 21.420
-12.233 10.631 21.860
-13.569 8.976 18.698
-12.283 5.552 19.745
-13.833 5.956 23.194
-17.131 6.692 21.395
-17.011 3.370 19.529
-15.607 4.668 16.238
-13.734 2.012 14.256
-12.946 3.970 11.060
-9.377 4.691 9.998
-8.257 7.982 11.590
-5.257 10.016 10.499
-3.793 13.256 11.850
-1.807 15.972 10.097
-0.009 18.697 12.081
0.242 21.909 10.045
2.497 23.720 12.548
6.043 22.585 13.477
6.526 19.712 15.872
8.989 21.197 18.383
12.187 19.602 19.616
11.403 17.261 22.501
13.237 19.545 24.969
10.994 22.438 23.930
7.817 20.318 24.102
8.645 19.506 27.758
7.607 23.086 28.606
3.975 22.093 27.906
3.068 20.564 31.300
0.647 17.937 29.831
3.132 16.954 27.083
2.832 13.249 27.952
-0.977 13.210 27.735
-0.791 15.039 24.398
1.696 12.622 22.861
-0.165 9.592 24.189
-3.348 10.969 22.605
-1.457 11.327 19.307
-0.719 7.604 19.450
-4.440 6.788 19.151
-4.279 7.859 15.505
-3.620 5.213 12.866
-1.244 7.553 11.004
0.524 10.779 12.014
1.637 13.254 9.363
4.053 16.122 9.942
5.166 18.851 7.531
8.905 18.096 7.289
11.601 15.580 8.195
12.787 17.615 11.240
9.202 17.662 12.557
9.033 13.879 12.321
12.495 13.574 13.885
11.389 15.730 16.841
8.327 13.534 17.378
10.470 10.381 17.301
13.008 11.980 19.645
10.242 12.495 22.225
8.918 8.941 21.733
12.362 7.392 22.259
13.810 9.715 24.908
10.742 10.893 26.867
8.063 8.200 26.296
10.333 5.111 26.467
8.957 3.994 23.090
10.471 3.067 19.744
10.457 4.385 16.187
11.465 2.021 13.389
11.922 2.564 9.637
9.887 0.572 7.131
10.143 -0.435 3.493
6.654 0.983 2.888
7.808 4.489 3.787
6.270 5.584 7.090
7.967 4.741 10.359
6.328 2.336 12.782
5.827 3.805 16.258
5.501 1.731 19.433
4.592 3.748 22.521
2.072 3.790 25.376
1.109 0.228 24.481
-0.026 1.333 21.018
1.281 0.716 17.498
0.913 3.297 14.731
2.663 4.888 11.749
4.242 8.303 11.224
5.747 10.162 8.258
6.358 13.587 6.714
4.034 15.009 4.030
4.867 18.622 3.057
1.707 20.485 2.084
1.873 22.095 -1.343
-0.109 24.334 -3.688
-1.431 24.277 -7.247
1.416 26.315 -8.761
0.149 26.592 -12.350
-3.297 27.537 -11.019
-1.737 30.350 -8.972
0.237 31.507 -12.014
-2.877 31.777 -14.179
-4.669 33.628 -11.366
-1.760 36.060 -10.980
-1.625 36.617 -14.727
-5.395 37.125 -14.971
-5.071 40.098 -12.619
-2.231 41.820 -14.468
-4.553 44.581 -15.778
-6.763 44.742 -12.677
-7.261 47.760 -10.438
-5.024 46.652 -7.505
-2.061 45.999 -9.813
-2.696 49.177 -11.815
-2.928 51.388 -8.721
0.090 49.683 -7.103
2.153 50.371 -10.234
1.064 54.020 -10.307
1.848 54.519 -6.603
5.351 53.050 -6.947
6.152 54.893 -10.208
9.116 52.642 -11.104
10.311 52.021 -7.531
10.962 48.365 -6.868
8.557 46.471 -4.624
9.346 44.238 -1.675
6.153 42.419 -0.690
5.125 40.449 2.401
1.799 38.855 3.388
1.455 37.487 6.943
-1.175 37.140 9.617
0.134 39.568 12.254
1.381 36.688 14.389
4.489 36.771 16.588
5.606 33.594 14.772
6.107 35.582 11.535
9.216 37.535 12.612
7.732 40.840 11.463
9.781 43.077 13.801
13.039 41.502 12.600
11.791 41.767 9.016
11.113 45.501 9.393
14.483 46.037 11.101
16.346 44.410 8.208
14.557 46.654 5.702
15.577 49.587 7.900
19.164 48.258 7.944
19.019 48.035 4.132
18.122 51.734 3.957
20.794 52.687 6.531
23.606 51.093 4.515
22.461 51.623 0.911
21.732 55.260 0.131
21.061 54.263 -3.485
18.031 52.257 -2.312
16.347 55.272 -0.685
13.307 56.490 -2.664
13.954 53.580 -5.086
12.119 50.765 -3.256
9.074 50.380 -1.024
8.081 47.543 1.305
4.427 46.471 1.217
3.520 44.485 4.367
-0.027 43.164 4.287
-0.608 42.001 7.872
-4.224 41.006 8.496
-5.640 40.801 12.027
-5.473 37.389 13.629
-6.683 36.198 17.048
-7.161 39.835 18.020
-8.909 39.164 21.354
-5.626 37.815 22.772
-3.229 40.104 24.636
-0.173 38.499 23.030
-1.496 39.311 19.567
-2.351 42.856 20.650
1.227 43.165 21.951
2.977 42.085 18.748
0.685 44.395 16.781
1.687 47.357 18.959
5.370 46.523 18.633
5.174 46.265 14.832
3.221 49.490 14.447
5.883 51.369 16.408
8.531 49.849 14.113
6.736 51.098 11.010
6.442 54.578 12.546
10.125 54.770 13.461
11.398 53.527 10.104
9.039 55.668 8.047
9.896 58.696 10.174
13.632 58.232 9.684
13.679 57.668 5.926
10.479 59.093 4.390
10.493 61.977 1.927
7.587 64.164 0.815
6.981 61.687 -2.033
8.153 58.416 -0.451
6.697 56.215 2.273
9.249 53.399 2.814
6.915 50.855 4.508
3.288 50.476 3.365
1.746 48.689 6.339
-1.850 47.521 5.904
-3.639 45.737 8.758
-6.375 44.140 6.622
-7.161 40.898 4.789
-7.164 40.657 0.995
-8.633 38.228 -1.484
-6.163 35.505 -2.384
-6.724 36.286 -6.072
-5.644 39.900 -5.480
-2.555 38.798 -3.521
-1.514 36.511 -6.383
-1.815 39.362 -8.899
0.286 41.620 -6.638
2.896 38.914 -5.977
3.588 38.902 -9.735
4.532 42.610 -9.609
6.861 42.298 -6.578
10.613 42.184 -7.266
11.118 40.514 -3.876
8.907 38.127 -1.924
9.908 38.651 1.698
8.935 35.641 3.859
10.951 35.424 7.105
8.942 33.684 9.862
10.776 32.823 13.070
9.073 29.401 12.864
6.523 28.175 10.337
5.197 24.698 9.647
5.338 25.316 5.903
4.341 28.845 4.764
2.047 28.743 1.734
2.722 32.418 0.955
6.282 31.497 -0.027
5.002 28.858 -2.468
2.303 31.221 -3.770
4.806 34.056 -4.308
7.024 31.836 -6.452
4.032 30.385 -8.336
2.683 33.848 -9.209
5.853 35.006 -10.980
6.079 35.745 -14.675
8.732 33.248 -15.864
9.931 35.855 -18.382
10.790 38.232 -15.502
10.432 36.543 -12.087
11.059 38.089 -8.698
13.222 36.619 -5.932
12.067 34.815 -2.783
13.863 35.708 0.461
12.961 32.876 2.830
13.546 32.032 6.490
15.425 28.765 7.030
12.810 28.075 9.734
9.900 27.992 7.303
9.063 24.394 6.410
9.065 25.429 2.743
12.839 26.040 2.998
13.387 22.267 3.040
12.327 22.094 -0.628
12.649 25.599 -2.170
16.306 25.553 -3.210
16.048 28.634 -5.421
15.199 30.950 -2.548
17.694 33.159 -0.735
17.662 31.414 2.659
18.163 33.667 5.683
18.223 33.436 9.444
15.690 36.059 10.644
17.705 36.753 13.842
20.563 38.013 11.626
19.459 41.532 10.749
22.511 42.183 8.557
22.075 38.845 6.795
18.473 39.625 5.943
19.376 43.115 4.696
22.147 41.641 2.543
19.618 39.172 1.136
17.271 42.061 0.270
20.072 43.820 -1.607
21.068 40.612 -3.390
17.432 39.931 -4.367
16.816 43.463 -5.659
19.926 43.418 -7.866
19.890 39.767 -8.972
20.326 39.461 -12.771
17.530 38.027 -14.909
19.248 34.765 -15.890
19.772 33.774 -12.256
16.280 34.896 -11.203
14.897 32.678 -13.981
17.061 29.662 -13.102
15.926 29.826 -9.460
12.267 30.257 -10.410
12.460 27.382 -12.898
13.907 24.979 -10.327
11.314 25.922 -7.731
8.405 25.553 -10.169
9.548 22.003 -10.951
9.570 21.238 -7.211
6.168 22.843 -6.606
4.641 21.041 -9.612
5.908 17.578 -8.702
4.891 18.035 -5.063
1.551 19.792 -5.428
-1.385 19.657 -3.028
-3.097 16.775 -4.907
0.028 14.611 -4.545
0.209 15.470 -0.834
-3.393 14.399 -0.276
-2.964 11.194 -2.303
0.231 10.269 -0.434
-1.313 10.693 3.015
-4.526 8.893 2.052
-2.574 6.030 0.467
-0.642 5.512 3.701
-3.744 5.900 5.884
-5.693 3.238 3.991
-2.686 0.901 3.739
