-0.225 20.882 62.991
-1.611 17.722 61.438
-0.831 14.523 63.382
0.625 11.655 61.340
1.454 9.115 64.025
-1.458 6.728 63.204
-1.654 7.033 59.446
1.684 7.734 57.960
3.026 4.203 58.571
0.368 2.275 56.570
0.827 4.654 53.653
4.593 4.327 53.772
4.335 0.593 53.968
2.265 0.569 50.842
4.944 2.643 48.990
7.559 0.176 50.158
5.721 -2.661 48.412
5.460 -0.941 45.049
7.099 -2.968 42.328
6.397 -0.729 39.358
6.316 2.919 38.502
2.526 2.696 38.223
2.239 1.237 41.719
4.736 3.682 43.107
2.974 6.734 41.758
-0.462 5.457 42.731
0.843 4.850 46.210
2.432 8.299 46.244
-0.851 10.081 45.624
-2.570 8.092 48.385
0.281 8.824 50.761
0.262 12.550 50.109
-3.604 12.742 50.270
-3.475 10.922 53.552
-0.784 13.152 55.044
-2.092 16.432 53.745
-5.869 16.243 53.288
-6.007 17.952 49.917
-9.112 17.370 47.810
-7.057 16.058 44.805
-3.503 14.718 44.658
-1.660 13.935 41.397
1.735 12.803 40.122
2.397 15.104 37.203
5.074 13.342 35.164
7.019 14.797 32.267
7.101 12.436 29.326
9.921 11.951 26.831
8.855 15.089 24.994
8.510 17.213 28.101
4.735 17.153 28.019
3.032 16.992 31.360
0.938 13.938 32.089
-1.329 13.441 35.049
0.047 10.000 35.571
-1.614 9.154 38.954
-4.473 10.795 40.754
-6.700 10.404 43.697
-9.471 12.696 44.853
-12.391 12.898 47.187
-15.446 11.240 45.705
-17.484 13.322 43.303
-14.708 15.592 42.119
-13.412 15.725 38.547
-10.645 13.190 37.581
-7.766 14.816 35.827
-6.135 11.339 35.480
-4.783 10.995 31.973
-4.864 14.614 31.064
-1.758 15.640 29.028
-0.483 19.165 28.740
2.113 21.108 26.701
5.619 21.338 28.026
5.353 25.116 28.274
2.589 24.900 30.977
5.578 24.438 33.271
8.397 26.509 31.704
12.019 25.378 32.047
12.788 28.383 34.185
10.135 27.310 36.630
11.317 23.709 36.550
14.857 24.904 37.338
13.589 26.862 40.325
11.634 23.835 41.524
14.759 21.690 41.576
16.063 24.023 44.240
12.876 25.151 45.943
11.186 21.822 46.323
7.842 22.740 48.014
5.412 25.485 47.077
2.240 26.270 48.928
-0.406 28.537 47.403
-2.915 29.203 50.222
-5.572 31.053 48.256
-5.332 31.491 44.413
-7.296 34.735 44.689
-4.921 36.508 47.069
-3.998 40.116 46.914
-0.167 40.247 46.715
1.532 42.020 49.558
4.260 44.220 48.073
7.697 44.506 49.506
8.729 47.803 50.949
10.764 49.118 49.368
10.530 47.182 46.116
14.233 47.366 45.304
16.725 46.083 47.804
18.559 48.968 49.376
21.640 46.900 49.228
21.611 46.219 45.478
19.231 48.645 43.812
17.685 45.583 42.155
14.671 43.350 42.820
15.026 40.998 45.744
15.866 37.410 44.812
12.879 35.561 46.192
13.862 32.125 44.881
14.111 30.709 48.348
11.010 32.354 49.835
8.134 30.120 50.741
5.838 33.147 50.782
6.785 34.261 47.265
3.888 35.523 45.025
3.349 33.284 42.047
2.994 33.942 38.327
-0.329 35.497 37.386
-0.498 33.207 34.368
-0.402 30.185 36.642
-2.913 31.772 39.049
-5.210 32.398 36.117
-4.847 28.811 34.985
-5.949 27.602 38.435
-8.786 30.122 38.589
-10.125 28.999 35.248
-10.094 25.349 36.684
-11.876 26.542 39.834
-9.035 25.453 42.093
-8.588 27.503 45.203
-5.369 26.287 46.825
-2.425 24.083 45.932
0.569 22.239 47.364
3.272 21.083 44.974
6.376 19.045 45.728
9.209 18.410 43.357
10.319 14.981 42.298
14.026 15.484 41.393
15.876 12.745 39.538
19.342 13.347 38.011
19.275 16.962 39.022
16.220 17.540 36.757
12.536 17.788 37.540
11.145 14.352 36.782
7.652 15.451 37.767
5.717 16.920 40.712
3.258 15.860 43.365
0.528 18.405 42.700
-2.400 18.881 45.103
-5.572 20.880 44.686
-8.076 22.161 47.230
-11.377 23.855 46.597
-11.038 26.002 49.695
-8.044 27.848 51.109
-5.456 25.617 52.622
-2.066 25.971 54.376
0.364 23.401 55.592
2.906 24.500 58.122
6.712 24.175 58.183
7.149 20.703 59.525
4.745 19.059 57.154
6.297 20.922 54.232
9.632 19.460 55.270
8.171 16.007 55.654
6.590 16.267 52.234
9.927 17.414 50.687
11.661 14.416 52.207
9.028 11.861 51.221
9.271 13.106 47.719
13.083 12.680 47.754
12.669 9.123 48.958
10.162 8.394 46.247
12.514 9.984 43.686
15.226 7.538 44.721
12.873 4.700 43.909
11.904 6.131 40.564
15.326 6.636 39.845
15.965 2.939 40.420
12.823 1.828 38.455
14.114 3.459 35.216
