-8.905 -66.393 27.179
-5.509 -64.914 26.212
-3.089 -67.551 24.847
0.248 -65.926 24.001
1.253 -69.010 22.004
-1.907 -68.923 19.899
-1.210 -65.233 19.233
2.421 -65.800 18.211
1.406 -68.628 15.868
-0.430 -66.026 13.751
2.780 -64.080 12.945
4.967 -65.982 10.457
7.936 -63.601 10.710
8.337 -64.592 14.366
9.910 -67.884 13.185
12.613 -65.935 11.332
16.246 -66.189 12.442
18.679 -63.257 12.581
22.476 -63.734 12.672
21.768 -67.376 13.500
19.477 -66.451 16.418
15.773 -66.460 17.161
14.347 -63.100 16.211
13.463 -61.056 19.293
11.603 -58.148 17.707
11.398 -55.232 20.170
11.261 -52.327 17.702
7.478 -52.249 17.471
7.241 -48.468 17.961
9.071 -48.228 14.630
6.692 -50.659 12.929
4.706 -53.728 13.911
4.729 -57.251 12.477
1.666 -58.640 10.708
-0.731 -61.504 11.499
-1.745 -64.041 8.869
-5.349 -62.802 8.652
-4.136 -59.377 7.490
-1.798 -60.891 4.873
-4.612 -63.205 3.721
-6.877 -60.163 3.283
-4.342 -58.482 0.993
-3.815 -61.633 -1.061
-7.520 -62.535 -1.225
-8.341 -59.031 -2.470
-5.847 -59.185 -5.338
-6.670 -62.760 -6.311
-10.467 -62.374 -6.269
-11.873 -58.842 -6.124
-9.381 -56.322 -7.518
-11.039 -53.524 -9.551
-11.319 -49.779 -9.256
-13.882 -48.465 -6.808
-16.912 -46.137 -6.650
-16.986 -45.083 -10.320
-17.551 -48.523 -11.894
-20.657 -50.509 -12.797
-19.356 -54.069 -13.305
-19.410 -56.718 -10.592
-15.785 -56.712 -9.404
-15.890 -52.926 -9.081
-19.080 -53.208 -6.995
-17.573 -55.860 -4.728
-14.274 -53.982 -4.350
-16.178 -50.792 -3.464
-18.342 -52.552 -0.872
-15.337 -54.225 0.766
-13.525 -50.900 1.145
-16.666 -49.320 2.624
-17.029 -52.286 4.989
-13.450 -51.564 6.084
-14.287 -47.904 6.671
-17.119 -48.970 8.980
-14.810 -51.312 10.896
-12.438 -48.403 11.564
-15.413 -46.168 12.455
-16.558 -48.614 15.148
-12.936 -49.140 16.241
-12.510 -45.448 17.186
-16.242 -44.935 17.978
-16.677 -42.275 15.318
-20.331 -41.287 15.065
-20.390 -41.439 11.252
-18.634 -43.585 8.681
-18.068 -40.462 6.586
-15.898 -38.977 9.359
-13.326 -41.750 8.717
-10.902 -40.785 5.929
-8.399 -43.217 4.402
-4.904 -41.766 4.039
-1.463 -43.207 3.333
-0.097 -42.618 6.847
-0.127 -40.312 9.849
2.125 -37.819 8.069
-0.379 -37.529 5.200
-3.235 -36.881 7.636
-1.203 -34.134 9.304
-0.359 -32.475 5.975
-3.981 -32.746 4.856
-5.153 -30.717 7.854
-2.218 -28.297 7.808
-2.832 -27.391 4.166
-6.618 -27.185 4.531
-6.301 -24.837 7.550
-4.436 -22.264 5.423
-7.641 -20.358 4.624
-8.853 -20.264 8.250
-5.629 -18.722 9.646
-5.120 -14.942 9.482
-2.139 -12.644 9.914
-1.497 -13.003 13.657
-3.288 -16.171 14.764
-1.434 -18.806 16.781
-0.779 -22.550 16.410
0.283 -24.618 19.439
2.095 -27.941 19.011
3.737 -30.377 21.392
7.539 -30.906 21.539
9.835 -34.859 12.949
6.519 -33.962 11.283
6.561 -30.426 12.773
7.275 -28.984 9.295
3.609 -28.853 8.103
2.742 -26.606 11.025
5.962 -24.629 10.581
5.091 -24.319 6.885
1.486 -23.348 7.661
2.824 -20.519 9.830
5.142 -19.535 6.961
2.206 -19.249 4.538
-0.086 -17.372 6.906
1.175 -14.714 9.267
0.728 -17.142 12.137
3.076 -17.619 15.095
4.026 -21.204 15.985
4.287 -22.040 19.694
5.719 -25.250 21.135
4.719 -26.783 24.451
7.984 -27.409 26.350
9.031 -30.771 27.722
10.088 -31.161 31.348
13.222 -33.071 32.356
11.271 -36.304 32.971
9.889 -36.249 29.413
6.383 -34.993 30.285
4.691 -31.978 28.691
4.584 -28.650 30.547
0.892 -28.307 29.768
0.212 -25.536 32.274
1.769 -23.155 29.742
-1.594 -23.394 27.929
-3.122 -21.408 30.807
-1.191 -18.358 29.539
-0.989 -19.093 25.778
-4.624 -19.919 24.953
-6.620 -16.949 23.652
-8.893 -15.802 20.824
-5.736 -16.025 18.691
-5.386 -19.812 19.135
-6.741 -21.549 16.042
-5.202 -25.025 16.228
-3.614 -27.158 18.931
-1.838 -30.350 17.908
-0.650 -32.902 20.469
0.637 -36.462 20.179
-1.301 -38.793 22.469
1.759 -41.003 23.086
5.348 -39.873 22.593
7.215 -42.061 20.106
10.685 -41.777 21.679
9.786 -42.470 25.320
6.246 -43.859 25.083
4.924 -41.274 27.540
1.130 -41.068 27.622
0.309 -37.375 27.450
-2.666 -36.046 29.449
-4.925 -35.582 26.420
-8.200 -35.234 28.354
-6.836 -32.475 30.583
-5.299 -30.707 27.563
-8.549 -30.824 25.555
-10.529 -29.571 28.557
-8.121 -26.626 28.850
-8.241 -25.915 25.106
-12.071 -26.000 24.999
-12.405 -23.770 28.070
-9.989 -21.026 26.999
-10.051 -20.983 23.185
-12.000 -21.758 20.021
-9.037 -23.690 18.579
-9.361 -26.905 16.622
-7.777 -29.875 18.400
-5.609 -32.283 16.375
-4.576 -35.502 18.140
-1.785 -37.622 16.630
-2.692 -41.111 17.854
-0.143 -43.051 15.787
1.510 -44.473 18.909
-1.786 -44.728 20.803
-4.028 -46.720 18.447
-1.932 -49.964 18.644
-1.995 -49.977 22.444
-5.291 -48.926 24.030
-8.891 -48.267 23.145
-9.793 -45.022 21.360
-13.192 -43.295 21.704
-13.087 -40.063 19.713
-16.601 -39.125 20.882
-15.659 -39.086 24.558
-12.192 -37.745 23.691
-13.824 -34.780 21.913
-10.878 -34.319 19.554
-11.593 -32.475 16.318
-9.107 -34.669 14.405
-7.508 -38.021 15.225
-4.797 -39.523 13.000
-2.983 -42.868 13.063
-0.977 -45.291 10.930
-1.852 -48.814 9.858
1.707 -50.111 9.889
2.036 -49.520 13.662
-1.100 -51.474 14.437
-0.639 -54.797 12.627
-1.659 -53.426 9.201
0.177 -52.888 5.908
2.514 -50.047 5.080
1.059 -47.204 3.053
-2.118 -46.940 5.157
-3.525 -44.602 7.729
-6.670 -42.945 8.953
-7.676 -39.347 9.532
-10.854 -38.975 11.581
-12.501 -35.585 11.812
-15.741 -34.305 13.341
-18.168 -33.816 10.460
-18.874 -30.285 11.691
-15.142 -29.492 11.444
-14.407 -31.280 8.162
-17.240 -29.269 6.585
-15.366 -26.059 7.467
-12.232 -27.084 5.524
-11.658 -27.192 1.749
-17.801 -36.372 2.558
-15.693 -38.473 2.790
-14.905 -38.327 -0.928
-13.960 -34.621 -0.814
-10.766 -35.532 1.082
-9.841 -38.720 -0.850
-8.334 -37.822 -4.240
-6.909 -40.153 -6.869
-7.196 -43.905 -6.795
-7.386 -45.045 -3.152
-5.078 -47.709 -1.780
-7.965 -50.180 -1.967
-6.064 -53.261 -0.786
-4.412 -51.403 2.078
-7.717 -49.888 3.230
-9.367 -53.322 3.201
-6.414 -54.766 5.109
-6.370 -52.050 7.800
-9.956 -53.150 8.474
-8.606 -56.683 8.886
-6.008 -55.345 11.326
-8.912 -53.844 13.288
-10.548 -57.291 13.183
-7.355 -58.830 14.591
-7.237 -56.416 17.507
-10.954 -56.899 18.228
-10.445 -60.670 18.056
-7.593 -60.554 20.566
-9.325 -58.007 22.765
-8.167 -54.443 23.286
-8.221 -54.721 27.067
-6.228 -57.962 26.771
-3.630 -56.216 24.621
-3.309 -53.333 27.068
-3.022 -55.704 30.044
-0.429 -57.972 28.449
1.664 -55.022 27.247
1.477 -53.264 30.596
2.792 -56.445 32.236
5.608 -56.713 29.669
6.583 -53.104 30.343
6.613 -53.425 34.134
8.621 -56.661 33.954
11.180 -55.277 31.495
11.693 -52.039 33.429
12.091 -54.055 36.630
14.624 -56.474 35.173
16.559 -53.740 33.355
16.890 -51.584 36.473
18.659 -54.480 38.199
21.585 -53.926 35.820
24.032 -51.653 37.641
24.309 -48.182 36.130
21.324 -48.530 33.774
18.966 -45.529 33.762
15.370 -45.592 32.478
14.063 -42.346 30.991
10.585 -41.352 32.104
10.829 -44.140 34.673
8.064 -42.835 36.899
5.851 -41.764 33.980
2.746 -43.494 32.650
3.962 -45.097 29.422
2.615 -47.227 26.582
4.788 -50.089 25.391
8.224 -48.407 25.460
11.256 -48.807 27.762
14.027 -46.346 26.910
17.360 -46.684 28.678
21.071 -45.932 28.563
24.051 -47.709 30.094
26.223 -45.662 32.427
29.641 -45.879 30.764
28.590 -46.535 27.141
28.185 -43.501 24.895
27.335 -44.706 21.396
24.043 -46.478 22.068
24.509 -48.066 18.639
27.422 -50.038 20.117
24.885 -51.717 22.393
22.388 -51.988 19.544
24.866 -53.817 17.326
25.751 -56.347 20.036
22.018 -56.880 20.654
21.383 -57.376 16.929
24.085 -60.047 16.775
22.118 -61.789 19.556
18.971 -61.608 17.410
17.455 -58.709 19.395
15.987 -55.784 17.413
15.748 -52.464 19.298
16.063 -48.809 18.294
19.376 -46.983 18.798
22.088 -41.844 22.635
19.652 -44.270 24.271
18.314 -47.786 23.639
14.557 -48.106 22.973
12.826 -51.455 23.459
9.158 -51.411 22.460
6.500 -54.087 22.814
3.610 -55.474 20.778
1.048 -58.145 21.614
3.195 -61.094 20.482
6.184 -60.325 22.725
6.869 -62.553 25.732
8.441 -62.424 29.172
10.961 -64.984 27.895
11.964 -62.454 25.236
12.505 -59.771 27.890
14.901 -62.093 29.742
16.806 -62.541 26.472
16.960 -58.744 26.190
18.146 -58.279 29.769
20.867 -60.935 29.515
21.867 -59.399 26.185
22.236 -55.952 27.741
24.390 -57.304 30.583
26.572 -59.108 28.031
26.914 -55.942 25.929
28.124 -53.806 28.827
30.906 -56.204 29.811
31.781 -56.718 26.140
32.144 -52.935 25.857
34.036 -52.460 29.141
