30.403 -19.858 74.289
33.842 -19.836 72.600
35.003 -20.013 68.987
35.847 -23.503 67.742
39.373 -22.253 66.867
39.866 -22.560 70.646
39.255 -26.288 71.095
39.277 -27.743 67.604
42.742 -28.440 66.257
43.381 -28.054 62.531
45.344 -30.669 60.657
46.965 -30.604 57.262
44.695 -33.244 55.799
42.095 -32.389 53.150
39.620 -34.329 51.126
37.452 -33.404 48.150
33.901 -34.685 47.872
31.073 -34.172 45.431
27.742 -35.406 44.180
27.943 -36.640 40.600
25.177 -34.409 39.232
21.784 -34.065 40.865
18.697 -34.020 38.648
15.079 -33.118 39.346
12.097 -33.191 37.033
8.415 -32.646 37.559
5.449 -30.342 37.168
6.023 -26.684 38.098
2.718 -26.012 39.856
1.466 -29.209 41.471
2.198 -32.892 41.798
0.626 -35.252 39.279
-0.933 -38.262 40.957
-3.509 -40.967 40.309
-6.888 -39.372 41.268
-8.408 -42.132 43.488
-4.987 -42.970 44.831
-2.547 -40.697 46.740
0.785 -42.050 45.427
2.814 -39.322 43.687
3.161 -40.071 39.978
5.082 -36.902 39.044
6.407 -34.640 41.818
6.190 -30.862 41.984
9.506 -29.465 40.780
9.683 -25.655 40.660
12.442 -23.118 40.466
10.656 -21.389 43.334
11.324 -24.206 45.777
13.811 -24.380 48.615
16.389 -27.108 48.085
17.698 -28.439 51.369
20.505 -30.964 50.980
21.302 -33.113 54.008
24.948 -34.002 53.422
26.242 -37.138 55.091
29.970 -37.356 55.659
31.962 -40.436 56.612
32.740 -40.546 60.339
36.467 -39.650 60.387
36.910 -41.857 63.470
35.651 -44.917 61.591
37.482 -43.815 58.439
40.426 -45.599 56.817
43.245 -43.045 56.591
46.532 -44.345 55.157
48.344 -42.996 58.237
46.883 -42.555 61.736
49.956 -41.155 63.513
48.815 -37.522 63.357
46.613 -38.102 66.395
45.928 -40.255 69.435
42.679 -42.273 69.255
42.838 -42.549 73.082
42.945 -38.926 74.160
41.344 -37.425 71.040
38.591 -37.561 68.394
38.082 -36.427 64.778
35.674 -33.957 63.054
35.440 -32.739 59.479
35.665 -29.005 58.810
34.073 -27.633 55.675
36.476 -25.173 54.112
35.334 -24.860 50.488
31.972 -25.173 48.681
30.804 -24.900 45.088
27.136 -25.134 44.297
27.211 -26.100 40.657
24.141 -25.192 38.660
23.146 -26.798 35.409
20.521 -25.358 33.097
20.409 -22.179 30.967
19.420 -18.937 32.716
15.693 -18.327 32.313
12.467 -17.164 33.989
9.348 -19.205 34.762
5.757 -18.088 35.134
2.882 -18.786 37.528
-0.809 -18.076 37.370
-4.281 -19.139 38.492
-7.273 -19.866 36.171
-9.481 -18.122 38.695
-7.247 -15.588 40.420
-9.180 -13.039 42.501
-8.841 -9.896 40.410
-11.689 -7.375 40.239
-10.584 -4.416 38.127
-7.318 -2.935 36.907
-6.727 -0.099 39.381
-3.524 1.263 37.829
-5.413 3.501 35.412
-9.201 3.693 34.833
-11.289 5.962 32.589
-14.704 4.955 33.944
-15.842 3.721 37.357
-15.803 -0.081 37.202
-19.027 -2.095 36.941
-20.255 -4.056 39.949
-18.850 -7.144 41.649
-21.431 -9.761 40.728
-20.791 -13.413 41.354
-17.313 -14.687 40.506
-15.290 -11.970 38.721
-12.152 -14.071 38.892
-9.719 -14.109 35.931
-7.115 -16.421 34.459
-3.957 -14.479 35.385
-0.213 -15.185 35.470
2.932 -13.408 36.726
6.723 -13.657 36.669
7.683 -14.055 40.300
10.178 -12.130 42.423
13.800 -13.147 41.750
15.700 -14.862 44.554
19.197 -16.315 44.976
20.337 -17.625 48.317
22.655 -20.161 49.860
22.711 -21.289 53.512
25.531 -23.459 54.883
25.577 -24.924 58.371
25.543 -28.099 60.412
21.896 -27.772 61.516
18.762 -27.490 59.387
17.914 -23.913 58.317
15.092 -22.109 60.135
12.407 -20.057 58.375
9.774 -17.508 59.338
6.257 -17.077 57.989
2.930 -15.490 59.035
0.224 -17.971 59.973
-3.115 -18.059 61.760
-2.577 -17.229 65.420
-4.559 -18.645 68.330
-7.906 -16.961 69.060
-8.510 -14.909 72.178
-11.391 -16.589 74.003
-12.730 -13.164 75.071
-14.737 -11.459 72.325
-15.587 -14.634 70.344
-15.560 -14.794 66.517
-18.351 -13.986 64.021
-17.919 -16.222 60.900
-15.740 -14.333 58.459
-13.838 -12.346 61.043
-10.198 -11.592 60.240
-7.871 -14.369 61.413
-5.157 -13.216 63.853
-1.505 -13.324 62.722
1.482 -14.990 64.361
5.082 -15.114 63.188
5.818 -18.800 63.020
9.298 -20.321 63.135
9.708 -23.587 61.255
12.350 -25.874 59.784
12.857 -25.119 56.100
12.311 -28.492 54.504
13.217 -29.553 50.991
10.464 -28.508 48.595
9.204 -25.700 50.776
8.309 -22.540 48.803
10.147 -19.217 48.742
8.278 -15.960 49.079
7.406 -14.968 45.548
5.983 -11.484 45.867
3.141 -11.964 48.316
5.317 -12.426 51.399
6.117 -15.301 53.748
2.763 -16.675 54.958
0.521 -19.746 55.172
-1.753 -19.235 52.185
-3.893 -22.224 53.105
-4.915 -21.074 56.587
-4.884 -17.354 55.811
-6.840 -17.344 52.549
-10.026 -19.410 52.351
-10.363 -18.082 48.820
-7.866 -20.551 47.362
-7.703 -17.983 44.564
-5.643 -15.007 45.829
-2.285 -16.299 44.552
-1.164 -18.709 41.749
-1.644 -22.500 41.859
1.940 -23.163 42.848
1.788 -21.335 46.171
-1.947 -21.240 46.547
-2.040 -24.067 49.118
1.585 -23.887 50.206
3.544 -22.027 52.835
6.027 -19.447 51.637
8.955 -19.168 54.026
11.779 -16.674 54.457
15.070 -17.474 56.103
15.110 -16.104 59.624
18.646 -14.727 59.233
18.389 -12.728 62.466
17.351 -15.631 64.728
19.928 -17.957 63.114
22.761 -15.436 63.490
21.579 -14.713 67.020
21.893 -18.400 67.775
24.577 -18.850 70.490
26.707 -21.615 68.943
26.102 -20.688 65.291
25.458 -24.193 63.893
22.487 -23.431 61.688
24.505 -21.156 59.424
28.183 -20.302 59.292
27.924 -18.933 55.760
25.170 -17.412 53.586
24.647 -15.477 50.349
21.408 -13.683 49.526
20.185 -11.873 46.454
16.524 -10.855 46.075
14.714 -8.243 43.979
11.186 -7.294 42.979
9.076 -4.540 41.474
5.368 -3.893 40.881
4.246 -4.901 37.411
0.451 -4.587 37.791
-1.841 -2.952 40.338
-5.048 -4.799 41.063
-8.283 -4.965 43.064
-9.706 -7.860 45.132
-13.243 -9.093 44.604
-15.091 -10.223 47.704
-16.958 -8.334 50.403
-15.710 -5.654 52.724
-14.216 -7.241 55.813
-13.122 -3.888 57.175
-14.976 -0.850 55.957
-13.236 2.357 55.036
-13.811 4.922 57.831
-15.919 7.671 56.246
-13.800 10.438 57.773
-11.306 9.347 55.090
-13.423 10.453 52.118
-16.419 12.412 50.855
-19.436 10.222 49.924
-19.999 9.638 46.213
-23.304 9.478 44.280
-24.849 7.783 41.251
-22.027 5.552 40.012
-19.522 6.677 42.711
-22.152 5.982 45.392
-20.808 2.533 46.237
-17.161 2.324 47.223
-15.223 0.055 44.900
-12.957 -2.489 46.629
-9.911 -0.778 48.099
-8.339 -4.137 48.902
-5.427 -3.597 46.520
-2.716 -6.098 45.621
0.221 -5.721 43.219
1.532 -8.178 40.715
5.163 -8.972 41.372
7.907 -8.940 38.803
11.437 -10.086 39.489
13.174 -8.453 36.596
15.894 -9.507 34.131
18.246 -12.389 35.037
21.920 -12.099 34.292
25.122 -14.101 34.413
26.894 -11.193 36.048
24.616 -11.322 39.103
25.216 -15.043 39.685
25.940 -16.488 43.062
26.554 -20.034 41.901
29.292 -21.821 39.990
31.695 -19.815 42.189
33.673 -21.334 45.070
32.847 -20.238 48.604
35.793 -20.248 50.943
34.440 -20.484 54.459
37.626 -19.481 56.226
36.389 -17.087 58.910
32.813 -17.559 60.139
31.068 -14.586 61.732
29.775 -17.095 64.299
31.444 -19.326 66.863
31.055 -22.515 64.882
33.788 -21.986 62.307
32.435 -24.550 59.851
32.824 -27.560 62.097
30.461 -30.232 60.827
29.315 -31.680 64.148
27.816 -35.138 63.710
29.497 -35.723 60.351
26.613 -33.745 58.871
26.339 -30.703 56.649
23.348 -28.634 55.558
23.146 -26.847 52.221
20.153 -24.730 51.415
19.686 -23.147 47.992
17.020 -21.139 46.274
17.648 -20.318 42.618
14.925 -18.776 40.554
17.352 -17.632 37.833
16.744 -20.849 35.891
13.011 -21.137 36.447
12.211 -21.913 32.791
9.233 -24.223 32.396
8.924 -26.286 29.227
5.496 -26.941 27.780
5.603 -30.266 26.005
2.593 -31.535 24.045
1.643 -34.767 22.300
-0.611 -35.601 19.398
-3.597 -37.832 20.002
-3.261 -38.580 16.302
-0.616 -37.981 13.644
-3.065 -38.237 10.733
-4.976 -35.047 9.913
-3.203 -32.221 8.120
-5.225 -29.554 9.864
-4.557 -28.198 13.337
-7.020 -29.083 16.086
-6.650 -28.042 19.739
-8.610 -31.187 20.573
-5.857 -33.163 18.811
-3.009 -32.104 21.157
-2.608 -32.784 24.885
-0.622 -29.967 26.553
1.638 -30.490 29.575
4.227 -28.532 31.582
7.549 -29.688 33.015
10.439 -28.208 34.929
14.012 -29.467 35.232
16.576 -28.596 37.881
20.273 -29.525 37.845
22.702 -29.363 40.769
26.325 -30.474 41.242
27.575 -29.961 44.803
31.331 -29.957 45.554
33.215 -29.572 48.862
36.674 -29.246 50.378
36.866 -30.782 53.868
39.692 -30.324 56.336
40.381 -32.932 59.035
40.300 -31.604 62.606
41.123 -33.127 66.017
39.754 -32.591 69.541
41.634 -33.445 72.739
38.983 -34.791 75.117
40.047 -33.071 78.326
37.676 -32.399 81.191
36.813 -28.810 80.233
36.388 -29.678 76.593
34.143 -32.579 77.488
32.180 -30.319 79.841
31.788 -27.737 77.089
30.799 -30.112 74.242
28.389 -32.053 76.476
26.523 -28.833 77.278
26.656 -27.622 73.631
25.329 -30.802 72.078
25.465 -33.954 74.215
25.017 -36.219 71.178
28.584 -35.525 70.086
30.310 -37.371 72.937
27.675 -40.106 72.882
28.416 -40.742 69.223
32.199 -40.533 69.577
32.150 -43.861 71.353
28.601 -45.088 70.910
28.676 -48.721 72.065
25.933 -48.728 69.502
24.723 -45.222 68.551
20.972 -45.895 68.600
21.179 -45.018 64.871
17.942 -42.952 65.061
17.549 -39.674 63.152
16.432 -36.811 65.479
15.101 -35.029 62.365
12.910 -37.844 60.991
9.744 -35.726 60.678
11.451 -33.219 58.360
12.216 -34.079 54.744
15.418 -33.126 52.942
17.181 -34.068 49.766
19.418 -36.804 51.190
22.987 -36.678 49.868
25.330 -39.546 50.703
29.019 -38.640 50.582
30.472 -41.479 52.697
32.106 -42.978 49.572
32.890 -39.748 47.758
35.826 -38.416 49.763
39.078 -38.312 47.817
42.549 -37.192 48.991
43.594 -36.207 45.437
42.492 -32.560 45.447
44.462 -32.191 42.228
41.958 -34.345 40.326
38.885 -32.102 40.800
37.954 -28.588 39.747
37.203 -27.436 43.300
40.327 -29.011 44.711
42.388 -27.336 42.046
40.820 -23.957 42.831
41.404 -24.548 46.515
45.116 -25.416 46.423
45.664 -22.236 44.405
43.511 -20.189 46.781
45.072 -21.738 49.915
48.603 -21.556 48.500
49.355 -25.266 48.840
