4.890 42.716 18.327
5.842 41.774 21.866
9.368 40.687 22.637
8.688 36.942 22.192
8.034 37.461 18.480
11.242 39.454 18.036
13.471 36.894 19.778
12.109 34.221 17.461
12.909 36.212 14.339
16.252 37.264 15.787
16.992 33.658 16.781
16.116 32.196 13.381
18.478 34.839 11.999
21.230 33.639 14.330
21.083 29.976 13.230
20.293 30.724 9.588
17.135 28.628 9.139
15.115 31.470 7.570
11.865 32.478 9.297
9.336 31.003 11.758
6.309 32.222 13.719
3.781 31.346 16.425
0.643 29.388 15.542
-3.065 29.517 16.369
-2.143 27.821 19.671
0.577 30.290 20.749
3.534 28.051 20.029
6.202 27.305 17.441
7.110 23.641 16.996
10.286 22.693 15.151
12.080 19.336 15.252
15.854 19.504 15.632
17.223 16.570 13.594
13.763 14.971 13.062
14.156 13.045 16.348
14.129 15.747 19.032
10.784 17.533 18.963
10.716 21.013 20.502
7.853 23.501 20.694
8.453 27.045 21.877
5.450 28.495 23.728
5.111 32.044 24.936
2.914 31.010 27.835
3.135 34.369 29.500
4.070 38.004 29.063
7.043 37.340 31.299
8.253 33.984 30.047
8.320 31.427 27.275
8.121 27.732 28.056
10.341 25.340 26.097
8.854 21.907 25.552
10.838 18.869 24.530
8.481 16.141 23.383
9.682 12.597 23.964
6.838 10.567 22.444
3.931 8.589 23.823
4.299 7.418 27.429
4.532 3.656 28.098
1.718 2.042 30.075
2.729 -1.659 29.799
4.137 -2.479 33.239
4.664 1.327 33.691
6.520 1.019 37.001
8.991 3.422 35.382
6.733 6.450 35.876
8.268 6.211 39.338
11.657 5.841 37.630
11.112 9.097 35.692
9.970 10.760 38.914
13.253 9.444 40.306
15.222 10.747 37.330
13.836 14.158 38.175
16.331 14.271 41.031
19.138 14.464 38.508
17.617 17.269 36.470
16.890 19.206 39.672
20.540 19.183 40.781
21.778 19.879 37.230
19.410 22.770 36.549
17.772 20.936 33.659
14.201 20.764 32.437
11.433 19.361 34.560
10.335 15.851 33.599
6.529 16.174 33.222
3.670 13.999 31.988
1.006 15.482 29.713
-2.494 14.025 29.368
-3.745 15.303 25.998
-1.195 13.320 23.984
-0.216 10.911 26.801
3.277 12.163 25.912
6.331 12.673 28.070
7.770 16.188 28.177
10.828 18.098 29.261
9.780 21.539 30.529
12.083 24.566 30.788
10.854 27.975 31.771
12.637 30.765 29.854
12.052 34.343 31.065
11.936 37.302 28.719
13.726 40.145 30.489
17.385 40.318 29.433
16.563 37.658 26.842
18.855 37.332 23.811
18.990 35.177 20.657
22.068 33.347 21.981
20.280 32.693 25.302
17.267 31.213 23.553
19.547 29.122 21.356
21.462 28.012 24.465
18.416 26.813 26.323
16.720 25.148 23.338
19.666 22.784 22.944
19.627 22.291 26.732
16.283 20.641 26.136
17.868 18.702 23.266
20.783 17.381 25.335
18.232 16.517 28.019
16.110 14.646 25.499
19.324 13.119 24.127
20.873 12.040 27.421
17.546 10.923 28.963
18.101 7.210 28.427
21.510 7.579 30.093
20.050 9.281 33.150
17.784 6.224 33.643
18.800 2.865 35.122
17.710 0.632 32.237
