-79.940 23.180 -28.476
-77.350 21.457 -30.650
-78.542 17.948 -31.435
-78.816 15.358 -34.173
-81.682 16.297 -36.525
-84.580 13.958 -37.113
-83.639 13.615 -40.785
-80.272 12.147 -39.845
-81.783 9.268 -37.884
-83.850 8.408 -40.966
-80.765 8.484 -43.104
-79.002 6.115 -40.738
-81.888 3.657 -40.869
-81.765 3.771 -44.659
-78.009 3.177 -44.733
-78.278 0.156 -42.444
-81.199 -1.386 -44.325
-79.226 -0.976 -47.534
-76.596 -3.287 -46.026
-79.056 -5.967 -44.898
-79.838 -8.868 -47.157
-83.327 -8.900 -48.655
-86.290 -10.284 -46.752
-84.628 -9.777 -43.376
-85.470 -7.917 -40.170
-83.360 -6.071 -37.593
-84.435 -5.697 -33.961
-82.940 -3.460 -31.221
-84.289 -2.938 -27.694
-83.993 0.150 -25.570
-81.641 0.186 -22.616
-82.880 -1.297 -19.333
-83.810 0.743 -16.301
-81.908 0.273 -13.053
-82.898 0.876 -9.437
-80.226 2.773 -7.508
-81.595 2.199 -3.992
-85.061 1.082 -2.838
-87.383 2.861 -5.314
-84.919 5.530 -6.480
-83.897 4.865 -10.056
-80.588 5.654 -11.700
-80.511 8.376 -14.306
-81.722 6.849 -17.569
-79.293 6.482 -20.483
-80.525 5.224 -23.830
-78.556 2.420 -25.463
-76.172 4.019 -27.945
-77.076 1.733 -30.864
-80.826 2.128 -30.279
-80.352 5.896 -29.908
-78.177 6.096 -33.022
-80.967 4.678 -35.189
-84.029 6.265 -33.526
-83.311 9.272 -31.361
-85.970 7.842 -29.062
-85.353 8.672 -25.386
-87.628 6.272 -23.530
-87.152 2.847 -21.973
-89.540 -0.037 -22.653
-89.251 0.190 -26.427
-88.172 -2.068 -29.280
-87.486 -1.073 -32.874
-87.675 -3.197 -36.000
-86.384 -2.522 -39.505
-88.002 -4.587 -42.244
-86.444 -3.650 -45.605
-88.895 -3.577 -48.444
-91.948 -3.983 -46.226
-94.934 -2.535 -48.051
-96.804 -1.449 -44.920
-93.731 0.332 -43.523
-90.079 -0.494 -43.007
-89.634 1.141 -39.585
-91.791 -0.130 -36.725
-91.530 1.063 -33.118
-92.983 -0.649 -30.059
-93.139 1.812 -27.149
-95.201 2.730 -24.099
-98.766 3.751 -24.892
-100.393 6.994 -23.820
-101.888 6.605 -20.352
-103.184 9.604 -18.476
-102.970 8.307 -14.958
-99.383 7.226 -15.386
-98.342 10.354 -17.135
-99.678 12.422 -14.238
-96.986 10.950 -12.086
-94.304 9.764 -14.452
-93.858 12.225 -17.227
-95.281 12.522 -20.629
-94.950 9.656 -23.104
-94.541 9.932 -26.847
-97.007 7.084 -27.343
-97.862 5.622 -30.701
-98.811 9.076 -31.913
-95.358 10.433 -31.100
-93.654 7.410 -32.605
-95.128 7.862 -36.079
-95.209 11.574 -35.596
-92.098 13.295 -34.313
-89.972 10.168 -34.389
-90.943 9.193 -37.933
-91.915 5.559 -37.460
-93.941 4.031 -40.277
-95.986 1.986 -37.792
-96.121 1.858 -34.016
-97.614 -0.421 -31.390
-97.857 -0.470 -27.600
-94.968 -2.363 -26.065
-97.509 -4.378 -24.083
-98.659 -6.024 -27.310
-95.255 -6.878 -28.746
-95.591 -10.605 -28.112
-98.721 -10.585 -30.286
-97.272 -8.691 -33.195
-93.555 -9.107 -33.556
-93.507 -12.823 -34.257
-95.751 -12.220 -37.230
-93.261 -9.665 -38.526
-90.368 -12.083 -38.044
-92.232 -14.993 -39.638
-91.350 -15.345 -43.298
-88.032 -13.516 -43.065
-84.791 -15.272 -43.961
-82.535 -13.548 -41.415
-82.783 -11.736 -38.111
-80.181 -9.079 -37.318
-79.636 -8.251 -33.662
-76.887 -7.663 -31.121
-76.082 -11.221 -30.031
-75.392 -11.412 -26.314
-75.575 -7.665 -25.705
-78.871 -7.888 -23.792
-79.468 -11.392 -22.405
-83.003 -10.469 -21.362
-83.777 -9.482 -24.935
-82.099 -12.633 -26.230
-84.430 -15.009 -24.401
-87.387 -12.829 -25.443
-86.297 -13.263 -29.075
-85.920 -17.003 -28.692
-89.460 -17.154 -27.329
-90.808 -15.139 -30.266
-89.063 -17.585 -32.589
-90.446 -20.568 -30.702
-94.006 -19.349 -31.127
-93.378 -19.166 -34.858
-91.912 -22.663 -34.827
-95.015 -23.983 -33.044
-96.946 -22.899 -36.156
-94.639 -24.751 -38.572
-97.354 -27.311 -39.296
-99.761 -24.610 -40.289
-97.297 -23.134 -42.787
-95.153 -20.801 -40.691
-91.517 -20.414 -41.550
-89.099 -19.092 -38.955
-85.792 -17.589 -39.982
-82.795 -19.882 -39.908
-80.057 -17.247 -39.684
-79.280 -14.828 -36.891
-76.619 -12.243 -37.631
-74.560 -10.000 -35.362
-75.823 -6.494 -35.961
-72.865 -4.975 -34.072
-70.435 -5.421 -36.932
-72.400 -3.434 -39.509
-73.767 -0.850 -37.105
-70.597 -0.160 -35.138
-68.760 0.364 -38.430
-71.336 3.011 -39.356
-70.816 4.719 -36.014
-67.042 4.862 -36.622
-67.431 7.428 -39.405
-68.839 10.591 -37.812
