-98.700 217.069 71.971
-97.149 214.777 69.443
-99.250 213.163 66.630
-98.413 214.307 63.077
-100.414 214.642 59.857
-98.629 215.196 56.533
-100.072 216.382 53.251
-98.554 215.009 50.072
-98.877 213.854 46.488
-98.183 210.693 44.494
-95.119 209.731 42.437
-93.914 206.874 40.241
-90.479 205.306 39.770
-89.976 206.764 36.285
-92.073 209.472 34.639
-92.023 211.163 31.228
-90.064 214.226 30.112
-92.001 217.236 28.806
-91.218 220.801 27.788
-92.442 224.028 29.352
-91.783 227.691 28.503
-88.755 227.681 30.799
-87.501 224.095 30.717
-87.111 221.558 27.955
-86.879 218.487 30.191
-89.360 218.349 33.064
-90.326 214.961 34.464
-94.039 214.476 35.032
-96.009 211.459 36.222
-97.944 210.907 32.992
-97.959 212.474 29.537
-99.714 212.106 26.193
-98.072 212.163 22.751
-99.792 214.690 20.462
-97.955 213.960 17.218
-99.091 210.940 15.199
-95.949 209.346 13.740
-97.385 205.991 12.758
-99.407 205.228 9.614
-101.293 202.193 8.371
-99.564 200.405 5.473
-102.791 200.672 3.474
-105.607 203.033 2.498
-109.019 202.546 4.154
-111.896 202.171 1.653
-114.312 203.479 4.272
-115.979 205.798 5.094
-114.628 207.818 2.140
-115.237 206.540 -1.384
-111.882 205.691 -2.938
-111.578 204.894 -6.638
-108.398 203.114 -7.725
-107.234 204.357 -11.129
-104.832 201.407 -11.271
-102.880 201.623 -14.531
-104.813 204.736 -15.633
-104.111 208.209 -14.283
-107.166 210.457 -14.185
-106.450 212.261 -17.487
-106.314 208.996 -19.468
-109.436 208.026 -17.564
-111.303 211.102 -18.803
-110.034 210.565 -22.346
-111.003 206.899 -22.288
-107.597 205.376 -23.030
-107.378 201.558 -23.392
-107.532 199.775 -20.041
-109.560 202.520 -18.378
-113.078 201.151 -18.923
-113.373 200.270 -15.226
-113.443 204.009 -14.478
-116.689 204.449 -16.412
-119.482 205.795 -14.227
-117.082 206.008 -11.257
-117.796 208.362 -8.337
-115.207 209.297 -5.714
-114.348 211.401 -2.710
-110.702 210.626 -3.432
-109.361 209.388 -6.764
-106.339 207.184 -6.099
-103.837 207.782 -8.915
-100.895 205.383 -9.248
-97.247 206.403 -9.802
-96.708 203.434 -12.134
-99.570 204.467 -14.430
-99.006 203.908 -18.141
-99.837 205.756 -21.343
-101.596 203.165 -23.515
-102.815 205.360 -26.360
-101.790 208.050 -28.844
-99.032 210.379 -27.570
-100.540 213.630 -26.287
-100.020 216.709 -24.153
-102.423 218.983 -22.270
-101.305 222.674 -22.402
-102.821 223.321 -18.962
-102.352 219.765 -17.707
-102.638 220.424 -13.972
-105.747 222.583 -14.366
-107.646 219.908 -16.307
-106.463 217.278 -13.823
-107.658 219.479 -10.944
-111.096 220.070 -12.486
-111.638 216.357 -13.134
-110.487 215.250 -9.677
-112.407 217.963 -7.820
-115.593 217.257 -9.779
-115.597 213.748 -8.348
-117.195 211.631 -11.079
-116.908 210.239 -14.600
-120.457 210.514 -15.899
-120.285 210.694 -19.690
-123.302 211.699 -21.757
-123.105 210.476 -25.340
-124.048 212.974 -28.007
-124.197 212.613 -31.737
-122.280 215.084 -33.915
-123.436 215.242 -37.595
-119.944 215.792 -39.040
-120.161 216.684 -42.741
-118.499 214.485 -45.360
-115.374 213.800 -43.310
-114.540 210.240 -42.292
-114.929 209.408 -38.619
-113.474 207.041 -36.007
-109.809 207.332 -36.955
-107.606 204.811 -35.155
-103.910 204.187 -34.489
-101.343 201.499 -33.720
-100.113 203.576 -30.800
-103.510 203.035 -29.178
-103.980 199.287 -29.380
-107.148 197.695 -27.971
-106.754 193.907 -28.040
-104.097 194.520 -30.725
-106.780 195.980 -32.976
-105.822 199.580 -33.822
-108.013 201.934 -31.800
-108.296 205.380 -30.183
-109.550 207.238 -27.085
-113.161 206.103 -26.750
-114.317 209.584 -25.715
-112.793 211.168 -28.829
-113.521 210.975 -32.556
-110.581 211.344 -34.953
-111.856 213.220 -38.013
-110.158 212.677 -41.367
-110.746 213.683 -44.973
-113.432 211.998 -47.165
-112.643 209.192 -49.647
-113.255 211.657 -52.456
-110.383 213.844 -51.292
-112.418 216.429 -49.199
-112.384 218.057 -45.744
-115.102 220.759 -45.699
-115.530 223.477 -43.078
-117.222 222.031 -39.996
-119.825 224.195 -38.278
-121.682 222.395 -35.485
-123.535 223.625 -32.429
-124.651 222.011 -29.178
-127.078 223.859 -26.919
-127.174 223.362 -23.158
-130.708 223.476 -21.780
-130.072 220.934 -19.045
-129.731 221.869 -15.373
-126.006 221.115 -15.088
-122.777 222.542 -16.526
-121.124 220.483 -19.252
-117.465 219.603 -19.697
-116.411 219.055 -23.327
-112.951 217.600 -23.904
-111.548 218.039 -27.429
-108.179 217.999 -29.150
-105.990 219.138 -32.023
-103.772 216.752 -33.981
-100.239 217.818 -34.925
-98.793 216.049 -38.014
-95.072 215.347 -38.507
-94.732 216.521 -42.130
-96.581 218.540 -44.781
-97.396 215.327 -46.649
-98.896 213.928 -43.460
-101.078 217.022 -43.038
-102.481 216.754 -46.566
-102.769 212.951 -46.381
-105.132 213.319 -43.410
-106.623 216.764 -43.620
-105.833 217.851 -47.126
-106.088 221.443 -46.157
-102.919 223.073 -44.981
-102.916 224.630 -42.568
-105.727 223.100 -40.534
-107.253 224.820 -37.533
-109.810 224.501 -34.760
-112.087 227.099 -33.192
-114.338 226.220 -30.267
-116.486 228.927 -28.721
-119.308 229.705 -26.330
-121.251 232.938 -25.911
-118.688 234.520 -23.589
-115.554 232.566 -24.487
-113.538 230.982 -27.293
-110.357 229.106 -28.227
-108.437 228.825 -31.502
-105.585 226.436 -32.266
-103.111 226.346 -35.130
-101.741 222.832 -35.698
-97.956 222.509 -35.442
-96.079 220.429 -37.998
-92.670 218.998 -37.121
-90.761 215.795 -36.379
-91.095 214.717 -32.745
-89.440 211.805 -30.884
-91.062 208.437 -31.584
-93.628 207.438 -28.970
-95.365 204.103 -29.524
-94.267 204.328 -33.155
-95.511 207.876 -33.735
-94.028 211.302 -34.406
-97.364 213.101 -34.393
-99.029 214.504 -31.279
-102.458 215.482 -29.994
-103.000 218.510 -27.758
-106.124 218.321 -25.593
-108.307 221.238 -24.542
-111.609 221.644 -22.746
-114.651 223.871 -22.740
-117.227 224.265 -19.986
-120.772 225.019 -21.087
-123.005 226.537 -18.423
-126.788 226.069 -18.443
-128.265 228.540 -20.927
-125.024 228.578 -22.892
-123.997 226.697 -26.014
-120.872 225.542 -27.827
-119.739 225.839 -31.454
-117.134 223.618 -33.119
-115.471 225.042 -36.235
-112.707 223.297 -38.160
-110.945 223.065 -41.495
-108.771 220.224 -40.214
-106.948 218.447 -37.363
-109.881 218.358 -34.918
-110.029 215.459 -32.504
-113.756 215.748 -31.842
-115.717 214.905 -28.658
-118.295 212.100 -28.550
-120.288 213.972 -25.934
-119.691 215.682 -22.597
-118.952 214.977 -18.954
-121.487 215.981 -16.305
-120.184 218.517 -13.772
-121.550 218.560 -10.217
-122.729 222.004 -9.113
-120.836 221.483 -5.882
-117.376 219.985 -6.342
-115.926 218.469 -3.172
-113.638 215.647 -4.262
-109.904 215.358 -4.796
-107.045 213.139 -5.914
-104.196 211.386 -4.106
-101.140 210.080 -5.955
-99.737 207.060 -4.134
-98.684 203.430 -4.631
-100.175 202.351 -1.285
-102.646 199.424 -1.550
-106.323 199.772 -0.659
-107.193 197.579 2.329
-110.115 196.749 4.614
-109.584 199.171 7.526
-111.751 202.154 8.508
-110.426 205.736 8.486
-111.334 209.222 7.320
-107.704 210.412 6.989
-105.411 209.493 4.081
-101.792 210.418 3.429
-99.689 209.434 0.418
-97.973 207.063 2.880
-101.215 205.409 3.960
-104.260 206.074 6.106
-103.956 207.473 9.636
-105.931 206.017 12.524
-105.591 208.401 15.416
-107.162 210.936 17.733
-103.952 212.994 18.038
-104.208 216.652 16.953
-100.946 216.643 14.966
-99.022 214.322 12.618
-95.506 214.307 11.128
-96.113 211.658 8.460
-96.831 213.784 5.361
-97.878 217.269 4.300
-99.904 215.457 1.645
-103.063 214.508 3.538
-106.750 214.438 2.673
-109.850 213.951 4.806
-110.452 214.494 8.528
-106.799 214.598 9.557
-104.476 215.825 12.318
-102.535 218.936 11.335
-99.149 218.336 9.739
-96.142 219.559 11.725
-92.365 219.298 11.569
-91.826 217.914 15.067
-91.435 214.163 15.548
-92.840 214.348 19.076
-94.726 216.784 21.325
-95.684 215.511 24.773
-98.549 217.003 26.729
-98.247 216.681 30.506
-101.293 214.894 31.932
-99.934 214.774 35.476
-97.880 216.626 38.077
-94.101 216.767 38.394
-92.725 213.352 39.290
-90.534 213.497 42.410
-90.018 209.877 43.522
-88.786 208.337 46.843
