19.714 61.038 138.756
21.082 64.074 136.916
24.414 62.596 135.760
25.512 59.397 134.044
25.163 60.426 130.403
26.572 63.572 128.821
23.131 64.680 127.583
21.535 64.518 131.035
21.093 67.829 132.788
19.369 71.192 132.494
19.951 72.937 129.165
18.966 76.442 128.051
18.895 77.837 124.513
21.426 80.435 123.388
21.550 83.013 120.602
23.161 80.455 118.269
20.674 78.944 115.820
20.964 77.865 112.194
18.366 77.300 109.465
15.584 76.837 112.011
12.944 78.681 109.975
13.546 76.336 107.027
13.055 73.385 109.372
9.849 74.854 110.821
8.557 75.611 107.315
9.388 72.077 106.158
7.224 70.727 108.990
4.318 72.809 107.671
4.227 75.002 110.837
3.592 78.765 110.620
6.652 80.897 111.311
4.415 83.546 112.914
4.006 81.264 115.939
6.867 78.750 115.711
9.808 80.580 114.132
12.367 82.791 115.749
14.534 81.937 118.727
12.433 81.895 121.889
14.064 80.832 125.147
13.763 77.056 125.379
14.752 74.639 128.131
15.471 70.912 127.883
15.768 69.015 131.160
16.700 65.337 130.916
17.086 63.122 133.987
16.787 59.492 134.998
14.149 57.962 137.308
15.078 54.371 138.031
13.996 52.421 134.964
13.114 55.346 132.694
14.075 58.881 131.753
12.170 62.137 131.765
12.659 64.811 129.133
10.923 68.083 129.960
10.696 70.676 127.189
9.626 74.188 128.123
9.194 77.410 126.152
7.924 79.906 128.749
7.154 82.731 126.270
4.787 80.276 124.544
3.276 78.803 127.739
4.557 75.405 126.651
5.699 72.621 128.944
5.751 68.929 128.086
7.129 66.083 130.203
8.101 63.110 128.035
8.691 59.741 129.715
11.017 57.483 127.744
12.952 54.258 127.958
15.900 53.869 125.614
14.994 51.727 122.577
11.264 51.638 123.472
8.507 53.403 121.561
6.420 56.014 123.308
3.710 58.499 122.432
2.895 62.090 123.260
0.508 64.723 121.944
0.846 68.296 120.771
-2.586 69.907 120.845
-4.162 66.913 119.117
-1.381 65.893 116.806
-0.243 62.488 118.022
3.536 62.092 118.109
5.319 58.725 118.198
8.918 58.716 119.395
11.792 56.387 120.158
14.986 57.572 121.834
18.243 55.687 121.268
21.893 56.238 122.131
24.479 56.681 119.391
27.524 56.116 121.534
27.594 59.178 123.775
24.811 61.094 122.004
21.026 60.875 122.231
18.783 60.506 119.179
15.000 60.570 118.839
13.083 59.103 115.904
9.759 60.952 115.651
6.709 59.988 113.573
3.886 62.452 113.023
1.459 60.087 111.264
-1.335 62.598 110.673
1.068 64.704 108.585
3.187 61.905 107.084
6.328 63.380 108.648
9.396 61.678 110.097
11.665 63.885 112.221
15.190 63.205 113.469
16.361 64.864 116.676
19.948 64.582 117.850
21.486 65.778 121.113
25.282 66.074 120.990
27.234 67.437 123.960
30.548 69.050 122.996
31.374 69.752 126.643
29.545 72.505 128.575
27.429 72.952 125.430
24.699 70.880 123.781
24.152 70.956 120.015
20.661 69.916 118.893
20.171 68.912 115.267
16.693 68.771 113.736
16.132 67.019 110.419
13.072 66.379 108.289
13.826 64.912 104.882
16.702 66.903 103.377
16.263 69.945 105.663
18.584 70.264 108.662
18.553 72.865 111.425
20.730 73.290 114.486
20.374 74.990 117.825
22.945 75.355 120.597
22.215 75.106 124.322
24.250 75.821 127.457
24.054 74.304 130.929
21.599 76.254 133.067
22.925 78.719 135.673
