89.526 10.138 89.441
86.700 12.729 89.602
85.361 12.007 86.114
85.223 8.303 86.809
83.332 8.860 90.008
80.740 11.101 88.354
80.230 8.565 85.578
80.022 5.475 87.768
77.574 6.992 90.264
75.412 8.120 87.366
75.482 4.508 86.105
74.456 3.221 89.568
71.744 5.881 89.756
70.340 4.848 86.360
70.532 1.135 87.256
68.271 1.674 90.240
65.929 4.194 88.628
62.788 2.027 88.687
62.461 3.410 92.258
61.145 6.806 91.130
57.998 5.720 89.203
57.252 3.015 91.787
57.688 5.255 94.850
55.609 7.947 93.106
52.877 5.386 92.396
52.752 4.498 96.102
52.675 8.136 97.258
49.717 8.776 94.968
47.965 5.587 96.110
48.558 6.490 99.767
47.104 10.007 99.162
50.351 11.646 100.320
50.268 14.215 97.517
46.598 15.203 97.938
47.136 15.459 101.688
50.119 17.752 101.174
48.110 19.723 98.609
45.399 20.038 101.254
48.034 21.479 103.598
49.185 23.829 100.848
52.216 26.043 100.320
54.605 26.622 103.191
52.711 24.211 105.460
55.391 21.741 106.509
54.519 18.242 107.734
56.661 15.735 109.526
56.313 12.059 108.574
54.287 11.579 111.781
51.921 14.465 111.011
51.254 12.873 107.625
50.486 9.404 109.027
48.166 11.074 111.533
46.342 13.146 108.931
45.951 9.958 106.915
44.704 7.964 109.845
47.079 5.111 109.139
47.086 2.238 111.617
50.549 0.787 110.941
52.833 1.763 113.865
55.806 1.744 111.455
54.065 3.893 108.801
55.807 7.155 109.927
59.315 5.804 109.240
58.113 4.262 105.983
56.529 7.550 104.857
59.703 9.424 105.811
61.721 7.344 103.369
59.127 7.913 100.645
59.070 11.653 101.377
62.849 11.731 101.003
62.603 10.182 97.535
59.994 12.767 96.471
62.135 15.641 97.803
65.169 14.463 95.813
63.065 14.526 92.637
61.706 17.989 93.584
58.100 16.862 94.037
58.351 18.178 97.613
60.441 20.751 99.437
61.772 20.225 102.943
63.088 22.117 105.975
64.639 21.039 109.295
63.004 21.180 112.718
65.122 20.800 115.849
64.204 18.084 118.337
64.601 18.443 122.089
67.799 16.360 122.330
69.585 18.249 119.543
68.629 15.963 116.642
66.804 17.260 113.566
63.431 16.237 112.173
62.884 16.889 108.465
59.548 18.388 107.430
58.189 18.243 103.895
55.982 20.667 102.018
54.032 21.362 98.837
55.556 22.496 95.538
53.849 23.462 92.258
54.989 20.068 90.933
53.041 18.448 93.768
50.022 20.386 92.498
50.144 18.759 89.062
50.504 15.317 90.669
47.528 15.854 93.019
43.935 14.910 92.169
42.520 18.427 92.043
38.750 18.398 92.633
