21.294 4.666 12.852
22.525 4.642 16.443
26.168 4.813 15.326
25.914 8.112 13.297
23.721 9.651 15.989
26.200 8.817 18.736
28.914 10.459 16.645
26.776 13.510 16.016
26.097 13.892 19.744
29.740 13.302 20.699
30.868 16.730 19.529
34.352 16.468 21.120
35.038 13.076 19.440
36.252 11.404 22.655
33.908 8.349 22.206
31.778 9.238 25.254
28.504 11.432 25.458
28.594 13.826 28.371
25.607 15.486 29.983
26.809 18.830 28.443
26.804 17.120 25.153
23.194 15.899 25.610
22.068 19.409 26.547
23.723 20.951 23.466
22.217 18.272 21.243
18.692 18.560 22.632
18.821 22.377 22.084
20.196 21.902 18.579
17.569 19.370 17.589
14.697 21.418 19.018
15.909 24.367 16.982
16.287 22.332 13.786
12.693 20.948 14.069
11.242 24.426 14.578
13.210 25.731 11.619
12.056 22.771 9.431
8.442 23.380 10.244
8.643 27.149 9.689
10.467 26.586 6.412
7.865 24.143 5.213
5.161 26.676 6.032
7.055 29.577 4.400
7.755 27.510 1.262
4.093 26.663 0.910
3.306 30.446 0.702
6.356 31.474 -1.294
4.890 30.131 -4.486
7.533 31.450 -6.861
10.315 30.191 -4.679
12.229 33.488 -4.521
12.722 33.498 -0.736
10.204 36.317 -0.033
6.472 36.390 0.369
5.157 39.214 -1.754
1.745 40.760 -1.234
0.154 38.670 -4.000
1.436 35.494 -2.440
0.333 36.723 0.984
-3.153 37.486 -0.210
-3.389 34.093 -1.952
-2.583 32.591 1.528
-4.681 35.096 3.648
-7.452 34.574 1.076
-7.434 30.760 1.465
-7.546 30.145 5.252
