7.645 -28.963 -0.695
9.812 -28.236 2.337
11.954 -25.865 0.274
13.507 -23.106 2.451
12.200 -20.298 0.219
8.626 -20.732 1.474
9.770 -20.632 5.121
11.867 -17.557 4.277
8.765 -16.000 2.688
6.973 -16.450 6.021
9.828 -14.701 7.758
9.377 -11.743 5.409
5.594 -11.705 5.574
5.498 -11.906 9.407
7.360 -8.574 9.309
5.169 -6.618 6.910
2.486 -4.414 8.398
-0.955 -5.188 7.068
-3.507 -3.890 9.569
-3.015 -3.721 13.333
-1.675 -7.133 14.394
-2.899 -9.113 11.378
-0.390 -11.093 9.348
-0.756 -11.837 5.645
-0.968 -15.479 4.653
0.824 -17.025 1.710
-1.054 -17.224 -1.558
-3.374 -20.189 -1.021
-2.038 -22.622 -3.679
1.488 -22.421 -2.255
0.653 -22.205 1.472
1.403 -25.959 2.175
4.912 -25.768 0.997
6.020 -24.786 4.492
5.175 -25.933 8.020
5.202 -22.769 10.091
3.201 -20.972 12.712
1.852 -17.700 11.334
3.462 -14.761 13.147
6.219 -16.859 14.704
8.917 -14.759 12.948
7.479 -11.325 13.763
10.242 -9.043 15.046
10.019 -5.823 17.058
10.979 -2.519 15.383
14.738 -2.497 16.009
15.343 -6.196 15.339
13.291 -5.867 12.149
15.568 -3.022 11.011
18.589 -5.261 11.666
16.922 -8.139 9.812
16.288 -5.880 6.801
19.813 -4.429 6.806
21.367 -7.941 7.014
19.398 -8.946 3.900
20.007 -5.766 1.945
23.403 -4.356 2.670
24.504 -7.598 4.320
23.318 -9.637 1.325
22.686 -12.579 3.656
20.067 -15.234 2.926
16.767 -14.502 4.665
17.023 -17.481 7.005
20.511 -16.504 8.162
19.611 -12.802 8.515
16.715 -13.885 10.729
18.870 -16.034 13.030
21.231 -13.131 13.587
18.577 -10.431 14.084
16.386 -12.552 16.357
19.426 -13.325 18.532
19.624 -9.607 19.325
22.860 -9.049 17.404
23.318 -5.638 15.759
24.132 -5.361 12.051
27.830 -4.461 12.463
28.590 -7.021 15.188
30.343 -9.869 13.358
31.522 -11.921 16.311
29.016 -14.649 15.353
30.932 -15.335 12.111
33.732 -16.881 14.162
32.269 -18.521 17.255
30.463 -21.508 15.771
31.182 -25.195 16.280
34.044 -26.879 14.367
31.412 -28.557 12.259
30.468 -25.108 10.919
33.948 -24.443 9.599
33.756 -23.050 6.077
36.285 -24.535 3.658
38.075 -22.944 0.701
40.244 -25.168 -1.523
40.188 -27.989 1.061
41.548 -25.724 3.825
39.484 -23.758 6.388
38.659 -20.281 5.072
40.227 -17.392 6.960
39.772 -13.633 7.120
41.232 -10.740 9.020
38.576 -9.483 11.424
37.884 -5.779 11.749
40.156 -5.978 14.818
43.057 -7.125 12.615
43.088 -10.730 13.840
43.332 -13.631 11.368
40.504 -16.065 12.230
38.916 -19.173 10.749
35.432 -18.639 9.331
33.162 -20.624 11.687
29.725 -19.028 11.687
27.403 -19.633 14.637
24.634 -20.462 12.153
25.624 -22.308 8.992
23.755 -21.523 5.768
25.283 -23.365 2.800
24.276 -20.581 0.439
26.990 -18.269 1.792
29.707 -20.516 0.378
28.140 -22.545 -2.454
30.426 -20.957 -5.051
33.527 -18.756 -5.161
31.575 -15.502 -5.460
29.318 -16.335 -2.519
32.261 -17.185 -0.277
34.094 -14.027 -1.373
31.083 -11.970 -0.367
30.642 -13.712 2.978
34.350 -13.314 3.811
34.006 -9.571 3.161
30.999 -9.550 5.499
32.789 -11.441 8.263
35.705 -9.018 7.942
33.396 -6.034 8.579
33.883 -4.597 5.102
30.160 -4.271 4.452
