-5.790 -33.476 -56.485
-5.350 -30.828 -53.762
-5.624 -27.932 -56.294
-9.447 -28.255 -56.673
-10.487 -30.418 -53.741
-11.982 -29.831 -50.275
-12.413 -32.040 -47.225
-15.135 -31.081 -44.738
-14.943 -32.659 -41.247
-18.199 -33.664 -39.503
-18.083 -32.977 -35.734
-20.945 -35.286 -34.680
-20.152 -39.070 -34.421
-21.547 -41.181 -37.368
-24.429 -42.588 -35.287
-25.790 -39.123 -34.380
-28.172 -36.478 -35.804
-26.522 -33.327 -37.217
-26.823 -30.398 -39.655
-27.284 -30.953 -43.376
-23.819 -31.151 -45.049
-22.380 -28.092 -46.900
-23.440 -28.325 -50.553
-23.562 -26.233 -53.757
-27.157 -25.600 -54.810
-26.608 -25.281 -58.646
-23.784 -26.088 -61.165
-22.938 -22.324 -61.364
-23.104 -21.784 -57.552
-19.772 -20.312 -56.367
-20.416 -21.127 -52.691
-21.512 -23.996 -50.383
-24.843 -23.509 -48.566
-24.277 -23.854 -44.768
-27.016 -25.220 -42.443
-27.609 -24.921 -38.675
-26.995 -27.913 -36.370
-29.644 -26.599 -33.882
-32.774 -24.413 -34.035
-33.307 -20.953 -32.579
-35.050 -17.578 -33.014
-32.828 -14.492 -33.224
-34.514 -11.757 -31.136
-35.047 -8.224 -32.709
-31.657 -6.357 -33.079
-29.982 -9.617 -31.916
-26.700 -11.284 -32.869
-26.311 -15.096 -32.978
-23.365 -17.520 -33.267
-24.744 -20.571 -35.052
-23.065 -23.988 -35.152
-22.932 -25.555 -38.636
-21.812 -29.078 -37.588
-18.740 -28.975 -39.874
-15.160 -27.774 -40.030
-12.728 -27.665 -42.944
-10.136 -30.426 -42.759
-8.468 -29.487 -46.092
-8.768 -26.265 -48.105
-8.195 -26.143 -51.912
-4.561 -24.983 -52.663
-4.033 -21.238 -52.194
-7.605 -20.731 -50.926
-9.223 -19.897 -47.582
-12.922 -20.048 -46.593
-15.052 -16.892 -46.513
-18.562 -17.148 -44.949
-20.829 -14.588 -46.695
-24.541 -13.845 -46.454
-27.237 -15.487 -48.653
-29.264 -12.892 -50.632
-32.659 -14.413 -49.651
-31.828 -14.575 -45.913
-30.468 -10.952 -46.094
-33.458 -9.452 -47.986
-36.400 -11.525 -46.685
-35.271 -11.613 -43.032
-33.459 -8.219 -42.792
-30.131 -9.797 -41.711
-26.360 -9.625 -42.358
-23.375 -11.966 -41.796
-20.941 -9.346 -40.323
-17.837 -11.598 -40.170
-16.702 -14.862 -41.812
-12.922 -15.149 -42.403
-11.804 -18.801 -41.845
-8.046 -19.257 -41.275
-6.354 -22.247 -42.986
-5.007 -23.551 -39.633
-8.478 -23.504 -37.963
-9.389 -27.007 -36.728
-12.696 -26.101 -35.076
-16.310 -26.096 -36.166
-17.554 -23.340 -38.512
-19.972 -20.949 -36.823
-22.142 -18.449 -38.636
-22.537 -14.962 -37.094
-25.952 -13.648 -38.072
-27.276 -10.157 -37.154
-31.006 -9.334 -37.100
-31.553 -5.675 -38.187
-35.340 -5.798 -37.563
-36.665 -3.873 -34.534
-39.941 -5.876 -34.448
-39.386 -9.385 -35.908
-37.334 -12.383 -34.744
-35.299 -14.442 -37.303
-36.188 -18.183 -37.490
-33.144 -20.541 -37.627
-34.294 -23.983 -38.838
-32.472 -27.261 -39.682
-33.605 -27.545 -43.331
-32.928 -23.876 -44.273
-29.457 -22.476 -45.210
-28.258 -19.560 -43.045
-25.088 -18.521 -45.022
-22.789 -19.650 -47.867
-19.049 -20.419 -47.863
-16.756 -19.471 -50.804
-13.168 -20.731 -51.325
-11.391 -17.517 -52.332
-7.851 -17.288 -53.695
-5.579 -15.190 -51.471
-1.872 -14.507 -51.068
-0.219 -16.298 -48.171
2.633 -13.766 -47.813
6.127 -15.376 -47.711
8.290 -12.241 -47.431
7.429 -8.887 -46.001
9.043 -5.567 -45.281
7.978 -2.527 -43.290
9.540 0.580 -44.772
9.503 4.292 -44.051
9.318 6.317 -47.272
10.698 9.798 -47.361
9.366 11.130 -50.705
11.231 14.479 -50.196
14.709 12.805 -49.814
13.862 9.933 -52.225
14.989 7.551 -49.449
13.624 4.293 -48.194
14.403 3.119 -44.640
13.737 -0.573 -43.939
12.127 -0.674 -40.451
11.775 -4.471 -40.418
11.695 -7.497 -42.696
10.525 -11.032 -42.076
9.919 -14.357 -43.782
6.858 -16.487 -42.969
9.043 -18.903 -40.865
10.220 -16.029 -38.589
6.707 -16.093 -36.910
6.987 -12.302 -36.470
4.733 -10.845 -33.721
2.669 -14.019 -33.450
0.060 -14.682 -30.786
0.690 -18.483 -30.659
2.114 -21.384 -32.712
-0.992 -23.534 -32.977
-4.466 -22.074 -33.750
-6.152 -25.377 -32.939
-9.905 -24.935 -32.369
-9.417 -21.361 -31.083
-11.406 -18.570 -32.732
-13.601 -15.511 -32.001
-10.932 -13.230 -30.536
-8.803 -16.143 -29.170
-5.701 -13.971 -29.956
-7.047 -10.905 -28.081
-6.449 -10.175 -24.384
