-8.079 -21.927 25.981
-5.380 -22.521 23.351
-1.865 -23.737 24.157
1.377 -23.655 22.095
5.035 -24.415 22.789
6.723 -21.122 23.710
9.594 -21.719 21.301
10.869 -23.828 18.439
14.040 -23.800 16.314
14.763 -25.010 12.787
17.906 -25.186 10.620
18.034 -22.965 7.517
16.219 -24.578 4.609
14.529 -27.260 6.713
10.983 -28.043 7.873
9.523 -26.761 11.154
6.177 -27.539 12.825
4.279 -25.376 15.270
1.505 -27.029 17.276
-1.669 -25.675 18.858
-4.035 -27.441 21.227
-7.379 -26.668 22.818
-10.957 -27.873 23.113
-12.263 -25.142 20.798
-10.328 -26.734 17.910
-12.865 -29.552 18.034
-15.430 -26.997 16.844
-13.493 -24.608 14.646
-10.407 -24.584 12.476
-7.329 -22.925 13.920
-5.889 -19.931 12.126
-2.236 -18.879 12.227
-0.643 -15.444 12.448
2.937 -14.422 11.829
4.262 -11.407 13.748
7.659 -9.771 13.419
8.977 -7.190 15.923
7.259 -3.806 15.705
4.795 -5.057 13.076
1.123 -6.016 13.010
0.237 -9.729 12.813
-0.259 -11.270 9.351
-2.632 -14.150 8.620
-0.751 -17.045 6.953
-3.036 -20.118 7.273
-6.741 -20.613 7.968
-9.461 -23.252 7.649
-8.569 -26.461 5.877
-5.035 -25.497 4.783
-5.943 -22.190 3.090
-3.357 -19.491 2.350
-4.267 -15.831 1.871
-2.997 -13.996 -1.200
0.757 -13.487 -1.214
1.574 -16.084 1.409
4.092 -18.550 -0.078
3.226 -22.247 -0.413
6.002 -23.112 2.051
3.295 -22.514 4.674
0.678 -25.195 5.292
-1.771 -26.256 7.981
-3.424 -29.383 9.326
-5.903 -30.273 12.054
-6.574 -33.364 14.156
-8.863 -33.747 17.151
-8.186 -30.814 19.460
-4.866 -30.010 17.808
-3.687 -27.996 14.834
-0.266 -27.569 13.281
1.458 -24.981 11.178
4.203 -26.395 8.961
6.848 -24.263 7.232
9.048 -26.036 4.712
12.292 -24.634 3.327
12.511 -22.237 6.260
14.103 -18.912 5.405
15.751 -16.402 7.734
12.747 -14.234 6.838
10.364 -16.712 8.511
11.771 -15.868 11.964
8.884 -14.390 13.991
6.243 -15.191 16.605
3.486 -17.495 15.441
0.051 -17.312 17.072
-2.817 -19.736 16.728
-6.352 -18.486 17.221
-9.913 -19.735 16.943
-13.486 -19.002 17.853
-14.246 -20.303 21.329
-16.480 -23.370 21.713
-19.465 -21.025 22.173
-18.614 -19.509 18.799
-19.065 -16.056 20.308
-15.549 -14.772 20.849
-11.961 -15.190 19.684
-9.185 -16.877 21.594
-5.431 -16.743 21.015
-2.624 -19.107 21.947
0.349 -17.543 23.728
2.480 -17.564 20.593
5.506 -19.623 19.594
8.857 -17.890 19.065
10.338 -19.390 15.906
14.108 -19.179 15.570
15.750 -20.026 12.237
