16.301 26.004 10.984
17.211 24.868 7.483
15.773 21.417 6.747
18.509 18.744 6.586
19.549 17.836 3.055
17.409 15.418 1.045
18.980 12.022 0.456
19.607 11.587 -3.279
19.256 8.379 -5.277
21.761 7.043 -7.816
20.076 9.201 -10.511
20.446 12.365 -8.403
16.757 12.623 -7.447
15.394 13.249 -3.950
14.243 10.133 -2.138
10.542 10.182 -1.296
8.367 8.312 1.162
6.191 5.563 -0.340
8.623 4.872 -3.178
10.619 1.640 -3.567
14.416 1.779 -3.359
17.223 -0.728 -3.190
19.988 -0.115 -0.649
23.160 -0.967 -2.565
26.802 -1.249 -1.484
29.206 1.390 -2.752
32.291 -0.835 -2.257
32.086 -3.509 -4.936
33.041 -7.177 -4.822
31.611 -8.036 -1.394
27.896 -8.706 -1.931
24.731 -7.277 -3.453
21.919 -5.102 -2.155
20.059 -5.507 1.124
17.536 -8.297 1.483
15.875 -10.598 4.020
16.998 -14.018 5.214
16.364 -16.517 7.974
19.821 -16.483 9.654
19.393 -18.107 13.054
17.324 -20.750 14.764
13.798 -19.809 13.655
12.599 -18.762 10.183
10.697 -15.693 11.463
11.041 -12.811 11.893
13.454 -12.440 8.978
16.754 -10.628 9.446
18.210 -7.876 7.268
21.282 -9.072 5.363
23.425 -8.141 2.399
22.777 -10.427 -0.614
25.593 -12.917 -1.133
25.576 -12.371 -4.899
27.080 -9.118 -6.198
24.737 -9.031 -9.215
21.614 -8.913 -7.017
19.933 -5.631 -6.074
18.253 -7.431 -3.151
14.672 -6.499 -2.204
12.966 -3.123 -2.494
12.084 -1.106 0.573
10.577 2.197 1.638
11.411 4.936 4.118
8.751 6.735 6.190
9.783 9.871 8.093
9.011 10.140 11.791
6.951 13.271 11.029
4.088 11.439 9.110
3.119 14.368 6.879
6.700 14.807 5.503
7.378 13.312 2.032
11.106 13.911 1.386
13.660 11.491 2.857
16.364 13.625 4.495
19.593 12.951 6.318
19.861 13.196 10.085
16.173 12.260 10.460
14.488 9.218 11.999
12.631 6.844 9.642
10.773 3.572 9.735
12.334 1.322 7.062
10.442 -1.687 5.661
10.749 -4.092 2.752
7.810 -3.839 0.332
6.953 -7.403 -0.692
5.338 -10.128 1.384
7.488 -12.876 2.881
7.175 -16.316 4.486
6.528 -14.588 7.853
3.414 -13.026 9.345
5.761 -10.666 11.236
6.358 -7.341 9.528
9.337 -6.432 7.376
9.822 -3.227 9.413
13.418 -2.883 10.632
14.100 -3.120 14.363
17.386 -3.132 16.235
17.813 -6.003 18.720
20.556 -6.823 21.219
21.994 -10.327 20.932
23.046 -11.626 24.372
25.411 -14.273 22.912
27.457 -11.940 20.652
27.012 -8.545 22.334
26.031 -7.151 18.896
22.992 -5.043 18.133
21.549 -6.496 14.923
18.942 -5.249 12.479
16.020 -7.687 12.448
12.367 -7.163 11.473
8.928 -7.520 13.097
8.890 -3.823 14.072
5.686 -1.861 14.761
5.105 1.251 12.548
4.713 4.785 13.874
3.999 5.674 17.504
7.405 7.373 17.881
8.686 7.271 21.478
10.132 4.822 24.031
7.618 2.141 22.986
9.096 1.984 19.434
12.612 3.301 20.184
14.365 0.454 18.357
12.443 0.977 15.078
13.926 4.321 13.989
16.889 4.679 11.623
18.819 7.545 10.060
20.693 8.062 6.844
23.846 10.187 7.125
26.311 11.500 4.576
29.453 9.413 4.136
31.953 10.989 1.731
30.102 11.049 -1.641
27.469 8.501 -0.561
25.713 7.493 2.674
25.685 5.290 5.730
22.840 3.971 7.880
22.806 4.970 11.552
20.822 4.030 14.634
20.487 6.981 16.990
16.834 7.818 17.600
15.709 11.151 18.977
12.053 10.081 19.388
12.312 9.838 23.195
13.937 12.751 25.028
14.299 10.836 28.359
15.620 7.669 26.672
19.313 6.868 26.344
19.629 4.707 23.205
22.915 2.984 22.387
23.817 4.677 19.091
26.035 3.587 16.245
26.790 3.354 12.561
25.435 0.265 10.834
28.021 -2.107 9.332
28.329 -5.725 8.242
28.808 -8.478 10.853
29.099 -12.125 9.831
26.831 -14.470 11.798
25.969 -18.056 10.812
27.602 -17.351 7.438
25.288 -14.376 6.665
26.273 -10.771 6.086
24.119 -9.348 8.869
23.716 -5.665 9.674
24.770 -4.520 13.135
26.102 -1.485 14.948
29.756 -1.383 13.931
33.034 0.498 14.069
33.139 0.120 10.261
30.203 1.868 8.521
28.712 0.088 5.514
28.748 2.699 2.698
25.515 2.669 0.717
23.687 4.310 -2.140
19.985 4.224 -3.008
18.688 2.962 -6.354
15.106 3.747 -7.316
13.489 0.356 -8.019
