26.345 21.245 116.078
24.453 20.946 112.794
20.843 21.183 111.548
19.535 18.654 109.053
17.348 20.554 106.577
16.803 18.047 103.801
17.545 14.377 103.194
17.211 12.517 99.920
18.636 9.765 97.779
18.659 8.495 94.235
19.450 5.375 92.233
22.072 6.219 89.616
21.214 5.694 85.941
22.625 2.486 84.327
23.955 1.492 87.697
22.345 -1.914 87.976
24.706 -4.368 89.636
27.617 -1.961 89.806
28.297 -3.135 93.411
26.834 -6.375 94.770
27.473 -7.456 98.358
26.819 -11.136 98.908
26.469 -12.812 102.306
27.653 -16.402 101.937
28.982 -19.386 103.880
32.414 -17.753 103.312
31.283 -14.450 104.860
30.675 -11.185 103.033
32.120 -10.664 99.546
31.702 -7.657 97.266
31.486 -7.975 93.484
32.090 -4.953 91.262
30.992 -4.895 87.618
31.406 -1.216 86.687
33.548 1.886 87.090
32.133 3.262 90.344
34.552 6.237 90.862
33.646 7.432 87.354
29.994 6.521 87.579
29.706 8.286 90.834
30.864 11.783 90.314
29.592 11.767 86.711
26.002 11.106 87.898
25.949 13.030 91.184
24.995 16.443 89.797
21.221 16.074 89.638
20.723 15.053 93.309
23.415 17.600 94.277
21.716 20.498 92.478
18.319 19.557 93.895
19.854 19.246 97.382
21.415 22.710 97.462
18.142 24.367 96.442
17.329 24.240 100.177
20.591 26.054 100.940
19.887 28.730 98.318
22.088 26.978 95.764
25.447 28.247 96.863
28.430 27.337 94.712
30.261 24.086 95.500
33.238 25.770 97.181
30.905 27.727 99.527
29.537 24.480 100.938
31.315 22.416 103.576
31.673 18.764 102.647
31.317 15.505 104.571
31.770 12.830 101.986
31.980 9.123 102.659
35.776 8.456 102.358
35.311 5.588 99.935
38.816 5.835 98.598
41.420 8.426 97.781
40.580 8.152 94.060
36.828 8.733 94.450
37.555 11.767 96.620
39.989 12.997 93.923
37.325 12.598 91.246
34.824 14.543 93.322
37.295 17.435 93.661
38.100 17.514 89.909
34.468 17.249 88.759
33.325 20.109 90.968
36.663 21.971 90.875
36.907 22.029 94.687
39.632 23.789 96.575
41.985 21.236 98.156
40.791 22.533 101.523
37.209 21.294 100.996
37.753 17.557 101.394
40.315 17.849 104.196
38.039 16.727 107.084
37.082 13.749 104.942
40.698 12.821 104.132
41.657 13.367 107.795
39.347 10.456 108.611
40.569 8.293 105.703
44.100 8.983 106.900
43.618 8.253 110.577
40.988 5.560 110.437
40.579 4.127 106.942
37.230 3.320 105.374
34.936 2.304 108.213
32.026 1.746 105.871
28.862 3.487 107.158
30.451 5.043 110.221
33.109 6.896 108.251
31.044 9.930 107.260
29.860 10.377 110.894
33.524 10.485 111.993
33.963 13.140 109.290
30.980 15.099 110.589
32.717 15.042 113.968
36.072 16.037 112.507
34.415 19.018 110.848
33.236 20.519 114.093
36.582 19.728 115.628
38.609 21.453 112.942
36.248 24.398 113.261
36.807 24.487 117.004
40.575 24.241 116.670
40.786 26.974 114.043
38.269 29.162 115.840
36.080 29.168 112.678
32.814 31.113 112.533
30.689 28.005 112.011
30.832 24.345 112.883
31.406 23.925 109.134
34.812 25.624 109.132
33.089 28.928 108.411
30.661 27.671 105.781
26.954 28.202 106.355
25.620 25.214 104.436
27.011 21.797 103.719
26.346 18.356 102.332
26.641 14.914 103.907
27.142 12.386 101.112
27.010 8.606 101.298
27.137 6.241 98.322
26.993 2.459 97.887
25.184 -0.640 96.439
22.250 -0.403 94.008
24.388 2.524 93.162
22.592 4.604 95.660
23.701 8.117 96.450
22.449 9.476 99.754
22.573 13.181 100.582
21.579 15.323 103.558
21.844 19.105 103.533
23.166 20.565 106.770
23.177 24.023 108.204
26.253 24.758 110.321
25.944 26.569 113.640
27.607 29.862 114.616
30.450 29.226 117.031
30.595 32.733 118.455
34.156 33.176 117.189
