3.149 65.345 14.952
6.442 64.898 16.813
6.625 66.842 20.064
8.701 70.006 19.689
11.085 71.275 22.352
8.727 74.204 23.002
5.778 71.866 23.540
7.806 69.505 25.743
8.898 72.453 27.892
5.238 73.483 28.314
4.369 69.934 29.414
7.259 69.971 31.903
6.246 73.348 33.374
2.675 72.159 33.859
3.786 68.895 35.487
6.398 70.467 37.753
4.904 73.958 38.348
8.174 75.775 37.634
9.449 78.298 35.113
11.646 76.232 32.830
14.056 79.087 32.074
15.000 79.062 35.786
15.068 75.266 36.336
18.308 73.400 37.012
16.875 70.035 35.893
14.658 70.196 32.820
12.748 66.934 32.284
11.811 66.421 28.614
12.013 62.628 28.581
9.490 60.170 27.249
7.304 62.543 25.259
4.313 61.178 23.354
4.637 61.630 20.416
8.393 61.374 20.862
10.631 64.358 20.326
12.512 64.012 17.052
14.598 67.215 16.859
16.539 69.352 19.262
16.078 73.004 18.387
16.793 76.622 19.268
14.151 76.661 22.014
16.773 74.922 24.179
18.602 78.279 24.255
15.900 79.508 26.648
16.981 77.018 29.343
19.544 79.379 30.778
19.658 77.840 34.276
19.761 74.234 33.107
22.455 72.017 34.629
20.817 68.665 33.739
18.941 68.368 30.432
16.955 65.100 30.240
15.965 64.361 26.634
16.073 60.586 27.065
13.473 58.157 25.728
12.545 60.031 22.547
13.261 59.579 18.824
16.143 62.043 18.453
18.492 61.185 15.593
20.952 64.088 15.798
22.591 65.976 18.639
22.063 69.671 17.834
21.065 73.082 19.137
22.901 73.162 22.462
23.819 76.886 22.360
22.637 79.166 25.143
22.813 76.666 28.025
25.823 78.215 29.717
25.734 76.060 32.878
24.935 72.628 31.391
26.693 69.851 33.339
24.713 66.690 32.441
23.426 65.987 28.943
21.049 63.018 29.085
20.089 61.468 25.719
19.736 57.759 26.513
17.168 55.718 24.570
17.131 57.757 21.386
18.280 57.072 17.783
21.638 58.857 17.854
24.507 57.555 15.750
27.211 60.228 16.121
28.876 62.238 18.872
28.883 65.747 17.395
27.692 69.364 17.781
28.771 69.666 21.410
31.153 72.622 21.111
28.688 74.995 22.764
28.717 72.970 26.009
32.293 71.649 26.015
33.441 74.257 28.541
30.973 73.069 31.201
29.788 69.538 30.327
30.822 67.002 32.972
28.569 64.030 32.124
27.211 62.556 28.920
24.499 59.933 29.387
23.790 58.330 26.054
23.114 54.624 26.706
20.766 52.750 24.338
21.611 54.637 21.156
23.311 53.461 17.956
26.749 55.043 18.345
29.485 53.048 16.603
32.238 55.683 16.644
33.567 57.728 19.528
35.027 60.326 17.158
33.989 63.721 18.505
34.083 62.692 22.182
37.511 64.322 22.489
35.925 67.773 22.359
34.344 67.177 25.797
37.554 68.111 27.586
35.879 68.395 31.011
33.992 65.092 30.842
34.012 63.090 34.087
31.209 60.557 33.420
30.339 58.764 30.163
27.379 56.377 30.318
26.988 54.648 26.977
25.768 51.132 27.605
24.092 49.298 24.755
25.543 51.235 21.849
27.384 49.796 18.834
31.094 50.056 19.713
32.862 47.020 18.241
36.594 47.450 18.772
39.352 48.823 20.965
40.327 51.592 18.545
37.186 53.445 19.582
38.030 53.140 23.293
41.509 54.516 22.545
39.791 57.790 21.687
38.775 58.198 25.332
42.401 58.379 26.473
42.441 62.104 25.637
39.833 62.891 28.334
42.030 63.825 31.297
39.114 63.994 33.766
37.170 60.868 32.750
36.579 58.782 35.883
33.330 56.804 35.375
32.640 54.834 32.184
29.850 52.438 31.210
30.284 50.240 28.109
28.208 47.173 29.070
26.113 45.851 26.217
28.237 47.253 23.420
29.511 44.518 21.044
33.079 44.982 22.356
31.921 44.271 25.909
29.739 41.379 24.777
32.670 39.782 22.911
34.486 39.312 26.197
31.383 38.295 28.153
30.631 35.638 25.521
34.083 34.161 26.198
33.659 34.449 30.001
36.464 37.020 29.914
34.893 40.197 31.291
37.806 40.418 33.742
40.214 40.615 30.792
38.085 43.300 29.155
38.297 45.388 32.340
42.101 45.232 32.341
42.162 46.264 28.684
40.002 49.294 29.494
42.230 50.344 32.402
45.374 49.818 30.290
44.027 52.519 27.992
42.430 54.703 30.691
44.892 54.502 33.594
43.074 56.932 35.914
39.553 55.526 35.457
37.867 55.066 38.821
34.672 53.179 38.001
33.839 50.883 35.091
30.382 49.430 34.328
29.127 50.389 37.768
32.020 48.650 39.566
35.027 50.434 41.085
38.345 49.736 39.420
40.064 47.543 41.980
43.668 48.258 42.956
44.462 44.725 41.678
43.073 45.665 38.263
45.047 48.873 38.169
48.217 46.992 39.085
47.564 44.344 36.404
47.098 47.101 33.856
50.272 48.842 35.084
52.526 45.790 35.055
51.418 45.211 31.444
51.126 48.825 30.149
