17.915 37.516 14.022
15.158 36.555 16.406
13.995 40.119 16.630
13.707 40.393 12.805
11.716 37.111 12.763
9.337 38.610 15.355
8.953 41.889 13.450
10.335 43.907 16.349
9.520 47.625 16.117
11.062 50.311 18.419
9.516 53.713 19.005
9.630 56.555 21.448
12.396 57.360 23.873
12.906 57.233 27.548
14.844 55.724 30.442
12.120 53.085 30.732
11.005 50.589 28.092
7.415 49.387 27.670
7.099 46.051 25.800
3.759 45.388 24.153
2.782 41.759 23.559
-0.373 41.039 21.568
-2.483 37.958 22.311
-3.957 35.173 20.237
-5.417 36.097 16.883
-3.902 39.562 16.664
-0.485 41.101 15.979
1.357 44.204 17.226
-1.050 46.387 15.220
-3.563 45.790 18.021
-1.706 48.412 20.071
-2.105 51.244 17.598
-4.397 53.394 19.811
-2.243 52.933 22.954
1.081 53.879 21.369
0.365 57.647 21.083
-0.026 57.850 24.859
3.363 56.218 25.435
5.682 57.593 22.755
6.624 60.839 24.544
7.386 59.169 27.892
8.819 55.715 27.154
10.781 53.716 24.685
8.374 51.101 23.323
9.215 47.662 21.876
6.513 45.877 19.931
6.802 42.339 18.563
4.733 39.591 16.995
4.692 36.186 18.606
5.820 33.305 16.467
2.940 31.989 14.377
1.163 35.308 13.968
0.262 35.657 10.291
2.906 38.359 9.870
5.632 35.825 10.769
7.306 33.267 8.506
5.662 29.837 8.808
9.047 28.187 8.310
10.060 29.365 11.773
7.006 27.865 13.535
8.194 24.827 15.510
5.065 22.788 16.266
6.757 21.050 19.211
7.983 24.216 20.917
4.774 26.167 20.430
2.529 23.364 21.693
3.272 24.616 25.207
3.486 28.211 26.461
7.080 27.926 27.658
8.423 28.217 24.129
6.871 31.658 23.889
8.368 32.662 27.268
11.851 31.666 26.235
11.484 33.419 22.847
10.467 36.608 24.717
13.630 36.500 26.858
15.735 36.229 23.699
13.988 39.227 22.098
14.508 41.438 25.207
18.176 40.421 25.332
18.705 41.189 21.636
17.480 44.725 22.224
19.254 45.127 25.540
16.016 45.686 27.339
15.788 45.177 31.112
13.449 46.161 33.918
10.725 46.590 31.328
7.054 47.339 31.802
5.496 44.390 29.961
1.920 44.796 28.737
0.302 41.662 27.388
-3.046 40.333 26.348
-4.026 36.963 27.938
-1.566 34.111 26.849
1.159 36.852 26.244
0.851 38.190 29.768
1.115 34.640 31.110
4.122 33.931 28.870
5.796 36.996 30.379
4.884 35.849 33.913
6.627 32.541 33.298
9.604 34.324 31.711
9.860 36.575 34.758
10.471 33.574 37.037
13.638 32.812 35.070
14.646 36.419 34.376
13.157 38.727 36.974
15.866 41.251 36.050
14.134 41.763 32.687
10.763 42.835 34.147
9.822 45.751 36.382
6.094 44.928 36.271
3.536 43.009 34.210
0.306 44.611 33.012
-2.035 41.756 32.126
-5.197 42.173 30.061
-7.628 39.269 30.562
-5.170 36.708 31.930
-6.081 33.143 32.838
-3.810 30.381 34.115
-6.156 27.672 32.824
-9.427 27.178 30.943
-10.494 23.639 31.834
-12.561 23.115 34.970
-11.579 20.783 37.815
-13.427 19.932 41.026
-11.637 22.800 42.787
-11.040 25.353 39.945
-13.517 26.965 37.487
-11.872 28.090 34.242
-15.081 28.244 32.214
-14.695 25.124 30.022
-15.538 21.474 30.568
-13.051 18.838 29.471
-15.500 16.485 27.787
-17.094 19.297 25.757
-13.680 20.666 24.789
-12.703 17.174 23.634
-15.653 17.094 21.202
-14.937 20.537 19.888
-11.257 19.923 19.382
-11.808 16.590 17.614
-13.228 18.438 14.573
-11.408 21.730 15.019
-9.149 21.509 11.976
-11.862 21.132 9.364
-14.078 23.671 11.149
-11.534 26.307 12.146
-13.104 29.163 10.227
-16.757 28.374 10.888
-16.133 27.789 14.615
-13.987 30.891 14.981
-16.472 33.133 13.138
-19.389 31.592 14.981
-17.897 32.260 18.400
-16.055 35.515 17.808
-18.975 37.856 18.467
-19.374 36.471 22.021
-15.655 36.198 22.545
-15.220 39.864 21.664
-18.686 40.983 22.826
-19.316 42.868 19.615
-21.395 42.351 16.539
-20.204 40.230 13.575
-20.383 43.340 11.301
-18.559 45.741 13.656
-15.204 47.379 12.944
-13.623 45.553 15.894
-14.822 42.148 14.644
-13.551 43.123 10.962
-10.147 43.856 12.513
-9.881 40.725 14.694
-10.884 38.442 11.836
-8.367 40.115 9.500
-5.474 39.038 11.706
-6.992 35.754 12.912
-7.448 34.440 9.412
-3.950 35.727 8.440
-2.462 32.758 10.423
-1.723 29.636 8.437
-4.540 27.284 9.468
-2.377 24.472 10.852
-0.446 27.012 12.941
-3.663 28.566 14.249
-4.911 25.156 15.295
-1.622 24.363 17.086
-1.776 27.628 19.070
-5.466 27.074 19.792
-4.830 23.626 21.221
-1.937 24.980 23.320
-4.217 27.587 24.881
-6.981 25.104 25.547
-4.545 22.809 27.381
-2.939 25.486 29.620
-2.280 24.856 33.257
0.019 27.520 34.581
-1.195 27.229 38.175
2.017 25.586 39.396
4.044 28.652 38.386
1.979 31.329 40.076
3.480 31.265 43.546
6.968 31.768 42.010
6.032 34.826 40.102
7.383 37.699 42.165
7.305 40.664 39.802
4.376 43.029 40.477
1.305 42.086 38.404
-1.467 44.435 37.335
-4.536 42.380 36.386
-7.049 44.157 34.129
-10.328 42.347 33.403
-13.647 42.887 31.666
-16.689 42.533 33.904
-18.000 39.864 31.483
-15.532 37.722 29.499
-16.533 34.273 28.243
-12.907 33.100 28.381
-12.116 34.385 31.934
-14.579 33.915 34.778
-14.393 37.104 36.881
-13.201 35.071 39.930
-10.003 34.186 38.112
-8.768 37.734 38.815
-9.034 37.157 42.553
-7.539 33.692 42.244
-4.473 35.259 40.594
-4.130 37.889 43.346
-4.295 35.182 46.015
-1.828 32.821 44.291
0.795 35.072 42.679
3.956 35.273 44.759
4.485 39.030 44.533
2.280 42.073 44.864
-0.696 42.496 42.576
-3.654 44.689 41.823
-6.963 43.624 40.250
-9.084 46.090 38.286
-12.358 44.973 36.739
-13.544 47.427 34.103
-17.073 48.257 32.886
-16.337 46.469 29.631
-17.417 43.217 28.055
-15.348 40.881 25.924
-11.998 39.160 26.014
-10.158 41.856 23.968
-11.414 45.057 25.567
-8.306 46.920 24.370
-9.510 46.242 20.805
-13.279 46.519 21.217
-13.669 49.140 23.985
-10.556 51.319 23.785
-12.266 54.436 25.184
-12.681 52.670 28.553
-9.693 50.340 28.371
-6.819 52.561 27.240
-7.039 54.917 30.198
-6.992 51.921 32.579
-3.995 50.318 30.860
-2.144 53.658 30.911
-2.631 54.142 34.546
-1.222 50.693 35.343
1.730 51.378 33.031
2.415 54.783 34.540
1.792 54.049 38.253
3.686 51.428 40.242
2.180 49.620 43.230
5.555 49.036 44.842
8.592 51.269 45.597
