-28.460 -22.341 31.806
-26.094 -19.505 30.989
-22.566 -18.191 31.432
-21.986 -14.765 32.958
-19.640 -12.890 30.634
-16.942 -10.550 31.888
-18.986 -7.732 30.301
-21.746 -8.425 32.816
-24.205 -10.009 30.380
-25.462 -13.584 30.445
-24.887 -15.844 27.434
-26.958 -19.036 26.972
-24.905 -22.184 27.198
-26.858 -23.789 24.292
-27.705 -21.939 21.088
-28.536 -22.520 17.437
-25.744 -22.477 14.836
-26.598 -20.798 11.549
-23.746 -21.877 9.216
-25.218 -23.655 6.154
-28.794 -23.107 7.333
-30.439 -22.870 3.915
-31.589 -19.401 2.830
-34.946 -20.530 1.448
-36.066 -21.986 4.800
-33.817 -20.153 7.265
-36.445 -17.712 8.595
-38.894 -20.545 9.296
-36.151 -22.604 10.914
-35.106 -19.745 13.194
-38.699 -18.942 14.138
-39.445 -22.561 15.023
-36.180 -22.821 16.968
-37.354 -19.865 19.075
-40.695 -21.631 19.512
-38.884 -24.776 20.670
-36.912 -22.738 23.160
-33.654 -21.626 21.551
-32.592 -18.155 22.643
-29.053 -17.806 21.260
-28.403 -17.620 17.513
-24.889 -17.816 16.105
-24.765 -15.790 12.877
-21.923 -14.306 10.812
-21.449 -11.831 7.969
-19.890 -14.730 6.014
-22.935 -16.979 6.228
-25.141 -15.055 3.807
-28.411 -15.698 5.649
-28.397 -12.663 7.956
-31.606 -11.185 6.532
-33.463 -14.478 6.814
-32.284 -14.935 10.394
-33.572 -11.448 11.140
-36.931 -12.205 9.553
-37.329 -15.244 11.792
-36.346 -13.297 14.905
-38.628 -10.389 14.115
-41.548 -12.713 13.441
-41.232 -14.157 16.936
-40.856 -10.665 18.389
-43.899 -9.375 16.501
-45.992 -12.302 17.771
-44.745 -11.727 21.311
-43.261 -15.226 21.610
-40.173 -13.658 23.156
-38.830 -10.235 24.090
-35.676 -8.911 22.427
-33.729 -8.956 25.680
-34.388 -12.710 26.003
-32.521 -13.343 22.748
-28.740 -13.457 22.415
-27.646 -12.683 18.848
-24.027 -13.252 17.845
-22.469 -12.083 14.630
-18.899 -12.053 13.360
-16.710 -9.488 11.558
-15.466 -11.073 8.347
-11.819 -10.984 7.270
-12.474 -8.255 4.667
-13.355 -5.694 7.363
-10.382 -5.650 9.761
-9.286 -2.134 8.849
-10.544 -0.026 11.807
-12.329 2.372 9.466
-14.466 -0.559 8.205
-15.348 -2.182 11.554
-18.246 0.100 12.458
-19.431 -0.076 8.864
-19.548 -3.842 9.157
-21.594 -3.785 12.353
-24.070 -1.331 10.810
-24.420 -3.697 7.838
-25.271 -6.594 10.178
-27.873 -4.547 12.039
-29.388 -3.293 8.791
-29.626 -6.799 7.304
-30.978 -8.400 10.464
-33.253 -5.422 11.245
-32.042 -5.248 14.834
-31.073 -2.278 16.993
-28.116 -4.069 18.592
-26.412 -7.432 18.676
-25.380 -9.177 21.879
-21.939 -10.350 20.727
-19.672 -9.251 17.851
-16.664 -11.509 17.196
-13.565 -11.078 15.071
-14.272 -14.137 12.912
-10.606 -14.962 12.174
-7.148 -13.464 12.866
-6.949 -12.921 9.104
-7.175 -9.560 7.283
-8.365 -9.719 3.650
-8.298 -6.746 1.304
-11.548 -4.842 1.718
-14.301 -5.438 -0.842
-17.263 -3.004 -0.923
-20.632 -4.409 0.126
-22.145 -3.503 -3.226
-19.380 -5.289 -5.131
-19.869 -8.643 -3.344
-21.685 -9.579 -0.156
-20.807 -11.830 1.493
-17.367 -11.428 -0.082
-16.140 -14.783 1.192
-12.680 -15.401 -0.318
-12.966 -12.673 -2.972
-10.236 -10.005 -2.596
-10.765 -7.837 -5.668
-8.735 -9.912 -8.128
-10.286 -13.086 -9.486
-9.363 -16.063 -7.300
-6.232 -14.382 -5.927
-6.103 -13.611 -2.214
-4.887 -10.193 -1.109
-4.405 -9.016 2.463
-4.285 -5.883 4.602
-1.442 -4.947 6.945
-3.707 -4.302 9.915
-2.427 -5.717 13.199
-5.103 -7.495 15.168
-4.856 -4.967 17.992
-5.924 -2.174 15.639
-9.063 -4.109 14.719
-9.672 -4.891 18.397
-9.517 -1.213 19.410
-12.205 -0.545 16.815
-14.324 -3.346 18.292
-13.844 -1.756 21.716
-15.371 1.486 20.435
-18.458 -0.440 19.280
-19.337 -1.424 22.855
-19.548 2.225 23.948
-22.544 2.995 21.759
-24.138 -0.241 22.943
-24.861 -1.503 19.407
-22.666 -4.490 20.329
-23.229 -5.354 23.981
-20.187 -7.641 24.143
-17.232 -8.276 21.851
-14.902 -11.197 21.317
-12.679 -13.223 19.032
-12.775 -16.481 17.117
-10.076 -18.855 15.809
-7.304 -17.077 17.758
-4.535 -19.215 19.219
-3.606 -18.734 22.844
-0.377 -16.999 21.863
-2.378 -14.400 19.899
-4.782 -13.881 22.810
-1.844 -13.493 25.224
-0.484 -10.660 23.068
-3.857 -9.079 22.392
-4.635 -8.690 26.103
-1.446 -6.630 26.447
-3.053 -3.902 24.350
-6.713 -4.426 25.242
-8.721 -1.995 27.327
-11.692 -4.410 27.202
-10.878 -8.104 27.417
-12.700 -10.318 24.899
-15.856 -11.700 26.433
-15.822 -14.864 24.310
-13.450 -16.999 22.259
-15.174 -19.234 19.691
-13.106 -22.159 18.369
-13.388 -25.549 16.697
-13.783 -27.956 19.596
-14.647 -31.651 19.685
-13.023 -34.830 21.018
-10.596 -35.046 18.090
-9.325 -31.486 18.763
-9.384 -30.759 22.497
-6.594 -28.115 22.772
-6.690 -28.437 26.578
-4.032 -25.865 27.405
-5.802 -23.308 25.227
-9.033 -24.018 27.121
-7.265 -23.740 30.479
-5.424 -20.479 29.726
-8.458 -18.774 28.199
-10.898 -19.761 30.952
-8.320 -18.663 33.556
-8.624 -15.187 32.012
-12.379 -15.088 32.613
-13.041 -15.411 28.888
-15.960 -17.641 27.947
-15.487 -20.280 25.269
-17.968 -21.293 22.573
-17.323 -24.532 20.726
-18.091 -25.004 17.064
-18.239 -28.184 15.023
-18.985 -30.168 18.214
-19.777 -33.175 15.993
-16.311 -33.068 14.510
-16.242 -34.107 10.851
-20.031 -34.264 10.395
-20.567 -30.621 9.421
-18.005 -30.988 6.627
-19.218 -34.175 4.881
-21.736 -32.282 2.721
-18.818 -30.162 1.444
-16.844 -33.317 0.495
-14.045 -32.322 2.871
-11.694 -35.196 2.100
-10.292 -35.440 5.633
-13.759 -35.412 7.190
-14.876 -38.089 4.715
-12.004 -40.338 5.937
-12.542 -39.708 9.696
-14.406 -42.283 11.845
-17.638 -40.628 12.905
-17.814 -39.575 16.548
-21.405 -40.885 16.537
-20.213 -44.488 16.189
-16.969 -44.233 18.168
-16.974 -46.872 20.893
-15.788 -44.480 23.612
-18.748 -42.215 22.866
-21.393 -44.874 22.285
-20.493 -46.699 25.497
-20.925 -43.458 27.450
-24.203 -42.739 25.647
-25.344 -46.280 26.598
-24.980 -45.433 30.296
-27.352 -42.459 30.281
-29.978 -43.374 27.647
-28.691 -40.463 25.577
-27.657 -40.344 21.950
-23.963 -40.096 21.037
-24.704 -36.589 19.743
-26.058 -35.608 23.172
-22.879 -36.923 24.887
-20.725 -34.962 22.442
-22.603 -31.730 23.230
-22.795 -32.215 26.985
-19.066 -33.012 27.054
-18.568 -29.347 26.164
-21.373 -27.643 28.073
-20.652 -29.480 31.347
-17.197 -27.869 31.184
-18.816 -24.408 30.791
-18.013 -24.386 27.079
-21.052 -23.046 25.228
-22.425 -24.983 22.269
-24.205 -23.984 19.059
-25.302 -27.208 17.316
-26.717 -26.655 13.839
-29.590 -28.475 12.220
-31.970 -27.851 9.354
-33.921 -30.808 10.773
-36.756 -29.799 13.139
-36.594 -33.247 14.856
-32.971 -33.069 16.161
-33.605 -29.460 17.141
-35.120 -30.559 20.435
-32.607 -33.317 21.223
-29.797 -30.777 20.756
-31.450 -28.311 23.162
-31.992 -30.877 25.935
-28.449 -31.921 26.743
-27.869 -30.342 30.176
-30.135 -32.622 32.222
-27.532 -35.347 32.632
-23.896 -35.353 33.756
-20.864 -37.207 32.481
-18.639 -38.799 35.100
-15.021 -38.017 35.835
-14.091 -41.381 34.257
-16.054 -40.421 31.127
-13.994 -37.235 30.753
-10.835 -39.292 31.239
-11.936 -41.642 28.475
-12.994 -38.897 26.063
-9.691 -37.125 26.723
-7.877 -40.044 25.039
-9.515 -39.245 21.701
-7.560 -36.003 21.237
-5.454 -36.197 18.095
-5.148 -32.520 17.094
-7.398 -33.195 14.115
-8.551 -29.815 12.791
-11.146 -29.671 9.999
-11.557 -25.877 9.629
-8.040 -24.779 8.800
-7.429 -21.628 6.736
-4.081 -23.178 5.673
-6.074 -24.828 2.881
-7.666 -21.610 1.533
-4.758 -19.844 -0.205
-2.213 -22.139 -1.845
0.016 -19.210 -2.928
0.316 -17.487 0.483
-0.312 -20.130 3.160
-2.361 -18.752 6.068
-0.459 -20.038 9.105
-2.736 -19.117 12.003
-2.829 -22.717 13.308
0.658 -23.853 12.247
