7.583 2.390 -3.259
3.800 2.533 -3.547
1.787 4.843 -1.277
-1.847 5.808 -0.760
-3.450 9.245 -0.630
-7.017 10.246 0.176
-7.720 13.782 -1.019
-10.831 15.851 -0.391
-11.438 18.073 -3.394
-11.784 21.814 -2.932
-13.860 23.681 -5.524
-13.480 20.753 -7.916
-9.669 20.445 -7.739
-7.090 18.209 -6.061
-4.397 20.885 -6.194
-2.089 19.178 -8.654
-1.723 18.575 -12.376
-0.316 15.664 -14.377
1.896 14.994 -17.382
2.160 11.917 -19.505
0.024 9.151 -20.909
0.564 6.373 -23.447
0.399 8.922 -26.281
3.349 10.917 -24.863
7.092 10.304 -24.535
7.321 10.282 -20.711
9.013 7.165 -19.240
6.749 4.112 -19.649
3.939 6.300 -20.966
2.993 6.835 -17.324
1.127 9.615 -15.553
3.333 11.879 -13.409
2.519 14.627 -10.924
3.422 17.886 -12.649
2.682 20.892 -10.459
1.404 21.072 -6.900
-0.511 24.161 -5.756
0.627 25.627 -2.403
-2.220 25.311 0.071
-4.125 22.945 -2.190
-5.452 19.553 -1.143
-2.360 17.596 -2.243
-0.031 20.122 -0.605
-1.890 20.031 2.712
-2.118 16.232 2.831
1.650 16.212 2.350
2.553 12.892 0.723
2.485 13.675 -2.986
5.720 14.888 -4.574
6.276 16.398 -8.009
7.473 13.638 -10.318
5.731 10.773 -8.514
3.874 8.356 -10.799
0.100 8.244 -10.425
-0.876 4.572 -10.756
-4.530 4.422 -9.783
-7.486 6.771 -9.236
-10.607 5.592 -7.367
-9.740 1.952 -7.963
-9.267 2.485 -11.726
-5.812 1.738 -13.130
-4.259 4.413 -15.340
-2.188 1.793 -17.150
-2.816 2.151 -20.882
-4.658 5.476 -20.690
-3.981 8.504 -22.846
-3.280 11.910 -21.303
-6.874 13.039 -21.853
-8.260 9.881 -20.243
-6.128 10.249 -17.096
-7.100 13.919 -16.712
-10.755 12.914 -17.037
-10.125 10.385 -14.251
-8.997 13.218 -12.011
-11.960 15.502 -12.788
-14.853 13.292 -11.615
-17.901 14.146 -9.516
-16.919 12.471 -6.248
-15.880 14.606 -3.306
-12.915 12.361 -2.475
-10.200 10.974 -4.728
-8.468 7.767 -3.648
-5.051 7.829 -5.309
-2.269 5.251 -5.526
1.194 6.506 -6.453
4.771 5.317 -6.896
7.557 7.325 -5.280
9.545 8.360 -8.380
