-9.940 -40.920 -39.503
-10.009 -44.325 -37.760
-7.353 -46.927 -38.501
-9.576 -49.983 -37.872
-12.970 -51.054 -39.218
-15.754 -51.462 -36.669
-16.586 -54.692 -38.525
-13.440 -56.224 -40.021
-14.422 -58.825 -42.642
-10.854 -60.021 -43.398
-11.108 -59.130 -47.078
-7.585 -57.680 -46.983
-4.538 -59.902 -47.248
-2.745 -58.117 -44.371
-4.006 -58.124 -40.800
-5.235 -54.754 -39.596
-2.603 -52.839 -37.599
-4.558 -52.997 -34.316
-4.232 -56.798 -34.202
-1.182 -58.357 -32.518
0.036 -61.894 -31.879
1.813 -63.242 -28.813
5.608 -63.278 -29.075
5.948 -64.649 -32.631
5.146 -63.239 -36.102
1.863 -64.002 -37.819
2.801 -66.698 -40.384
1.417 -69.972 -41.778
2.612 -71.595 -38.544
-0.466 -70.119 -36.822
-2.783 -68.669 -39.467
-3.643 -67.111 -42.805
-5.975 -64.492 -44.285
-5.394 -65.757 -47.838
-5.895 -69.540 -47.609
-9.684 -69.199 -47.314
-10.582 -65.791 -48.771
-12.528 -63.330 -46.592
-11.744 -65.324 -43.434
-9.076 -65.310 -40.793
-8.019 -68.969 -40.671
-6.249 -70.049 -37.465
-4.469 -73.407 -37.269
-4.890 -74.988 -33.833
-1.677 -74.765 -31.832
-0.808 -74.533 -28.147
-3.067 -73.569 -25.245
-3.564 -70.048 -23.917
-1.151 -70.918 -21.083
1.782 -71.395 -23.502
4.605 -68.872 -23.870
5.605 -70.391 -27.211
3.277 -70.835 -30.238
-0.347 -69.633 -29.769
-2.734 -69.286 -32.722
-4.279 -66.165 -31.216
-4.940 -62.784 -32.867
-6.047 -60.002 -30.512
-6.527 -56.262 -30.043
-6.520 -54.045 -26.969
-9.448 -53.183 -24.778
-9.533 -49.414 -25.293
-12.849 -48.465 -23.676
-14.565 -49.440 -20.446
-17.740 -50.081 -22.483
-17.693 -51.997 -25.762
-18.935 -55.044 -27.631
-16.696 -57.455 -29.518
-18.121 -60.120 -31.790
-16.948 -62.851 -34.148
-18.339 -65.798 -36.129
-16.390 -69.045 -36.320
-16.564 -72.090 -38.566
-14.985 -74.933 -36.602
-15.654 -78.682 -36.603
-13.626 -80.262 -33.799
-13.348 -84.030 -33.637
-11.743 -84.528 -30.203
-11.769 -82.722 -26.864
-8.265 -81.282 -27.435
-9.535 -78.937 -30.204
-11.204 -75.639 -29.345
-11.681 -72.270 -31.033
-13.479 -69.031 -30.259
-13.532 -65.655 -28.528
-11.023 -64.845 -25.797
-10.401 -62.074 -23.289
-6.818 -62.163 -22.179
-4.250 -60.593 -19.873
-1.416 -63.158 -19.667
-0.874 -66.920 -19.879
-2.336 -67.359 -16.352
-5.276 -64.913 -16.595
-7.917 -65.168 -19.329
-11.392 -66.368 -20.217
-12.402 -68.130 -23.427
-15.729 -68.990 -25.054
-14.857 -71.772 -27.495
-16.457 -74.292 -29.825
-15.114 -77.687 -28.779
-15.970 -81.373 -28.820
-17.331 -83.780 -26.210
-17.204 -87.543 -26.806
-20.732 -87.929 -25.392
-22.307 -84.754 -26.842
-20.614 -83.755 -30.110
-19.790 -80.104 -30.773
-20.390 -77.939 -27.706
-19.816 -74.329 -26.685
-17.646 -74.189 -23.562
-16.614 -71.337 -21.237
-13.166 -71.697 -19.662
-11.762 -69.418 -16.962
-8.139 -69.147 -15.879
-7.431 -66.959 -12.856
-3.805 -66.808 -11.740
-3.619 -70.303 -13.317
-6.601 -71.660 -11.352
-8.716 -73.273 -14.063
-12.493 -73.712 -14.127
-15.257 -74.447 -16.632
-18.295 -73.168 -14.736
-21.129 -74.038 -17.136
-23.344 -76.591 -15.386
-25.218 -77.666 -18.527
-23.219 -78.000 -21.739
-24.473 -75.968 -24.712
-24.988 -78.392 -27.618
-24.238 -77.025 -31.087
-26.310 -78.606 -33.885
-24.392 -80.228 -36.739
-26.165 -78.070 -39.343
-24.814 -74.792 -37.885
-22.035 -73.524 -40.212
-21.075 -70.464 -38.123
-21.316 -69.954 -34.369
-21.601 -66.257 -33.470
-19.818 -65.205 -30.272
-20.086 -61.928 -28.378
-18.631 -60.276 -25.311
-20.201 -57.159 -23.786
-17.760 -55.259 -21.556
-19.342 -52.914 -19.001
-16.617 -51.442 -16.747
-16.543 -53.713 -13.672
-17.951 -56.763 -15.455
-18.303 -58.367 -18.836
-20.469 -61.129 -20.150
-20.523 -63.544 -23.080
-23.426 -64.379 -25.369
-23.878 -66.481 -28.476
-26.099 -67.067 -31.489
-26.624 -69.718 -34.149
-28.377 -67.367 -36.629
-27.053 -63.892 -35.622
-30.715 -62.855 -35.145
-31.355 -63.898 -31.548
-28.581 -63.832 -28.954
-28.528 -66.308 -26.090
-27.226 -65.590 -22.591
-24.309 -67.323 -20.916
-25.185 -66.678 -17.277
-21.701 -66.307 -15.834
-20.774 -62.748 -14.777
-17.062 -62.152 -15.246
-14.966 -59.532 -13.505
-13.039 -57.107 -15.710
-10.780 -56.315 -12.770
-9.432 -59.890 -12.951
-7.822 -58.933 -16.282
-5.895 -55.984 -14.828
-2.351 -54.970 -13.867
-3.450 -54.822 -10.241
-4.867 -58.369 -9.912
-2.465 -60.755 -11.666
0.341 -62.400 -9.727
4.050 -62.263 -10.487
6.745 -59.748 -11.191
5.489 -58.742 -14.611
2.263 -56.709 -14.530
2.770 -54.318 -17.404
0.229 -54.875 -20.169
-3.580 -54.693 -20.294
-6.597 -56.662 -21.384
-6.958 -57.881 -24.992
-9.902 -59.411 -26.881
-9.576 -61.614 -29.931
-9.899 -64.821 -31.886
-8.205 -68.069 -30.974
-7.867 -71.708 -31.954
-6.053 -74.513 -30.159
-5.421 -78.124 -31.140
-3.401 -79.902 -28.493
-3.897 -83.200 -30.274
-1.395 -82.237 -33.002
-3.659 -82.176 -36.079
-3.448 -78.351 -36.546
-7.198 -78.249 -37.153
-8.214 -74.916 -38.730
-10.862 -72.500 -37.514
-12.241 -69.904 -39.935
-13.373 -66.547 -38.503
-15.671 -64.619 -40.850
-15.382 -61.197 -39.183
-14.302 -59.388 -36.042
-16.419 -56.512 -34.708
-15.028 -54.117 -32.082
-17.555 -51.387 -31.261
-17.004 -48.927 -28.408
-19.832 -46.771 -27.027
