52.596 27.150 52.731
53.025 25.358 56.140
49.743 24.745 58.011
49.613 24.707 61.807
46.905 23.872 64.317
46.273 27.598 64.846
46.432 28.439 61.102
45.603 25.205 59.268
46.097 24.748 55.577
42.747 24.416 53.853
41.789 21.815 51.313
39.256 22.268 48.555
35.880 20.624 48.872
33.016 19.457 46.643
29.754 18.710 48.419
26.460 17.518 47.017
23.279 15.657 47.845
22.873 12.285 46.105
19.311 11.229 46.863
19.354 9.919 50.429
23.069 10.623 51.039
25.095 13.795 51.406
28.581 13.458 49.925
31.663 15.597 50.559
34.996 15.088 48.791
38.321 16.687 49.731
41.498 16.922 47.659
44.058 15.620 50.179
46.863 14.150 48.064
49.849 12.423 49.561
48.532 11.948 53.108
49.545 8.893 55.131
46.469 7.251 56.644
48.091 7.450 60.076
47.549 11.224 59.807
43.893 11.374 58.749
41.453 11.990 61.567
37.717 12.587 61.261
36.020 13.862 64.408
32.225 14.035 64.663
30.586 15.989 67.477
26.803 16.409 67.249
26.241 18.017 63.786
29.839 19.138 63.128
32.369 17.074 61.192
36.033 18.091 61.471
38.607 16.717 59.049
42.243 16.856 60.079
45.252 15.691 58.118
48.961 16.187 58.222
51.619 16.144 55.571
55.092 16.165 57.152
57.472 19.036 56.519
60.418 18.342 54.247
63.628 17.204 55.967
65.433 20.507 56.696
68.654 18.919 55.432
67.135 18.273 52.002
67.788 20.929 49.350
64.573 21.190 47.353
64.738 22.775 43.885
60.958 23.356 43.990
58.739 22.955 47.036
55.317 24.297 46.088
53.149 21.571 47.563
51.377 22.608 50.787
52.619 20.890 53.939
51.826 20.703 57.642
48.381 20.607 59.257
45.228 20.595 57.132
41.856 21.105 58.774
38.337 21.929 57.760
35.108 21.894 59.806
31.669 21.246 58.320
28.498 22.297 60.108
25.851 19.845 58.933
22.104 20.242 59.120
19.908 18.356 61.540
18.674 15.881 58.910
22.196 14.460 58.479
22.713 11.178 60.368
26.267 12.091 61.342
26.518 8.973 63.495
26.363 6.882 60.331
29.160 8.676 58.492
31.224 6.566 56.070
34.686 7.744 55.052
37.077 6.559 52.380
40.425 7.720 51.060
41.542 6.837 47.575
43.505 8.499 44.782
44.300 11.312 47.196
40.596 12.144 47.688
38.932 11.908 51.100
35.246 11.101 50.520
32.595 11.393 53.250
29.114 9.916 52.884
26.457 10.949 55.422
22.919 9.501 55.211
20.144 12.063 55.057
17.406 11.331 57.582
14.531 13.716 56.939
12.312 14.526 59.912
8.586 13.835 59.631
6.134 16.587 58.670
8.734 19.277 57.915
7.904 22.943 58.230
7.132 24.785 55.009
7.247 28.543 55.529
4.767 30.527 53.463
5.551 34.131 52.500
2.898 36.868 52.649
2.671 39.364 49.788
