-28.153 -15.593 -28.399
-25.353 -15.322 -30.909
-21.898 -16.231 -29.635
-19.876 -13.134 -28.741
-16.186 -13.041 -29.607
-14.202 -10.897 -27.190
-12.277 -8.452 -29.396
-8.571 -8.770 -28.596
-7.949 -5.072 -29.511
-10.724 -3.775 -27.321
-11.931 -1.424 -29.935
-15.422 -1.112 -28.398
-15.624 -2.221 -24.735
-18.746 -0.215 -23.976
-20.656 -2.061 -26.805
-19.247 -5.515 -26.034
-20.484 -4.900 -22.468
-23.948 -3.937 -23.690
-24.145 -7.019 -25.898
-23.233 -9.344 -23.064
-25.841 -7.444 -21.023
-28.424 -8.241 -23.752
-27.323 -11.881 -24.041
-27.539 -12.385 -20.308
-27.962 -13.758 -17.851
-25.632 -16.399 -19.205
-24.106 -15.682 -22.599
-22.152 -17.829 -25.022
-18.662 -16.369 -25.469
-15.538 -17.045 -27.513
-12.156 -16.257 -26.068
-9.159 -15.532 -28.339
-7.766 -18.676 -30.003
-11.328 -19.857 -30.644
-11.968 -21.199 -27.125
-15.651 -21.517 -26.323
-16.817 -20.712 -22.726
-19.889 -19.157 -21.136
-20.181 -15.832 -19.364
-22.438 -14.483 -16.585
-23.544 -10.915 -17.319
-26.236 -10.049 -14.756
-25.721 -8.908 -11.206
-28.252 -11.133 -9.357
-27.048 -14.283 -11.129
-23.290 -13.580 -10.813
-23.676 -13.376 -7.017
-25.350 -16.793 -7.089
-22.627 -18.496 -9.177
-19.878 -16.974 -7.169
-21.344 -18.552 -3.954
-22.282 -21.968 -5.512
-19.972 -24.844 -4.419
-20.780 -26.577 -7.745
-18.753 -23.825 -9.546
-15.022 -24.392 -8.986
-11.479 -23.369 -9.943
-10.041 -26.840 -10.573
-9.119 -26.827 -14.274
-9.130 -30.626 -14.331
-12.963 -30.173 -14.246
-12.810 -28.366 -17.716
-14.028 -30.657 -20.597
-11.876 -28.694 -23.011
-8.726 -29.233 -20.833
-9.342 -32.896 -20.029
-9.569 -33.351 -23.822
-6.171 -31.437 -24.278
-7.923 -28.836 -26.596
-6.235 -25.802 -24.969
-2.882 -25.082 -26.583
0.068 -24.929 -24.148
1.193 -21.908 -26.305
-2.204 -20.087 -25.651
-1.902 -16.397 -24.797
-4.506 -16.686 -22.000
-2.850 -19.692 -20.384
-1.153 -17.378 -17.839
-4.553 -16.442 -16.406
-6.275 -19.793 -16.870
-3.549 -21.938 -15.218
-1.113 -19.833 -13.076
-0.438 -22.719 -10.652
-1.330 -23.475 -7.038
-2.233 -20.366 -5.012
-5.135 -18.886 -3.084
-6.744 -18.039 -6.490
-7.031 -21.542 -7.928
-8.320 -23.792 -5.054
-11.536 -24.029 -2.979
-13.485 -24.716 0.287
-11.349 -26.070 3.154
-8.064 -25.998 1.139
-8.612 -22.274 0.289
-8.863 -20.847 3.834
-5.297 -22.163 4.508
-3.606 -20.116 1.761
-5.838 -16.996 2.147
-5.666 -16.463 5.917
-2.231 -14.871 6.513
-2.867 -12.557 3.506
-6.495 -11.643 4.519
-5.199 -10.634 8.017
-2.382 -8.437 6.648
-4.759 -6.316 4.429
-7.580 -5.404 6.903
-8.703 -1.779 7.338
-6.776 -1.725 10.640
-3.553 -3.428 9.483
-3.421 -1.267 6.263
-4.119 2.086 7.975
-0.490 1.799 9.119
0.715 2.164 5.449
-0.933 5.585 5.046
2.119 7.494 6.196
4.029 5.680 3.440
1.380 6.290 0.730
1.098 10.024 1.536
4.924 10.112 1.308
5.071 8.542 -2.182
2.136 10.590 -3.466
3.553 13.866 -2.159
6.794 12.954 -3.983
5.113 11.999 -7.368
3.418 15.358 -7.164
6.884 17.048 -6.846
7.995 15.290 -10.087
5.008 16.714 -11.994
5.429 20.535 -12.009
9.201 19.584 -12.258
8.086 19.031 -15.886
7.706 22.008 -18.297
4.292 23.676 -17.854
2.036 24.116 -20.919
3.082 20.793 -22.488
0.825 17.699 -22.097
1.824 14.950 -19.733
0.834 11.270 -19.699
-0.787 11.037 -16.296
-0.599 7.249 -16.651
3.193 6.999 -16.916
4.158 9.806 -14.506
1.578 9.336 -11.710
-0.824 6.415 -11.951
1.669 3.638 -12.851
4.556 4.085 -10.420
2.512 4.828 -7.286
0.744 1.532 -6.605
3.760 -0.373 -7.848
6.071 1.332 -5.259
3.391 0.624 -2.606
2.901 -3.047 -3.261
6.688 -3.480 -3.791
7.189 -2.026 -0.279
4.432 -4.299 1.146
6.194 -7.454 -0.137
9.731 -6.020 0.302
10.531 -6.300 -3.430
13.783 -4.548 -4.414
13.108 -1.349 -6.405
15.884 -1.958 -9.006
13.664 -4.700 -10.604
10.835 -2.197 -11.456
11.878 -1.348 -15.045
12.264 -5.073 -15.652
8.881 -5.920 -14.036
7.186 -3.185 -16.095
8.496 -4.595 -19.382
7.394 -8.159 -18.410
3.785 -7.375 -17.369
3.371 -5.377 -20.574
3.806 -8.704 -22.472
1.893 -10.974 -20.129
-1.358 -9.032 -20.621
-1.074 -8.235 -24.350
-3.206 -10.279 -26.746
-0.708 -9.129 -29.422
2.270 -10.790 -27.726
3.540 -13.454 -30.214
2.751 -17.065 -28.958
6.399 -18.188 -29.550
7.464 -15.363 -27.131
5.177 -16.647 -24.281
7.279 -19.180 -22.377
10.517 -17.099 -22.052
8.450 -14.203 -20.673
6.919 -16.668 -18.059
10.386 -18.162 -17.577
11.867 -14.813 -16.575
8.895 -13.842 -14.299
9.489 -17.101 -12.400
13.271 -16.541 -12.264
12.628 -12.911 -11.205
10.272 -13.813 -8.349
12.415 -16.828 -7.158
15.512 -14.577 -6.978
13.783 -12.047 -4.681
12.178 -14.793 -2.506
15.732 -16.065 -1.775
16.861 -12.441 -1.116
14.144 -12.681 1.624
15.194 -16.053 3.073
18.795 -14.775 3.391
17.651 -11.451 4.948
14.065 -11.623 6.387
12.516 -8.125 6.827
9.197 -7.138 8.444
7.313 -7.057 5.069
4.654 -9.621 4.068
6.900 -11.809 1.928
8.916 -12.721 5.012
5.755 -13.062 7.163
4.704 -15.907 4.832
8.111 -17.672 5.119
8.175 -17.684 8.919
4.716 -19.174 9.761
4.769 -22.043 7.261
7.568 -23.698 9.272
5.328 -24.057 12.420
1.636 -25.217 12.772
0.344 -24.187 9.303
0.988 -25.147 5.682
2.807 -22.938 2.958
5.088 -24.725 0.477
8.159 -23.297 -1.245
5.974 -23.060 -4.397
2.744 -21.853 -2.682
4.702 -18.892 -1.325
6.222 -18.123 -4.777
2.867 -18.365 -6.543
1.079 -16.415 -3.769
3.711 -13.637 -4.220
3.088 -13.257 -8.012
-0.657 -13.039 -7.401
-0.191 -10.189 -4.891
2.253 -8.158 -7.066
0.183 -8.587 -10.276
-3.406 -8.058 -8.990
-2.400 -5.237 -6.660
-0.661 -2.962 -9.206
-2.562 -3.552 -12.442
-6.076 -3.022 -11.148
-5.445 -0.007 -8.931
-3.599 1.915 -11.659
-6.640 1.510 -13.855
-8.963 2.629 -11.090
-7.017 5.879 -10.760
-6.902 6.504 -14.514
-10.580 5.605 -14.806
-11.523 7.994 -11.965
-9.618 10.814 -13.653
-11.303 9.960 -16.983
-14.762 9.939 -15.331
-14.408 13.362 -13.715
-13.276 14.729 -17.069
-16.375 13.483 -18.918
-18.666 14.678 -16.022
-17.469 18.199 -15.171
-20.620 19.290 -13.228
-19.953 16.388 -10.871
-16.197 17.149 -10.840
-16.908 20.720 -9.719
-18.886 19.443 -6.712
-16.179 16.848 -5.935
-13.387 19.387 -5.867
-15.444 21.638 -3.512
-16.150 18.879 -0.950
-19.963 18.677 -1.525
-19.476 15.101 -2.784
-17.018 13.096 -0.671
-14.261 11.350 -2.628
-15.079 7.835 -1.395
-18.339 8.003 -3.477
-16.451 8.809 -6.724
-14.131 5.859 -6.306
-16.958 3.424 -5.630
-19.063 4.639 -8.591
-16.035 4.432 -10.881
-15.730 0.762 -9.794
-19.282 -0.035 -10.605
-19.592 1.992 -13.802
-16.161 1.393 -15.324
-14.447 -1.400 -13.387
-10.772 -1.944 -14.012
-11.431 -5.693 -14.619
-13.773 -6.311 -17.555
-13.663 -10.097 -17.222
-12.389 -12.531 -14.567
-11.124 -15.804 -15.865
-12.212 -19.054 -15.017
-14.434 -21.354 -13.123
-16.034 -24.659 -14.107
-19.335 -26.336 -13.390
-19.003 -29.659 -11.523
-22.491 -30.399 -12.808
-25.250 -28.726 -14.794
-26.346 -25.456 -13.205
-29.567 -23.589 -13.941
-28.926 -19.880 -14.574
-32.136 -17.947 -14.963
-33.832 -19.774 -17.820
-30.640 -21.350 -19.294
-28.078 -23.966 -18.222
-24.324 -23.939 -17.779
-23.441 -27.445 -18.937
-21.249 -29.581 -16.686
-17.577 -29.201 -17.584
-17.774 -25.904 -19.465
-15.824 -22.774 -18.579
-17.374 -19.732 -16.856
-16.328 -16.086 -16.952
-17.600 -13.295 -14.721
-18.134 -10.240 -16.899
-17.841 -7.562 -14.169
-17.775 -4.812 -16.771
-21.004 -5.928 -18.413
-22.776 -6.472 -15.048
-21.522 -3.182 -13.531
-24.506 -1.472 -15.221
-27.303 -4.045 -14.490
-30.478 -1.917 -14.406
-32.083 -4.646 -12.271
-29.498 -3.932 -9.635
-29.131 -0.099 -9.692
-32.322 1.098 -11.419
-32.845 3.117 -14.661
-29.669 5.218 -14.087
-27.382 2.161 -14.156
-25.822 3.481 -17.406
-24.686 6.861 -16.075
-21.891 7.934 -13.707
-23.538 9.290 -10.560
-20.990 9.701 -7.795
-23.748 10.171 -5.230
-25.516 6.818 -6.082
-25.776 6.027 -2.452
-26.825 2.515 -1.849
-24.072 1.151 -4.171
-23.403 -2.544 -3.462
-21.367 -3.365 -6.552
-19.232 -6.468 -6.912
-16.154 -5.050 -8.705
-14.204 -6.826 -5.984
-15.831 -10.260 -6.301
-18.154 -12.311 -4.143
-18.139 -15.384 -1.964
-14.870 -17.123 -1.004
-12.549 -15.392 -3.437
-13.707 -11.825 -2.863
-10.807 -9.371 -2.886
-8.676 -9.409 0.249
-6.949 -6.159 -0.818
-10.104 -4.027 -1.357
-9.238 -1.790 1.563
-5.653 -1.251 0.322
-6.636 0.124 -3.046
-9.550 2.134 -1.577
-6.844 3.674 0.593
-4.273 4.291 -2.211
-6.910 5.912 -4.371
-8.459 7.881 -1.502
-5.063 9.411 -0.725
-3.719 9.937 -4.247
-6.690 11.448 -6.174
-7.568 14.270 -3.737
-3.820 14.975 -3.455
-3.529 15.405 -7.262
-6.565 17.725 -7.555
-5.461 19.703 -4.473
-2.176 20.440 -6.249
-3.600 20.771 -9.773
-7.260 21.942 -9.477
-7.479 22.881 -13.156
-6.258 19.512 -14.461
-8.227 18.241 -17.493
-7.694 16.107 -20.541
-5.276 17.100 -23.265
-7.286 15.251 -25.939
-10.974 14.880 -26.568
-12.505 12.209 -24.335
-13.359 9.991 -27.326
-9.696 9.726 -28.596
-8.659 7.864 -25.379
-8.328 4.133 -26.065
-8.066 0.734 -24.493
-4.847 -1.263 -24.690
-5.246 -4.748 -26.265
-5.971 -6.653 -23.016
-9.178 -8.645 -23.193
-9.791 -9.126 -19.425
-8.762 -5.579 -18.456
-10.076 -2.090 -18.902
-6.736 -0.355 -19.363
-6.076 2.849 -21.250
-3.094 3.344 -23.436
-2.201 6.731 -22.026
-3.967 9.555 -20.227
-2.604 12.838 -21.593
-3.562 15.863 -19.497
-2.712 19.519 -19.077
-2.101 20.025 -15.342
-2.907 23.745 -15.264
-0.678 25.482 -12.700
-0.314 24.429 -9.078
-2.530 25.979 -6.372
-0.764 23.933 -3.691
