1.900 -39.059 -17.753
3.803 -36.303 -15.910
6.570 -33.836 -16.618
8.146 -33.276 -13.138
9.822 -29.884 -12.763
11.951 -28.668 -9.859
12.108 -24.934 -9.047
12.385 -22.532 -6.183
9.382 -20.218 -6.300
10.923 -17.144 -4.737
12.715 -15.879 -7.873
10.690 -13.291 -9.797
10.316 -13.006 -12.716
11.409 -16.622 -13.425
9.435 -18.532 -10.820
7.324 -16.993 -8.123
3.897 -17.025 -6.469
1.166 -14.660 -7.627
-0.666 -12.288 -5.257
2.463 -11.112 -3.506
3.736 -14.570 -2.881
0.437 -16.092 -1.707
-1.092 -17.560 -4.906
-0.223 -19.877 -7.786
3.286 -20.468 -9.253
3.909 -18.275 -12.261
6.871 -16.615 -14.094
8.593 -16.762 -17.478
10.244 -20.125 -17.035
7.167 -21.544 -15.349
4.864 -20.427 -18.181
7.292 -21.693 -20.801
7.741 -25.179 -19.347
3.940 -25.336 -18.852
3.438 -24.528 -22.526
6.096 -27.081 -23.425
4.285 -29.707 -21.341
0.874 -28.771 -22.810
2.208 -29.350 -26.359
3.843 -32.606 -25.385
0.480 -33.836 -23.894
2.046 -34.110 -20.424
0.674 -33.126 -17.022
3.175 -30.782 -15.398
3.938 -31.287 -11.706
6.056 -28.746 -9.809
8.224 -29.427 -6.809
9.654 -26.457 -4.911
13.046 -26.683 -3.286
15.663 -24.275 -1.923
18.191 -23.611 -4.646
20.988 -25.475 -2.810
18.838 -28.647 -3.024
17.648 -28.314 -6.673
20.388 -30.285 -8.359
20.172 -33.074 -5.680
16.497 -33.730 -6.467
17.370 -33.994 -10.138
20.264 -36.416 -9.340
18.017 -38.650 -7.273
15.104 -38.724 -9.675
12.597 -36.732 -7.540
11.918 -34.662 -10.699
13.166 -34.610 -14.279
13.750 -30.959 -15.321
15.259 -27.890 -13.772
14.469 -24.427 -15.203
16.640 -21.322 -15.742
19.972 -23.171 -15.596
23.049 -21.499 -16.995
25.027 -23.769 -19.330
28.566 -24.334 -18.030
31.366 -26.729 -19.028
30.916 -28.987 -16.004
27.171 -29.089 -16.252
27.308 -29.977 -19.933
29.577 -32.896 -19.124
27.260 -34.269 -16.416
23.677 -33.445 -17.610
21.537 -32.937 -20.761
20.426 -29.380 -21.668
17.666 -28.202 -23.944
18.465 -25.749 -26.650
18.926 -22.363 -24.909
15.712 -20.409 -24.411
16.964 -17.157 -22.931
20.218 -15.402 -22.142
21.246 -13.465 -19.053
24.195 -11.122 -18.384
25.958 -11.262 -15.070
26.186 -7.875 -13.398
28.281 -6.549 -10.516
25.889 -4.461 -8.440
26.959 -2.091 -5.635
25.355 0.835 -3.668
25.175 3.901 -5.881
27.783 5.750 -3.798
30.301 2.894 -3.669
33.711 4.008 -4.933
36.320 1.225 -4.567
34.642 -1.457 -6.727
35.021 -1.071 -10.435
35.635 -4.588 -11.660
35.065 -8.234 -10.657
38.735 -8.237 -9.628
38.004 -5.577 -7.065
35.840 -8.006 -5.136
38.886 -9.602 -3.507
38.647 -8.891 0.289
35.210 -7.186 -0.071
31.923 -8.466 1.487
29.613 -9.924 -1.246
26.066 -11.441 -0.978
25.526 -14.599 -2.986
23.215 -17.660 -2.882
24.706 -20.827 -1.378
25.363 -23.648 -3.843
25.359 -21.427 -6.992
28.162 -20.859 -9.460
28.319 -17.117 -8.680
28.834 -18.069 -4.980
31.705 -20.308 -6.092
33.128 -17.414 -8.131
32.959 -15.013 -5.243
34.758 -17.529 -2.966
37.464 -17.967 -5.638
38.007 -14.181 -5.782
38.652 -14.278 -1.987
35.662 -12.253 -1.236
33.934 -12.531 2.190
30.539 -14.250 1.608
27.238 -13.596 3.246
24.737 -16.185 1.949
21.303 -15.010 0.908
18.233 -17.066 0.095
17.397 -15.499 -3.219
18.151 -12.343 -5.285
15.744 -10.060 -3.455
17.602 -10.823 -0.230
21.039 -10.313 -1.863
19.921 -6.818 -2.923
18.435 -6.163 0.527
21.743 -7.183 2.130
23.530 -4.773 -0.163
21.108 -1.912 0.646
21.423 -2.494 4.382
25.263 -2.446 4.248
25.760 -6.068 5.338
27.667 -6.573 2.080
29.258 -4.188 -0.377
28.366 -5.953 -3.610
26.371 -8.741 -5.194
26.928 -10.512 -8.542
23.426 -10.852 -9.991
22.091 -11.602 -13.471
20.348 -8.783 -15.341
16.936 -10.518 -15.437
16.167 -10.424 -11.654
17.985 -7.089 -11.182
15.803 -5.311 -13.772
12.742 -7.083 -12.386
13.579 -5.567 -8.975
13.907 -2.080 -10.595
10.485 -2.589 -12.288
8.800 -3.591 -8.974
10.696 -1.093 -6.757
11.597 1.923 -8.957
12.098 4.335 -6.086
14.741 1.945 -4.717
16.596 2.004 -8.076
18.605 5.066 -7.151
20.232 3.135 -4.234
22.122 0.758 -6.641
24.386 0.952 -9.610
25.983 -1.488 -12.053
29.769 -1.305 -11.485
30.700 -3.893 -14.128
29.244 -6.573 -16.377
30.574 -9.767 -17.811
31.855 -9.205 -21.319
29.577 -11.929 -22.735
26.023 -13.011 -21.961
25.194 -16.551 -20.930
22.974 -19.134 -22.445
20.200 -20.512 -20.176
18.416 -23.739 -20.749
16.293 -26.550 -19.168
18.593 -29.118 -17.471
17.854 -32.864 -17.331
19.722 -36.057 -16.294
21.799 -37.610 -19.107
20.188 -40.397 -20.988
16.809 -39.291 -22.138
17.736 -37.916 -25.482
14.125 -38.510 -26.513
12.679 -36.050 -23.941
15.427 -33.475 -24.755
14.812 -33.655 -28.556
11.016 -33.405 -27.879
11.399 -30.279 -25.685
13.699 -28.806 -28.352
11.313 -29.403 -31.187
8.505 -27.881 -29.114
10.621 -24.804 -28.123
11.161 -24.197 -31.906
7.436 -24.495 -32.492
6.814 -21.986 -29.736
9.241 -19.515 -31.390
7.639 -19.994 -34.823
4.111 -19.326 -33.828
4.804 -16.144 -31.886
4.161 -17.801 -28.444
7.780 -17.313 -27.374
7.494 -13.583 -27.947
4.187 -13.439 -26.093
5.619 -15.158 -22.949
8.904 -13.124 -23.168
7.143 -9.789 -23.390
4.839 -10.712 -20.455
7.937 -10.725 -18.154
10.890 -8.827 -19.694
11.772 -5.616 -21.401
13.188 -6.515 -24.850
15.312 -3.394 -24.918
17.307 -4.593 -21.907
17.094 -8.411 -21.731
18.483 -10.575 -24.634
16.408 -13.252 -26.319
17.915 -16.198 -28.143
17.520 -16.683 -31.918
14.314 -18.019 -33.277
13.964 -21.113 -35.459
13.082 -21.748 -39.103
10.573 -23.967 -40.822
22.513 -19.900 -12.912
21.808 -23.189 -9.408
