459.570 -147.510 125.179
460.941 -146.945 128.661
460.121 -144.240 131.220
462.188 -141.105 130.589
465.310 -141.208 132.799
465.962 -138.203 135.032
462.576 -136.624 134.296
462.812 -132.895 134.890
459.535 -131.132 135.605
460.188 -127.954 133.653
456.704 -126.377 133.462
455.240 -125.454 136.861
453.766 -121.962 136.276
450.384 -120.593 135.215
449.942 -120.327 131.403
448.101 -117.154 130.329
448.403 -115.408 126.968
451.238 -117.817 126.081
453.328 -116.545 129.014
454.439 -118.412 132.103
453.210 -116.469 135.159
453.483 -116.693 138.916
450.286 -116.895 140.941
448.857 -113.541 141.993
449.007 -114.637 145.652
452.538 -116.043 145.317
451.376 -119.444 146.638
452.483 -122.762 145.185
451.004 -126.166 145.896
452.680 -129.570 146.120
452.240 -132.379 143.617
452.806 -135.990 144.661
453.730 -139.401 143.281
450.852 -141.722 144.354
453.115 -144.812 144.145
455.515 -143.544 146.825
453.747 -140.619 148.485
456.752 -138.425 147.715
456.472 -134.808 146.618
457.483 -134.378 142.978
457.457 -130.586 142.663
455.451 -127.459 143.479
453.156 -125.629 141.028
451.884 -122.030 140.989
448.434 -121.981 142.572
445.778 -120.210 140.515
442.819 -118.589 142.301
440.071 -116.115 141.338
442.494 -113.296 140.491
444.332 -115.574 138.062
441.086 -116.858 136.509
440.097 -113.236 135.927
443.333 -112.473 134.065
442.939 -115.642 131.981
439.344 -114.857 131.011
440.432 -111.363 129.913
443.171 -112.881 127.792
440.751 -115.420 126.282
438.157 -112.720 125.614
440.694 -110.514 123.831
441.885 -113.450 121.683
438.218 -114.006 120.693
437.485 -110.423 119.637
436.316 -109.862 116.069
439.301 -109.125 113.862
441.775 -111.044 116.044
444.267 -113.511 114.578
442.258 -116.451 115.936
438.909 -115.189 114.588
440.271 -114.288 111.133
442.281 -117.494 110.671
440.994 -119.866 107.988
439.178 -122.780 109.629
441.597 -125.073 107.754
444.466 -123.321 109.574
442.842 -123.966 112.969
442.941 -127.590 111.821
446.613 -127.333 110.870
447.389 -126.061 114.375
445.648 -129.073 115.956
447.651 -131.397 113.668
450.866 -129.636 114.645
449.975 -130.104 118.298
449.451 -133.832 117.595
452.894 -134.002 115.922
454.548 -132.453 118.991
452.743 -134.805 121.372
453.927 -137.712 119.247
457.481 -136.351 119.358
457.279 -136.062 123.154
455.145 -139.170 123.694
457.541 -140.922 126.092
458.108 -137.765 128.197
454.355 -137.185 128.502
453.615 -140.824 129.329
456.345 -140.704 132.000
454.658 -137.645 133.525
451.238 -139.331 133.480
452.731 -142.396 135.177
454.771 -140.446 137.738
451.936 -138.074 138.581
448.773 -140.089 137.918
449.959 -143.571 138.967
449.201 -145.112 135.554
451.541 -147.955 134.553
453.893 -146.342 132.060
453.169 -148.771 129.232
449.448 -148.128 129.611
449.995 -144.364 129.610
452.169 -144.765 126.487
449.986 -147.147 124.467
446.482 -146.176 125.661
446.306 -142.615 126.996
448.875 -141.023 124.694
447.487 -142.836 121.648
444.102 -141.381 122.547
445.549 -137.866 122.903
447.227 -138.037 119.488
444.196 -139.553 117.751
441.867 -136.970 119.314
443.919 -134.019 118.061
444.288 -135.585 114.597
440.564 -136.320 114.385
439.415 -132.794 115.261
442.122 -131.253 113.061
440.101 -132.678 110.201
436.743 -131.256 111.335
437.614 -127.555 111.540
436.901 -126.665 107.893
434.024 -129.191 107.638
431.623 -127.611 110.167
428.681 -126.675 107.913
425.523 -124.640 108.404
422.489 -125.061 106.178
420.449 -123.200 103.593
416.748 -123.640 104.156
413.729 -123.497 101.755
411.506 -121.448 104.111
407.988 -120.264 103.308
407.730 -116.781 101.773
410.076 -114.597 99.696
413.229 -115.151 101.774
416.722 -116.583 101.526
417.548 -118.249 104.874
420.834 -119.798 105.978
422.575 -120.656 109.238
426.113 -119.930 110.361
427.734 -122.040 113.029
429.907 -119.714 115.060
432.169 -120.429 118.038
430.467 -119.628 121.338
433.276 -117.621 122.897
435.236 -118.149 126.098
434.939 -121.737 127.305
435.755 -122.775 130.855
436.839 -126.395 131.228
437.397 -128.338 134.456
438.893 -131.813 134.284
439.715 -134.583 136.787
442.744 -136.589 137.878
441.957 -140.014 136.439
442.858 -139.248 132.793
444.670 -135.916 133.118
446.200 -135.625 129.648
443.483 -137.544 127.796
440.688 -135.414 129.271
442.696 -132.261 128.536
442.799 -133.326 124.870
439.118 -134.341 124.821
438.183 -130.872 126.084
440.390 -128.491 124.142
440.327 -130.311 120.770
436.621 -129.754 119.905
436.595 -126.298 121.513
439.513 -125.122 119.386
438.218 -126.959 116.308
435.114 -124.735 116.495
437.106 -121.526 117.040
436.563 -120.883 120.757
439.088 -119.740 123.329
439.696 -121.747 126.478
440.389 -121.346 130.179
441.133 -124.892 131.429
441.743 -126.000 135.031
443.448 -129.394 135.515
442.911 -131.332 138.747
445.062 -130.208 141.665
446.387 -133.776 141.966
447.601 -133.947 138.345
448.509 -130.588 136.757
451.840 -131.586 135.248
451.027 -132.992 131.821
448.595 -130.154 131.112
451.287 -127.581 131.887
453.657 -129.384 129.542
450.938 -129.042 126.909
451.139 -125.270 127.339
454.753 -125.386 126.200
453.683 -127.460 123.162
450.765 -125.097 122.449
453.192 -122.187 122.395
455.635 -124.162 120.227
452.850 -125.135 117.785
452.041 -121.449 117.323
448.542 -120.928 118.721
447.828 -117.197 119.100
448.252 -115.863 122.643
445.205 -116.227 124.837
443.543 -118.991 122.835
444.400 -121.625 125.480
445.029 -120.639 129.114
445.938 -123.319 131.694
445.211 -122.591 135.357
446.414 -125.237 137.830
444.653 -124.951 141.159
441.983 -126.238 143.505
438.230 -126.714 143.179
436.569 -124.225 145.538
439.008 -121.504 144.480
440.011 -121.756 140.806
437.207 -124.114 139.764
434.387 -122.203 141.428
435.752 -118.935 139.970
435.355 -120.426 136.491
431.882 -121.851 137.119
430.615 -118.512 138.479
432.428 -116.231 136.059
430.182 -113.744 134.321
432.634 -113.468 131.393
432.685 -117.198 130.476
430.135 -118.331 127.888
430.269 -122.115 128.254
431.554 -124.547 130.850
432.452 -128.231 130.434
433.071 -130.324 133.537
434.129 -133.958 134.064
434.148 -135.249 137.632
431.843 -136.205 140.453
428.060 -136.093 140.193
427.969 -133.949 143.321
430.170 -131.243 141.866
428.366 -131.488 138.526
425.145 -130.515 140.310
426.972 -127.520 141.816
428.310 -126.499 138.377
424.888 -126.524 136.755
423.405 -124.564 139.665
426.240 -122.002 139.501
425.696 -121.481 135.753
422.040 -120.736 136.441
422.842 -118.345 139.283
425.576 -116.476 137.436
425.165 -115.768 133.691
423.264 -118.774 132.244
426.439 -120.062 130.619
425.930 -123.234 128.597
426.839 -126.424 130.455
428.041 -129.917 129.572
428.816 -132.539 132.186
430.373 -135.992 132.308
429.693 -137.488 135.722
429.457 -140.774 137.595
428.439 -144.210 136.411
427.414 -147.592 137.775
427.385 -149.292 134.416
426.003 -152.814 133.806
427.832 -155.530 131.874
425.474 -158.371 130.894
426.931 -161.835 130.152
424.652 -164.422 128.563
425.384 -168.141 128.692
425.952 -168.254 124.932
428.847 -165.751 125.068
432.445 -166.729 124.479
433.244 -167.300 128.146
437.021 -166.793 128.443
436.731 -163.696 126.252
433.882 -162.332 128.368
435.785 -162.959 131.592
438.810 -161.029 130.347
436.772 -158.153 128.869
434.703 -157.847 132.056
437.886 -157.927 134.152
439.406 -155.076 132.136
436.056 -153.326 132.101
436.158 -152.859 135.853
439.921 -152.879 136.674
441.254 -150.672 133.836
443.118 -147.581 135.085
443.152 -148.707 138.734
439.342 -148.863 138.575
439.323 -145.046 138.246
437.175 -144.823 135.148
433.636 -143.418 134.653
432.881 -146.287 132.269
433.708 -149.050 134.779
431.500 -152.105 134.357
430.813 -152.287 138.068
427.586 -154.341 137.817
428.372 -157.581 135.960
425.170 -159.586 135.514
425.909 -163.226 134.637
423.256 -165.675 133.410
422.715 -168.257 136.158
423.937 -171.316 134.211
427.455 -169.869 133.699
427.555 -167.833 136.926
429.685 -170.134 139.075
432.212 -170.745 136.308
432.339 -167.036 135.509
432.998 -166.209 139.170
435.703 -168.858 139.487
437.504 -167.620 136.372
437.188 -163.951 137.400
438.636 -164.723 140.841
441.560 -166.577 139.252
442.232 -163.591 136.974
442.081 -161.037 139.797
444.415 -163.119 141.963
447.070 -163.014 139.232
446.659 -159.284 138.390
450.070 -157.656 138.983
449.952 -154.599 141.277
453.140 -152.584 141.577
455.459 -149.792 140.551
454.004 -147.940 137.540
457.462 -147.749 135.862
457.878 -151.548 136.025
456.804 -153.162 132.716
455.256 -156.134 134.538
452.784 -153.859 136.389
449.133 -154.062 135.332
447.772 -151.965 138.197
449.282 -148.874 139.799
448.171 -147.096 142.982
445.006 -145.157 143.527
445.396 -141.417 143.127
445.534 -140.235 146.755
444.717 -140.951 150.395
441.132 -139.661 150.144
440.253 -142.021 147.270
442.107 -144.937 148.915
440.027 -144.551 152.094
436.744 -144.183 150.186
437.438 -147.523 148.469
438.355 -149.317 151.682
435.146 -148.075 153.349
432.975 -149.283 150.455
434.739 -152.664 150.565
433.784 -152.915 154.250
430.218 -152.035 153.306
430.086 -154.970 150.886
431.310 -157.359 153.556
428.853 -155.990 156.148
425.909 -156.256 153.760
426.614 -159.889 152.934
428.320 -159.937 149.556
430.812 -162.802 149.248
434.370 -161.476 149.371
436.122 -163.833 146.956
439.589 -162.270 147.027
441.424 -159.088 147.909
439.697 -156.523 150.093
442.751 -154.862 151.717
445.502 -152.359 151.014
448.834 -153.559 149.604
452.102 -152.519 151.158
452.930 -149.498 153.283
453.865 -146.695 150.856
451.601 -145.150 148.215
447.951 -146.052 147.697
447.891 -149.613 146.388
444.828 -151.830 146.850
444.448 -155.560 146.242
442.265 -156.440 143.227
438.986 -157.268 144.938
436.099 -159.490 143.762
432.632 -159.662 145.327
430.125 -162.297 144.236
426.489 -162.802 145.202
425.984 -159.055 144.928
422.376 -157.869 145.009
420.806 -154.680 143.704
420.141 -153.021 147.090
423.726 -153.277 148.363
425.724 -150.066 148.629
428.475 -151.548 146.499
425.800 -152.184 143.832
424.634 -148.562 143.849
427.579 -146.307 144.697
430.436 -145.630 142.294
433.584 -147.053 143.892
436.316 -145.851 141.482
438.661 -148.576 142.673
439.731 -152.129 141.832
436.529 -153.754 143.080
434.608 -156.118 140.820
430.978 -156.960 141.537
429.287 -160.056 140.123
425.489 -160.522 140.067
423.343 -163.377 138.755
420.217 -163.264 136.587
417.796 -165.724 134.978
415.857 -163.971 132.188
416.471 -161.276 129.571
413.474 -159.211 130.738
414.709 -159.365 134.335
418.268 -158.289 133.527
417.067 -155.404 131.331
414.942 -154.077 134.192
417.727 -154.447 136.782
420.386 -152.955 134.498
418.214 -149.893 133.845
417.156 -149.437 137.507
419.735 -146.755 138.197
420.061 -142.986 138.377
423.176 -143.357 136.180
423.381 -144.258 132.516
426.860 -143.739 131.164
427.645 -147.032 129.368
426.424 -150.643 129.173
427.514 -153.871 127.535
426.052 -157.179 126.447
427.983 -160.383 125.629
426.085 -162.936 123.499
426.438 -164.529 120.104
422.686 -164.233 119.440
421.880 -161.300 117.146
418.335 -160.935 118.482
419.341 -160.767 122.154
422.216 -158.414 121.369
420.005 -155.906 119.550
417.066 -156.214 121.958
419.280 -155.582 124.963
421.326 -152.787 123.392
418.175 -151.018 122.219
416.600 -151.321 125.671
419.595 -149.961 127.647
419.275 -146.500 129.170
422.914 -145.651 128.498
424.871 -143.367 126.207
427.200 -146.070 124.829
426.308 -149.766 124.544
429.033 -152.242 123.606
428.200 -155.622 122.068
430.818 -158.339 122.712
433.460 -155.837 123.868
434.045 -153.293 126.637
435.721 -149.844 126.762
435.915 -149.704 122.935
436.228 -145.932 122.670
437.176 -144.155 119.443
437.742 -140.547 118.418
435.022 -140.961 115.760
432.252 -142.097 118.171
430.280 -139.737 120.421
430.285 -140.478 124.139
428.258 -139.272 127.121
425.614 -140.041 129.706
421.925 -140.669 130.041
420.190 -139.512 133.260
422.556 -138.228 135.992
425.716 -139.465 134.247
425.877 -136.159 132.389
424.589 -133.745 129.749
425.861 -133.518 126.174
428.169 -135.635 124.048
431.942 -135.610 123.461
434.039 -137.051 120.580
432.783 -137.613 117.043
430.899 -135.032 115.013
428.394 -134.593 117.827
431.097 -133.404 120.213
431.278 -130.262 118.062
427.639 -129.332 118.698
428.368 -128.234 122.280
431.016 -125.740 121.104
429.110 -123.831 118.405
426.305 -121.306 118.450
423.806 -121.398 115.575
422.791 -118.087 113.978
419.886 -117.981 111.527
420.135 -115.263 108.852
416.942 -114.509 106.945
417.133 -112.192 103.913
414.090 -110.656 102.244
414.354 -111.266 98.494
412.273 -109.825 95.626
411.016 -113.169 94.323
411.788 -116.697 95.436
412.206 -119.558 92.980
412.958 -123.149 93.864
