43.739 10.961 16.094
40.350 9.880 14.825
40.531 6.552 12.965
38.081 4.326 11.143
39.602 0.904 10.419
37.570 -1.423 8.206
37.769 -5.199 7.749
39.822 -6.686 4.887
38.743 -7.594 1.356
36.482 -10.572 0.690
35.140 -12.523 -2.276
31.527 -13.731 -2.072
29.332 -16.117 -4.076
26.113 -14.653 -5.548
23.020 -14.956 -3.338
25.065 -15.080 -0.112
25.741 -12.353 2.491
28.658 -10.159 3.559
29.195 -8.287 6.833
31.749 -5.459 6.775
33.026 -3.969 10.038
34.302 -0.499 10.933
36.223 0.051 14.190
36.150 3.652 15.407
38.699 5.234 17.754
39.741 8.706 18.931
36.226 10.048 19.578
32.847 9.511 21.243
31.604 6.702 18.957
28.038 6.877 20.303
27.521 10.580 19.518
28.146 10.686 15.747
26.283 9.341 12.739
28.167 6.493 11.080
27.417 6.303 7.364
27.990 3.657 4.721
28.980 4.652 1.190
29.731 2.413 -1.802
31.804 2.971 -4.936
31.319 0.588 -7.882
34.663 0.242 -9.757
35.269 3.245 -12.042
31.960 4.759 -10.900
30.695 7.414 -8.463
29.792 7.348 -4.776
26.462 6.192 -3.361
25.124 6.741 0.168
23.541 3.577 1.616
22.495 4.656 5.100
23.430 5.637 8.640
23.308 4.549 12.286
23.421 6.530 15.539
25.361 4.098 17.769
24.013 5.766 20.940
20.506 4.326 20.454
20.830 2.169 17.287
18.433 4.349 15.262
18.991 3.915 11.502
18.152 5.630 8.214
18.477 4.013 4.796
18.281 5.179 1.196
15.125 3.724 -0.409
17.322 1.958 -3.001
19.093 -0.026 -0.251
16.223 -0.812 2.160
15.622 -4.543 2.580
19.058 -5.613 1.336
21.303 -3.697 3.776
21.370 -3.854 7.584
23.483 -1.383 9.559
24.204 -2.273 13.190
26.533 -0.933 15.891
28.247 -2.242 19.034
28.960 0.534 21.570
31.121 -1.751 23.728
33.591 -2.449 20.875
33.302 0.928 19.066
32.368 -1.045 15.941
29.813 -0.372 13.212
28.652 -3.025 10.770
27.144 -3.135 7.314
25.544 -6.409 6.226
24.469 -6.832 2.613
22.282 -9.834 1.756
21.238 -11.494 -1.546
24.509 -10.455 -3.189
24.592 -9.805 -6.952
27.275 -8.914 -9.530
26.351 -5.205 -9.271
27.293 -5.270 -5.564
30.992 -5.611 -6.473
32.409 -2.386 -5.022
34.571 -0.639 -2.466
32.532 0.004 0.692
33.341 2.899 3.036
32.210 3.722 6.543
32.232 7.484 7.120
31.638 9.732 10.105
29.236 12.650 9.776
30.351 15.926 11.405
29.147 16.685 14.946
26.288 19.179 15.369
27.222 22.871 15.567
24.813 25.752 16.196
23.973 27.576 12.969
24.661 24.577 10.740
21.698 22.467 9.641
23.365 19.955 7.308
26.787 18.352 7.534
29.581 16.647 5.606
31.463 13.401 6.221
34.782 14.365 7.839
36.500 11.004 8.529
36.474 7.918 6.312
37.605 4.307 6.639
40.199 2.952 4.185
37.490 1.037 2.289
36.676 -2.651 1.926
36.649 -4.333 -1.483
33.776 -6.773 -1.976
33.991 -8.979 -5.066
30.810 -10.849 -6.011
31.149 -13.739 -8.502
30.610 -17.521 -8.626
34.179 -18.195 -9.797
36.780 -20.181 -7.830
40.373 -19.384 -6.845
42.489 -20.054 -9.950
46.177 -19.438 -10.679
47.029 -17.638 -13.932
48.569 -18.907 -17.151
51.486 -16.791 -18.400
52.041 -16.534 -22.162
54.834 -14.574 -23.883
54.179 -11.566 -26.095
57.126 -12.107 -28.420
58.916 -9.107 -29.984
58.792 -8.914 -33.798
65.521 0.671 -32.813
62.666 0.291 -30.321
61.077 -3.127 -29.733
57.992 -4.017 -27.681
57.508 -7.270 -25.766
55.426 -8.438 -22.823
53.523 -11.067 -20.866
49.898 -12.127 -21.013
48.567 -13.161 -17.606
45.361 -15.016 -18.403
42.459 -16.729 -16.596
43.055 -15.942 -12.913
40.827 -15.254 -9.891
40.544 -13.210 -7.864
42.456 -9.932 -8.163
45.290 -9.053 -7.905
48.427 -10.200 -9.716
51.724 -8.323 -9.568
54.234 -8.213 -12.414
57.900 -7.216 -12.465
60.650 -7.536 -15.086
63.978 -9.266 -14.357
63.300 -9.511 -10.594
62.924 -5.700 -10.527
66.008 -4.677 -12.536
63.878 -3.329 -15.408
61.399 -0.490 -14.764
61.905 1.950 -17.667
59.184 1.696 -20.319
57.185 -0.890 -18.365
53.395 -0.680 -18.551
51.170 -3.021 -16.569
47.512 -2.735 -17.513
44.350 -2.965 -15.414
42.848 -6.454 -15.501
39.752 -7.091 -17.605
36.979 -9.416 -16.446
36.310 -12.045 -19.112
32.901 -13.573 -19.877
34.128 -16.748 -18.130
34.276 -14.821 -14.831
38.078 -14.892 -14.840
40.534 -11.985 -14.986
43.185 -11.270 -17.605
45.942 -8.680 -17.905
49.062 -7.859 -19.878
52.385 -6.308 -18.953
54.622 -4.808 -21.630
57.997 -3.107 -21.937
59.720 -1.204 -24.744
63.443 -1.944 -25.079
66.206 -1.183 -27.648
66.172 -3.652 -30.576
69.934 -4.329 -30.360
69.564 -5.729 -26.812
67.332 -8.614 -27.998
70.375 -10.793 -28.794
72.226 -10.407 -25.483
69.771 -9.197 -22.808
67.452 -11.762 -21.200
63.864 -10.663 -20.502
61.868 -12.509 -17.840
58.563 -11.364 -16.376
57.838 -12.339 -12.778
54.149 -13.002 -12.209
52.870 -13.380 -8.659
49.347 -14.414 -7.659
49.177 -14.654 -3.857
45.548 -15.906 -3.451
46.561 -19.206 -5.114
50.260 -18.947 -4.151
51.479 -18.943 -7.769
54.906 -17.591 -8.752
55.667 -17.896 -12.479
58.802 -16.702 -14.280
58.315 -16.653 -18.060
61.253 -15.894 -20.349
60.224 -13.800 -23.359
62.316 -14.129 -26.513
61.853 -13.834 -30.303
60.011 -16.744 -31.957
62.325 -18.924 -34.067
61.197 -19.792 -37.609
