13.379 26.998 125.565
9.801 26.038 126.351
9.477 24.824 129.944
7.143 21.929 130.633
6.014 21.374 134.220
5.047 17.736 134.698
3.285 16.398 137.791
3.155 14.486 139.962
6.817 13.576 140.273
5.696 10.203 141.667
2.446 8.314 141.421
1.277 5.153 143.194
-1.861 3.561 141.792
-3.835 0.401 142.451
-4.202 -2.361 139.852
-7.097 -1.717 137.498
-7.502 1.903 138.657
-6.825 5.233 136.891
-3.531 7.119 136.656
-3.420 10.690 135.324
-0.214 12.560 134.455
-0.302 16.298 133.767
1.928 18.565 131.677
1.723 22.376 131.680
3.699 24.214 129.003
5.162 27.690 129.514
3.573 28.763 126.201
0.882 27.435 123.898
1.933 24.459 121.767
-1.376 24.095 119.902
-3.237 25.638 116.999
-6.988 25.372 116.671
-6.464 22.041 114.829
-3.245 20.390 116.096
-1.444 20.113 119.451
2.271 19.398 119.618
2.674 17.131 122.657
4.205 13.640 122.912
4.214 11.129 125.771
6.923 8.522 126.408
7.280 5.527 128.723
10.712 4.379 129.885
11.534 1.121 131.624
14.933 0.282 133.157
17.715 -0.379 130.665
15.654 0.658 127.639
15.239 3.813 125.587
11.980 5.694 126.065
9.060 4.333 124.062
6.711 6.741 122.280
3.094 6.184 123.313
1.231 9.194 121.940
2.044 11.936 119.444
0.262 15.175 118.540
-1.383 15.086 122.006
-3.939 12.339 121.321
-2.788 9.856 118.628
-1.786 6.398 119.913
1.267 4.821 118.346
0.482 1.536 116.602
0.544 -1.300 119.093
-0.051 0.868 122.157
-3.107 -0.479 124.016
-6.152 1.750 124.189
-6.032 2.036 127.992
-3.538 4.837 127.269
-5.034 8.106 126.111
-3.711 11.611 125.564
-5.791 14.752 125.840
-5.591 18.499 126.298
-4.761 21.586 124.324
-2.977 24.939 124.420
-0.893 24.750 127.636
-2.481 21.862 129.567
-2.089 18.215 128.608
-2.898 14.889 130.203
-1.827 11.280 129.870
-4.452 8.924 131.324
-3.996 5.173 131.901
-7.074 3.110 132.710
-7.201 0.380 133.714
-3.561 0.422 134.912
-1.774 -2.935 134.617
1.343 -4.321 136.291
3.428 -3.829 133.148
2.770 -0.069 133.353
5.297 0.530 136.161
7.909 2.912 134.736
8.777 6.587 134.275
6.656 8.676 131.894
7.680 11.916 130.176
5.876 14.579 128.217
7.655 16.350 125.342
6.464 19.162 123.091
7.206 19.276 119.360
6.361 22.949 118.762
9.978 24.006 118.087
13.539 22.934 118.742
14.621 22.038 121.315
11.803 19.476 121.837
12.097 19.738 125.618
10.856 17.208 128.185
8.989 17.346 131.452
10.987 16.136 134.434
9.198 12.824 134.470
6.705 10.857 136.551
7.625 7.587 138.284
4.456 5.489 138.192
4.316 2.564 140.610
1.665 -0.059 141.270
0.126 -0.770 144.662
