-50.347 29.054 12.783
-48.483 28.158 16.011
-44.848 28.868 16.796
-42.705 26.114 18.346
-43.143 27.718 21.790
-46.047 29.348 23.601
-45.794 33.099 24.160
-45.764 32.538 27.916
-45.049 29.284 29.746
-47.965 27.296 31.060
-48.496 28.058 34.762
-49.562 25.035 36.785
-52.095 25.449 39.603
-53.074 23.319 42.559
-55.877 21.790 40.499
-53.448 20.250 38.017
-52.598 16.565 38.202
-49.386 15.492 36.486
-49.011 11.756 35.843
-45.438 10.501 35.356
-45.187 6.958 34.024
-41.813 5.406 34.706
-41.396 7.934 37.505
-39.263 5.590 39.693
-36.398 5.132 37.197
-33.408 7.329 36.452
-35.174 10.080 34.444
-38.309 9.987 36.591
-36.482 10.445 39.920
-34.655 13.431 38.433
-37.981 15.055 37.514
-39.226 14.335 41.050
-36.104 16.004 42.475
-36.475 19.160 40.348
-40.212 19.387 41.069
-39.427 19.351 44.803
-36.331 21.555 44.657
-38.084 24.217 42.590
-41.433 23.691 44.401
-43.480 23.261 41.234
-47.236 23.448 41.786
-49.699 20.624 41.180
-50.279 17.115 42.454
-47.445 14.989 41.069
-47.836 11.183 40.854
-44.699 9.146 40.108
-45.836 5.720 38.937
-43.840 2.528 38.985
-44.529 -1.010 37.888
-45.639 -1.781 41.471
-48.556 0.581 40.795
-49.662 -1.484 37.777
-48.340 -3.137 34.586
-48.814 -0.505 31.844
-48.526 -3.174 29.119
-52.034 -4.318 30.109
-54.809 -2.156 28.679
-57.143 -2.478 31.658
-54.379 -1.875 34.217
-53.291 1.191 32.304
-56.684 2.836 32.767
-56.605 2.508 36.555
-54.352 5.528 37.374
-56.146 7.690 34.779
-59.570 6.962 36.258
-58.102 7.472 39.739
-56.018 10.642 39.295
-57.633 12.232 36.172
-54.420 14.026 35.110
-54.212 17.284 33.142
-50.616 16.558 32.082
-48.742 13.334 31.431
-44.987 12.777 31.275
-44.578 9.322 29.695
-41.164 7.913 30.663
-42.024 4.247 31.198
-40.405 1.835 28.754
-39.264 -1.763 28.659
-35.489 -1.471 28.341
-34.587 -5.045 29.137
-35.527 -7.762 31.567
-33.321 -9.258 34.221
-33.768 -12.683 32.587
-32.849 -13.901 29.125
-36.336 -15.229 28.232
-37.758 -11.723 28.565
-35.222 -10.199 26.154
-36.017 -11.652 22.708
-36.566 -8.927 20.141
-40.218 -10.052 20.180
-40.604 -8.790 23.743
-38.927 -5.443 23.026
-41.509 -4.845 20.287
-44.619 -6.126 22.097
-43.917 -4.759 25.588
-43.079 -1.314 24.266
-45.720 -0.978 21.563
-48.441 -2.201 23.971
-47.376 0.170 26.736
-47.103 3.085 24.292
-50.462 2.419 22.619
-52.197 2.121 26.009
-50.708 5.282 27.549
-51.312 7.636 24.592
-54.811 6.227 24.145
-55.532 6.873 27.815
-54.054 10.342 27.396
-56.502 11.121 24.623
-59.605 9.490 26.113
-59.147 11.239 29.469
-58.434 14.620 27.874
-54.854 15.232 29.000
-53.905 18.719 27.824
-50.282 17.887 26.972
-48.395 14.567 26.914
-44.617 14.339 26.601
-43.168 10.960 25.716
-39.545 9.941 25.528
-37.509 8.672 22.551
-33.758 8.003 22.373
-30.871 8.907 20.083
-30.110 5.223 19.428
-33.296 4.755 17.339
-32.214 7.024 14.473
-31.397 5.560 11.024
-28.175 3.610 10.788
-27.169 5.235 7.476
-27.098 8.885 8.513
-24.964 12.000 8.307
-23.500 13.362 11.577
-24.849 15.507 13.359
-28.175 13.776 13.915
-31.162 16.146 13.740
-34.726 15.419 14.818
-36.091 15.492 11.232
-34.030 12.420 10.277
-35.868 10.097 12.709
-37.739 8.049 10.034
-35.335 8.411 7.087
-34.317 4.766 6.976
-34.083 1.650 9.097
-32.398 1.749 12.512
-29.381 -0.348 13.431
-30.066 -4.071 13.505
-28.960 -4.751 17.088
-31.834 -2.902 18.781
-34.289 -2.470 15.955
-37.372 -3.707 17.840
-36.841 -1.195 20.621
-35.991 1.436 18.025
-39.134 0.835 15.927
-41.353 0.868 19.021
-39.953 4.332 19.812
-40.583 5.450 16.220
-44.205 4.265 16.432
-44.607 6.144 19.747
-43.666 9.304 17.859
-46.070 8.431 15.004
-48.932 7.546 17.341
-48.620 11.004 18.920
-48.823 12.683 15.528
-51.925 10.636 14.701
-53.561 11.508 18.025
-52.839 15.187 17.316
-54.694 14.724 13.994
-57.647 13.211 15.835
-57.646 15.998 18.458
-57.671 18.695 15.780
-60.528 16.990 13.947
-62.521 16.425 17.116
-61.846 19.897 18.487
-60.166 18.460 21.572
-57.298 20.396 23.172
-54.722 17.605 23.346
-51.075 18.039 22.412
-48.679 15.102 22.035
-44.961 15.677 21.659
-41.713 14.022 22.706
-38.111 14.568 23.729
-35.031 12.689 22.615
-32.509 12.550 25.466
-28.949 11.460 24.848
-26.898 9.336 27.304
-28.324 10.081 30.736
-26.555 9.546 34.056
-27.232 10.215 37.685
-28.787 8.987 40.894
-31.242 6.070 40.902
-29.628 4.702 37.718
-29.096 1.004 37.003
-25.539 0.300 38.153
-25.331 -3.372 37.155
-22.046 -3.705 35.267
-23.519 -6.368 32.958
-26.916 -4.859 32.084
-26.462 -1.133 32.850
-25.243 1.819 30.810
-21.535 2.466 30.382
-21.215 5.388 32.806
-23.163 3.930 35.771
-21.349 0.641 35.146
-18.015 2.418 35.298
-19.086 3.891 38.652
-19.962 0.486 40.084
-16.743 -0.948 38.652
-14.683 1.799 40.282
-16.501 1.186 43.574
-15.623 -2.533 43.430
-11.980 -1.729 42.661
-11.702 0.595 45.661
-13.347 -1.817 48.114
-11.551 -4.912 46.748
-8.068 -3.508 46.108
-8.140 -4.316 42.388
-7.520 -2.301 39.244
-10.191 -0.075 37.703
-10.698 -1.686 34.271
-12.336 0.172 31.362
-13.312 -1.749 28.241
-11.927 -0.451 24.973
-9.159 2.065 24.334
-11.053 4.943 25.928
-10.917 7.238 22.919
-14.560 7.115 21.664
-16.379 10.431 22.114
-19.854 10.566 23.646
-22.363 13.176 24.778
-23.503 12.688 28.407
-26.465 14.519 29.950
-26.948 14.796 33.713
-30.398 13.535 34.624
-31.172 16.617 36.742
-30.350 18.813 33.735
-32.471 16.570 31.483
-35.312 16.929 34.005
-35.135 20.748 33.795
-35.060 20.591 29.981
-38.019 18.220 30.075
-39.903 20.540 32.433
-39.173 23.540 30.209
-40.564 21.462 27.316
-43.822 20.795 29.187
-44.119 24.480 30.027
-43.214 26.032 26.688
-42.961 23.638 23.729
-45.964 23.421 21.380
-44.502 21.546 18.420
-45.297 17.881 17.817
-41.759 17.395 16.428
-39.434 15.691 18.947
-36.813 17.961 20.493
-33.418 16.561 21.357
-32.071 16.863 24.887
-28.283 16.692 24.704
-25.120 18.692 25.158
-23.191 20.592 22.503
-20.497 18.907 20.453
-17.859 20.836 22.418
-19.054 19.156 25.634
-18.509 15.600 24.343
-16.207 13.665 26.690
-14.002 10.741 25.751
-14.715 7.439 27.466
-11.359 7.684 29.229
-12.143 11.248 30.320
-15.347 9.968 31.922
-13.402 7.146 33.568
-10.816 9.602 34.965
-13.528 11.897 36.338
-15.131 8.877 37.978
-11.735 7.808 39.271
-11.050 11.219 40.833
-14.546 11.467 42.353
-14.231 8.223 44.283
-10.680 9.317 45.203
-9.543 5.997 43.764
-5.740 5.737 44.023
-5.147 2.463 42.165
-4.398 1.976 38.496
-6.941 2.689 35.761
-6.433 0.196 32.928
-7.885 0.044 29.427
-8.617 -3.515 28.303
-7.928 -3.032 24.601
-8.736 -6.710 23.969
-12.360 -5.553 23.885
-13.374 -3.812 20.660
-14.873 -0.356 21.153
-17.727 1.260 19.244
-17.529 4.024 16.699
-15.480 7.111 17.491
-18.218 9.784 17.160
-22.028 9.580 17.276
-22.890 13.265 17.501
-26.474 14.427 17.987
-27.434 18.096 17.480
-28.761 20.325 20.263
-29.427 23.209 17.847
-33.181 23.207 18.430
-33.094 23.469 22.231
-30.184 25.910 22.056
-32.192 28.076 19.658
-35.452 27.773 21.607
-33.936 28.166 25.101
-30.632 30.024 24.675
-30.178 30.992 28.350
-30.300 27.400 29.631
-27.511 26.615 32.115
-26.008 23.119 32.309
-24.351 21.487 35.327
-20.586 21.127 34.707
-19.672 17.500 33.999
-17.247 17.207 36.933
-19.783 18.556 39.454
-22.527 16.283 38.088
-20.268 13.224 38.358
-19.285 14.068 41.957
-22.964 14.513 42.877
-23.790 11.116 41.393
-20.836 9.368 43.084
-21.733 10.940 46.442
-25.305 9.712 45.964
-23.973 6.268 45.095
-21.739 6.021 48.165
-24.483 7.169 50.533
-27.161 4.887 49.020
-25.256 1.835 47.738
-27.415 -0.655 49.636
-30.653 0.469 47.955
-29.110 1.241 44.580
-30.148 -0.738 41.486
-27.355 -3.205 40.793
