4.632 5.124 -3.727
5.719 6.440 -7.122
8.975 5.107 -8.665
11.371 7.556 -10.258
14.489 6.534 -12.116
16.923 7.545 -9.443
19.240 5.077 -7.612
19.821 5.257 -3.878
21.768 3.782 -0.976
19.187 4.920 1.568
16.017 6.929 1.763
17.975 10.322 2.304
19.234 10.048 -1.267
15.591 10.209 -2.416
14.613 13.418 -0.664
15.897 16.067 -3.116
14.863 14.190 -6.273
11.402 13.352 -4.931
10.861 17.007 -3.999
12.010 18.152 -7.469
9.612 15.665 -9.036
6.700 17.392 -7.243
6.372 14.989 -4.338
6.745 15.117 -0.536
9.762 12.859 0.130
10.992 9.390 -0.868
11.829 5.867 0.251
14.725 3.874 -1.158
13.312 0.476 -2.227
15.764 -2.096 -3.633
18.149 0.787 -4.358
15.580 2.844 -6.317
13.617 5.912 -5.157
9.897 5.598 -4.664
8.355 8.984 -3.885
5.438 9.684 -1.553
3.034 12.030 -3.327
