-32.460 13.185 2.498
-33.161 16.864 3.116
-32.803 18.302 6.625
-36.059 18.940 8.454
-36.781 21.453 11.164
-39.898 21.282 13.323
-40.996 22.569 16.771
-39.738 20.551 19.741
-43.130 20.375 21.400
-46.755 21.528 21.096
-49.798 21.716 23.380
-53.504 21.258 22.454
-56.981 20.386 23.756
-59.132 17.419 22.848
-61.499 18.261 20.015
-59.347 20.845 18.266
-57.504 20.702 14.977
-53.726 20.492 15.509
-51.295 21.900 12.956
-47.598 21.000 12.928
-45.321 22.818 10.508
-42.110 21.339 9.190
-39.404 23.329 7.396
-37.314 21.696 4.651
-35.924 24.398 2.433
-33.297 22.244 0.687
-35.846 19.728 -0.608
-34.923 18.306 -4.030
-36.967 17.183 -7.047
-37.187 13.493 -6.210
-37.863 14.018 -2.471
-41.180 13.196 -0.830
-42.529 14.438 2.488
-43.387 11.682 4.982
-44.781 11.789 8.502
-44.662 9.191 11.238
-46.553 9.065 14.550
-45.164 7.475 17.711
-47.473 6.662 20.592
-46.087 6.148 24.113
-44.290 2.812 24.581
-44.506 1.995 20.862
-42.356 2.382 17.774
-43.309 4.967 15.157
-45.912 4.231 12.482
-46.265 5.666 9.004
-49.210 8.021 8.738
-48.978 10.144 5.566
-46.871 10.981 2.526
-47.027 13.691 -0.133
-45.216 15.250 -3.059
-46.838 18.543 -4.223
-50.578 18.247 -3.733
-52.784 18.104 -0.668
-53.218 14.628 0.823
-55.951 13.602 3.253
-56.553 10.240 4.864
-58.202 8.858 8.030
-55.356 10.057 10.256
-54.295 13.431 8.875
-54.148 16.028 6.127
-50.847 17.186 4.628
-50.610 20.662 3.110
-47.656 21.475 0.859
-47.066 25.051 -0.373
-46.074 25.624 -3.995
-42.347 26.108 -3.221
-42.305 22.857 -1.182
-39.971 24.497 1.348
-42.280 23.667 4.248
-45.328 21.502 4.921
-48.073 21.266 7.523
-49.542 18.160 9.143
-53.153 18.796 10.173
-54.600 16.369 12.743
-58.396 16.336 12.979
-60.362 16.740 16.226
-57.583 15.359 18.378
-58.163 12.824 21.148
-56.131 12.233 24.309
-54.680 9.188 22.566
-53.090 11.466 19.935
-50.523 12.510 22.556
-47.476 11.327 20.611
-44.270 12.296 18.835
-44.744 13.353 15.213
-41.788 13.042 12.833
-41.299 14.932 9.551
-38.978 13.119 7.107
-37.929 14.350 3.678
-36.146 12.186 1.155
-36.328 9.611 -1.608
-38.773 6.725 -1.374
-39.882 3.328 -2.717
-37.077 1.394 -4.439
-34.799 4.422 -4.001
-35.177 4.611 -0.226
-31.891 5.184 1.600
-32.441 6.088 5.249
-34.530 8.215 7.555
-33.190 10.751 9.988
-35.941 10.758 12.607
-34.398 13.273 14.994
-36.621 14.247 17.933
-39.751 15.282 16.038
-42.541 17.240 17.739
-43.930 16.089 21.094
-47.668 16.787 21.019
-49.594 16.941 24.272
-53.430 16.745 24.255
-55.343 17.990 27.347
-58.934 17.160 28.245
-61.575 19.866 28.364
-62.932 19.175 31.836
-66.706 19.648 31.751
-67.375 20.368 35.428
-64.122 20.982 37.343
-64.556 20.076 41.010
