-0.514 35.076 70.339
-1.795 34.534 66.762
-2.360 38.292 66.630
1.288 38.687 67.673
2.544 36.826 64.578
-0.242 38.063 62.247
-1.476 34.518 61.683
-3.820 34.217 58.699
-5.464 30.919 57.733
-7.216 30.946 54.350
-8.415 28.189 52.052
-10.905 25.358 51.763
-8.624 22.466 50.810
-8.249 19.097 52.478
-4.544 19.254 53.365
-2.968 21.732 55.779
-0.045 23.774 54.413
1.974 26.229 56.530
3.929 28.948 54.703
6.970 30.522 56.352
9.122 33.406 55.153
12.789 34.328 55.400
14.803 37.332 56.510
13.837 40.744 55.170
10.238 39.994 54.155
6.985 38.745 55.700
4.089 36.438 54.821
3.225 38.692 51.857
6.128 37.054 49.996
3.587 34.296 49.239
0.945 36.713 47.919
1.280 35.409 44.354
1.204 31.771 45.518
-1.713 31.749 47.987
-4.607 31.870 45.443
-3.230 28.736 43.735
-3.242 26.785 47.028
-6.666 27.667 48.451
-8.632 25.247 46.259
-6.622 22.145 47.225
-5.061 23.172 50.557
-5.900 24.919 53.823
-3.145 27.527 53.989
-1.644 28.793 57.256
0.434 31.981 57.174
2.455 33.751 59.855
5.082 36.455 60.309
8.448 35.835 61.930
9.064 37.910 65.043
11.074 41.037 64.268
9.613 41.563 60.790
8.464 44.999 59.679
4.813 44.022 60.168
5.580 43.067 63.776
5.510 44.969 67.071
9.042 45.326 68.538
7.511 44.931 72.017
7.488 41.160 71.452
11.009 40.881 69.992
13.523 39.657 72.574
17.189 40.019 71.659
17.937 36.955 73.821
15.067 34.763 72.599
16.116 35.229 68.956
19.874 34.986 69.507
19.469 31.433 68.154
17.085 29.900 65.640
15.446 27.973 68.503
13.404 31.099 69.230
11.935 31.003 65.731
11.308 27.254 66.023
9.527 27.619 69.374
7.262 30.281 67.859
6.345 27.941 64.996
5.558 25.087 67.391
3.575 27.456 69.626
1.487 28.667 66.674
0.699 25.098 65.595
-0.285 24.228 69.174
-2.704 27.169 69.464
-4.182 26.289 66.056
-4.639 22.644 67.175
-2.657 21.392 64.182
-2.347 17.606 64.301
-0.701 17.247 60.897
0.416 19.612 58.122
2.830 20.257 55.274
5.360 22.973 56.138
6.797 25.165 53.374
9.771 27.209 54.538
11.573 29.939 52.610
15.250 30.672 53.380
15.887 30.380 57.156
12.264 29.341 57.748
12.982 26.077 55.943
15.721 25.340 58.463
13.409 26.567 61.235
10.833 24.002 60.136
13.471 21.280 60.296
14.413 22.475 63.789
10.760 22.253 64.840
10.415 18.730 63.430
13.154 17.662 65.859
10.778 18.352 68.766
7.508 17.153 67.176
8.090 15.030 64.055
4.455 13.868 64.002
3.179 17.376 63.216
5.016 17.474 59.863
4.124 14.996 57.131
6.352 16.935 54.727
8.781 19.855 54.637
9.391 21.961 51.528
12.412 24.266 51.703
12.881 27.168 49.275
16.401 28.644 49.109
17.276 27.197 52.516
20.850 26.764 53.742
22.107 25.089 56.936
25.162 27.380 57.062
26.251 30.391 55.010
29.779 30.307 56.450
32.337 28.272 54.567
34.042 25.484 56.506
36.288 22.467 56.036
34.716 20.466 53.191
31.648 22.724 53.142
30.900 25.413 50.542
28.427 27.850 52.074
29.374 30.871 49.957
30.688 33.387 52.492
33.844 33.997 54.481
33.718 35.719 57.858
35.266 38.854 56.339
32.337 38.944 53.912
30.068 38.860 56.961
31.982 41.609 58.788
31.768 43.982 55.816
28.044 43.266 55.564
27.656 43.883 59.306
29.721 47.091 59.254
27.993 48.429 56.127
24.623 47.546 57.675
25.554 49.685 60.694
27.416 52.477 58.872
24.483 53.413 56.600
21.524 51.102 57.080
19.592 52.677 54.197
22.524 52.429 51.777
23.035 48.803 52.806
19.389 48.014 52.029
19.735 49.715 48.638
22.558 47.370 47.619
21.481 44.212 49.431
17.957 44.026 47.994
18.969 43.819 44.285
21.545 41.128 45.083
19.144 39.161 47.297
16.202 39.198 44.876
18.398 39.261 41.809
16.901 41.177 38.894
16.992 44.920 38.153
16.937 47.743 40.691
13.804 49.076 38.959
12.076 45.694 39.270
8.973 45.698 41.448
10.128 42.706 43.520
13.442 44.359 44.451
11.648 47.555 45.465
9.156 45.665 47.645
11.825 43.567 49.366
13.815 46.737 50.016
10.768 48.303 51.670
10.141 45.342 53.983
13.842 44.967 54.792
14.214 48.697 55.484
11.203 48.541 57.821
13.029 46.251 60.262
14.397 48.270 63.163
18.154 48.597 62.527
19.376 47.046 65.784
16.811 44.258 65.391
17.840 43.811 61.751
21.508 43.777 62.783
20.948 41.167 65.501
18.674 38.924 63.421
21.121 39.077 60.506
23.845 37.947 62.913
21.676 35.092 64.207
20.952 33.963 60.632
24.228 34.467 58.758
26.331 32.928 61.564
24.057 29.937 62.215
25.209 26.342 61.746
22.516 23.641 61.703
24.565 20.935 59.979
24.630 18.703 63.077
20.822 18.516 63.344
20.248 17.493 59.709
20.806 13.692 60.035
18.248 13.465 62.869
15.505 14.973 60.676
13.102 12.153 59.791
10.453 14.251 57.994
10.477 13.980 54.172
11.919 17.165 52.681
11.523 18.515 49.147
14.571 20.702 48.495
13.649 23.542 46.127
16.488 25.737 44.912
17.109 28.505 42.391
19.824 27.768 39.846
21.442 31.175 40.513
21.269 32.097 44.212
23.957 34.354 45.663
23.251 33.436 49.297
22.962 29.677 48.641
25.331 27.932 46.198
23.835 25.160 44.087
25.982 22.588 45.919
24.194 23.386 49.200
21.024 21.805 47.795
23.028 18.625 47.200
24.527 18.759 50.703
21.028 18.776 52.205
20.101 15.948 49.819
22.644 13.576 51.380
22.764 14.934 54.944
19.057 15.119 55.823
18.104 11.923 57.624
14.675 11.675 56.014
13.715 10.895 52.414
14.531 13.877 50.218
14.316 15.086 46.633
15.911 18.094 44.934
14.408 20.282 42.212
16.464 23.160 40.805
14.295 26.077 39.607
15.153 27.989 36.394
15.164 31.279 38.309
17.662 33.754 39.734
17.525 35.197 43.225
16.874 34.198 46.825
13.135 35.043 46.734
11.892 33.337 43.555
8.321 33.086 44.859
8.268 36.911 44.764
10.259 37.732 41.611
9.310 34.667 39.539
6.000 33.314 40.887
4.768 31.824 37.608
7.675 29.352 37.636
7.456 28.547 41.354
3.678 27.962 41.422
3.662 24.791 39.248
6.808 23.348 40.845
5.706 24.016 44.432
2.244 22.657 43.611
3.649 19.414 42.190
5.838 18.858 45.261
2.915 19.644 47.579
0.957 16.707 46.115
3.829 14.271 45.510
