3.965 -11.702 30.298
7.066 -12.048 32.567
6.289 -15.765 32.864
5.793 -16.034 29.111
9.119 -14.240 28.564
10.944 -16.546 30.970
9.679 -19.556 29.020
10.214 -18.057 25.560
13.657 -16.630 26.406
14.827 -20.094 27.486
14.117 -21.268 23.906
15.930 -20.546 20.674
14.670 -17.149 19.531
13.240 -18.253 16.187
11.610 -21.324 17.786
9.955 -18.950 20.270
8.773 -16.680 17.435
7.219 -19.643 15.614
5.369 -20.742 18.752
4.007 -17.202 18.991
3.058 -17.103 15.311
1.203 -20.408 15.676
-0.888 -18.993 18.538
-1.474 -15.735 16.646
-2.622 -17.599 13.531
-4.993 -19.672 15.656
-6.438 -16.600 17.397
-6.917 -14.927 14.005
-9.465 -17.624 13.090
-11.795 -16.227 15.811
-13.086 -12.661 15.467
-14.626 -12.945 18.918
-11.318 -13.795 20.593
-9.687 -10.970 18.657
-12.376 -8.558 19.824
-11.759 -9.921 23.308
-8.019 -9.320 23.044
-8.695 -5.783 21.839
-10.884 -4.976 24.844
-8.017 -5.754 27.215
-5.058 -4.392 25.232
-6.541 -1.911 22.747
-6.376 1.839 23.233
-8.301 4.394 21.167
-7.947 8.155 21.447
-8.998 10.771 18.848
-5.870 12.782 19.699
-3.829 9.972 18.073
-5.875 9.791 14.859
-4.432 11.075 11.609
-5.258 10.882 7.907
-2.084 10.404 5.855
-1.821 9.859 2.089
-5.545 9.168 1.937
-5.340 6.605 4.769
-6.841 6.682 8.286
-4.339 5.839 11.025
-6.135 5.652 14.413
-2.788 5.886 16.223
0.741 6.448 14.886
2.240 3.256 16.331
2.749 0.473 13.789
4.236 -3.030 13.776
7.454 -3.015 11.729
8.040 -5.409 8.853
9.494 -8.834 9.548
7.150 -9.865 12.356
4.287 -11.053 10.126
6.263 -11.926 7.006
3.438 -13.909 5.415
0.366 -11.766 6.187
-1.205 -14.593 8.205
-1.840 -13.122 11.669
-2.829 -9.542 10.906
-6.173 -9.781 12.647
-4.701 -10.962 15.934
-1.914 -8.346 15.806
-4.396 -5.513 15.193
-6.226 -6.580 18.342
-3.133 -5.750 20.408
-3.526 -2.042 19.562
-1.185 -1.145 16.692
-2.364 1.775 14.576
-1.344 -0.225 11.483
0.785 -3.180 10.371
3.419 -3.709 7.708
3.459 -7.308 6.485
6.412 -8.860 4.686
9.010 -8.731 3.479
7.309 -10.739 0.709
9.095 -11.921 -2.424
7.712 -13.001 -5.781
8.461 -16.672 -5.056
8.882 -18.477 -1.731
12.347 -18.300 -0.220
14.019 -20.048 2.692
16.181 -17.135 3.893
19.631 -17.494 5.400
20.872 -20.561 7.271
19.804 -20.914 10.896
20.584 -19.874 13.593
19.871 -16.356 12.303
18.063 -14.654 15.206
19.697 -13.868 18.546
18.671 -11.931 21.647
20.732 -9.562 23.789
18.366 -9.594 26.722
20.020 -7.146 29.118
20.347 -4.620 26.270
16.719 -5.246 25.205
18.034 -5.856 21.716
17.891 -8.427 18.950
20.368 -9.330 16.242
19.240 -10.993 13.036
20.365 -12.018 9.566
17.064 -13.623 8.533
17.161 -12.705 4.839
13.562 -12.555 3.567
12.245 -15.992 4.620
8.653 -15.906 3.362
6.167 -18.137 1.561
5.932 -15.974 -1.553
3.508 -13.275 -2.614
0.894 -15.641 -4.120
0.344 -17.340 -0.755
0.806 -14.020 1.073
-2.052 -12.459 -0.910
-4.251 -15.489 -0.159
-3.483 -15.173 3.569
-4.239 -11.456 3.535
-7.516 -12.166 1.748
-8.531 -14.957 4.144
-9.403 -12.460 6.887
-9.722 -9.182 4.956
-10.888 -6.508 5.474
-8.749 -5.310 8.385
-9.496 -2.599 10.961
-6.291 -0.611 10.288
-4.151 0.236 7.261
-1.848 -2.592 6.203
1.463 -2.018 4.468
2.991 -4.615 2.159
6.806 -4.701 2.296
8.172 -6.034 -1.009
11.662 -7.330 -1.697
13.796 -8.926 -4.391
14.353 -12.687 -4.434
17.953 -13.446 -3.438
18.981 -15.004 -6.763
17.288 -12.528 -9.146
20.247 -11.060 -11.033
20.704 -7.300 -10.729
19.895 -7.161 -14.471
16.310 -8.458 -14.393
15.980 -7.232 -10.770
13.678 -4.320 -11.583
11.508 -6.962 -13.261
11.447 -8.846 -9.944
10.052 -5.866 -8.038
7.470 -5.637 -10.828
6.456 -9.295 -10.446
6.049 -9.189 -6.659
4.257 -5.832 -6.714
2.056 -7.151 -9.506
1.154 -10.132 -7.351
0.247 -7.806 -4.445
-1.741 -5.173 -6.391
-5.066 -6.200 -4.805
-3.950 -6.308 -1.155
-2.802 -3.735 1.357
-3.064 0.033 1.562
0.558 0.989 0.843
3.788 -0.618 -0.356
7.278 -0.430 1.134
10.355 -1.126 -0.959
13.191 -2.513 1.119
16.385 -0.961 -0.203
22.246 2.914 -6.086
20.676 6.315 -6.747
20.401 5.485 -10.475
18.006 2.594 -9.739
15.661 4.120 -7.151
14.219 6.512 -9.745
13.225 3.698 -12.110
11.847 1.582 -9.245
9.377 4.242 -8.104
8.678 5.363 -11.685
7.818 1.771 -12.628
5.778 1.472 -9.422
3.824 4.708 -9.909
2.483 3.318 -13.218
1.194 0.119 -11.580
-0.706 1.403 -8.524
-2.155 4.571 -7.029
-1.358 3.413 -3.455
1.280 5.209 -1.338
4.881 4.117 -1.927
7.612 4.159 0.740
11.355 3.626 0.624
12.902 1.922 3.649
16.556 2.675 4.277
19.315 1.185 6.377
20.807 3.330 9.171
24.411 2.865 7.998
24.542 5.123 4.928
26.898 8.061 4.818
24.723 11.151 5.234
25.525 12.691 1.844
25.099 9.284 0.232
21.806 9.010 2.116
20.541 12.392 0.920
21.311 11.417 -2.684
19.419 8.091 -2.511
16.376 9.523 -0.731
16.109 12.579 -2.999
16.069 10.365 -6.106
13.194 8.378 -4.582
11.031 11.435 -3.859
11.592 12.963 -7.315
10.526 9.665 -8.904
7.297 9.851 -6.884
7.999 8.065 -3.590
5.511 9.255 -0.989
7.437 8.490 2.185
10.689 7.339 3.728
10.978 4.671 6.429
14.097 4.898 8.616
15.613 2.714 9.819
16.242 -1.031 9.334
18.874 -2.730 11.580
22.458 -1.497 12.089
25.869 -3.070 11.543
28.044 -0.213 12.862
28.145 -0.686 16.659
31.065 -3.131 16.901
29.973 -4.464 20.294
32.175 -7.260 21.639
29.248 -9.537 22.554
27.615 -9.277 19.081
30.017 -10.065 16.199
28.960 -8.861 12.772
28.258 -12.382 11.411
25.066 -12.563 13.482
23.400 -9.756 11.500
22.037 -6.328 12.257
21.178 -4.925 15.678
17.623 -3.853 16.558
16.107 -2.711 19.844
17.626 -0.281 22.319
21.173 -0.692 20.913
19.762 0.960 17.757
17.976 3.874 19.448
20.817 6.377 19.144
21.861 5.847 15.526
18.244 5.617 14.344
17.552 8.928 16.088
20.625 10.493 14.472
19.758 9.219 10.996
16.221 10.544 11.404
17.249 14.057 12.444
19.223 14.347 9.202
16.371 12.801 7.189
13.904 15.299 8.647
16.305 18.210 8.192
16.400 17.624 4.436
13.022 16.055 3.692
10.332 16.847 6.279
8.551 19.371 4.039
8.742 17.070 0.981
7.722 13.602 2.179
6.007 11.548 4.858
8.614 10.399 7.379
8.284 7.153 9.372
10.685 6.583 12.291
11.763 3.035 13.198
14.497 1.650 15.371
14.814 1.245 19.107
11.523 2.867 20.111
10.462 1.270 23.407
8.452 3.897 25.325
6.355 6.993 24.834
9.126 9.537 25.498
11.226 8.136 22.651
8.169 7.822 20.397
7.191 11.392 21.286
10.723 12.573 20.485
10.508 10.935 17.050
7.172 12.625 16.367
8.502 16.031 17.410
11.560 15.456 15.197
9.239 15.139 12.173
7.819 11.590 12.163
4.197 11.286 11.052
4.222 7.556 11.917
6.303 5.083 13.949
7.101 1.364 13.844
8.290 -1.144 16.453
9.629 -4.670 16.263
11.976 -5.423 19.166
10.150 -3.647 21.996
7.138 -5.887 21.251
9.303 -8.866 22.203
10.485 -7.265 25.431
7.276 -5.503 26.545
4.571 -7.871 25.275
0.882 -7.207 24.627
0.729 -4.113 26.893
3.212 -2.381 24.566
0.708 -0.301 22.643
-1.591 0.946 25.375
1.396 1.771 27.600
3.054 3.877 24.892
-0.147 5.421 23.546
-1.613 6.359 26.934
1.672 8.004 27.895
1.841 9.702 24.493
-1.569 11.276 25.091
-0.304 12.730 28.373
2.784 14.145 26.630
0.616 15.898 24.036
-1.589 17.322 26.784
1.371 18.292 28.979
2.684 20.183 25.924
-0.311 22.095 24.523
-1.212 19.906 21.535
-4.852 19.055 20.874
-3.820 16.038 18.787
-0.778 14.199 17.463
-1.141 16.296 14.279
0.126 19.421 16.062
3.085 17.560 17.588
4.677 16.508 14.265
6.393 19.925 14.209
10.079 20.815 14.788
