-41.201 -60.762 -37.391
-40.159 -64.402 -37.099
-40.064 -65.545 -33.496
-37.007 -67.622 -32.714
-36.773 -70.269 -30.053
-33.542 -68.905 -28.644
-35.413 -65.677 -27.729
-37.320 -67.590 -24.954
-40.435 -66.141 -26.449
-43.548 -65.068 -24.449
-46.993 -65.155 -26.228
-48.821 -61.912 -26.827
-51.610 -61.093 -24.406
-54.889 -60.769 -26.335
-57.432 -60.249 -23.409
-58.202 -57.733 -20.643
-55.997 -57.838 -17.555
-57.096 -58.137 -13.974
-57.661 -54.874 -12.105
-56.823 -53.845 -8.533
-60.037 -55.363 -7.161
-59.399 -58.660 -9.023
-55.879 -58.702 -7.590
-57.246 -58.250 -4.038
-59.782 -61.038 -4.627
-57.030 -63.373 -5.892
-54.610 -62.590 -2.969
-57.477 -63.428 -0.501
-58.267 -66.741 -2.346
-54.605 -67.632 -2.293
-54.353 -66.946 1.513
-57.644 -68.907 2.119
-56.298 -71.932 0.228
-53.979 -72.799 3.151
-50.685 -72.103 1.221
-48.217 -70.766 3.731
-46.105 -67.559 3.658
-43.105 -69.774 3.157
-44.546 -71.628 0.254
-45.854 -68.483 -1.483
-42.576 -66.482 -1.002
-40.385 -69.363 -2.002
-42.358 -70.136 -5.165
-42.423 -66.484 -6.368
-38.712 -66.097 -5.528
-37.891 -69.255 -7.528
-39.812 -68.028 -10.539
-38.558 -64.395 -10.593
-34.948 -64.785 -9.514
-33.768 -66.618 -12.636
-33.394 -63.188 -14.219
-29.912 -61.935 -15.017
-29.226 -58.411 -16.215
-26.118 -59.498 -18.155
-28.225 -60.866 -21.037
-31.707 -60.064 -19.774
-32.762 -63.700 -19.762
-34.921 -65.320 -17.136
-37.542 -63.952 -14.762
-41.125 -64.841 -13.898
-42.693 -63.810 -17.198
-43.588 -67.049 -19.102
-44.303 -69.210 -16.068
-41.431 -71.395 -17.133
-41.126 -72.538 -13.542
-43.926 -75.039 -14.372
-42.015 -76.469 -17.356
-38.944 -78.556 -17.974
-36.284 -77.985 -16.814
-37.078 -75.393 -14.157
-39.732 -77.544 -12.501
-37.060 -80.149 -11.700
-34.230 -77.951 -10.496
-33.067 -78.937 -7.077
-33.086 -75.351 -5.750
-36.758 -75.141 -6.704
-37.754 -78.084 -4.428
-39.584 -79.965 -7.097
-42.156 -81.852 -4.980
-43.058 -78.868 -2.890
-43.231 -76.693 -6.087
-45.559 -79.110 -7.800
-48.012 -78.982 -4.856
-48.054 -75.175 -4.781
-48.490 -74.944 -8.575
-51.430 -77.407 -8.500
-53.127 -75.303 -5.895
-52.568 -72.043 -7.732
-53.696 -73.593 -11.040
-56.992 -74.632 -9.369
-57.468 -71.059 -8.077
-56.647 -69.753 -11.523
-59.137 -72.080 -13.325
-61.852 -71.109 -10.900
-61.250 -67.386 -11.346
-60.915 -67.550 -15.153
-64.101 -69.689 -15.451
-66.075 -67.034 -13.521
-65.163 -64.105 -15.670
-66.880 -62.183 -18.452
-65.589 -60.430 -21.510
-62.553 -62.477 -21.956
-60.722 -61.264 -18.756
-58.345 -63.886 -17.437
-55.230 -64.168 -15.332
-52.120 -66.014 -16.474
-50.349 -68.461 -14.211
-47.194 -66.324 -14.516
-49.043 -63.326 -13.068
-50.697 -65.480 -10.383
-47.427 -66.910 -9.198
-46.085 -63.413 -8.644
-49.370 -62.172 -7.126
-49.432 -65.126 -4.719
-45.943 -64.240 -3.621
-47.124 -60.667 -3.023
-49.940 -62.119 -0.866
-47.328 -64.029 1.114
-45.261 -60.966 1.771
-48.430 -58.983 2.836
-49.482 -61.734 5.130
-45.974 -61.951 6.668
-46.188 -58.239 7.312
-49.596 -58.683 8.934
-48.124 -61.492 11.064
-45.725 -58.828 12.367
-48.427 -56.281 13.069
-47.946 -54.193 9.911
-50.598 -53.614 7.167
-48.813 -53.120 3.782
-49.860 -53.524 0.223
-47.179 -54.912 -2.087
-47.341 -53.445 -5.580
-48.225 -55.822 -8.450
-48.299 -55.236 -12.144
-50.228 -57.745 -14.330
-49.504 -58.593 -17.967
-47.259 -61.628 -17.881
-48.116 -64.491 -20.225
-47.598 -68.207 -20.057
-45.097 -69.787 -22.491
-45.428 -73.422 -23.713
-43.028 -76.235 -23.389
-42.698 -76.188 -27.230
-41.606 -72.512 -26.965
-38.947 -73.367 -24.387
-35.534 -74.710 -25.322
-34.638 -76.981 -22.519
-30.887 -77.137 -23.219
-30.590 -73.339 -23.442
-32.450 -72.974 -20.150
-29.814 -75.096 -18.313
-27.500 -72.188 -17.792
-30.064 -70.336 -15.832
-30.178 -73.027 -13.095
-29.028 -71.511 -9.791
-26.313 -73.690 -8.471
-25.592 -71.073 -5.842
-28.407 -68.868 -4.439
-27.437 -67.221 -1.256
-30.892 -65.701 -0.948
-32.215 -69.292 -0.307
-29.020 -70.306 1.540
-28.388 -72.763 -1.295
-25.216 -74.224 -2.766
-25.628 -77.243 -5.090
-22.073 -78.439 -4.580
-18.697 -77.623 -3.080
-16.956 -74.756 -5.078
-13.615 -73.242 -4.865
-15.133 -69.658 -4.785
-16.383 -68.739 -1.236
-20.161 -68.656 -0.968
-20.187 -64.926 -0.118
-18.519 -64.156 -3.389
-21.216 -66.202 -5.169
-23.862 -64.162 -3.232
-22.482 -60.879 -4.517
-22.245 -62.345 -8.048
-25.977 -63.314 -7.859
-26.830 -59.877 -6.480
-24.988 -58.246 -9.481
-26.986 -60.483 -11.893
-30.191 -59.391 -10.141
-29.174 -55.777 -10.536
-29.197 -55.246 -6.744
-27.189 -52.724 -4.807
-25.549 -53.729 -1.537
-28.382 -52.186 0.586
-30.984 -53.994 -1.644
-29.088 -57.306 -1.337
-28.878 -56.900 2.480
-32.569 -56.066 3.012
-33.737 -58.779 0.679
-31.628 -61.498 2.231
-32.567 -60.615 5.860
-36.243 -60.700 4.977
-36.121 -63.900 2.966
-34.424 -65.677 5.925
-37.307 -64.934 8.284
-40.011 -65.646 5.650
-38.983 -69.279 5.236
-37.317 -69.014 1.859
-34.444 -71.311 2.571
-34.208 -74.445 0.429
-35.134 -77.586 2.473
-36.454 -75.458 5.292
-32.827 -75.122 6.647
-32.585 -73.270 9.887
-29.285 -71.631 8.810
-29.611 -67.834 9.147
-33.147 -68.142 10.397
-32.470 -65.856 13.285
-35.936 -65.439 14.561
-38.521 -67.006 16.904
-41.321 -65.745 14.645
-40.681 -67.326 11.336
-43.152 -66.170 8.602
-43.439 -62.791 10.164
-41.685 -59.946 8.248
-39.483 -58.366 10.857
-35.854 -57.177 11.110
-35.026 -60.035 13.513
-32.240 -61.387 11.171
-30.223 -58.198 11.755
-31.001 -57.601 15.426
-30.012 -61.193 16.291
-27.004 -61.318 13.965
-25.524 -58.222 15.511
-26.065 -59.271 19.121
-22.662 -59.294 20.844
-24.178 -61.676 23.513
-23.692 -64.427 20.881
-20.356 -65.964 20.001
-19.825 -67.803 16.698
-17.568 -70.714 15.812
-17.165 -73.038 12.834
-18.531 -76.585 13.394
-16.075 -79.596 13.451
-18.126 -81.428 10.747
-18.268 -78.435 8.352
-15.940 -75.303 8.496
-18.616 -73.443 6.393
-21.334 -73.841 9.029
-21.183 -71.860 12.229
-22.756 -72.230 15.650
-23.959 -69.209 17.575
-23.841 -69.764 21.335
-24.723 -67.587 24.227
-21.383 -66.105 25.320
-22.053 -66.484 29.024
-23.902 -69.966 29.161
-22.751 -71.772 26.080
-26.289 -72.496 25.056
-26.757 -73.122 21.283
-28.923 -70.302 19.830
-28.506 -70.439 16.039
-26.619 -71.919 13.165
-25.507 -69.991 10.009
-23.502 -70.311 6.849
-20.821 -67.978 5.454
-23.563 -66.188 3.509
-25.386 -65.451 6.735
-22.400 -64.395 8.779
-20.696 -62.223 6.093
-23.254 -59.569 7.122
-21.697 -59.482 10.574
-18.072 -59.593 9.364
-17.570 -57.549 6.156
-17.172 -53.913 7.347
-19.405 -52.402 4.691
-22.081 -55.071 4.919
-22.137 -54.900 8.704
-22.638 -51.127 8.503
-25.710 -51.785 6.351
-26.978 -54.573 8.699
-26.639 -52.037 11.567
-29.123 -49.602 9.942
-31.712 -52.376 9.614
-30.959 -53.829 13.053
-31.500 -50.550 14.888
-34.451 -49.864 17.205
-35.879 -47.260 14.847
-35.779 -49.499 11.792
-38.872 -51.767 11.683
-40.954 -49.495 9.393
-37.934 -48.854 7.210
-37.061 -52.514 6.959
-40.620 -53.411 5.855
-40.802 -50.651 3.271
-37.420 -51.298 1.788
-38.066 -55.058 1.729
-41.359 -54.578 -0.140
-39.608 -52.310 -2.598
-36.766 -54.721 -3.443
-39.242 -57.681 -3.622
-41.302 -55.716 -6.149
-38.094 -54.796 -8.075
-37.219 -58.506 -8.374
-40.749 -59.404 -9.455
-40.550 -56.844 -12.266
-36.937 -57.433 -13.540
-38.108 -58.938 -16.895
-41.015 -56.555 -17.442
-39.766 -54.777 -20.536
-43.428 -54.711 -21.707
-43.908 -51.986 -19.088
-40.772 -49.942 -20.116
