10.028 17.445 15.111
7.977 17.452 11.958
8.766 14.310 9.990
7.154 12.779 6.900
7.922 9.074 6.551
7.817 7.363 3.154
9.120 3.900 2.344
11.648 4.073 -0.506
9.832 1.957 -3.099
6.516 0.493 -4.208
5.474 -1.826 -7.005
2.383 -2.973 -8.914
1.402 -4.274 -12.348
0.512 -2.357 -15.478
-3.182 -1.525 -15.356
-3.462 -2.163 -11.616
-3.851 0.330 -8.781
-1.305 1.255 -6.126
-1.680 3.235 -2.894
1.439 5.162 -1.855
1.727 6.164 1.800
3.119 9.143 3.719
3.015 9.118 7.519
3.005 12.307 9.585
4.728 12.571 12.932
2.248 12.351 15.799
2.468 15.996 16.843
1.421 17.035 13.322
-1.060 14.294 12.525
-3.737 16.770 11.343
-1.624 18.550 8.719
-2.416 18.676 5.034
0.257 17.462 2.590
1.128 17.894 -1.066
2.181 15.089 -3.401
4.840 15.748 -6.038
5.908 13.534 -8.934
9.363 13.370 -10.522
9.585 11.235 -13.631
13.082 10.011 -14.536
15.284 12.823 -15.804
12.752 15.595 -15.131
12.176 18.136 -12.407
9.329 17.685 -9.953
5.745 18.635 -10.611
2.897 19.124 -8.180
0.118 16.516 -8.204
-2.345 17.439 -5.460
-2.992 18.708 -1.954
-4.554 16.219 0.488
-6.462 17.859 3.345
-6.989 16.550 6.885
-10.701 16.007 6.223
-9.881 13.581 3.405
-10.696 16.002 0.592
-8.085 16.544 -2.082
-7.453 19.037 -4.873
-5.522 18.047 -8.002
-3.265 20.434 -9.821
-4.393 21.686 -13.189
-3.657 19.122 -15.891
-3.146 16.218 -13.467
-5.025 13.059 -14.575
-8.013 11.934 -12.534
-6.314 8.525 -12.198
-4.490 10.219 -9.285
-6.478 10.605 -6.067
-5.689 11.341 -2.445
-7.090 10.290 0.903
-6.404 10.357 4.631
-6.555 8.041 7.635
-5.349 9.352 10.981
-1.685 10.252 10.540
-1.540 8.519 7.134
-1.815 10.383 3.840
-2.344 8.449 0.615
-1.839 8.819 -3.127
-3.821 6.248 -5.075
-2.898 5.796 -8.733
-5.374 3.743 -10.716
-5.038 2.160 -14.165
-1.256 2.312 -13.874
0.624 3.186 -17.051
4.319 3.093 -17.893
4.683 6.869 -17.451
3.670 6.515 -13.785
7.095 5.079 -13.016
8.528 7.993 -11.087
9.606 9.136 -7.659
6.741 10.448 -5.530
7.454 12.908 -2.716
5.103 14.028 -0.019
5.609 17.483 1.446
4.029 19.551 4.206
3.959 23.010 5.772
4.951 23.837 9.338
5.498 27.047 11.244
8.486 28.621 9.483
9.481 25.349 7.790
8.607 22.991 4.957
9.514 19.294 5.006
9.698 16.568 2.340
9.359 12.846 2.738
12.234 10.718 1.534
10.469 9.790 -1.701
8.964 6.576 -3.038
10.122 5.069 -6.332
7.234 3.358 -8.131
7.930 0.406 -10.428
5.191 -0.608 -12.884
5.624 -4.314 -13.623
4.601 -6.424 -16.574
