15.826 16.637 79.125
13.195 15.152 81.444
9.851 16.778 82.215
8.618 13.984 84.480
6.826 15.212 87.568
7.522 14.011 91.084
4.187 12.198 91.454
4.563 10.371 88.159
8.036 9.160 89.165
6.621 7.812 92.422
3.856 5.978 90.549
6.108 4.430 87.925
8.656 3.444 90.578
5.911 1.792 92.626
4.563 0.012 89.546
7.987 -1.348 88.693
8.428 -2.682 92.235
4.968 -4.283 92.355
5.676 -6.072 89.091
9.143 -7.367 90.045
10.945 -6.169 86.958
12.687 -3.316 85.187
10.362 -0.760 83.600
11.285 1.889 81.031
8.787 4.595 80.076
9.010 7.649 77.855
6.192 9.992 76.879
6.379 12.859 74.410
3.719 15.568 74.343
4.060 16.654 70.702
2.111 19.832 71.417
4.691 21.226 73.833
7.649 19.075 72.824
8.009 17.949 76.437
9.432 14.500 77.123
9.069 12.708 80.458
10.284 9.328 81.605
11.397 6.599 83.969
14.650 4.736 83.184
14.264 6.257 79.739
17.992 6.202 78.960
18.692 2.561 79.869
19.001 -0.085 77.162
16.073 -2.481 76.887
15.664 -5.445 74.501
13.385 -4.193 71.717
12.041 -7.579 70.609
9.349 -7.044 67.945
9.157 -3.288 68.534
12.245 -3.259 66.261
9.926 -4.173 63.344
8.815 -0.525 63.153
12.364 0.700 62.362
12.760 -2.052 59.757
9.476 -1.289 57.953
10.323 2.429 58.109
13.734 1.765 56.494
11.947 -0.066 53.703
9.395 2.734 53.294
12.257 5.253 53.028
13.690 3.179 50.182
10.290 3.169 48.454
10.372 6.970 48.229
12.743 6.702 45.283
11.075 3.598 43.830
7.309 3.628 44.604
6.652 0.310 42.797
9.028 -1.305 45.335
6.160 -1.960 47.722
3.998 -3.713 45.133
6.606 -6.049 43.603
6.019 -9.786 44.215
8.366 -11.472 46.681
8.453 -15.270 46.630
8.054 -16.920 50.029
9.349 -20.434 50.653
9.086 -22.942 53.484
12.760 -22.190 54.152
11.826 -18.586 54.978
9.563 -19.703 57.820
10.847 -19.438 61.376
9.115 -19.781 64.760
6.005 -17.639 64.200
4.616 -17.103 60.725
0.856 -16.409 61.045
0.508 -14.742 57.631
3.527 -15.896 55.628
2.887 -19.603 56.237
-0.215 -19.163 54.030
1.894 -18.029 51.063
4.491 -20.789 50.829
5.198 -21.459 47.157
3.503 -18.162 46.347
4.453 -14.478 46.570
3.660 -11.506 48.800
4.287 -7.813 48.110
6.404 -5.763 50.527
3.169 -3.948 51.429
1.702 -7.316 52.487
4.913 -8.280 54.298
4.970 -4.940 56.138
1.315 -5.260 57.222
1.945 -8.845 58.325
5.016 -8.047 60.390
3.534 -4.921 61.995
-0.059 -6.042 62.575
0.512 -9.731 63.415
4.235 -9.662 64.363
5.019 -12.181 61.597
8.679 -13.144 62.037
9.263 -14.631 58.588
7.964 -11.368 57.113
10.479 -9.437 59.224
13.329 -11.611 57.937
12.210 -11.101 54.333
12.227 -7.344 54.891
15.655 -7.537 56.523
16.921 -9.461 53.483
15.723 -6.711 51.132
17.364 -3.985 53.241
20.735 -5.674 53.642
20.272 -6.996 57.167
20.106 -5.779 60.788
23.182 -3.604 60.239
21.335 -1.609 57.561
18.271 -1.117 59.789
20.740 0.246 62.345
22.246 2.582 59.730
18.720 3.817 58.921
18.121 4.556 62.621
21.327 6.633 62.660
20.085 8.463 59.568
17.065 9.740 61.528
19.123 10.787 64.521
18.769 7.682 66.666
22.151 6.777 68.159
20.878 4.193 70.662
19.004 1.790 68.379
20.995 -1.300 67.443
19.669 -4.311 65.587
22.255 -7.079 65.669
20.319 -10.220 64.828
17.349 -11.385 62.807
14.331 -13.427 63.940
13.994 -15.191 66.237
17.361 -14.853 68.025
16.963 -11.082 68.486
14.574 -11.907 71.352
16.995 -13.526 73.809
16.732 -10.345 75.931
19.557 -11.212 78.343
20.260 -8.710 81.151
23.479 -6.802 80.403
23.448 -7.795 76.720
23.503 -4.737 74.442
22.392 -6.611 71.332
19.044 -5.683 69.810
18.395 -2.873 72.278
17.270 0.711 72.353
16.218 3.165 75.065
12.693 4.390 75.741
13.783 7.969 74.976
15.440 7.096 71.663
12.553 4.904 70.497
9.968 7.544 71.430
11.874 10.232 69.513
12.267 7.932 66.516
8.592 6.888 66.500
7.665 10.574 66.582
9.888 11.373 63.617
8.625 8.403 61.602
4.880 8.407 62.284
4.261 12.127 62.900
7.327 14.031 61.730
9.157 14.314 58.441
11.648 11.434 58.521
9.531 9.771 55.824
7.646 11.137 52.835
3.929 11.869 53.285
2.651 8.727 51.543
5.090 6.608 53.537
4.305 8.214 56.907
0.585 7.710 56.376
1.168 4.068 55.388
3.154 3.451 58.563
0.656 5.242 60.790
-2.279 3.291 59.370
-0.426 -0.019 59.782
0.250 0.865 63.421
-3.410 1.823 63.956
-4.408 -1.588 62.582
-2.222 -3.570 64.979
-4.040 -6.687 66.233
-1.735 -7.652 69.127
-2.026 -4.587 71.352
-5.429 -4.751 73.078
-4.008 -5.678 76.498
-1.017 -3.322 76.445
-0.849 0.487 76.072
-4.345 0.608 74.493
-5.908 -0.954 77.592
-4.722 1.964 79.727
-5.966 4.799 77.501
-9.417 6.348 77.008
-11.322 4.072 74.630
-12.317 6.957 72.347
-8.721 7.801 71.447
-7.158 6.719 68.155
-4.018 4.641 68.823
-1.333 3.015 66.704
1.132 0.646 68.354
3.611 -2.170 67.992
4.079 -4.712 70.756
7.135 -6.781 71.578
7.636 -9.951 73.560
10.723 -11.998 74.353
12.680 -14.011 76.864
13.156 -12.719 80.422
9.407 -12.032 80.314
10.128 -9.031 78.134
6.869 -7.192 77.452
7.018 -4.076 75.269
4.799 -1.607 73.437
5.426 1.602 71.532
2.524 3.793 70.535
1.362 6.942 68.821
-1.755 8.317 70.460
-4.263 10.836 69.118
-6.174 12.191 72.128
-9.549 13.812 71.518
-9.050 17.450 70.514
-5.420 17.390 71.656
-1.998 17.127 69.927
-0.708 13.552 69.685
1.365 11.732 72.279
4.114 9.223 71.773
4.378 6.568 74.478
7.011 3.868 74.944
6.640 1.214 77.632
9.416 -1.364 77.930
9.416 -4.047 80.651
11.755 -6.940 81.336
12.053 -9.354 84.251
14.771 -11.065 86.264
14.388 -14.692 85.064
14.674 -16.073 81.542
11.430 -18.049 81.762
9.320 -15.230 83.243
5.777 -14.871 81.899
4.676 -11.754 80.019
3.074 -8.921 81.991
1.025 -6.895 79.522
-1.068 -5.325 82.338
2.102 -3.547 83.525
2.174 -1.683 80.225
-1.532 -0.839 80.448
-0.969 0.516 83.939
2.076 2.527 82.867
0.009 3.980 80.009
-2.810 4.877 82.411
-0.332 6.603 84.707
1.048 8.562 81.766
-2.396 9.305 80.289
-3.692 10.705 83.584
-0.865 13.245 83.791
-1.549 14.579 80.272
-5.308 14.496 79.656
