73.723 140.632 125.462
73.864 139.022 122.016
72.888 135.418 121.298
75.225 132.424 121.377
76.354 130.829 118.102
76.419 127.044 117.988
76.378 124.194 115.452
72.991 123.112 114.155
71.797 119.965 115.860
68.036 120.162 115.278
67.599 117.103 113.016
65.249 118.750 110.502
67.970 121.372 109.851
71.229 119.413 109.803
71.306 119.452 105.979
70.709 123.050 104.840
72.541 126.144 103.594
74.389 126.808 106.964
75.544 124.895 110.049
75.789 127.642 112.686
72.676 128.739 114.531
72.140 131.145 117.424
70.247 130.886 120.673
67.830 132.132 121.732
65.822 131.974 118.545
63.018 134.416 117.772
60.613 131.852 119.160
61.945 132.007 122.706
63.770 128.684 122.706
67.070 128.807 124.569
68.399 125.454 123.350
68.128 123.342 120.215
66.611 120.440 122.127
63.549 122.531 123.051
63.450 124.055 119.541
64.019 120.630 117.973
61.165 119.122 119.975
58.803 121.818 118.745
59.860 121.912 115.097
59.871 118.119 114.876
56.049 118.134 114.805
56.346 119.560 111.279
58.116 116.354 110.081
55.093 114.912 108.213
54.485 118.345 106.681
58.048 118.529 105.294
57.945 114.890 104.138
54.684 115.264 102.162
56.318 118.183 100.266
53.374 120.614 100.472
55.952 123.354 99.711
59.673 123.240 98.875
59.968 126.358 101.040
58.689 124.764 104.225
61.923 123.341 105.606
63.973 126.488 105.085
61.250 128.670 106.579
61.033 126.399 109.656
64.801 126.324 110.086
65.080 130.089 109.684
62.778 130.472 112.706
63.736 127.419 114.796
67.459 127.325 113.973
68.204 130.923 112.944
71.457 131.305 111.061
74.363 132.777 112.989
75.858 135.894 111.344
78.133 138.840 112.104
75.040 140.553 113.586
75.016 137.977 116.430
71.248 137.882 116.854
68.293 136.064 115.349
67.100 137.673 112.104
63.535 136.949 110.958
62.940 135.418 107.534
61.677 137.624 104.734
57.921 137.708 104.344
58.040 136.070 100.904
59.887 132.988 102.168
57.121 132.572 104.765
54.316 133.201 102.264
55.681 130.642 99.808
55.902 128.038 102.570
52.513 129.003 103.983
50.984 128.811 100.505
51.175 125.064 99.893
50.952 123.891 103.480
48.336 125.965 105.303
45.340 124.489 103.494
46.655 120.979 104.177
47.259 121.479 107.880
43.854 123.131 108.079
42.288 119.919 106.696
43.785 118.130 109.712
42.551 120.823 112.089
45.940 122.492 112.725
46.036 126.257 112.249
49.047 128.050 110.852
50.671 129.136 114.131
50.400 132.805 115.071
54.136 133.018 115.854
54.724 132.049 112.194
52.100 134.243 110.465
53.956 136.041 107.685
52.608 139.478 108.683
55.159 139.264 111.503
58.024 139.178 109.049
59.745 142.031 107.216
59.779 142.286 103.447
63.030 142.405 101.489
62.090 146.128 101.133
61.649 146.900 104.850
64.385 148.582 106.844
64.746 145.615 109.219
67.040 143.154 107.456
65.490 139.740 106.857
66.755 136.280 105.895
66.173 135.362 102.266
67.665 132.866 99.870
69.677 133.002 96.632
66.945 131.362 94.548
