21.290 2.536 -11.453
19.109 -0.246 -10.040
17.149 0.267 -6.784
17.172 -2.466 -4.092
13.516 -2.047 -2.876
14.150 -3.541 0.612
17.131 -1.159 1.129
14.821 1.691 -0.131
12.216 0.730 2.466
14.811 0.841 5.259
16.985 3.799 4.214
14.310 6.057 2.667
10.747 5.069 3.652
11.305 3.996 7.277
13.839 6.805 7.854
11.324 9.433 6.482
8.400 8.117 8.554
10.557 7.721 11.693
11.416 11.461 11.784
7.742 12.590 11.446
6.313 14.438 14.516
3.518 11.772 14.774
5.871 8.799 14.571
6.717 8.192 18.242
3.567 6.111 19.277
4.348 3.819 16.311
8.089 3.382 17.020
7.560 0.367 19.289
4.803 -2.126 20.045
1.590 -0.810 21.656
2.214 -1.551 25.392
-1.460 -2.281 26.190
-0.911 -3.285 29.857
1.050 -0.020 30.577
-1.543 1.987 28.518
-4.441 0.346 30.442
-5.916 -1.199 27.221
-6.721 -4.753 28.488
-8.811 -5.688 25.378
-6.096 -4.652 22.877
-4.799 -8.183 22.196
-8.396 -9.521 22.009
-9.131 -7.134 19.098
-5.629 -6.995 17.498
-4.528 -10.468 16.389
-1.316 -9.409 14.565
0.318 -6.417 16.317
2.764 -4.419 14.215
4.904 -1.306 14.677
7.849 0.556 13.044
10.425 -0.698 15.590
9.509 -4.290 14.621
9.575 -3.421 10.874
13.012 -1.789 11.326
14.350 -4.945 13.084
12.874 -7.207 10.361
14.486 -5.079 7.618
17.853 -5.218 9.467
17.659 -8.958 10.086
16.738 -9.823 6.455
13.381 -11.240 7.672
11.476 -10.331 4.495
11.422 -12.362 1.228
10.688 -9.177 -0.728
9.595 -5.534 -0.467
5.856 -6.478 -0.618
6.023 -8.450 2.640
7.487 -5.337 4.308
4.773 -3.095 2.783
2.157 -5.608 4.142
3.524 -4.992 7.691
3.277 -1.194 7.366
-0.339 -1.695 6.196
-1.076 -4.030 9.186
0.306 -1.338 11.519
-2.004 1.317 10.052
-5.094 -0.915 9.792
-4.642 -2.230 13.391
-4.802 1.412 14.482
-8.043 1.915 12.520
-9.529 -1.335 13.906
-8.840 -0.742 17.576
-9.598 2.929 17.682
-12.564 4.869 16.142
-12.902 7.183 13.077
-11.705 10.623 14.182
-9.620 9.645 17.254
-6.222 11.480 17.629
-4.178 8.312 17.090
-6.238 7.578 13.964
-5.548 11.135 12.659
-1.824 10.510 13.373
-1.895 7.115 11.631
-3.777 8.568 8.585
-1.076 11.296 8.189
1.736 8.744 8.441
-0.063 6.394 5.975
-0.481 9.203 3.381
3.314 9.934 3.723
4.105 6.213 3.489
2.102 5.873 0.211
3.815 9.055 -1.118
7.276 7.517 -0.390
6.321 4.190 -2.046
5.038 6.188 -5.078
8.440 8.007 -5.151
10.395 4.679 -5.587
12.892 5.502 -8.425
