34.119 -11.319 29.795
30.372 -11.887 30.162
27.827 -13.064 27.610
26.418 -9.535 27.403
29.852 -8.043 26.707
30.463 -10.739 24.084
27.100 -10.203 22.367
27.745 -6.449 22.278
31.156 -7.029 20.691
29.689 -9.513 18.203
27.034 -7.019 17.085
29.279 -3.955 17.442
26.779 -1.778 19.304
28.044 1.400 20.871
26.418 2.677 24.092
26.092 6.070 22.362
26.313 7.197 18.741
26.547 10.323 16.609
23.416 9.963 14.426
24.761 12.368 11.800
28.054 10.454 11.714
26.314 7.064 11.640
24.315 8.119 8.572
27.601 8.871 6.803
29.086 5.585 8.027
26.080 3.739 6.604
26.163 5.562 3.260
29.929 5.425 2.694
29.861 1.700 3.486
27.226 1.164 0.792
29.034 3.360 -1.752
32.328 1.589 -1.023
30.699 -1.734 -1.911
29.442 -0.498 -5.292
32.848 0.884 -6.273
34.561 -2.430 -5.502
31.891 -4.346 -7.482
31.239 -2.448 -10.735
28.794 -5.150 -11.879
26.344 -3.898 -9.220
24.253 -0.980 -10.477
21.039 -0.902 -8.417
19.803 -1.406 -4.867
16.569 -3.301 -4.202
14.488 -3.261 -1.028
10.940 -4.102 -0.027
9.250 -1.142 1.650
6.834 -2.343 4.336
6.217 1.027 6.003
8.113 0.094 9.163
11.010 1.849 10.856
13.673 -0.573 9.608
12.820 -0.648 5.898
12.190 3.114 5.920
15.631 3.934 7.331
17.436 1.335 5.214
15.565 2.587 2.152
16.428 6.248 2.709
20.102 5.428 3.280
20.077 3.286 0.131
18.471 6.041 -1.951
20.822 8.702 -0.567
23.756 6.446 -1.465
22.665 6.029 -5.090
21.996 9.760 -5.468
25.583 10.467 -4.413
26.899 7.685 -6.667
25.319 8.983 -9.879
26.430 12.538 -9.071
30.035 11.576 -8.305
30.380 9.094 -11.180
27.914 10.628 -13.648
26.651 7.073 -14.257
22.851 7.251 -14.333
22.615 3.452 -14.041
22.974 3.826 -10.257
19.396 3.743 -8.957
17.512 2.501 -5.906
14.417 0.366 -6.512
11.664 0.328 -3.889
9.138 -2.520 -4.011
5.814 -2.546 -2.202
5.074 -6.188 -1.330
1.489 -6.453 -0.053
-0.238 -9.747 0.670
-3.515 -9.290 -1.184
-5.224 -6.503 -3.084
-7.156 -4.972 -0.157
-4.118 -4.731 2.129
-3.736 -1.250 3.606
-0.762 0.465 1.954
-1.112 3.877 3.633
1.879 3.205 5.893
3.953 1.915 2.970
3.453 4.981 0.775
4.010 7.284 3.750
7.540 5.866 3.817
7.725 6.131 0.019
7.049 9.876 0.201
10.040 10.270 2.526
12.429 7.962 0.656
11.636 9.373 -2.814
12.919 6.289 -4.666
14.083 6.343 -8.265
11.920 3.289 -9.032
8.709 2.407 -7.174
7.201 -1.007 -7.937
4.320 -2.984 -6.445
4.182 -6.788 -6.626
1.374 -8.701 -4.917
2.715 -11.861 -3.259
-0.691 -13.413 -2.496
-1.059 -15.402 -5.769
2.324 -17.093 -5.310
1.876 -17.731 -1.580
-1.657 -19.069 -2.040
-0.492 -21.277 -4.920
2.373 -22.674 -2.831
0.040 -23.265 0.123
-2.359 -25.092 -2.187
0.420 -27.226 -3.657
1.464 -28.078 -0.094
-2.081 -28.974 0.979
-2.154 -31.241 -2.088
0.476 -33.335 -0.247
-1.263 -33.354 3.144
0.763 -30.436 4.543
-1.497 -27.856 6.192
0.324 -24.591 6.879
-0.314 -22.913 10.230
-0.951 -19.195 10.664
2.566 -18.403 11.892
4.298 -20.673 9.368
2.344 -18.904 6.620
3.896 -15.682 7.904
7.357 -17.168 7.409
6.218 -18.218 3.931
5.304 -14.600 3.166
8.712 -13.306 4.268
10.469 -15.895 2.102
8.230 -15.068 -0.864
9.133 -11.402 -0.389
12.776 -12.512 -0.452
12.190 -14.166 -3.833
10.571 -11.048 -5.303
13.381 -8.688 -4.292
15.957 -11.144 -5.638
14.036 -11.574 -8.891
14.135 -7.802 -9.425
17.827 -7.576 -8.517
18.537 -10.521 -10.824
17.248 -8.358 -13.690
18.773 -4.969 -12.792
22.293 -6.073 -11.737
21.289 -5.187 -8.197
22.051 -6.039 -4.591
19.325 -6.746 -2.040
19.319 -4.394 0.947
18.719 -6.032 4.329
17.028 -4.413 7.318
18.625 -6.584 10.011
20.004 -4.593 12.942
21.306 -5.244 16.449
17.989 -5.362 18.326
16.606 -7.832 15.773
19.779 -9.945 15.712
20.038 -10.709 19.447
16.532 -12.173 19.328
16.884 -13.637 15.804
13.505 -11.961 15.219
13.473 -12.620 11.483
12.611 -15.395 9.053
15.561 -17.571 8.049
16.121 -16.881 4.335
13.096 -14.587 4.490
13.762 -11.016 5.548
17.079 -12.351 6.851
17.990 -13.216 3.264
19.778 -10.203 1.805
23.033 -9.047 0.223
24.197 -6.106 2.372
23.204 -4.752 5.798
23.410 -0.948 6.158
21.723 -0.947 9.593
23.837 -3.690 11.213
25.335 -2.288 14.481
22.381 -0.114 15.524
19.763 -1.040 18.107
16.082 -0.082 17.901
16.199 3.405 19.428
19.451 4.216 17.616
17.610 3.482 14.381
14.988 6.017 15.441
17.739 8.580 16.052
19.057 8.164 12.503
15.532 8.551 11.113
15.216 11.743 13.159
18.599 12.902 11.839
17.455 12.340 8.239
14.400 14.568 8.708
11.861 11.752 8.632
8.357 12.721 9.800
7.975 11.647 13.414
5.013 9.406 12.507
7.405 6.954 10.805
9.169 5.671 13.949
6.839 6.552 16.833
3.057 6.100 16.631
3.082 10.444 31.040
2.008 6.824 31.480
3.961 3.818 30.222
4.356 3.469 26.474
2.133 0.774 24.911
3.476 -2.463 23.476
3.999 -3.263 19.815
3.460 -6.670 18.214
7.174 -7.530 18.224
7.423 -7.014 21.990
4.380 -9.190 22.745
5.947 -12.070 20.810
9.336 -11.629 22.482
8.231 -11.116 26.079
10.699 -8.234 26.445
10.575 -4.595 25.377
12.818 -2.856 22.864
13.968 -0.493 25.625
15.361 -3.405 27.647
16.870 -4.914 24.487
18.502 -1.579 23.645
19.652 -1.012 27.237
21.177 -4.502 27.156
23.050 -3.837 23.907
24.270 -0.476 25.236
25.934 -2.285 28.146
23.396 -1.116 30.722
22.134 -3.302 33.554
18.688 -4.786 32.941
16.577 -6.894 35.280
17.521 -10.529 35.829
14.210 -11.568 34.258
14.624 -9.425 31.136
18.266 -10.485 30.799
17.218 -14.144 30.858
14.598 -13.489 28.168
17.108 -11.745 25.897
19.898 -14.307 26.251
17.411 -17.162 25.794
16.377 -15.719 22.426
20.078 -15.383 21.588
20.926 -19.046 22.170
17.621 -20.115 20.600
18.473 -18.363 17.334
22.172 -19.176 16.998
21.455 -21.236 13.873
20.117 -18.098 12.164
23.303 -16.146 12.984
25.547 -18.661 11.192
25.934 -20.229 7.776
24.489 -23.731 7.272
26.095 -25.984 9.857
29.019 -28.116 8.673
30.926 -30.895 10.423
33.635 -28.387 11.411
31.378 -26.013 13.366
31.588 -25.899 17.161
29.319 -22.998 18.177
26.309 -25.304 18.597
28.004 -27.922 20.800
