131.159 145.647 112.158
133.662 147.811 110.275
132.520 148.406 106.700
133.162 150.447 103.539
130.626 151.490 100.866
131.476 152.709 97.344
129.285 154.822 95.069
129.502 157.128 92.060
130.277 154.571 89.342
128.528 154.895 86.008
128.619 154.761 82.222
130.705 157.456 80.503
132.255 158.241 77.106
136.055 158.305 76.613
137.489 161.527 77.977
134.576 162.026 80.382
134.773 162.427 84.160
133.443 160.706 87.254
133.775 161.113 91.032
133.779 158.099 93.367
133.021 158.125 97.089
133.839 155.586 99.793
132.154 155.836 103.212
133.610 154.008 106.208
132.190 153.119 109.603
133.455 151.824 112.964
137.065 152.959 112.618
139.037 156.162 113.188
139.121 157.432 109.618
141.938 159.936 110.284
144.279 157.028 111.131
143.321 154.772 108.213
145.562 154.134 105.213
142.935 154.174 102.456
143.397 152.437 99.112
141.640 152.316 95.738
141.786 149.009 93.838
140.112 148.105 90.563
139.361 144.995 88.540
138.688 144.951 84.808
136.162 142.347 83.585
137.673 138.884 83.853
141.081 140.257 84.895
143.098 140.575 88.091
143.212 143.162 90.852
145.013 146.383 89.931
146.133 148.852 92.578
144.968 152.362 91.665
146.447 154.505 94.447
146.294 155.274 98.131
146.412 158.023 100.737
148.360 157.646 103.968
146.631 158.317 107.297
146.029 161.964 108.064
147.978 161.390 111.304
151.020 160.341 109.200
150.805 163.318 106.799
148.318 162.005 104.228
150.830 161.428 101.426
149.256 160.188 98.208
150.488 157.758 95.588
149.102 156.653 92.237
149.583 153.988 89.609
151.460 155.271 86.568
148.402 154.589 84.383
146.170 156.972 86.387
148.626 159.624 87.644
147.582 163.145 86.656
144.071 161.978 85.706
142.861 160.494 89.006
142.910 162.451 92.279
142.283 161.126 95.798
140.665 163.346 98.438
139.613 162.793 102.031
137.027 164.078 104.528
137.805 162.480 107.896
134.893 164.203 109.607
132.509 162.279 107.335
134.590 159.061 107.067
134.552 159.571 103.292
137.281 158.906 100.716
137.055 160.333 97.196
138.434 159.434 93.771
138.108 162.152 91.135
138.522 160.449 87.744
139.236 162.735 84.769
140.091 162.015 81.132
138.673 158.513 81.382
139.918 155.846 78.976
138.260 152.588 77.975
140.947 150.620 79.853
139.694 152.305 83.046
136.598 150.072 82.755
136.049 147.758 85.705
134.867 147.494 89.290
136.451 149.966 91.713
136.977 148.930 95.329
137.649 150.899 98.459
139.947 149.103 100.890
141.854 149.540 104.138
143.408 147.685 107.042
142.482 148.972 110.503
142.807 147.909 114.113
139.953 146.520 116.211
139.899 146.002 119.970
139.536 142.562 121.541
138.853 142.360 125.284
138.907 139.186 127.329
139.454 138.079 130.887
140.013 134.862 132.784
139.712 134.191 136.496
143.213 135.660 136.800
143.555 138.821 134.663
142.016 141.241 132.129
143.491 141.319 128.621
143.251 143.905 125.878
144.480 143.373 122.331
144.119 144.894 118.908
143.991 142.907 115.697
143.936 143.806 112.020
140.734 143.854 109.992
141.352 144.064 106.242
138.043 145.371 104.900
136.727 145.970 101.361
133.576 147.499 99.957
131.338 145.655 97.529
132.590 147.901 94.736
131.068 150.303 92.239
131.219 149.777 88.463
132.848 152.224 85.994
132.189 151.684 82.261
134.101 153.836 79.756
133.128 153.304 76.131
132.283 155.242 73.007
129.286 152.956 72.316
125.708 154.048 72.986
123.062 152.166 74.934
121.291 149.657 72.709
119.063 146.638 73.191
119.970 143.265 71.706
118.561 141.303 68.814
117.633 137.763 69.906
118.046 134.868 67.452
117.006 131.240 68.014
119.603 128.482 68.169
117.349 125.746 66.801
117.905 121.983 67.418
118.582 111.083 73.267
119.390 114.630 74.408
118.830 117.741 72.287
120.266 121.245 72.657
118.654 124.573 71.800
119.293 128.182 72.637
119.131 131.892 71.925
121.829 134.189 70.563
121.685 137.608 72.273
123.673 139.858 69.942
124.802 143.481 69.773
123.698 145.114 73.035
125.313 147.748 75.239
126.100 148.084 78.084
126.186 145.104 80.415
124.284 143.337 81.819
121.553 141.197 80.283
119.468 138.491 81.979
118.194 135.379 80.203
115.569 133.018 81.561
113.828 130.050 79.968
110.042 129.567 80.114
109.698 132.432 82.600
112.056 130.694 85.025
110.322 127.289 84.958
113.297 125.768 83.084
116.576 126.033 84.997
118.268 122.632 84.828
120.739 122.288 81.986
120.904 126.047 81.327
124.246 127.630 80.429
124.178 131.407 79.926
127.670 132.209 78.757
129.640 135.295 79.780
129.287 137.980 77.136
132.092 138.746 74.701
132.939 142.325 73.738
132.935 142.536 69.947
135.074 144.696 67.678
131.937 146.820 67.240
132.041 147.773 70.930
128.748 145.929 71.483
128.419 142.838 73.667
127.249 139.441 72.470
126.129 136.434 74.459
124.554 133.031 73.967
122.210 131.068 76.240
121.736 127.342 75.591
119.899 124.490 77.306
119.985 120.710 76.831
116.679 118.824 76.981
115.384 115.342 76.153
114.841 114.913 72.426
111.470 113.342 73.284
110.250 116.790 74.382
111.044 118.648 71.141
107.553 118.012 69.773
105.888 117.979 73.197
107.367 120.929 75.103
107.737 124.506 73.855
110.849 126.488 74.832
110.935 130.296 75.208
114.007 132.316 76.151
113.179 135.551 78.052
115.773 138.289 77.499
115.967 141.443 79.608
118.229 144.447 78.959
117.240 147.041 81.548
119.574 149.885 80.425
117.597 150.089 77.158
114.226 148.827 78.492
114.175 145.951 75.983
112.292 142.709 76.670
112.408 139.859 74.143
110.583 136.511 74.281
111.745 134.153 71.512
110.112 130.801 70.721
112.795 128.321 69.587
111.508 125.553 67.273
113.307 122.557 65.676
