17.264 78.171 59.138
17.690 79.702 55.715
16.397 83.081 54.576
12.888 82.723 53.106
12.763 82.821 49.273
9.054 83.857 49.312
8.215 86.269 46.492
11.300 85.556 44.390
10.956 84.625 40.721
12.112 81.386 39.050
12.102 79.620 35.680
12.228 75.804 35.498
12.858 74.666 31.939
11.234 71.399 31.035
9.066 71.676 34.140
5.842 69.906 33.227
6.960 66.413 34.285
9.605 64.351 36.091
12.416 66.042 37.974
11.534 69.471 36.591
7.983 69.269 37.972
9.448 68.340 41.368
11.828 71.294 41.259
8.938 73.610 40.355
6.689 72.278 43.140
9.487 72.528 45.727
10.165 76.186 44.832
6.433 76.998 44.739
5.974 75.459 48.208
8.689 77.859 49.420
6.686 80.829 48.092
8.723 81.349 44.875
6.663 82.150 41.744
7.668 79.675 39.002
7.322 79.661 35.229
7.704 76.090 33.854
8.439 75.663 30.190
7.776 72.884 27.714
6.777 72.135 24.134
3.441 70.444 24.946
0.738 72.878 26.034
-1.533 70.053 27.223
1.142 68.784 29.616
1.921 72.326 30.776
-1.746 73.083 31.473
-2.205 69.821 33.379
0.769 70.552 35.615
-0.321 74.156 36.209
-3.742 72.807 37.285
-2.215 70.112 39.502
-0.063 72.708 41.295
-2.769 75.389 41.626
-2.812 75.324 45.365
0.887 76.117 45.966
1.998 79.183 47.909
4.055 80.591 45.057
2.266 80.711 41.726
3.178 78.106 39.035
2.349 79.197 35.464
3.563 77.998 32.062
5.248 79.244 28.898
5.310 77.044 25.799
8.860 77.210 24.466
11.544 75.049 22.860
14.776 75.314 24.927
16.829 74.693 21.809
15.665 78.017 20.289
17.408 81.132 21.773
14.477 83.281 20.677
12.146 81.149 22.842
14.653 81.380 25.725
14.505 85.196 25.482
10.683 85.151 25.219
10.553 82.934 28.330
12.692 85.299 30.389
10.660 88.326 29.248
7.357 86.673 29.984
8.593 85.573 33.423
9.714 89.102 34.303
6.353 90.466 33.082
4.384 87.986 35.281
6.594 88.148 38.401
8.326 91.518 38.257
11.896 90.252 37.888
13.957 87.080 37.701
16.062 85.645 40.495
16.474 81.917 39.816
16.934 79.860 36.660
16.692 76.059 36.896
18.210 74.852 33.612
16.574 71.485 33.891
15.162 70.407 30.549
16.539 67.031 29.584
15.712 64.141 27.250
17.210 60.676 27.451
16.548 58.528 24.354
18.812 55.492 24.049
20.949 54.336 21.169
24.095 52.250 20.863
27.152 54.028 19.483
26.978 52.353 16.070
23.299 53.368 15.677
23.408 57.066 16.697
22.812 59.468 13.798
23.874 63.116 13.636
20.255 64.084 14.368
20.136 61.772 17.418
23.295 63.363 18.783
22.160 66.943 18.072
18.677 66.370 19.547
20.179 65.247 22.877
23.045 67.766 22.946
20.625 70.509 21.842
18.010 70.015 24.558
20.342 68.944 27.350
23.362 71.181 26.779
22.485 73.947 24.312
19.151 74.526 26.103
21.037 75.034 29.344
23.391 77.603 27.713
20.595 79.475 25.935
18.364 80.010 28.957
21.350 81.200 31.033
22.360 83.631 28.231
18.847 85.053 27.931
18.524 85.467 31.691
21.917 87.139 32.416
20.833 90.801 32.388
17.837 90.187 34.692
19.766 87.855 36.976
22.524 90.477 37.299
19.935 93.126 38.138
18.556 90.918 40.956
21.877 91.184 42.850
21.581 87.587 43.991
21.183 85.579 40.819
21.071 81.789 40.959
21.409 79.199 38.153
20.859 75.526 39.037
21.614 72.974 36.331
20.052 69.500 36.366
22.917 67.284 35.191
23.220 63.488 35.942
25.621 60.945 37.411
25.577 59.492 33.853
28.375 61.203 31.926
30.253 63.072 34.667
30.722 59.866 36.665
29.163 56.764 35.147
28.649 55.089 31.791
25.477 53.331 30.665
25.217 51.487 27.317
22.995 53.417 24.918
23.583 56.775 26.649
26.939 57.931 25.361
25.375 61.047 23.815
23.243 61.557 26.958
26.282 61.296 29.204
28.246 63.563 26.884
25.514 66.209 27.162
25.365 65.994 30.966
29.153 66.328 31.278
29.053 69.229 28.754
26.798 71.121 31.154
29.457 70.851 33.843
32.383 71.864 31.591
30.275 74.872 30.621
29.435 75.887 34.188
33.025 75.596 35.499
33.864 78.515 33.182
30.450 80.214 33.453
30.843 80.436 37.247
33.961 82.579 36.726
32.306 84.885 34.185
29.189 85.193 36.370
30.974 85.872 39.692
31.373 89.650 39.053
27.614 89.680 38.352
26.972 88.059 41.783
25.304 85.086 40.033
26.243 81.606 41.187
25.822 78.558 38.961
25.916 74.978 40.295
24.558 71.590 39.256
22.577 68.810 40.928
23.634 65.369 39.636
20.611 63.081 40.202
21.070 59.360 40.427
18.040 57.141 39.788
14.899 59.096 40.639
11.366 57.686 40.576
9.246 59.549 38.027
5.974 58.999 36.194
8.047 57.397 33.414
9.690 54.715 35.575
6.231 53.695 36.844
5.842 52.083 33.402
8.009 49.147 34.470
7.351 46.437 37.008
8.038 46.333 40.714
10.534 43.538 40.007
12.855 45.763 38.018
12.404 48.779 40.301
13.292 46.579 43.251
16.466 45.503 41.438
17.360 49.154 40.943
16.754 49.962 44.634
18.744 46.935 45.847
21.827 48.268 43.989
21.675 51.590 45.907
22.968 51.903 49.527
19.876 53.936 50.572
17.773 50.979 49.376
15.303 53.041 47.318
15.037 55.187 44.227
15.126 58.900 44.929
12.188 61.289 44.708
11.795 64.395 42.534
11.608 66.305 45.808
15.173 65.107 46.573
16.315 67.036 43.475
14.041 70.019 44.155
15.417 70.388 47.665
19.025 70.331 46.522
18.223 73.022 43.948
16.414 74.989 46.682
19.601 74.969 48.817
21.716 76.332 45.956
19.111 79.093 45.427
19.393 80.353 49.017
21.239 83.502 49.978
23.152 81.226 52.362
24.708 79.446 49.362
26.201 82.645 47.891
29.780 81.300 48.305
29.055 78.048 46.406
29.700 78.332 42.725
30.906 76.213 39.800
30.171 73.100 41.824
28.242 69.839 41.846
26.126 67.920 44.348
25.394 64.237 43.628
21.917 63.232 44.928
21.808 59.471 44.504
21.442 57.588 47.819
25.011 56.349 47.421
24.512 54.811 43.941
27.974 55.815 42.668
29.824 54.412 45.719
29.864 50.537 45.421
32.489 49.089 43.132
29.921 46.428 42.167
26.851 44.597 43.414
29.219 42.292 45.325
30.227 45.214 47.561
26.549 45.898 48.261
25.957 42.214 48.917
28.858 41.861 51.400
26.957 44.281 53.641
