34.740 -24.384 39.040
36.866 -22.154 41.264
35.593 -22.104 44.852
35.667 -19.034 47.095
35.612 -19.289 50.876
34.969 -16.210 52.998
35.768 -15.534 56.634
34.530 -14.790 59.102
30.935 -15.801 58.425
29.297 -13.770 61.208
31.638 -11.114 62.626
30.272 -8.978 65.463
31.980 -5.596 65.861
31.134 -2.030 66.935
30.256 1.037 64.813
32.825 3.612 63.780
35.440 0.848 63.945
37.604 -0.713 61.231
36.818 -4.074 59.630
38.778 -6.579 57.524
37.094 -9.505 55.741
39.084 -12.267 54.043
38.303 -14.160 50.835
40.348 -17.163 49.714
40.251 -19.099 46.447
40.798 -22.827 45.978
43.059 -21.766 43.088
45.636 -19.097 42.475
44.088 -16.343 40.362
45.208 -13.095 38.798
44.298 -10.056 40.884
42.513 -8.462 37.904
39.630 -10.948 38.241
38.205 -10.196 41.704
35.350 -8.059 43.022
33.719 -7.186 46.340
29.942 -6.652 46.513
27.647 -5.403 49.287
24.071 -6.570 49.898
22.153 -4.440 52.377
19.037 -5.915 54.064
16.444 -7.099 51.545
17.602 -5.400 48.343
19.939 -5.753 45.379
23.722 -6.062 45.761
26.040 -3.266 44.702
29.651 -3.281 43.543
32.398 -2.091 45.906
35.697 -3.355 44.471
36.843 -4.711 41.133
40.318 -5.819 40.114
40.875 -6.489 43.845
41.729 -2.824 44.526
39.422 -0.155 43.066
36.253 1.589 44.249
33.600 2.072 41.606
31.465 4.942 40.322
29.876 6.485 43.380
31.575 4.701 46.289
32.836 6.244 49.569
36.557 6.111 50.319
36.028 3.823 53.341
36.274 0.676 51.210
39.727 -0.657 50.303
40.837 -3.758 48.408
43.916 -5.870 49.022
45.505 -9.229 48.329
46.532 -11.342 45.359
47.404 -14.929 44.495
44.946 -16.911 46.587
44.297 -14.496 49.493
42.232 -11.303 49.265
41.018 -8.756 51.790
38.318 -6.092 51.982
38.828 -3.277 54.492
36.325 -0.788 55.927
38.006 2.186 57.573
35.189 3.886 59.525
32.072 1.777 59.928
28.733 3.546 59.643
25.036 2.635 60.043
24.636 1.575 56.402
27.946 -0.356 56.415
26.275 -3.225 58.324
25.314 -5.646 55.563
26.453 -8.837 53.845
29.673 -8.838 51.836
30.448 -11.172 48.936
33.696 -11.744 47.076
33.589 -12.772 43.421
36.203 -14.305 41.157
35.231 -13.451 37.601
36.231 -14.254 34.039
35.332 -17.516 32.300
33.033 -18.997 34.982
32.472 -16.529 37.839
31.818 -17.670 41.400
30.905 -16.051 44.727
31.969 -16.759 48.264
29.269 -17.648 50.760
29.202 -14.088 52.122
30.285 -12.287 55.286
27.551 -10.568 57.304
28.810 -7.849 59.654
26.609 -7.889 62.756
26.364 -5.157 65.391
