4.122 -26.154 -7.487
2.197 -23.944 -5.079
2.134 -20.143 -4.912
1.778 -17.588 -2.152
0.133 -14.391 -3.288
-0.216 -11.186 -1.306
-3.417 -9.207 -1.739
-4.131 -5.799 -0.274
-7.760 -5.239 0.709
-9.690 -2.010 0.225
-9.120 -1.456 3.949
-5.385 -1.518 3.100
-4.923 -4.717 5.140
-2.767 -7.294 3.321
-3.568 -10.997 3.447
-1.739 -13.982 1.955
-3.284 -16.577 -0.327
-1.941 -20.019 -1.067
-2.754 -21.244 -4.568
-1.451 -23.887 -6.929
0.848 -22.759 -9.751
-1.839 -23.737 -12.281
-4.239 -21.114 -10.911
-6.246 -18.838 -13.193
-7.039 -15.285 -12.157
-10.552 -16.457 -11.275
-9.325 -18.812 -8.528
-7.509 -15.979 -6.734
-10.566 -13.688 -7.090
-12.820 -16.381 -5.665
-10.489 -17.077 -2.741
-10.288 -13.347 -1.954
-14.091 -12.971 -2.117
-14.448 -16.010 0.202
-11.785 -14.836 2.644
-13.501 -11.472 3.227
-16.998 -12.935 2.617
-17.842 -10.507 -0.181
-21.326 -11.524 -1.404
-21.848 -8.708 -3.973
-18.505 -9.461 -5.581
-19.342 -8.823 -9.253
-18.540 -5.089 -8.990
-14.961 -5.869 -7.869
-11.739 -7.177 -9.387
-8.039 -7.449 -8.611
-5.237 -5.320 -10.008
-1.493 -5.834 -9.654
1.574 -3.632 -10.053
3.699 -4.344 -13.117
7.456 -3.723 -13.084
6.969 -0.082 -14.055
4.763 0.068 -10.932
1.601 0.912 -12.819
-1.622 -0.887 -11.822
-3.002 -3.443 -14.309
-6.195 -5.546 -14.053
-5.868 -9.249 -13.379
-7.484 -11.231 -16.193
-9.568 -13.969 -14.531
-9.373 -16.332 -17.523
-5.586 -16.417 -17.846
-3.013 -18.148 -15.659
-1.599 -15.828 -13.035
1.973 -16.923 -13.856
1.382 -15.826 -17.455
0.412 -12.285 -16.365
2.971 -11.468 -13.669
6.724 -12.117 -13.501
7.316 -12.689 -9.774
3.845 -13.539 -8.419
5.310 -14.048 -4.922
6.836 -10.547 -4.899
3.959 -8.745 -6.632
1.376 -6.629 -4.845
-2.266 -7.263 -5.762
-5.133 -5.188 -4.487
-8.923 -5.370 -4.381
-10.560 -2.606 -6.474
-14.015 -1.615 -7.741
-14.133 -2.516 -11.454
-17.745 -1.473 -12.173
-19.332 1.553 -10.485
-23.138 1.386 -10.384
