12.599 28.780 17.182
15.942 29.948 18.699
18.682 27.336 19.505
19.228 29.302 22.803
23.077 29.492 22.590
23.513 31.302 25.988
21.572 28.406 27.674
23.668 25.869 25.662
27.000 27.259 27.018
25.795 26.475 30.612
24.866 22.885 29.757
28.273 22.239 28.123
30.064 23.931 31.115
28.618 21.073 33.261
30.821 18.691 31.167
33.674 21.278 31.211
33.599 22.477 27.531
32.047 25.138 25.223
28.577 25.093 23.619
28.092 25.584 19.819
24.775 26.158 17.992
24.900 24.251 14.662
22.046 22.938 12.443
19.404 24.651 14.706
20.565 22.569 17.785
22.913 22.996 20.797
25.977 20.661 20.867
29.086 20.681 23.126
32.730 20.485 21.796
36.034 19.562 23.567
