-29.581 125.074 38.349
-26.710 127.243 36.933
-24.122 125.094 35.077
-21.173 125.110 32.657
-20.859 123.292 29.413
-18.111 123.265 26.822
-18.325 125.915 24.168
-19.341 124.597 20.720
-19.181 126.107 17.236
-22.951 126.658 17.307
-22.442 128.908 20.383
-20.417 131.469 18.405
-23.416 133.688 17.436
-24.255 133.982 21.165
-20.620 134.817 21.953
-20.319 137.347 19.182
-23.476 139.336 20.216
-22.187 139.734 23.791
-20.415 142.889 22.276
-20.705 143.409 18.417
-20.729 147.251 18.576
-17.370 148.181 16.941
-16.528 149.672 20.413
-13.776 147.358 21.664
-11.029 145.101 20.301
-11.859 141.448 21.038
-9.433 138.506 20.995
-9.624 134.749 20.365
-6.491 132.866 21.399
-4.813 136.258 21.436
-5.714 137.051 17.818
-7.900 140.117 17.123
-11.324 139.935 15.454
-14.394 142.136 14.903
-16.533 140.375 12.288
-18.421 137.154 13.037
-16.757 135.510 10.045
-13.356 136.438 11.480
-14.278 134.835 14.843
-15.458 131.668 13.059
-12.179 131.309 11.195
-10.149 131.838 14.391
-12.377 129.299 16.168
-11.595 126.688 13.522
-7.872 127.387 13.615
-7.636 126.903 17.446
-10.067 124.024 18.094
-7.239 121.831 19.619
-5.316 124.627 21.329
-5.268 123.966 25.110
-3.983 127.414 26.121
-7.602 128.686 26.488
-10.880 126.983 27.392
-14.400 128.307 27.194
-17.767 127.363 28.653
-21.313 128.535 28.184
-23.070 129.377 31.455
-26.613 128.061 31.332
-29.651 127.942 33.595
-32.933 126.176 32.791
-31.732 125.603 29.238
-31.090 129.317 28.480
-27.628 130.718 27.597
-26.747 133.242 30.307
-23.098 133.972 29.594
-19.554 132.823 28.912
-16.657 131.726 31.110
-13.196 132.030 29.548
-9.998 130.560 30.996
-7.015 132.080 29.216
-3.217 132.173 29.582
-3.425 128.650 30.918
-0.028 127.356 32.007
0.184 123.876 33.597
3.822 124.206 34.742
3.118 127.333 36.778
-0.363 125.934 37.341
-2.295 129.105 36.707
-4.871 130.740 34.525
-6.740 133.960 34.094
-10.497 133.804 33.965
-13.244 136.104 32.873
-17.036 135.864 33.431
-19.245 137.632 30.845
-22.969 137.761 31.559
-25.381 138.631 28.746
-26.809 142.143 29.384
-30.356 140.773 29.501
-29.375 138.480 32.463
-27.271 140.872 34.556
-29.916 141.504 37.204
-30.075 137.994 38.694
-26.938 137.069 40.752
-25.389 134.879 38.053
-21.948 136.657 38.233
-21.172 135.199 41.665
-22.552 131.746 40.821
-20.583 131.602 37.582
-17.402 132.652 39.331
-17.786 129.643 41.698
-18.273 127.334 38.701
-15.144 128.747 37.086
-13.212 128.230 40.318
-14.506 124.666 40.593
-13.479 123.810 37.058
-10.038 125.412 37.323
-9.179 123.942 40.705
-11.000 120.631 40.883
-10.855 119.523 37.229
-7.819 121.262 35.655
-5.735 120.957 38.842
-4.487 124.568 38.772
-2.804 126.204 41.794
-3.700 129.844 41.085
-6.638 131.559 39.394
-6.716 135.285 38.790
-8.924 137.869 37.086
-8.799 141.448 35.944
-11.588 144.004 36.606
-11.890 147.693 35.975
-10.991 149.643 39.099
-14.339 151.527 38.883
-16.296 148.204 38.929
-16.836 148.262 42.697
-19.636 145.687 42.638
-17.546 143.041 40.895
-14.605 143.801 43.191
-16.922 143.260 46.197
-18.255 139.933 44.843
-14.735 138.622 44.249
-13.526 139.821 47.685
-16.458 137.959 49.287
-15.501 134.780 47.393
-11.964 134.948 48.893
-9.957 136.715 46.151
-7.179 139.070 47.266
-5.917 142.126 45.355
-2.428 141.580 43.935
-2.021 144.574 41.684
-3.328 147.730 40.190
-2.342 147.777 36.477
-2.248 151.446 35.527
-3.666 152.561 32.182
-3.554 148.966 30.966
-6.395 149.263 28.394
-7.374 151.967 25.943
-11.182 151.918 25.927
-13.582 154.359 24.401
-10.960 157.145 24.134
-9.187 156.765 27.505
-6.711 154.612 29.390
-8.351 152.554 32.146
-6.744 151.085 35.199
-7.591 147.556 36.299
-7.331 145.525 39.477
-5.811 142.021 39.374
-7.259 139.632 42.001
-6.215 136.061 42.761
-7.083 132.996 44.843
-5.225 129.720 45.458
-6.088 126.019 45.273
-5.496 124.923 48.908
-7.825 127.683 50.338
-10.472 126.804 47.707
-10.426 123.005 48.182
-10.529 123.487 51.979
-13.478 125.955 51.938
-15.668 124.342 49.219
-14.398 120.711 48.761
-14.665 118.741 52.110
-0.322 134.506 26.444
0.146 136.871 24.944
