-6.710 6.939 39.644
-4.594 4.034 38.412
-2.099 3.007 41.111
0.554 0.623 39.750
3.025 -1.275 41.935
5.945 -3.277 40.532
7.058 -6.255 42.620
9.321 -9.188 41.894
12.620 -10.814 42.811
15.834 -8.756 42.993
17.450 -7.580 39.735
14.614 -8.615 37.392
14.455 -5.022 36.109
11.638 -3.328 38.047
13.411 0.032 38.383
14.829 -0.070 34.841
11.344 -0.702 33.439
9.947 2.360 35.209
12.819 4.626 34.231
12.751 3.428 30.614
9.059 4.333 30.488
9.796 7.842 31.767
12.815 8.589 29.563
12.280 6.434 26.442
15.912 5.407 26.844
17.423 2.558 28.814
19.304 3.672 31.960
22.627 1.879 32.173
22.742 2.847 35.871
19.690 2.742 38.131
19.169 3.438 41.840
17.724 0.595 43.932
14.277 2.186 43.781
12.713 4.770 41.522
10.964 7.601 43.309
7.172 7.449 43.209
5.926 8.676 39.832
2.731 10.668 39.204
1.646 11.023 35.571
-1.096 13.411 34.334
-4.245 11.841 32.917
-4.148 13.106 29.326
-0.656 11.641 28.584
-1.464 8.048 29.624
-2.959 5.265 27.469
-6.309 5.175 29.319
-6.566 8.956 30.020
-6.602 8.751 33.832
-4.037 10.003 36.346
-1.510 7.278 37.100
0.834 6.599 40.013
3.741 4.176 39.606
5.455 2.772 42.697
8.669 0.737 42.711
9.487 -1.893 45.334
13.054 -2.580 46.451
13.735 -5.118 49.190
16.966 -3.439 50.292
15.307 -0.011 50.570
11.884 -0.946 51.986
10.657 -3.042 54.896
8.075 -5.822 54.744
5.626 -3.459 56.448
6.131 -0.874 53.699
5.672 -3.570 51.048
2.438 -4.585 52.784
1.318 -0.940 52.783
2.178 -0.522 49.099
0.197 -3.652 48.179
-2.896 -2.326 49.964
-2.560 1.024 48.161
-2.116 -0.408 44.657
-5.078 -1.254 42.457
-2.959 -3.226 39.988
0.265 -5.112 40.705
2.809 -6.040 38.051
4.742 -9.111 39.190
8.008 -8.824 37.239
10.255 -11.792 36.486
13.295 -12.215 34.247
12.796 -14.504 31.258
16.292 -15.964 31.767
15.832 -16.620 35.514
13.734 -19.653 36.458
13.976 -18.744 40.149
12.298 -15.376 39.544
9.456 -17.269 37.843
9.105 -19.861 40.619
8.823 -17.045 43.187
5.741 -15.693 41.377
3.662 -18.527 42.852
5.774 -19.441 45.881
6.099 -15.904 47.250
4.467 -12.991 45.472
0.910 -14.206 44.830
0.464 -15.638 48.378
1.907 -12.430 49.835
-0.447 -10.248 47.801
-3.333 -12.404 49.007
-2.357 -11.619 52.612
-4.006 -8.202 52.154
-6.803 -7.427 54.581
-9.424 -5.736 52.348
-10.371 -8.413 49.810
-13.797 -6.952 48.974
-12.343 -5.574 45.718
-10.427 -7.637 43.177
-6.746 -6.725 42.828
-5.762 -7.568 39.231
-2.264 -8.861 38.597
-0.108 -8.712 35.485
2.793 -11.100 34.877
5.726 -9.209 33.352
8.601 -11.149 31.825
11.448 -8.680 31.426
14.790 -8.955 29.582
13.261 -10.461 26.433
16.304 -9.121 24.552
18.465 -11.849 26.126
16.635 -14.933 24.795
15.106 -16.191 21.554
12.337 -18.234 23.217
9.083 -17.181 24.859
8.355 -17.737 28.541
4.681 -18.340 27.727
4.894 -22.127 28.069
6.324 -21.661 31.566
3.792 -19.086 32.784
0.669 -20.466 31.073
0.141 -22.921 33.993
0.307 -19.945 36.364
-2.285 -18.024 34.346
-4.557 -21.078 34.419
-4.391 -21.544 38.193
-4.660 -17.885 39.277
-7.651 -16.121 37.715
-6.667 -12.919 39.540
-3.965 -12.572 36.881
-5.498 -10.289 34.266
-2.891 -10.757 31.535
0.793 -11.283 30.817
3.415 -9.465 28.780
7.064 -9.969 27.855
9.182 -6.834 27.511
12.719 -5.479 27.368
13.635 -2.337 29.279
17.006 -2.526 27.520
15.592 -2.500 23.978
12.529 -0.370 24.897
10.189 -3.143 23.737
6.598 -3.458 25.003
7.099 -0.902 27.791
4.236 1.243 26.521
2.152 -1.930 26.170
2.948 -2.943 29.758
1.597 0.254 31.222
-1.399 0.289 28.873
-2.238 -3.260 30.023
-1.840 -2.182 33.657
-4.222 0.762 33.314
-6.736 -1.373 31.434
-6.714 -3.961 34.229
-7.906 -1.239 36.605
-10.537 0.327 34.363
-11.709 -2.707 32.327
-10.886 -6.020 34.043
-12.031 -9.185 32.291
-13.362 -12.607 33.210
-14.978 -15.730 31.766
-18.598 -16.089 30.714
-19.294 -18.834 33.272
-17.569 -19.528 36.585
