180.375 119.414 151.691
184.009 118.329 151.331
187.442 119.827 150.666
190.076 117.688 148.933
193.688 118.840 149.194
196.493 117.960 146.777
200.163 118.697 146.176
201.706 115.937 148.275
205.316 115.000 147.698
208.886 115.605 148.818
211.513 118.091 147.628
214.864 119.248 148.929
215.091 122.135 151.436
215.490 125.432 149.603
212.902 124.988 146.854
209.272 125.602 145.854
206.090 123.517 146.111
202.369 124.075 145.513
199.242 122.854 147.298
195.642 122.996 146.089
192.488 122.279 148.064
189.613 121.310 145.748
186.097 122.416 146.605
182.672 120.711 146.586
179.309 122.298 145.698
178.766 125.489 147.694
179.184 129.225 146.832
182.973 129.239 147.093
183.368 132.950 146.300
181.509 133.979 149.480
183.795 132.166 151.950
187.350 133.231 152.895
189.499 130.111 152.871
192.328 129.299 155.293
195.556 127.332 155.617
196.731 125.711 158.848
199.848 123.804 159.889
200.502 121.082 162.484
203.965 119.641 163.106
204.034 115.896 163.965
203.663 115.306 167.696
203.667 119.055 168.370
201.307 122.004 168.734
199.434 123.928 166.036
199.963 126.832 163.635
197.625 128.965 161.557
199.150 130.222 158.293
197.402 132.065 155.496
193.679 133.152 155.401
192.691 134.472 151.910
189.537 136.624 151.668
186.437 135.965 149.581
188.056 137.847 146.700
191.601 138.143 145.425
192.234 141.052 147.800
193.643 141.160 151.349
195.695 138.048 152.086
197.293 138.109 155.558
200.224 135.937 156.637
201.654 134.436 159.783
204.870 135.853 161.202
207.112 132.820 160.647
206.084 132.520 156.970
205.803 136.190 155.998
207.568 137.310 152.834
207.972 133.717 151.646
204.549 132.425 150.617
202.055 133.531 147.975
198.476 132.397 148.513
195.665 132.756 145.991
192.269 131.409 144.968
190.287 131.031 141.758
186.557 131.681 141.957
185.751 129.807 138.732
187.757 126.592 139.121
187.033 126.448 142.905
190.747 125.890 143.536
193.157 127.168 146.186
196.895 127.743 145.854
199.875 127.903 148.161
203.205 128.810 146.573
206.043 128.235 149.024
209.488 129.709 148.416
212.884 129.179 150.111
211.581 126.174 152.000
213.352 125.475 155.303
213.476 122.318 157.434
210.498 123.454 159.539
208.014 123.527 156.626
207.462 119.773 156.780
204.044 119.522 158.413
200.340 118.881 157.566
198.105 121.415 155.745
194.315 121.944 155.642
191.569 124.338 154.453
188.229 125.507 155.938
185.756 128.403 156.578
182.773 128.727 158.988
180.271 131.170 157.444
179.787 133.937 154.851
181.632 136.847 156.339
179.936 140.160 155.452
179.404 139.566 151.787
181.173 142.686 150.563
183.366 144.878 152.817
182.022 147.709 154.959
183.536 151.133 153.994
183.605 153.083 157.199
183.137 156.574 155.789
184.942 158.590 158.469
188.296 157.162 157.378
187.383 155.875 153.912
188.684 152.335 154.439
187.015 149.078 153.454
187.052 146.435 156.190
187.204 142.719 155.496
185.905 140.361 158.152
187.256 137.091 159.527
185.994 134.639 162.118
186.983 131.008 162.657
186.377 127.897 160.581
184.063 124.889 160.314
184.735 122.345 157.589
188.348 121.177 157.639
190.294 119.328 154.973
192.203 116.115 155.544
195.924 116.828 155.210
198.614 116.610 152.533
201.647 116.419 154.965
204.348 117.605 152.561
207.763 117.015 154.149
211.355 117.309 152.945
