21.293 -30.875 37.046
24.341 -32.996 36.184
25.782 -33.121 32.668
28.262 -35.692 31.333
31.014 -34.999 28.817
32.763 -37.844 27.054
36.198 -37.822 25.454
37.221 -38.392 22.795
34.170 -37.684 20.601
35.443 -40.291 18.155
38.189 -42.872 18.421
39.657 -45.302 15.862
41.444 -48.303 17.379
43.234 -51.272 15.766
41.872 -54.787 16.272
43.541 -56.542 19.207
44.432 -53.245 20.909
42.845 -51.493 23.890
40.136 -48.841 23.618
39.676 -46.206 26.304
36.566 -43.986 26.585
36.320 -41.305 29.274
33.309 -39.702 30.971
33.454 -36.570 33.144
30.466 -35.374 35.192
29.788 -31.703 35.991
29.359 -32.624 39.669
30.296 -35.695 41.682
27.836 -38.560 41.331
29.525 -40.494 44.139
27.438 -41.052 47.247
29.422 -41.139 50.483
26.379 -42.900 51.961
26.323 -46.173 50.020
29.867 -45.968 48.594
28.498 -46.034 45.060
28.852 -44.057 41.852
25.524 -43.431 40.119
26.812 -44.043 36.602
26.156 -46.464 33.742
27.732 -47.365 30.389
25.851 -48.369 27.245
26.710 -49.776 23.830
24.715 -48.779 20.759
25.350 -50.849 17.652
24.003 -49.879 14.238
20.420 -51.084 13.800
20.016 -52.368 17.372
18.560 -50.993 20.585
21.112 -49.648 23.111
22.560 -52.256 25.461
23.542 -51.869 29.124
27.217 -52.602 29.848
27.955 -51.434 33.384
26.133 -49.893 36.315
27.451 -48.424 39.579
30.297 -47.352 37.246
31.983 -50.778 37.353
29.449 -53.566 37.974
29.237 -55.698 34.834
25.824 -56.593 33.394
25.417 -60.334 32.765
26.449 -61.583 29.332
28.823 -58.664 28.816
32.308 -59.748 27.629
35.082 -59.739 30.235
37.167 -57.736 27.752
35.062 -54.785 28.926
35.620 -53.053 32.282
34.313 -49.932 34.012
36.335 -47.810 36.397
36.657 -44.430 38.079
34.724 -42.495 40.730
33.508 -39.020 41.712
33.563 -37.049 38.465
35.976 -39.091 36.336
35.044 -42.406 34.717
36.495 -44.729 32.118
35.192 -47.525 29.885
37.940 -49.912 28.837
37.761 -52.485 26.062
40.743 -54.815 25.816
41.667 -56.976 22.836
39.396 -55.041 20.465
37.121 -57.197 18.281
35.315 -56.343 15.054
31.922 -56.600 16.772
32.862 -53.817 19.222
32.222 -51.169 16.543
29.523 -48.955 18.089
28.533 -45.737 19.812
29.184 -45.792 23.567
27.373 -43.664 26.159
27.782 -42.952 29.824
24.697 -42.041 31.835
24.267 -40.789 35.372
21.244 -41.426 37.514
22.366 -39.427 40.561
19.306 -37.184 40.295
16.705 -36.258 37.684
16.935 -35.894 34.735
19.248 -38.866 34.294
21.391 -37.462 31.522
23.488 -39.324 28.987
26.879 -38.167 27.768
27.012 -37.020 24.151
28.337 -40.394 22.964
31.696 -41.644 21.678
31.952 -43.250 18.255
34.332 -46.239 18.261
35.736 -47.059 14.842
37.836 -50.120 14.061
