-17.683 -0.946 -3.693
-17.549 2.592 -2.286
-17.794 3.577 1.363
-17.889 6.985 3.042
-16.349 8.512 6.109
-16.141 11.997 7.640
-12.838 13.857 8.451
-11.999 13.331 12.149
-14.226 10.214 12.475
-13.380 6.557 12.023
-13.742 4.734 8.690
-15.417 1.348 8.565
-14.533 -1.050 5.694
-16.401 -4.235 5.865
-14.768 -7.527 4.991
-15.920 -11.008 6.117
-15.519 -14.752 5.470
-16.864 -17.765 7.357
-14.068 -19.719 9.119
-14.230 -23.349 10.356
-13.418 -22.421 13.970
-11.976 -19.586 15.960
-8.600 -21.242 16.151
-8.746 -22.415 12.527
-8.758 -19.344 10.363
-7.689 -18.170 6.951
-4.918 -15.511 6.739
-6.086 -12.040 5.652
-4.297 -8.957 4.591
-5.298 -5.371 4.096
-3.459 -2.894 1.928
-3.651 0.523 0.405
-4.350 0.309 -3.294
-6.372 -2.008 -5.439
-5.590 -5.644 -4.906
-2.582 -6.830 -6.842
-2.091 -10.221 -8.445
-0.701 -11.761 -5.268
-0.574 -10.582 -1.653
-1.468 -6.980 -0.640
0.360 -3.794 -1.539
1.197 -1.249 1.012
0.058 -3.495 3.889
-1.810 -1.871 6.864
-2.981 -5.044 8.670
-2.278 -8.832 8.649
-3.881 -11.833 10.325
-3.024 -15.494 10.091
-4.463 -18.859 11.142
-4.509 -17.809 14.824
-3.483 -14.180 15.436
-3.452 -10.622 14.265
0.239 -10.407 13.382
0.465 -6.833 12.045
-1.532 -3.686 12.979
-0.782 -0.100 13.998
-2.466 2.616 16.060
-4.860 3.798 13.334
-5.399 0.471 11.488
-7.213 -2.142 13.530
-10.181 -4.530 13.742
-13.338 -3.494 15.706
-14.981 -6.867 15.166
-13.957 -10.385 15.975
-11.508 -11.874 13.495
-11.990 -15.333 15.059
-15.538 -15.177 13.705
-14.339 -14.072 10.200
-15.066 -10.369 10.822
-11.933 -8.866 9.285
-13.518 -5.474 8.732
-11.009 -2.622 8.963
-11.288 0.465 11.155
-9.224 3.484 10.172
-9.069 5.783 13.216
-9.391 9.596 12.936
-9.398 9.908 9.230
-8.095 12.798 7.101
-8.545 13.540 3.417
-5.220 11.710 2.892
-6.966 8.411 3.746
-9.172 8.632 0.670
-8.574 5.913 -1.893
-8.869 2.290 -2.714
-8.089 -0.444 -0.136
-7.647 -4.205 -0.699
-9.043 -6.860 1.667
-7.571 -10.202 0.619
-8.794 -13.541 2.056
-5.722 -15.741 1.527
-7.345 -19.072 1.015
-4.735 -21.823 0.952
-3.957 -22.802 -2.675
-2.861 -21.058 -5.860
-4.924 -18.549 -7.793
-7.872 -18.674 -5.426
-7.814 -15.754 -2.938
-10.911 -13.596 -2.420
-9.932 -10.082 -3.454
-12.132 -7.245 -2.293
-11.565 -3.663 -3.525
-13.088 -0.959 -1.320
-12.987 2.759 -2.217
-13.072 5.136 0.741
-14.469 8.628 0.011
-13.839 11.154 2.723
-15.661 14.477 3.240
