15.984 50.683 79.539
18.273 53.701 79.579
18.699 55.860 82.680
20.301 59.287 82.174
22.476 59.908 85.239
23.007 63.633 85.773
25.583 65.009 88.255
25.795 68.528 89.630
28.833 68.802 87.328
31.201 66.417 85.591
34.922 66.317 86.339
34.600 66.546 90.115
35.808 63.414 91.861
32.568 62.827 93.823
30.522 62.656 90.627
33.083 60.722 88.627
33.292 58.106 91.392
29.510 57.955 91.642
29.280 57.268 87.917
31.983 54.608 88.130
29.682 52.817 90.561
26.571 53.361 88.473
28.358 51.946 85.429
29.707 48.888 87.275
26.373 47.916 88.804
24.185 48.680 85.792
26.378 46.399 83.678
25.523 43.586 86.092
21.842 44.558 86.255
21.435 44.658 82.470
20.492 48.257 81.679
22.298 51.313 80.359
23.313 54.363 82.374
24.068 57.378 80.179
26.193 59.778 82.238
25.448 63.325 81.058
26.334 66.664 82.606
28.346 69.824 82.231
31.711 71.071 83.513
29.959 73.926 85.376
27.495 73.548 88.216
24.620 75.471 86.630
20.832 75.031 86.808
20.499 76.327 83.231
23.017 73.714 82.112
21.128 70.969 83.944
17.877 72.044 82.240
19.632 71.691 78.877
20.915 68.225 79.812
17.435 67.141 80.980
15.730 68.495 77.833
18.229 66.833 75.493
17.877 63.476 77.279
14.092 63.717 77.049
14.289 64.610 73.355
16.495 61.583 72.728
13.917 59.246 74.267
15.581 58.373 77.555
13.397 56.241 79.778
14.452 57.711 83.111
16.550 60.421 84.742
18.405 60.243 88.038
19.518 63.795 88.878
21.542 65.541 91.568
20.278 69.116 91.456
22.366 72.289 91.818
19.167 74.332 92.383
15.790 72.691 92.769
13.669 75.611 91.620
15.685 75.965 88.411
14.942 72.439 87.223
11.316 72.104 88.353
9.764 72.996 84.963
12.157 70.792 82.993
11.393 67.821 85.273
7.649 68.355 84.941
8.081 68.347 81.176
10.198 65.191 81.400
7.443 63.394 83.315
4.832 64.584 80.794
7.012 62.994 78.080
6.815 59.653 79.917
10.251 59.854 81.561
10.617 58.441 85.080
12.247 61.106 87.275
14.354 60.218 90.321
16.985 62.119 92.295
20.145 61.358 94.242
22.554 63.390 96.401
20.701 66.743 96.224
16.926 66.622 95.952
14.328 68.713 94.127
10.706 69.551 95.008
9.334 66.081 95.919
6.238 66.771 93.769
8.386 66.470 90.615
10.356 63.286 91.321
9.443 59.770 92.461
12.309 58.575 94.656
15.336 60.389 96.103
18.422 58.327 97.093
19.985 60.293 99.927
23.260 59.890 101.808
21.580 60.771 105.134
19.234 63.015 107.019
20.289 66.645 107.423
20.445 66.211 111.187
22.793 63.217 110.782
25.018 64.960 108.259
25.060 68.377 109.930
25.990 66.776 113.265
28.603 64.551 111.579
30.304 67.676 110.163
30.379 69.396 113.548
31.577 66.232 115.328
34.478 65.763 112.911
35.434 69.383 113.518
35.174 68.941 117.289
37.390 65.848 117.216
40.061 67.489 115.064
40.016 70.640 117.229
40.621 68.572 120.349
43.483 66.729 118.600
45.303 69.995 117.853
45.151 71.025 121.498
41.984 73.107 121.671
39.165 72.583 124.181
36.127 72.803 121.867
33.740 71.943 124.684
34.432 75.368 126.248
36.585 77.487 123.926
35.077 80.324 121.900
35.897 78.459 118.686
35.843 80.771 115.658
34.394 79.045 112.618
32.457 79.372 109.394
30.985 77.292 106.576
32.451 77.137 103.025
30.367 75.292 100.438
28.924 75.563 96.934
26.016 78.012 96.884
23.167 79.496 98.924
20.254 77.586 97.276
21.252 73.965 96.651
19.034 71.629 98.677
21.502 69.177 100.226
24.303 71.386 101.487
22.044 74.150 102.812
19.970 71.617 104.763
23.160 70.470 106.480
24.236 74.041 107.282
20.853 74.752 108.842
20.981 71.654 111.034
24.673 72.067 111.858
24.102 75.663 112.936
21.195 74.633 115.182
23.400 71.934 116.710
26.318 74.319 117.291
24.100 76.952 118.867
22.560 74.319 121.183
25.624 72.276 122.142
28.483 74.779 121.688
26.978 78.207 122.445
30.483 79.625 122.985
31.464 79.073 119.357
31.409 82.152 117.126
30.442 82.016 113.478
32.796 84.646 112.043
31.047 84.739 108.619
27.347 83.877 108.991
26.597 84.569 105.297
28.811 81.524 104.532
31.464 81.442 101.844
30.532 80.037 98.438
32.828 78.709 95.695
30.263 77.452 93.192
31.880 74.022 92.747
34.639 75.651 90.706
37.939 74.034 91.679
40.093 77.127 91.101
37.581 79.404 92.836
37.462 77.116 95.878
41.188 77.707 96.338
40.783 81.471 95.941
37.811 81.608 98.329
39.716 79.370 100.769
42.535 81.919 100.699
40.049 84.766 101.234
38.716 83.092 104.381
42.201 82.630 105.823
43.201 86.213 104.924
40.049 87.896 106.297
39.750 85.614 109.349
43.373 84.693 109.990
42.644 83.491 113.555
39.770 81.229 112.471
39.774 77.860 114.254
37.490 75.706 112.101
36.298 75.813 108.484
33.447 73.406 107.714
33.642 72.586 103.993
30.426 70.630 103.269
31.134 70.373 99.526
33.452 68.135 97.482
35.108 71.153 95.783
35.293 73.492 98.772
37.074 70.887 100.916
40.107 70.223 98.647
40.175 73.887 97.666
40.282 74.943 101.317
43.029 72.419 102.042
45.016 73.766 99.082
44.481 77.316 100.356
45.831 76.321 103.769
48.852 74.663 102.188
49.401 77.787 100.023
49.527 79.819 103.253
52.006 77.391 104.824
49.492 76.069 107.343
48.994 72.563 108.701
46.327 70.839 110.779
48.162 72.212 113.830
47.307 75.805 112.795
43.682 75.485 111.681
41.051 72.767 111.547
39.482 72.026 108.155
36.894 69.308 107.687
34.077 68.560 105.291
32.874 66.070 102.712
34.844 64.678 99.756
35.683 61.334 98.217
38.848 59.996 99.864
41.228 59.716 96.908
40.904 63.480 96.365
42.094 64.179 99.940
44.748 61.535 100.618
47.695 63.734 99.659
46.470 66.643 101.793
46.097 64.254 104.704
49.541 62.687 104.146
51.000 66.214 104.020
49.413 67.031 107.388
47.051 69.691 106.073
43.936 68.150 107.665
43.230 65.292 110.024
39.713 64.137 109.260
36.856 64.436 106.756
33.898 62.317 105.714
31.732 60.897 102.974
29.770 57.695 102.232
29.736 55.147 99.401
28.854 57.454 96.519
29.409 54.687 93.945
26.734 52.507 95.514
24.602 55.627 95.959
24.729 56.481 92.250
24.029 52.850 91.402
21.053 52.781 93.764
19.593 55.974 92.299
19.884 54.547 88.811
18.425 51.222 89.963
15.344 52.941 91.433
14.840 54.855 88.174
15.199 51.621 86.148
12.908 49.699 88.499
10.124 52.261 88.173
10.665 52.820 84.429
10.382 49.026 83.984
6.786 49.255 85.242
7.074 48.451 88.942
5.172 50.647 91.334
7.046 52.053 94.294
5.344 53.498 97.384
6.434 54.684 100.807
6.830 51.656 103.049
7.889 49.277 100.261
10.955 47.100 100.806
12.772 46.526 97.513
15.588 44.015 97.020
18.298 45.643 94.886
20.359 42.685 93.573
23.893 42.575 95.071
23.234 45.718 97.165
20.537 44.705 99.632
17.000 45.508 100.650
15.999 49.160 100.865
12.941 50.725 102.482
11.177 53.702 100.904
10.724 56.402 103.570
8.442 59.469 103.584
9.797 62.715 102.184
9.763 64.224 105.670
12.819 62.135 106.683
14.798 64.842 104.854
12.677 67.848 105.965
10.070 67.656 108.743
7.991 70.291 106.921
7.681 68.106 103.780
4.207 67.023 102.690
3.863 63.245 102.972
0.415 63.084 101.338
1.597 61.393 98.098
2.902 57.944 98.949
4.356 57.546 95.431
7.022 60.111 96.401
9.687 59.080 98.895
13.294 58.668 99.978
15.810 55.821 100.244
18.577 56.474 102.806
22.090 55.056 102.701
22.661 52.924 105.826
26.067 54.331 106.694
28.429 57.271 106.369
32.220 57.138 106.638
34.774 59.194 108.583
38.284 59.193 107.085
41.610 59.818 108.784
45.139 58.772 107.865
44.453 55.531 109.767
41.727 54.241 107.415
41.813 56.366 104.230
44.022 53.845 102.432
41.321 51.198 102.814
39.304 53.054 100.167
39.856 53.621 96.456
37.366 56.178 95.148
