109.652 75.652 160.372
108.833 76.011 164.076
108.766 79.372 165.863
109.572 79.066 169.575
109.631 82.163 171.802
112.189 81.507 174.559
111.246 84.499 176.786
107.714 84.979 178.086
106.191 85.705 181.495
102.681 85.446 182.868
101.820 89.135 183.368
97.986 89.341 183.120
96.944 86.967 185.933
93.763 85.815 187.662
92.821 88.538 190.093
92.881 86.409 193.265
96.565 85.643 192.652
97.321 89.366 192.956
94.857 90.261 195.740
96.447 87.456 197.762
100.084 88.477 197.278
99.289 91.933 198.695
97.756 90.230 201.725
100.729 87.903 202.178
102.872 91.030 202.352
100.165 92.682 204.449
100.230 89.711 206.804
104.020 89.514 206.760
104.338 93.079 207.991
101.665 92.558 210.632
103.626 89.489 211.703
100.408 87.723 210.597
99.894 84.308 209.023
99.324 84.175 205.305
95.685 84.059 204.214
94.429 80.859 202.588
95.487 80.804 198.946
92.424 81.418 196.751
91.191 78.429 194.779
91.379 79.513 191.130
89.420 78.079 188.203
90.938 76.583 185.065
88.787 79.122 183.230
90.087 82.088 185.257
93.435 80.824 183.919
92.090 80.088 180.460
90.522 83.540 180.269
93.696 85.514 181.014
95.790 83.270 178.737
93.161 82.886 176.002
92.538 86.657 176.110
96.196 87.730 176.234
99.135 85.548 175.246
97.322 83.020 173.074
95.510 85.806 171.180
98.915 87.349 170.353
100.626 84.029 169.665
97.938 83.546 166.995
98.174 86.991 165.416
101.960 86.832 165.432
102.495 83.374 163.976
104.296 81.698 166.901
104.002 77.997 167.687
104.904 77.914 171.356
106.302 80.024 174.170
108.733 78.961 176.884
106.700 80.190 179.797
107.756 81.157 183.320
106.336 83.190 186.224
106.233 86.976 185.948
109.553 88.811 186.302
108.456 92.114 187.799
106.694 90.042 190.471
109.250 87.456 191.576
110.604 90.110 193.915
113.041 87.940 195.970
113.622 91.174 197.977
110.324 90.556 199.799
111.302 89.202 202.146
112.721 86.019 203.657
112.529 82.309 202.865
109.049 81.646 204.308
107.788 84.103 201.675
109.945 83.254 198.671
109.193 79.540 198.822
105.377 79.523 198.955
105.350 82.397 196.464
107.783 80.517 194.217
105.590 77.394 194.184
102.296 79.261 193.817
103.752 80.855 190.646
105.493 77.752 189.302
102.394 75.606 189.913
100.448 78.171 187.870
102.872 77.637 184.959
102.520 73.859 185.306
98.741 74.304 185.081
99.029 76.646 182.103
101.203 74.020 180.427
98.625 71.319 181.087
95.691 73.436 179.935
97.830 74.431 176.920
100.511 71.766 176.448
101.087 72.220 172.709
101.784 75.913 173.320
103.491 76.442 176.684
106.636 74.736 177.952
107.576 75.453 181.555
110.541 77.318 183.024
110.630 77.889 186.766
111.440 80.812 189.075
113.704 79.775 191.945
112.965 80.674 195.578
116.077 82.830 195.985
116.166 85.218 198.925
118.870 87.715 199.905
119.703 85.727 203.054
119.602 82.246 201.499
122.029 80.023 199.585
120.952 77.932 196.609
119.314 75.520 199.067
115.572 75.663 198.373
116.323 76.879 194.838
117.943 73.483 194.204
114.832 71.778 195.554
112.485 73.903 193.437
114.501 72.741 190.388
114.034 68.989 190.961
110.284 69.322 191.512
109.763 71.546 188.485
111.835 69.416 186.096
111.202 65.944 187.561
107.786 66.401 189.158
106.303 69.124 186.951
108.303 68.586 183.741
110.030 71.902 183.208
112.817 72.484 180.666
114.895 75.262 182.266
114.988 77.881 184.970
115.308 81.596 185.601
118.250 82.491 187.810
118.275 85.834 189.615
121.818 87.260 189.883
120.807 89.980 192.390
118.255 88.513 194.841
118.723 91.702 196.857
116.811 93.390 194.078
118.560 96.639 193.338
122.151 96.963 194.582
124.009 93.946 193.063
125.178 92.784 196.489
125.494 89.085 195.502
128.404 86.814 194.509
129.257 86.840 190.794
128.148 83.990 188.561
131.808 82.899 188.690
131.843 82.260 192.465
131.615 78.810 194.056
128.479 79.867 195.924
126.578 78.961 192.728
128.572 75.804 191.964
126.112 73.540 193.851
123.078 74.706 191.884
125.172 74.831 188.702
125.756 71.144 189.327
121.989 70.600 189.625
121.449 72.277 186.250
124.162 70.140 184.646
122.713 66.870 186.040
119.062 67.502 185.133
120.268 69.096 181.860
118.548 72.505 182.124
119.763 75.972 181.034
119.201 79.152 183.053
117.891 82.483 181.892
119.712 85.081 183.947
117.049 87.476 185.141
116.558 90.192 187.779
113.230 91.491 189.095
111.553 94.510 190.642
113.867 97.241 191.881
113.236 98.920 195.238
115.761 101.638 194.284
114.139 104.971 193.296
117.091 106.178 191.182
116.589 103.025 189.099
113.662 101.686 187.063
113.186 97.906 186.797
112.354 97.012 183.185
114.199 99.868 181.464
117.390 100.086 183.519
117.819 97.336 186.117
117.050 94.746 183.482
119.625 96.052 180.992
122.328 96.635 183.619
121.944 93.127 185.048
122.346 91.551 181.590
125.541 93.529 180.973
127.046 92.857 184.440
126.443 89.103 184.343
128.034 88.886 180.908
131.067 90.829 182.117
131.212 88.847 185.361
131.644 85.860 183.063
134.287 87.423 180.797
136.353 88.168 183.923
136.312 84.465 184.816
136.290 80.940 183.366
133.198 79.172 184.682
132.667 76.897 181.688
136.092 75.460 182.410
134.468 74.018 185.531
130.990 73.398 183.978
131.586 72.896 180.241
127.901 72.132 179.522
126.447 74.916 181.686
124.222 77.085 179.469
122.901 80.560 180.336
120.564 82.758 178.286
121.087 86.514 178.701
117.943 88.360 177.544
117.092 91.775 176.066
119.589 90.882 173.376
122.446 90.673 175.870
121.848 94.142 177.363
124.466 96.627 176.122
126.852 93.841 175.056
126.336 93.444 171.278
126.038 97.239 170.949
129.414 97.434 172.720
130.772 94.173 171.305
134.043 95.617 170.043
134.620 96.983 173.538
134.140 93.553 175.078
136.403 91.846 172.545
138.909 94.558 173.418
138.602 94.030 177.169
139.235 90.303 176.597
142.728 91.268 175.406
143.037 93.941 178.099
142.528 91.178 180.704
144.752 88.640 178.897
141.661 86.522 178.355
140.681 83.977 175.698
138.522 85.207 172.851
134.851 85.562 173.708
133.629 82.644 171.559
136.228 80.356 173.145
135.539 81.485 176.687
131.823 82.110 176.458
129.883 81.801 173.256
129.595 78.043 173.244
127.762 78.332 176.584
126.226 81.865 176.536
123.235 82.846 174.379
121.125 85.929 173.693
117.410 86.276 173.071
116.010 88.656 170.438
114.091 90.940 172.878
115.307 94.151 171.177
112.233 96.305 170.542
113.123 97.983 167.279
114.488 97.051 163.877
117.959 98.658 164.186
118.743 96.856 167.427
117.860 93.512 165.830
119.980 94.422 162.785
123.065 94.763 165.006
122.657 91.639 167.156
122.485 89.541 163.981
125.510 91.437 162.630
127.892 90.744 165.504
126.497 87.730 167.428
126.926 84.241 165.974
123.622 82.965 164.565
124.211 79.881 166.724
123.952 82.134 169.807
120.698 83.996 168.980
117.368 82.689 170.286
114.061 84.158 169.161
112.183 85.789 172.034
109.571 88.494 172.504
108.265 88.827 176.105
104.918 89.915 174.700
102.511 91.519 177.197
105.406 92.695 179.332
107.504 95.861 179.499
106.369 97.805 176.361
102.861 96.742 175.371
101.893 99.468 172.887
102.306 100.124 169.171
105.255 101.997 167.662
104.205 105.298 166.010
106.979 104.967 163.395
106.047 101.484 162.070
102.392 100.874 162.761
103.247 97.632 164.557
103.966 96.641 168.129
107.291 97.397 169.743
107.418 93.845 171.083
106.440 91.912 167.905
110.045 90.761 167.565
109.375 88.137 164.869
108.810 90.997 162.417
112.412 92.167 162.944
113.859 88.657 162.482
111.704 88.445 159.352
113.116 91.661 157.890
116.738 90.572 158.384
118.480 89.309 155.257
119.665 85.912 156.517
119.647 82.391 155.162
116.872 79.894 155.795
119.139 77.750 157.921
120.142 80.899 159.832
116.443 81.719 160.066
115.754 78.191 161.287
118.259 78.486 164.136
116.696 81.655 165.565
113.105 80.379 165.540
113.690 76.680 166.345
117.168 75.196 166.008
119.160 76.947 168.733
116.501 76.761 171.430
115.911 73.048 170.854
119.663 72.613 171.257
119.612 74.881 174.350
116.626 73.051 175.949
117.280 69.349 175.271
114.236 68.405 177.362
112.186 70.462 174.934
114.105 68.959 172.028
113.198 65.538 173.428
109.465 66.177 173.923
108.981 67.513 170.391
110.749 64.572 168.739
108.427 62.156 170.588
105.532 64.094 169.012
107.117 63.341 165.633
108.493 66.857 165.131
