6.570 -1.334 -22.174
8.154 -4.537 -21.006
6.410 -7.016 -18.774
8.338 -6.020 -15.633
7.439 -2.348 -16.088
3.763 -3.169 -16.611
3.828 -5.269 -13.448
5.284 -2.339 -11.496
2.459 -0.181 -12.843
-0.147 -2.723 -11.709
1.411 -3.018 -8.264
1.901 0.709 -7.729
-1.626 1.600 -8.809
-3.276 -1.036 -6.654
-1.625 0.649 -3.669
-2.879 4.027 -4.918
-6.411 2.626 -4.988
-6.136 1.290 -1.449
-5.010 4.684 -0.129
-7.400 6.819 -2.202
-9.634 9.523 -0.732
-12.207 9.622 -3.540
-13.546 7.536 -6.384
-11.981 9.688 -9.132
-8.540 8.873 -7.700
-9.487 5.211 -7.869
-10.622 5.664 -11.480
-7.330 7.291 -12.494
-5.335 4.415 -11.033
-7.612 1.777 -12.573
-7.272 3.428 -15.988
-3.504 3.048 -15.792
-3.890 -0.564 -14.636
-6.162 -1.362 -17.573
-3.571 -0.144 -20.065
-0.743 -1.945 -18.260
-2.720 -5.213 -18.243
-3.342 -4.990 -21.988
0.299 -4.141 -22.683
1.509 -7.007 -20.477
-0.833 -9.319 -22.396
1.345 -8.764 -25.479
4.478 -10.123 -23.787
5.861 -13.611 -23.664
6.922 -14.217 -20.068
10.349 -15.796 -19.497
8.877 -19.046 -18.170
6.977 -19.614 -21.450
9.671 -18.450 -23.885
10.200 -22.001 -25.165
6.497 -22.718 -25.707
4.601 -22.301 -28.937
2.987 -18.850 -29.263
-0.246 -20.804 -29.859
0.247 -23.081 -26.828
-2.467 -23.593 -24.199
-0.120 -21.971 -21.678
0.221 -18.807 -23.753
-3.550 -18.623 -24.219
-4.055 -19.121 -20.470
-1.518 -16.350 -19.782
-3.259 -14.001 -22.216
-6.685 -14.856 -20.823
-5.473 -14.043 -17.314
-5.137 -10.429 -18.445
-8.611 -10.423 -19.976
-9.907 -11.434 -16.554
-7.879 -8.735 -14.848
-9.539 -6.256 -17.247
-12.932 -7.733 -16.292
-12.266 -6.855 -12.654
-10.797 -3.458 -13.542
-13.923 -2.616 -15.550
-16.137 -3.718 -12.627
-14.240 -1.395 -10.319
-14.268 1.445 -12.884
-18.045 1.346 -13.152
-18.339 1.723 -9.370
-15.703 4.444 -9.265
-17.511 6.390 -11.986
-20.673 6.207 -9.835
-18.793 7.910 -6.974
-18.815 4.736 -4.867
-15.340 4.966 -3.391
-15.431 2.146 -0.829
-17.197 -0.259 -3.196
-14.725 0.510 -5.985
-11.849 -0.128 -3.580
-13.426 -3.421 -2.507
-13.952 -4.442 -6.142
-10.296 -3.731 -6.852
-9.182 -6.050 -4.047
-10.723 -8.931 -6.029
-7.738 -8.553 -8.373
-5.251 -9.863 -5.828
-6.076 -13.564 -6.081
-5.550 -13.292 -9.841
-2.230 -11.496 -9.530
-1.022 -14.328 -7.331
-2.598 -17.141 -9.374
-0.840 -16.112 -12.565
2.437 -15.693 -10.695
2.068 -19.199 -9.283
1.831 -20.613 -12.814
4.030 -18.338 -14.899
6.365 -16.169 -12.820
