63.514 -15.844 56.564
61.960 -14.685 53.318
59.518 -15.250 50.496
61.014 -17.594 47.879
58.083 -17.918 45.483
54.409 -17.268 44.921
51.823 -18.404 42.409
48.511 -17.012 41.141
45.442 -18.411 39.321
42.652 -16.205 38.029
38.886 -16.546 37.846
36.322 -14.064 36.547
33.043 -13.667 38.455
29.826 -11.719 37.950
30.978 -8.853 40.204
34.720 -8.990 39.562
37.498 -11.524 39.872
39.239 -13.848 42.290
42.942 -14.642 42.562
43.961 -17.887 44.243
47.512 -17.574 45.500
50.166 -19.588 47.211
53.279 -18.208 48.909
56.399 -20.253 49.679
58.701 -19.069 52.478
61.722 -20.792 54.037
60.321 -20.356 57.557
57.366 -20.670 59.943
56.190 -17.084 60.418
52.797 -15.952 59.126
52.149 -14.456 55.698
49.796 -11.722 54.545
49.073 -10.751 50.952
47.550 -7.458 49.831
46.511 -6.076 46.461
46.659 -2.333 45.767
45.110 -0.265 42.998
47.205 2.844 43.426
46.938 3.757 47.112
43.638 1.915 47.608
43.869 -1.613 48.977
41.375 -3.681 46.979
42.025 -7.097 48.569
43.921 -8.667 51.421
44.341 -12.131 52.868
46.204 -13.877 55.672
47.891 -17.215 55.100
50.356 -18.779 52.648
47.335 -19.855 50.595
44.114 -18.008 49.998
41.942 -16.040 47.630
42.018 -12.323 46.839
38.528 -11.077 45.962
38.689 -8.041 43.658
35.300 -6.407 43.168
34.863 -4.657 39.806
38.305 -5.945 38.846
39.936 -4.049 35.989
41.023 -6.847 33.688
44.317 -7.096 31.846
43.658 -7.168 28.094
45.515 -7.200 24.780
46.820 -3.662 24.152
44.792 -2.636 27.226
46.891 -3.776 30.151
45.987 -3.127 33.755
48.340 -4.045 36.588
47.764 -4.212 40.345
50.408 -3.905 43.034
50.975 -7.071 45.055
52.405 -6.852 48.586
53.560 -10.076 50.262
54.763 -9.810 53.860
56.105 -12.132 56.548
55.464 -11.017 60.152
56.979 -11.906 63.521
54.510 -10.366 65.923
54.024 -6.801 64.755
57.392 -6.601 62.992
57.683 -7.144 59.238
60.386 -9.748 58.651
60.209 -9.782 54.846
58.326 -8.016 52.104
58.106 -8.874 48.428
56.538 -6.584 45.848
55.313 -7.312 42.347
52.711 -6.308 39.794
50.129 -8.720 38.416
47.392 -8.587 35.817
43.964 -10.146 36.256
43.260 -12.236 33.168
42.280 -15.774 32.177
