-30.032 30.286 -115.433
-28.731 33.656 -114.239
-26.358 36.101 -115.919
-25.219 38.769 -113.477
-22.787 41.692 -113.542
-19.780 41.630 -111.166
-20.489 43.151 -107.744
-24.187 42.282 -107.928
-26.240 39.844 -105.838
-28.317 36.892 -107.057
-30.854 34.653 -105.304
-31.275 31.071 -106.455
-34.560 29.333 -105.703
-34.986 25.703 -104.723
-38.610 24.576 -104.557
-39.140 21.260 -102.788
-42.094 18.977 -103.471
-42.914 15.442 -102.350
-42.149 15.660 -98.637
-42.566 17.735 -95.491
-40.256 20.662 -96.257
-39.268 21.470 -92.658
-38.345 17.856 -91.887
-35.149 17.597 -93.937
-31.929 19.587 -94.322
-30.994 21.168 -97.650
-27.416 21.022 -98.976
-25.954 23.563 -101.393
-23.107 22.515 -103.659
-20.916 24.466 -106.080
-19.368 22.948 -109.215
-16.716 24.785 -111.209
-15.453 23.141 -114.456
-11.877 22.836 -113.168
-12.451 22.838 -109.414
-14.619 19.731 -108.935
-17.315 19.732 -106.253
-17.456 22.064 -103.242
-19.835 22.080 -100.277
-21.213 25.522 -99.418
-23.358 24.650 -96.435
-26.641 23.317 -95.130
-29.845 24.632 -93.596
-32.942 23.277 -91.903
-35.901 25.257 -93.340
-38.181 27.044 -90.870
-35.501 27.006 -88.187
-32.616 29.413 -87.668
-30.032 26.634 -87.686
-27.474 26.879 -90.503
-23.990 25.460 -91.054
-21.723 27.268 -93.499
-18.378 26.173 -94.874
-15.838 28.688 -93.504
-14.804 29.514 -97.084
-18.380 30.660 -97.749
-19.418 32.236 -94.407
-19.570 35.645 -96.118
-20.598 34.909 -99.690
-23.598 32.634 -99.159
-26.733 33.349 -97.143
-29.512 30.819 -96.552
-33.130 31.857 -96.235
-36.473 30.053 -96.613
-40.152 30.797 -96.862
-42.077 27.830 -95.631
-45.358 29.033 -97.139
-44.167 28.132 -100.641
-41.840 25.193 -99.831
-38.909 27.078 -101.340
-35.331 27.422 -100.093
-33.239 30.385 -101.240
-29.493 30.947 -101.459
-28.077 34.435 -101.953
-24.514 35.082 -103.151
-22.906 38.508 -102.591
-20.097 40.406 -104.385
-19.929 38.205 -107.496
-16.642 37.748 -109.359
-15.647 35.696 -112.411
-14.668 32.872 -110.037
-18.313 32.489 -108.978
-19.274 31.344 -112.465
-20.228 27.736 -111.770
-23.100 25.281 -111.565
-24.940 25.459 -108.233
-26.978 22.571 -106.807
-29.520 22.193 -104.042
-29.690 18.645 -102.717
-31.400 16.517 -100.101
-28.413 14.324 -99.220
-29.231 11.056 -97.497
-27.452 7.912 -96.361
-28.207 5.501 -99.200
-29.520 7.905 -101.863
-29.879 11.593 -102.677
-32.262 13.923 -104.489
-30.530 16.686 -106.459
-31.929 19.692 -108.255
-31.370 19.957 -112.000
-28.863 22.725 -111.297
-28.826 26.500 -111.702
-26.206 27.978 -114.012
-24.651 31.250 -112.902
-22.463 33.302 -115.208
-20.573 36.385 -114.028
-19.489 38.730 -116.827
-19.629 42.384 -117.913
-20.018 41.370 -121.552
-23.019 42.619 -123.516
-25.353 40.178 -125.264
-23.896 39.736 -128.756
-25.104 37.880 -131.862
-22.638 35.462 -133.484
-20.980 36.047 -136.834
-21.193 32.811 -138.794
-18.549 31.992 -141.402
-18.673 29.160 -143.969
-15.763 26.708 -144.215
-15.190 25.221 -147.661
-12.104 23.343 -148.941
-16.067 11.801 -148.767
-15.458 15.514 -148.067
-15.640 17.402 -144.751
-17.252 20.838 -144.540
-17.477 23.246 -141.622
-19.121 26.118 -139.773
-17.349 28.795 -137.707
-19.343 30.534 -134.964
-17.299 33.438 -133.598
-17.712 36.225 -131.024
-21.014 35.649 -129.225
-22.309 35.943 -125.682
-23.439 34.102 -123.914
-23.662 30.411 -124.641
-25.329 28.365 -126.020
-25.697 28.256 -129.782
-27.588 25.555 -131.700
-25.838 24.093 -134.736
-27.581 21.777 -137.193
-27.008 20.719 -140.813
-31.783 17.782 -140.938
-28.564 15.796 -141.445
-27.124 14.511 -138.168
-24.761 11.623 -138.903
-21.944 12.094 -139.024
-21.578 15.550 -137.446
-19.136 16.936 -134.878
-19.915 20.108 -132.937
-17.021 21.169 -130.713
-17.282 22.848 -127.309
-16.882 26.641 -127.632
-13.864 28.453 -126.111
-13.890 31.899 -124.460
-11.659 34.466 -126.160
-11.679 38.019 -124.754
-15.161 38.133 -123.149
-16.649 36.390 -126.209
-17.280 32.716 -127.025
-16.153 31.004 -130.244
-17.375 27.616 -131.547
-16.796 25.193 -134.441
-18.858 22.606 -136.369
-17.956 19.739 -138.726
-20.155 18.014 -141.326
-19.106 14.906 -143.281
-20.630 13.781 -146.598
-26.865 21.705 -151.287
-25.374 21.829 -147.786
-26.592 24.534 -145.408
-25.366 25.446 -141.916
-28.133 26.299 -139.442
-26.913 28.354 -136.476
-29.240 29.677 -133.761
-28.512 32.022 -130.850
-31.493 32.100 -128.418
-30.320 35.132 -126.400
-30.072 37.390 -129.459
-33.194 35.984 -131.157
-30.994 35.458 -134.228
-31.080 32.757 -136.920
-28.571 32.386 -139.787
-28.002 30.211 -142.884
-24.609 29.619 -144.559
-24.088 27.822 -147.912
-21.093 26.064 -149.538
-18.745 27.460 -152.211
