-9.096 10.979 -17.497
-8.402 14.784 -16.806
-7.576 17.105 -19.909
-3.783 17.003 -19.123
-3.389 13.301 -17.979
-3.065 14.286 -14.231
-5.388 16.809 -12.661
-4.076 20.279 -12.058
-5.084 23.492 -10.390
-4.638 25.477 -13.715
-6.034 23.495 -16.665
-6.961 26.468 -18.833
-3.643 28.306 -18.373
-1.839 25.118 -19.275
-4.036 24.443 -22.223
-3.214 27.806 -23.629
0.498 27.472 -23.090
0.688 23.950 -24.504
-1.436 25.027 -27.526
0.986 27.934 -28.281
4.385 26.876 -27.027
5.053 23.149 -27.584
6.131 23.556 -31.203
8.330 26.495 -30.244
12.037 26.676 -29.495
12.471 27.508 -25.781
9.464 26.764 -23.575
9.286 27.878 -19.990
9.308 24.316 -18.466
9.624 25.870 -14.874
6.374 27.674 -15.185
4.642 24.651 -16.635
5.916 22.708 -13.545
4.639 25.361 -11.185
1.243 25.540 -12.993
0.796 21.645 -13.019
1.893 21.230 -9.367
5.190 19.535 -10.245
3.992 17.456 -13.238
5.802 19.068 -16.181
7.168 15.766 -17.208
3.883 13.990 -17.110
1.793 16.725 -18.741
4.380 17.615 -21.454
4.739 13.908 -22.395
1.095 13.150 -22.473
0.432 16.176 -24.548
3.350 15.461 -27.158
2.271 11.785 -27.436
-1.224 13.061 -28.117
-0.112 15.631 -30.683
1.986 12.908 -32.405
-0.907 10.261 -32.330
1.618 7.938 -30.665
-0.941 6.555 -28.160
-3.252 5.584 -31.017
-0.501 4.308 -33.361
1.126 2.035 -30.743
-2.139 1.093 -28.964
-0.919 2.551 -25.670
-3.684 2.845 -23.098
-3.712 6.425 -21.877
-4.132 5.365 -18.143
-1.128 3.051 -18.476
0.934 5.931 -19.974
-0.005 8.346 -17.245
0.729 5.714 -14.603
4.163 4.948 -15.995
4.975 8.617 -16.423
4.103 9.449 -12.763
6.415 6.682 -11.614
9.305 7.956 -13.821
8.558 11.487 -12.688
8.728 10.323 -8.974
11.955 8.528 -9.531
13.734 11.698 -10.636
14.960 13.314 -7.403
13.217 16.727 -6.863
15.956 17.797 -4.459
18.638 17.531 -7.199
18.756 21.169 -8.554
19.362 20.460 -12.319
18.990 16.666 -13.048
15.341 16.403 -12.006
12.086 15.778 -13.914
11.977 19.373 -15.180
15.268 18.755 -17.073
13.743 15.657 -18.510
10.567 17.585 -19.698
12.895 20.233 -21.319
14.914 17.573 -23.173
11.750 15.768 -24.242
10.068 18.926 -25.657
13.316 20.069 -27.306
13.782 16.647 -29.010
10.091 17.037 -30.147
10.923 20.513 -31.658
14.044 19.203 -33.368
12.127 16.392 -35.226
10.051 19.139 -36.936
12.753 20.537 -39.155
11.591 20.465 -42.779
14.921 18.848 -43.745
13.799 15.803 -41.645
10.318 15.382 -43.121
9.580 11.691 -43.423
13.052 10.557 -42.581
12.053 8.661 -39.378
9.658 5.735 -38.770
7.034 6.036 -36.036
8.925 3.518 -33.866
12.129 5.659 -34.147
10.171 8.799 -33.088
8.632 6.763 -30.273
12.155 5.698 -29.230
13.807 9.057 -29.159
10.957 10.778 -27.296
10.708 7.890 -24.688
14.412 8.070 -24.340
14.454 11.748 -23.683
11.781 11.429 -20.926
13.830 8.664 -19.091
17.328 9.693 -19.985
18.361 10.997 -16.515
15.921 9.041 -14.264
17.329 8.511 -10.672
20.182 10.889 -11.288
21.874 11.439 -7.838
23.519 14.895 -8.509
27.047 13.785 -9.156
28.927 12.947 -12.412
30.229 9.694 -13.791
33.851 10.895 -13.075
32.907 11.380 -9.382
31.426 7.818 -9.105
34.603 6.473 -10.872
37.032 8.686 -8.715
35.164 7.485 -5.527
34.879 3.829 -6.820
31.230 4.077 -5.874
29.291 0.815 -6.343
27.688 1.884 -9.710
31.089 2.553 -11.204
32.436 -0.809 -10.035
29.289 -2.585 -11.354
29.524 -0.935 -14.851
33.300 -0.983 -15.114
33.558 2.769 -15.470
31.461 2.700 -18.669
28.497 5.143 -19.177
27.804 4.557 -15.471
24.757 6.723 -14.918
23.366 6.251 -18.457
23.302 2.576 -17.864
21.608 3.092 -14.421
19.033 5.497 -16.012
18.137 2.808 -18.467
17.959 0.050 -15.834
15.532 2.085 -13.684
13.258 3.049 -16.592
12.893 -0.538 -17.997
12.234 -1.905 -14.391
9.321 0.523 -13.853
7.831 -0.969 -17.102
7.648 -4.374 -15.141
5.453 -3.001 -12.479
1.777 -3.787 -12.243
-0.225 -1.944 -15.090
2.798 0.104 -16.195
3.816 -1.612 -19.374
3.097 1.090 -21.880
4.533 -1.112 -24.690
2.400 -4.125 -23.879
0.608 -4.031 -27.288
3.663 -3.888 -29.564
4.758 -7.175 -31.250
7.899 -9.003 -30.082
10.157 -7.908 -33.049
9.000 -4.373 -32.227
9.545 -4.284 -28.472
13.024 -5.682 -29.087
13.909 -3.188 -31.902
12.557 -0.445 -29.598
14.521 -1.683 -26.574
17.788 -1.587 -28.707
17.115 1.882 -29.988
16.233 3.300 -26.606
19.428 1.915 -25.078
21.569 3.336 -27.961
19.852 6.700 -27.524
20.266 7.138 -23.719
23.875 5.860 -24.030
24.423 8.678 -26.572
23.826 11.179 -23.761
27.180 10.105 -22.048
29.507 13.028 -22.633
32.482 10.883 -23.371
30.629 10.007 -26.573
30.402 13.597 -27.678
33.527 13.780 -29.927
32.769 10.532 -31.636
29.169 11.352 -32.240
29.948 14.805 -33.500
32.529 13.395 -35.997
29.736 10.994 -37.295
27.500 13.973 -37.695
30.233 15.929 -39.536
30.588 12.966 -41.942
26.893 13.127 -42.741
26.910 16.865 -43.272
29.831 16.544 -45.793
28.096 13.570 -47.338
24.866 15.695 -47.818
26.790 18.731 -49.324
28.460 16.478 -51.914
25.178 14.606 -52.915
23.751 16.897 -55.559
20.273 15.932 -55.176
21.033 18.027 -52.103
19.037 15.348 -50.074
20.902 12.713 -47.902
20.205 8.803 -48.499
18.919 7.481 -45.135
17.406 4.064 -46.237
19.977 2.840 -43.788
18.910 2.396 -40.106
22.503 2.826 -38.917
22.763 6.343 -40.447
19.410 7.329 -39.096
20.210 6.166 -35.566
23.343 8.399 -35.713
21.250 11.312 -36.398
18.857 10.524 -33.559
21.848 10.004 -31.234
23.128 13.408 -32.094
19.743 14.862 -31.770
18.990 13.705 -28.195
22.521 14.880 -27.290
21.734 18.257 -28.819
18.574 18.473 -26.821
20.431 17.620 -23.620
22.917 20.393 -24.400
20.293 22.823 -25.581
20.397 25.140 -22.528
22.965 27.583 -23.815
21.008 28.117 -27.031
17.730 28.794 -25.133
16.404 32.382 -24.499
18.893 33.985 -22.126
16.508 34.101 -19.098
16.010 30.343 -19.306
19.565 29.462 -20.085
20.635 31.462 -16.957
18.145 29.633 -14.753
19.181 26.197 -16.027
22.833 27.214 -15.445
22.279 28.451 -11.769
20.865 25.018 -11.119
23.636 23.179 -12.825
26.406 25.149 -10.952
24.630 24.433 -7.593
24.778 20.751 -8.312
28.363 20.974 -9.451
29.461 23.001 -6.390
27.802 20.402 -4.063
29.760 17.707 -5.696
33.068 19.607 -5.360
32.221 20.022 -1.611
32.030 16.259 -1.282
35.221 15.843 -3.231
36.909 18.372 -0.928
35.579 16.470 2.120
36.902 13.235 0.672
40.344 15.061 0.042
40.057 14.294 -3.757
40.894 16.200 -6.944
38.029 18.729 -7.299
36.360 18.254 -10.717
36.209 21.032 -13.389
33.478 23.493 -12.715
32.862 21.888 -9.146
34.951 24.191 -7.046
33.275 27.024 -5.365
36.573 28.457 -4.282
38.046 28.747 -7.845
35.309 28.630 -10.512
34.347 31.681 -12.638
30.946 30.984 -13.924
30.949 33.362 -16.842
34.328 32.232 -18.222
33.295 28.649 -17.894
30.172 29.243 -19.961
32.022 31.000 -22.760
34.466 28.113 -22.754
31.775 25.368 -22.786
30.037 27.226 -25.607
33.317 27.650 -27.651
34.570 24.117 -27.329
31.607 21.873 -27.006
28.244 23.542 -27.616
28.868 25.727 -30.564
30.713 23.037 -32.627
27.783 20.637 -31.944
25.073 22.988 -32.789
26.815 24.467 -35.748
27.068 20.960 -37.260
23.447 20.069 -36.372
22.332 23.381 -37.948
24.510 22.617 -41.139
22.660 19.247 -41.465
19.198 20.697 -41.312
20.098 24.067 -42.980
18.143 26.520 -42.752
15.596 25.060 -40.403
17.532 25.648 -37.055
18.992 29.131 -37.714
17.200 30.696 -34.648
19.129 28.139 -32.403
22.615 29.141 -33.535
21.777 32.801 -33.418
20.414 32.647 -29.808
23.558 30.526 -28.887
25.943 33.152 -30.319
24.060 36.111 -28.766
24.230 34.272 -25.370
27.970 33.636 -25.847
28.559 37.298 -26.540
26.375 38.411 -23.606
28.579 36.269 -21.233
31.796 37.469 -22.859
30.771 41.143 -22.070
29.902 40.210 -18.422
33.608 39.135 -17.664
