-68.470 -27.621 -37.337
-66.922 -24.355 -38.594
-67.563 -23.796 -42.318
-65.391 -21.871 -44.784
-67.033 -20.600 -47.965
-65.019 -20.412 -51.184
-61.870 -22.425 -50.340
-60.571 -22.496 -53.935
-59.895 -18.736 -54.071
-56.939 -16.854 -52.560
-58.326 -14.668 -49.721
-60.125 -17.648 -48.158
-56.742 -19.445 -47.904
-55.665 -16.838 -45.335
-58.406 -18.344 -43.119
-57.722 -21.945 -44.142
-54.011 -21.830 -43.372
-54.817 -20.271 -39.957
-57.384 -23.000 -39.211
-54.879 -25.721 -40.130
-52.081 -24.042 -38.106
-54.368 -24.002 -35.040
-55.546 -27.601 -35.545
-59.198 -26.584 -35.860
-61.737 -28.900 -37.501
-63.606 -27.305 -40.387
-65.519 -28.008 -43.569
-65.409 -26.092 -46.818
-68.222 -25.065 -49.138
-67.525 -24.089 -52.731
-68.857 -20.829 -54.168
-69.083 -20.600 -57.960
-67.701 -17.129 -58.585
-67.457 -17.679 -62.343
-71.232 -18.249 -62.491
-71.834 -15.355 -60.053
-73.150 -17.392 -57.116
-71.538 -14.907 -54.735
-73.823 -12.096 -55.988
-77.061 -14.058 -55.523
-79.340 -13.564 -52.468
-78.372 -16.773 -50.649
-74.676 -15.942 -50.451
-75.291 -12.198 -49.930
-77.060 -13.262 -46.710
-73.685 -14.618 -45.521
-71.452 -11.918 -47.001
-73.409 -8.765 -47.888
-70.483 -7.392 -49.948
-70.604 -10.483 -52.172
-67.048 -11.725 -51.739
-65.304 -14.813 -50.389
-64.563 -15.912 -47.736
-67.473 -16.021 -45.359
-67.137 -18.216 -42.292
-69.947 -19.712 -40.230
-69.099 -21.034 -36.773
-72.310 -22.547 -35.389
-74.631 -19.553 -34.919
-71.744 -17.149 -35.329
-70.935 -15.568 -38.702
-67.822 -13.624 -39.689
-66.287 -12.345 -42.943
-63.173 -10.440 -44.127
-60.338 -12.931 -44.498
-57.984 -11.256 -42.006
-60.777 -10.764 -39.449
-61.456 -14.479 -39.729
-57.737 -15.142 -39.063
-57.832 -12.990 -35.936
-61.033 -14.577 -34.657
-59.653 -18.088 -35.147
-56.284 -17.156 -33.580
-57.944 -15.723 -30.489
-60.696 -18.332 -30.057
-58.243 -21.199 -30.247
-55.328 -19.194 -28.818
-53.973 -21.869 -26.493
-53.628 -24.504 -29.182
