18.622 -4.411 30.351
15.599 -5.758 28.389
12.292 -7.704 28.702
10.941 -9.372 25.541
7.599 -11.196 25.616
6.482 -13.642 22.924
3.615 -16.098 22.489
0.688 -13.764 21.855
-1.536 -14.012 18.801
-4.934 -15.375 17.804
-6.860 -17.875 19.959
-10.460 -19.035 19.611
-12.750 -18.694 22.736
-12.192 -21.448 25.314
-8.646 -22.129 24.051
-5.234 -21.453 25.641
-1.827 -19.623 25.393
1.513 -19.911 25.715
2.841 -16.483 26.972
6.621 -16.228 27.699
8.776 -13.202 28.749
12.597 -13.310 28.339
14.774 -11.269 30.725
18.317 -10.032 29.942
20.866 -7.590 31.420
20.074 -8.360 35.096
19.869 -11.255 37.628
16.330 -12.679 36.961
16.210 -14.476 40.370
16.177 -11.784 43.178
13.471 -9.843 41.234
9.670 -10.141 41.528
7.881 -10.390 38.144
4.285 -9.578 37.145
2.017 -9.462 34.038
-0.146 -6.340 33.255
-2.670 -6.427 30.359
-4.220 -3.549 28.388
-7.449 -3.912 26.356
-7.498 -1.671 23.207
-8.622 1.866 24.086
-8.792 0.856 27.793
-6.353 1.339 30.698
-3.748 -0.884 32.405
-5.011 -3.920 34.375
-2.821 -6.089 36.629
-3.050 -9.844 35.848
-0.637 -11.836 38.039
2.544 -11.609 40.207
5.431 -13.928 41.244
7.847 -13.022 44.126
11.742 -13.155 44.001
12.050 -17.014 44.169
9.973 -17.517 47.430
7.864 -18.560 45.173
4.628 -16.726 46.213
1.877 -16.322 43.545
-1.023 -13.763 43.165
-3.878 -13.525 40.585
-6.479 -10.832 39.743
-10.135 -11.806 40.534
-11.096 -11.931 36.805
-8.269 -14.334 35.797
-8.454 -16.512 39.000
-8.501 -20.264 38.329
-7.822 -19.861 34.563
-4.355 -18.237 34.202
-1.190 -19.773 35.770
2.059 -17.824 36.459
5.412 -19.716 36.477
9.122 -18.801 36.239
12.216 -20.683 35.000
15.030 -18.936 36.954
17.594 -21.104 35.065
16.239 -20.120 31.587
15.693 -16.411 32.685
12.013 -16.699 31.672
8.550 -15.766 32.999
5.466 -17.679 31.791
1.642 -17.397 31.802
-0.662 -20.404 31.061
-3.929 -18.586 30.178
-6.610 -21.343 29.878
-10.393 -21.155 28.972
-9.987 -17.715 27.356
-13.029 -15.424 27.190
-13.439 -12.840 24.347
-12.799 -9.966 26.865
-9.245 -11.298 27.546
-8.268 -9.577 24.209
-5.398 -7.257 25.262
-1.671 -6.295 24.851
0.142 -8.253 27.577
3.072 -6.520 29.296
5.803 -8.192 31.342
7.015 -5.845 34.139
9.897 -5.910 36.686
8.545 -5.051 40.197
12.114 -4.231 41.562
11.010 -5.012 45.211
9.491 -8.397 46.219
6.181 -8.489 48.220
8.069 -10.479 50.968
10.968 -7.948 51.104
11.076 -4.607 53.026
10.428 -1.177 51.288
7.739 -2.907 49.070
5.648 0.201 49.944
8.087 2.208 47.750
8.228 -0.369 44.888
7.465 0.224 41.136
7.595 -1.309 37.633
10.899 0.260 36.454
11.490 -1.987 33.388
8.598 -3.013 31.078
8.312 -5.271 28.037
7.309 -4.425 24.425
3.939 -6.178 24.880
2.555 -9.212 23.050
-0.868 -8.725 21.409
-3.369 -11.507 22.261
-6.730 -11.606 20.426
-9.566 -13.926 21.579
-11.852 -14.407 18.537
-13.864 -17.170 16.804
-12.769 -15.672 13.411
-9.803 -17.405 11.645
-6.281 -15.898 11.090
-5.418 -14.263 7.704
-2.123 -13.249 6.060
-1.498 -9.912 4.300
-1.489 -9.139 0.569
1.361 -6.655 0.004
1.179 -4.331 -3.045
3.755 -1.683 -4.093
2.638 1.961 -4.030
4.672 3.391 -6.992
6.732 6.590 -6.286
4.680 9.827 -6.475
6.395 13.185 -7.066
3.793 15.644 -5.683
5.334 15.805 -2.130
7.622 16.724 -0.344
9.842 18.276 -3.126
10.801 18.234 -6.851
13.932 16.351 -5.789
11.859 14.110 -3.425
9.188 11.452 -4.174
6.870 9.360 -1.951
6.746 5.537 -2.400
5.061 2.949 -0.204
3.663 -0.496 0.628
0.026 -1.492 0.970
-0.515 -4.157 3.635
-3.995 -5.203 2.378
-6.458 -7.483 4.311
-4.853 -9.219 7.331
-5.826 -10.404 10.874
-5.048 -9.845 13.815
-3.682 -6.232 14.116
0.146 -6.832 14.806
1.987 -6.063 11.483
5.691 -4.945 11.411
7.000 -2.806 8.506
10.617 -1.644 7.920
12.430 -0.359 4.772
15.534 -1.836 3.050
15.870 -4.423 5.903
16.126 -1.708 8.590
18.680 0.499 6.743
16.162 3.124 5.487
14.726 5.019 8.521
14.601 8.653 7.277
11.156 9.608 5.940
9.568 6.268 6.954
5.939 6.772 8.077
3.980 3.560 8.831
0.293 4.636 9.079
-2.151 2.979 11.570
-4.493 0.300 10.143
-8.235 0.563 9.345
-10.695 -2.017 10.721
-12.665 -2.728 7.530
-16.338 -3.805 7.012
-14.956 -7.341 6.300
-13.409 -7.307 9.804
-9.890 -7.456 8.274
-7.182 -4.808 8.840
-5.426 -2.781 6.102
-2.241 -0.779 6.801
0.144 1.406 4.699
3.792 2.521 5.009
5.356 5.362 2.945
8.893 6.820 2.711
9.971 10.133 1.066
13.191 9.454 -0.906
15.290 11.486 -3.475
14.038 11.756 -7.100
17.720 11.741 -8.204
18.463 8.323 -6.558
15.035 6.915 -7.701
16.621 5.074 -10.665
19.910 4.047 -8.967
18.715 3.017 -5.442
16.447 -0.005 -4.756
13.506 0.342 -2.312
12.141 -2.896 -0.724
9.757 -2.965 2.280
10.050 -5.702 4.929
6.442 -6.584 5.951
6.119 -9.143 8.797
2.805 -10.599 10.049
3.800 -12.435 13.247
0.424 -14.313 13.847
0.285 -15.778 10.276
4.155 -16.232 10.079
4.046 -14.433 6.664
7.072 -12.277 5.739
6.817 -10.185 2.539
9.853 -8.362 1.067
8.208 -6.342 -1.770
10.290 -4.056 -4.047
8.714 -0.746 -5.224
9.575 0.479 -8.767
8.423 3.526 -10.873
