-0.311 -26.503 72.518
-1.500 -29.923 71.380
0.991 -32.566 72.616
0.952 -34.270 69.212
1.644 -30.885 67.617
4.608 -30.453 69.969
5.816 -33.953 69.044
5.852 -33.350 65.278
7.022 -29.724 65.433
10.134 -29.106 63.329
12.133 -26.217 64.765
14.075 -23.812 62.544
17.841 -24.306 62.415
20.251 -21.384 62.071
23.819 -22.562 61.477
26.342 -21.290 64.015
29.803 -22.256 65.160
30.500 -25.169 67.479
31.777 -22.582 69.954
28.511 -20.649 69.843
26.416 -23.784 70.281
28.552 -24.760 73.282
28.165 -21.306 74.810
24.390 -21.366 74.257
24.062 -24.761 75.966
25.865 -23.463 79.039
23.270 -20.670 79.158
20.339 -23.047 78.657
21.712 -25.345 81.382
21.543 -22.798 84.200
18.439 -20.892 83.087
15.196 -21.922 84.800
13.089 -21.971 81.630
14.854 -25.065 80.275
15.224 -27.136 83.424
13.110 -30.047 82.134
14.504 -30.460 78.594
16.685 -33.453 77.774
19.769 -33.251 75.583
18.091 -33.581 72.192
15.568 -30.841 73.015
18.347 -28.589 74.316
20.285 -29.143 71.092
17.191 -28.406 69.006
16.453 -25.246 71.019
20.033 -24.048 70.575
19.773 -24.717 66.840
16.693 -22.472 66.689
18.493 -19.549 68.376
20.251 -16.630 66.690
22.540 -13.925 68.010
21.378 -10.354 68.617
23.361 -7.237 69.593
22.050 -4.198 71.457
23.793 -1.000 72.524
23.270 0.995 75.706
19.772 2.483 76.158
18.266 0.264 73.437
14.788 -1.028 74.213
14.735 -4.761 73.509
10.969 -4.740 73.996
8.645 -1.931 75.059
5.765 -1.989 77.513
2.483 -2.268 75.644
3.790 -3.584 72.330
2.234 -6.736 70.884
4.784 -7.294 68.112
7.528 -9.106 70.062
7.211 -12.826 69.375
10.599 -13.789 70.828
12.511 -14.802 73.929
15.995 -13.424 74.663
18.619 -15.080 76.858
21.351 -12.675 77.942
24.937 -13.718 77.189
26.711 -10.426 78.006
25.334 -7.194 79.405
22.517 -6.108 81.678
19.061 -4.650 81.187
16.593 -2.715 83.339
12.990 -3.833 83.748
10.934 -0.627 83.678
7.269 -0.431 84.705
5.407 2.898 84.604
8.739 4.721 84.370
10.307 2.941 87.360
13.215 0.518 87.263
11.811 -2.507 89.114
14.256 -5.314 88.287
17.682 -5.940 86.792
18.315 -8.736 84.287
21.919 -9.979 84.271
23.930 -12.477 82.203
22.263 -15.839 81.809
18.734 -14.611 82.485
15.920 -14.412 79.938
13.524 -11.652 78.914
10.226 -12.032 77.117
9.010 -15.276 78.695
5.895 -13.833 80.365
4.499 -12.742 77.000
5.356 -16.092 75.404
3.726 -18.109 78.198
0.586 -16.016 78.624
0.076 -14.447 75.174
-0.358 -10.902 76.507
1.170 -7.621 75.293
4.638 -6.829 76.589
4.275 -6.183 80.313
7.446 -4.157 80.912
10.026 -2.204 78.963
13.479 -3.809 78.831
16.260 -1.248 78.355
19.933 -2.168 77.928
21.914 -0.383 80.658
25.425 -1.611 79.794
27.526 -0.324 76.894
26.492 -3.404 74.895
24.239 -6.416 75.351
24.644 -9.674 73.444
21.670 -12.046 73.596
20.345 -15.160 71.900
16.806 -14.995 70.561
14.197 -17.755 70.359
10.939 -17.450 68.414
7.484 -17.853 69.946
6.621 -21.137 68.229
9.809 -22.999 69.179
9.462 -21.768 72.758
5.835 -22.862 72.964
6.318 -26.266 71.348
9.688 -27.300 72.812
10.291 -25.331 76.022
7.022 -24.311 77.670
5.744 -27.772 78.516
3.605 -27.628 81.654
5.189 -24.466 83.076
1.804 -22.786 83.475
0.441 -25.728 85.465
3.605 -25.924 87.598
3.457 -22.203 88.417
-0.235 -22.311 89.312
0.249 -25.475 91.363
3.336 -24.567 93.386
