49.838 -2.003 -12.628
49.723 -0.906 -8.987
48.713 2.616 -8.003
48.841 4.292 -4.582
46.330 7.077 -3.951
47.303 9.418 -1.057
44.712 11.740 0.566
44.537 14.180 3.444
47.402 16.625 2.842
47.579 20.391 3.019
47.898 23.397 5.279
47.002 22.677 8.891
47.346 24.510 12.215
49.742 23.586 14.967
48.118 21.759 17.873
45.498 20.075 15.642
45.079 16.557 14.365
45.186 15.104 10.888
44.299 11.903 9.088
46.141 10.691 6.004
44.892 7.770 3.943
46.588 5.644 1.289
44.722 3.177 -0.929
46.387 0.548 -3.127
44.622 -0.484 -6.334
45.472 -2.463 -9.489
46.576 -6.076 -9.971
48.526 -7.748 -7.211
48.480 -10.868 -5.032
49.227 -9.709 -1.532
50.404 -6.682 0.386
53.118 -7.446 2.886
53.028 -4.049 4.655
51.995 -0.479 4.041
52.648 2.832 5.718
53.894 6.336 5.744
57.264 8.023 5.499
58.048 11.697 5.368
60.750 13.999 3.965
61.300 17.674 4.627
63.649 19.796 2.541
67.306 19.079 3.160
66.401 16.214 5.566
66.615 12.490 5.227
63.385 10.592 4.524
62.186 8.879 7.670
59.681 6.291 8.653
56.539 7.598 10.357
54.432 4.441 10.875
53.923 1.120 9.143
51.413 -1.688 9.478
51.903 -5.229 8.349
49.288 -7.586 6.913
48.879 -9.422 10.168
48.511 -6.277 12.210
51.974 -5.732 13.696
52.976 -2.079 13.628
55.977 0.156 14.059
56.151 3.799 14.874
58.880 6.411 14.745
59.806 7.962 18.092
58.585 11.320 16.658
54.929 10.094 16.606
54.764 7.168 19.166
52.038 7.957 21.640
50.242 10.572 19.513
49.373 8.518 16.449
47.672 5.403 15.223
48.225 3.529 11.977
45.335 1.280 10.983
44.232 -0.780 8.039
41.147 -1.962 6.248
42.590 -5.035 4.522
39.443 -5.672 2.534
40.063 -2.367 0.779
43.891 -2.373 0.811
43.958 0.985 2.570
45.864 2.370 5.500
45.179 5.400 7.662
47.506 7.514 9.795
45.905 9.507 12.589
48.256 12.109 14.129
47.616 14.588 16.926
49.467 17.464 18.527
50.787 18.780 15.228
53.912 20.861 15.325
55.941 22.828 12.770
58.481 19.984 12.870
55.758 17.761 11.292
55.905 19.799 8.075
57.055 17.515 5.234
56.112 15.688 2.123
54.394 12.495 3.358
54.823 9.336 1.200
52.775 6.175 1.214
54.798 2.968 0.780
53.432 -0.478 -0.019
55.480 -3.636 -0.182
53.675 -5.943 -2.492
53.839 -9.453 -3.907
52.437 -9.213 -7.418
52.185 -12.985 -7.951
50.811 -15.829 -5.787
53.617 -18.281 -6.659
56.569 -15.946 -5.880
58.333 -14.670 -2.763
59.720 -11.606 -4.609
58.289 -8.252 -3.606
58.119 -4.754 -5.111
58.322 -1.547 -3.104
55.881 1.093 -4.259
56.196 4.729 -3.250
53.471 7.281 -3.766
53.822 10.710 -5.338
53.775 12.274 -1.878
51.511 14.811 -0.277
52.612 18.088 1.324
51.623 18.660 4.944
52.431 22.174 6.193
51.917 22.945 9.878
51.605 26.658 10.576
