-36.071 24.712 -12.461
-33.409 27.014 -12.275
-32.821 24.359 -9.590
-30.463 25.973 -7.021
-28.624 24.383 -4.089
-26.934 25.850 -1.122
-24.237 25.660 0.046
-21.895 24.867 -2.870
-18.939 23.768 -0.685
-18.884 22.906 3.011
-16.547 21.382 5.526
-17.943 20.203 8.843
-16.775 18.414 11.948
-18.355 15.089 12.862
-21.421 15.016 15.131
-22.998 18.256 13.846
-26.416 18.654 12.207
-25.885 20.038 8.633
-28.556 21.300 6.265
-28.542 21.435 2.448
-31.315 23.397 0.752
-32.779 22.833 -2.767
-35.071 25.438 -4.408
-36.837 25.379 -7.812
-38.861 27.887 -9.824
-41.058 25.661 -12.064
-43.037 24.113 -9.153
-42.713 20.473 -10.164
-44.364 18.085 -7.740
-41.345 15.771 -7.729
-38.080 16.559 -5.915
-35.110 14.314 -5.051
-31.886 14.284 -3.094
-29.036 12.034 -4.349
-25.381 11.558 -3.275
-22.565 10.778 -5.717
-19.544 8.764 -4.704
-16.783 7.297 -6.852
-17.688 3.835 -8.098
-21.231 4.041 -6.877
-22.895 6.528 -9.200
-25.773 8.595 -7.841
-27.695 6.945 -5.034
-31.105 8.203 -3.962
-31.466 9.419 -0.335
-35.045 10.690 -0.137
-37.718 11.980 -2.506
-40.980 13.902 -2.295
-44.103 14.374 -4.462
-45.754 17.193 -2.446
-45.473 19.033 0.791
-47.230 16.096 2.549
-45.176 13.262 0.984
-41.755 11.868 1.906
-40.274 8.585 0.561
-37.019 6.766 1.451
-34.505 5.952 -1.230
-31.776 3.370 -0.986
-29.503 5.222 1.447
-31.850 7.161 3.799
-30.103 6.176 7.092
-28.376 9.084 8.802
-30.416 11.668 6.859
-33.767 13.396 7.197
-35.657 15.690 4.820
-38.426 18.212 4.836
-40.605 19.481 1.997
-41.248 22.947 3.239
-42.950 24.266 0.117
-43.754 23.275 -3.455
-40.519 25.094 -4.297
-38.214 23.781 -1.488
-36.741 20.451 -0.391
-34.243 20.393 2.494
-31.771 17.582 3.337
-30.246 17.188 6.829
-27.257 15.100 7.936
-28.576 14.340 11.397
-25.195 13.831 13.060
-22.512 14.054 10.411
-20.023 11.195 10.029
-17.013 10.930 7.734
-18.644 8.477 5.283
-21.222 11.203 4.494
-18.457 13.059 2.625
-19.854 13.213 -0.914
-21.151 15.371 -3.766
-24.861 15.882 -3.131
-27.306 16.633 -6.010
-30.901 17.688 -5.782
-33.174 17.172 -8.756
-36.717 17.888 -9.879
-38.763 16.001 -12.426
-41.823 16.669 -14.487
-44.397 13.897 -14.966
-42.437 12.391 -17.934
-38.959 11.848 -16.365
-37.662 15.223 -17.455
-35.000 15.690 -14.739
-33.237 18.924 -13.828
-30.234 18.648 -11.519
-28.782 21.284 -9.256
-25.104 22.086 -9.690
-24.051 20.114 -6.601
-22.899 20.564 -2.995
-19.413 19.266 -2.210
-19.526 18.309 1.492
-16.525 17.007 3.516
-16.974 15.701 7.053
-13.819 15.499 9.170
-13.291 14.159 12.642
