-35.326 55.149 -27.432
-37.764 53.970 -24.797
-36.401 50.396 -24.713
-32.966 51.435 -25.995
-29.809 52.110 -23.977
-26.181 52.356 -25.058
-23.639 49.956 -23.522
-22.195 51.148 -20.221
-19.675 49.592 -17.832
-21.123 49.514 -14.320
-17.837 47.918 -13.190
-14.925 48.399 -15.612
-11.921 46.134 -15.970
-9.186 46.260 -13.328
-5.446 45.881 -13.873
-4.532 42.519 -12.325
-1.111 41.471 -11.038
-0.801 37.679 -10.941
2.097 35.367 -10.156
3.530 33.310 -13.003
1.699 29.991 -13.229
-1.319 31.087 -11.189
-4.765 31.729 -12.636
-5.754 35.279 -13.579
-9.276 36.549 -14.220
-10.540 39.813 -15.660
-14.174 40.634 -14.945
-16.463 43.484 -15.986
-20.170 44.194 -15.553
-21.968 45.444 -18.664
-25.353 47.145 -19.040
-27.287 48.164 -22.142
-30.361 47.235 -24.160
-30.388 45.080 -26.163
-27.670 42.885 -24.610
-24.545 44.146 -26.403
-22.098 41.899 -28.209
-18.843 41.333 -26.331
-15.322 41.063 -27.762
-11.955 40.696 -26.025
-8.618 42.007 -27.284
-4.958 41.844 -26.273
-2.330 44.160 -27.803
-4.101 44.611 -31.130
-5.072 40.977 -31.753
-8.576 39.694 -31.046
-9.284 36.920 -28.540
-13.080 36.634 -28.864
-15.943 38.185 -30.816
-19.056 36.646 -29.197
-20.244 33.143 -28.343
-17.965 31.908 -31.144
-14.355 30.750 -31.006
-12.055 31.904 -28.221
-8.324 31.197 -27.910
-6.062 28.383 -26.656
-6.026 28.231 -22.870
-8.558 31.035 -22.327
-12.021 30.783 -20.738
-14.362 33.580 -21.860
-17.942 33.850 -20.612
-20.709 36.450 -20.650
-23.997 35.726 -18.874
-26.381 38.139 -17.117
-23.844 40.958 -17.277
-20.930 38.785 -16.070
-18.293 39.293 -18.777
-15.089 37.622 -17.596
-11.929 36.121 -19.090
-9.874 33.513 -17.224
-6.335 32.277 -17.900
-5.544 29.142 -15.838
-1.791 28.948 -16.548
-0.428 32.492 -16.821
3.077 32.931 -18.233
5.152 36.036 -18.888
3.958 35.905 -22.512
0.318 36.435 -21.488
1.321 39.871 -20.163
0.007 42.876 -22.041
-2.921 45.267 -22.279
-6.370 43.671 -22.508
-9.499 45.353 -23.850
-13.231 44.657 -23.606
-15.555 46.191 -26.205
-19.341 45.942 -25.883
-21.427 47.037 -28.864
-25.082 47.277 -29.849
-27.264 49.565 -31.956
-26.857 52.679 -29.802
-23.046 52.684 -29.887
-20.254 51.030 -27.957
-18.214 51.315 -24.767
-14.682 50.010 -24.228
-12.882 49.096 -21.003
-9.126 48.593 -20.741
-6.995 46.851 -18.108
-3.459 45.481 -17.911
-2.093 42.086 -16.871
1.270 42.161 -15.076
3.092 38.900 -14.310
5.839 38.435 -11.720
8.340 35.577 -11.813
