3.886 16.749 45.336
0.360 15.553 44.427
-1.050 19.078 43.808
1.753 20.122 41.468
1.577 16.781 39.743
-2.228 16.886 39.298
-2.337 20.326 37.677
0.824 19.794 35.627
-0.668 16.658 34.064
-4.107 18.219 33.494
-2.052 20.538 31.229
-0.521 17.495 29.462
-3.585 16.399 27.471
-2.975 16.602 23.680
0.173 18.582 24.493
3.967 18.376 24.094
6.635 18.713 26.781
7.935 22.097 25.608
4.410 23.499 25.600
3.464 21.966 28.999
6.611 23.515 30.536
5.540 26.986 29.367
1.959 26.544 30.617
3.174 25.353 34.016
5.735 28.141 34.406
3.294 30.901 33.410
0.725 29.342 35.750
3.175 29.403 38.655
4.270 32.974 37.848
0.664 34.258 37.894
-0.737 32.273 40.829
2.045 30.933 43.086
4.175 32.819 45.650
7.475 34.426 44.615
10.378 32.672 46.312
13.560 34.259 44.927
15.143 35.669 41.788
18.415 34.278 40.386
19.896 36.155 37.422
16.879 36.754 35.081
14.791 33.889 36.573
12.102 34.637 39.187
11.176 31.420 41.019
7.599 30.791 42.130
6.137 28.085 44.347
3.352 25.946 42.913
-0.038 27.508 43.784
-2.475 26.058 46.314
-5.938 24.826 45.411
-7.705 27.966 46.583
-5.675 30.160 44.215
-6.713 28.033 41.211
-10.395 27.719 42.147
-11.497 31.384 42.070
-14.048 33.029 39.756
-11.388 34.593 37.501
-8.983 31.649 37.353
-10.154 30.066 34.093
-10.237 33.419 32.293
-6.712 34.218 33.489
-5.417 30.763 32.609
-6.849 31.146 29.091
-4.771 34.334 28.673
-1.744 32.204 29.615
-2.609 29.906 26.717
-3.954 26.817 28.517
-7.005 26.703 26.212
-9.647 24.131 27.224
-7.237 22.985 29.963
-7.991 26.227 31.832
-11.508 25.010 32.671
-10.290 21.680 34.031
-7.640 23.309 36.244
-10.162 25.609 37.970
-12.949 23.042 38.080
-10.691 20.319 39.537
-9.346 22.714 42.168
-12.944 23.633 43.131
-13.992 19.977 43.148
-11.196 18.948 45.473
-11.991 21.824 47.851
-15.786 21.600 47.889
-16.479 17.885 47.361
-13.368 16.061 48.707
-12.253 18.077 51.770
-9.182 19.868 50.408
-5.603 18.649 49.784
-5.853 16.135 52.646
-7.736 14.020 50.095
-4.669 13.791 47.835
-2.641 12.435 50.815
-5.387 9.839 51.498
-4.948 8.655 47.899
-1.217 8.273 48.569
-2.194 5.709 51.282
-5.025 4.079 49.285
-4.302 1.198 46.881
-3.564 2.005 43.233
-6.923 0.940 41.770
-9.000 3.018 44.238
-6.763 6.113 43.962
-6.937 5.833 40.187
-10.736 5.607 40.132
-10.991 8.533 42.574
-8.782 10.770 40.440
-10.935 9.911 37.365
-13.875 11.676 39.067
-12.046 15.018 38.585
-12.801 17.332 35.602
-10.253 16.634 32.836
-8.699 13.650 34.600
-8.960 10.424 32.627
-6.923 7.253 32.804
-3.639 8.678 31.473
-3.561 11.642 33.827
-4.702 9.533 36.792
-1.930 7.050 36.053
0.651 9.848 35.756
-0.347 11.120 39.186
-0.487 7.620 40.705
3.023 6.829 39.486
4.730 10.155 40.138
3.059 11.454 43.310
0.937 8.764 45.006
3.617 6.040 45.311
1.992 3.553 42.858
5.015 2.104 40.989
2.799 -0.254 38.954
0.837 2.620 37.364
1.452 2.719 33.612
0.112 5.804 31.776
-1.135 4.960 28.276
-1.599 7.430 25.414
-1.002 7.386 21.625
2.807 7.496 22.197
2.866 4.492 24.527
0.553 2.742 22.042
3.215 3.459 19.364
6.165 2.163 21.429
4.189 -0.952 22.381
3.057 -1.817 18.896
6.405 -1.043 17.167
8.839 -2.338 19.793
6.801 -5.114 21.482
4.551 -6.202 18.612
1.546 -5.609 20.821
-1.991 -5.533 19.484
-5.169 -5.497 21.544
-6.903 -8.846 21.900
-10.192 -6.985 21.315
-11.959 -5.049 18.492
-10.444 -1.518 18.386
-12.619 -0.098 15.567
-7.272 2.951 20.926
-10.045 3.088 23.551
-10.382 3.026 27.342
-10.611 -0.792 27.609
-7.834 -1.351 25.081
-5.661 1.257 26.889
-6.145 -0.555 30.200
-5.286 -3.845 28.480
-1.966 -2.333 27.327
-1.271 -1.099 30.862
-2.011 -4.660 32.035
0.337 -6.075 29.357
3.238 -4.074 30.858
2.443 -4.873 34.514
2.219 -8.545 33.455
5.615 -8.236 31.707
7.613 -6.064 34.153
6.010 -6.598 37.571
5.005 -4.139 40.313
7.469 -1.409 39.221
6.170 -1.430 35.645
5.777 2.393 35.661
9.457 2.801 36.427
10.476 0.511 33.568
8.231 2.517 31.221
10.016 5.727 32.219
13.368 4.211 31.153
11.926 3.428 27.721
10.321 6.863 27.428
13.674 8.515 28.198
15.515 6.338 25.655
12.981 7.078 22.900
12.917 10.832 23.554
16.731 11.148 23.141
