-14.725 59.379 30.027
-13.137 59.160 33.476
-14.873 56.590 35.669
-14.425 54.860 39.021
-16.384 51.790 40.134
-16.171 50.003 43.481
-16.519 46.237 43.927
-17.631 45.137 47.380
-18.840 41.917 48.988
-22.097 43.522 50.129
-22.289 41.650 53.434
-19.461 41.331 55.966
-19.549 39.146 59.047
-18.348 40.672 62.337
-14.634 40.168 63.092
-14.146 39.314 59.392
-12.083 41.351 56.957
-13.487 43.674 54.290
-12.070 43.796 50.757
-13.087 46.396 48.159
-11.643 46.929 44.673
-11.811 50.313 42.913
-11.580 49.886 39.136
-10.719 53.029 37.171
-10.697 54.077 33.524
-9.752 57.146 31.517
-6.605 57.860 33.550
-3.489 55.986 34.624
-2.962 54.967 38.236
0.717 55.892 37.816
-0.197 59.579 37.520
-3.174 59.930 39.863
-3.879 59.241 43.517
-6.880 57.295 44.798
-8.569 58.195 48.084
-10.808 55.938 50.163
-13.723 57.705 51.867
-16.573 55.996 53.710
-19.933 57.439 54.750
-22.075 55.734 57.424
-25.863 55.715 57.004
-25.777 58.586 59.467
-24.470 61.950 58.341
-20.759 62.527 57.865
-17.949 61.653 55.476
-14.904 59.878 56.905
-11.619 59.804 55.000
-9.911 56.417 55.368
-6.708 56.824 53.376
-5.116 57.203 49.975
-2.485 55.531 47.810
-0.239 57.997 46.012
0.625 57.570 42.339
4.040 56.195 43.354
2.430 53.598 45.640
3.093 55.408 48.920
0.217 55.507 51.391
-1.158 57.938 53.955
-4.001 56.849 56.230
-6.511 58.236 58.686
-5.166 58.631 62.215
-7.274 55.668 63.398
-5.941 52.909 61.146
-4.090 50.371 63.344
-4.059 47.078 61.391
-7.510 47.962 60.015
-6.399 49.704 56.803
-4.114 48.528 54.001
-4.274 50.055 50.509
-2.472 48.615 47.477
-2.951 48.792 43.720
-2.108 47.156 40.394
-1.134 49.895 37.936
-1.205 47.514 34.962
-4.842 46.573 35.676
-6.047 50.026 36.837
-7.207 48.639 40.193
-6.912 49.961 43.751
-7.461 47.563 46.656
-8.758 48.448 50.121
-8.672 46.016 53.042
-10.270 46.483 56.465
-9.906 43.986 59.308
-12.404 42.958 61.990
-15.407 45.028 60.972
-18.083 45.758 63.560
-21.632 47.130 63.669
-20.445 50.746 63.507
-18.491 49.973 60.312
-21.657 49.548 58.233
-21.243 52.362 55.718
-21.030 53.283 52.046
-17.431 53.227 50.810
-16.330 55.517 47.980
-13.076 55.817 46.082
-12.241 59.271 44.726
-9.521 60.229 42.272
-7.118 62.970 43.312
-7.139 66.184 41.282
-3.538 65.945 40.087
-3.194 69.710 39.603
-0.085 69.503 41.779
1.887 66.352 42.495
0.846 66.773 46.159
-2.720 68.078 45.941
-5.435 66.336 47.990
-8.565 67.732 46.352
-10.823 64.957 45.058
-12.526 65.639 41.720
-13.849 62.292 40.399
-15.794 60.004 42.737
-17.135 56.526 42.159
-20.780 55.667 42.668
-19.881 53.974 45.960
-20.638 50.563 47.423
-22.800 49.613 50.390
-21.141 47.607 53.166
-23.295 46.000 55.868
-22.001 44.130 58.928
-24.794 41.911 60.260
-24.125 38.162 59.666
-27.894 37.804 59.268
-29.618 35.348 56.961
-32.495 36.291 54.677
-35.774 36.612 56.596
-39.207 37.492 55.168
-41.057 40.436 56.714
-44.173 40.276 58.876
-46.734 42.950 57.983
-49.065 44.048 60.788
-51.944 46.509 60.257
-52.118 49.491 62.609
-55.664 50.665 63.341
-57.176 52.834 66.128
-61.367 66.083 60.628
-58.853 63.535 59.326
-57.765 60.122 60.607
-54.381 58.398 60.303
-53.785 54.701 59.600
-50.560 52.761 59.244
-48.711 49.541 58.509
-45.768 47.902 60.280
-43.178 45.939 58.284
-41.017 44.192 60.883
-38.413 41.456 60.977
-37.080 41.463 57.411
-33.526 41.108 56.122
-31.819 42.403 54.155
-32.795 45.832 52.834
-34.757 47.313 51.121
-38.566 47.270 51.151
-41.186 49.234 49.211
-44.428 50.466 50.796
-47.522 51.638 48.923
-51.152 52.356 49.798
-54.039 51.214 47.576
-51.421 50.311 44.930
-50.788 54.037 44.438
-54.328 55.422 44.676
-53.361 56.983 48.037
-49.985 58.720 47.710
-50.393 62.205 49.214
-49.883 62.402 52.964
-48.066 59.045 53.024
-44.994 58.656 55.242
-42.681 55.643 54.891
-40.104 55.786 57.674
-36.493 54.636 57.201
-35.620 51.164 58.423
-33.848 50.621 61.742
-31.683 47.616 62.593
-33.030 45.868 65.694
-32.388 42.322 66.945
-30.102 41.703 63.943
-33.062 42.382 61.640
-34.640 45.363 59.918
-37.951 46.964 60.875
-39.902 49.815 59.286
-43.323 51.442 59.498
-45.518 53.415 57.104
-48.542 55.621 57.755
-51.324 57.139 55.659
-53.687 59.969 56.613
-57.190 60.101 55.116
-60.293 62.231 55.644
-62.775 60.868 58.168
-65.572 60.954 55.579
-63.784 58.269 53.518
-62.223 55.991 56.136
-63.528 53.671 57.519
-66.303 53.652 54.891
-63.628 52.859 52.284
-61.258 49.892 52.163
-57.558 50.631 52.711
-54.755 48.113 52.163
-50.988 48.630 52.190
-48.510 46.797 49.959
-45.063 45.861 51.296
-42.565 44.182 48.960
-39.234 42.541 49.788
-36.639 41.645 47.126
-34.913 38.659 48.740
-37.991 36.874 50.106
-39.927 37.687 46.889
-42.850 38.607 49.153
-45.513 41.240 48.428
-48.184 41.113 51.128
-51.528 42.890 50.677
-52.736 42.948 54.280
-56.166 44.565 54.526
-56.800 47.060 57.324
-59.782 46.234 59.550
-60.826 49.314 61.576
-61.358 48.921 65.322
