-51.146 -8.547 -29.850
-47.367 -8.453 -29.105
-46.109 -4.898 -28.417
-42.681 -3.482 -27.421
-42.572 0.252 -26.617
-39.174 1.901 -26.070
-38.662 5.086 -24.072
-35.793 7.084 -22.505
-33.983 8.286 -25.628
-32.789 11.828 -26.256
-29.803 14.189 -26.186
-27.008 13.369 -23.743
-23.367 14.456 -23.302
-20.280 12.141 -23.417
-19.508 10.669 -19.990
-23.232 11.010 -19.161
-25.898 8.398 -18.218
-29.194 7.387 -19.761
-31.666 4.623 -18.914
-33.760 3.155 -21.695
-36.872 1.162 -20.942
-39.042 -1.170 -22.991
-42.608 -1.901 -21.857
-43.781 -5.268 -23.242
-47.358 -6.555 -23.645
-49.171 -9.406 -25.447
-47.013 -12.327 -24.223
-45.630 -14.046 -21.095
-42.599 -11.704 -20.785
-40.602 -14.005 -18.413
-40.713 -16.862 -21.015
-38.479 -14.950 -23.482
-34.898 -13.746 -23.621
-34.835 -10.028 -24.616
-32.199 -7.997 -26.505
-31.135 -4.426 -27.295
-29.944 -3.827 -30.878
-28.717 -0.459 -32.106
-28.282 1.198 -35.488
-26.027 4.251 -35.979
-27.439 6.777 -38.547
-26.901 5.324 -42.055
-25.181 2.163 -40.696
-25.900 -1.544 -40.057
-27.530 -3.329 -37.129
-25.276 -3.856 -34.099
-26.283 -6.285 -31.320
-25.724 -4.634 -27.862
-26.946 -6.872 -25.071
-29.142 -9.852 -24.249
-30.804 -11.154 -21.056
-32.395 -14.604 -20.319
-36.120 -14.921 -19.354
-35.239 -15.087 -15.620
-32.617 -12.305 -15.765
-29.992 -14.742 -14.395
-27.803 -14.471 -17.503
-26.702 -11.205 -19.199
-24.657 -10.877 -22.441
-22.839 -7.835 -23.920
-21.123 -6.795 -27.143
-17.375 -6.022 -26.427
-18.001 -2.320 -27.415
-20.410 -1.772 -24.451
-18.867 -4.220 -21.835
-18.343 -2.548 -18.440
-20.421 0.534 -19.391
-23.964 -0.794 -20.125
-26.171 -2.994 -17.890
-29.200 -4.853 -19.168
-31.906 -5.767 -16.637
-35.547 -6.729 -16.503
-38.419 -6.389 -14.038
-40.576 -9.470 -14.707
-43.287 -8.267 -12.245
-43.625 -5.086 -14.474
-43.002 -6.607 -18.012
-40.204 -4.085 -18.511
-36.732 -4.459 -20.050
-34.023 -1.868 -19.212
-30.634 -0.782 -20.522
-28.606 1.327 -18.072
-26.096 3.178 -20.280
-23.115 4.809 -18.411
-19.887 6.525 -19.588
-21.610 7.378 -22.925
-19.455 8.156 -25.996
-20.274 9.919 -29.305
-20.031 6.418 -31.015
-23.061 5.209 -28.917
-25.273 7.560 -31.008
-27.917 5.307 -32.574
-31.517 4.228 -32.666
-31.921 1.643 -29.870
-34.361 -1.252 -30.503
-35.914 -3.565 -27.946
-36.153 -7.080 -29.585
-37.943 -10.257 -28.461
-36.447 -13.775 -28.368
-33.777 -15.736 -30.321
-34.277 -14.838 -33.993
-36.018 -11.498 -33.305
-39.652 -11.918 -34.362
-40.770 -8.675 -32.693
-38.962 -5.334 -32.539
-39.979 -2.060 -30.923
-40.116 1.143 -33.038
-36.778 2.278 -31.567
-35.635 5.236 -29.463
-32.985 7.695 -30.656
-29.969 8.376 -28.446
-27.615 11.250 -29.432
-24.367 11.521 -27.430
-22.656 14.793 -28.104
-20.776 17.577 -26.376
-22.427 20.085 -28.796
-25.136 22.550 -27.597
-28.289 23.112 -29.717
-27.440 25.561 -32.508
-29.201 26.799 -35.661
-27.544 26.598 -39.106
-25.346 28.880 -41.280
-26.580 28.896 -44.924
-24.358 29.530 -47.988
-25.793 29.754 -51.497
-24.324 27.642 -54.344
-24.921 30.165 -57.129
-25.631 29.016 -60.742
-23.031 30.088 -63.349
-21.451 28.779 -66.612
-19.495 26.318 -64.312
-22.815 24.761 -63.189
-24.587 24.773 -66.613
-24.790 21.325 -68.320
-26.418 21.939 -71.733
-29.704 23.779 -71.181
-29.871 22.855 -67.447
-28.318 24.808 -64.553
-27.657 23.510 -61.022
-27.984 25.662 -57.893
-28.060 24.914 -54.203
-27.524 25.791 -50.550
-24.886 24.536 -48.098
-26.492 24.115 -44.625
-23.862 23.938 -41.900
-22.895 24.208 -38.237
-26.212 22.976 -36.771
-27.130 20.630 -33.934
-29.036 18.351 -33.426
-30.500 16.770 -36.557
-32.735 17.434 -38.496
-32.970 20.529 -40.678
-35.650 20.595 -43.336
-34.889 22.270 -46.650
-37.539 23.392 -49.138
-37.285 25.457 -52.313
-39.645 28.401 -53.050
-41.724 27.496 -49.889
-42.439 24.018 -51.328
-43.526 25.184 -54.831
-40.253 23.819 -56.342
-39.910 20.016 -55.791
-38.871 18.651 -59.247
-35.124 17.870 -59.495
-34.437 18.713 -55.824
-31.792 16.551 -54.077
-31.069 17.042 -50.390
-28.009 15.132 -49.254
-27.689 13.252 -45.925
-26.113 15.256 -43.065
-22.469 14.677 -42.221
-21.251 14.978 -38.636
-18.180 17.283 -38.468
-15.303 17.262 -35.854
-17.037 20.292 -34.218
-19.964 18.007 -33.262
-22.065 20.016 -35.723
-23.770 18.769 -38.872
-23.645 19.902 -42.483
-25.564 19.069 -45.647
-26.375 20.475 -49.023
-29.548 20.772 -51.080
-29.372 21.169 -54.834
-31.841 21.654 -57.667
-31.534 21.524 -61.460
-33.623 24.031 -63.477
-33.824 25.281 -67.096
-30.861 27.619 -67.652
-33.380 29.961 -69.446
-35.231 30.500 -66.119
-32.226 32.260 -64.407
-32.926 35.945 -63.664
-36.666 35.378 -64.450
-37.524 32.759 -61.753
-36.480 33.571 -58.178
-34.875 30.599 -56.309
-34.951 30.680 -52.506
-33.934 27.836 -50.236
-35.914 27.767 -46.957
-34.053 26.197 -44.103
-35.958 25.242 -40.954
-34.286 23.990 -37.766
-37.010 23.223 -35.222
-34.650 22.251 -32.293
-33.188 25.793 -32.229
-36.455 27.571 -33.298
-34.571 29.099 -36.279
-35.538 29.513 -39.926
-33.492 30.975 -42.764
-34.331 32.006 -46.308
-31.446 32.328 -48.817
-32.121 33.828 -52.257
-29.786 32.046 -54.725
-28.602 34.615 -57.297
-27.049 33.725 -60.696
-23.359 34.561 -61.345
-21.499 35.429 -64.634
