17.136 52.616 14.568
13.534 53.264 13.632
12.408 49.643 13.778
14.508 48.843 16.820
13.023 51.756 18.759
9.469 51.938 17.420
8.783 48.250 17.002
11.062 46.089 19.116
11.494 48.371 22.148
7.967 49.766 21.922
6.702 46.193 21.951
8.610 45.304 25.114
7.340 48.422 26.908
3.740 47.748 25.943
3.947 44.093 26.817
5.616 44.931 30.135
2.719 47.191 31.109
0.348 44.410 30.253
2.338 41.656 32.018
2.624 43.527 35.331
-1.020 44.635 35.390
-2.815 43.136 38.382
0.389 41.736 39.873
2.710 42.827 42.714
4.984 44.325 40.005
2.347 46.814 38.949
3.741 49.778 40.888
7.349 48.650 41.228
10.347 50.372 39.693
12.009 48.609 36.829
15.039 47.859 38.952
12.865 46.380 41.669
11.008 44.203 39.157
14.317 42.912 37.846
15.664 42.270 41.337
12.675 40.020 42.068
12.022 38.894 38.539
11.819 35.203 39.256
8.669 35.842 41.339
6.881 36.884 38.170
5.838 35.391 34.853
8.119 34.840 31.918
6.303 37.721 30.197
7.347 40.021 32.983
10.956 38.810 32.755
11.277 39.100 29.031
9.576 42.470 28.713
11.070 44.014 31.847
14.468 43.006 30.528
13.565 44.265 27.068
12.404 47.614 28.360
15.334 48.113 30.713
17.974 47.020 28.269
16.748 49.290 25.454
16.263 52.297 27.746
19.896 51.902 28.740
21.043 51.204 25.175
19.615 54.390 23.648
21.093 56.468 26.429
24.597 55.190 25.793
24.668 55.999 22.083
25.426 59.423 20.627
26.037 61.124 17.293
28.717 63.266 18.871
32.102 61.782 18.202
