24.775 66.810 29.984
27.873 68.267 28.144
29.675 65.589 26.096
33.276 64.427 26.468
34.576 63.256 23.056
37.977 61.722 22.358
39.287 62.327 18.783
42.095 59.973 17.661
44.002 59.126 14.476
47.473 58.108 13.247
50.021 60.937 12.598
49.189 62.658 9.267
45.410 61.740 9.170
44.386 65.346 10.100
42.095 64.681 13.090
42.871 67.968 14.960
42.383 69.910 11.653
38.859 68.562 11.045
38.056 68.932 14.812
39.045 72.601 14.865
36.927 73.251 11.686
33.910 71.363 13.202
34.267 73.366 16.526
34.256 76.610 14.555
31.015 75.693 12.770
29.387 74.477 16.038
30.180 77.868 17.638
27.761 79.479 15.073
24.889 77.590 16.745
26.131 78.537 20.237
27.910 75.270 21.080
31.406 76.045 22.348
33.684 73.048 22.723
36.987 73.254 24.598
39.751 71.174 22.982
42.620 69.800 25.098
45.530 67.542 24.210
45.847 64.636 26.734
49.672 64.807 26.760
49.535 68.590 27.422
47.142 68.068 30.405
49.571 65.417 31.840
52.442 67.945 31.452
50.397 70.664 33.215
49.572 68.235 36.080
53.296 67.235 36.383
54.401 70.939 36.525
51.789 71.571 39.322
53.096 68.490 41.238
56.732 69.879 40.845
57.749 66.613 39.086
59.048 68.468 35.937
59.776 71.967 34.604
59.927 71.120 30.832
57.939 68.829 28.512
61.092 66.819 27.513
61.446 65.633 31.196
58.043 63.786 31.073
59.382 60.677 29.233
61.936 60.016 32.034
59.200 59.840 34.784
58.864 56.323 36.331
55.844 54.084 35.413
54.132 54.522 38.840
54.460 58.324 38.549
53.258 58.099 34.881
50.107 56.213 36.054
49.424 58.679 38.917
49.692 61.713 36.531
47.518 59.917 33.915
44.718 59.412 36.531
44.973 63.076 37.696
44.886 64.258 34.028
41.742 62.116 33.399
40.058 63.635 36.466
41.104 67.231 35.567
39.486 66.758 32.108
36.285 65.169 33.548
35.929 68.360 35.679
36.181 70.620 32.541
32.992 68.888 31.200
30.932 70.772 33.837
31.887 74.116 32.086
31.399 73.090 28.397
31.518 70.156 25.960
35.117 68.873 25.704
37.173 67.224 22.943
40.306 65.336 23.978
42.938 65.204 21.255
45.032 62.040 21.810
46.130 58.772 20.176
44.180 55.500 20.438
47.679 53.916 20.401
51.119 55.453 19.839
53.330 53.314 17.546
56.625 53.086 19.578
59.705 50.855 18.933
58.433 48.553 21.770
54.930 48.295 20.168
51.536 50.021 20.184
51.148 51.941 23.506
47.494 52.553 24.549
46.768 56.273 24.853
43.908 55.628 27.323
44.731 52.738 29.652
41.766 51.471 31.755
42.786 53.686 34.791
42.473 56.851 32.547
39.107 55.647 31.075
37.675 55.181 34.614
38.470 58.901 35.401
37.547 60.354 31.946
34.173 58.641 31.392
34.080 59.559 27.663
30.768 59.598 25.760
32.244 59.117 22.226
35.579 57.831 20.874
36.213 59.103 17.315
38.720 57.271 15.081
39.787 59.420 12.105
41.207 57.360 9.177
42.206 57.285 5.526
44.022 54.721 3.345
47.635 53.711 4.100
48.588 55.183 0.677
47.108 58.625 1.469
48.817 58.709 4.902
52.184 57.591 3.535
52.175 60.270 0.765
50.986 63.015 3.212
53.936 62.149 5.532
56.435 62.156 2.614
55.204 65.692 1.629
55.466 67.063 5.226
58.759 69.032 5.672
58.595 68.906 9.552
59.012 65.081 9.406
62.125 62.926 9.118
62.547 59.700 7.008
62.254 56.167 8.696
59.313 55.653 6.307
56.553 53.374 7.563
55.107 51.176 4.761
51.351 51.248 3.921
51.200 47.769 5.586
52.673 49.333 8.782
50.133 52.195 8.666
47.235 49.735 8.043
48.450 47.607 10.974
48.454 50.753 13.192
44.881 51.601 12.072
43.792 47.952 12.796
45.206 48.204 16.362
43.802 51.732 16.881
40.268 50.438 15.982
40.625 47.436 18.346
41.906 49.654 21.233
39.084 52.200 20.548
36.479 49.398 20.571
37.932 48.183 23.927
37.624 51.801 25.224
33.914 51.693 24.235
33.319 48.354 26.005
34.968 49.606 29.255
33.105 52.988 29.331
29.904 52.438 27.314
31.047 55.138 24.832
30.083 54.847 21.146
33.059 54.387 18.771
32.711 56.398 15.531
35.028 55.903 12.534
35.302 58.907 10.147
37.210 58.826 6.851
39.227 62.044 6.231
40.159 61.488 2.562
42.252 63.725 0.254
40.096 66.413 -1.445
37.033 65.381 0.699
37.936 67.283 3.911
34.555 69.109 4.011
32.706 65.730 4.082
34.762 64.620 7.144
34.114 68.017 8.800
30.308 67.661 8.266
30.317 64.110 9.657
32.274 65.258 12.737
29.904 68.273 13.315
26.913 65.841 13.336
28.591 63.588 15.929
29.884 66.488 18.139
26.504 68.302 18.204
