19.896 22.025 212.472
18.327 25.337 213.494
15.899 24.968 216.396
13.452 27.809 216.809
12.534 29.116 220.230
8.975 27.679 220.148
10.254 24.220 219.139
12.670 24.213 222.103
9.790 25.322 224.348
7.570 22.524 222.959
10.174 19.789 223.208
11.080 20.579 226.877
7.361 20.751 227.766
6.686 17.261 226.340
9.409 15.783 228.577
8.526 17.746 231.755
5.119 16.081 231.999
6.331 12.454 231.298
6.906 9.671 233.838
10.022 8.090 232.236
9.240 4.753 233.897
5.666 4.644 232.425
6.564 5.935 228.938
9.552 3.602 228.724
7.543 0.546 229.829
4.631 1.300 227.485
6.748 2.264 224.426
9.120 -0.691 224.344
6.304 -3.079 225.237
4.290 -1.768 222.296
7.306 -2.023 219.936
7.885 -5.696 220.828
4.162 -6.449 220.540
3.517 -4.478 217.369
6.836 -5.384 215.703
7.766 -8.834 217.147
10.971 -9.414 215.190
12.549 -6.732 217.422
12.347 -9.310 220.276
15.439 -10.946 218.636
17.607 -8.348 220.396
15.914 -8.854 223.864
16.152 -12.626 224.500
17.771 -12.070 227.924
14.811 -10.034 229.214
12.669 -12.835 230.552
9.706 -14.410 228.906
8.310 -12.620 225.810
5.534 -15.223 225.258
2.639 -12.850 224.383
1.322 -9.306 224.733
0.226 -9.771 228.362
3.476 -11.416 229.609
5.580 -8.688 227.902
3.293 -6.018 229.402
3.863 -7.567 232.844
7.654 -8.151 232.454
9.745 -6.064 234.897
13.192 -6.104 233.118
11.454 -4.867 229.897
9.960 -1.934 231.894
13.419 -1.261 233.419
15.062 -1.141 230.015
12.237 1.091 228.792
13.246 3.606 231.441
16.866 3.452 230.290
15.717 4.485 226.792
13.784 7.486 228.082
16.903 8.656 229.945
18.897 8.098 226.737
16.461 10.517 225.075
17.125 13.069 227.896
20.817 13.201 226.844
19.371 14.836 223.639
16.735 17.045 225.411
19.653 18.354 227.494
21.962 18.762 224.418
19.761 19.678 221.422
22.559 21.213 219.284
25.150 18.448 219.764
22.905 15.449 219.098
25.211 13.521 216.631
28.226 13.547 218.990
26.192 12.957 222.177
24.901 9.618 220.686
28.176 8.460 219.030
29.037 5.992 221.847
25.479 4.609 221.612
25.489 4.496 217.765
28.624 2.342 217.924
26.971 0.074 220.581
23.642 -0.445 218.809
24.798 -1.116 215.261
27.910 -3.255 216.081
27.757 -4.968 219.511
23.949 -5.505 219.041
23.503 -5.397 215.188
20.115 -3.487 214.961
19.282 -2.124 211.450
18.501 1.621 211.036
14.774 0.930 210.438
14.111 -0.489 213.953
14.945 2.945 215.478
12.035 4.356 213.450
9.725 1.523 214.631
10.355 2.382 218.279
10.040 6.113 217.581
6.649 5.463 215.957
5.721 3.614 219.167
7.005 6.390 221.497
4.976 8.884 219.495
1.824 6.814 219.937
2.388 6.495 223.685
2.909 10.298 223.995
-0.038 11.095 221.752
-2.221 9.048 224.158
-0.873 10.617 227.449
-0.865 14.275 226.168
-4.398 13.868 224.662
-5.593 17.110 223.041
-2.378 18.956 224.057
-0.530 16.889 221.363
-1.302 19.529 218.707
-0.334 19.507 215.034
2.364 22.070 215.921
3.494 19.838 218.802
3.611 16.749 216.538
5.728 18.644 213.874
8.229 19.559 216.594
8.291 16.154 218.281
8.795 14.546 214.864
11.703 16.815 213.975
13.252 15.995 217.317
12.786 12.254 216.730
14.106 12.478 213.118
17.310 14.009 214.443
17.583 11.532 217.367
16.945 8.643 214.974
19.436 10.033 212.445
22.083 10.362 215.210
21.523 6.815 216.526
22.151 5.067 213.139
25.399 4.540 211.169
27.374 7.670 210.234
29.101 8.896 207.061
