-24.096 -19.624 8.454
-26.103 -22.939 8.706
-27.765 -23.008 12.241
-25.158 -22.113 14.878
-23.202 -19.259 13.190
-26.408 -17.838 11.716
-27.879 -17.335 15.300
-24.540 -16.465 17.008
-22.961 -13.868 14.642
-25.913 -11.367 14.405
-26.251 -11.542 18.237
-22.487 -10.706 18.632
-22.804 -7.889 16.037
-25.731 -6.318 17.975
-23.598 -6.283 21.159
-20.806 -4.522 19.208
-23.346 -1.895 18.056
-24.414 -1.186 21.668
-20.780 -0.636 22.662
-20.068 1.541 19.585
-23.122 3.811 20.338
-21.984 4.370 23.989
-25.208 2.820 25.248
-23.346 0.521 27.703
-19.667 -0.372 28.436
-17.937 -3.595 27.293
-17.852 -4.782 30.961
-21.582 -4.081 31.634
-22.794 -5.849 28.421
-20.759 -8.980 29.297
-21.871 -8.825 32.989
-25.534 -8.477 31.995
-25.352 -11.554 29.703
-23.474 -13.886 32.175
-25.711 -13.047 35.192
-29.079 -12.514 33.373
-28.871 -15.238 30.681
-26.424 -17.669 32.461
-24.096 -17.879 29.410
-20.508 -18.977 30.376
-19.147 -15.926 28.536
-20.464 -12.528 27.456
-20.605 -11.518 23.744
-17.579 -9.188 23.626
-15.312 -11.688 25.440
-16.709 -14.377 23.070
-16.065 -12.183 19.973
-12.421 -11.906 21.145
-12.173 -15.761 21.334
-13.809 -16.290 17.924
-11.416 -13.755 16.407
-12.571 -10.372 15.067
-11.248 -11.120 11.513
-13.214 -14.456 11.533
-16.364 -12.616 12.726
-16.005 -9.940 10.019
-15.659 -12.675 7.280
-18.837 -14.582 8.380
-20.724 -11.272 8.668
-19.653 -10.215 5.114
-20.855 -13.620 3.688
-24.174 -13.429 5.535
-24.791 -9.893 4.197
-23.925 -11.015 0.651
-26.370 -13.924 0.849
-29.317 -12.271 2.678
-28.890 -8.459 2.052
-30.328 -7.412 5.456
-28.273 -4.584 7.094
-28.197 -6.174 10.619
-26.009 -9.014 9.119
-23.373 -6.458 8.022
-20.256 -5.721 10.120
-20.517 -2.539 12.244
-17.967 0.267 11.726
-16.210 -0.334 15.126
-15.534 -3.980 14.114
-14.151 -2.799 10.725
-11.808 -0.247 12.420
-10.532 -2.919 14.932
-9.772 -5.473 12.132
-7.953 -2.762 10.131
-5.807 -1.878 13.245
-4.823 -5.579 13.776
-6.895 -5.732 17.029
-8.171 -9.285 16.338
-8.879 -10.468 19.928
-7.068 -13.157 22.087
-4.911 -14.309 19.144
-3.244 -10.847 18.589
-3.157 -9.682 22.260
-6.117 -7.349 22.058
-9.709 -6.783 20.911
-12.493 -5.695 23.303
-10.066 -6.663 26.162
-6.225 -6.841 26.661
-4.509 -10.315 26.791
