22.631 -3.238 0.134
19.040 -4.130 -0.731
18.497 -4.901 2.944
20.131 -1.665 4.076
17.927 0.330 1.701
14.939 -1.579 3.054
15.927 -0.688 6.631
16.690 2.952 5.825
13.435 3.093 3.914
11.657 1.917 7.059
13.399 4.735 8.920
11.958 7.326 6.550
8.535 5.717 7.031
8.810 6.028 10.822
10.249 9.515 10.372
7.118 10.292 8.349
9.343 11.265 5.441
7.681 8.971 2.942
8.848 10.947 -0.068
12.412 9.995 0.861
11.306 6.444 1.626
10.204 6.249 -2.004
13.775 6.945 -3.069
15.181 4.265 -0.750
12.630 1.652 -1.825
13.091 2.586 -5.487
16.798 1.826 -5.161
15.731 -1.586 -3.883
13.836 -2.013 -7.150
17.135 -1.581 -8.935
18.476 -4.588 -7.056
15.431 -6.827 -6.583
11.807 -6.519 -7.739
10.607 -9.788 -6.221
10.046 -8.155 -2.849
6.359 -7.355 -2.371
7.356 -5.713 0.927
9.039 -2.923 -1.033
5.964 -2.313 -3.173
3.477 -2.513 -0.301
5.499 -0.048 1.775
6.226 2.141 -1.249
2.485 2.236 -1.880
2.047 3.350 1.727
4.495 6.171 1.068
2.443 7.134 -1.985
-0.747 7.106 0.095
0.846 9.616 2.460
1.663 11.848 -0.509
-1.932 11.439 -1.712
-0.614 9.499 -4.704
-3.348 6.881 -4.678
-3.130 6.053 -8.383
0.565 5.330 -7.920
-0.029 3.366 -4.715
-2.699 1.281 -6.449
-0.193 0.158 -9.068
2.538 -0.572 -6.517
0.062 -2.716 -4.585
-0.711 -4.584 -7.810
3.006 -5.156 -8.364
3.090 -6.577 -4.843
0.195 -8.919 -5.628
1.972 -9.957 -8.824
4.696 -11.283 -6.540
2.452 -12.557 -3.756
-1.161 -13.367 -4.586
-2.640 -13.063 -1.134
-0.658 -10.242 0.425
-3.138 -8.582 2.777
-0.951 -5.463 2.977
-1.238 -5.088 -0.789
-5.017 -5.441 -0.818
-5.621 -3.155 2.149
-3.364 -0.377 0.884
-4.779 -0.717 -2.631
-8.250 -0.312 -1.124
-6.954 2.859 0.514
-5.648 3.971 -2.866
-8.941 3.205 -4.598
-10.863 5.002 -1.842
-8.754 8.102 -2.396
-9.505 7.913 -6.108
-13.218 7.635 -5.297
-13.134 4.046 -6.536
-15.318 2.667 -3.784
-16.563 -0.406 -5.619
-12.966 -1.275 -6.438
-11.808 -0.669 -2.866
-14.537 -2.917 -1.468
-13.207 -5.729 -3.656
-9.819 -5.450 -1.966
-11.296 -4.848 1.488
-13.546 -7.894 1.314
-10.505 -9.834 0.101
-8.672 -8.717 3.242
-11.643 -9.904 5.309
-11.349 -13.322 3.646
-7.619 -13.600 4.277
-7.439 -11.976 7.695
-10.778 -11.185 9.416
-8.776 -10.384 12.538
-7.835 -6.991 11.146
-9.994 -4.472 12.989
-8.798 -1.682 10.696
-10.280 -3.487 7.693
-13.601 -3.953 9.482
-13.782 -0.191 9.804
-12.829 0.366 6.176
-15.356 -1.802 4.334
-18.129 -0.245 6.417
-16.915 3.249 5.512
-16.248 2.676 1.821
-19.732 1.225 1.387
-21.223 4.470 2.713
-19.067 6.431 0.311
-20.254 4.145 -2.476
-23.837 4.705 -1.327
-23.215 8.426 -1.688
-23.240 10.383 -4.927
-20.332 12.526 -3.768
