222.789 312.566 263.057
222.911 312.673 259.178
224.451 310.407 256.596
227.313 312.627 257.207
227.715 313.678 253.648
231.026 314.035 251.905
230.317 316.806 249.433
229.915 319.956 251.625
228.111 321.550 248.680
224.369 321.892 249.032
222.394 318.945 247.639
220.574 319.468 244.333
217.079 320.595 243.480
214.735 317.657 243.934
216.367 316.506 247.155
213.775 317.469 249.736
211.034 315.325 248.233
213.098 312.117 248.222
214.689 312.713 251.589
212.149 311.239 254.057
212.112 307.875 252.329
215.875 307.712 251.764
216.343 308.463 255.422
213.695 305.842 256.127
215.546 303.271 254.031
218.713 304.341 255.808
217.092 303.840 259.193
216.096 300.346 258.092
219.708 299.567 257.212
220.909 300.689 260.635
218.351 298.349 262.186
219.619 295.412 260.153
223.254 296.057 261.083
222.458 295.550 264.761
220.138 292.541 264.601
221.708 289.986 266.960
222.322 286.646 265.294
220.562 283.965 267.309
218.451 281.665 265.160
219.809 283.291 262.065
222.401 281.104 260.358
225.907 282.184 259.496
224.960 283.127 255.936
221.402 284.145 256.786
222.442 287.070 258.945
223.813 289.026 255.983
220.680 288.624 253.915
219.002 291.868 255.120
221.989 293.949 253.998
221.813 292.846 250.367
218.048 293.220 250.370
217.972 296.793 251.664
220.881 297.694 249.390
218.753 296.380 246.536
215.825 298.384 247.840
217.641 301.714 248.060
219.149 301.263 244.630
215.807 300.269 243.088
214.222 303.362 244.630
216.544 305.809 242.870
216.366 303.650 239.751
212.579 303.859 239.666
212.603 307.634 240.013
215.056 308.378 237.233
214.214 305.855 234.528
210.578 304.936 235.061
208.914 307.863 236.798
211.453 310.416 235.436
211.138 312.469 238.628
214.845 313.230 239.241
217.379 315.176 237.190
220.907 314.051 236.290
222.281 316.300 239.014
220.163 314.813 241.786
220.642 311.279 240.473
224.408 311.446 240.376
224.404 313.070 243.790
222.654 310.025 245.242
225.151 307.706 243.591
228.130 309.669 244.905
226.712 309.952 248.406
226.207 306.225 248.610
222.461 305.886 248.280
222.466 303.914 245.041
224.811 301.367 243.520
226.240 302.462 240.196
227.161 298.889 239.288
223.841 297.329 240.203
221.981 299.990 238.231
224.262 299.243 235.294
223.197 295.599 235.319
219.493 296.414 235.543
219.760 298.158 232.198
220.942 294.940 230.575
218.368 292.775 228.858
217.969 289.746 231.047
219.505 291.118 234.227
216.628 293.194 235.537
215.641 291.920 238.961
219.178 291.048 239.973
219.717 290.985 243.725
223.422 291.188 244.093
226.527 291.527 242.144
227.650 288.297 243.821
224.868 286.255 242.306
226.275 286.821 238.787
229.927 286.611 239.752
231.471 283.470 238.341
234.626 283.734 240.400
232.624 283.214 243.579
231.432 279.696 242.745
233.070 276.283 242.622
232.487 275.502 238.979
232.764 278.971 237.519
229.106 279.666 237.083
226.273 281.823 238.332
224.068 280.956 241.253
220.849 279.026 240.790
219.207 282.235 241.876
219.774 283.222 238.226
218.111 280.174 236.671
214.688 280.826 235.102
212.043 279.227 237.303
210.453 277.415 234.383
213.668 275.491 233.807
213.695 273.904 237.265
210.273 272.392 236.406
209.388 271.013 239.836
208.510 273.900 242.147
211.516 273.343 244.407
211.967 276.174 246.864
215.318 277.922 246.695
217.136 280.437 248.827
220.437 281.581 247.369
223.160 281.333 249.977
224.815 284.630 249.048
221.691 286.624 248.860
218.587 284.907 250.115
217.047 285.386 246.712
214.329 283.223 245.271
214.704 283.546 241.549
215.799 286.870 240.064
215.261 285.810 236.523
