3.809 -32.369 -26.457
4.000 -35.421 -28.755
0.168 -35.947 -28.890
-2.626 -33.452 -29.725
-5.876 -35.460 -29.548
-8.629 -35.211 -26.860
-8.053 -38.725 -25.395
-4.332 -37.911 -24.717
-5.415 -35.116 -22.243
-7.192 -37.637 -19.961
-5.041 -38.371 -16.889
-3.806 -41.933 -16.274
-5.375 -41.822 -12.751
-8.854 -40.945 -14.163
-8.495 -43.804 -16.686
-7.237 -46.236 -13.972
-10.183 -45.567 -11.583
-12.653 -45.886 -14.498
-11.118 -49.251 -15.482
-11.562 -50.356 -11.846
-15.267 -49.250 -11.909
-15.680 -51.369 -15.064
-14.200 -54.406 -13.282
-16.299 -53.735 -10.119
-19.497 -53.512 -12.182
-19.232 -57.154 -13.341
-18.936 -58.596 -9.793
-21.957 -60.760 -8.833
-23.877 -58.631 -6.308
-21.996 -55.451 -7.392
-23.105 -52.353 -5.490
-22.979 -50.393 -8.792
-22.287 -51.034 -12.482
-21.074 -47.822 -14.197
-22.064 -49.111 -17.671
-20.117 -46.203 -19.311
-16.710 -46.947 -17.622
-15.666 -49.686 -20.063
-16.586 -47.788 -23.279
-14.937 -44.559 -21.985
-11.732 -46.457 -21.104
-11.808 -48.099 -24.540
-12.084 -44.619 -26.148
-9.111 -43.333 -24.075
-7.104 -46.110 -25.778
-4.349 -46.746 -23.202
-4.017 -50.472 -23.984
-3.297 -51.681 -20.372
-6.474 -50.001 -19.070
-8.580 -51.288 -22.026
-7.467 -54.862 -21.142
-8.209 -54.206 -17.444
-11.652 -52.614 -18.092
-12.717 -55.260 -20.686
-11.637 -58.264 -18.509
-9.055 -59.355 -21.154
-6.638 -58.915 -18.229
-8.058 -61.821 -16.213
-7.343 -61.622 -12.441
-7.592 -65.500 -12.353
-4.435 -65.580 -14.559
-2.445 -62.880 -12.650
0.213 -63.456 -9.959
-1.474 -63.441 -6.475
-0.175 -59.921 -5.545
-1.531 -58.463 -8.851
-4.866 -60.367 -8.684
-5.423 -59.331 -5.039
-4.403 -55.704 -5.778
-6.910 -55.459 -8.657
-9.778 -57.092 -6.685
-9.239 -54.842 -3.655
-9.011 -51.693 -5.866
-12.228 -52.736 -7.660
-13.926 -53.097 -4.215
-12.561 -49.611 -3.200
-14.129 -48.205 -6.391
-17.420 -50.111 -5.704
-17.748 -48.453 -2.268
-16.587 -45.022 -3.587
-18.961 -45.067 -6.595
-21.860 -46.215 -4.382
-21.043 -43.487 -1.819
-21.041 -40.584 -4.308
-24.046 -41.948 -6.266
-26.081 -42.175 -3.033
-24.864 -38.691 -1.996
-26.496 -37.207 -5.136
-29.638 -39.371 -4.961
-30.105 -38.338 -1.258
-29.496 -34.631 -2.138
-32.107 -34.591 -4.963
-34.540 -36.624 -2.791
-34.159 -33.706 -0.276
-35.197 -31.133 -2.966
-31.754 -30.017 -4.299
-31.999 -29.308 -8.054
-28.470 -27.992 -8.754
-25.419 -30.309 -8.706
-21.755 -29.622 -9.477
-19.184 -32.328 -10.289
-15.670 -30.831 -9.702
-12.858 -32.262 -11.913
-15.595 -34.417 -13.503
-13.100 -36.420 -15.670
-14.782 -39.713 -16.723
-17.680 -39.523 -14.164
-20.826 -40.745 -15.994
-23.430 -39.724 -13.342
-25.128 -37.190 -15.726
-25.766 -40.198 -18.043
-26.593 -43.033 -15.610
-28.289 -41.644 -12.428
-31.983 -40.757 -12.220
-32.275 -36.931 -11.732
-35.637 -35.279 -11.118
-37.051 -33.045 -13.902
-35.612 -29.538 -13.431
-32.246 -30.712 -12.069
-29.197 -29.058 -13.645
-25.857 -30.872 -13.335
-22.742 -28.744 -13.951
-19.418 -30.521 -14.680
-16.161 -28.600 -14.202
-12.849 -29.763 -15.726
-10.059 -28.746 -18.082
-11.435 -28.246 -21.597
-9.860 -31.262 -23.427
-11.182 -33.727 -20.778
-14.656 -32.053 -20.820
-14.713 -32.211 -24.649
-13.415 -35.833 -24.664
-16.158 -37.256 -22.484
-19.019 -35.273 -24.129
-18.011 -36.235 -27.685
-17.353 -39.882 -26.742
-20.692 -40.495 -25.032
-22.606 -38.590 -27.794
-20.955 -40.923 -30.357
-22.017 -44.010 -28.314
-25.651 -42.710 -28.388
-25.759 -42.235 -24.599
-27.884 -39.130 -24.014
-27.575 -37.383 -20.632
-30.374 -38.225 -18.096
-30.464 -34.561 -16.952
-29.917 -30.965 -18.099
-26.073 -31.173 -18.140
-23.832 -28.099 -18.559
-20.070 -28.245 -18.862
-17.688 -25.645 -17.545
-14.425 -26.027 -19.499
-12.060 -24.394 -16.976
-9.310 -26.159 -14.996
-9.966 -25.950 -11.208
-6.650 -23.998 -11.025
-8.272 -21.126 -13.107
-11.375 -18.910 -12.527
-14.006 -21.705 -12.703
-16.543 -19.868 -10.428
-16.955 -17.063 -13.018
-17.371 -19.676 -15.824
-19.857 -21.697 -13.661
-22.019 -18.498 -13.163
-21.802 -17.924 -17.001
-23.200 -21.473 -17.576
-26.320 -20.501 -15.518
-25.318 -21.657 -11.989
-27.622 -19.974 -9.419
-25.771 -19.207 -6.150
-29.130 -18.439 -4.375
-30.460 -22.077 -4.479
-29.046 -25.124 -2.662
-26.221 -26.980 -4.463
-24.927 -30.564 -4.135
-21.128 -30.536 -4.844
-18.727 -33.475 -5.223
-14.921 -33.493 -5.393
-14.172 -37.222 -5.886
-10.585 -38.524 -6.161
-9.143 -34.959 -6.004
-8.196 -33.561 -2.503
-5.236 -35.986 -1.919
-3.568 -34.683 -5.100
-3.906 -31.023 -3.902
-1.443 -28.920 -1.897
-2.714 -27.588 1.482
-3.156 -24.162 -0.212
-5.057 -25.588 -3.248
-7.361 -27.593 -0.923
-8.238 -24.519 1.210
-8.831 -22.422 -1.990
-11.252 -25.012 -3.448
-13.177 -25.244 -0.123
-13.349 -21.370 -0.000
-14.776 -21.381 -3.588
-17.413 -24.040 -2.764
-18.416 -22.196 0.436
-18.629 -18.778 -1.345
-21.070 -20.211 -3.971
-23.195 -22.214 -1.431
-26.356 -21.214 0.466
-27.374 -22.982 3.711
-28.682 -26.502 3.049
-26.093 -26.971 0.293
-24.203 -30.293 0.505
-20.655 -31.412 -0.383
-19.046 -34.858 -0.550
-15.297 -35.553 -0.772
-12.531 -37.757 0.715
-9.997 -37.211 3.483
-6.809 -39.279 2.949
-6.090 -39.221 6.695
-2.896 -41.375 6.514
-0.998 -39.418 3.794
1.374 -37.555 6.127
5.062 -37.463 7.143
4.535 -40.165 9.852
3.465 -42.796 7.251
5.388 -41.370 4.214
8.063 -44.099 3.953
5.545 -46.934 4.482
3.122 -45.528 1.865
5.980 -44.733 -0.583
6.965 -48.475 -0.193
3.413 -49.539 -1.104
3.419 -47.133 -4.072
6.847 -48.390 -5.334
5.681 -52.054 -5.139
2.511 -51.074 -7.031
4.557 -49.122 -9.640
6.593 -52.273 -10.254
3.416 -54.363 -10.840
2.187 -51.710 -13.343
5.579 -51.726 -15.197
5.211 -55.539 -15.723
2.018 -54.771 -17.753
3.507 -51.824 -19.675
2.274 -48.896 -17.533
4.601 -46.290 -15.955
2.611 -44.785 -13.036
4.366 -43.844 -9.721
1.590 -42.537 -7.354
4.319 -41.260 -4.909
4.941 -38.136 -7.064
1.220 -37.251 -7.228
0.272 -37.051 -3.473
1.291 -34.344 -0.930
2.775 -35.758 2.334
3.012 -32.272 3.945
0.990 -30.573 6.693
-2.561 -29.306 5.977
-5.792 -28.362 7.749
-8.003 -31.492 7.789
-10.809 -30.661 5.282
-13.326 -31.464 8.049
-11.826 -28.751 10.298
-11.760 -26.282 7.364
-15.441 -27.020 6.510
-16.519 -26.797 10.211
-14.740 -23.382 10.491
-16.716 -22.202 7.357
-20.110 -23.300 8.926
-20.523 -26.879 7.524
-21.656 -29.929 9.569
-19.717 -33.064 8.456
-20.203 -36.856 8.637
-17.200 -39.239 8.141
-17.602 -42.814 6.798
-14.421 -44.876 6.852
-13.452 -47.321 4.081
-13.096 -49.910 6.903
-16.722 -49.422 8.051
-18.231 -49.210 4.507
-16.466 -52.443 3.430
-17.793 -54.206 6.575
-21.346 -52.822 6.035
-21.301 -54.139 2.425
-19.763 -57.555 3.311
-16.532 -56.892 1.275
-12.983 -57.935 2.233
-10.953 -55.508 4.381
-8.487 -53.158 2.610
-5.446 -52.604 4.838
-1.675 -52.888 4.999
-0.155 -53.352 1.540
-3.574 -53.319 -0.230
-4.116 -49.664 0.900
-1.426 -47.651 -0.971
-3.029 -44.372 0.227
-3.843 -45.770 3.725
-7.387 -45.424 5.127
-9.722 -43.289 2.934
-12.423 -41.358 4.875
-15.539 -40.454 2.829
-17.030 -37.114 3.998
-20.487 -35.588 3.464
-21.112 -32.018 4.648
-24.172 -29.703 4.927
-23.837 -25.885 5.158
-25.585 -24.505 8.303
