-14.079 36.731 -16.088
-16.533 37.348 -13.237
-16.620 33.965 -11.501
-19.684 32.587 -9.698
-19.441 32.449 -5.888
-20.952 29.972 -3.405
-23.499 32.764 -2.635
-24.724 32.939 -6.332
-25.696 29.264 -6.968
-29.533 29.640 -6.756
-29.802 30.817 -10.444
-32.887 29.790 -12.413
-31.545 28.099 -15.584
-34.891 26.772 -16.938
-35.692 29.900 -19.036
-32.137 30.245 -20.462
-31.241 29.124 -23.982
-28.100 27.064 -24.807
-26.079 30.239 -25.508
-26.922 31.883 -22.140
-26.211 28.629 -20.253
-22.654 28.554 -21.685
-22.024 31.968 -20.053
-22.937 30.376 -16.707
-20.754 27.289 -17.490
-17.831 29.558 -18.386
-18.245 31.631 -15.186
-18.066 28.580 -12.924
-14.617 28.543 -11.266
-13.387 25.213 -12.583
-10.634 22.845 -11.565
-9.875 20.307 -14.299
-7.796 17.233 -13.378
-7.890 15.022 -16.493
-6.859 16.564 -19.783
-4.098 15.476 -22.142
-1.927 18.432 -23.151
-0.724 16.320 -26.146
-4.112 16.905 -27.816
-5.188 20.108 -26.083
-5.418 22.286 -29.206
-8.172 24.208 -31.001
-9.187 23.161 -34.527
-7.429 26.261 -35.941
-4.191 25.500 -34.117
-4.293 21.956 -35.509
-4.976 23.070 -39.102
-2.306 25.785 -38.714
0.309 23.155 -37.830
-0.748 20.739 -40.599
-0.529 23.598 -43.162
2.652 25.328 -41.841
4.646 22.036 -41.926
2.968 20.887 -45.164
1.912 17.546 -43.608
-1.275 16.996 -45.737
-1.005 19.103 -48.942
-3.560 16.931 -50.867
-6.196 16.798 -48.066
-8.889 19.372 -47.479
-9.590 20.677 -43.978
-12.633 18.363 -43.560
-10.450 15.401 -44.627
-7.686 16.461 -42.188
-10.316 16.340 -39.432
-11.733 12.861 -40.369
-8.215 11.452 -40.640
-6.556 12.786 -37.428
-9.309 13.659 -34.945
-12.103 11.761 -33.163
-15.044 14.128 -33.359
-17.731 11.442 -34.061
-18.774 8.382 -31.960
-16.278 5.456 -32.265
-16.107 1.744 -31.377
-13.817 1.594 -28.343
-10.921 2.883 -26.278
-8.669 0.632 -28.308
-9.736 2.282 -31.585
-9.163 5.742 -30.070
-5.672 4.875 -28.827
-4.596 3.358 -32.220
-6.054 6.278 -34.283
-4.388 8.837 -31.988
-0.988 7.577 -33.198
-1.337 9.312 -36.579
-1.569 12.942 -35.367
1.886 12.480 -33.857
2.817 13.777 -37.359
2.448 17.245 -35.809
5.186 16.803 -33.116
7.825 17.881 -35.586
10.015 20.251 -33.553
10.234 21.863 -30.070
8.503 25.096 -31.171
5.295 23.210 -32.030
5.478 21.699 -28.533
6.079 25.010 -26.724
3.239 26.733 -28.619
0.892 23.820 -27.943
1.490 24.178 -24.208
1.126 27.977 -24.136
-2.085 28.042 -26.186
-3.618 25.221 -24.132
-3.299 27.406 -21.011
-4.930 30.388 -22.817
-7.821 28.254 -24.072
-8.453 26.900 -20.544
-8.349 30.353 -18.947
-10.986 31.566 -21.497
-13.221 28.605 -20.537
-13.096 29.778 -16.884
-10.589 27.283 -15.440
-8.596 28.502 -12.391
-6.651 25.326 -11.450
-5.622 23.186 -14.418
-3.777 19.874 -14.246
-2.289 18.912 -17.609
-0.770 15.556 -18.408
1.502 14.594 -21.246
3.154 11.505 -22.607
6.854 11.873 -23.545
6.760 8.704 -25.660
3.621 9.823 -27.544
5.194 13.119 -28.475
8.726 11.789 -29.195
8.487 8.661 -31.302
7.146 9.970 -34.649
9.922 12.470 -35.410
12.451 11.005 -32.985
12.412 14.090 -30.707
14.409 14.167 -27.478
12.111 13.611 -24.424
13.977 16.107 -22.207
13.884 18.768 -24.920
10.126 18.124 -25.259
9.821 18.514 -21.502
11.812 21.755 -21.606
9.515 23.086 -24.360
6.383 22.067 -22.443
7.534 23.691 -19.186
8.451 26.963 -21.003
5.086 27.161 -22.794
3.014 26.580 -19.651
5.037 29.069 -17.590
5.013 31.546 -20.497
1.212 31.502 -20.503
0.693 31.524 -16.732
2.942 34.611 -16.293
1.310 36.371 -19.264
-2.085 35.699 -17.605
-0.723 37.241 -14.330
-1.222 33.903 -12.562
-5.037 34.108 -13.018
-4.914 30.388 -13.873
-2.603 27.966 -11.982
-1.144 24.904 -13.750
0.021 21.561 -12.397
1.750 19.001 -14.608
1.499 15.196 -14.698
3.637 12.595 -16.523
1.676 10.017 -18.477
4.391 7.291 -18.595
4.425 4.798 -21.520
6.871 3.619 -24.251
5.293 0.142 -23.834
4.480 -2.447 -21.176
7.915 -4.088 -21.069
9.516 -3.790 -17.635
12.411 -1.839 -19.173
10.118 0.672 -20.967
7.904 1.192 -17.883
11.012 1.613 -15.649
12.414 4.233 -18.064
9.084 6.049 -18.130
8.953 6.203 -14.311
12.603 7.314 -14.259
11.805 10.151 -16.666
9.051 11.370 -14.296
11.227 10.993 -11.141
14.068 12.816 -12.894
11.654 15.712 -13.626
9.782 15.606 -10.267
10.424 19.305 -9.682
7.860 19.855 -12.507
5.707 16.678 -12.242
3.198 16.631 -9.336
1.808 13.276 -10.454
2.152 10.150 -12.519
-0.340 8.454 -14.866
-0.762 5.437 -17.115
-2.976 5.762 -20.243
-3.145 4.167 -23.730
-4.643 0.678 -23.889
-5.968 -0.204 -20.415
-3.888 -2.571 -18.295
-3.957 -4.196 -14.864
-0.680 -2.597 -13.580
0.029 -5.354 -10.951
3.316 -6.444 -12.680
4.706 -2.887 -12.162
3.907 -2.428 -8.421
7.698 -2.209 -7.751
7.987 0.746 -10.166
4.938 2.593 -8.763
6.172 2.073 -5.160
9.314 3.849 -6.315
7.337 6.802 -7.653
5.471 7.307 -4.349
8.759 6.832 -2.426
9.975 9.745 -4.526
6.995 11.943 -3.355
4.890 11.757 -6.517
1.165 11.095 -6.388
-0.442 8.555 -8.667
-3.550 8.842 -10.789
-3.880 6.100 -13.427
-6.451 5.330 -16.101
-8.521 2.411 -14.821
-12.127 1.218 -14.988
-12.797 2.983 -18.276
-12.764 0.309 -20.970
-16.075 -1.597 -20.754
-14.866 -4.442 -23.061
-12.716 -5.933 -20.252
-14.446 -8.925 -18.564
-13.266 -8.031 -14.999
-12.562 -5.025 -12.698
-8.950 -5.983 -11.889
-7.264 -2.791 -13.067
-9.391 -0.986 -10.423
-8.445 -3.280 -7.510
-4.784 -2.918 -8.497
-4.991 0.884 -8.771
-6.609 1.142 -5.332
-4.888 -1.580 -3.260
-1.458 -1.985 -4.881
-0.738 1.407 -6.489
-2.339 3.457 -3.664
-3.772 5.928 -6.146
-5.097 9.236 -4.841
-7.315 9.614 -7.916
-8.444 7.387 -10.791
-8.706 8.459 -14.423
-12.342 7.748 -15.397
-13.036 4.858 -12.946
-16.653 4.739 -14.128
-16.766 0.943 -13.734
-16.589 1.451 -9.972
-20.365 1.779 -10.500
-20.549 -1.977 -11.320
-19.313 -3.044 -7.853
-20.677 -2.200 -4.361
-17.335 -3.429 -2.956
-15.362 -0.906 -5.103
-17.844 1.920 -4.368
-17.114 1.357 -0.636
-13.384 0.963 -1.206
-12.939 4.301 -3.073
-14.993 6.177 -0.445
-13.109 4.518 2.434
-9.824 5.728 0.827
-11.267 9.098 -0.203
-10.246 8.468 -3.824
-11.637 10.877 -6.427
-12.830 9.723 -9.869
-11.697 11.895 -12.815
-14.902 11.508 -14.806
-14.816 12.432 -18.553
-18.468 12.367 -19.678
-18.087 13.099 -23.441
-14.985 10.883 -23.792
-17.011 7.925 -22.432
-19.774 8.493 -25.058
-17.439 8.966 -28.016
-15.257 5.968 -27.013
-18.380 3.866 -26.470
-17.851 3.172 -22.734
-21.466 4.161 -21.834
-24.636 3.706 -23.953
-25.572 7.412 -23.827
-25.147 10.479 -21.646
-28.596 9.637 -20.111
-27.202 6.374 -18.748
-23.756 7.689 -17.682
-22.727 6.201 -14.251
-21.486 9.564 -12.835
-25.056 10.194 -11.625
-25.316 7.002 -9.573
-21.676 7.447 -8.387
-22.282 11.016 -7.211
-25.575 9.920 -5.562
-23.743 7.062 -3.802
-21.206 9.506 -2.212
-18.260 8.863 -4.552
-16.175 11.995 -5.130
-16.065 12.763 -8.842
-14.906 15.719 -10.945
-15.726 16.833 -14.496
-13.070 16.702 -17.267
-12.621 16.981 -21.058
-9.921 14.299 -21.570
-8.906 14.851 -25.265
-10.554 18.103 -26.343
-8.523 18.605 -29.519
-9.507 15.148 -30.789
-13.152 15.351 -29.666
-13.792 18.958 -30.803
-15.403 19.520 -27.401
-14.250 21.610 -24.464
-14.701 21.514 -20.670
-17.879 23.672 -20.719
-19.468 21.240 -23.250
-19.133 18.474 -20.649
-20.947 20.694 -18.157
-23.723 21.345 -20.697
-24.151 17.585 -21.266
-24.263 16.840 -17.545
-26.913 19.562 -16.980
-29.110 18.764 -19.960
-29.027 14.971 -19.799
-28.330 14.213 -16.082
-29.782 17.250 -14.245
-26.691 18.224 -12.288
-27.241 21.624 -10.603
-24.883 24.558 -10.279
-24.456 23.603 -6.622
-23.457 20.067 -7.711
-20.976 21.522 -10.183
-19.478 23.803 -7.481
-19.156 20.857 -5.078
-17.253 18.813 -7.680
-14.853 21.656 -8.496
-14.224 22.085 -4.736
-13.442 18.324 -4.657
-11.189 18.739 -7.732
-9.200 21.541 -6.033
-8.915 19.654 -2.725
-7.759 16.472 -4.467
-5.369 18.399 -6.776
-1.675 17.441 -6.678
-0.398 21.053 -6.754
1.082 22.951 -3.786
-1.335 22.848 -0.802
-1.300 26.699 -0.464
-2.412 27.276 -4.055
-5.378 25.016 -3.284
-6.279 26.764 -0.013
-6.014 30.217 -1.575
-8.211 29.155 -4.529
-10.696 27.569 -2.112
-11.139 30.732 -0.048
-10.985 32.994 -3.164
-14.079 31.302 -4.779
-15.605 28.449 -2.765
