237.033 157.446 299.880
239.669 154.897 300.981
237.248 153.838 303.733
233.588 154.757 303.484
232.208 154.598 307.027
234.272 157.623 308.100
231.954 159.640 305.847
228.933 160.534 307.995
216.299 170.087 313.099
214.905 169.749 316.643
211.082 169.476 316.564
209.165 172.703 317.094
209.597 176.452 316.857
208.588 179.459 318.896
205.764 181.746 317.789
205.468 185.354 318.930
201.996 185.738 320.448
201.015 189.182 321.720
197.510 188.411 323.027
195.508 185.461 324.272
194.069 183.029 321.761
190.708 183.599 320.106
187.848 181.178 319.443
186.286 180.241 316.157
182.651 179.245 315.595
181.962 175.539 315.236
178.897 173.360 314.802
177.761 169.811 315.448
179.659 166.957 313.842
178.238 163.499 313.241
180.569 161.116 311.395
183.020 158.335 312.166
186.720 157.970 312.947
187.243 161.630 313.842
187.540 161.903 317.599
189.326 164.871 319.196
188.127 163.773 322.625
189.947 160.451 322.922
193.535 160.987 324.035
196.372 158.796 325.279
197.983 160.119 328.448
200.550 157.334 328.353
202.432 158.910 325.448
203.594 161.687 327.759
201.980 164.365 325.597
199.219 166.512 327.021
195.753 166.576 325.495
195.568 168.583 322.285
191.763 168.671 322.463
190.602 172.268 322.009
187.355 174.134 322.625
186.198 174.301 319.013
186.347 170.524 318.626
184.564 169.452 321.804
181.344 171.506 321.682
179.789 174.354 319.724
181.446 177.707 320.353
180.863 181.238 319.152
183.318 183.614 317.505
185.288 185.290 320.289
188.133 187.700 319.579
190.110 187.816 322.807
191.777 191.077 323.827
193.109 189.866 327.186
196.801 190.548 327.603
199.339 187.782 328.137
202.226 190.075 329.073
202.109 189.990 332.864
202.975 186.273 332.976
206.416 186.459 331.387
209.217 185.282 333.631
210.821 188.684 333.253
207.829 190.430 334.840
207.396 187.616 337.354
210.743 188.256 339.067
210.648 192.040 338.610
209.294 192.257 342.164
211.753 192.883 344.985
212.004 190.635 348.031
213.890 190.259 351.289
216.899 187.977 350.872
218.621 188.644 354.181
218.704 190.685 357.354
221.872 191.351 359.340
222.067 192.534 362.943
224.815 194.981 363.894
225.547 196.079 367.458
228.502 198.458 367.635
228.441 198.945 371.404
228.374 195.371 372.658
231.783 194.216 373.946
234.278 194.579 371.100
232.480 193.382 367.946
232.097 196.477 365.790
231.226 194.906 362.441
228.633 192.579 360.977
229.152 190.012 358.250
226.560 188.305 356.065
227.475 185.557 353.613
225.376 186.125 350.533
222.662 183.519 350.123
219.246 184.302 348.687
217.953 180.996 350.060
217.934 182.661 353.474
214.182 182.357 353.770
211.035 181.502 352.104
208.951 183.544 349.706
211.669 184.439 347.225
213.347 181.056 347.643
210.162 179.201 346.752
209.816 181.230 343.552
213.361 180.751 342.311
213.264 177.009 343.001
210.669 176.288 340.330
213.492 176.489 337.779
216.724 174.500 337.835
218.839 177.091 336.020
218.586 180.863 336.164
220.807 183.520 334.614
220.099 187.110 335.568
221.320 190.410 336.915
220.344 191.740 340.296
219.678 194.974 342.112
220.245 195.180 345.859
218.590 197.690 348.171
219.680 198.194 351.777
217.083 199.393 354.281
218.815 200.101 357.583
217.302 201.300 360.846
217.540 201.080 364.623
216.001 198.281 366.645
213.464 200.946 367.658
212.820 201.819 364.011
214.100 205.364 364.481
216.691 206.939 362.190
219.765 208.822 363.382
222.426 210.685 361.408
225.159 208.036 361.559
227.218 207.058 358.541
227.476 203.392 357.596
229.781 201.470 355.287
228.669 198.524 353.165
231.633 196.665 351.698
231.272 193.716 349.344
233.887 191.006 349.794
234.275 188.754 346.746
235.315 185.124 347.261
238.889 184.952 348.485
239.154 188.519 349.718
240.175 188.824 353.388
237.264 189.528 355.710
237.292 192.420 358.190
238.757 191.311 361.508
237.590 194.392 363.407
236.188 197.873 363.118
239.653 199.434 362.771
241.027 196.803 360.385
242.888 197.852 357.261
240.426 195.703 355.327
238.152 198.734 355.121
240.499 200.876 353.022
238.739 199.402 349.957
241.242 200.130 347.234
239.604 197.266 345.317
236.521 195.928 347.098
233.565 198.143 346.116
231.967 200.008 349.003
228.908 202.110 349.727
229.073 204.991 352.192
225.617 206.244 353.119
224.225 208.081 356.101
221.473 206.346 358.012
218.878 209.097 357.558
219.243 209.160 353.775
217.133 207.167 351.313
218.063 203.491 350.987
221.172 202.529 349.049
220.712 200.726 345.755
223.201 199.135 343.353
223.174 196.936 340.267
224.971 193.603 340.168
225.943 191.662 337.042
225.884 187.904 336.546
228.994 186.819 338.429
228.846 183.028 338.279
231.912 181.236 336.891
229.430 178.983 335.080
226.862 179.988 332.461
223.895 179.837 334.830
223.077 179.748 338.496
221.700 176.395 339.561
219.573 175.935 342.636
219.932 172.145 342.701
223.298 170.436 342.336
223.316 166.656 342.659
226.931 165.799 343.251
229.917 166.696 345.342
232.259 169.675 344.988
235.382 167.537 345.438
236.749 164.085 344.749
237.560 161.517 347.410
235.749 159.505 350.033
232.181 160.343 351.028
231.214 158.981 354.450
227.732 157.623 355.017
227.559 159.227 358.473
228.023 162.972 357.810
227.620 163.920 354.141
227.416 167.666 354.755
229.606 168.204 351.686
226.777 166.833 349.524
224.492 169.103 347.540
226.696 172.195 347.695
227.448 173.964 344.421
230.531 176.206 344.569
229.377 178.175 341.535
226.712 179.797 343.723
229.135 181.217 346.302
229.384 184.961 345.726
231.319 185.783 348.866
230.506 188.052 351.758
228.780 191.350 352.505
230.152 193.304 355.459
228.909 196.389 357.280
230.251 198.703 359.973
229.662 202.221 361.254
232.448 204.682 360.562
234.031 206.245 363.643
237.171 205.704 365.661
235.272 205.309 368.944
232.689 202.575 369.316
229.156 203.940 369.188
226.542 202.474 371.501
223.571 201.462 369.375
221.805 198.442 367.941
221.086 198.297 364.254
219.409 196.033 361.719
219.914 195.968 357.947
217.328 194.439 355.629
218.460 193.537 352.123
216.007 193.529 349.222
216.819 192.464 345.684
215.097 192.954 342.411
215.992 190.279 339.904
216.216 191.536 336.343
217.223 190.448 332.849
216.240 186.936 333.865
216.356 183.679 331.915
215.105 180.333 333.182
215.567 176.719 332.097
214.064 173.268 332.729
211.240 174.169 335.131
210.377 171.927 338.017
207.727 171.552 340.740
207.243 173.877 343.676
208.180 173.000 347.242
205.294 171.167 348.920
206.815 170.917 352.383
208.048 173.518 354.885
211.753 174.286 354.598
213.758 173.045 357.572
217.230 174.214 356.486
218.767 177.007 354.461
221.083 175.131 352.087
219.391 171.724 352.122
215.992 170.487 350.906
215.276 168.571 354.099
211.795 167.825 355.391
210.411 165.938 358.378
208.958 162.632 357.216
206.513 162.177 360.095
204.764 165.499 359.417
204.223 165.087 355.653
201.548 167.622 354.891
199.633 166.008 351.991
199.303 169.218 350.033
195.522 169.459 349.684
192.747 170.037 352.172
190.960 167.166 353.850
187.387 166.490 352.875
184.323 164.414 353.743
184.471 161.243 351.644
184.184 161.975 347.927
181.129 162.737 345.761
180.194 165.711 347.886
181.934 168.925 346.866
181.946 171.331 349.812
