10.730 -3.631 9.355
7.139 -2.543 9.589
5.948 -3.933 12.941
2.264 -4.239 13.785
0.126 -6.563 15.888
-2.357 -9.209 14.714
-4.596 -11.193 17.041
-6.273 -14.396 15.859
-8.840 -16.882 17.227
-8.299 -20.579 16.447
-10.911 -22.313 14.236
-12.826 -25.560 14.840
-10.450 -28.406 14.036
-7.531 -26.921 12.126
-6.082 -24.156 14.303
-4.440 -20.894 13.198
-4.318 -22.056 9.615
-0.818 -20.954 8.667
2.563 -22.623 8.068
5.817 -22.032 9.894
9.365 -22.277 8.499
12.813 -20.775 9.041
15.190 -19.019 6.631
17.504 -21.375 4.730
20.485 -19.372 6.014
19.774 -16.894 8.788
17.861 -16.952 12.022
14.215 -16.009 12.377
10.925 -17.733 11.751
8.387 -16.699 9.135
4.994 -17.465 7.629
5.231 -19.906 4.734
1.740 -20.802 3.451
-1.741 -19.512 4.450
-4.424 -22.227 4.354
-7.340 -20.935 2.255
-10.305 -21.228 4.540
-8.004 -20.710 7.485
-8.423 -18.601 10.556
-5.438 -16.525 9.457
-6.825 -16.222 5.933
-10.168 -14.733 6.892
-8.311 -12.172 8.962
-6.404 -11.411 5.753
-3.698 -9.167 7.190
-0.829 -11.710 7.142
0.992 -12.694 3.917
3.806 -15.059 2.957
7.186 -14.024 4.305
5.888 -12.251 7.425
8.184 -12.687 10.442
6.665 -13.838 13.711
8.442 -11.510 16.116
6.621 -12.539 19.288
3.731 -14.734 20.373
1.821 -13.493 23.454
4.699 -11.224 24.460
7.592 -13.706 24.309
10.154 -12.627 21.678
10.779 -15.262 18.986
13.406 -13.335 16.974
16.205 -15.819 17.619
13.965 -18.832 18.239
13.966 -22.207 16.531
11.382 -23.474 14.103
10.541 -26.175 16.662
10.145 -23.465 19.317
7.561 -21.326 17.515
5.830 -24.413 16.128
5.455 -25.782 19.648
4.242 -22.517 21.134
1.722 -21.852 18.384
0.369 -25.397 18.264
-0.111 -25.713 22.038
-1.645 -22.229 22.516
-5.341 -22.459 23.376
-7.374 -19.289 22.976
-6.668 -15.957 21.334
-3.137 -15.664 19.975
-1.534 -12.230 20.088
1.139 -12.020 17.393
3.672 -9.358 16.573
4.593 -9.360 12.880
7.629 -7.921 11.097
7.389 -7.179 7.365
9.796 -5.725 4.813
9.399 -2.244 3.298
