60.128 -23.578 -5.177
62.780 -23.148 -2.405
59.858 -22.008 -0.096
58.471 -25.600 -0.353
61.993 -27.055 0.315
62.821 -24.660 3.271
59.401 -25.132 5.066
58.908 -28.940 4.630
60.831 -32.189 5.313
58.676 -35.363 4.809
61.760 -37.436 5.940
61.395 -36.177 9.590
59.873 -38.871 11.912
57.037 -37.859 14.312
58.478 -40.252 16.984
61.837 -38.352 16.851
60.174 -34.854 16.855
58.293 -35.932 20.069
61.448 -37.568 21.623
63.458 -34.305 21.055
60.986 -32.349 23.308
61.853 -29.329 21.080
58.644 -29.109 18.977
54.936 -28.297 19.354
53.141 -30.453 16.736
49.763 -29.617 15.141
47.689 -31.869 12.832
45.219 -30.242 10.377
42.516 -31.071 7.837
43.852 -28.949 4.900
42.601 -28.678 1.236
44.482 -26.370 -1.207
42.705 -24.068 -3.752
42.414 -25.711 -7.259
45.825 -25.665 -9.058
48.012 -25.544 -5.872
50.002 -28.737 -5.105
49.496 -30.153 -1.552
53.165 -29.932 -0.382
53.692 -26.326 -1.801
50.446 -25.044 -0.100
51.449 -26.868 3.179
55.038 -25.416 3.179
53.422 -21.967 2.485
51.108 -22.548 5.571
54.169 -23.480 7.736
55.863 -20.224 6.516
52.756 -18.060 7.270
52.542 -19.865 10.695
56.201 -18.973 11.662
59.026 -17.014 9.905
57.171 -15.951 6.658
60.367 -16.267 4.427
66.289 -22.123 12.854
62.725 -21.322 14.131
60.975 -22.229 10.804
57.858 -24.389 11.256
58.166 -27.631 9.138
55.553 -29.708 7.257
56.800 -33.234 8.347
53.700 -35.237 7.134
51.099 -34.856 4.321
48.351 -37.231 3.157
47.110 -35.468 -0.045
44.253 -38.043 -0.283
43.167 -37.692 3.394
43.574 -33.836 3.228
45.884 -34.246 6.295
48.912 -31.937 6.985
51.208 -32.120 10.110
53.531 -29.217 11.146
56.421 -29.119 13.677
56.747 -25.730 15.533
60.093 -25.156 17.327
59.221 -24.239 20.962
61.242 -20.937 20.830
58.627 -19.492 18.387
56.105 -19.224 21.304
55.833 -15.927 23.288
56.776 -15.849 27.047
55.556 -13.413 29.800
58.214 -10.830 30.823
56.674 -10.852 34.423
56.982 -14.610 35.278
58.544 -16.630 32.374
55.276 -18.471 31.683
53.518 -19.384 28.384
50.507 -17.648 26.802
47.844 -19.427 24.757
47.475 -16.154 22.726
50.932 -16.975 21.111
50.055 -20.682 20.444
46.782 -19.527 18.710
48.351 -16.686 16.624
51.143 -18.972 15.209
49.278 -22.314 14.732
45.767 -21.014 13.747
46.297 -17.241 13.220
47.405 -15.655 9.889
47.192 -19.179 8.298
43.308 -18.882 8.352
43.250 -15.977 5.820
45.581 -17.457 3.088
44.247 -17.181 -0.515
45.907 -20.439 -1.767
44.097 -22.542 0.943
40.391 -23.476 0.565
40.292 -24.472 4.303
42.515 -25.637 7.211
41.251 -26.883 10.615
43.396 -27.982 13.608
42.341 -31.526 14.725
45.029 -32.094 17.459
48.291 -30.750 18.887
51.175 -32.001 21.031
53.028 -29.899 23.576
56.375 -31.217 24.832
57.112 -31.190 28.592
59.472 -28.123 28.764
56.722 -25.964 27.125
53.564 -27.594 28.578
54.845 -26.977 32.163
54.957 -23.210 31.440
51.077 -23.118 31.341
49.085 -22.259 34.568
