-1.300 -3.738 -5.897
-5.002 -3.130 -6.523
-7.552 -5.949 -6.652
-8.947 -5.772 -10.187
-11.079 -8.358 -11.984
-10.555 -10.287 -15.219
-13.284 -8.142 -16.773
-10.850 -5.221 -16.843
-7.867 -7.342 -17.874
-9.886 -8.211 -20.978
-11.718 -4.907 -21.303
-15.130 -6.568 -21.188
-18.236 -5.670 -19.142
-19.674 -7.694 -16.260
-22.417 -8.899 -18.605
-20.137 -9.668 -21.550
-20.574 -12.972 -23.383
-18.121 -15.807 -24.023
-18.151 -14.698 -27.662
-17.512 -11.007 -27.000
-14.636 -12.008 -24.721
-12.929 -13.836 -27.587
-12.760 -10.626 -29.622
-11.617 -8.457 -26.715
-9.021 -11.091 -25.828
-7.608 -11.102 -29.358
-7.573 -7.327 -29.819
-5.770 -7.024 -26.483
-3.172 -9.663 -27.351
-2.199 -7.667 -30.439
-1.383 -4.796 -28.080
0.969 -6.888 -25.945
2.354 -8.787 -28.936
6.092 -9.538 -29.274
6.172 -7.182 -32.258
5.695 -4.195 -29.952
8.020 -5.530 -27.255
10.913 -3.902 -29.112
10.750 -1.025 -26.629
8.736 -2.839 -23.961
10.407 -5.977 -22.544
7.755 -5.968 -19.817
4.836 -6.155 -22.249
5.475 -9.895 -22.517
4.575 -10.319 -18.845
1.331 -8.402 -19.361
0.467 -10.455 -22.445
0.310 -13.517 -20.192
-2.251 -11.834 -17.940
-4.614 -11.742 -20.919
-4.615 -15.522 -21.343
-4.900 -15.976 -17.578
-8.033 -13.847 -17.233
-9.428 -14.983 -20.583
-9.172 -18.564 -19.328
-11.775 -17.975 -16.617
-13.889 -15.616 -18.722
-13.730 -18.233 -21.478
-16.414 -20.185 -19.621
-19.607 -18.860 -18.034
-19.099 -21.303 -15.162
-15.526 -20.181 -14.503
-16.454 -16.515 -14.910
-19.497 -16.807 -12.644
-17.648 -18.923 -10.081
-14.852 -16.351 -9.923
-17.362 -13.528 -9.481
-18.838 -15.383 -6.506
-15.588 -14.905 -4.591
-15.171 -11.338 -5.808
-15.441 -8.005 -4.011
