-24.177 6.575 -20.500
-20.635 6.735 -19.059
-20.028 6.389 -15.341
-19.310 9.763 -13.703
-16.016 9.227 -11.841
-15.889 10.815 -8.380
-13.092 13.336 -7.796
-9.773 11.452 -7.433
-6.085 12.325 -7.509
-4.107 10.477 -10.204
-0.298 10.601 -9.925
1.484 9.563 -13.139
5.038 8.207 -13.324
7.129 7.207 -16.333
8.752 4.339 -18.231
6.948 0.957 -18.642
4.277 1.429 -15.988
3.170 4.834 -17.358
3.006 3.321 -20.856
0.766 0.516 -19.542
-1.502 2.814 -17.522
-1.854 5.162 -20.535
-3.217 2.153 -22.496
-5.469 1.105 -19.625
-6.872 4.615 -19.279
-7.381 4.796 -23.073
-8.856 1.303 -23.643
-10.541 0.200 -20.387
-11.504 3.332 -18.410
-12.303 6.280 -20.720
-14.786 4.489 -23.048
-16.870 3.528 -19.966
-16.058 6.307 -17.482
-16.093 10.102 -17.640
-12.865 10.987 -15.771
-13.354 14.780 -15.753
-13.308 14.644 -11.930
-9.772 13.200 -11.887
-6.983 15.678 -11.156
-3.817 14.339 -12.762
-0.246 15.149 -11.706
2.987 14.563 -13.604
5.480 12.915 -11.218
8.174 12.107 -13.724
11.533 12.580 -11.986
12.176 15.347 -14.548
8.959 17.135 -13.513
9.822 17.103 -9.785
13.131 18.703 -10.834
11.560 21.183 -13.306
8.971 22.432 -10.794
11.360 22.578 -7.799
9.043 19.956 -6.328
5.964 22.221 -6.487
4.192 19.259 -8.181
4.679 17.130 -5.019
3.271 20.001 -2.894
0.261 20.092 -5.238
-0.245 16.316 -4.962
-0.327 16.590 -1.146
-2.804 19.495 -1.202
-5.101 17.737 -3.711
-4.966 14.523 -1.686
-6.186 16.417 1.406
-9.017 18.022 -0.545
-10.132 14.947 -2.543
-9.279 12.170 0.015
-8.612 9.465 -2.657
-5.332 9.032 -4.484
-4.026 6.529 -7.005
-0.287 6.731 -7.584
1.667 4.920 -10.288
5.178 3.661 -9.629
7.661 6.572 -9.836
11.392 7.163 -10.214
12.880 8.824 -7.178
15.386 11.463 -8.371
18.429 9.882 -6.638
21.993 10.954 -7.549
22.188 8.045 -10.031
18.932 9.092 -11.735
20.167 12.720 -11.923
23.022 11.387 -14.110
20.870 8.976 -16.151
17.910 11.318 -16.795
19.963 14.541 -17.106
18.379 16.350 -14.143
19.723 19.411 -12.309
19.348 18.375 -8.639
18.609 15.213 -6.642
15.335 14.919 -4.730
14.333 12.601 -1.875
11.625 9.963 -1.904
8.126 11.443 -1.916
6.923 8.879 0.676
7.660 10.868 3.814
5.869 13.991 2.623
2.762 11.950 1.683
2.735 9.882 4.868
3.234 12.910 7.126
1.105 15.304 5.005
-1.930 13.014 5.089
-1.573 12.161 8.810
-0.616 8.595 7.959
-1.883 5.791 10.184
-0.962 2.605 8.321
0.472 1.300 5.097
-1.547 -1.858 4.424
0.651 -4.455 2.713
-1.582 -7.407 1.819
-0.954 -10.462 -0.343
-2.756 -10.337 -3.695
-4.718 -13.446 -4.658
-6.399 -14.890 -7.742
-8.918 -17.720 -7.250
-7.597 -20.748 -9.168
-3.931 -19.610 -9.160
-1.423 -20.812 -6.573
1.042 -18.261 -5.207
3.368 -18.525 -2.160
0.733 -18.056 0.545
-2.356 -20.281 0.098
-4.725 -17.974 1.996
-4.696 -14.134 2.370
-2.153 -12.460 4.652
-2.683 -8.923 5.913
0.051 -6.595 7.150
-0.163 -3.153 8.770
2.985 -1.082 8.737
2.700 1.876 11.127
2.973 4.779 8.654
5.006 7.277 10.662
7.628 7.574 13.355
10.811 5.752 14.116
14.112 6.280 12.354
12.321 7.615 9.245
11.976 10.991 11.018
15.198 10.856 13.103
17.530 13.783 13.774
21.180 12.774 13.524
24.815 13.780 13.256
27.984 11.961 12.326
30.511 13.015 14.977
33.733 12.286 16.814
34.438 12.173 20.523
32.282 14.203 22.890
29.191 14.438 25.070
25.633 13.790 23.807
22.701 15.036 25.891
18.963 14.493 25.335
16.417 16.473 27.379
12.628 16.515 27.503
10.338 19.251 28.842
6.665 18.250 29.112
4.170 20.990 28.153
1.257 19.685 30.253
0.405 17.668 33.352
1.844 18.064 36.874
5.464 18.091 35.572
4.824 20.837 32.982
7.819 23.067 32.251
10.349 20.933 34.182
13.196 19.724 31.969
14.503 16.185 32.609
17.453 14.295 31.105
16.332 11.428 28.799
19.888 10.306 28.050
23.450 11.435 28.446
26.461 9.616 27.044
30.098 10.110 26.162
31.021 9.225 22.590
34.520 7.656 22.560
34.888 6.895 18.818
36.455 9.190 16.208
33.561 8.133 13.918
30.085 7.652 15.416
26.452 8.268 14.531
24.261 9.968 17.120
20.523 9.626 16.490
17.304 10.827 18.116
13.784 9.874 17.018
10.235 9.593 18.336
7.345 7.130 17.955
3.959 8.896 17.961
1.522 6.405 19.502
-1.863 8.237 19.644
-2.835 6.896 16.212
-1.982 3.267 17.169
-5.469 3.272 18.720
-6.786 3.915 15.165
-4.253 1.469 13.653
-5.495 -1.210 16.075
-9.189 -0.714 15.216
-8.410 -0.689 11.517
-6.204 -3.799 11.735
-8.476 -5.963 13.861
-11.557 -4.946 11.819
-9.828 -6.071 8.610
-8.525 -9.282 10.141
-12.007 -10.058 11.482
-13.572 -9.549 8.064
-10.863 -11.721 6.438
-11.073 -14.320 9.269
-7.290 -14.317 9.792
-5.420 -14.682 13.069
-3.866 -11.325 14.127
-0.348 -10.906 15.534
1.452 -7.841 16.931
5.147 -7.638 16.070
7.763 -5.619 18.016
11.233 -5.772 19.640
9.757 -4.573 22.956
11.663 -7.110 25.126
14.835 -5.120 24.483
13.509 -1.894 22.891
11.277 -1.243 25.892
9.881 2.094 24.668
7.834 -0.004 22.220
5.737 -1.532 25.014
2.817 0.901 24.419
2.472 -0.303 20.786
1.674 -3.708 22.257
-0.464 -2.413 25.206
-2.606 -0.198 23.001
-3.228 -3.014 20.504
-3.921 -5.673 23.177
-6.375 -3.402 25.038
-8.354 -2.630 21.872
-8.348 -6.300 20.927
-9.528 -7.541 24.325
-12.147 -4.813 24.797
-13.577 -4.559 21.254
-12.676 -7.685 19.221
-11.730 -10.884 21.087
-15.283 -12.221 21.458
-15.910 -11.498 17.745
-12.776 -13.420 16.753
-14.039 -16.371 18.835
-17.536 -16.204 17.264
-15.949 -15.959 13.787
-14.102 -19.303 14.309
-10.641 -17.685 14.216
-9.637 -18.105 17.867
-10.635 -20.377 20.784
-11.961 -19.027 24.090
-9.041 -18.470 26.441
-6.664 -17.940 23.474
-4.959 -14.542 23.943
-3.671 -12.111 21.255
-0.130 -13.198 20.430
2.925 -10.952 20.448
5.813 -11.957 18.124
9.321 -10.633 18.372
10.418 -9.094 15.050
13.242 -11.642 14.748
10.686 -14.454 15.349
8.274 -12.904 12.800
10.900 -13.120 10.051
10.921 -16.906 10.623
7.130 -17.197 10.698
6.782 -15.508 7.272
8.854 -18.323 5.760
7.108 -21.081 7.805
3.489 -20.031 7.468
2.973 -20.835 3.799
-0.686 -21.638 4.454
-1.210 -17.885 5.042
-4.367 -16.789 6.848
-2.739 -14.462 9.369
-2.226 -10.747 9.959
0.719 -8.831 11.446
0.994 -5.249 12.662
4.335 -3.591 13.279
6.286 -0.360 13.620
7.402 1.631 10.542
10.844 0.013 9.983
9.928 -3.545 10.997
6.952 -3.226 8.617
9.211 -2.090 5.776
11.587 -5.043 6.215
8.963 -7.737 6.930
6.665 -6.763 4.035
9.498 -7.118 1.495
10.098 -10.565 2.955
6.358 -11.215 2.562
6.614 -10.181 -1.130
9.454 -12.592 -1.821
7.663 -15.523 -0.140
4.385 -14.750 -1.930
5.994 -14.183 -5.370
7.357 -10.691 -5.956
6.725 -7.056 -4.922
3.968 -6.751 -7.518
1.831 -9.237 -5.559
1.720 -7.219 -2.320
-0.461 -4.089 -1.976
0.826 -0.661 -0.737
-2.223 1.210 0.555
-1.584 4.267 2.719
-4.410 5.179 5.082
-4.274 8.602 6.729
-6.883 11.059 8.025
-8.029 14.616 7.291
-8.278 17.268 10.027
-12.110 16.723 9.737
-12.048 12.939 10.307
-12.453 11.670 6.725
-9.920 8.945 5.855
-7.432 9.896 3.138
-6.536 6.740 1.152
-3.693 6.409 -1.334
-3.156 3.250 -3.355
0.014 2.241 -5.190
1.480 -0.927 -6.736
4.613 -2.115 -4.907
6.824 -2.726 -7.965
8.746 0.058 -9.754
8.471 1.521 -13.242
10.206 -1.550 -14.840
12.839 0.420 -16.762
14.424 -2.751 -18.287
11.097 -3.704 -19.884
10.565 -0.135 -21.110
13.982 -0.292 -22.854
12.994 -3.643 -24.401
9.694 -2.100 -25.568
11.483 0.826 -27.195
13.793 -1.652 -29.021
10.585 -3.241 -30.459
11.005 -6.444 -28.412
8.057 -8.265 -26.788
7.116 -7.511 -23.171
4.649 -8.924 -20.649
3.909 -6.612 -17.711
1.201 -7.865 -15.370
-1.027 -4.883 -14.588
-2.841 -6.511 -11.637
-0.897 -4.687 -8.885
-1.592 -1.286 -10.450
-5.205 -2.133 -11.265
-5.804 -3.320 -7.649
-4.532 0.092 -6.568
-6.732 1.970 -9.039
-9.776 -0.066 -7.983
-9.171 0.877 -4.358
-8.748 4.560 -5.158
-11.809 4.722 -7.441
-13.943 2.893 -4.824
-12.846 5.144 -2.002
-13.435 8.232 -4.178
-16.928 6.964 -4.973
-17.718 6.293 -1.271
-16.351 9.605 0.055
-18.027 11.810 -2.560
-21.079 9.611 -3.206
-20.873 10.049 -6.975
-22.066 7.092 -9.091
-21.224 4.863 -6.136
-23.046 1.668 -7.143
-22.031 1.736 -10.814
-18.399 2.490 -9.951
-18.236 -0.507 -7.553
-19.787 -2.743 -10.259
-17.235 -1.498 -12.845
-14.193 -1.931 -10.552
-15.399 -5.425 -9.555
-15.782 -6.220 -13.273
-12.196 -5.213 -14.078
-10.905 -7.512 -11.359
-13.131 -10.453 -12.339
-12.245 -10.160 -16.039
-8.510 -10.041 -15.170
-8.692 -12.996 -12.773
-10.679 -15.122 -15.221
-8.143 -14.534 -18.035
-5.425 -15.913 -15.724
-7.578 -19.013 -14.966
-7.832 -19.557 -18.756
-4.045 -19.361 -19.276
-4.571 -15.983 -21.017
-2.749 -13.920 -18.399
0.691 -12.433 -18.638
3.874 -14.523 -18.754
4.820 -14.119 -15.084
2.018 -16.512 -14.043
1.089 -18.269 -17.322
4.628 -18.990 -18.627
5.862 -18.386 -22.212
2.371 -19.160 -23.603
1.067 -16.096 -21.735
-0.019 -12.898 -23.419
2.127 -9.875 -24.192
1.481 -6.587 -22.379
-0.594 -5.282 -25.277
-2.410 -8.579 -25.941
-3.454 -8.712 -22.310
-4.773 -5.115 -22.325
-6.812 -5.866 -25.482
-8.066 -9.201 -24.042
-9.402 -7.404 -20.975
-10.831 -4.523 -23.050
-12.921 -6.799 -25.293
-14.376 -8.593 -22.225
-15.324 -5.473 -20.205
-18.682 -4.854 -22.052
