216.945 -12.203 3.393
216.549 -9.503 6.079
218.945 -6.643 5.538
221.806 -5.431 7.747
222.947 -1.804 7.865
226.312 -0.614 9.147
226.539 2.684 11.024
229.998 3.488 12.319
231.083 0.524 14.455
227.536 -0.820 14.717
225.439 -3.220 12.694
221.641 -3.009 12.752
219.927 -6.202 11.667
216.362 -6.090 10.367
213.754 -8.069 12.306
214.253 -11.665 11.234
211.754 -14.528 10.967
211.882 -18.182 9.953
210.443 -17.323 6.515
212.542 -18.455 3.496
213.219 -16.378 0.370
210.549 -18.467 -1.439
207.946 -17.375 1.139
207.713 -20.789 2.784
208.255 -21.078 6.524
210.619 -23.091 8.654
208.717 -24.427 11.660
205.086 -24.051 10.682
204.303 -27.387 9.054
200.675 -27.620 7.824
198.414 -30.411 9.100
196.402 -32.607 6.704
193.692 -29.951 6.997
196.156 -27.378 5.651
196.289 -25.403 8.893
199.868 -24.369 9.886
201.287 -25.716 13.132
203.760 -23.045 14.310
206.597 -24.487 16.402
208.415 -21.945 18.584
211.461 -24.195 19.077
212.049 -24.668 15.334
211.326 -21.024 14.515
213.543 -19.613 17.246
216.483 -21.793 16.234
216.032 -20.853 12.564
215.716 -17.133 13.357
218.929 -17.034 15.358
220.687 -19.111 12.691
219.410 -16.664 10.049
220.790 -13.715 12.043
224.123 -15.497 12.312
224.174 -15.905 8.515
223.329 -12.231 7.932
226.074 -11.155 10.320
228.610 -13.509 8.749
227.847 -11.864 5.384
229.418 -8.664 6.760
232.275 -10.188 8.737
230.607 -10.449 12.141
229.116 -13.273 14.239
226.770 -13.889 17.196
229.652 -13.030 19.512
229.343 -9.449 18.285
225.666 -9.076 19.166
225.049 -6.575 21.976
221.247 -6.091 22.011
218.483 -8.573 21.284
214.826 -7.574 20.954
212.486 -10.580 20.679
208.872 -10.415 19.535
206.653 -13.382 20.416
202.909 -13.577 19.777
202.053 -15.824 22.734
203.876 -15.794 26.118
203.003 -19.461 26.496
205.784 -19.899 23.929
208.298 -18.183 26.239
209.842 -21.182 28.018
210.725 -23.015 24.790
212.009 -19.840 23.110
214.139 -19.177 26.193
215.728 -22.630 26.004
216.676 -22.175 22.348
218.105 -18.718 23.088
220.446 -20.370 25.627
221.858 -22.571 22.851
223.392 -19.480 21.240
223.927 -16.826 23.938
224.834 -16.589 27.608
225.099 -13.976 30.347
228.345 -12.618 28.897
226.424 -11.833 25.698
223.825 -9.262 24.573
221.173 -7.419 26.559
217.776 -8.950 25.820
214.164 -7.763 25.841
211.219 -10.061 25.091
207.551 -9.082 24.569
204.552 -10.574 22.820
203.088 -8.349 20.105
199.511 -8.309 18.805
200.616 -9.632 15.379
203.720 -10.422 13.374
203.641 -9.840 9.594
202.581 -13.430 8.753
200.124 -15.591 10.710
202.518 -18.613 10.631
205.111 -16.750 12.735
205.528 -17.107 16.481
208.840 -15.232 16.792
210.805 -12.433 15.152
214.098 -11.086 16.478
215.947 -7.859 15.710
219.521 -7.340 16.913
222.192 -4.699 17.197
225.804 -5.847 16.855
229.143 -4.159 17.485
232.090 -4.804 15.174
234.484 -1.981 14.365
236.015 -2.222 10.895
