-18.305 -33.077 -8.512
-17.349 -30.027 -6.413
-15.113 -27.364 -7.961
-12.926 -25.137 -5.737
-12.168 -21.771 -7.391
-9.977 -18.859 -6.388
-12.570 -16.372 -4.928
-10.594 -13.461 -6.444
-9.198 -14.711 -9.754
-12.055 -17.168 -10.666
-9.520 -19.824 -11.735
-10.331 -23.415 -10.802
-7.800 -24.541 -8.197
-8.852 -28.188 -7.650
-11.955 -30.390 -7.334
-13.069 -33.177 -5.036
-11.419 -35.919 -7.111
-8.591 -35.617 -4.519
-8.493 -36.419 -0.829
-9.224 -33.113 0.917
-9.139 -32.244 4.602
-9.365 -29.105 6.707
-6.229 -28.183 8.653
-5.062 -25.326 10.888
-8.414 -24.969 12.698
-10.346 -24.522 9.454
-8.000 -21.916 7.986
-6.625 -24.158 5.234
-7.617 -27.006 2.932
-5.013 -29.698 2.306
-5.334 -31.451 -1.055
-3.463 -34.709 -1.581
-2.247 -35.378 -5.109
-0.687 -38.219 -7.070
2.599 -38.336 -8.937
2.068 -38.769 -12.713
4.664 -40.679 -14.830
2.796 -40.605 -18.190
4.303 -37.946 -20.501
6.176 -35.607 -18.085
6.642 -36.488 -14.359
4.562 -34.023 -12.263
1.869 -33.502 -9.709
-1.606 -34.306 -11.064
-3.296 -31.374 -9.273
-0.928 -28.958 -11.018
-1.351 -30.551 -14.441
-5.088 -31.137 -14.197
-6.021 -27.526 -13.267
-3.155 -25.889 -15.225
-1.625 -24.306 -12.092
1.452 -22.253 -12.922
4.640 -22.457 -10.859
5.761 -19.059 -9.722
8.696 -17.416 -7.964
9.543 -14.332 -6.104
11.766 -12.826 -3.576
10.659 -12.487 -0.025
10.083 -8.745 -0.404
7.811 -9.319 -3.391
5.905 -12.046 -1.539
5.544 -9.826 1.531
4.090 -7.076 -0.653
1.777 -9.534 -2.409
0.477 -11.377 0.652
-0.296 -8.136 2.507
-2.520 -7.034 -0.378
-4.035 -10.526 -0.688
-4.916 -10.577 3.014
-6.550 -7.169 2.618
-8.662 -8.448 -0.285
-9.849 -11.499 1.655
-10.472 -9.466 4.824
-12.703 -7.110 2.853
-14.648 -10.053 1.422
-15.082 -11.569 4.883
-16.180 -8.246 6.373
-18.852 -7.924 3.690
-20.089 -11.539 3.703
-18.846 -13.548 6.742
-17.678 -11.180 9.512
-17.309 -14.020 12.043
-14.332 -15.203 9.928
-12.375 -11.913 9.947
-10.488 -12.352 13.215
-9.756 -16.106 12.773
-8.529 -15.464 9.231
-6.359 -12.458 10.073
-4.845 -14.192 13.104
-4.478 -17.637 11.535
-3.122 -16.324 8.226
-0.514 -14.186 9.994
0.838 -17.355 11.636
0.808 -19.332 8.392
2.614 -16.505 6.598
5.338 -16.323 9.239
5.874 -20.072 8.808
6.099 -19.686 5.013
8.651 -16.889 5.303
10.743 -18.965 7.739
10.639 -21.979 5.385
10.636 -20.039 2.149
13.114 -22.078 0.092
11.429 -25.344 1.131
8.125 -24.943 -0.743
7.068 -24.569 -4.332
4.483 -21.867 -5.034
1.669 -22.100 -7.585
-0.952 -19.720 -8.950
-4.073 -20.267 -11.038
-3.851 -20.809 -14.786
-4.402 -17.157 -15.678
-1.770 -15.842 -13.230
-3.755 -12.941 -11.821
-1.474 -11.050 -9.383
-4.406 -10.493 -6.992
-5.276 -14.200 -6.782
-4.265 -16.921 -4.349
-0.783 -18.475 -4.190
-0.915 -22.130 -3.188
1.870 -24.197 -1.626
3.191 -27.553 -2.838
4.923 -29.902 -0.377
5.494 -33.654 -0.085
4.504 -36.137 2.590
7.173 -37.750 4.759
7.261 -40.676 2.319
9.038 -38.339 -0.110
6.733 -39.309 -2.993
3.164 -38.206 -2.179
2.516 -34.550 -3.114
0.006 -32.316 -1.430
-1.009 -28.680 -1.728
-2.234 -26.105 0.785
-4.821 -23.388 0.080
-6.429 -20.667 2.205
-9.995 -21.898 2.698
-11.358 -18.353 3.028
-9.939 -17.583 -0.420
-11.945 -20.320 -2.161
-15.438 -20.473 -3.605
-17.181 -23.829 -4.057
-19.317 -24.737 -7.072
-21.466 -27.844 -6.588
-21.910 -29.603 -9.932
