53.057 29.360 21.273
53.195 33.146 21.688
53.548 33.513 17.920
51.161 35.999 16.305
51.741 34.834 12.727
48.721 35.624 10.548
49.926 34.136 7.255
48.510 30.713 8.123
45.293 32.373 9.287
44.610 34.066 5.951
45.243 30.750 4.199
42.636 29.104 6.428
39.886 31.575 5.524
40.553 31.458 1.780
40.724 27.654 1.775
37.656 27.217 3.984
35.273 27.562 1.049
37.077 24.813 -0.849
36.056 22.050 1.561
33.465 19.773 -0.050
30.645 19.822 2.502
27.655 20.342 0.198
25.280 19.665 3.084
26.936 21.665 5.872
26.800 25.105 4.238
23.305 24.245 3.016
21.955 24.427 6.567
23.785 27.685 7.281
22.589 29.321 4.058
20.353 31.588 6.151
23.507 33.287 7.462
25.806 33.138 4.438
25.454 36.866 3.742
26.786 37.674 7.203
29.112 34.684 6.941
30.655 36.256 3.858
30.969 39.669 5.527
32.657 37.909 8.413
35.377 36.179 6.398
35.848 39.296 4.271
36.335 41.838 7.055
39.351 40.085 8.599
41.078 39.442 5.288
40.804 43.211 4.976
42.082 43.536 8.548
45.062 41.345 7.650
45.497 43.032 4.273
44.500 39.859 2.439
41.097 40.899 1.063
42.489 40.231 -2.416
42.562 36.496 -1.679
38.761 36.481 -1.744
36.683 36.484 -4.934
35.179 39.979 -5.134
33.354 39.667 -8.466
31.413 36.549 -7.454
30.349 38.246 -4.218
29.174 41.475 -5.865
26.939 39.409 -8.145
25.685 37.405 -5.162
24.648 40.536 -3.259
22.836 42.122 -6.210
20.957 38.841 -6.612
19.894 39.059 -2.961
18.149 42.435 -3.100
14.388 42.087 -3.512
11.839 44.465 -5.037
10.962 45.830 -1.592
14.575 46.968 -1.308
15.528 44.517 1.421
18.391 42.049 1.098
18.304 38.306 1.773
20.942 36.164 3.465
21.145 34.185 0.229
19.482 33.884 -3.183
15.883 32.747 -2.782
15.660 33.649 0.901
13.349 36.277 2.391
14.845 39.772 2.846
15.726 40.714 6.426
17.246 43.734 8.171
20.122 41.674 9.594
21.445 40.570 6.216
20.665 43.971 4.747
23.284 45.362 7.121
25.832 42.654 6.303
25.443 43.183 2.558
25.918 46.945 2.916
28.995 46.434 5.098
30.495 44.193 2.405
29.802 46.657 -0.401
31.445 49.350 1.726
34.661 47.321 1.884
34.727 47.046 -1.910
34.027 50.766 -2.449
30.860 49.900 -4.364
27.502 50.445 -2.668
26.048 51.512 -6.015
25.998 47.833 -6.976
22.545 47.679 -5.398
19.612 50.096 -5.370
20.654 52.510 -2.621
17.309 54.320 -2.435
15.240 51.146 -2.065
17.437 49.913 0.786
16.819 53.229 2.540
13.119 52.940 1.690
13.057 49.382 3.044
14.784 50.267 6.322
12.659 53.389 6.801
9.452 51.385 6.439
10.491 49.069 9.264
10.270 51.721 11.980
7.262 51.804 14.300
5.514 54.742 15.970
7.378 54.201 19.242
10.653 54.533 17.349
11.456 50.826 17.468
12.540 48.799 14.446
11.313 45.457 13.134
13.473 42.747 11.584
11.197 42.049 8.632
7.650 42.739 7.436
6.426 40.296 10.095
7.255 42.870 12.764
9.614 41.252 15.261
10.784 43.915 17.708
14.376 44.019 18.957
17.079 46.586 19.705
19.337 44.617 17.366
17.145 45.835 14.523
17.409 49.352 15.918
21.181 49.054 15.527
20.980 47.278 12.169
18.806 50.111 10.872
20.939 53.044 12.036
24.187 51.349 10.978
22.932 50.542 7.481
21.696 54.100 6.960
24.955 55.486 8.343
26.998 53.625 5.731
24.508 54.848 3.126
24.716 58.436 4.354
20.938 58.547 4.720
20.472 58.489 8.495
18.049 61.426 8.550
15.701 59.314 6.415
14.173 58.046 9.657
12.903 59.677 12.835
16.116 59.554 14.855
14.486 61.087 17.941
11.915 58.321 18.453
14.575 55.751 17.564
16.838 57.043 20.335
13.821 57.286 22.640
12.957 53.596 22.272
16.505 52.320 22.791
16.926 54.374 25.966
13.661 52.851 27.187
15.294 49.427 26.951
17.959 50.481 29.443
17.497 48.329 32.542
18.495 49.013 36.147
21.778 47.161 35.616
22.807 49.918 33.225
22.628 47.278 30.520
20.196 46.879 27.638
17.676 44.306 26.451
15.875 43.380 23.242
12.565 44.973 24.230
11.578 47.223 27.166
11.480 45.156 30.352
13.744 42.409 29.029
16.940 41.303 30.772
20.261 43.083 30.230
22.433 41.135 27.784
25.858 41.764 26.232
24.582 41.239 22.691
21.861 43.823 23.206
24.315 46.184 24.902
26.660 45.950 21.910
23.788 46.948 19.626
22.465 49.746 21.840
25.896 51.194 22.638
26.627 51.100 18.921
23.230 52.690 18.335
23.980 55.584 20.682
27.451 55.890 19.165
26.075 56.615 15.693
23.241 58.837 16.925
25.758 60.902 18.924
23.941 60.081 22.167
26.687 58.361 24.158
26.262 60.771 27.069
22.822 59.274 27.724
24.417 56.105 29.102
26.404 55.809 32.330
29.914 55.035 31.074
31.067 54.091 34.573
28.066 51.990 35.620
27.819 50.059 32.352
31.587 49.603 32.298
31.461 47.945 35.708
28.700 45.681 34.403
30.603 44.459 31.341
33.884 43.787 33.160
32.088 41.810 35.869
30.020 39.735 33.442
31.440 36.540 31.923
29.959 33.463 30.234
29.261 30.828 21.047
31.343 32.621 23.684
33.428 34.903 21.461
30.142 36.571 20.569
29.982 37.417 24.240
33.713 38.175 24.265
33.594 40.553 21.293
30.394 42.204 22.503
32.082 43.046 25.807
35.347 44.252 24.261
33.753 46.300 21.482
31.263 47.949 23.841
33.983 48.993 26.298
35.864 50.586 23.402
32.712 52.475 22.413
32.128 53.454 26.042
35.682 54.717 26.474
36.266 52.691 29.624
38.193 49.894 27.906
41.251 49.964 30.176
39.240 48.465 33.055
40.201 45.025 31.707
43.664 43.448 31.496
44.948 43.698 27.921
47.903 41.306 28.058
46.182 38.516 30.002
43.411 38.450 27.405
45.727 38.620 24.384
47.565 35.424 25.323
44.235 33.764 26.119
43.007 34.623 22.623
46.176 33.156 21.100
45.263 29.935 22.914
41.947 29.766 21.051
43.970 29.524 17.837
44.493 26.329 15.860
48.188 25.650 15.241
47.354 23.105 12.536
44.417 24.480 10.543
44.154 28.070 11.751
41.334 30.338 12.873
39.750 30.861 16.283
37.313 28.749 18.287
35.108 29.817 21.194
37.382 27.953 23.607
40.933 26.542 23.338
40.672 23.065 21.820
37.318 23.418 20.074
36.212 23.526 16.434
37.283 26.703 14.644
34.949 28.756 12.456
35.334 31.935 10.352
32.918 33.700 12.711
34.825 33.342 15.996
38.014 33.729 13.966
37.062 37.375 13.404
36.832 38.570 16.971
39.985 36.580 17.577
41.626 38.803 14.968
39.310 41.767 15.577
39.623 41.539 19.355
43.411 41.736 19.211
43.087 44.791 16.970
41.117 46.416 19.791
43.691 45.320 22.366
46.323 47.251 20.421
47.799 44.805 17.915
50.322 46.275 15.473
50.235 43.551 12.811
46.465 43.950 12.438
44.639 47.012 11.091
42.809 49.209 13.635
39.297 47.751 13.782
36.185 49.832 14.447
34.173 48.534 17.427
30.824 49.739 16.062
30.838 48.594 12.434
33.377 45.793 12.994
35.309 47.129 9.996
38.826 48.439 9.326
39.002 52.143 10.240
40.658 52.775 6.870
37.477 51.837 4.996
35.326 54.294 6.963
37.087 57.150 5.160
36.212 57.890 1.531
37.167 60.557 -1.008
34.177 60.749 -3.366
