16.289 36.355 1.061
14.884 33.274 -0.758
11.043 33.280 -1.248
9.303 29.871 -1.721
7.440 30.062 -5.097
6.471 26.374 -5.711
6.541 23.030 -3.924
5.280 19.489 -3.902
5.412 18.056 -0.325
3.484 14.943 -1.600
1.477 15.182 1.667
-1.881 14.735 -0.175
-0.957 12.759 -3.350
1.118 13.944 -6.349
0.521 17.587 -7.456
-1.403 18.124 -10.725
1.732 20.161 -11.762
3.429 16.799 -12.722
2.948 15.078 -16.127
4.129 11.411 -16.543
6.030 9.949 -19.516
5.052 6.513 -20.928
7.348 3.994 -22.669
11.025 3.758 -23.729
11.102 6.995 -25.792
13.448 7.268 -28.831
16.347 4.703 -28.491
15.874 4.395 -24.680
15.281 8.119 -24.017
18.391 8.811 -26.142
20.701 6.710 -23.844
19.726 3.085 -24.764
17.901 2.810 -21.361
16.026 -0.464 -20.793
12.880 0.727 -18.907
9.277 1.527 -19.951
7.926 4.514 -17.963
4.385 4.384 -16.454
2.125 6.333 -14.100
1.601 3.151 -11.976
5.282 3.116 -10.812
4.618 6.367 -8.830
2.725 6.180 -5.479
2.638 8.239 -2.255
3.430 6.709 1.165
3.296 8.789 4.372
4.079 12.161 2.706
6.763 10.742 0.273
6.693 10.196 -3.489
7.742 6.552 -4.120
9.117 5.740 -7.618
9.355 1.928 -7.832
11.477 0.296 -10.551
10.179 -3.233 -11.271
11.046 -6.268 -13.405
7.850 -6.058 -15.454
7.267 -6.663 -19.190
5.288 -4.196 -21.373
5.627 -2.968 -24.953
8.739 -5.108 -25.609
10.652 -3.855 -22.453
11.462 -5.896 -19.296
11.698 -3.055 -16.674
9.221 -0.330 -15.582
9.736 2.926 -13.645
8.529 6.549 -13.616
9.674 9.733 -15.352
7.646 12.793 -14.325
8.072 16.464 -15.217
6.508 19.923 -14.663
6.862 20.726 -18.432
3.845 22.772 -19.578
2.692 23.470 -15.956
5.591 25.084 -14.019
8.970 26.484 -15.091
11.474 28.988 -13.636
14.332 31.220 -14.720
16.862 31.382 -11.810
16.180 30.162 -8.268
17.024 27.617 -5.615
15.755 24.184 -6.647
15.910 21.299 -4.173
14.622 17.856 -3.317
15.109 15.547 -0.322
15.810 12.107 -1.872
16.649 8.556 -0.741
17.547 6.329 -3.725
18.450 2.671 -4.307
22.066 1.604 -5.047
22.387 -1.433 -7.401
24.055 -2.325 -10.699
22.063 -0.815 -13.591
20.272 1.909 -11.533
20.231 5.538 -12.768
18.023 7.896 -10.700
17.967 11.613 -11.627
16.657 14.947 -10.371
17.130 17.461 -13.210
15.821 20.304 -15.335
15.329 21.012 -19.103
14.757 24.295 -20.960
11.041 24.982 -21.725
12.174 25.569 -25.356
13.144 21.899 -25.861
9.781 21.593 -27.787
11.247 24.091 -30.456
15.103 23.771 -30.308
15.543 20.173 -28.990
18.289 18.799 -26.704
20.962 19.852 -26.071
20.267 23.445 -27.377
17.516 23.733 -24.646
20.105 23.048 -21.909
19.903 20.612 -18.977
20.809 21.109 -15.288
21.238 17.741 -13.530
20.814 18.563 -9.811
21.442 14.932 -8.779
22.414 11.858 -10.731
23.683 8.541 -9.397
24.640 5.290 -11.163
25.149 1.708 -10.067
26.615 1.407 -6.517
28.854 4.533 -6.655
29.670 6.180 -3.255
29.188 9.662 -4.886
26.503 11.762 -6.704
26.991 14.023 -9.758
25.913 17.546 -10.700
26.139 18.513 -14.390
25.111 21.074 -17.044
24.614 20.037 -20.672
24.315 22.529 -23.553
25.411 23.581 -27.087
28.514 25.877 -26.817
29.519 28.974 -28.923
30.757 26.580 -31.707
27.458 24.590 -31.546
29.329 21.583 -30.033
27.603 19.473 -27.363
29.256 20.484 -24.030
28.894 19.164 -20.459
30.551 20.229 -17.181
30.172 17.870 -14.207
31.341 17.665 -10.567
30.769 15.025 -7.877
30.682 14.666 -4.055
31.232 11.542 -1.885
27.948 10.228 -0.437
28.535 7.056 1.670
24.759 6.318 1.929
22.612 7.413 -1.093
19.870 5.039 0.305
19.464 7.537 3.225
17.692 10.926 2.746
19.995 13.654 1.437
19.112 17.242 0.293
20.180 17.910 -3.361
20.168 21.622 -4.252
21.161 24.105 -6.944
21.390 27.894 -6.549
20.998 29.496 -10.015
21.287 33.246 -10.866
22.389 35.310 -13.925
26.064 34.720 -12.825
26.408 31.092 -11.690
24.885 27.715 -10.916
26.108 26.155 -7.601
25.429 22.520 -6.557
25.069 21.328 -2.943
24.383 18.083 -1.077
23.287 18.663 2.572
24.422 22.327 2.120
27.946 21.219 1.054
29.055 23.046 -2.159
30.834 20.627 -4.601
30.324 22.062 -8.158
29.858 25.499 -9.712
29.542 26.726 -13.342
29.718 30.361 -14.545
26.917 31.305 -17.000
27.854 35.068 -16.697
27.570 36.704 -20.188
26.834 33.268 -21.723
30.549 32.306 -21.220
31.435 29.007 -23.049
28.099 29.449 -24.985
25.872 29.102 -21.816
23.240 31.643 -23.134
20.385 29.096 -22.820
20.706 28.912 -18.966
19.113 32.448 -19.052
15.722 30.853 -20.020
12.860 29.102 -18.090
13.490 25.447 -17.122
11.108 22.761 -15.835
11.889 19.933 -13.321
12.102 16.162 -13.946
12.377 13.176 -11.613
13.082 9.650 -12.851
14.820 6.318 -12.274
16.232 4.778 -15.497
17.416 1.131 -15.662
20.608 0.695 -17.739
21.927 2.981 -20.487
25.214 4.263 -21.951
26.480 5.679 -18.595
25.478 3.066 -15.939
25.915 0.211 -18.443
23.865 -2.945 -19.134
24.984 -5.143 -16.211
21.643 -5.137 -14.286
21.267 -6.600 -10.780
17.948 -8.473 -11.466
17.872 -9.422 -7.718
17.557 -5.665 -6.686
13.902 -5.390 -7.915
11.637 -4.012 -6.880
13.664 -0.925 -5.975
12.375 2.324 -4.446
13.380 5.961 -4.740
11.661 8.171 -2.100
11.247 11.964 -2.503
10.095 13.763 0.655
9.651 17.086 -1.285
10.649 19.244 -4.282
10.834 23.047 -3.674
11.686 26.124 -5.722
12.651 29.471 -4.160
13.425 32.722 -5.959
14.680 36.247 -5.097
6.831 15.115 2.143
