34.511 -24.275 23.871
37.909 -22.660 23.186
38.287 -18.996 22.218
41.329 -18.515 19.907
43.481 -15.331 19.781
46.399 -13.683 17.940
48.902 -15.804 19.976
47.248 -18.983 18.597
47.335 -17.853 14.921
50.250 -18.073 12.439
49.565 -15.038 10.200
52.344 -15.966 7.759
50.126 -18.798 6.541
47.498 -16.585 4.784
50.278 -14.076 3.976
51.786 -16.830 1.784
48.523 -17.380 -0.130
46.839 -15.812 -3.141
43.357 -14.802 -2.005
40.362 -14.410 -4.302
37.317 -12.670 -2.840
34.291 -13.551 -4.985
31.652 -10.974 -4.293
32.240 -7.410 -3.262
29.351 -6.461 -1.097
29.093 -6.060 2.633
31.572 -8.632 3.866
33.398 -8.689 0.587
34.678 -5.129 0.774
35.671 -5.440 4.404
37.377 -8.918 4.286
39.137 -7.669 1.187
40.526 -4.456 2.795
41.446 -6.131 6.109
43.418 -8.943 4.360
45.312 -6.402 2.338
46.501 -4.463 5.471
47.421 -7.826 7.041
49.819 -8.282 4.077
47.805 -10.667 1.925
47.802 -10.513 -1.890
44.083 -10.029 -2.647
42.140 -9.964 -5.920
38.392 -9.443 -6.372
36.426 -11.723 -8.691
33.305 -10.259 -10.256
30.901 -11.274 -13.024
31.257 -9.830 -16.580
30.480 -6.070 -16.468
29.437 -5.870 -12.802
28.546 -2.560 -11.016
30.745 -3.453 -8.046
33.837 -3.530 -10.381
34.054 0.267 -10.250
33.871 0.271 -6.377
36.654 -2.361 -6.099
39.034 -0.707 -8.622
38.531 2.695 -6.963
39.412 0.964 -3.661
42.760 -0.180 -5.244
41.987 -3.840 -6.114
42.839 -5.835 -9.186
39.383 -6.940 -10.371
38.999 -10.028 -12.595
36.390 -12.359 -13.899
35.399 -14.876 -11.215
36.980 -17.648 -13.344
40.292 -15.687 -13.903
40.375 -14.906 -10.168
39.630 -18.528 -9.231
42.566 -19.589 -11.519
45.073 -17.122 -10.069
44.258 -18.094 -6.484
45.071 -20.642 -3.755
42.307 -19.506 -1.460
38.912 -18.490 -2.752
36.565 -16.811 -0.299
32.991 -17.052 -1.685
30.732 -14.221 -0.486
28.208 -13.947 -3.354
24.589 -14.434 -2.195
23.652 -17.901 -0.941
21.282 -18.769 -3.823
23.890 -17.669 -6.410
26.730 -19.806 -4.988
26.077 -23.236 -6.500
26.063 -22.003 -10.059
29.104 -19.767 -9.486
30.955 -22.780 -8.078
30.001 -25.065 -11.012
30.731 -22.500 -13.760
33.745 -20.466 -12.527
35.310 -21.981 -9.378
35.175 -25.745 -9.560
37.165 -25.760 -12.866
40.245 -24.025 -11.196
40.275 -25.823 -7.798
43.488 -27.836 -7.596
44.791 -30.084 -4.798
45.848 -27.768 -1.884
43.620 -24.856 -2.874
41.115 -23.892 -0.219
37.504 -22.791 -0.729
36.209 -20.524 2.117
32.673 -19.291 2.913
31.099 -16.771 5.322
28.117 -19.060 5.994
27.836 -22.866 5.769
24.543 -23.124 3.862
25.812 -24.306 0.478
28.255 -26.875 1.931
25.973 -28.218 4.658
22.938 -28.776 2.342
25.107 -30.293 -0.463
24.528 -27.486 -3.023
28.307 -27.357 -3.499
30.277 -30.655 -3.345
34.013 -29.969 -3.667
36.418 -32.764 -4.586
38.246 -34.747 -1.794
41.534 -33.018 -2.103
40.286 -29.431 -1.634
40.334 -27.646 1.737
36.842 -26.476 2.671
36.529 -23.996 5.535
34.578 -21.032 6.872
35.263 -17.683 8.500
31.997 -16.124 9.641
32.466 -12.746 11.463
29.795 -12.000 14.097
28.863 -8.645 12.695
28.146 -6.535 9.637
30.626 -5.709 6.887
31.073 -2.028 7.836
31.611 -2.985 11.482
34.167 -5.652 10.465
35.957 -2.929 8.459
35.984 -0.060 11.016
36.752 -2.245 14.056
39.981 -3.474 12.377
41.155 0.108 11.527
40.701 1.217 15.171
42.963 -1.688 16.356
40.088 -3.943 17.432
38.041 -6.719 15.709
34.687 -8.523 15.451
34.546 -12.096 16.852
34.566 -14.829 14.158
33.322 -18.345 13.907
35.498 -20.754 11.953
34.914 -24.299 10.793
36.274 -26.964 8.511
34.240 -29.363 6.354
37.252 -30.899 4.513
40.931 -31.121 5.516
43.094 -33.280 3.116
46.149 -31.273 4.108
45.959 -31.219 7.909
46.399 -27.398 7.731
42.768 -26.373 7.446
42.246 -25.158 11.042
45.465 -23.207 10.966
44.581 -21.760 7.534
41.101 -20.569 8.658
42.459 -19.131 11.924
45.195 -17.335 9.996
42.483 -15.753 7.772
40.360 -14.834 10.768
43.430 -13.158 12.373
44.127 -11.404 9.103
40.580 -9.871 9.138
40.726 -8.975 12.868
38.707 -11.741 14.478
41.474 -13.169 16.602
41.816 -9.770 18.307
38.230 -10.208 19.558
38.139 -14.044 19.913
37.596 -16.795 17.353
35.204 -19.681 18.147
35.776 -23.056 16.429
32.571 -24.756 15.283
31.189 -26.931 12.459
