10.596 -11.699 6.690
8.979 -13.600 3.790
6.053 -11.995 1.955
3.513 -14.257 3.706
5.150 -14.394 7.143
3.376 -13.606 10.420
4.214 -10.214 11.920
2.835 -8.916 15.204
0.916 -5.721 14.284
1.777 -2.352 15.756
0.625 1.242 15.776
2.850 3.622 13.815
1.103 6.914 14.680
-2.386 7.769 15.905
-4.907 5.642 13.988
-2.324 4.278 11.502
-1.522 0.621 12.265
0.825 -1.777 10.491
-1.072 -5.023 9.899
1.013 -6.553 7.080
3.367 -9.498 6.943
7.059 -9.601 7.785
7.864 -8.774 4.183
4.925 -6.804 2.710
3.274 -3.721 4.134
-0.416 -3.446 4.827
-1.921 -0.637 6.863
-5.173 -0.239 8.725
-6.405 3.306 9.095
-8.986 3.020 11.866
-11.964 4.999 13.052
-15.022 4.479 15.275
-17.126 4.635 12.084
-15.130 2.047 10.124
-11.705 1.396 8.687
-9.636 1.561 5.511
-7.116 -1.175 4.672
-4.209 -0.445 2.348
-3.058 -3.551 0.427
-3.661 -7.253 1.074
-0.158 -8.809 0.882
-0.068 -12.288 -0.664
-2.854 -14.836 -0.929
-1.398 -16.748 2.062
-0.748 -13.381 3.743
-4.450 -12.495 3.819
-4.843 -14.827 6.826
-2.037 -12.906 8.562
-3.558 -9.515 7.765
-6.999 -10.651 8.978
-5.641 -11.972 12.269
-3.552 -8.822 12.653
-6.557 -6.526 12.260
-8.404 -8.528 14.937
-5.307 -8.443 17.185
-5.459 -4.613 17.022
-9.032 -4.851 18.378
-10.942 -4.257 15.138
-13.651 -6.184 13.290
-13.156 -7.248 9.679
-16.782 -6.297 8.922
-15.913 -2.686 9.805
-13.297 -2.458 7.007
-15.156 -0.526 4.306
-12.477 0.100 1.651
-9.360 -1.774 0.571
-6.922 0.477 -1.285
-4.476 -1.075 -3.766
-0.994 0.318 -4.472
-0.386 -1.947 -7.454
-1.586 -5.215 -8.925
1.196 -7.753 -8.378
0.752 -10.911 -6.319
2.907 -9.738 -3.395
0.780 -6.632 -2.630
-2.599 -7.610 -4.125
-2.655 -11.407 -3.824
-4.534 -11.198 -0.532
-7.008 -8.535 -1.588
-9.659 -10.901 -2.939
-9.751 -12.918 0.271
-9.810 -9.746 2.403
-12.625 -8.331 0.198
-14.706 -11.477 0.877
-13.999 -11.391 4.636
-14.820 -7.665 4.988
-17.392 -6.884 2.274
-15.193 -3.860 1.419
-14.970 -2.057 -1.892
-11.542 -2.277 -3.538
-10.183 0.984 -4.982
-7.355 1.205 -7.496
-5.876 3.221 -10.302
-7.942 2.957 -13.495
-5.408 0.934 -15.482
-4.984 -1.714 -12.723
-8.725 -2.389 -12.187
-8.859 -5.185 -14.741
-5.730 -6.787 -13.315
-7.208 -6.822 -9.805
-10.462 -8.307 -11.118
-8.767 -11.115 -13.079
-5.492 -11.521 -11.179
-3.564 -11.445 -14.471
-1.196 -8.590 -15.349
-1.290 -7.327 -18.974
1.407 -7.182 -21.628
2.093 -3.476 -20.936
3.645 -4.501 -17.580
7.469 -4.566 -17.921
7.456 -7.846 -15.943
4.906 -9.493 -18.269
6.195 -12.994 -19.039
7.595 -13.402 -15.538
4.631 -12.592 -13.238
2.565 -15.070 -11.254
-1.214 -14.737 -11.320
-3.184 -14.175 -8.150
-6.844 -14.457 -7.100
-9.207 -12.027 -8.808
-11.227 -9.730 -6.576
-14.863 -8.632 -6.557
-16.019 -5.023 -6.100
-13.082 -3.263 -7.747
-13.582 0.404 -8.668
-11.301 3.068 -10.167
-10.086 6.272 -8.535
-8.426 9.220 -10.297
-5.265 11.141 -9.524
-5.936 13.563 -6.663
-9.224 11.901 -5.650
-10.293 11.766 -1.999
-11.590 8.562 -0.412
-13.697 9.419 2.627
-15.057 7.206 5.386
-16.498 8.989 8.401
-13.630 11.203 9.645
-11.047 9.457 7.404
-9.803 11.165 4.248
-7.263 9.383 2.038
-5.945 10.961 -1.179
-4.965 8.955 -4.271
-1.805 10.019 -6.130
-1.136 8.437 -9.506
2.359 6.956 -9.421
2.579 4.846 -12.598
5.612 3.184 -14.065
6.062 -0.085 -12.165
2.448 -0.609 -13.250
0.196 1.709 -15.219
-2.399 2.005 -12.423
-0.035 2.424 -9.441
-1.364 4.634 -6.660
0.435 6.159 -3.677
-2.028 6.942 -0.867
-1.789 9.790 1.673
-3.590 10.871 4.814
-3.139 12.599 8.146
-3.074 10.884 11.523
-3.125 12.729 14.822
-2.465 12.182 18.540
-4.177 14.739 20.849
-4.080 17.283 18.003
-0.435 16.708 16.962
-0.741 15.551 13.354
1.544 13.942 10.780
1.284 13.388 7.059
1.428 9.669 6.296
2.300 8.261 2.861
1.798 4.636 1.785
4.324 4.669 -1.028
3.767 2.494 -4.068
6.776 0.789 -5.686
8.697 2.999 -8.118
11.015 0.235 -9.341
12.131 -0.397 -12.929
12.186 -4.227 -13.126
11.308 -6.418 -16.085
11.289 -9.744 -17.833
14.511 -10.668 -19.658
12.808 -9.871 -23.017
11.941 -6.244 -22.103
13.932 -3.115 -22.956
12.940 0.012 -21.038
14.722 2.144 -23.634
12.163 0.937 -26.220
9.162 1.971 -24.037
9.006 5.758 -23.680
5.619 5.809 -21.977
6.879 3.636 -19.121
10.063 5.698 -18.757
8.097 8.944 -18.759
5.608 7.522 -16.236
8.363 6.440 -13.868
10.040 9.858 -14.126
6.774 11.681 -13.472
6.249 9.445 -10.432
9.664 10.187 -8.963
8.832 13.900 -9.291
5.391 13.503 -7.722
6.638 11.429 -4.793
9.599 13.712 -3.978
7.082 16.642 -3.732
4.596 14.909 -1.349
4.024 16.216 2.152
5.618 13.220 3.885
6.292 12.960 7.636
5.888 9.151 7.838
6.462 6.991 4.756
5.372 3.372 4.754
6.757 1.708 1.615
4.875 -1.184 0.021
8.079 -3.193 0.534
8.640 -2.020 4.111
12.436 -2.237 4.067
12.488 0.413 1.331
12.126 2.975 4.155
13.919 0.829 6.748
10.730 -0.144 8.641
12.374 -2.802 10.790
15.340 -0.643 11.800
12.834 2.126 12.616
10.629 -0.205 14.658
13.697 -1.298 16.690
14.576 2.386 17.219
10.970 3.065 18.313
11.311 0.645 21.241
13.287 3.373 23.058
12.721 6.561 21.094
8.914 6.093 20.568
7.049 6.587 17.286
9.167 9.547 16.274
11.453 6.750 14.949
8.981 6.379 12.017
9.071 10.087 11.285
11.459 11.311 8.622
10.191 14.048 6.331
12.853 13.228 3.734
11.693 9.633 3.303
9.561 10.169 0.205
12.414 12.158 -1.390
14.672 9.198 -0.660
12.263 6.592 -2.098
11.996 8.721 -5.241
15.794 9.120 -5.467
16.289 5.364 -5.197
13.667 4.841 -7.915
15.467 7.315 -10.164
18.823 5.639 -9.505
17.432 2.196 -10.327
16.017 3.471 -13.622
19.188 5.355 -14.544
21.312 2.305 -13.779
18.959 0.189 -15.940
18.940 2.586 -18.909
22.784 2.718 -18.790
22.887 -1.127 -18.769
20.737 -1.173 -21.965
22.996 1.075 -24.047
24.292 -0.732 -27.101
