119.942 261.543 249.846
121.019 257.929 249.536
118.508 255.988 247.451
118.876 258.137 244.333
122.632 257.565 244.565
122.198 253.796 244.538
119.792 253.966 241.592
122.267 256.207 239.749
125.071 253.769 240.549
123.049 250.731 239.443
122.403 252.695 236.248
126.152 253.287 235.968
126.720 249.523 236.156
124.202 248.786 233.378
125.601 251.550 231.157
129.140 250.312 231.828
127.997 246.777 231.020
126.558 248.164 227.787
129.956 249.664 226.956
132.113 246.712 228.062
130.148 244.508 225.673
128.977 246.964 223.018
131.990 249.203 222.326
134.309 246.354 221.195
131.393 245.038 219.117
130.796 248.432 217.471
134.534 248.891 216.835
135.421 245.560 215.254
132.393 245.199 213.086
133.093 246.138 209.439
131.650 249.633 208.870
129.952 249.438 212.257
131.692 252.436 213.774
130.392 254.723 211.025
126.834 253.423 211.340
126.734 253.152 215.148
128.790 256.261 215.904
126.001 258.309 217.488
124.864 255.408 219.653
128.282 255.040 221.290
128.570 258.819 221.696
125.199 258.776 223.434
126.472 255.837 225.472
129.714 257.559 226.457
128.067 260.910 227.164
125.532 259.117 229.351
128.246 257.081 231.092
130.306 260.197 231.731
127.209 262.062 232.914
126.382 259.260 235.358
129.866 259.398 236.891
129.631 263.102 237.674
126.072 262.673 238.984
127.119 260.009 241.522
130.155 262.051 242.569
128.049 265.145 243.222
125.424 263.039 245.002
128.152 261.611 247.240
128.727 265.124 248.576
125.117 265.209 249.828
125.532 262.079 251.968
