-17.784 1.520 20.716
-17.606 5.303 20.373
-14.015 5.435 21.617
-12.759 2.693 19.262
-14.663 4.004 16.224
-13.389 7.486 17.024
-9.822 6.131 17.184
-10.177 4.533 13.772
-11.482 7.838 12.390
-8.603 9.723 14.005
-6.005 7.483 12.352
-7.796 7.703 8.987
-7.839 11.505 9.189
-4.147 11.568 10.138
-3.386 9.388 7.109
-5.313 11.692 4.763
-3.497 14.721 6.165
0.033 13.355 6.178
0.419 11.303 2.980
0.596 13.172 -0.318
-0.921 10.146 -2.036
-3.995 8.245 -0.994
-5.893 5.517 -2.748
-8.770 7.722 -3.916
-6.359 10.342 -5.290
-4.382 7.577 -7.041
-7.465 5.979 -8.567
-8.692 9.306 -9.956
-5.358 9.722 -11.740
-5.144 6.102 -12.900
-8.660 6.295 -14.381
-7.620 9.028 -16.822
-1.695 17.876 -15.372
-2.279 14.266 -16.482
0.519 11.763 -15.838
3.252 11.439 -18.376
3.658 7.804 -19.457
7.182 6.398 -19.136
7.324 3.194 -21.158
10.773 3.308 -22.808
14.034 5.263 -22.697
12.794 8.119 -24.887
9.819 8.740 -22.608
11.915 8.301 -19.451
14.258 11.015 -20.697
11.396 13.341 -21.664
9.753 12.860 -18.246
13.030 13.561 -16.446
13.543 16.845 -18.296
10.143 18.055 -17.114
9.757 16.434 -13.694
13.302 16.045 -12.273
15.136 18.558 -14.442
18.152 19.019 -12.159
18.950 15.306 -12.280
19.489 15.400 -16.050
21.062 18.865 -16.367
24.661 17.568 -16.239
25.309 16.756 -19.902
27.620 13.814 -20.519
28.048 13.753 -16.712
24.464 12.570 -16.153
24.296 9.159 -14.521
23.128 6.017 -16.329
19.330 5.817 -16.708
19.055 2.943 -14.229
21.014 4.899 -11.620
18.849 7.999 -12.141
15.765 5.820 -11.686
17.140 4.313 -8.485
17.921 7.815 -7.218
14.305 8.817 -7.824
13.161 5.668 -6.024
15.235 6.685 -3.010
14.004 10.262 -3.036
10.464 8.932 -2.987
11.291 6.742 0.016
12.897 9.648 1.880
9.728 11.702 1.408
7.505 8.814 2.513
9.660 8.355 5.624
8.967 11.999 6.521
5.231 11.493 6.022
5.223 8.293 8.094
7.083 10.027 10.920
4.367 12.689 11.180
1.567 10.132 10.810
2.903 8.051 13.726
2.037 10.858 16.170
-1.665 10.030 15.689
-1.183 6.496 17.061
-2.256 6.332 20.741
0.820 5.905 22.891
3.433 6.440 20.161
4.341 10.018 21.147
4.397 8.873 24.789
7.145 6.358 24.038
10.789 7.033 24.722
12.294 8.950 21.804
14.697 6.090 21.084
11.841 3.584 20.854
10.015 5.887 18.422
13.154 5.853 16.258
13.469 2.061 16.395
9.829 1.503 15.466
10.080 3.838 12.519
13.416 2.338 11.416
11.977 -1.184 11.075
8.462 -0.190 10.091
8.974 2.405 7.352
9.822 0.084 4.443
7.045 -2.332 5.357
4.662 0.616 5.332
6.183 1.980 2.115
5.583 -1.257 0.226
2.076 -1.635 1.634
1.128 1.896 0.525
2.885 1.550 -2.810
0.170 -0.918 -3.772
-2.278 1.989 -3.876
-0.375 3.576 -6.806
0.187 0.283 -8.676
-1.892 -1.596 -11.188
-0.903 -4.629 -13.226
0.610 -2.395 -15.925
2.581 0.202 -13.981
2.675 2.704 -11.166
2.307 6.398 -10.406
5.467 8.344 -9.651
6.583 11.895 -9.026
3.628 13.103 -6.971
1.153 11.576 -9.403
2.635 13.252 -12.473
4.196 10.182 -14.089
3.075 6.637 -14.793
5.998 4.241 -15.292
5.262 0.881 -16.824
5.940 -2.412 -15.135
7.446 -3.736 -18.366
9.811 -0.771 -18.643
11.060 -1.402 -15.113
11.575 -5.095 -15.973
13.597 -4.057 -19.017
16.306 -2.228 -17.036
19.742 -3.766 -16.783
20.396 -6.072 -13.854
20.248 -5.558 -10.892
17.903 -2.592 -11.298
15.187 -4.589 -13.089
14.875 -6.671 -9.919
13.822 -3.797 -7.636
10.173 -3.247 -8.461
8.809 -6.564 -9.728
8.435 -8.239 -6.294
6.607 -5.114 -5.100
4.179 -5.378 -8.014
3.669 -9.061 -7.131
2.878 -8.113 -3.544
0.623 -5.255 -4.638
-1.505 -7.229 -7.063
-2.561 -9.633 -4.322
-2.844 -6.858 -1.714
-5.053 -4.796 -4.027
-7.291 -7.830 -4.588
-8.321 -7.468 -0.932
-10.058 -4.213 -1.959
-9.002 -2.247 1.098
-9.829 1.442 1.291
-7.937 4.277 2.915
-9.809 3.736 6.225
-8.414 0.190 6.350
-4.931 1.003 5.044
-4.408 3.775 7.594
-4.978 1.314 10.460
-2.848 -1.356 8.753
0.059 1.111 8.478
-0.405 2.106 12.131
-0.274 -1.590 13.064
2.947 -2.078 11.049
4.566 0.751 12.971
3.458 -0.765 16.351
5.422 -4.005 16.399
6.816 -4.894 19.796
9.206 -7.508 18.395
11.521 -5.036 16.644
15.164 -5.378 17.751
16.535 -2.994 20.369
13.316 -1.706 21.939
13.633 -0.300 25.466
9.983 -0.577 26.629
8.683 -3.734 24.912
5.746 -4.065 27.272
4.333 -0.613 26.595
4.818 -1.084 22.861
3.035 -4.423 23.000
0.050 -2.750 24.666
0.091 0.051 22.088
0.177 -2.635 19.386
-2.686 -4.548 20.974
-4.784 -1.399 21.066
-4.259 -0.526 17.387
-4.710 -4.121 16.260
-7.974 -4.303 18.222
-9.196 -1.182 16.411
-8.085 -2.705 13.076
-9.912 -5.989 13.773
-13.164 -4.242 14.709
-12.908 -1.856 11.762
-12.395 -4.682 9.239
-15.335 -6.586 10.723
-17.515 -3.480 10.181
-16.110 -2.304 6.826
-15.689 -5.737 5.183
-18.638 -7.873 6.358
-18.215 -10.023 3.269
-14.691 -11.339 4.111
-14.558 -13.196 7.427
-10.831 -13.926 6.997
-9.714 -10.349 6.213
-8.034 -9.747 9.588
-5.856 -12.906 9.489
-5.146 -12.204 5.805
-3.731 -8.838 6.852
-1.725 -10.353 9.682
-0.147 -12.585 7.070
0.468 -9.594 4.779
2.431 -7.992 7.606
4.676 -11.056 7.777
4.989 -11.102 4.004
6.062 -7.450 4.099
8.813 -8.219 6.581
10.198 -10.801 4.165
9.794 -8.420 1.219
11.814 -5.807 3.088
14.574 -8.220 4.078
14.902 -9.237 0.443
14.820 -5.601 -0.666
17.622 -4.740 1.742
19.684 -7.624 0.346
19.298 -6.240 -3.179
20.173 -2.734 -2.003
23.379 -4.126 -0.452
24.240 -5.735 -3.806
23.707 -2.355 -5.466
25.850 -0.683 -2.801
28.722 -3.144 -3.284
28.643 -3.387 -7.092
27.223 -0.051 -8.424
29.563 2.768 -7.406
27.461 5.403 -9.200
24.290 4.540 -7.233
24.834 6.701 -4.169
22.642 5.778 -1.187
20.899 8.672 0.545
22.241 9.021 4.133
18.805 8.836 5.798
18.192 5.531 4.056
21.684 4.233 4.857
20.850 4.690 8.546
17.504 2.902 8.158
19.213 -0.072 6.529
22.127 -0.086 8.997
21.940 -3.071 11.377
18.565 -4.122 9.942
18.965 -7.496 8.164
10.164 5.949 -9.143
