13.891 35.093 36.406
16.010 31.846 36.334
14.764 31.222 32.720
16.436 33.072 29.803
14.165 34.698 27.159
15.178 36.977 24.216
13.856 40.531 23.513
12.155 41.037 20.101
14.019 42.998 17.380
12.653 46.471 16.397
11.952 47.496 12.714
10.909 50.732 10.850
7.413 50.882 9.188
7.555 49.875 5.469
5.001 50.523 2.658
5.076 46.826 1.669
1.890 47.317 -0.513
3.230 50.088 -2.864
5.840 48.061 -4.867
3.635 44.852 -4.903
0.580 46.938 -6.115
2.854 48.506 -8.848
4.012 45.004 -9.961
0.361 43.650 -10.056
-0.811 46.788 -12.043
2.027 46.124 -14.613
1.359 42.295 -14.806
-2.525 42.709 -15.071
-2.800 46.100 -16.908
-6.396 45.310 -18.158
-7.373 42.839 -15.375
-9.775 44.883 -13.164
-10.499 41.597 -11.252
-6.812 40.570 -10.607
-5.666 44.170 -9.764
-8.586 44.399 -7.240
-7.857 40.952 -5.582
-4.014 40.989 -5.355
-3.674 44.769 -4.547
-6.169 44.130 -1.661
-3.942 41.153 -0.581
-0.907 43.525 -0.817
-2.638 46.089 1.482
-3.729 43.211 3.851
-0.080 41.932 3.902
1.219 45.511 4.703
-1.308 45.699 7.645
-0.150 42.171 8.704
3.526 43.322 8.897
2.378 46.364 11.025
0.438 44.003 13.385
3.290 41.369 13.501
6.490 43.504 13.773
5.500 47.247 13.807
4.419 47.378 17.524
5.383 45.911 20.938
3.712 42.510 21.528
1.819 41.187 24.568
3.184 37.729 25.624
-0.029 35.958 24.356
-0.642 33.095 21.867
-2.658 35.469 19.599
0.374 37.789 19.194
2.670 34.742 18.425
0.118 33.397 15.843
0.053 36.925 14.166
3.911 36.711 14.012
3.874 33.057 12.766
1.205 33.990 10.133
3.331 36.969 8.910
6.369 34.573 8.540
4.206 32.053 6.546
2.762 34.825 4.320
6.220 36.349 3.379
7.563 32.790 2.698
4.493 32.197 0.421
4.921 35.351 -1.835
8.724 34.938 -2.386
8.216 32.950 -5.678
5.158 35.032 -6.901
7.213 38.335 -7.038
10.658 38.877 -8.681
12.468 39.346 -5.313
15.224 37.091 -6.868
15.811 39.510 -9.849
16.083 42.478 -7.388
13.141 44.186 -9.253
11.012 44.964 -6.101
12.259 48.238 -4.447
11.798 47.107 -0.769
14.233 47.997 2.066
13.665 46.472 5.562
15.386 48.237 8.539
15.957 46.116 11.716
17.630 46.875 15.081
19.876 44.343 16.949
17.940 42.534 19.771
20.904 43.018 22.182
20.716 46.834 22.892
23.911 47.122 25.067
27.355 48.830 25.270
28.536 52.160 23.712
26.418 52.249 20.427
29.764 52.311 18.438
30.339 50.524 15.077
27.295 51.721 13.040
25.276 48.405 13.184
22.716 48.946 15.939
20.276 49.403 12.915
20.755 47.591 9.501
18.708 48.333 6.296
18.703 45.768 3.419
16.542 45.414 0.284
16.289 41.646 0.968
13.249 39.398 1.638
15.766 36.799 3.074
16.865 39.413 5.700
13.150 40.131 6.513
12.530 36.330 6.828
15.445 35.818 9.288
14.441 38.804 11.553
10.735 37.771 11.569
11.638 34.132 12.474
13.997 35.554 15.167
10.967 37.485 16.580
8.845 34.245 16.466
11.614 32.427 18.464
11.967 35.397 20.890
8.218 35.743 21.668
8.015 31.907 22.047
10.934 32.132 24.587
9.011 34.926 26.480
5.635 33.067 26.543
7.525 29.955 27.779
9.345 31.973 30.554
5.967 33.563 31.737
4.568 30.048 32.386
3.636 28.866 35.891
5.864 25.719 36.111
3.956 24.687 39.298
0.967 24.103 36.913
0.834 21.107 34.509
-0.492 23.130 31.486
2.245 25.786 32.114
4.891 23.035 31.826
3.261 21.722 28.582
3.248 25.231 26.956
6.842 25.923 28.160
8.157 22.602 26.655
6.398 23.272 23.292
7.569 26.968 23.107
11.222 26.296 24.161
11.535 23.510 21.489
9.906 25.808 18.866
12.308 28.671 19.829
15.282 26.235 19.682
14.407 25.020 16.153
13.484 28.542 14.892
16.915 29.887 16.139
18.668 26.838 14.493
16.837 27.411 11.134
18.152 31.035 11.204
21.686 29.668 11.972
21.500 27.252 8.943
20.008 29.855 6.453
20.813 33.489 7.537
24.137 34.031 5.577
22.480 32.898 2.223
20.421 35.712 0.588
21.948 38.280 3.026
24.885 39.632 0.856
26.801 41.579 3.652
27.434 40.645 7.368
24.303 40.382 9.602
23.760 42.267 12.918
25.301 40.163 15.772
21.911 38.930 17.173
21.010 36.886 14.005
24.672 35.854 13.284
25.015 32.018 13.084
27.042 31.817 16.360
24.557 34.009 18.301
21.421 32.100 17.155
23.288 28.763 17.532
23.914 29.475 21.227
20.295 30.756 21.634
19.082 27.463 19.996
21.016 25.389 22.550
19.850 27.539 25.507
16.188 26.978 24.500
16.776 23.194 24.126
18.369 23.071 27.633
15.345 24.963 29.093
12.998 22.557 27.213
14.809 19.576 28.820
14.649 21.391 32.208
10.837 21.614 31.790
10.626 17.777 31.285
12.792 17.336 34.424
10.325 19.676 36.341
7.284 17.719 34.943
8.857 14.443 36.140
9.624 16.046 39.554
6.066 17.475 39.855
4.575 13.985 38.993
6.850 12.165 41.577
8.122 9.769 38.848
10.897 7.265 39.655
14.248 8.741 40.779
16.033 6.806 37.989
14.358 8.720 35.095
14.537 12.087 37.035
18.336 11.642 37.434
18.590 10.878 33.688
16.379 13.866 32.618
18.489 16.201 34.878
21.764 14.690 33.542
20.700 15.328 29.884
19.826 18.952 30.933
23.364 19.276 32.435
24.896 18.409 28.987
22.701 20.971 27.146
23.388 23.773 29.726
27.119 22.783 29.740
27.350 23.079 25.896
25.392 26.416 25.856
27.748 27.745 28.599
30.939 26.578 26.692
29.720 28.304 23.455
28.674 31.528 25.317
32.164 31.768 27.002
34.180 31.897 23.690
32.713 35.048 22.095
30.058 36.354 24.569
27.698 38.630 22.508
24.574 37.988 24.716
23.178 39.979 27.678
25.423 39.821 30.804
22.943 37.632 32.846
23.193 34.689 30.331
26.750 33.503 31.282
26.049 33.261 35.073
22.508 31.713 34.626
23.889 28.977 32.245
26.865 28.321 34.650
24.350 28.086 37.580
21.881 25.780 35.690
24.833 23.602 34.475
25.934 22.960 38.139
22.287 22.817 39.487
21.318 20.140 36.926
24.459 18.008 37.679
23.505 18.296 41.415
19.886 17.224 40.627
21.235 14.207 38.663
23.493 13.215 41.636
20.721 13.941 44.220
18.163 11.616 42.497
20.822 8.945 41.651
21.760 9.055 45.431
18.106 8.127 46.307
18.309 5.065 43.932
21.699 4.095 45.494
19.957 4.261 48.970
16.919 2.108 47.821
19.462 -0.431 46.342
21.351 -0.417 49.718
24.521 1.054 48.121
24.985 3.351 51.185
28.557 4.410 50.231
27.535 5.543 46.695
24.573 7.543 48.207
27.074 9.550 50.351
29.582 9.842 47.421
26.846 11.306 45.159
25.295 13.545 47.908
28.836 14.956 48.600
29.203 15.797 44.841
25.700 17.386 44.787
26.690 19.512 47.834
30.042 20.757 46.391
28.266 21.651 43.062
25.598 23.632 45.014
28.404 25.314 47.066
29.974 26.720 43.847
26.501 28.017 42.729
25.597 29.689 46.136
29.193 31.127 46.253
29.416 32.610 42.654
25.843 32.925 41.203
24.180 34.378 44.365
22.697 37.286 42.280
21.057 35.124 39.530
19.647 31.908 41.202
18.398 31.001 44.759
19.581 27.428 45.758
18.767 27.580 49.554
15.987 24.895 49.772
17.958 22.510 47.505
21.185 23.096 49.574
19.312 22.220 52.842
17.654 19.062 51.354
21.101 17.771 50.225
22.688 18.496 53.659
19.810 16.771 55.603
20.090 13.694 53.291
23.949 13.698 53.681
23.859 14.046 57.530
21.261 11.205 57.929
23.194 9.020 55.381
26.532 9.395 57.231
25.005 8.644 60.716
23.273 5.400 59.463
26.499 4.413 57.573
28.935 5.169 60.475
26.750 3.288 63.032
24.994 0.499 61.001
26.173 -0.183 57.388
29.952 0.678 57.517
29.847 0.850 53.659
33.022 2.322 52.106
32.434 5.703 50.333
33.493 5.176 46.689
35.695 7.648 44.789
33.520 9.454 42.143
35.636 7.791 39.341
34.378 4.247 40.285
30.653 5.219 40.041
28.514 3.993 37.106
27.977 7.100 34.893
24.372 8.414 35.210
22.448 7.803 31.976
20.792 10.460 29.784
17.097 10.634 28.741
16.491 13.037 25.819
12.831 14.191 25.714
13.515 17.288 23.500
14.308 18.192 19.851
14.791 21.557 18.030
11.331 21.732 16.330
11.896 22.037 12.538
10.481 25.067 10.615
8.144 23.789 7.834
5.808 26.529 6.491
3.058 26.756 7.468
3.946 27.174 11.219
0.794 29.365 11.876
-2.576 27.695 12.771
-5.322 28.259 10.123
-3.012 29.552 7.350
-4.612 30.984 4.148
-2.126 32.443 1.567
-3.620 35.919 0.639
-1.843 35.339 -2.768
-3.081 31.655 -3.089
-4.942 32.445 -6.386
-2.171 34.552 -8.113
