-26.479 -18.550 2.929
-24.707 -21.787 2.093
-21.416 -22.516 3.815
-18.673 -24.682 2.320
-18.684 -28.139 3.905
-15.310 -29.519 5.007
-14.980 -33.198 5.861
-13.663 -34.025 9.331
-11.426 -36.690 7.822
-9.604 -34.024 5.856
-8.403 -32.116 8.916
-5.262 -32.990 10.852
-4.559 -30.989 14.019
-0.955 -29.980 14.592
-0.757 -27.516 17.446
-3.062 -25.691 19.843
-2.914 -21.882 19.626
-5.400 -20.770 22.273
-8.951 -20.820 23.600
-11.664 -18.177 23.448
-15.301 -18.030 24.474
-16.034 -20.102 21.375
-13.609 -23.025 21.793
-9.992 -23.950 21.057
-8.072 -22.758 18.013
-5.500 -25.020 16.320
-2.886 -24.908 13.635
-3.933 -27.752 11.368
-3.468 -29.206 7.927
-6.413 -29.678 5.603
-6.654 -31.952 2.554
-8.882 -31.570 -0.505
-9.153 -27.828 0.080
-6.513 -26.281 -2.177
-7.016 -26.547 -5.960
-4.332 -29.262 -5.968
-6.107 -30.967 -3.009
-2.614 -31.343 -1.540
-2.464 -30.569 2.186
-2.326 -26.920 3.255
-2.042 -25.164 6.593
-5.221 -23.791 8.116
-6.488 -22.643 11.446
-9.294 -24.605 13.022
-11.687 -23.478 15.733
-13.273 -26.364 17.631
-16.288 -26.043 19.940
-16.728 -29.034 22.233
-20.207 -29.882 23.586
-21.639 -26.531 22.511
-24.566 -25.005 24.360
-27.491 -23.773 22.305
-26.154 -20.223 22.602
-22.736 -21.374 21.399
-24.293 -23.239 18.461
-26.201 -20.125 17.507
-23.084 -17.981 17.721
-21.204 -20.533 15.603
-23.890 -20.345 12.931
-23.967 -16.546 13.044
-20.192 -16.413 12.616
-20.196 -18.881 9.716
-22.904 -16.993 7.864
-21.261 -13.624 8.482
-17.828 -14.764 7.266
-19.381 -16.356 4.207
-20.928 -12.997 3.347
-18.107 -10.653 4.367
-15.246 -11.348 2.005
-12.427 -8.912 1.361
-8.643 -8.778 1.094
-8.401 -7.358 4.619
-11.057 -9.400 6.367
-9.920 -12.759 7.780
-10.532 -15.515 5.242
-12.945 -18.299 6.104
-12.924 -21.700 4.340
-15.953 -23.460 5.806
-17.336 -25.679 8.555
-17.603 -29.382 9.256
-21.018 -31.006 9.451
-23.112 -31.243 12.590
-21.421 -33.151 15.379
-19.070 -32.716 18.302
-16.968 -30.710 18.220
-18.317 -28.041 15.901
-15.455 -27.081 13.614
-14.787 -23.904 11.660
-11.819 -23.585 9.293
-9.867 -20.382 8.606
-6.930 -19.234 6.558
-3.720 -19.597 8.590
-1.980 -16.298 9.339
1.512 -17.270 10.323
2.519 -14.228 12.370
-0.497 -14.395 14.664
-2.261 -11.427 16.207
-1.136 -7.915 15.446
-0.821 -6.811 19.055
1.778 -9.467 19.875
3.407 -8.770 16.507
3.737 -5.067 17.314
5.129 -5.809 20.770
7.693 -8.228 19.347
9.042 -5.359 17.248
8.998 -2.785 20.030
11.650 -1.262 22.344
10.503 -3.423 25.286
11.522 -6.466 23.260
14.359 -5.152 14.247
11.812 -2.362 14.618
9.019 -1.114 12.363
9.556 1.897 10.151
7.064 4.647 9.419
6.283 3.086 6.028
5.566 -0.267 7.678
3.405 1.291 10.377
1.421 3.225 7.786
1.003 0.093 5.671
-0.399 -1.800 8.680
-2.743 1.110 9.396
-3.834 1.445 5.763
-4.665 -2.227 5.479
-6.864 -2.111 8.565
-8.518 1.040 7.208
-9.144 -0.769 3.910
-10.864 -3.622 5.747
-12.936 -1.078 7.628
-13.968 0.695 4.404
-15.267 -2.667 3.269
-17.093 -3.325 6.555
-18.667 0.130 6.468
-19.785 -0.519 2.866
-21.627 -3.626 4.112
-23.096 -1.655 7.017
-21.299 -3.928 9.442
-20.382 -2.464 12.813
-17.539 -4.396 14.394
-17.574 -3.016 17.992
-14.217 -4.515 19.032
-11.621 -3.139 16.654
-8.183 -3.433 18.244
-4.832 -4.805 17.108
-5.424 -7.955 19.219
-8.272 -8.720 16.785
-6.164 -8.374 13.634
-4.025 -11.128 12.103
-0.669 -10.827 10.372
0.454 -13.012 7.470
3.379 -13.052 5.024
4.608 -9.776 3.493
3.085 -7.777 6.420
-0.391 -8.665 5.225
-2.907 -7.598 7.877
-6.535 -8.712 8.116
-9.322 -7.838 10.533
-11.002 -10.516 12.608
-12.864 -10.842 15.904
-11.612 -13.358 18.481
-13.208 -11.926 21.595
-11.800 -12.232 25.090
-9.337 -14.996 25.971
-10.695 -18.033 27.817
-7.374 -19.238 29.199
-5.156 -16.137 29.435
-5.611 -13.267 31.897
-6.634 -10.091 30.083
-6.762 -6.432 31.024
-8.531 -5.294 27.845
-12.163 -5.821 28.818
-14.221 -4.472 31.700
-17.772 -5.183 32.845
-19.469 -1.779 32.698
-23.786 -8.574 31.469
-21.055 -7.950 28.939
-17.324 -7.389 29.058
-16.469 -4.270 27.077
-13.257 -3.077 25.443
-13.607 0.296 27.147
-10.116 1.590 26.300
-11.015 1.382 22.603
-14.505 2.914 22.925
-15.833 6.468 22.417
-17.920 8.322 25.036
-21.275 7.537 23.390
-20.510 3.791 23.295
-19.512 3.723 26.935
-22.310 5.992 28.192
-25.217 5.049 25.912
-24.252 1.746 24.228
-24.360 3.510 20.866
-22.264 1.486 18.394
-21.939 2.799 14.847
-19.445 3.109 12.020
-18.421 6.300 13.839
-17.589 4.463 17.078
-15.575 2.034 14.926
-13.661 5.074 13.578
-12.886 6.096 17.146
-11.492 2.618 17.726
-9.402 2.939 14.591
-7.824 6.077 16.044
-6.924 3.967 19.068
-5.504 1.286 16.725
-3.262 3.983 15.190
-2.098 4.798 18.693
-1.403 1.105 19.346
0.619 0.816 16.153
2.785 3.833 16.904
3.391 2.673 20.476
4.294 -0.880 19.412
1.171 -2.411 20.900
1.098 -0.706 24.277
-2.256 -0.715 26.051
-4.206 2.529 25.650
-4.471 4.349 28.988
-2.023 1.846 30.462
-1.476 4.232 33.399
-5.166 4.181 34.345
-7.419 1.741 36.179
-10.672 0.742 34.481
-12.698 3.185 36.563
-10.235 5.947 35.683
-10.496 5.074 31.983
-14.287 5.502 31.994
-14.025 8.877 33.718
-11.184 9.916 31.415
-13.117 9.108 28.228
-16.370 10.572 29.579
-14.576 13.823 30.449
-13.143 14.183 26.955
-9.449 13.552 27.527
-7.640 11.864 24.631
-4.589 9.648 24.296
-1.339 11.576 24.170
0.765 11.753 21.023
3.480 9.094 21.022
6.928 10.693 20.762
7.748 8.761 17.567
4.389 9.641 16.013
4.498 12.254 13.227
2.184 15.225 13.792
0.200 14.321 10.684
-0.555 10.848 12.013
-1.584 12.239 15.393
-3.865 14.675 13.562
-5.593 11.655 12.006
-6.075 10.202 15.513
-7.606 13.497 16.665
-9.845 13.385 13.595
-11.073 9.992 14.845
-11.595 11.285 18.373
-14.003 14.160 17.881
-16.511 14.050 20.730
-19.426 14.552 18.323
-19.578 11.345 16.261
-20.720 13.134 13.102
-17.612 15.335 13.178
-15.229 12.391 13.091
-13.394 11.576 9.867
-15.104 8.746 8.053
-12.997 5.717 7.292
-12.867 6.431 3.537
-11.383 9.847 4.315
-8.927 8.230 6.722
-7.854 5.691 4.106
-7.159 8.460 1.568
-5.148 10.452 4.101
-3.016 7.524 5.252
-2.316 6.786 1.621
-1.265 10.390 0.955
0.906 10.388 4.099
3.154 7.588 2.897
6.309 8.582 1.021
6.251 5.298 -0.879
2.936 3.563 -0.314
3.045 -0.093 -1.359
1.432 -0.881 -4.659
-1.496 -3.298 -4.667
-1.763 -5.853 -7.490
-4.217 -8.543 -8.715
-2.270 -9.626 -11.804
