275.853 311.756 241.474
277.692 315.040 241.601
280.169 313.364 243.951
281.122 310.836 241.284
284.799 310.756 240.370
284.185 311.934 236.808
282.194 315.006 237.848
284.773 315.803 240.510
287.798 315.880 238.190
286.800 316.297 234.511
287.145 320.114 234.532
289.378 322.577 232.694
291.968 325.004 234.055
294.788 327.266 232.888
298.132 325.683 233.779
300.750 327.801 231.998
301.052 331.323 230.595
304.184 332.077 228.592
305.418 334.798 226.274
307.529 334.577 223.126
308.835 336.980 220.491
309.437 337.016 216.752
312.830 338.710 216.961
315.104 339.240 219.956
318.732 339.064 221.106
318.278 336.286 223.660
317.195 333.299 221.478
315.404 331.706 224.444
312.739 334.422 224.360
311.858 333.272 220.851
309.861 330.200 221.858
307.629 329.030 224.685
308.203 325.934 226.754
306.457 323.846 229.393
307.258 320.487 230.969
304.022 318.659 231.689
303.946 317.384 235.259
300.874 317.134 237.462
302.552 318.727 240.463
302.930 322.306 239.282
299.315 323.459 238.963
297.954 324.084 242.444
294.379 323.934 241.107
294.332 320.221 240.341
297.152 319.221 242.714
295.264 319.112 246.015
292.308 317.353 244.381
294.650 314.643 243.104
296.354 314.087 246.462
293.272 312.266 247.726
294.295 309.282 245.613
297.375 307.156 245.177
297.206 305.953 241.557
295.390 307.658 238.658
294.740 306.892 234.992
293.324 309.375 232.482
293.428 310.802 228.968
294.357 314.450 228.496
292.740 317.210 226.451
294.540 320.486 225.783
293.169 323.710 224.295
295.304 326.770 223.468
294.442 330.482 223.535
296.928 332.738 221.760
297.118 336.547 221.493
299.652 338.901 219.902
300.683 342.540 219.933
303.075 344.815 218.085
305.910 346.406 220.048
305.775 350.098 220.909
309.345 350.554 219.725
309.435 352.630 216.559
307.645 351.436 213.429
304.014 352.071 212.493
301.971 351.985 209.314
302.309 348.226 208.828
299.840 346.056 206.912
300.696 342.610 208.230
298.952 339.369 207.204
297.616 337.072 209.960
300.279 335.264 211.948
300.910 331.532 211.925
301.893 329.528 214.990
303.426 326.064 215.433
302.599 323.971 218.504
304.703 320.820 218.903
304.187 318.010 221.405
307.099 315.732 222.278
306.376 312.216 223.594
308.509 310.874 226.457
311.702 309.972 224.662
311.829 312.464 221.789
314.372 315.121 220.870
314.359 318.609 222.351
315.034 321.843 220.437
317.594 324.416 221.451
316.680 327.283 219.135
313.814 328.122 216.834
315.956 327.292 213.784
316.665 323.739 214.944
316.138 320.641 212.818
314.091 319.096 215.631
311.095 321.237 214.737
310.748 319.147 211.560
310.965 315.576 212.841
308.267 313.204 211.704
307.500 311.711 215.120
306.665 314.825 217.111
302.980 315.660 216.550
302.562 319.296 215.607
299.710 321.737 214.927
299.768 324.730 212.584
297.272 327.500 213.087
296.530 331.036 211.969
294.838 333.776 213.938
291.154 334.582 213.650
290.074 330.946 213.624
288.748 328.709 216.399
291.268 327.869 219.142
293.375 324.749 218.585
292.928 321.471 220.370
294.522 318.035 220.611
294.032 314.936 222.728
296.554 312.589 224.387
296.138 308.921 225.385
297.433 307.343 228.586
301.172 307.277 227.808
302.848 305.024 230.325
304.635 301.711 230.140
303.259 301.166 233.633
299.603 300.602 234.368
298.774 303.845 236.222
300.371 307.111 237.110
301.766 307.540 240.608
300.856 310.510 242.779
303.121 309.158 245.519
306.364 307.200 245.409
308.271 306.063 248.517
311.682 305.275 247.098
314.426 306.284 244.717
314.766 306.770 240.983
317.738 304.394 240.664
319.237 308.905 242.937
316.344 311.266 243.653
313.815 310.462 246.359
310.131 310.569 245.511
310.685 310.730 241.749
310.331 307.796 239.381
310.615 307.520 235.616
307.089 306.253 234.943
305.481 309.698 235.302
307.165 311.156 232.218
304.412 312.657 230.101
306.127 315.020 227.670
306.663 318.662 226.791
305.143 321.496 224.713
306.967 323.967 222.456
305.453 326.948 220.600
307.010 329.358 218.083
306.126 331.627 215.155
306.117 330.239 211.611
307.450 333.377 209.905
309.851 333.469 206.994
313.238 335.187 207.157
314.015 338.503 208.927
310.536 339.051 210.391
308.734 342.004 211.950
308.854 342.513 215.736
305.821 341.138 217.551
305.320 339.411 220.888
302.829 336.638 221.540
301.303 335.049 224.628
299.929 331.528 225.067
297.496 330.120 227.631
297.366 326.348 227.917
294.098 324.868 229.146
294.175 321.348 230.503
291.410 318.808 231.094
291.360 315.122 232.107
288.987 312.532 230.712
288.005 308.930 231.508
289.468 309.111 234.992
289.951 306.135 237.338
291.473 306.294 240.836
292.729 303.908 243.515
293.612 303.840 247.249
292.234 306.996 248.942
294.450 309.097 251.204
293.829 311.760 253.838
293.925 315.395 252.705
296.888 317.701 252.957
296.790 319.706 256.186
299.858 321.762 255.248
300.697 324.478 252.766
302.743 323.202 249.837
306.340 324.409 249.830
307.924 323.177 246.595
306.612 321.396 243.510
308.676 318.207 243.741
308.555 316.943 247.331
306.040 316.686 250.170
307.974 319.016 252.494
306.104 321.214 254.948
306.128 323.040 258.271
304.218 321.769 261.335
300.756 323.311 261.617
297.982 323.065 264.189
295.302 320.404 263.853
292.327 322.797 263.995
291.278 326.146 265.483
290.573 326.976 269.103
287.506 327.927 271.116
286.770 329.239 274.592
286.250 326.040 276.570
285.248 322.427 276.078
281.678 323.329 277.079
281.266 326.367 274.838
278.259 326.466 272.504
277.296 329.800 270.883
273.943 331.340 271.730
270.851 330.203 269.833
269.211 332.922 267.760
