26.607 -14.503 23.181
28.458 -11.165 23.299
31.246 -9.650 21.251
33.642 -8.041 23.724
36.315 -5.403 23.078
39.331 -5.221 25.387
41.660 -2.212 25.191
45.248 -1.777 26.470
45.889 1.965 26.101
49.241 3.603 25.585
50.796 6.851 24.391
52.752 4.963 21.727
50.788 1.700 21.368
47.193 0.834 22.219
46.453 -2.877 22.139
42.972 -4.062 21.206
41.387 -7.486 21.347
37.894 -8.653 20.392
36.457 -11.973 21.576
33.043 -13.596 21.151
31.245 -15.145 24.107
30.213 -18.611 22.995
28.402 -21.098 25.203
31.546 -23.293 24.987
33.797 -20.457 26.176
35.291 -17.712 24.035
36.203 -17.434 20.367
38.955 -15.260 18.909
37.784 -12.469 16.606
40.534 -9.862 16.248
43.475 -8.200 17.972
46.398 -5.971 17.119
48.230 -2.727 17.809
47.263 0.884 17.221
50.565 2.687 16.632
50.663 6.437 17.351
54.366 7.268 17.584
55.257 10.199 15.343
53.287 13.408 15.060
51.779 16.080 17.272
49.910 14.766 20.300
46.451 15.722 19.096
46.963 13.844 15.827
48.109 10.850 17.898
45.047 11.017 20.141
42.749 11.321 17.150
44.315 8.212 15.582
43.485 6.288 18.782
39.882 7.555 18.777
39.329 6.838 15.075
41.126 3.476 15.112
39.160 2.241 18.139
35.908 3.343 16.473
36.984 1.519 13.299
37.639 -1.699 15.231
34.149 -1.415 16.756
32.379 -0.727 13.460
34.265 -3.579 11.804
33.806 -6.347 14.367
30.658 -5.214 16.198
31.575 -5.580 19.907
28.866 -4.231 22.205
30.927 -4.247 25.411
34.160 -2.515 26.370
36.435 -4.059 28.972
39.308 -1.994 30.355
41.893 -2.384 33.079
42.007 -0.069 36.077
45.190 1.996 36.437
46.399 1.578 40.020
50.025 2.799 39.941
51.398 4.552 36.892
55.147 4.361 36.548
55.492 8.123 37.099
53.671 11.386 36.366
55.085 11.947 32.854
53.956 8.395 32.062
50.529 8.874 33.680
49.764 12.024 31.685
50.421 10.400 28.311
48.659 7.165 29.289
45.545 8.998 30.491
45.277 10.971 27.258
45.314 7.807 25.141
42.994 6.112 27.642
40.404 8.905 27.467
40.531 8.974 23.661
39.893 5.222 23.532
37.090 5.158 26.088
35.036 7.978 24.553
35.355 6.360 21.106
33.916 3.170 22.586
31.060 5.055 24.205
30.232 7.086 21.098
29.543 3.688 19.530
27.230 2.807 22.447
29.344 0.132 24.117
28.838 -0.653 27.750
32.007 -0.268 29.822
33.333 -2.553 32.568
36.538 -1.900 34.496
38.562 -4.634 36.201
41.704 -4.489 38.299
44.943 -6.047 37.065
44.407 -8.766 39.644
40.856 -9.581 38.516
42.116 -9.847 34.937
44.801 -12.329 35.950
42.431 -14.308 38.212
39.947 -14.835 35.368
42.567 -15.777 32.772
45.363 -17.663 34.574
43.474 -18.516 37.755
45.415 -16.358 40.223
45.873 -12.636 40.740
49.674 -12.603 40.776
50.423 -14.358 37.472
53.340 -12.940 35.527
53.316 -11.679 31.940
54.498 -15.114 30.755
51.624 -17.135 32.184
49.047 -14.580 30.987
50.245 -14.626 27.383
50.234 -18.447 27.338
46.737 -18.706 28.810
45.526 -16.121 26.282
46.902 -18.368 23.537
45.486 -21.495 25.190
41.955 -20.159 25.776
41.693 -18.662 22.280
43.542 -21.541 20.542
46.034 -19.149 18.973
49.041 -20.523 17.150
51.083 -17.289 17.053
52.276 -15.203 19.983
50.327 -11.934 19.836
52.210 -8.737 20.427
52.236 -7.970 24.154
49.782 -5.079 23.965
47.463 -7.292 21.904
47.472 -10.173 24.393
46.973 -7.848 27.375
43.995 -6.460 25.477
42.739 -9.996 24.831
43.295 -10.849 28.500
41.239 -7.827 29.508
38.479 -8.891 27.103
38.493 -12.487 28.353
38.078 -11.178 31.908
34.719 -9.652 31.033
33.396 -12.833 29.361
30.298 -14.352 31.081
31.061 -12.243 34.173
