18.348 16.486 69.086
15.496 16.207 71.505
15.504 12.871 69.632
16.843 10.163 71.925
16.643 6.371 72.054
17.210 4.370 75.250
17.105 0.563 75.461
16.564 -1.108 78.830
16.162 -4.592 80.270
19.364 -6.386 79.253
21.206 -8.627 81.646
22.730 -11.973 82.545
20.396 -14.952 82.193
20.955 -18.674 81.692
20.013 -20.731 78.641
16.277 -21.309 78.489
15.622 -18.086 80.403
13.572 -14.958 79.688
14.160 -11.221 79.403
11.849 -8.352 78.476
13.682 -5.600 76.628
12.154 -2.216 75.975
13.116 0.760 73.827
11.869 4.284 74.588
12.105 7.103 72.026
11.549 10.811 72.611
11.277 13.603 70.074
8.885 12.015 67.541
5.113 12.099 67.045
3.546 9.075 68.700
3.091 6.030 66.479
4.028 7.557 63.127
7.199 5.544 62.451
8.026 1.852 62.438
10.463 0.632 65.085
13.195 -1.930 64.531
15.301 -4.148 66.800
18.866 -5.150 65.944
21.616 -6.913 67.855
25.392 -7.131 67.510
27.658 -9.747 69.105
31.528 -9.652 69.480
33.171 -10.265 66.094
29.851 -10.758 64.321
28.054 -8.340 62.045
24.806 -6.647 63.006
21.688 -8.843 62.785
18.128 -7.664 62.257
15.893 -9.128 64.992
12.306 -7.805 64.859
10.134 -4.930 63.645
6.738 -3.386 64.401
4.631 -1.008 62.316
3.761 2.604 63.183
0.386 1.679 64.693
1.477 -1.735 65.975
-0.898 -3.678 63.691
1.826 -5.755 61.997
5.086 -7.291 63.188
7.978 -9.281 61.738
10.795 -11.444 63.095
14.074 -12.907 61.918
13.820 -16.662 61.326
16.266 -17.335 64.183
13.955 -15.714 66.774
10.460 -16.419 65.386
8.332 -18.223 67.957
10.708 -17.225 70.776
10.535 -13.382 70.731
7.439 -11.165 70.701
7.433 -7.481 69.831
4.743 -5.065 71.039
4.226 -1.336 71.210
2.480 1.212 73.423
-0.448 2.779 71.590
0.207 6.126 73.291
4.022 6.301 73.459
6.935 5.521 71.155
7.903 2.677 73.472
8.419 -0.838 72.150
8.873 -4.095 74.056
10.715 -7.257 72.999
9.727 -10.276 75.098
12.628 -12.734 74.706
11.767 -16.327 75.732
13.672 -19.615 75.383
16.977 -17.776 75.172
20.035 -19.387 73.571
23.767 -18.622 73.830
23.690 -17.343 70.235
21.295 -14.607 71.469
24.150 -13.002 73.450
24.707 -9.496 72.061
24.016 -5.815 72.498
20.421 -5.170 71.417
19.347 -1.830 70.059
16.385 -0.186 68.420
15.985 2.320 65.617
13.092 4.559 64.645
12.233 3.948 60.974
14.962 2.823 58.544
17.987 4.883 57.517
17.511 7.791 59.968
20.882 7.654 61.725
19.040 7.834 65.072
20.245 4.938 67.232
20.317 4.084 70.939
23.325 2.972 72.981
21.894 -0.538 73.257
21.442 -2.990 76.087
23.627 -6.023 76.774
22.085 -9.508 76.789
24.349 -12.377 77.862
22.995 -15.930 77.797
25.083 -18.395 79.788
25.083 -21.975 78.533
23.711 -24.317 81.190
