-9.551 37.917 -10.172
-11.107 36.378 -13.298
-11.274 38.862 -16.201
-14.494 40.309 -17.433
-15.511 41.883 -20.689
-17.018 45.379 -20.762
-18.113 47.750 -23.512
-16.675 51.188 -24.126
-19.024 53.324 -26.213
-17.452 56.101 -28.280
-18.546 59.604 -29.359
-20.516 58.193 -32.288
-22.297 55.614 -30.137
-20.231 52.739 -31.496
-19.197 49.957 -29.120
-16.038 47.919 -28.613
-15.450 45.121 -26.113
-12.498 45.129 -23.666
-11.193 42.543 -21.262
-10.390 44.029 -17.850
-9.503 42.997 -14.320
-11.236 44.857 -11.498
-7.904 45.425 -9.751
-6.443 47.291 -12.770
-6.359 51.070 -12.506
-8.747 53.088 -14.680
-5.589 54.445 -16.350
-5.007 50.989 -17.862
-8.482 50.945 -19.421
-7.857 54.481 -20.756
-4.733 53.199 -22.506
-6.648 50.294 -24.095
-9.354 52.675 -25.319
-6.880 55.246 -26.628
-5.191 52.574 -28.738
-8.333 50.974 -30.108
-10.114 54.298 -30.768
-6.970 55.925 -32.194
-7.315 58.837 -29.719
-4.869 60.193 -27.125
-5.568 59.493 -23.417
-5.452 63.198 -22.682
-8.275 63.929 -25.136
-11.052 62.000 -23.392
-12.360 60.735 -20.086
-14.508 57.755 -19.184
-17.785 57.625 -17.272
-19.969 54.837 -15.904
-23.689 55.497 -15.465
-22.857 59.201 -15.704
-20.122 59.213 -13.049
-16.504 60.015 -14.093
-13.884 57.284 -13.668
-10.755 58.405 -11.772
-7.472 57.359 -13.474
-5.889 56.461 -10.149
-8.660 54.224 -8.837
-9.108 50.533 -9.480
-11.897 49.575 -11.859
-13.463 47.524 -9.050
-14.279 50.742 -7.197
-17.102 51.266 -9.752
-19.189 48.061 -9.856
-18.631 47.105 -13.396
-20.351 43.940 -14.584
-19.938 41.841 -17.735
-20.929 43.747 -20.846
-21.838 46.885 -18.928
-21.155 50.147 -20.821
-18.525 52.773 -20.051
-18.930 55.986 -22.101
-16.134 57.955 -23.718
-16.392 61.701 -23.287
-14.369 63.911 -25.624
-12.714 66.988 -24.112
