-2.997 -4.681 86.626
-5.131 -6.725 84.210
-3.205 -9.059 81.919
-4.006 -11.322 78.963
-1.563 -13.970 77.749
-1.784 -15.916 74.502
-0.273 -19.381 74.208
-0.127 -22.151 71.643
2.092 -23.608 68.920
3.603 -20.751 66.956
4.136 -23.225 64.103
1.615 -25.650 62.583
0.811 -28.085 59.610
-1.941 -27.576 57.006
-5.300 -29.356 57.326
-4.585 -29.569 61.069
-6.353 -27.518 63.746
-4.870 -24.180 64.805
-5.082 -24.103 68.615
-4.673 -21.009 70.783
-5.559 -20.249 74.392
-5.623 -16.980 76.319
-5.278 -16.875 80.098
-6.829 -13.954 81.979
-5.077 -12.729 85.125
-6.510 -10.012 87.404
-9.946 -10.000 85.785
-13.375 -11.588 86.043
-14.299 -14.101 83.313
-17.683 -12.331 83.292
-16.445 -8.740 82.857
-15.704 -8.835 79.113
-16.604 -10.219 75.689
-13.579 -12.433 75.052
-12.468 -12.080 71.426
-9.827 -13.289 68.983
-8.392 -11.052 66.238
-5.783 -11.689 63.550
-3.655 -9.637 61.163
-2.015 -11.476 58.248
1.451 -10.068 57.468
0.797 -7.184 55.088
-2.995 -7.174 55.254
-5.294 -5.495 57.779
-6.910 -6.411 61.070
-9.547 -9.152 61.001
-11.862 -9.810 63.953
-12.095 -13.599 64.226
-14.827 -13.759 66.829
-16.189 -13.193 70.311
-17.348 -15.575 73.057
-19.047 -14.942 76.410
-18.513 -16.972 79.577
-22.073 -18.338 79.450
-21.532 -19.614 75.905
-22.854 -16.805 73.717
-20.842 -17.190 70.505
-20.392 -14.722 67.638
-18.322 -15.651 64.585
-17.122 -13.571 61.664
-19.188 -14.909 58.724
-16.062 -15.206 56.558
-14.662 -17.743 59.051
-17.783 -19.181 60.728
-17.565 -22.487 58.835
-14.315 -23.545 60.534
-13.971 -21.528 63.787
-14.766 -22.966 67.218
-14.142 -20.826 70.301
-14.401 -22.019 73.894
-14.041 -20.759 77.464
-12.703 -22.493 80.585
-14.416 -20.822 83.545
-12.371 -22.803 86.086
-8.905 -22.121 84.651
-10.026 -18.559 83.747
-9.073 -19.073 80.083
-10.681 -18.927 76.681
-9.672 -20.814 73.547
-9.866 -20.659 69.760
-9.555 -23.552 67.307
-9.399 -23.066 63.530
-9.862 -26.080 61.245
-8.663 -26.493 57.651
-5.744 -24.097 58.012
-3.944 -22.925 54.869
-0.979 -20.614 54.330
-3.536 -17.788 54.174
-3.999 -18.297 57.938
-0.381 -17.423 58.765
-1.088 -14.309 60.809
-0.555 -12.490 64.080
-3.304 -13.641 66.441
-4.345 -11.739 69.568
-6.841 -12.222 72.351
-8.683 -9.242 73.784
-11.564 -8.623 76.107
-13.903 -6.378 74.156
-16.235 -4.061 76.050
-19.488 -4.448 74.130
-21.408 -1.777 76.054
-18.887 0.967 77.005
-19.640 -0.030 80.619
-15.973 -0.178 81.719
-13.703 2.739 82.434
-10.342 2.146 80.787
-11.974 0.620 77.710
-11.137 -2.621 75.969
-8.183 -4.675 77.175
-5.719 -6.508 74.967
-3.187 -9.305 75.001
0.304 -9.168 73.551
-0.222 -11.021 70.262
1.659 -13.983 68.789
2.674 -14.637 65.176
1.428 -18.099 64.197
2.772 -19.471 60.909
1.492 -22.586 59.137
4.113 -24.678 57.331
2.982 -27.004 54.535
5.116 -29.707 52.919
3.224 -29.686 49.598
3.829 -28.104 46.199
1.753 -26.910 43.255
2.890 -25.906 39.782
2.115 -22.423 38.485
-0.264 -21.550 35.674
1.459 -19.074 33.340
-0.461 -16.684 31.081
0.861 -13.823 28.932
-0.007 -10.160 29.456
-0.305 -8.887 25.867
0.799 -5.372 24.798
-2.227 -4.077 22.826
-0.007 -1.687 20.859
0.263 1.878 22.203
2.734 3.233 19.589
4.509 5.387 22.175
7.597 2.260 25.301
4.784 -0.273 25.666
4.523 -2.844 28.467
4.060 -6.615 28.261
4.262 -9.259 30.947
3.826 -12.726 32.423
1.180 -13.700 34.982
2.338 -16.571 37.207
-0.683 -17.787 39.154
-1.615 -20.314 41.847
1.602 -21.977 43.032
2.142 -22.878 46.653
5.852 -22.898 47.632
7.039 -19.351 47.603
10.249 -18.882 45.553
9.707 -18.591 41.822
12.258 -16.846 39.615
11.355 -15.067 36.373
13.858 -14.435 33.576
13.268 -12.776 30.208
14.793 -14.282 27.057
16.946 -16.497 29.299
18.532 -13.527 31.065
19.249 -11.427 27.983
16.548 -8.802 28.585
17.573 -6.899 31.723
16.735 -3.189 31.489
13.023 -2.583 31.984
12.333 -5.812 33.901
10.005 -5.205 36.861
8.826 -8.248 38.841
6.020 -7.280 41.196
6.024 -9.311 44.428
3.788 -12.317 44.928
0.378 -12.008 46.562
-0.952 -14.517 49.089
-4.530 -15.242 48.075
-7.151 -16.438 50.540
-6.893 -19.881 48.887
-3.350 -20.272 50.248
-1.647 -19.985 46.840
0.700 -17.340 45.451
0.497 -15.328 42.240
2.817 -12.658 40.850
3.347 -10.660 37.671
6.578 -9.813 35.855
6.275 -6.989 33.326
8.853 -5.523 30.958
8.782 -2.178 29.157
9.950 -2.380 25.541
9.961 0.185 22.698
6.807 0.125 20.580
8.815 -0.221 17.361
10.221 -3.564 18.567
6.804 -5.176 19.126
6.568 -6.780 15.687
10.262 -7.526 15.122
11.802 -8.669 18.418
10.201 -11.664 20.137
9.895 -11.790 23.924
9.690 -14.967 26.008
9.486 -15.066 29.796
11.107 -17.953 31.673
9.245 -18.914 34.851
11.179 -21.303 37.098
9.470 -22.896 40.119
11.992 -25.407 41.476
9.902 -26.705 44.442
7.395 -28.244 42.003
10.131 -28.954 39.407
8.376 -26.734 36.867
9.849 -24.576 34.103
7.603 -22.657 31.701
8.493 -20.398 28.775
5.858 -18.049 27.356
6.182 -16.163 24.087
4.349 -12.890 24.754
3.195 -11.496 21.407
0.494 -8.846 20.701
