64.969 7.349 40.672
63.722 6.375 44.133
61.578 9.491 44.631
59.552 8.917 41.443
58.751 5.376 42.511
57.170 6.747 45.705
55.174 9.307 43.711
53.861 6.593 41.397
52.738 4.392 44.264
51.089 7.216 46.207
49.425 8.456 42.997
48.081 5.034 41.954
46.796 4.520 45.489
45.057 7.922 45.501
41.377 6.909 45.443
38.910 9.502 44.154
35.949 9.483 41.800
36.825 11.399 38.601
33.222 12.545 38.112
32.671 14.262 41.470
35.941 15.941 42.417
35.099 19.143 40.536
31.389 19.971 39.976
29.792 22.848 38.087
27.429 24.784 40.289
24.558 26.531 38.580
21.768 28.744 39.721
18.920 27.136 41.530
15.428 28.601 41.591
13.272 27.106 44.325
9.722 28.372 44.006
6.671 27.506 41.877
4.894 30.884 42.288
5.055 32.003 38.645
1.545 33.143 37.668
0.713 34.588 34.295
0.338 38.355 34.217
-1.374 40.741 31.865
-1.720 44.323 30.828
-3.049 46.496 28.058
-1.204 48.897 25.783
-4.342 50.630 24.420
-6.266 48.003 22.443
-3.268 45.661 22.606
-3.356 42.826 25.110
-0.036 41.690 26.522
0.257 38.382 28.345
3.473 37.364 30.059
3.977 33.759 31.112
6.965 32.379 33.042
8.505 28.954 33.087
11.219 27.391 35.185
13.866 25.659 33.054
17.307 24.149 33.379
19.996 23.957 30.738
22.447 21.054 30.650
25.672 20.991 28.626
29.355 20.093 28.646
31.177 22.959 30.382
33.978 24.429 28.261
36.838 25.822 30.357
38.100 29.212 29.177
41.692 30.237 29.693
41.377 33.122 32.158
43.096 36.375 31.230
44.953 36.426 34.541
46.061 32.791 34.539
47.444 32.339 30.999
50.875 31.601 32.550
49.350 28.704 34.562
47.211 26.996 31.930
49.668 26.353 29.158
50.093 22.971 27.511
51.848 20.645 29.906
51.155 22.726 33.001
50.166 20.934 36.208
47.316 22.030 38.440
45.563 20.943 41.625
41.961 20.035 40.848
39.588 22.361 42.638
36.151 23.840 42.168
37.929 27.177 41.870
39.241 26.027 38.465
35.620 26.120 37.164
35.266 29.688 38.551
38.310 30.939 36.605
41.023 30.605 39.310
43.096 27.505 38.540
45.616 26.603 41.226
49.166 26.090 39.994
51.027 22.988 41.181
54.456 24.607 41.431
57.127 21.902 41.398
60.145 21.108 39.257
59.454 19.032 36.190
61.168 16.881 33.583
60.761 16.998 29.786
57.471 16.566 27.924
56.536 16.298 24.261
54.685 19.426 23.122
52.956 19.279 19.735
51.701 22.258 17.736
48.885 21.393 15.363
48.656 23.913 12.575
46.105 23.404 9.784
47.532 22.375 6.469
50.856 21.641 8.176
52.319 18.406 9.488
52.362 18.407 13.303
55.735 19.634 14.626
56.715 18.681 18.166
59.419 19.651 20.616
60.492 18.285 23.973
61.149 20.647 26.880
60.536 20.965 30.600
56.948 22.299 30.764
57.332 25.878 31.900
55.414 28.855 30.595
58.556 30.500 29.232
59.731 27.264 27.618
56.369 26.274 26.177
55.760 29.798 24.903
59.149 30.093 23.195
58.752 26.679 21.550
55.274 27.549 20.261
56.410 30.896 18.917
59.379 29.278 17.184
57.259 26.717 15.303
54.907 29.609 14.518
57.830 31.621 13.117
58.881 28.816 10.803
55.347 28.451 9.558
54.703 32.041 8.602
58.370 32.678 7.844
57.387 30.243 5.051
54.180 32.023 3.811
55.848 35.282 2.985
56.675 37.460 5.932
53.752 36.417 8.148
50.315 35.793 6.783
46.690 35.501 6.733
43.634 33.549 7.774
40.111 34.328 6.588
37.215 34.489 9.001
35.449 31.135 9.534
33.406 31.248 12.719
31.480 28.984 15.002
28.282 30.780 15.944
26.352 30.827 19.225
23.415 32.936 20.388
21.005 32.942 23.299
19.149 35.080 25.759
21.027 34.992 29.070
19.316 35.072 32.448
22.417 35.311 34.650
26.173 34.779 34.786
25.776 31.007 35.071
23.709 30.513 31.965
26.340 32.632 30.227
29.287 30.574 31.382
27.604 27.313 30.545
26.350 28.166 27.060
29.391 30.145 25.897
32.323 28.545 27.765
33.884 31.936 28.381
35.873 33.731 31.082
33.160 35.641 32.929
35.747 37.783 34.677
37.122 39.102 31.357
33.682 39.554 29.840
32.402 41.393 32.917
35.250 43.900 32.617
34.902 44.578 28.906
31.177 44.199 28.105
30.151 45.629 31.496
27.848 42.773 32.451
26.089 43.143 35.816
22.805 41.328 36.145
21.723 42.952 39.411
21.721 46.366 37.699
20.039 44.876 34.607
17.081 43.205 36.312
16.718 46.185 38.686
15.880 48.156 35.544
13.491 46.258 33.294
16.279 45.126 30.879
16.879 41.828 29.102
20.093 40.606 27.463
20.853 38.703 24.293
24.340 37.430 23.486
26.014 36.332 20.268
29.470 34.832 19.992
31.568 34.261 16.877
34.459 31.909 17.606
37.385 30.854 15.439
40.203 28.472 16.381
43.436 29.194 14.491
45.613 26.443 15.972
45.980 24.050 18.908
48.822 22.898 21.165
48.730 19.554 22.980
51.063 17.791 25.391
51.554 14.048 25.930
51.243 12.816 29.456
54.007 10.372 30.372
53.115 6.682 30.470
54.106 6.379 34.123
52.883 9.680 35.597
55.798 10.387 37.939
58.003 10.886 34.857
56.586 14.439 34.616
58.507 15.363 37.763
62.203 16.098 38.099
64.126 13.398 39.953
64.565 15.767 42.918
60.792 16.159 43.488
59.196 14.053 46.200
55.691 13.095 47.220
56.099 15.473 50.141
56.543 18.431 47.795
53.242 17.593 46.081
51.308 17.281 49.379
52.690 20.655 50.528
51.404 22.236 47.299
47.826 20.957 47.852
47.678 17.428 46.430
45.383 14.955 48.212
42.323 12.816 47.441
40.050 15.877 47.424
42.488 17.758 45.133
44.139 15.279 42.745
46.695 16.634 40.265
45.761 17.592 36.739
47.670 17.923 33.471
46.823 20.486 30.791
46.560 18.285 27.726
45.493 20.864 25.159
44.955 24.590 24.645
43.215 26.140 21.647
44.221 29.524 20.310
42.266 31.860 18.129
39.810 34.755 17.998
36.495 35.534 19.594
33.854 38.172 19.047
30.999 38.829 21.475
27.950 40.976 20.708
25.783 41.997 23.660
22.273 43.316 22.985
20.553 44.977 25.954
17.032 46.409 25.835
14.053 47.358 27.946
11.997 45.404 25.390
10.729 42.008 26.534
12.935 38.926 26.203
10.614 37.571 23.541
10.618 40.754 21.461
14.379 41.263 21.918
15.081 37.689 20.749
12.712 37.980 17.786
14.117 41.323 16.602
17.738 40.162 16.812
16.949 36.755 15.313
15.618 38.419 12.203
18.319 41.021 11.785
21.398 39.037 12.939
22.792 35.599 12.106
26.039 33.743 11.416
26.347 35.946 8.308
26.277 39.164 10.309
23.750 41.930 10.441
21.367 42.157 7.456
19.204 45.065 8.577
17.841 47.091 5.709
15.665 50.094 5.095
12.603 50.027 2.957
10.611 47.090 4.281
9.926 48.130 7.872
9.004 51.044 10.106
7.972 49.967 13.605
10.882 47.520 13.489
13.073 50.620 13.680
11.524 52.009 16.870
12.204 48.555 18.321
15.805 48.633 17.032
16.265 52.135 18.438
15.675 50.620 21.869
18.542 48.116 21.538
22.006 49.049 22.820
24.901 47.139 21.200
28.242 46.359 22.836
31.080 44.433 21.235
34.314 42.938 22.391
36.923 41.475 20.077
39.660 39.241 21.520
42.548 37.574 19.693
44.215 39.043 16.631
43.030 42.600 16.869
41.789 43.613 20.321
38.898 46.061 20.493
35.802 46.970 22.457
32.931 49.155 21.237
29.939 50.549 23.172
26.969 52.702 22.325
26.282 51.528 18.808
22.793 51.489 17.287
21.085 49.367 14.695
19.112 52.205 13.127
22.296 53.583 11.538
23.299 51.862 8.332
26.917 52.858 9.077
26.996 51.231 12.513
25.608 48.045 10.893
28.328 48.040 8.264
30.964 48.787 10.907
29.770 45.685 12.787
29.804 43.403 9.759
33.262 44.535 9.011
34.518 43.814 12.506
32.929 40.361 12.114
34.348 39.476 8.689
37.808 40.956 9.213
40.542 38.686 8.022
43.183 38.165 10.649
46.831 38.695 9.677
48.560 36.271 12.014
52.153 37.282 12.698
54.731 37.853 15.458
53.217 41.306 16.108
49.584 40.054 16.001
49.043 36.970 18.146
46.196 34.596 18.712
44.463 34.485 22.068
44.151 31.369 24.219
40.502 30.374 24.258
39.898 27.017 25.889
42.018 24.400 27.616
41.376 20.754 28.424
42.671 18.954 31.503
43.201 15.279 32.170
43.825 13.675 35.588
47.537 12.984 35.991
47.141 9.632 37.781
45.624 7.769 34.774
44.827 10.239 31.970
41.045 10.352 32.377
39.379 13.585 31.215
38.360 16.201 33.769
35.772 17.766 31.474
32.611 18.332 33.456
28.877 18.539 32.741
27.061 21.613 33.948
23.457 22.353 34.841
21.846 25.690 35.669
18.235 26.817 36.153
16.616 29.950 34.832
13.224 31.600 34.407
12.186 31.834 30.736
9.669 34.665 30.185
7.281 34.475 27.217
5.379 37.607 26.214
2.595 37.462 23.599
0.972 40.559 22.136
-2.586 40.187 20.829
-3.769 43.184 18.833
