-159.015 428.924 -38.931
-158.568 431.563 -36.137
-156.319 434.723 -36.392
-152.794 433.710 -37.634
-153.482 429.920 -37.431
-152.576 428.875 -41.067
-154.726 426.056 -42.610
-154.075 422.870 -44.675
-156.198 419.793 -45.751
-158.888 420.223 -43.012
-156.622 421.164 -40.040
-155.226 424.316 -38.341
-151.547 424.778 -37.323
-149.892 427.588 -35.231
-146.043 427.694 -34.645
-145.406 429.253 -31.159
-142.050 431.077 -30.605
-142.144 430.587 -26.773
-139.576 427.950 -25.521
-141.421 425.381 -23.314
-140.775 421.775 -22.132
-142.780 419.114 -24.055
-145.374 418.490 -21.225
-145.900 422.341 -21.063
-145.870 422.734 -24.906
-148.512 419.926 -25.067
-150.709 421.332 -22.186
-150.462 424.932 -23.630
-151.590 423.675 -27.131
-154.447 421.918 -25.273
-155.747 425.159 -23.599
-155.504 427.046 -26.982
-158.620 425.324 -28.495
-160.328 421.905 -27.982
-158.957 419.092 -30.203
-155.582 420.978 -30.092
-152.462 418.914 -29.203
-148.830 418.943 -30.476
-148.736 418.386 -34.281
-148.797 414.869 -35.792
-147.258 414.439 -39.303
-148.624 411.912 -41.867
-146.845 412.770 -45.225
-143.886 414.650 -46.841
-146.496 417.320 -47.834
-147.990 417.855 -44.307
-144.311 417.854 -43.098
-143.301 420.442 -45.828
-146.306 422.726 -44.956
-145.369 422.789 -41.204
-141.738 423.388 -42.328
-142.464 426.486 -44.475
-144.914 427.824 -41.789
-142.122 427.495 -39.127
-139.189 429.149 -41.056
-141.427 432.291 -41.465
-141.914 432.658 -37.630
-138.618 431.261 -36.069
-134.874 432.193 -36.550
-134.158 428.801 -34.824
-136.545 426.648 -36.943
-137.114 423.627 -34.567
-140.295 422.425 -32.747
-141.690 419.617 -30.474
-143.916 417.043 -32.314
-146.630 414.936 -30.581
-144.316 412.030 -29.604
-143.425 411.567 -25.898
-141.042 408.550 -25.330
-140.855 406.484 -28.565
-139.399 403.621 -26.361
-142.248 403.454 -23.757
-144.236 400.654 -25.502
-141.122 398.588 -26.588
-141.084 394.760 -26.118
-137.338 393.907 -25.702
-136.211 390.259 -26.453
-132.849 388.417 -26.042
-131.401 386.992 -29.332
-130.654 383.797 -27.283
-134.391 383.827 -26.226
-133.388 384.105 -22.510
-136.050 385.489 -20.097
-135.713 389.316 -19.511
-135.971 389.258 -15.646
-133.045 391.788 -15.474
-133.531 395.284 -17.024
-130.686 397.882 -16.843
-131.328 400.353 -19.733
-130.994 403.891 -18.333
-132.556 406.504 -20.747
-134.955 409.154 -19.276
-138.059 410.005 -21.358
-136.992 411.738 -24.647
-139.456 413.516 -27.055
-139.601 414.221 -30.851
-138.365 417.473 -32.532
-138.803 418.473 -36.212
-135.697 420.366 -37.432
-135.953 422.560 -40.588
-132.592 423.149 -42.373
-132.272 425.218 -45.635
-132.340 422.087 -47.913
-134.034 419.339 -45.732
-136.302 418.405 -42.730
-135.386 415.690 -40.125
-136.645 414.447 -36.712
-134.470 413.640 -33.654
-135.266 412.924 -29.964
-133.991 414.850 -26.869
-134.891 415.008 -23.139
-138.577 416.050 -22.759
-137.392 418.360 -19.865
-135.415 420.491 -22.398
-137.086 423.636 -23.950
-137.950 423.917 -27.672
-140.414 426.014 -29.744
-143.478 423.908 -30.837
-146.514 423.613 -33.212
-150.193 422.636 -32.425
-152.979 421.061 -34.629
-156.836 421.595 -35.130
