-2.164 35.483 2.614
-3.294 34.570 6.157
-2.922 30.782 6.815
-6.193 29.201 8.084
-5.466 25.950 9.985
-8.337 23.386 10.227
-7.977 20.128 12.184
-9.879 16.930 11.213
-9.515 14.357 14.032
-11.170 11.640 11.878
-10.168 7.944 12.271
-12.983 5.978 10.603
-13.168 2.760 8.536
-13.255 -1.001 9.285
-10.772 -0.478 12.142
-9.176 2.552 13.835
-5.570 3.349 12.797
-4.813 6.198 15.353
-4.865 9.060 12.802
-7.513 11.097 14.722
-4.568 12.128 16.959
-2.672 13.520 13.889
-3.824 17.179 14.280
-2.868 17.209 18.008
0.615 15.749 17.260
1.283 18.256 14.408
0.255 21.135 16.746
2.473 19.561 19.490
5.442 20.062 17.093
4.696 23.878 17.241
3.045 24.272 13.801
1.344 27.614 14.697
4.441 29.170 16.335
6.692 28.079 13.406
4.383 29.660 10.766
3.975 32.862 12.874
7.820 33.077 13.221
8.041 32.984 9.365
5.908 36.199 9.268
2.495 34.710 8.352
-0.754 35.756 10.028
-2.016 32.376 11.311
-5.618 31.582 12.296
-6.089 28.234 14.108
-9.794 27.510 13.446
-9.423 24.491 15.791
-10.745 20.963 15.162
-14.014 20.102 13.426
-16.058 17.809 15.736
-16.336 14.236 14.303
-19.667 12.404 15.034
-19.189 9.215 17.127
-21.511 6.298 16.168
-22.293 2.803 17.647
-20.101 -0.331 17.083
-21.376 -5.667 8.409
-21.677 -2.057 7.079
-20.705 -1.757 3.346
-19.128 1.755 3.402
-17.521 1.972 6.868
-18.854 4.838 9.068
-20.514 6.436 5.981
-22.811 8.788 7.973
-19.910 10.155 10.124
-17.562 10.593 7.090
-20.204 12.461 5.078
-21.053 14.655 8.113
-17.407 15.489 8.911
-16.656 16.209 5.229
-19.746 18.482 4.961
-18.533 20.546 7.981
-15.010 20.660 6.449
-16.174 21.698 2.929
-18.217 24.578 4.458
-15.252 25.819 6.554
-12.731 25.484 3.622
-15.195 27.336 1.320
-15.420 30.240 3.858
-11.571 30.411 4.142
-11.228 30.660 0.311
-14.047 33.284 0.085
-11.963 35.345 2.618
-8.870 35.028 0.288
-7.007 32.980 2.978
-4.898 29.827 2.474
-6.610 26.640 3.762
-4.187 24.287 5.604
-6.064 21.117 6.677
-4.556 18.618 9.186
-5.690 14.963 9.202
-6.900 12.580 10.153
-7.678 9.805 7.643
-7.317 10.642 3.914
-11.136 10.577 3.420
-10.995 14.276 4.505
-9.740 15.085 0.957
-13.420 14.621 -0.070
-14.453 17.654 2.028
-11.305 19.682 1.294
-11.779 19.314 -2.489
-15.563 19.850 -2.218
-14.918 23.246 -0.542
-12.075 24.177 -2.944
-12.722 22.911 -6.529
-15.796 25.136 -7.179
-13.464 28.205 -6.798
-11.379 27.120 -9.863
-12.112 26.129 -13.490
-9.205 23.627 -13.612
-7.997 22.720 -10.115
-4.846 20.598 -10.246
-4.139 18.014 -7.509
-0.725 16.692 -6.416
-1.545 13.423 -4.617
1.556 12.635 -2.520
0.882 9.196 -1.104
1.912 5.509 -1.002
-1.720 4.784 -1.986
-3.759 5.897 -5.013
-7.021 6.026 -2.920
-8.925 5.366 -6.211
-11.188 2.582 -4.854
-14.965 2.154 -5.012
-16.865 -0.348 -2.844
-16.545 -2.792 -5.812
-12.694 -2.633 -5.727
-12.235 -2.196 -1.929
-11.689 -5.316 0.244
-12.536 -3.223 3.391
-15.182 -0.589 2.494
-12.722 2.013 3.919
-13.762 5.430 2.536
-10.178 6.686 3.253
-9.138 4.407 0.323
-11.661 6.131 -2.033
-11.284 9.986 -1.795
-9.490 10.524 -5.138
-12.079 8.353 -6.991
-14.924 10.192 -5.161
-13.455 13.622 -6.134
-13.190 12.419 -9.798
-16.998 11.707 -9.633
-16.700 7.879 -9.208
-18.295 6.204 -6.174
-21.139 6.518 -3.642
-23.717 9.188 -4.701
-23.748 11.170 -1.388
-19.913 11.361 -1.356
-19.569 12.224 -5.093
-22.334 14.911 -4.900
-21.064 16.600 -1.690
-21.854 20.411 -1.832
-24.194 19.855 -4.848
-21.696 19.506 -7.740
-19.611 16.760 -9.422
-17.019 15.974 -10.393
-14.682 18.164 -8.281
-11.573 17.363 -10.371
-10.683 15.956 -13.835
-8.283 12.988 -14.218
-5.977 14.996 -16.579
-5.368 17.482 -13.679
-4.050 14.858 -11.165
-0.435 13.857 -10.537
0.157 10.968 -8.073
3.674 10.950 -6.500
5.054 8.040 -4.379
2.522 5.323 -5.282
3.589 1.800 -4.237
0.307 0.153 -3.028
-2.328 -0.031 -5.841
-4.952 -2.839 -6.220
-5.957 -4.207 -9.670
-9.075 -1.961 -9.892
-6.975 1.177 -9.212
-4.288 0.096 -11.736
-6.922 -0.505 -14.435
-8.468 2.940 -13.778
-5.065 4.695 -13.950
-4.313 3.011 -17.315
-7.822 3.642 -18.752
-7.887 7.336 -17.642
-4.263 8.084 -18.681
-3.668 9.517 -15.194
-0.101 10.808 -14.525
1.487 8.611 -11.814
5.087 8.638 -10.510
5.509 5.319 -8.704
8.658 4.795 -6.570
10.216 3.181 -9.701
9.870 6.488 -11.649
11.153 8.563 -8.673
14.221 6.243 -8.413
14.904 6.455 -12.189
14.218 10.212 -12.730
15.066 11.765 -9.330
12.661 14.019 -7.371
13.995 17.221 -9.091
12.883 15.936 -12.575
9.611 14.517 -11.111
8.609 17.973 -9.724
9.791 19.818 -12.921
7.627 17.427 -15.023
4.689 17.811 -12.552
4.873 21.644 -12.807
4.888 21.429 -16.648
1.981 18.929 -16.660
-0.254 21.140 -14.435
0.801 24.431 -16.169
-2.796 24.922 -17.482
-4.424 24.709 -13.988
-5.711 27.962 -12.312
-5.012 26.519 -8.820
-3.210 23.467 -7.388
-4.168 21.535 -4.219
-1.439 19.499 -2.460
-2.840 16.407 -0.687
0.167 15.141 1.277
-0.173 11.818 3.067
2.776 11.344 5.434
2.647 7.640 4.345
4.195 8.789 1.033
7.474 9.007 2.961
9.420 5.869 3.890
8.481 4.484 7.359
12.177 5.032 8.331
11.493 8.821 8.075
7.719 8.839 8.846
7.014 5.797 11.078
3.868 7.355 12.623
1.320 6.878 9.839
-2.029 5.075 9.618
-0.888 2.489 7.034
2.882 2.350 6.535
4.310 0.939 3.256
8.033 0.019 2.883
10.229 1.739 0.225
8.972 5.335 0.263
10.190 8.875 -0.447
12.948 10.157 1.876
12.591 13.200 4.159
15.238 15.028 2.028
13.385 14.289 -1.274
10.103 15.493 0.316
11.806 18.639 1.722
13.280 19.446 -1.737
9.843 18.813 -3.319
8.162 21.296 -0.938
10.883 23.965 -1.561
10.419 23.532 -5.361
6.580 23.808 -5.045
6.992 27.000 -2.973
9.362 28.503 -5.613
6.814 27.663 -8.394
4.073 29.576 -6.436
1.328 27.211 -7.752
0.004 25.714 -4.432
-3.297 27.409 -3.437
-4.409 24.878 -0.752
-2.927 21.930 1.159
-3.741 19.070 3.549
-1.212 17.036 5.611
-2.883 13.793 6.673
-2.531 10.265 8.150
-0.168 11.158 11.037
-0.568 8.348 13.631
1.095 8.895 17.053
0.584 5.164 17.948
3.385 4.019 15.531
5.486 7.233 15.822
8.848 7.662 17.627
8.793 10.767 19.920
6.663 12.705 17.368
9.232 12.255 14.540
6.332 12.236 12.045
4.481 15.229 13.590
7.762 17.201 13.514
8.370 16.072 9.887
4.867 17.272 8.939
5.647 20.752 10.414
9.058 20.904 8.617
7.360 20.043 5.267
4.637 22.709 5.864
7.388 25.275 6.661
9.222 24.433 3.380
5.985 24.541 1.364
5.312 28.027 2.813
8.786 29.378 1.952
11.166 28.455 4.797
14.770 28.253 3.433
17.977 26.818 5.010
19.895 29.991 3.924
