19.116 -56.961 6.202
21.075 -59.295 8.480
24.058 -59.870 6.176
24.257 -56.102 5.665
24.391 -55.511 9.428
27.274 -57.982 9.672
29.235 -56.290 6.883
28.703 -52.847 8.418
29.990 -54.094 11.774
33.223 -55.263 10.160
33.630 -52.023 8.208
32.940 -49.891 11.295
35.699 -51.714 13.179
38.179 -51.199 10.343
37.476 -47.447 10.315
37.681 -47.246 14.144
41.445 -46.941 14.152
41.813 -46.510 17.924
39.140 -49.125 18.743
37.185 -46.637 20.860
33.791 -47.782 19.581
33.174 -44.433 17.859
34.423 -42.864 14.628
36.167 -39.503 14.870
36.674 -36.971 12.096
40.377 -37.846 11.937
39.390 -41.493 11.406
37.100 -40.619 8.497
39.807 -38.346 7.073
42.264 -41.255 7.124
40.562 -42.462 3.931
42.496 -40.759 1.095
39.476 -40.294 -1.192
37.612 -38.510 1.636
40.426 -35.998 2.197
39.509 -34.044 -0.959
35.703 -34.378 -0.701
34.530 -30.968 0.593
31.288 -32.296 2.165
32.794 -34.944 4.467
32.426 -32.839 7.619
28.817 -32.048 6.699
27.945 -35.742 6.268
29.679 -36.641 9.564
27.753 -33.874 11.336
24.461 -35.238 9.982
25.285 -38.795 11.095
26.244 -37.420 14.539
22.671 -37.082 15.761
23.645 -36.656 19.446
26.210 -33.933 18.699
29.151 -35.408 20.593
31.423 -34.958 17.573
31.791 -38.661 16.732
29.760 -41.358 14.998
28.883 -44.410 17.098
27.625 -47.614 15.507
23.932 -46.792 15.950
24.481 -43.434 14.227
26.533 -45.212 11.544
23.763 -47.673 10.689
20.955 -45.091 10.687
23.077 -42.746 8.573
23.917 -45.403 5.997
20.271 -46.540 5.934
19.132 -43.226 4.426
20.959 -44.224 1.219
19.058 -47.505 0.829
17.382 -48.405 -2.458
14.096 -48.687 -0.540
14.262 -45.104 0.744
11.720 -42.769 -0.810
12.233 -39.378 -2.449
11.447 -37.377 0.699
14.051 -39.371 2.638
16.787 -38.616 0.097
15.838 -34.957 -0.370
15.714 -34.475 3.398
19.307 -35.707 3.704
20.354 -33.161 1.048
18.387 -30.508 2.934
20.313 -31.378 6.098
23.597 -30.822 4.239
22.722 -27.131 4.013
20.978 -26.835 7.401
24.149 -26.626 9.470
22.422 -25.637 12.717
19.775 -28.378 12.476
16.835 -26.078 13.207
14.874 -27.290 10.186
15.453 -24.143 8.091
18.269 -23.142 5.744
19.376 -19.646 6.755
21.579 -17.196 4.863
24.782 -17.682 6.838
24.841 -21.473 6.668
23.797 -21.531 2.996
26.802 -19.338 2.196
29.152 -21.412 4.362
28.141 -24.761 2.860
28.246 -23.423 -0.711
31.662 -21.901 0.054
32.892 -25.374 1.043
31.792 -26.767 -2.315
32.959 -23.947 -4.590
36.214 -22.918 -2.914
37.841 -20.233 -5.050
35.654 -20.684 -8.143
33.589 -17.737 -6.855
34.515 -14.659 -4.851
32.836 -14.154 -1.479
31.008 -11.099 -2.828
29.563 -12.991 -5.791
28.528 -15.935 -3.627
26.803 -13.739 -1.044
24.868 -12.006 -3.837
23.447 -15.206 -5.318
22.754 -16.598 -1.828
20.786 -13.425 -1.052
18.748 -13.741 -4.241
17.957 -17.416 -3.653
16.800 -16.660 -0.091
14.516 -13.873 -1.331
13.071 -15.750 -4.321
12.621 -19.092 -2.490
11.240 -17.728 0.811
7.444 -17.908 0.475
6.227 -17.404 4.062
8.437 -14.389 4.782
10.381 -15.682 7.795
13.639 -15.105 5.890
14.774 -18.755 5.857
14.140 -21.803 3.671
12.013 -24.608 5.102
12.101 -28.145 3.732
8.811 -27.465 1.922
10.246 -24.328 0.274
13.419 -26.302 -0.539
11.497 -29.078 -2.286
9.421 -26.573 -4.270
12.678 -25.518 -5.940
14.550 -28.809 -6.394
11.857 -31.498 -6.165
11.755 -31.934 -9.939
15.481 -32.555 -10.442
15.434 -36.282 -9.510
18.694 -36.125 -7.545
17.202 -38.645 -5.092
17.700 -41.309 -7.781
21.483 -40.803 -7.535
21.735 -40.995 -3.715
21.712 -44.792 -3.566
24.375 -47.035 -2.027
24.675 -50.830 -1.994
25.616 -52.179 1.434
