-31.113 9.383 -45.466
-32.702 12.063 -47.610
-32.002 15.187 -49.596
-35.035 17.481 -49.844
-35.698 20.840 -51.466
-36.476 24.033 -49.485
-40.268 24.334 -49.095
-41.046 20.737 -50.029
-42.254 18.036 -47.577
-40.777 14.643 -46.764
-42.223 11.658 -44.989
-39.874 9.472 -42.920
-40.753 5.995 -41.721
-39.950 3.720 -38.827
-40.998 0.024 -39.062
-41.375 -1.624 -35.673
-40.949 -5.383 -35.240
-40.436 -8.020 -32.617
-43.359 -6.948 -30.397
-47.040 -5.952 -30.538
-46.880 -2.420 -32.016
-50.129 -1.180 -30.410
-48.898 -1.908 -26.852
-46.322 0.989 -26.766
-46.049 4.644 -27.663
-43.617 5.777 -30.363
-41.766 9.119 -30.083
-39.793 11.188 -32.544
-36.645 13.099 -31.555
-34.613 15.614 -33.592
-30.888 16.226 -33.489
-29.199 18.961 -35.442
-25.529 18.450 -36.350
-23.379 19.030 -33.317
-26.399 19.858 -31.130
-28.513 18.232 -28.430
-31.739 16.257 -28.504
-35.195 17.819 -29.153
-38.475 16.032 -28.380
-40.967 16.347 -31.288
-43.924 14.259 -30.082
-45.473 10.899 -29.472
-48.148 8.729 -31.004
-50.170 5.728 -29.747
-50.310 3.302 -32.699
-53.713 1.718 -31.834
-55.625 4.971 -31.694
-53.380 7.502 -33.426
-53.645 9.635 -30.311
-50.777 12.190 -30.328
-48.952 14.736 -28.189
-46.779 17.351 -29.850
-44.178 19.779 -28.679
-45.664 23.191 -29.587
-42.434 24.115 -31.370
-43.148 21.382 -34.021
-46.974 21.800 -34.380
-47.581 22.395 -38.137
-43.956 21.432 -39.007
-44.420 17.759 -38.010
-47.350 15.399 -38.456
-47.271 11.933 -36.845
-49.167 8.977 -38.244
-49.093 5.231 -38.026
-50.124 2.366 -40.297
-51.089 -0.411 -37.878
-51.182 -3.174 -40.477
-47.573 -2.663 -41.481
-46.454 -1.649 -37.945
-44.942 1.510 -39.394
-44.705 4.947 -37.817
-44.417 8.037 -40.025
-43.403 11.612 -39.538
-44.222 14.137 -42.183
-42.068 17.253 -42.146
-43.546 20.114 -44.135
-42.372 23.499 -45.445
-38.744 22.530 -45.038
-35.930 24.952 -44.420
-32.302 24.757 -43.304
-33.221 24.635 -39.588
-34.920 21.248 -40.421
-31.661 19.644 -41.542
-31.035 17.085 -38.776
-31.082 13.472 -37.815
-34.603 12.291 -36.806
-34.849 9.289 -34.431
-37.911 7.162 -33.789
-37.976 5.467 -30.366
-40.298 3.153 -28.474
-41.418 4.049 -25.001
-41.050 1.637 -22.133
-44.183 0.011 -20.776
-44.714 2.657 -18.085
-44.430 5.461 -20.743
-41.646 7.173 -18.666
-38.600 6.602 -20.879
-37.465 5.755 -24.376
-35.963 2.298 -24.369
-35.509 1.176 -27.964
-34.275 3.669 -30.547
-34.041 3.444 -34.319
-30.736 4.259 -36.070
-31.883 7.737 -37.162
-32.585 9.195 -40.582
-30.575 12.175 -41.753
-32.460 14.884 -43.718
-30.572 17.622 -45.525
-32.544 20.574 -46.939
-30.828 22.110 -49.974
-31.494 23.016 -53.590
-28.278 21.230 -54.639
-28.392 17.924 -56.506
-27.547 14.557 -54.960
-24.159 13.116 -55.972
-22.758 9.665 -55.102
-19.117 9.255 -53.998
-16.081 8.045 -55.924
-14.119 5.572 -53.736
-10.327 5.404 -54.127
-7.844 3.206 -52.367
-5.306 4.511 -49.856
-2.857 1.753 -50.627
-0.406 0.450 -47.983
3.163 1.853 -48.851
6.878 -2.140 -36.103
4.962 -4.722 -38.104
1.739 -2.710 -38.610
0.652 -1.139 -41.932
-2.137 1.422 -42.462
-4.469 1.301 -45.448
-7.815 2.879 -46.330
-10.402 4.287 -48.680
-10.925 7.860 -49.765
-14.628 8.507 -50.205
-14.764 11.617 -52.286
-17.184 14.163 -53.773
-20.615 13.283 -52.495
-23.676 15.212 -51.390
-25.377 15.344 -49.044
-24.107 13.617 -45.906
-23.863 10.944 -44.688
-22.025 7.904 -46.027
-21.341 4.771 -44.061
-18.172 2.733 -44.431
-17.515 -0.798 -43.213
-14.496 -3.076 -43.796
-14.833 -6.734 -45.018
-18.603 -6.486 -44.578
-18.370 -5.664 -40.886
-15.900 -8.461 -40.084
-13.057 -5.986 -39.653
-13.653 -3.469 -36.841
-10.529 -3.179 -34.660
-8.093 -0.474 -35.707
-10.699 1.170 -38.010
-11.044 4.958 -37.924
-13.612 6.612 -40.149
-13.083 10.352 -40.076
-15.732 13.041 -40.006
-16.599 14.384 -43.449
-15.148 17.699 -44.493
-17.032 20.070 -46.814
-14.716 20.849 -49.729
-14.621 24.203 -51.570
-16.724 22.491 -54.309
-19.692 22.127 -51.895
-19.247 18.363 -51.959
-18.099 16.243 -49.000
-15.136 13.915 -48.692
-13.942 11.511 -46.025
-11.379 8.805 -45.363
-11.699 5.549 -43.501
-8.449 3.838 -42.474
-7.453 0.627 -40.735
-4.181 -0.566 -39.166
-3.356 -4.202 -39.848
-0.308 -6.581 -39.546
2.167 -5.753 -42.355
2.619 -9.529 -42.712
-1.108 -10.015 -43.604
-0.938 -7.797 -46.702
-0.207 -10.536 -49.278
-2.652 -13.022 -47.766
-5.691 -11.107 -46.389
-8.015 -9.127 -48.621
-9.213 -5.741 -47.389
-12.374 -4.297 -48.922
-14.104 -1.113 -47.954
-17.885 -1.130 -48.290
-19.461 2.235 -48.901
-23.142 3.180 -48.803
-24.476 6.577 -49.788
-28.229 6.265 -49.288
-29.320 9.644 -50.772
-27.996 8.678 -54.203
-28.567 4.911 -53.807
-24.816 4.452 -54.422
-23.207 1.313 -52.929
-19.550 0.504 -53.742
-17.036 -2.152 -52.629
-13.364 -1.239 -53.164
-10.575 -3.749 -52.766
-7.454 -2.053 -51.296
-4.155 -3.607 -52.391
-0.423 -2.914 -52.010
0.700 -0.804 -54.998
