10.016 -0.343 -0.630
7.199 0.878 -2.889
5.433 -2.102 -4.444
3.160 -1.720 -7.442
0.265 -4.118 -7.995
0.501 -4.999 -11.758
1.601 -8.429 -10.566
1.025 -10.371 -7.350
3.038 -8.663 -4.552
5.317 -11.549 -3.695
8.348 -10.708 -1.573
11.298 -12.559 -0.089
10.970 -13.435 3.571
13.438 -14.991 5.985
12.909 -16.727 9.325
16.228 -17.742 10.864
18.064 -19.612 8.120
14.887 -20.240 6.118
14.614 -18.008 3.021
11.146 -18.233 1.435
8.633 -16.092 -0.511
5.151 -14.906 0.435
2.284 -12.760 -0.858
1.593 -9.380 0.811
-2.167 -9.866 1.302
-4.183 -6.933 2.669
-7.234 -9.219 2.566
-5.733 -11.556 5.207
-5.807 -10.826 8.901
-3.000 -13.228 9.758
0.225 -14.661 8.341
0.351 -18.338 7.342
3.386 -20.156 5.971
3.616 -23.795 4.888
7.322 -24.333 4.251
9.053 -23.360 7.483
9.706 -24.997 10.808
10.106 -23.375 14.255
11.261 -24.898 17.544
9.381 -24.897 20.820
5.875 -24.373 22.009
2.893 -23.265 19.943
-0.879 -23.010 20.263
-3.331 -24.735 17.983
-5.527 -22.530 15.787
-8.260 -23.206 13.252
-8.305 -21.367 9.947
-10.657 -21.842 7.023
-9.583 -24.425 4.421
-11.485 -26.440 1.737
-12.742 -29.214 4.203
-14.187 -26.593 6.577
-11.290 -25.961 8.843
-7.536 -26.574 8.858
-5.492 -26.891 12.037
-2.324 -24.780 12.081
0.324 -23.955 14.688
0.421 -20.435 16.136
3.932 -19.306 17.057
4.310 -15.984 18.896
7.117 -13.409 18.923
8.721 -14.754 15.738
11.546 -12.611 14.271
10.922 -12.387 10.494
12.461 -10.330 7.723
10.061 -9.193 5.005
11.606 -7.642 1.857
14.668 -6.876 4.016
12.724 -5.298 6.920
12.873 -6.986 10.380
9.719 -7.298 12.451
8.522 -9.543 15.279
5.057 -11.048 15.434
2.763 -13.998 15.184
3.230 -16.607 12.451
0.849 -19.492 11.685
2.496 -22.632 10.291
0.441 -25.192 8.475
-1.246 -26.055 5.199
-2.026 -23.036 2.948
-2.265 -22.876 -0.819
0.263 -20.049 -0.848
2.429 -18.391 1.791
0.603 -15.274 2.996
1.818 -12.183 4.894
-1.268 -10.697 6.484
-2.141 -7.451 8.142
-0.743 -8.511 11.537
2.823 -8.289 10.131
2.131 -5.480 7.694
1.117 -3.328 10.691
4.459 -4.193 12.334
6.174 -3.033 9.104
4.250 0.267 9.157
2.917 -0.662 5.718
0.233 1.423 4.044
-1.763 1.370 0.837
-1.294 4.662 -1.023
-3.034 6.241 -4.021
