-65.802 -16.455 -50.300
-63.965 -19.409 -48.762
-62.405 -20.697 -45.563
-59.493 -21.862 -47.722
-58.476 -18.263 -48.457
-58.186 -17.742 -44.691
-56.056 -20.855 -44.137
-53.720 -19.542 -46.846
-53.437 -16.112 -45.209
-53.005 -17.610 -41.731
-50.080 -19.676 -43.050
-48.385 -16.760 -44.815
-48.665 -14.619 -41.680
-46.750 -17.321 -39.805
-44.197 -17.784 -42.609
-43.234 -14.134 -43.171
-42.683 -13.829 -39.403
-40.434 -16.884 -38.878
-37.682 -17.143 -41.507
-34.892 -19.721 -41.595
-31.601 -20.520 -43.362
-32.783 -21.693 -46.801
-35.438 -18.975 -47.069
-32.804 -16.891 -48.921
-32.759 -19.250 -51.928
-34.310 -18.183 -55.235
-37.481 -19.247 -57.068
-39.409 -18.104 -60.143
-41.173 -14.800 -59.428
-44.470 -15.446 -61.216
-45.767 -12.019 -60.136
-43.107 -9.857 -61.799
-43.805 -11.600 -65.118
-47.606 -11.850 -64.839
-48.712 -10.927 -68.371
-52.233 -10.123 -67.155
-53.199 -13.689 -66.343
-56.374 -14.848 -64.646
-56.570 -15.246 -60.879
-56.637 -19.059 -60.996
-53.503 -19.214 -63.157
-51.608 -17.297 -60.463
-52.791 -19.709 -57.754
-51.830 -22.745 -59.840
-48.384 -21.292 -60.548
-47.825 -20.154 -56.956
-48.444 -23.738 -55.828
-46.038 -25.209 -58.390
-43.251 -22.825 -57.352
-43.768 -23.777 -53.699
-44.086 -27.459 -54.616
-40.793 -27.350 -56.528
-39.151 -25.840 -53.431
-39.999 -28.217 -50.596
-39.472 -31.142 -52.980
-35.962 -29.847 -53.677
-35.067 -28.742 -50.145
-36.873 -31.054 -47.694
-33.956 -33.504 -47.437
-31.423 -30.829 -48.481
-28.715 -31.273 -45.838
-27.657 -27.634 -46.298
-31.143 -26.510 -45.211
-31.105 -28.526 -41.978
-30.004 -26.841 -38.779
-27.146 -27.408 -36.352
-29.217 -26.947 -33.186
-32.510 -28.703 -32.494
-34.554 -25.502 -32.796
-32.854 -24.846 -36.142
-33.973 -28.338 -37.187
-37.501 -27.619 -35.938
-37.692 -24.433 -38.028
-36.772 -26.232 -41.248
-39.323 -28.992 -40.664
-41.840 -26.299 -39.680
-41.175 -24.324 -42.870
-41.550 -27.368 -45.135
-44.753 -28.298 -43.294
-46.266 -24.855 -43.934
-45.109 -24.856 -47.564
-46.995 -28.117 -48.106
-50.181 -26.589 -46.661
-49.990 -23.678 -49.108
-49.326 -25.993 -52.054
-52.453 -28.065 -51.439
-54.708 -25.101 -50.639
-53.508 -23.015 -53.589
-53.806 -26.047 -55.876
-57.419 -26.886 -55.026
-58.416 -23.221 -55.027
-57.123 -22.854 -58.594
-58.647 -26.024 -60.034
-56.300 -26.006 -63.031
-54.585 -29.291 -63.859
-51.444 -27.837 -65.465
-50.236 -24.233 -65.725
-46.931 -23.917 -67.621
-44.594 -21.592 -65.712
-43.159 -19.426 -68.489
-39.720 -17.816 -68.427
-39.512 -15.278 -65.603
-36.879 -13.583 -63.473
-35.923 -14.882 -60.046
-36.822 -13.828 -56.519
-35.781 -14.976 -53.076
-38.292 -17.163 -51.252
-39.028 -14.523 -48.605
-39.993 -11.884 -51.175
-42.038 -14.467 -53.089
-44.032 -15.186 -49.918
-44.353 -11.555 -48.835
-45.614 -10.625 -52.302
-47.952 -13.629 -52.140
-49.345 -12.610 -48.741
-50.116 -9.140 -50.109
-52.134 -10.636 -52.976
-54.045 -12.940 -50.621
-54.894 -10.226 -48.097
-56.032 -8.095 -51.046
-58.261 -10.868 -52.409
-59.847 -11.295 -48.974
-60.335 -7.520 -48.731
-62.460 -7.542 -51.896
-63.997 -10.826 -50.647
-66.339 -9.100 -48.227
-69.809 -10.546 -48.861
