6.281 -7.105 7.451
8.583 -5.331 9.902
11.073 -2.454 10.010
14.796 -3.231 10.241
17.745 -1.094 11.343
20.216 -1.251 8.443
22.635 1.542 9.347
23.106 4.871 11.061
24.243 8.453 10.511
26.875 9.498 13.048
26.373 13.103 14.171
24.385 11.033 18.660
23.392 8.588 15.921
20.400 8.687 13.579
19.049 5.253 12.676
18.617 4.198 9.047
15.394 2.193 8.780
14.186 -0.056 5.972
11.107 -2.026 5.017
10.908 -4.485 2.131
10.350 -1.585 -0.304
11.392 1.679 1.388
14.256 3.137 3.403
14.082 6.146 5.713
15.453 7.439 9.020
14.683 7.184 12.718
15.575 9.700 15.436
15.530 8.798 19.129
14.192 11.472 21.491
13.002 10.995 25.083
13.740 7.272 24.960
11.624 6.817 21.827
12.800 6.185 18.271
10.497 8.374 16.192
9.898 7.961 12.472
7.263 8.693 9.817
4.100 6.688 9.221
4.368 6.931 5.436
7.547 4.844 5.670
6.939 2.439 8.547
3.148 2.284 8.616
2.126 0.493 11.785
4.852 -2.134 11.423
6.974 -3.381 14.301
10.704 -2.808 14.747
12.522 -6.124 14.399
15.819 -7.257 15.866
17.596 -10.128 17.615
15.477 -9.585 20.744
12.288 -10.077 18.713
9.772 -7.680 17.183
8.667 -4.696 19.270
5.314 -3.016 18.681
4.938 0.701 18.097
4.010 2.664 21.215
2.890 5.746 19.243
0.953 5.813 15.964
-0.558 9.021 14.547
-1.618 8.766 10.903
-2.813 12.377 10.708
0.586 13.730 11.797
2.587 11.057 9.920
4.372 10.267 13.207
5.209 6.844 14.654
7.363 5.729 17.548
8.865 2.559 18.988
10.585 2.246 22.363
14.214 3.080 21.660
16.002 -0.222 20.906
18.785 -1.137 23.341
21.803 1.018 22.565
19.933 3.703 20.594
20.827 6.811 22.591
18.253 9.599 22.599
19.194 13.023 21.290
18.660 16.137 23.386
15.613 18.276 22.505
16.364 21.853 21.510
15.491 24.432 24.164
17.390 27.454 22.781
14.661 28.429 20.298
17.061 28.600 17.356
15.799 29.640 13.931
18.940 28.480 12.081
18.579 24.701 11.787
20.333 21.828 10.028
18.618 18.905 8.299
20.597 15.653 8.589
20.100 13.341 5.604
20.604 9.601 5.193
23.839 10.400 3.319
25.305 12.290 6.324
24.721 15.640 4.598
23.829 18.608 6.812
21.548 21.045 4.978
21.045 24.504 6.551
17.419 25.506 7.091
15.854 28.766 8.297
12.800 28.091 10.452
9.785 30.031 9.145
7.057 28.890 11.518
6.297 26.018 13.854
6.538 23.241 11.248
8.288 24.866 8.262
11.852 25.748 7.349
13.238 27.352 4.198
16.339 26.006 2.477
19.162 28.512 2.046
19.952 26.842 -1.289
17.381 24.769 -3.223
18.256 21.060 -3.306
17.070 18.448 -5.826
14.331 16.343 -4.269
16.398 13.211 -4.960
18.996 14.324 -2.398
16.336 14.533 0.329
14.497 11.358 -0.709
14.843 8.708 1.977
15.618 11.159 4.802
12.142 11.383 6.343
12.442 10.768 10.069
15.822 12.484 10.241
16.420 15.317 12.696
16.624 19.043 12.215
19.411 20.170 14.545
20.041 23.594 16.089
23.537 25.145 16.280
24.051 23.291 19.587
23.403 19.856 18.075
19.958 19.515 19.676
16.929 18.176 17.820
14.382 20.888 17.033
12.211 18.852 14.664
11.750 15.713 12.598
11.823 15.691 8.794
8.387 14.860 7.378
7.825 16.422 3.944
9.443 18.777 1.447
8.033 21.818 -0.344
8.745 20.950 -3.973
8.465 22.980 -7.180
9.802 21.783 -10.541
11.393 18.847 -8.741
13.443 21.178 -6.523
13.061 21.422 -2.746
12.824 25.016 -1.511
11.532 24.317 2.020
10.830 21.459 4.420
8.005 20.457 6.755
8.846 18.801 10.070
7.251 17.580 13.290
8.271 19.976 16.101
10.360 18.347 18.820
7.723 19.490 21.321
5.411 16.858 19.800
7.964 14.070 20.449
6.999 13.551 24.098
6.024 10.411 26.010
