58.316 114.791 89.991
60.253 111.921 91.612
60.414 110.594 95.189
62.708 107.845 96.475
63.001 105.633 99.550
66.004 103.546 100.705
65.600 100.793 103.311
68.964 99.605 104.636
67.930 96.263 106.103
69.573 93.266 107.675
69.592 91.017 104.578
68.809 93.449 101.780
69.060 97.082 100.670
65.728 98.149 99.138
65.033 101.080 96.840
61.710 102.470 95.719
61.463 105.243 93.170
58.112 106.813 92.624
56.243 109.482 90.644
53.210 111.682 91.471
50.772 111.108 88.540
47.225 112.550 88.601
46.457 112.681 92.343
48.220 109.508 93.494
51.519 107.646 93.236
52.983 105.578 90.423
55.897 103.215 91.014
58.854 103.498 88.562
61.599 101.274 90.038
61.452 98.692 92.910
64.928 97.320 93.682
66.245 94.789 96.209
69.939 93.908 96.413
71.207 91.387 98.956
74.212 92.830 100.737
73.559 90.571 103.729
74.907 93.228 106.067
73.978 91.248 109.184
76.038 88.392 107.719
79.136 90.545 108.269
78.322 91.166 111.939
80.473 89.312 114.484
80.174 87.980 118.046
81.275 91.425 119.231
78.672 93.039 116.881
81.067 94.765 114.496
80.608 94.797 110.736
83.158 92.941 108.664
84.791 95.253 106.177
83.652 92.503 103.787
79.998 93.250 104.605
80.560 96.995 104.840
82.176 96.839 101.398
79.168 95.075 99.863
76.930 97.749 101.406
78.800 100.768 100.074
79.096 99.205 96.637
75.301 98.827 96.508
74.767 102.381 97.717
77.135 103.470 94.961
74.567 102.097 92.489
71.554 103.463 94.372
73.465 106.743 94.168
73.727 106.845 90.357
70.004 106.001 90.230
69.415 108.844 92.675
71.144 111.670 90.835
69.012 114.616 89.692
66.423 113.881 92.396
66.277 116.608 95.103
67.268 115.479 98.622
63.950 116.998 99.749
62.155 114.148 98.018
64.400 111.319 99.321
64.440 109.358 102.604
67.120 106.764 103.463
66.614 104.716 106.651
68.572 102.046 108.528
66.970 99.507 110.834
67.749 96.777 113.398
71.161 95.611 112.108
72.613 99.121 111.876
71.166 100.078 115.248
73.056 97.051 116.594
76.606 97.211 115.260
79.017 99.145 117.453
80.808 99.584 114.153
77.688 101.153 112.644
78.692 104.822 112.793
81.506 104.041 110.329
79.352 102.485 107.588
76.877 105.371 107.779
79.352 108.197 107.315
80.827 106.834 104.080
77.398 105.651 102.879
76.074 109.094 103.791
78.570 110.591 101.362
78.360 107.816 98.754
74.709 108.891 98.532
74.036 112.607 98.529
71.955 112.691 101.661
71.411 111.549 105.266
71.038 107.958 106.457
68.714 107.961 109.511
68.797 105.061 111.967
65.242 104.557 113.177
63.938 102.926 116.308
61.685 99.902 116.163
58.942 102.367 117.108
59.618 104.744 114.206
59.863 101.598 112.098
56.380 100.696 113.383
54.966 104.126 112.607
56.089 104.082 108.971
54.727 100.553 108.554
51.275 101.654 109.716
51.469 104.691 107.413
52.362 102.314 104.577
49.415 100.066 105.167
46.925 102.874 105.810
47.439 104.458 102.397
47.306 101.154 100.497
44.808 98.968 102.358
41.055 98.828 101.860
38.459 97.537 104.281
