-0.087 -1.202 36.553
-1.934 0.826 39.153
-4.074 -1.129 41.638
-7.836 -1.175 41.343
-9.252 2.127 42.530
-9.267 2.550 46.296
-7.239 -0.635 46.796
-3.664 -0.753 48.092
-0.881 -1.695 45.692
2.700 -2.519 46.661
5.344 -1.197 44.257
8.832 -2.722 44.225
11.288 0.107 43.522
14.396 -1.868 44.493
17.519 -0.394 46.046
17.778 3.355 46.633
20.903 5.401 47.287
20.020 8.042 49.857
21.240 11.632 50.028
23.603 10.544 52.820
25.229 7.971 50.538
23.693 5.102 52.504
21.838 2.468 50.479
18.545 0.767 51.350
17.693 -2.452 49.513
14.314 -3.901 48.524
12.274 -0.726 48.990
8.513 -1.177 48.668
6.174 1.801 48.282
2.468 1.332 48.968
0.065 3.243 46.735
-3.646 3.933 46.389
-5.385 5.791 43.589
-8.721 7.233 42.479
-9.724 7.980 38.909
-8.725 6.569 35.547
-5.246 7.067 34.120
-5.204 8.874 30.789
-3.703 7.231 27.679
-0.786 9.678 27.751
-0.432 9.053 31.509
-0.354 12.842 31.897
-3.260 13.354 34.343
-1.671 12.164 37.602
-2.160 14.306 40.718
0.093 13.124 43.563
-1.364 13.640 47.055
1.352 13.729 49.721
0.359 12.874 53.288
1.770 14.422 56.459
3.728 13.025 59.416
1.291 10.301 60.537
-0.847 10.076 57.394
-0.975 7.230 54.894
-2.132 6.614 51.315
-5.837 6.536 52.287
-6.759 10.088 51.363
-10.496 9.547 50.875
-13.083 6.958 51.822
-14.358 5.367 55.024
-12.479 3.422 57.638
-12.741 -0.352 57.595
-10.773 -3.571 57.188
-7.239 -2.628 56.244
-7.901 1.043 57.082
-7.756 2.030 60.764
-8.512 5.652 59.851
-10.918 7.156 57.304
-9.640 9.295 54.472
-7.545 12.090 55.956
-8.705 14.430 53.152
-12.066 12.690 52.809
-13.920 13.842 49.708
-10.913 15.427 47.994
-10.991 12.947 45.078
-14.124 11.876 43.246
-16.588 12.872 40.525
-16.813 16.647 40.609
-14.513 16.813 43.639
-11.529 19.181 44.014
-9.507 16.451 42.303
-12.203 15.605 39.748
-11.675 11.931 38.924
-13.600 12.295 35.665
-10.456 14.200 34.563
-7.587 13.403 36.959
-5.950 10.318 38.463
-5.270 10.926 42.161
-2.305 8.855 43.396
-1.121 8.696 47.011
1.879 6.834 48.395
2.816 5.836 51.894
6.069 7.691 52.485
9.437 5.986 52.746
9.963 5.367 56.454
6.246 4.907 57.118
4.381 1.998 58.660
1.303 1.601 56.418
2.731 -0.522 53.613
5.975 1.168 52.603
9.439 0.190 53.786
10.193 1.582 57.233
11.780 0.674 60.583
9.168 -2.003 61.363
9.592 -3.679 57.964
11.708 -6.825 57.719
15.189 -6.386 56.247
16.995 -8.950 54.089
18.339 -10.734 57.171
14.741 -11.530 58.216
14.794 -9.125 61.177
12.997 -5.762 61.395
15.071 -2.826 60.203
14.809 -1.214 63.631
18.009 0.544 64.640
19.556 -0.321 61.256
17.130 1.861 59.292
19.172 4.746 57.834
18.263 8.356 58.415
16.338 9.693 55.425
15.593 13.216 54.236
12.551 14.778 52.625
14.470 14.560 49.343
14.926 10.811 49.865
11.155 10.583 50.351
10.589 12.344 47.019
13.197 10.159 45.300
11.267 7.088 46.441
7.883 8.430 45.296
9.331 9.400 41.906
10.859 5.925 41.597
7.533 4.282 42.466
5.744 6.272 39.757
8.482 5.413 37.247
8.007 1.711 38.000
4.371 2.269 36.974
5.541 3.946 33.761
4.627 7.414 35.074
7.511 9.828 34.479
5.708 13.192 34.644
2.879 14.276 36.926
0.280 16.975 36.395
0.510 18.234 39.973
1.721 17.488 43.493
-0.345 18.662 46.468
0.340 18.427 50.180
0.120 20.119 53.551
2.575 20.049 56.453
5.215 17.321 55.842
3.335 16.701 52.606
3.970 20.320 51.695
7.669 19.749 52.350
7.593 16.735 50.036
5.708 18.787 47.435
8.247 21.614 47.708
11.227 19.308 47.187
9.364 17.698 44.275
8.798 20.937 42.346
12.293 22.259 43.130
14.024 18.930 42.501
12.048 17.764 39.443
10.778 20.970 37.811
10.647 19.444 34.319
8.454 16.544 35.514
5.609 18.369 37.312
3.273 21.045 35.967
1.987 22.590 39.220
2.181 22.274 42.986
0.165 23.118 46.081
2.376 24.081 49.054
0.160 24.265 52.149
1.140 25.044 55.743
4.873 24.456 55.307
8.142 26.387 55.207
11.245 26.509 53.017
13.331 24.954 55.802
12.796 23.625 59.289
12.733 26.391 61.905
14.444 26.474 65.286
11.129 26.115 67.117
10.121 23.133 64.968
13.484 21.421 65.490
13.212 22.188 69.209
9.881 20.428 69.720
10.691 17.729 67.156
14.025 16.719 68.707
12.413 16.698 72.162
9.552 14.510 70.915
12.209 12.089 69.638
14.061 12.292 72.964
10.828 11.378 74.752
10.469 8.232 72.644
14.130 7.267 73.031
13.972 7.831 76.808
11.203 5.232 77.109
12.677 2.122 78.791
11.055 -0.050 76.102
12.653 1.796 73.163
15.452 -0.804 73.304
17.679 1.287 71.022
14.965 1.186 68.352
14.935 -2.633 68.173
11.771 -3.117 70.235
10.052 -4.716 67.231
9.007 -8.312 67.990
10.069 -8.121 71.654
6.518 -7.851 73.001
7.383 -4.434 74.477
7.096 -1.056 72.762
7.823 2.548 73.863
4.139 3.337 74.298
4.596 5.954 77.020
7.179 7.936 75.063
5.141 7.874 71.857
2.010 9.010 73.694
3.941 11.915 75.221
5.475 12.940 71.893
2.043 12.922 70.235
0.442 14.919 73.059
3.012 17.712 72.756
2.837 17.636 68.955
-0.959 17.817 68.991
-0.751 21.062 70.957
1.499 22.571 68.272
-1.141 21.563 65.710
-4.040 23.393 67.396
-5.224 26.969 67.776
-4.793 28.534 71.207
-8.163 30.303 71.363
-10.175 27.375 69.975
-8.678 24.964 72.523
-9.860 27.258 75.317
-13.273 27.822 73.735
-13.785 24.063 73.530
-12.335 22.916 76.866
-11.393 25.968 78.956
-10.223 24.770 82.388
-13.241 22.505 82.842
-13.015 19.062 84.382
-13.505 15.973 82.234
-17.078 14.797 82.746
-17.571 14.347 86.494
-13.891 13.829 87.337
-11.962 15.862 89.916
-8.320 16.707 89.086
-7.695 17.306 92.800
-8.695 13.696 93.551
-6.985 11.934 90.650
-9.399 13.201 88.005
-8.551 14.838 84.701
-9.114 18.164 83.014
-11.172 18.064 79.825
-8.246 19.108 77.614
-6.106 16.532 79.439
-8.455 13.632 78.671
-8.640 14.916 75.097
-4.848 14.798 74.739
-4.611 11.344 76.328
-7.132 10.146 73.741
-5.072 11.558 70.866
-2.138 9.555 72.204
-4.125 6.335 72.489
-5.474 6.711 68.953
-2.027 7.110 67.405
-0.711 4.146 69.404
-3.298 1.822 67.873
-2.282 2.652 64.279
1.291 3.986 64.206
4.840 2.800 64.891
7.268 4.570 67.221
10.240 3.871 64.958
8.479 5.527 62.026
7.675 8.546 64.197
11.385 8.970 64.961
12.628 8.461 61.394
10.008 10.755 59.859
10.528 13.429 62.517
14.253 13.325 61.721
13.349 13.939 58.074
11.423 17.013 59.218
14.472 18.185 61.188
16.620 17.952 58.039
14.150 19.850 55.836
15.991 22.598 53.956
15.224 23.406 50.315
18.409 25.495 50.167
20.929 22.767 50.986
23.392 22.235 48.147
21.587 24.889 46.086
23.058 28.151 47.382
20.486 28.601 50.148
16.748 29.098 50.402
16.441 32.289 48.332
18.578 30.959 45.472
16.774 27.611 45.401
13.285 29.118 45.353
14.108 31.885 42.872
15.419 29.276 40.408
12.293 27.054 40.492
9.888 27.971 37.642
7.005 25.601 38.487
3.578 27.261 38.860
2.501 26.891 42.476
-0.244 27.831 44.903
1.031 28.672 48.396
-1.370 28.607 51.322
-1.089 29.255 55.030
-3.391 29.218 58.041
-3.974 32.317 60.165
-3.870 30.510 63.526
-1.040 28.061 62.698
1.412 27.957 65.620
3.783 25.306 64.199
4.263 26.662 60.636
3.461 30.359 61.161
2.134 32.377 58.233
5.458 34.212 57.836
6.900 30.969 56.430
4.301 30.838 53.658
4.718 34.571 52.986
8.396 33.799 52.345
7.587 30.958 49.932
5.029 33.058 48.052
7.455 35.985 47.788
10.361 33.952 46.394
8.794 31.285 44.159
8.341 33.039 40.775
5.484 30.693 39.840
3.384 31.897 42.787
0.882 34.650 42.004
0.392 35.527 45.683
-0.123 34.005 49.110
-3.511 32.406 49.771
-4.566 32.850 53.405
-6.832 30.216 54.956
-8.821 31.716 57.831
-9.192 29.059 60.522
-9.456 28.827 64.298
-8.075 25.275 64.255
-4.365 26.072 63.951
-2.092 23.923 61.806
-4.844 21.279 61.784
-6.810 23.708 59.618
-5.053 22.090 56.651
-7.089 18.949 57.438
-10.251 20.575 58.825
-10.939 23.423 56.355
-12.241 21.181 53.605
-13.913 23.944 51.589
-10.945 26.331 51.667
-8.382 23.600 50.972
-10.553 22.192 48.192
-10.500 25.599 46.516
-6.696 25.704 46.762
-6.484 22.305 45.056
-8.818 23.444 42.263
-6.684 26.565 41.787
-3.577 24.377 41.569
-5.093 22.018 39.000
-6.151 25.058 36.987
-2.446 25.824 36.618
-1.754 22.260 35.416
-4.020 22.082 32.339
