-600.365 367.272 494.790
-600.240 368.223 491.104
-603.178 370.617 490.971
-602.170 372.178 494.310
-598.668 372.720 492.897
-599.946 374.290 489.684
-602.471 376.376 491.640
-599.648 377.694 493.810
-597.676 378.528 490.676
-600.556 380.560 489.243
-601.105 382.404 492.518
-597.429 383.103 493.214
-595.686 383.646 489.876
-598.266 383.176 487.134
-595.878 384.338 484.386
-593.778 381.196 484.973
-595.906 379.684 482.193
-597.258 381.415 479.103
-600.659 383.087 478.846
-602.004 380.221 476.778
-600.642 377.700 479.264
-602.593 379.560 481.936
-605.730 379.400 479.787
-605.229 375.670 479.297
-605.007 375.071 483.058
-608.219 377.050 483.640
-610.076 375.108 480.956
-608.821 371.676 481.988
-609.535 372.225 485.688
-613.241 372.741 485.013
-613.391 369.872 482.490
-612.065 367.604 485.257
-614.877 368.702 487.577
-617.359 367.231 485.118
-615.826 363.746 485.460
-615.138 363.841 489.191
-611.330 364.109 488.981
-611.218 367.561 490.613
-613.714 369.156 492.982
-615.593 372.270 491.917
-614.129 373.972 494.989
-610.553 373.274 493.891
-611.297 374.509 490.349
-612.895 377.677 491.713
-609.939 378.104 494.077
-607.660 378.022 491.034
-609.738 380.636 489.196
-609.052 383.096 492.050
-605.562 383.654 490.596
-607.359 385.687 487.896
-607.422 388.701 490.231
-603.839 389.349 488.998
-604.336 388.216 485.383
-603.811 390.771 482.616
-603.864 388.855 479.334
-606.849 388.459 477.032
-606.658 384.713 476.494
-606.653 383.557 480.157
-609.121 386.328 481.110
-611.436 385.259 478.281
-610.921 381.642 479.297
-611.963 382.402 482.871
-615.067 384.116 481.515
-615.748 381.147 479.226
-615.641 378.812 482.234
-617.534 380.917 484.800
-620.239 382.601 482.672
-621.865 379.269 481.674
-622.383 378.524 485.378
-624.584 381.523 485.975
-626.264 381.026 482.590
-627.523 377.723 483.999
-628.652 379.421 487.221
-630.531 382.149 485.303
-632.976 379.567 483.943
-633.664 378.181 487.458
-635.171 379.579 490.662
-631.696 380.455 491.932
-631.646 384.239 492.289
-629.590 384.365 495.501
-626.694 382.202 494.310
-626.902 383.661 490.784
-626.501 387.152 492.243
-623.642 386.164 494.560
-621.864 384.316 491.753
-622.105 387.333 489.433
-620.851 389.541 492.274
-617.923 387.160 492.716
-617.092 387.389 489.000
-617.108 391.201 488.960
-615.102 391.352 492.185
-612.593 388.927 490.673
-611.964 391.159 487.631
-612.692 394.510 489.278
-609.143 395.878 489.123
-608.846 395.018 485.433
-612.291 396.513 484.753
-611.419 399.735 486.585
-608.200 400.049 484.558
-610.015 400.074 481.223
-610.195 403.397 479.427
-613.338 404.404 477.559
-611.488 404.869 474.268
-610.535 402.968 471.130
-606.820 403.006 472.089
-604.350 400.169 471.889
-603.813 396.915 470.064
-606.579 394.740 468.654
-606.201 392.494 471.713
-606.469 395.467 474.072
-609.584 396.744 472.252
-611.439 393.441 472.329
-610.586 392.950 476.013
-611.812 396.451 476.845
-615.104 396.050 475.001
-615.946 392.684 476.575
-615.002 393.788 480.115
-617.099 396.963 479.933
-620.048 395.047 478.520
-619.705 392.429 481.265
-619.515 395.036 484.027
-622.555 396.923 482.750
-624.681 393.812 482.172
-624.040 392.830 485.807
-624.873 396.306 487.180
-621.390 397.357 488.303
-622.342 400.931 489.128
-619.203 402.795 487.953
-619.601 401.348 484.460
-623.409 401.665 484.390
-623.234 405.362 485.287
-620.653 406.060 482.579
-622.652 404.067 480.023
-625.914 405.836 480.876
-624.238 409.208 480.455
-622.825 408.298 477.055
-626.191 406.898 475.953
-628.079 410.013 477.057
-625.628 412.166 475.089
-625.885 409.897 472.052
-629.676 410.166 472.193
-629.524 413.946 472.708
-627.288 414.251 469.611
-630.062 412.438 467.654
-627.656 409.550 467.128
-625.012 411.741 465.455
-622.450 411.508 468.279
-619.301 409.484 467.581
-618.874 407.089 470.530
-615.705 405.038 471.026
-616.528 401.857 469.118
-615.117 399.763 471.995
-617.628 401.159 474.510
-620.632 401.100 472.168
-621.846 397.600 473.087
-621.993 398.512 476.779
-623.514 401.940 476.087
-626.244 400.571 473.805
-626.994 397.593 476.055
-627.579 399.949 478.985
-629.620 402.392 476.912
-631.885 399.624 475.621
-633.081 398.789 479.156
-635.676 401.583 479.067
-638.595 401.736 476.662
-637.539 405.159 475.343
-633.928 404.051 474.835
-634.956 400.829 473.089
-637.347 402.651 470.743
-634.701 405.254 469.914
-632.028 402.625 469.216
-634.401 400.767 466.937
-635.358 404.010 465.191
-631.707 404.490 464.156
-631.246 400.912 462.917
-633.053 401.565 459.618
-630.492 404.087 458.364
-627.214 402.420 459.346
-624.864 401.302 456.582
-622.400 399.864 459.158
-622.412 396.121 459.851
-620.849 396.660 463.291
-623.409 399.307 464.243
-626.268 397.032 463.149
-624.734 394.164 465.116
-624.338 396.362 468.210
-627.924 397.586 468.019
-629.233 394.048 467.499
-627.318 392.826 470.552
-628.574 395.709 472.703
-632.224 395.323 471.669
-632.078 391.612 472.586
-630.948 392.504 476.138
-634.191 394.248 477.167
-636.278 392.675 479.916
-639.468 393.823 478.162
-641.003 390.587 476.905
-643.253 392.372 474.413
-640.172 393.898 472.782
-638.390 390.544 472.699
-641.429 388.940 471.033
-641.391 391.739 468.416
-637.720 391.162 467.530
-638.387 387.494 466.854
-641.472 388.243 464.734
-639.844 390.990 462.658
-636.534 389.233 461.950
-638.440 386.063 461.114
-640.452 388.164 458.655
-637.263 389.750 457.295
-638.489 393.238 456.450
-637.270 395.509 459.248
-634.465 393.143 460.303
-633.067 390.742 457.721
-633.762 387.039 458.193
-630.010 386.382 457.919
-629.887 387.856 461.448
-632.635 385.655 462.884
-630.421 382.765 464.077
-628.289 385.197 466.069
-631.309 387.095 467.414
-633.008 383.863 468.467
-629.837 382.760 470.271
-629.346 386.154 471.945
-632.902 386.087 473.288
-632.410 382.472 474.351
-629.544 383.766 476.484
-631.604 386.657 477.856
-632.308 386.096 481.585
-636.040 386.736 480.971
-636.325 385.948 477.274
-635.218 382.331 477.110
-638.763 380.878 477.369
-639.873 383.074 474.472
-637.016 381.890 472.256
-637.653 378.195 472.914
-641.377 378.669 472.347
-640.768 380.594 469.107
-638.518 377.816 467.789
-641.197 375.188 468.427
-644.084 377.159 466.959
-642.263 378.285 463.793
-640.124 375.174 463.235
-641.431 374.251 459.780
-640.888 377.680 458.257
-637.442 377.989 459.853
-636.437 374.611 458.415
-637.741 375.643 454.990
-635.655 378.819 455.139
-632.415 377.391 456.518
-632.626 373.602 455.857
-632.399 370.540 458.078
-628.799 369.826 459.033
-627.612 373.398 458.479
-625.346 375.044 461.011
-628.049 377.718 461.264
-630.631 375.211 462.486
-628.075 373.559 464.811
-627.252 376.851 466.511
-630.940 377.697 466.932
-631.548 374.302 468.541
-628.518 374.618 470.847
-629.002 378.333 471.483
-632.541 377.876 472.784
-632.090 374.650 474.760
-628.536 373.745 475.806
-628.498 375.825 479.015
-631.517 373.962 480.472
-630.778 371.824 483.535
-634.022 370.278 484.817
-635.806 367.044 484.045
-638.895 369.010 482.995
-636.940 371.048 480.418
-635.253 367.860 479.218
-638.626 366.239 478.566
-639.837 369.300 476.656
-636.819 368.955 474.349
-637.142 365.188 473.909
-640.897 365.410 473.426
-640.773 368.210 470.889
-638.032 366.889 468.622
-639.227 363.281 468.696
-642.597 364.544 467.437
-641.039 365.867 464.201
-640.438 362.412 462.697
-638.731 362.917 459.338
-638.622 366.737 459.723
-635.967 366.912 462.436
-636.180 364.094 464.990
-632.875 362.628 463.707
-630.827 365.858 463.744
-627.420 365.438 465.347
-627.778 368.831 467.050
-630.878 367.444 468.840
-628.989 364.473 470.263
-626.179 366.824 471.254
-628.402 369.270 473.105
-630.229 366.406 474.839
-626.912 364.980 476.030
-625.795 368.461 477.096
-628.983 368.988 479.129
-628.477 365.584 480.750
-624.930 366.640 481.727
-626.276 369.989 482.969
-628.792 368.208 485.223
-626.142 365.991 486.790
-623.647 368.849 487.115
-626.079 371.221 488.800
-627.473 368.514 491.085
-623.955 367.726 492.287
-622.335 371.155 492.377
-624.979 373.824 493.005
-624.897 373.572 496.800
-621.097 373.215 496.743
-620.873 376.474 494.780
-623.308 378.133 497.194
-621.194 377.197 500.224
-617.969 378.121 498.421
-619.328 381.599 497.697
-620.283 382.015 501.357
-616.785 381.030 502.478
-615.218 383.196 499.762
-616.251 386.007 502.109
