14.624 37.550 -42.588
16.851 37.705 -39.518
15.799 34.167 -38.530
18.577 33.537 -36.001
20.064 37.053 -35.870
16.796 38.452 -34.462
18.304 38.196 -30.981
21.367 40.117 -32.178
19.351 42.833 -33.933
16.671 42.972 -31.202
17.996 41.626 -27.896
15.447 41.097 -25.118
15.039 43.930 -22.637
13.509 44.074 -19.167
11.456 47.038 -17.983
9.550 48.012 -14.902
6.318 49.798 -15.750
3.950 51.858 -13.637
0.663 53.684 -14.163
1.617 56.630 -11.998
-1.180 59.162 -11.457
-1.623 60.617 -14.946
1.450 59.341 -16.764
2.643 55.926 -17.911
6.287 55.401 -16.950
8.741 52.653 -17.893
12.188 52.136 -16.397
14.789 50.081 -18.222
16.495 47.350 -16.197
20.209 47.417 -17.110
22.639 44.534 -17.242
22.056 40.835 -17.707
18.476 39.749 -17.063
18.312 38.352 -13.522
15.380 36.713 -11.755
16.258 38.859 -8.733
15.375 41.939 -10.828
11.699 40.865 -10.708
10.345 42.661 -7.648
7.225 40.972 -6.292
5.471 44.354 -5.945
6.133 45.372 -9.565
4.693 44.717 -13.011
7.567 44.018 -15.393
7.904 43.922 -19.183
10.245 41.507 -20.984
10.457 42.834 -24.551
11.306 39.921 -26.736
11.059 41.253 -30.281
8.319 38.916 -31.518
6.323 39.233 -28.290
6.074 41.395 -25.164
5.862 39.424 -21.939
4.332 41.244 -18.984
5.361 39.636 -15.693
2.934 40.372 -12.851
4.392 40.434 -9.359
2.232 38.787 -6.719
2.502 41.811 -4.390
1.634 44.632 -6.808
-1.569 46.668 -6.663
-4.701 45.235 -8.280
-4.907 48.348 -10.471
-1.542 47.557 -12.065
-2.506 43.873 -12.275
-5.635 44.447 -14.366
-3.821 47.104 -16.430
-1.137 44.543 -17.346
-2.501 44.184 -20.884
-2.890 47.862 -21.775
0.303 48.944 -20.005
2.156 46.483 -22.227
0.447 48.019 -25.271
1.057 51.598 -24.140
4.672 50.439 -23.986
4.475 49.149 -27.568
2.675 52.080 -29.198
5.112 54.554 -27.599
8.181 52.592 -28.719
10.245 54.818 -31.066
10.752 51.836 -33.396
7.048 52.107 -34.315
6.380 48.511 -33.373
3.558 46.611 -35.047
0.372 47.347 -33.122
-0.536 43.679 -33.683
2.495 42.590 -31.635
1.344 39.802 -29.280
1.206 40.417 -25.534
1.646 37.561 -23.056
0.623 38.132 -19.434
2.666 36.029 -17.005
1.940 35.410 -13.323
4.686 35.364 -10.699
5.669 31.820 -9.775
3.943 30.316 -12.834
6.155 31.657 -15.604
6.402 29.712 -18.882
9.691 28.284 -20.188
9.716 30.827 -23.038
10.082 33.428 -20.244
12.390 31.847 -17.652
14.838 30.586 -20.287
15.941 34.204 -20.736
17.307 34.366 -17.168
20.804 33.375 -15.981
20.001 31.507 -12.819
16.339 30.870 -12.382
15.558 29.210 -9.061
12.338 27.185 -9.107
12.139 27.736 -5.322
13.332 31.358 -5.330
10.207 32.977 -3.877
9.571 30.147 -1.397
11.483 32.380 1.039
11.158 36.159 0.985
14.157 37.540 -0.967
14.754 40.201 1.702
14.588 37.706 4.574
16.999 35.606 2.530
19.417 38.505 1.959
19.754 39.459 5.637
20.424 35.762 6.260
22.771 35.168 3.283
25.597 37.013 5.082
24.691 40.432 6.483
