-91.140 88.274 174.606
-90.555 84.871 176.371
-92.976 85.126 179.342
-94.926 83.073 181.902
-97.998 84.398 183.733
-99.716 82.626 186.610
-103.376 83.117 187.512
-106.025 81.559 189.772
-104.593 82.540 193.160
-106.788 83.740 195.995
-108.350 82.872 199.342
-109.452 79.279 200.102
-110.560 77.567 203.372
-108.543 74.625 204.909
-109.706 71.363 203.360
-110.726 73.314 200.231
-109.371 73.149 196.651
-107.931 75.518 194.001
-106.643 75.234 190.436
-103.720 77.401 189.273
-102.906 78.164 185.649
-99.758 79.462 183.958
-99.918 80.934 180.445
-96.817 80.653 178.257
-95.956 83.180 175.501
-93.136 83.762 172.992
-91.785 80.179 172.847
-92.706 76.612 171.809
-94.419 75.479 175.039
-94.559 71.768 173.968
-90.689 71.674 173.751
-90.110 72.208 177.517
-90.462 70.542 180.914
-92.389 72.913 183.296
-92.292 73.335 187.082
-94.228 74.791 189.999
-92.165 76.262 192.890
-93.662 77.952 195.935
-92.534 80.308 198.692
-94.368 80.753 202.033
-94.289 84.342 203.478
-90.718 85.219 204.522
-89.527 81.627 203.922
-87.390 79.807 201.384
-88.206 78.432 197.953
-89.821 74.982 197.914
-90.069 72.984 194.679
-93.601 71.564 194.213
-94.002 69.548 190.971
-92.680 69.125 187.421
-94.115 67.840 184.104
-92.238 66.636 180.966
-92.891 68.087 177.435
-95.542 65.395 176.651
-96.695 64.630 180.291
-94.959 61.179 180.265
-92.877 61.987 183.398
-94.498 63.656 186.441
-92.792 64.343 189.828
-94.059 65.697 193.185
-92.458 66.889 196.396
-93.293 64.546 199.311
-95.014 67.505 201.088
-97.766 67.620 198.343
-97.993 63.891 197.303
-101.544 62.624 196.869
-103.061 66.138 197.136
-101.621 68.029 194.142
-101.922 67.160 190.434
-99.822 68.760 187.680
-101.140 68.837 184.086
-100.580 70.728 180.839
-102.488 71.667 177.659
-99.854 72.100 174.899
-102.478 73.408 172.395
-103.605 76.073 174.927
-99.919 76.906 175.933
-100.987 76.335 179.570
-99.657 74.617 182.706
-101.977 73.736 185.656
-101.754 72.767 189.330
-104.833 71.220 190.960
-104.491 71.578 194.741
-106.764 69.476 196.962
-107.076 69.089 200.762
-105.357 72.494 201.216
-103.727 73.210 204.611
-102.523 76.420 206.289
-98.910 75.297 205.451
-99.763 75.503 201.680
-100.152 79.316 201.871
-97.496 80.716 199.498
-96.711 82.599 196.315
-96.747 79.943 193.563
-94.448 80.377 190.586
-94.371 78.519 187.300
-90.910 78.053 185.762
-89.565 76.782 182.428
-86.864 74.099 182.592
-83.967 74.005 180.018
-83.439 70.604 178.364
-79.619 70.362 178.413
-78.968 72.013 181.812
-82.239 71.421 183.888
-82.078 75.079 184.948
-85.276 77.099 185.546
-84.439 79.933 183.119
-87.808 81.784 182.898
-90.126 82.338 185.922
-93.598 83.883 186.112
-94.458 86.799 188.426
-96.192 84.469 190.884
-99.731 84.127 192.261
-100.616 84.208 195.952
-102.624 81.362 197.490
-103.870 82.014 201.057
-105.300 78.973 202.959
-107.340 80.327 205.917
-110.786 79.940 207.585
-109.959 82.882 209.900
-112.782 85.256 210.624
-112.595 88.726 212.227
-111.316 88.264 215.777
-110.335 90.935 218.351
-106.953 90.652 220.069
-106.341 89.559 223.642
-103.753 91.880 225.247
-101.323 90.535 227.885
-98.484 92.203 229.797
-94.803 91.584 229.093
-92.726 92.146 232.238
-89.455 90.543 233.512
-82.171 96.126 236.283
-80.018 98.874 234.524
-83.039 99.735 232.338
-86.572 98.338 232.660
-88.299 96.905 229.556
-92.075 96.395 229.721
-94.366 95.396 226.877
-97.743 94.236 225.539
-98.417 90.961 223.757
-101.324 91.516 221.266
-102.469 87.946 220.701
-104.761 86.173 218.276
-106.384 88.839 216.104
-107.587 88.881 212.541
-107.210 90.549 210.034
-104.209 92.886 210.215
-103.507 95.566 211.250
-103.440 96.597 214.873
-102.040 99.973 215.953
-100.013 100.145 219.158
-98.947 103.274 221.137
-97.773 103.980 224.718
-99.348 106.611 226.993
-101.621 107.741 224.071
-98.612 108.513 221.816
-96.809 110.620 224.480
-94.228 107.836 225.099
-92.366 107.379 221.794
-88.688 107.191 222.833
-87.421 103.632 223.504
-90.467 101.917 221.989
-90.239 98.985 219.563
-93.428 97.722 217.929
-92.652 94.501 216.147
-94.163 93.024 212.971
-96.887 90.356 213.358
-96.483 86.533 213.108
-99.211 84.112 211.991
-99.590 81.803 215.018
-102.180 79.106 214.082
-104.609 81.025 211.764
-104.472 84.299 213.770
-101.965 87.162 214.111
-99.785 87.928 217.117
-97.655 91.082 217.575
-95.634 92.577 220.496
-94.619 96.080 221.501
-92.087 97.029 224.165
-90.900 100.204 225.846
-87.539 100.714 227.606
-87.982 103.292 230.433
-97.594 104.529 234.998
-96.993 102.956 231.526
-100.101 102.108 229.379
-100.140 100.329 226.044
-102.960 101.464 223.715
-104.033 98.873 221.167
-106.507 99.489 218.379
-107.927 96.834 216.100
-110.227 98.722 213.666
-111.536 95.634 211.864
-113.272 94.358 215.073
-114.050 97.954 216.288
-111.986 97.267 219.452
-109.630 99.418 221.488
-107.715 98.240 224.565
-105.718 100.342 227.087
-103.624 98.134 229.326
-101.620 99.372 232.381
-98.292 97.457 232.621
-96.589 97.015 236.025
-93.379 95.057 236.945
