180.663 142.064 163.868
181.290 141.921 160.061
183.112 138.824 158.746
184.631 141.272 156.150
187.418 143.895 156.614
189.082 145.861 153.721
192.863 145.782 154.386
193.492 148.307 151.550
196.430 148.328 149.107
196.676 148.368 145.273
197.955 145.756 142.773
198.804 146.517 139.114
200.152 144.384 136.242
201.410 145.256 132.739
202.012 142.567 130.096
204.635 143.026 127.368
205.398 140.595 124.489
207.800 138.333 126.518
206.923 139.232 130.188
204.507 140.560 132.839
205.511 143.088 135.510
203.183 142.458 138.501
203.304 144.961 141.397
201.498 145.275 144.735
202.050 147.732 147.591
203.051 146.239 150.952
200.969 148.196 153.491
198.324 146.108 155.326
195.962 148.592 157.006
193.427 147.607 159.729
190.498 149.739 161.055
191.707 153.417 161.266
195.339 152.193 162.022
197.971 150.261 159.981
199.119 146.709 160.959
202.269 146.320 158.796
204.317 148.158 156.125
205.955 144.832 155.061
202.903 142.642 154.148
203.953 140.468 151.117
200.599 138.507 151.146
199.233 140.619 148.214
201.168 138.716 145.435
201.372 134.867 145.553
203.259 132.540 143.136
201.031 129.653 141.862
203.519 128.416 139.177
206.905 129.679 137.868
204.993 131.430 135.006
201.736 132.382 136.878
201.167 134.677 139.899
197.957 135.837 141.612
197.681 139.376 142.999
194.770 139.873 145.414
193.311 142.993 147.120
190.427 143.659 149.562
190.440 141.527 152.742
193.807 139.918 153.634
192.347 136.883 155.500
190.343 135.889 152.353
193.312 136.561 150.016
195.287 134.170 152.338
192.565 131.474 152.205
191.979 131.819 148.439
195.777 131.658 147.923
195.967 128.275 149.773
192.777 126.960 148.079
194.408 127.673 144.668
197.863 126.373 145.741
196.160 122.992 146.557
193.999 122.904 143.368
197.266 123.582 141.453
199.095 120.845 143.449
196.260 118.347 142.607
196.480 119.354 138.918
200.267 118.529 138.992
199.477 115.011 140.375
196.425 114.251 138.138
198.201 115.684 134.974
201.513 113.770 135.513
203.844 116.558 136.777
202.548 119.155 134.213
201.951 122.599 135.835
198.723 124.354 134.720
198.938 127.211 132.147
198.150 130.810 133.210
194.925 130.400 131.157
193.924 127.265 133.156
194.603 129.031 136.494
192.582 132.031 135.285
189.534 129.778 134.582
190.140 127.944 137.883
190.132 131.334 139.702
186.807 132.347 137.934
185.322 128.965 138.921
186.547 128.980 142.570
185.389 132.599 143.154
181.927 131.757 141.699
181.563 128.580 143.854
181.702 131.011 146.836
179.171 133.550 145.401
176.737 133.015 148.404
179.504 133.984 150.929
182.060 135.503 148.505
185.823 135.989 149.140
186.222 139.789 149.697
189.234 139.664 147.372
189.703 141.519 144.020
192.121 139.156 142.305
194.306 139.339 139.245
195.920 136.259 137.725
199.041 137.330 135.814
201.566 135.283 133.834
202.816 134.101 130.429
200.290 132.490 128.006
200.875 129.498 125.586
202.875 131.701 123.104
205.105 133.316 125.853
203.195 136.675 125.589
202.308 138.156 129.035
198.652 138.426 130.173
196.597 139.749 133.133
193.182 138.376 134.101
191.571 140.936 136.501
188.543 139.561 138.444
185.475 140.961 140.223
184.343 139.511 143.618
182.693 136.456 141.909
185.088 135.609 139.052
184.048 137.640 135.960
187.344 138.165 134.082
188.879 138.723 130.657
192.465 138.451 129.411
193.988 141.967 129.118
197.526 143.418 128.643
197.327 145.344 131.955
195.213 145.422 135.082
194.735 147.057 138.449
192.745 146.077 141.513
192.528 147.653 144.992
192.058 151.036 146.713
193.999 153.042 144.027
192.779 150.967 140.999
190.465 153.878 139.972
193.626 156.162 139.770
196.005 153.711 138.090
193.605 152.122 135.499
192.866 155.447 133.673
196.621 156.282 133.658
197.469 152.820 132.205
194.645 153.258 129.590
196.165 156.702 128.689
199.868 155.646 128.465
199.399 152.166 126.834
196.266 152.465 124.571
196.892 156.216 123.769
193.349 156.282 122.237
193.030 160.144 122.585
196.516 160.841 121.058
197.225 161.938 117.427
201.005 161.187 117.982
202.435 157.898 116.495
202.356 155.056 119.146
205.827 154.604 120.828
207.689 151.438 119.719
206.536 148.550 122.053
207.585 149.354 125.721
210.487 147.216 127.065
210.598 145.465 130.494
212.448 148.513 132.026
210.081 151.141 130.494
207.069 149.021 131.688
208.634 148.709 135.208
209.330 152.508 135.225
205.677 153.191 134.153
204.443 151.132 137.169
207.012 152.724 139.573
205.542 156.099 138.427
201.867 154.880 138.641
202.393 153.570 142.246
204.308 156.736 143.317
201.180 158.682 142.188
198.686 156.302 143.906
200.810 156.386 147.139
200.693 160.245 147.101
196.861 160.474 146.676
195.354 157.160 148.005
195.537 157.085 151.834
195.479 153.211 151.889
198.328 152.645 149.332
201.939 153.222 150.454
205.168 152.030 152.130
206.761 149.875 149.384
205.820 148.155 146.104
207.008 144.580 145.478
207.596 144.255 141.684
207.709 140.745 140.159
208.977 140.619 136.532
207.735 137.228 135.224
209.681 136.063 132.091
210.320 132.725 130.275
213.747 132.672 132.102
212.359 133.167 135.653
210.723 135.689 138.040
213.071 138.624 138.904
211.667 140.573 141.900
212.708 144.021 143.258
211.218 146.214 146.064
210.734 150.006 145.574
210.019 152.630 148.300
206.850 154.807 148.410
205.765 157.664 150.753
205.926 156.015 154.230
202.977 158.215 155.441
