70.762 81.803 65.801
71.194 83.044 62.247
73.562 82.986 59.307
75.465 86.264 59.041
77.317 85.369 55.838
78.443 82.723 53.405
81.982 82.912 52.026
82.845 81.244 48.719
86.181 80.453 47.103
86.563 79.339 43.474
83.009 77.986 43.660
81.400 77.464 40.239
81.089 80.912 38.632
82.956 82.664 41.479
86.697 83.160 40.948
88.598 83.693 44.163
87.003 84.874 47.389
83.469 86.280 47.521
80.938 86.913 50.276
77.166 86.417 50.393
76.385 88.794 53.245
73.250 88.712 55.399
74.331 90.696 58.457
71.534 91.141 60.976
68.911 90.831 58.222
66.130 88.299 58.792
64.821 88.511 55.196
67.458 88.656 52.438
66.655 88.185 48.755
69.358 87.120 46.296
68.764 88.657 42.871
70.438 89.342 39.560
70.059 89.204 35.788
70.070 85.865 34.009
73.433 84.152 33.711
74.895 86.299 36.486
75.509 83.430 38.931
72.428 83.929 41.116
71.420 80.311 40.488
74.752 79.153 41.937
73.625 80.550 45.311
71.366 77.557 46.011
74.261 75.283 45.036
76.684 76.897 47.484
74.176 76.777 50.352
73.166 73.148 49.831
76.817 72.203 49.316
78.109 73.704 52.558
75.213 72.281 54.589
75.597 68.770 53.140
72.723 68.151 50.704
73.518 65.467 48.122
71.147 66.594 45.350
80.102 65.514 39.816
81.974 66.959 42.781
85.083 67.946 40.793
83.088 70.144 38.400
82.077 72.615 41.131
85.555 74.184 41.011
85.916 77.414 39.057
87.410 77.017 35.580
88.701 79.914 33.509
88.044 78.135 30.211
93.072 74.173 42.056
90.734 73.940 45.050
87.404 75.362 46.183
85.480 75.791 49.416
82.325 77.295 50.889
82.033 78.453 54.502
78.842 79.220 56.412
79.298 81.679 59.288
76.573 81.239 61.901
75.887 83.232 65.079
73.995 81.301 67.744
71.685 82.780 70.379
74.580 83.348 72.812
75.785 84.574 70.411
79.062 82.830 69.651
80.366 82.177 66.144
80.247 78.850 64.308
82.298 78.390 61.132
81.280 75.464 58.907
83.636 75.010 55.953
83.467 72.326 53.270
86.363 72.057 50.812
86.707 70.342 47.437
90.311 69.181 47.130
92.452 68.594 44.039
91.349 64.937 43.774
87.615 65.577 44.184
87.208 64.567 47.837
85.532 66.577 50.591
87.176 68.036 53.684
85.066 69.223 56.617
86.074 71.848 59.171
84.259 73.192 62.226
85.651 76.420 63.665
88.746 75.884 61.509
89.415 72.349 62.799
89.271 69.301 60.543
86.527 66.754 61.267
84.781 63.924 59.431
81.444 64.108 57.628
79.503 62.637 60.554
80.917 65.124 63.070
80.000 67.876 60.588
76.323 66.895 60.398
76.159 66.555 64.189
77.386 70.123 64.675
74.657 71.255 62.269
72.002 69.076 63.931
72.807 70.760 67.257
71.457 73.996 65.749
68.411 72.151 64.319
69.791 72.196 60.770
68.527 68.722 59.906
69.783 67.195 56.661
67.586 64.122 57.161
64.441 66.286 57.268
65.811 69.095 55.057
63.868 71.405 57.348
65.764 74.502 56.161
65.509 74.529 52.365
62.870 74.350 49.630
64.139 73.633 46.131
62.017 74.469 43.110
61.865 70.733 42.418
60.311 70.159 45.844
57.180 72.011 44.701
56.780 69.874 41.578
57.492 66.711 43.576
54.942 67.603 46.265
52.228 68.589 43.776
52.475 65.259 41.908
53.227 62.762 44.696
51.013 59.803 45.547
49.322 59.337 48.938
51.927 56.675 49.745
54.734 59.042 48.733
53.381 61.547 51.265
53.316 58.918 54.014
56.941 58.076 53.204
57.886 61.767 53.292
56.356 62.138 56.758
58.113 58.963 57.899
61.342 60.450 56.534
61.091 63.845 58.227
59.583 62.388 61.425
62.337 59.842 62.051
59.912 56.910 61.924
61.326 55.688 58.595
64.588 54.628 60.278
62.590 51.865 62.015
60.995 50.499 58.838
63.454 47.685 58.113
63.736 46.587 61.751
59.924 46.738 61.817
59.626 44.478 58.771
62.348 42.072 59.911
60.707 41.564 63.308
57.247 41.166 61.766
58.675 38.311 59.691
60.225 36.710 62.781
56.824 36.837 64.491
55.254 35.171 61.451
57.800 32.337 61.454
58.028 31.779 65.213
54.219 31.647 65.288
53.901 28.785 62.796
56.890 27.138 64.492
55.024 27.191 67.814
51.927 25.698 66.175
54.061 22.978 64.568
55.812 21.993 67.798
52.492 22.201 69.648
51.048 19.610 67.255
54.076 17.378 67.848
53.479 17.504 71.599
49.778 16.770 71.081
50.733 13.690 69.048
53.330 12.542 71.588
50.923 12.773 74.530
48.393 10.966 72.324
50.941 8.209 71.678
51.510 8.010 75.443
47.840 7.150 75.999
48.060 4.380 73.390
51.406 3.107 74.709
50.052 2.961 78.274
46.888 1.060 77.322
49.405 -1.460 75.939
49.955 -2.443 79.601
53.762 -2.194 79.273
54.250 -2.844 82.988
53.547 -6.502 82.252
55.780 -6.479 79.164
58.724 -5.116 81.178
58.097 -7.619 83.996
58.304 -10.877 82.014
62.808 -3.042 78.122
65.082 -0.179 77.081
62.634 1.204 74.503
60.521 2.587 77.356
63.527 4.888 77.789
63.318 5.983 74.138
59.840 7.418 74.727
61.189 8.897 77.971
63.661 11.192 76.199
61.585 11.587 73.024
58.696 13.018 75.046
61.106 15.063 77.164
62.483 16.416 73.877
59.094 17.381 72.431
58.373 19.288 75.653
61.652 21.227 75.658
61.337 22.037 71.952
57.813 23.419 72.333
58.717 25.494 75.394
61.560 27.002 73.350
59.287 27.887 70.426
56.928 29.511 72.941
59.671 31.648 74.488
61.094 32.534 71.068
57.680 33.653 69.815
57.234 35.662 73.014
60.580 37.404 72.507
59.838 38.147 68.845
56.367 39.460 69.700
57.792 41.800 72.344
60.650 43.037 70.156
58.227 43.689 67.296
55.699 45.507 69.485
58.385 47.820 70.881
59.669 48.823 67.431
56.093 49.169 66.169
55.279 51.472 69.086
58.323 53.690 68.501
57.660 53.925 64.757
54.026 54.826 65.444
55.011 57.333 68.137
57.377 59.295 65.893
55.000 59.219 62.925
51.871 60.233 64.842
53.655 63.163 66.494
54.666 64.582 63.111
51.339 63.793 61.438
49.378 65.442 64.258
51.439 68.639 64.004
51.168 68.884 60.220
47.458 68.043 60.202
46.852 70.857 62.698
49.020 73.436 60.923
48.055 72.806 57.296
44.609 74.368 57.722
46.128 77.655 58.888
49.074 77.863 56.488
46.906 77.187 53.437
44.497 79.942 54.486
47.343 82.427 54.960
48.566 81.663 51.429
45.107 81.876 49.805
43.622 84.860 51.660
42.958 87.894 49.480
41.019 91.142 49.721
38.300 89.537 47.592
38.326 86.300 49.649
39.540 87.203 53.152
38.660 83.716 54.469
41.022 81.945 52.078
40.638 78.347 51.007
40.388 75.090 52.923
42.881 72.244 53.315
43.170 69.130 55.449
45.298 66.026 55.894
43.804 62.604 56.562
44.753 58.938 56.638
43.318 57.514 53.426
42.003 54.210 54.816
40.887 52.946 58.214
43.751 51.157 59.935
45.354 50.601 63.325
48.809 51.390 61.858
48.557 54.765 60.092
52.048 54.645 58.561
51.012 51.677 56.381
48.294 53.744 54.668
48.515 56.646 52.279
48.013 60.218 53.451
45.314 62.274 51.730
46.127 65.958 51.190
43.081 67.887 49.961
43.172 71.646 49.382
40.460 73.761 47.759
41.018 77.440 46.855
38.233 79.931 47.615
34.913 79.044 45.981
36.096 75.682 44.659
35.037 72.205 45.718
35.679 69.044 43.712
37.069 65.776 45.017
40.162 65.611 42.777
42.949 68.191 42.972
44.291 67.569 39.458
41.505 69.875 38.229
43.289 72.810 39.910
45.403 75.313 37.997
49.189 75.221 38.062
49.253 78.265 40.317
46.718 76.780 42.721
48.671 73.509 42.809
51.925 75.363 43.515
50.446 77.341 46.413
48.942 74.184 47.920
52.341 72.484 47.641
54.125 75.405 49.305
51.587 75.348 52.142
52.293 71.658 52.765
56.066 72.232 52.664
55.787 75.073 55.191
53.526 72.991 57.437
55.941 70.047 57.287
59.064 72.100 57.998
57.360 73.840 60.939
57.418 70.522 62.829
61.199 70.877 63.327
61.863 74.627 63.058
65.180 75.599 61.458
66.823 78.847 62.632
67.020 79.932 58.980
65.003 79.034 55.909
66.185 79.072 52.288
63.517 79.432 49.588
64.352 78.747 45.928
63.182 80.972 43.056
59.520 79.958 43.328
58.209 83.458 42.538
59.453 83.055 38.943
56.423 81.027 37.831
53.784 82.673 40.045
51.262 85.311 39.044
51.358 88.668 40.801
48.581 87.842 43.273
50.424 84.743 44.496
53.778 86.546 44.619
52.086 89.067 46.916
50.800 86.304 49.200
54.269 84.735 49.447
55.655 88.187 50.275
53.048 88.723 53.002
53.676 85.267 54.474
57.441 85.843 54.625
57.163 89.290 56.217
54.779 87.883 58.842
57.306 85.191 59.851
60.789 86.570 59.079
62.521 87.523 62.317
64.526 86.101 65.218
64.041 82.347 65.164
63.215 82.168 61.441
65.647 83.947 59.123
64.601 83.891 55.454
67.007 83.709 52.500
65.095 83.888 49.209
66.159 83.580 45.587
63.819 86.073 43.932
63.092 86.948 40.307
60.093 89.220 40.936
60.524 92.784 42.263
57.105 92.574 43.926
58.785 90.075 46.260
62.400 91.173 46.647
61.573 94.883 46.965
60.034 93.976 50.355
63.185 92.354 51.767
65.122 93.694 54.721
68.229 93.475 52.516
69.336 92.398 49.050
72.257 90.464 47.604
72.767 91.361 43.945
74.776 89.014 41.734
76.296 90.312 38.496
78.820 89.073 35.948
82.194 90.785 35.598
82.852 89.711 32.019
86.407 91.062 31.747
87.415 89.132 34.884
85.152 86.175 33.977
83.624 85.897 37.432
80.423 86.488 39.345
80.439 89.267 41.931
78.154 90.378 44.747
76.721 93.663 45.985
74.545 94.406 49.002
71.843 96.965 49.740
70.138 97.528 53.095
66.498 98.249 52.255
65.478 99.052 55.847
66.901 102.546 55.241
64.068 103.332 52.791
60.350 103.866 53.350
