60.633 -18.014 -14.867
57.533 -16.754 -12.906
53.816 -17.815 -13.155
50.760 -15.706 -12.060
47.075 -16.709 -11.385
44.359 -14.058 -10.652
41.184 -14.833 -8.585
38.288 -13.126 -6.692
36.741 -11.640 -9.897
32.972 -12.152 -10.462
29.465 -10.559 -10.223
29.095 -7.381 -8.020
26.444 -4.553 -7.780
27.494 -1.031 -8.942
28.825 1.093 -6.012
30.054 -2.137 -4.302
33.589 -3.353 -3.337
35.901 -6.345 -4.167
39.646 -7.252 -3.797
41.495 -9.365 -6.461
44.286 -11.880 -5.540
47.284 -12.617 -7.883
49.330 -15.634 -6.591
52.928 -15.250 -7.947
54.441 -18.763 -8.567
58.180 -17.872 -8.850
60.807 -15.651 -7.101
59.816 -11.927 -6.927
62.208 -9.493 -5.094
63.159 -5.768 -4.632
64.103 -4.910 -8.292
60.741 -6.370 -9.544
57.808 -4.016 -10.333
54.260 -5.565 -10.287
50.967 -3.985 -11.512
47.277 -4.538 -12.430
45.827 -3.981 -15.964
42.217 -4.208 -17.301
40.672 -4.814 -20.779
37.333 -2.925 -21.221
34.631 -4.552 -23.443
35.553 -2.667 -26.690
38.723 -0.707 -25.676
42.229 -2.319 -25.499
44.464 -2.866 -22.409
44.630 -0.018 -19.785
47.008 0.149 -16.750
45.081 0.772 -13.450
47.922 0.564 -10.816
51.628 -0.452 -10.391
54.015 -1.023 -7.384
57.840 -0.871 -7.075
58.225 -4.033 -4.858
61.507 -2.680 -3.342
60.069 0.756 -2.389
56.609 1.686 -1.029
56.157 3.747 -4.266
52.779 3.177 -6.089
51.107 4.582 -9.280
47.304 4.925 -9.891
45.343 5.851 -13.085
43.353 9.160 -12.775
40.025 7.195 -13.081
40.743 4.875 -10.052
42.984 6.952 -7.644
41.127 7.348 -4.278
38.898 4.235 -4.850
41.340 1.437 -5.971
44.369 0.412 -3.804
47.160 -2.125 -4.689
48.885 -4.313 -1.999
51.720 -6.925 -1.650
53.017 -9.168 1.225
56.361 -10.987 0.569
55.259 -13.627 3.199
52.383 -14.884 0.925
54.216 -13.882 -2.344
50.862 -12.601 -3.773
49.793 -9.189 -5.236
46.352 -7.748 -4.206
44.061 -5.052 -5.731
41.285 -3.627 -3.457
38.559 -2.133 -5.744
36.313 0.175 -3.603
33.187 1.985 -5.017
32.829 0.079 -8.365
31.211 1.519 -11.568
29.931 0.605 -15.106
33.365 1.842 -16.457
35.369 -0.461 -14.063
33.756 -3.696 -15.492
36.591 -5.471 -17.439
39.039 -8.471 -17.538
41.756 -7.625 -14.911
45.256 -9.038 -15.749
48.155 -9.383 -13.221
51.625 -8.268 -14.531
55.240 -8.393 -13.154
58.654 -7.325 -14.648
62.068 -5.837 -13.598
61.907 -2.434 -15.436
63.152 1.156 -14.724
61.212 2.647 -11.714
60.399 5.932 -13.592
58.634 3.885 -16.376
57.102 1.362 -13.861
55.458 4.244 -11.849
55.443 6.598 -14.932
51.875 5.419 -15.792
53.090 4.443 -19.320
54.263 0.875 -18.379
51.888 -0.931 -20.846
53.859 -3.266 -23.202
53.311 -6.886 -24.353
56.557 -7.870 -22.461
56.958 -9.217 -18.882
55.125 -12.078 -17.074
51.252 -11.952 -17.273
48.405 -13.821 -15.475
45.567 -15.836 -17.151
43.216 -12.921 -16.198
40.024 -12.774 -14.031
36.608 -11.504 -15.323
34.920 -8.659 -13.293
31.263 -7.907 -14.331
29.680 -4.954 -12.372
26.415 -3.268 -13.619
22.599 -2.938 -12.986
