246.968 204.500 369.196
248.509 202.270 371.842
249.337 203.765 375.215
252.479 201.923 376.357
252.247 200.329 379.765
255.937 200.963 380.409
257.266 204.508 380.183
260.751 205.312 381.420
260.764 207.843 384.229
261.852 211.365 383.343
261.279 214.634 385.206
259.870 217.272 382.840
261.459 220.664 383.335
261.257 224.199 382.102
264.811 225.541 381.618
266.109 227.991 384.208
268.447 230.799 383.216
271.603 230.982 385.288
274.164 233.500 384.075
271.704 235.091 381.643
269.763 236.593 384.527
272.819 237.282 386.642
275.379 238.780 384.298
274.458 242.516 384.155
274.739 242.749 387.957
277.136 239.971 388.789
280.455 241.695 388.524
282.027 238.899 386.522
280.689 235.522 385.403
283.233 232.805 386.005
283.351 229.682 383.853
284.306 226.434 385.517
286.456 223.636 384.064
284.430 221.796 381.389
285.239 218.393 382.774
283.435 219.110 386.018
280.286 218.810 383.919
281.237 215.256 382.913
281.498 213.085 386.012
279.185 212.432 388.927
281.225 212.912 392.085
280.011 212.014 395.553
278.498 214.685 397.804
280.328 215.117 401.129
276.876 214.786 402.697
275.912 211.996 400.411
275.624 208.823 402.486
272.332 207.537 403.855
270.913 204.166 404.830
267.461 202.552 404.930
266.481 199.948 407.519
263.305 198.110 408.532
263.330 200.297 411.625
262.460 203.220 409.353
258.806 204.034 408.866
257.266 205.339 405.618
257.474 209.085 405.867
260.982 209.314 407.267
263.146 211.760 405.369
266.185 209.739 404.413
268.239 212.569 403.018
267.591 216.244 402.492
270.059 218.048 400.243
270.304 221.660 399.198
271.310 222.872 395.763
274.560 224.699 395.565
278.302 224.422 395.185
278.733 222.335 398.321
277.270 219.223 396.686
280.116 218.552 394.279
283.579 218.512 395.904
285.105 220.241 392.898
282.428 222.895 393.197
282.754 223.003 396.997
286.507 223.460 396.543
286.307 225.988 393.725
283.798 228.017 395.744
286.473 229.110 398.209
287.715 231.573 395.585
284.343 233.023 394.500
281.771 235.160 396.186
278.817 233.705 394.349
277.345 231.070 392.099
274.354 230.507 389.833
272.855 227.672 387.823
271.660 224.119 387.733
272.856 220.726 388.824
272.259 217.026 388.353
272.123 214.399 391.084
272.507 210.628 390.887
271.176 208.244 393.437
272.795 204.887 394.103
270.898 202.364 396.203
272.445 199.071 397.298
269.790 196.480 398.035
269.543 192.819 397.235
266.784 190.788 395.639
264.813 190.182 398.817
264.235 193.733 400.017
260.976 195.382 398.996
260.653 199.111 399.145
259.974 202.274 397.210
261.594 205.610 397.948
260.546 208.929 396.429
263.049 211.589 395.459
261.297 214.956 395.175
262.421 218.430 394.076
261.000 220.652 396.804
261.074 224.332 395.845
262.503 227.052 398.073
260.173 228.886 400.477
257.934 225.859 400.744
256.885 225.722 404.399
259.496 223.085 405.123
257.992 221.512 408.231
256.303 218.163 407.790
256.081 216.386 404.387
253.794 213.400 404.796
253.795 210.571 402.274
250.874 211.705 400.134
252.322 215.170 399.664
255.778 214.054 398.532
254.386 212.976 395.161
252.833 216.384 394.558
256.318 217.743 393.697
258.395 216.793 390.655
259.761 213.460 391.745
260.853 209.982 390.811
259.790 206.612 392.182
262.859 204.542 392.919
262.862 200.901 393.851
265.374 199.682 396.398
266.295 196.795 394.079
267.487 198.910 391.156
270.906 197.891 389.841
271.516 201.225 388.081
271.718 204.840 389.332
268.866 207.321 389.074
269.432 210.805 387.656
267.530 213.960 388.642
267.995 217.550 387.557
268.263 220.159 390.255
267.310 223.553 388.924
268.030 227.017 390.254
264.489 228.089 390.978
265.145 231.369 392.744
263.997 234.958 393.015
267.444 236.529 393.280
269.890 237.066 390.506
272.714 234.919 391.947
273.593 233.307 395.264
276.017 234.216 397.992
278.359 231.307 398.623
279.031 232.097 402.263
275.325 232.414 403.110
273.108 229.391 402.472
269.779 230.995 401.677
266.918 228.964 400.301
267.694 227.205 397.063
265.968 224.210 395.597
265.923 221.339 398.003
266.168 217.633 397.108
264.276 215.486 399.585
264.060 211.731 399.651
261.801 209.666 401.761
260.624 206.173 402.372
257.419 205.665 400.420
256.635 201.926 400.845
258.232 200.338 403.946
261.436 198.405 403.624
260.394 194.790 404.088
262.143 191.451 404.090
269.516 194.369 406.871
270.595 197.910 405.975
270.415 199.296 402.441
273.135 201.822 401.665
272.454 204.835 399.513
274.922 207.262 398.038
274.422 210.651 396.464
276.528 211.678 393.517
276.338 215.067 391.916
277.638 217.112 389.025
276.811 220.560 387.672
274.481 220.569 384.724
275.351 222.442 381.554
274.548 225.905 382.990
276.534 226.772 386.108
278.922 229.606 386.795
280.421 231.231 389.791
280.424 234.957 390.429
283.328 237.303 391.193
286.721 235.701 391.853
288.019 236.535 395.350
291.096 235.377 397.292
290.686 231.848 398.663
289.637 232.154 402.257
287.180 223.929 404.771
285.744 220.446 404.595
285.756 218.836 408.004
289.108 217.246 408.817
290.416 215.967 412.128
293.567 216.316 414.234
295.686 213.231 413.637
296.275 212.384 417.296
296.086 208.905 418.777
293.703 208.755 421.777
296.599 207.826 424.077
298.344 211.034 422.958
295.496 213.261 424.189
294.771 215.440 427.209
291.583 214.658 429.116
289.142 217.553 429.001
287.671 217.088 432.493
290.888 216.237 434.406
294.475 217.334 433.602
295.812 213.894 432.684
296.763 211.855 429.609
293.858 209.902 428.136
294.325 206.184 428.814
291.029 204.529 427.888
288.644 204.441 424.931
285.480 202.578 425.818
281.719 202.285 425.854
279.854 201.516 429.078
276.058 201.072 429.120
276.125 200.558 432.904
276.995 204.232 433.364
274.269 206.868 432.846
274.024 207.424 429.107
273.197 211.163 429.196
275.535 212.928 431.640
275.375 216.640 432.346
279.023 217.225 431.543
279.988 220.893 431.578
283.588 220.634 430.350
284.808 219.259 427.043
281.655 220.360 425.206
282.100 222.037 421.824
279.930 222.406 418.755
281.320 221.362 415.371
281.284 224.996 414.185
283.149 225.894 417.392
280.505 226.988 419.908
281.633 226.119 423.432
278.987 224.684 425.747
279.313 224.836 429.508
282.574 225.887 431.145
284.734 224.362 428.412
288.202 225.980 428.207
290.621 226.226 425.301
293.947 225.783 427.098
294.799 222.302 428.333
296.376 223.672 431.515
293.065 225.349 432.432
291.341 222.037 433.170
290.114 221.523 436.776
292.097 224.601 437.911
291.083 228.045 439.068
292.622 231.506 439.326
291.564 233.684 442.223
292.465 236.173 444.923
293.160 234.286 448.151
292.452 235.928 451.506
294.083 233.914 454.290
292.730 233.684 457.842
293.218 231.281 460.734
290.376 229.597 462.624
290.737 227.407 465.696
289.591 223.825 465.197
289.733 224.084 461.389
293.151 225.543 460.556
294.030 227.894 457.725
290.984 228.987 455.703
291.366 230.814 452.386
288.642 232.834 450.667
289.116 232.617 446.894
287.556 235.430 444.855
287.534 233.920 441.370
288.640 235.626 438.156
289.323 234.539 434.601
292.422 232.382 434.321
293.921 234.310 431.380
294.645 237.325 433.607
291.288 239.077 433.192
288.269 239.252 435.502
285.108 237.166 435.811
281.498 238.376 435.580
278.488 236.063 436.206
276.544 235.501 433.009
275.210 232.667 430.855
277.710 230.066 432.103
277.931 228.231 435.402
281.539 228.975 436.370
284.797 230.541 435.185
286.589 228.712 432.396
288.133 225.520 433.741
286.384 224.994 437.080
286.102 221.368 438.317
282.682 220.078 437.262
282.884 217.004 439.525
282.130 216.341 443.184
284.184 215.159 446.132
287.033 216.669 448.152
289.673 218.148 445.854
293.071 218.964 447.285
294.449 222.070 445.606
297.944 223.539 445.656
298.341 227.292 446.048
301.490 229.407 445.927
301.563 230.844 449.449
303.894 233.646 450.497
304.531 233.611 454.243
306.026 236.206 456.581
307.663 233.693 458.931
311.419 233.375 459.317
313.249 230.754 457.281
310.600 230.645 454.540
309.328 233.191 452.015
307.549 231.228 449.265
306.070 227.748 449.401
303.335 225.620 447.848
300.585 224.695 450.294
298.017 221.950 449.736
294.514 222.986 450.793
291.444 220.792 451.087
288.396 221.988 449.157
285.008 220.286 449.153
283.228 220.605 445.795
279.856 218.869 445.768
277.121 217.799 445.523
275.916 219.494 448.717
278.652 221.163 450.760
278.905 223.165 453.973
281.857 225.429 453.077
279.759 227.823 450.895
281.112 226.856 447.493
279.907 229.486 445.009
281.878 229.381 441.747
278.968 230.981 439.878
279.093 234.244 441.839
282.883 234.335 442.162
283.740 233.423 445.762
284.625 229.968 447.089
286.384 228.731 450.229
289.034 226.182 451.165
290.773 225.040 454.328
293.688 223.014 455.666
294.217 221.513 459.120
296.850 223.597 460.907
297.670 223.877 464.599
298.764 227.522 464.277
298.463 230.402 461.828
300.746 230.128 458.803
300.711 233.963 458.369
300.133 233.871 454.623
300.080 236.930 452.374
296.754 237.564 450.644
297.005 237.850 446.879
296.612 236.301 443.451
296.979 232.515 443.195
296.188 229.808 440.650
295.269 226.450 442.165
295.866 223.234 440.225
294.224 220.004 441.461
296.291 217.506 443.449
294.049 214.666 444.640
290.419 213.644 445.040
288.738 212.138 448.108
285.375 210.463 447.594
285.105 211.076 443.861
281.642 211.317 442.317
280.781 211.915 438.660
278.045 214.460 439.309
277.628 218.234 439.344
279.055 220.346 442.197
277.384 223.129 444.177
277.299 226.233 441.965
275.186 229.004 443.554
274.752 227.537 447.059
272.357 224.946 445.663
270.569 227.350 443.319
270.009 226.852 439.600
272.626 228.238 437.210
272.870 228.352 433.405
274.182 224.887 432.563
275.089 222.935 429.462
272.310 220.643 428.175
272.530 216.874 428.703
274.252 214.852 426.005
271.742 213.436 423.547
269.547 212.229 422.048
270.456 208.645 421.126
269.000 206.484 418.384
267.605 203.169 419.692
270.587 200.838 419.487
273.442 203.287 420.175
275.426 204.177 423.295
277.741 207.058 424.131
281.489 206.633 423.646
283.607 207.641 426.634
287.227 208.746 426.958
288.887 207.515 430.137
291.747 208.733 432.263
292.770 207.858 435.811
292.751 210.469 438.566
295.077 211.066 441.481
293.137 209.839 444.514
293.720 209.834 448.247
291.674 206.873 449.441
291.744 204.964 452.710
290.403 201.564 451.630
290.222 201.099 447.845
293.289 200.771 445.625
291.329 201.317 442.394
292.046 204.735 440.911
288.987 206.726 439.884
288.496 206.601 436.121
286.890 209.791 434.812
285.274 209.827 431.373
284.749 212.728 428.997
282.940 213.067 425.682
285.886 214.519 423.725
289.449 215.435 424.789
290.895 218.943 424.835
292.515 218.519 421.408
289.204 218.139 419.570
287.879 221.182 421.441
290.819 223.388 420.418
290.658 222.078 416.830
286.893 222.577 416.454
286.857 225.931 418.255
289.783 227.327 416.280
288.841 226.078 412.804
285.116 227.033 412.858
283.746 224.795 410.122
280.480 225.206 408.285
278.251 222.506 409.761
276.576 221.229 406.587
274.467 218.391 408.037
273.454 216.844 411.340
276.034 214.099 411.900
279.581 213.273 410.837
280.449 209.687 409.970
283.809 208.625 411.384
285.948 205.507 411.020
288.387 204.502 413.750
291.132 202.915 411.670
294.516 201.657 412.831
297.282 203.830 411.421
299.997 201.357 410.464
298.249 198.026 409.885
294.912 199.214 408.493
292.604 197.445 410.948
289.314 199.368 410.842
287.531 198.835 414.138
284.248 200.752 414.167
282.236 203.352 412.352
280.694 205.963 414.606
278.563 209.074 414.318
279.997 212.389 415.448
276.886 214.454 416.069
276.885 218.245 416.050
276.566 218.472 419.842
280.147 217.340 420.411
280.058 213.655 421.264
280.357 210.261 419.604
277.681 207.562 419.671
278.300 203.986 418.535
275.671 201.471 417.481
276.074 198.877 420.225
273.743 195.999 421.060
275.405 194.713 424.240
275.242 195.950 427.819
278.792 195.662 429.182
282.060 197.533 428.684
284.414 197.156 425.732
287.893 198.662 425.396
289.526 199.740 422.142
293.223 200.049 421.251
294.320 203.675 421.365
296.670 203.884 418.353
294.011 204.567 415.713
293.050 207.790 413.962
289.509 208.951 413.312
289.110 210.269 409.782
286.040 211.877 408.280
284.025 209.970 405.692
281.080 212.315 405.101
278.257 214.261 406.578
275.414 211.857 407.371
271.805 212.422 408.440
270.486 211.739 411.918
268.439 208.679 410.858
271.576 207.018 409.446
271.894 203.431 410.654
275.368 202.274 411.638
276.736 198.760 411.990
276.566 197.049 415.359
279.792 196.382 417.260
280.421 193.839 419.990
