68.928 112.653 106.963
70.463 115.042 104.418
72.219 118.262 105.376
70.479 121.258 103.798
72.091 124.491 102.599
70.544 127.571 100.931
70.094 127.393 97.139
72.260 130.451 96.430
73.887 133.421 98.140
75.169 136.734 96.787
77.090 139.781 97.913
78.958 142.822 96.697
82.757 142.691 96.323
84.667 143.394 99.517
81.971 142.385 102.009
81.640 139.226 104.140
79.171 136.370 103.575
78.282 133.260 105.556
76.950 129.958 104.205
74.843 127.761 106.490
74.683 123.949 106.646
71.890 122.564 108.833
72.398 119.378 110.850
70.582 116.984 113.174
71.110 115.369 116.560
72.584 112.256 114.913
74.467 114.175 112.206
76.361 117.252 113.357
75.067 117.486 116.902
76.183 113.922 117.589
79.811 114.972 117.258
80.961 114.145 113.727
83.216 116.296 111.611
81.890 118.585 108.887
83.936 118.985 105.708
83.583 121.698 103.069
84.332 121.575 99.338
84.682 124.037 96.457
83.812 123.015 92.892
84.647 125.221 89.929
82.564 124.603 86.794
84.014 121.755 84.758
86.431 120.632 87.489
86.582 118.226 90.408
86.047 119.731 93.876
88.925 120.648 96.168
88.963 120.398 99.950
88.344 123.768 101.609
87.899 123.066 105.334
88.892 119.526 106.337
87.654 119.720 109.927
85.125 122.137 111.404
87.583 125.049 111.265
90.902 123.708 109.925
92.444 124.669 106.581
94.793 122.551 104.444
98.031 124.079 103.217
97.463 126.363 100.238
93.977 127.653 101.102
93.879 131.447 101.610
93.055 132.643 105.117
89.900 134.361 103.827
87.986 131.123 104.504
87.041 130.011 108.008
84.165 128.253 109.731
82.422 127.654 113.018
79.956 125.231 114.592
76.915 126.339 116.581
74.703 123.659 118.068
73.656 121.295 115.291
74.588 123.660 112.434
77.845 124.678 110.767
78.687 127.928 109.004
81.379 128.761 106.445
82.514 132.397 106.625
84.164 134.011 103.596
85.228 137.655 103.933
86.377 139.805 101.039
84.539 138.581 97.946
86.800 138.478 94.908
85.892 137.722 91.314
87.571 134.322 91.792
85.201 133.178 94.552
82.475 132.065 92.119
82.068 128.343 92.839
79.749 125.638 94.181
80.160 124.969 97.915
79.201 121.631 99.501
79.005 120.552 103.151
79.588 116.900 104.119
79.303 114.965 107.384
78.875 111.435 108.765
75.390 110.303 109.756
75.196 108.010 112.793
