-5.233 -2.665 11.833
-3.636 -4.347 8.875
-0.287 -5.891 9.505
1.543 -3.672 7.125
-0.206 -0.374 7.869
3.019 0.572 9.605
4.663 3.075 7.386
7.588 5.403 7.046
7.029 8.586 8.986
9.104 11.770 8.729
12.177 10.341 6.944
11.801 7.178 9.051
14.786 4.809 8.536
13.667 2.781 5.605
15.129 -0.750 6.223
13.535 -0.292 9.605
10.223 1.055 8.333
9.936 -2.094 6.294
11.530 -4.367 8.915
8.522 -3.657 11.115
6.448 -3.850 7.970
7.689 -7.409 7.664
7.653 -8.054 11.364
3.973 -7.464 11.827
3.226 -8.884 8.407
4.920 -11.899 9.823
2.962 -11.740 13.054
-0.318 -11.563 11.216
0.562 -13.692 8.211
1.227 -17.440 8.143
2.125 -17.246 4.461
5.720 -16.272 3.859
4.706 -15.331 0.345
1.904 -13.012 1.367
4.327 -11.754 4.020
7.049 -10.911 1.519
4.783 -9.690 -1.215
3.200 -7.228 1.173
6.433 -6.177 2.839
8.078 -5.776 -0.564
4.947 -4.032 -1.830
4.107 -1.816 1.159
7.762 -1.009 1.025
6.585 1.331 -1.732
2.850 1.802 -1.375
3.259 2.379 2.362
6.673 4.014 2.343
7.377 7.690 2.471
6.007 9.523 -0.592
9.653 10.246 -1.428
10.885 6.798 -0.492
8.384 4.909 -2.551
9.338 7.498 -5.042
12.835 6.209 -4.593
11.344 2.807 -5.214
9.009 3.202 -8.269
11.941 2.272 -10.666
12.489 -0.895 -8.612
8.787 -1.246 -8.088
8.069 -4.583 -9.699
11.732 -5.214 -10.354
13.647 -7.383 -7.950
16.986 -9.158 -8.646
16.411 -12.824 -9.410
16.673 -14.495 -6.023
17.099 -11.324 -3.984
14.700 -9.511 -1.656
12.979 -6.453 -3.100
13.120 -4.817 0.290
16.887 -4.899 0.140
16.585 -2.704 -2.969
13.720 -0.631 -1.729
15.653 0.190 1.409
18.537 0.786 -0.971
16.219 3.176 -2.748
15.736 5.186 0.418
19.329 4.449 1.345
19.877 7.878 -0.140
16.819 9.236 1.645
17.094 10.549 5.154
19.046 13.760 4.917
19.921 16.352 2.286
19.504 14.025 -0.702
16.020 13.270 0.639
15.065 16.880 0.078
16.909 17.132 -3.222
15.118 14.028 -4.422
11.906 15.280 -2.841
11.148 17.328 -5.944
12.352 14.595 -8.297
11.010 11.382 -6.870
