96.067 -2.808 69.335
96.180 -4.100 65.772
98.915 -6.740 65.454
101.798 -5.457 63.327
105.242 -6.614 62.243
107.785 -3.903 61.508
110.219 -4.519 58.675
113.748 -3.768 57.427
114.080 -0.100 56.544
112.267 0.908 59.730
113.734 4.060 61.241
115.945 4.766 58.237
116.221 8.212 56.679
116.199 7.862 52.882
116.682 11.385 51.504
114.363 10.618 48.600
111.618 9.124 50.784
108.103 10.482 50.458
105.959 10.185 53.577
103.349 12.393 55.225
104.466 13.957 58.505
103.001 16.163 61.249
103.136 19.875 60.497
104.798 22.284 62.912
101.916 24.735 62.323
98.794 22.602 61.658
96.415 25.555 61.323
98.701 27.886 59.364
97.147 29.539 56.304
99.674 30.700 53.656
99.535 33.889 51.628
97.559 33.584 48.399
99.238 32.505 45.178
99.372 35.620 43.023
99.818 36.063 39.299
103.556 36.061 38.574
104.860 35.773 34.995
107.275 33.022 33.987
106.035 29.987 35.884
108.119 26.896 35.153
106.917 23.369 35.918
109.735 21.282 34.494
113.388 22.070 33.828
113.072 20.618 30.332
111.555 24.040 29.627
114.905 25.593 30.534
117.301 23.301 28.656
115.301 23.946 25.479
116.430 27.582 25.667
119.587 28.316 23.664
122.682 29.510 25.536
126.245 30.266 24.390
128.887 27.558 24.140
132.315 28.499 25.578
133.727 27.138 22.319
137.036 29.005 22.006
138.442 27.556 25.222
142.116 28.125 24.462
144.953 29.782 26.383
144.854 32.974 24.299
141.127 33.548 24.885
139.946 35.120 28.130
136.433 35.850 29.317
133.932 37.006 26.711
136.374 36.215 23.888
135.889 32.509 24.646
132.400 32.620 23.106
133.687 33.685 19.695
134.573 31.231 16.932
137.295 32.971 14.878
136.723 33.216 11.129
139.146 34.807 8.668
139.759 35.315 4.959
141.514 32.167 3.731
144.241 31.719 1.122
143.681 27.951 0.903
140.531 25.866 0.447
138.455 23.435 2.531
140.024 24.464 5.859
138.681 23.618 9.317
137.112 26.222 11.616
136.238 24.278 14.773
135.535 20.909 16.383
133.725 19.718 19.504
132.389 16.511 21.050
128.593 16.839 21.092
128.160 15.231 24.531
126.265 17.808 26.656
127.411 16.663 30.092
131.183 16.288 29.789
133.849 18.768 30.847
134.506 21.274 28.096
132.777 24.133 26.187
129.323 22.706 26.984
129.706 22.497 30.763
128.816 26.132 31.446
125.741 26.237 29.177
122.156 25.938 30.460
121.893 22.555 28.768
125.237 21.508 30.224
124.483 22.556 33.793
121.220 20.632 33.963
122.681 17.667 32.126
125.389 17.664 34.810
122.647 17.380 37.454
121.729 14.004 35.913
123.360 10.667 35.075
121.662 9.914 31.751
120.328 11.838 28.763
118.505 11.307 25.484
117.347 13.474 22.614
118.322 15.540 19.610
120.347 18.711 20.120
119.952 22.130 18.550
123.237 23.809 17.640
122.591 27.262 16.212
125.250 29.625 14.902
125.066 33.363 14.284
127.490 35.145 11.968
128.627 38.530 13.257
130.774 39.987 10.471
129.828 43.089 8.463
126.817 43.180 6.158
129.274 43.103 3.222
131.155 40.059 4.517
130.069 36.867 2.767
130.865 33.202 3.112
129.634 29.632 3.097
130.555 27.092 5.742
129.620 23.480 6.299
128.777 22.183 9.772
128.760 18.428 10.238
127.765 15.909 12.881
129.801 12.711 12.838
128.059 9.786 14.577
130.442 7.682 16.735
132.700 4.806 15.755
135.984 6.524 14.987
137.902 9.744 15.614
136.816 13.233 14.591
136.952 13.741 10.799
140.385 14.838 9.556
139.200 16.825 6.539
136.091 18.326 4.960
135.600 15.394 2.582
135.386 12.960 5.481
133.190 15.285 7.532
130.603 15.860 4.794
129.774 12.142 4.685
127.885 12.602 7.954
124.851 14.670 8.942
125.415 18.268 7.904
124.154 21.655 6.825
125.691 24.134 4.389
125.307 27.668 5.702
125.255 30.734 3.455
125.920 34.045 5.219
123.165 36.522 4.432
120.182 38.494 5.726
119.143 35.608 7.978
122.235 35.704 10.201
121.896 32.263 11.726
121.714 28.595 10.859
120.761 25.519 12.834
122.453 22.143 12.673
120.319 19.572 14.427
122.428 16.813 15.951
119.720 14.131 15.777
119.554 11.508 18.480
121.374 8.587 16.886
122.270 6.107 19.592
122.300 2.349 20.090
120.472 2.723 23.400
117.522 4.929 24.362
119.781 6.853 26.760
123.466 7.690 27.162
125.484 8.325 30.299
126.216 12.034 30.788
129.885 11.441 31.578
132.475 9.668 29.436
134.676 8.943 32.476
136.714 5.911 31.441
139.225 4.880 34.124
136.492 3.621 36.458
133.230 3.090 34.556
134.473 2.793 30.969
131.711 5.208 29.934
133.677 6.225 26.834
131.206 3.590 25.561
128.591 6.357 25.286
130.480 8.939 23.186
127.900 10.693 21.002
130.181 11.888 18.236
131.560 15.159 16.935
130.474 18.432 15.431
132.972 20.118 13.099
132.861 23.255 10.962
134.753 23.898 7.722
134.998 26.599 5.077
132.676 25.544 2.238
133.985 28.388 0.063
135.747 31.268 1.847
135.020 34.347 3.952
135.181 37.217 1.450
135.347 40.949 2.171
135.575 44.322 0.363
138.716 46.530 0.399
140.049 47.574 3.825
137.403 45.572 5.702
138.171 43.510 8.820
139.607 40.243 7.482
138.584 38.438 10.659
135.059 37.992 12.001
133.230 35.978 14.644
130.517 33.350 14.870
128.579 32.842 18.104
127.547 29.278 18.952
124.286 28.402 20.725
123.055 25.041 21.991
119.758 23.752 23.365
117.818 20.532 23.810
115.202 19.561 21.208
111.594 18.563 22.123
112.510 14.849 22.310
115.174 15.441 24.979
114.980 14.132 28.562
117.207 13.423 31.579
117.219 10.658 34.204
118.781 9.980 37.621
119.462 13.177 39.542
122.986 13.612 40.905
124.952 16.418 42.508
126.454 18.895 40.057
130.255 18.371 40.196
130.926 22.100 39.759
129.399 23.109 43.109
131.715 22.488 46.061
133.159 23.950 49.251
135.834 23.331 51.873
134.402 24.460 55.191
130.971 25.849 56.057
130.415 29.363 54.711
130.132 32.274 57.135
131.791 19.746 54.733
