161.891 154.489 156.719
163.698 157.215 158.652
163.825 159.750 155.793
161.873 159.535 152.511
163.829 160.233 149.336
161.680 160.061 146.174
158.103 161.014 146.949
154.787 161.289 145.191
151.905 163.668 145.835
148.113 163.716 146.232
145.879 160.789 145.285
142.143 161.344 144.771
139.175 159.029 145.113
135.428 159.129 144.436
132.751 156.448 144.573
129.739 156.622 142.256
126.821 154.252 141.779
128.224 150.894 140.600
131.916 151.724 140.792
134.881 153.600 142.214
137.281 155.922 140.366
140.707 157.099 141.563
143.477 159.177 140.004
147.071 160.295 140.541
149.849 162.037 138.646
153.041 160.472 137.269
156.011 162.175 138.903
158.758 161.366 141.368
160.221 164.407 143.114
163.703 164.393 144.626
163.127 167.249 147.056
162.031 170.029 144.645
163.560 168.398 141.554
161.292 166.618 139.061
163.694 163.721 138.614
161.551 160.851 137.283
158.584 161.808 135.128
156.818 158.634 133.944
156.251 156.400 136.991
152.981 154.688 137.889
151.646 155.193 141.426
148.506 153.080 140.916
148.265 149.309 141.341
145.635 146.698 140.523
145.410 144.102 143.290
142.849 141.709 141.795
139.647 141.804 139.749
137.885 144.111 142.224
140.604 146.006 144.129
142.737 149.031 143.202
145.381 150.888 145.194
147.193 154.221 144.958
149.910 155.461 147.293
151.658 158.715 148.265
155.006 159.332 149.905
158.115 157.183 149.626
158.279 155.192 146.382
160.539 152.338 147.510
158.064 151.582 150.314
155.239 151.570 147.766
157.167 149.081 145.631
157.869 146.809 148.602
154.196 146.745 149.565
153.278 146.057 145.935
155.533 142.995 145.990
154.101 141.686 149.279
150.431 142.220 148.416
150.883 140.663 144.985
152.416 137.520 146.445
149.530 137.216 148.922
146.888 137.465 146.197
148.800 134.922 144.079
149.110 132.418 146.910
145.452 132.601 147.901
144.415 132.281 144.259
146.618 129.189 143.816
144.421 126.450 145.281
141.297 128.193 143.931
138.783 126.943 146.479
136.093 129.544 145.766
137.034 132.250 148.285
138.920 135.416 147.370
140.183 138.445 149.245
137.983 141.511 149.411
138.509 145.275 149.584
137.742 145.111 153.311
140.111 142.217 153.983
142.910 144.075 152.193
142.093 147.324 154.035
142.344 145.507 157.374
145.549 143.674 156.459
147.141 146.982 155.463
146.057 148.728 158.676
147.572 145.918 160.747
150.890 145.956 158.871
151.216 149.739 159.122
150.525 149.648 162.864
153.036 146.853 163.434
155.674 148.940 161.668
154.942 152.137 163.610
155.100 150.231 166.914
158.738 149.211 166.330
159.625 152.834 165.465
160.311 151.866 161.833
157.293 152.979 159.806
156.375 152.755 156.147
155.998 156.310 154.875
152.885 156.040 152.648
149.282 157.255 152.655
147.597 154.523 150.573
144.004 154.539 149.241
141.983 151.372 148.550
139.097 151.224 146.105
136.914 148.250 145.380
133.610 146.922 144.144
132.329 143.566 145.394
128.987 142.050 146.313
127.078 144.867 144.632
128.369 147.951 146.463
131.543 150.034 146.448
134.349 150.485 148.972
136.723 153.404 149.549
139.204 153.439 152.426
142.115 155.420 153.830
145.233 154.104 155.608
147.811 156.524 157.079
151.380 155.593 158.123
150.578 155.829 161.857
147.732 153.327 161.567
144.763 155.682 161.201
142.088 154.167 158.969
138.507 155.038 158.035
136.001 155.148 155.175
134.315 157.985 153.294
132.574 158.733 149.981
135.620 160.808 148.960
139.312 160.985 149.750
142.424 163.025 149.047
145.951 162.837 150.429
148.759 165.376 150.776
147.971 168.924 149.658
144.847 167.533 148.027
143.332 167.293 151.498
143.318 171.107 151.493
142.803 171.907 147.816
140.443 169.267 146.382
138.345 167.925 149.264
136.323 171.191 149.487
135.092 170.835 145.886
134.219 167.159 146.282
132.306 167.926 149.477
130.597 170.930 147.880
129.275 168.629 145.153
128.374 165.582 147.244
126.467 167.828 149.664
123.887 168.681 147.006
123.746 165.307 145.254
124.664 162.216 147.317
124.979 160.064 144.189
126.738 160.760 140.886
127.097 158.904 137.599
130.305 157.576 136.079
130.615 160.511 133.683
129.998 163.116 136.385
132.508 161.503 138.738
135.159 161.475 136.008
134.456 165.112 135.101
134.782 166.060 138.770
138.074 164.180 139.098
139.649 165.988 136.153
138.257 169.375 137.258
140.045 168.864 140.584
143.281 167.641 138.994
143.428 170.923 137.077
143.392 172.993 140.285
146.002 170.748 141.868
148.202 171.530 138.860
147.542 175.254 139.282
148.366 175.490 142.976
150.710 172.625 143.960
154.449 173.050 143.406
155.228 169.309 143.479
152.557 168.479 140.887
152.854 167.540 137.214
150.631 167.767 134.145
150.309 164.039 133.348
148.099 161.643 135.284
146.452 158.221 135.191
142.839 157.370 136.009
141.709 153.929 137.188
138.148 152.649 137.477
136.651 149.492 139.002
133.148 148.281 138.123
131.356 144.941 137.768
133.622 144.030 134.825
136.923 144.720 136.603
139.648 147.333 136.755
140.536 149.639 133.875
143.503 152.021 133.840
143.848 154.900 131.393
147.141 156.129 129.998
148.793 159.534 130.170
146.104 162.208 130.268
146.610 165.961 130.358
144.810 168.951 131.861
145.550 171.057 128.768
142.364 172.959 129.577
144.587 175.625 131.175
143.858 179.348 130.821
146.858 181.512 131.692
145.507 185.046 131.255
148.305 187.037 132.890
