15.870 -8.085 -50.054
14.633 -4.556 -49.390
11.944 -3.537 -51.873
10.747 -7.088 -52.518
9.898 -7.245 -48.816
8.201 -3.844 -48.890
6.215 -5.061 -51.894
4.860 -7.957 -49.846
4.139 -5.467 -47.065
2.132 -3.374 -49.523
0.109 -6.435 -50.516
-0.729 -7.229 -46.894
-1.808 -3.649 -46.204
-4.045 -3.673 -49.278
-5.580 -7.047 -48.433
-6.641 -5.549 -45.103
-8.127 -2.427 -46.683
-10.549 -4.355 -48.890
-10.415 -7.511 -46.791
-9.317 -9.781 -49.630
-6.520 -12.344 -49.856
-3.002 -12.019 -51.260
-4.076 -14.143 -54.224
-6.210 -11.252 -55.468
-3.278 -8.835 -55.360
-0.481 -8.312 -57.881
2.665 -6.196 -57.594
5.568 -5.783 -60.006
9.089 -4.365 -59.791
10.519 -3.171 -63.095
13.421 -1.049 -64.333
12.420 1.424 -67.042
14.165 4.577 -68.256
16.901 3.914 -65.706
14.454 4.099 -62.804
12.940 1.379 -60.621
9.150 1.614 -60.658
6.813 -0.341 -58.386
3.296 -1.127 -59.597
0.541 -2.419 -57.318
-2.739 -3.590 -58.835
-6.018 -4.957 -57.495
-9.340 -5.777 -59.152
-12.476 -4.985 -57.156
