53.811 95.136 115.080
52.884 97.665 117.755
49.832 97.785 120.027
49.284 101.536 120.441
46.143 102.341 122.420
43.116 100.571 120.934
44.904 99.918 117.616
47.167 97.258 116.186
49.682 98.892 113.853
51.446 96.705 111.294
54.355 98.677 109.834
52.743 101.699 111.455
49.439 101.110 109.544
46.301 100.197 111.560
45.435 96.546 110.982
42.214 94.530 110.689
41.975 90.726 110.896
39.684 89.070 108.388
40.648 85.759 109.978
39.838 82.033 110.026
40.167 79.613 112.897
41.584 76.511 111.264
42.307 73.001 112.469
44.601 70.210 111.376
42.016 67.776 110.064
41.357 65.952 106.811
40.056 62.620 105.511
42.261 59.563 106.089
45.195 61.767 107.115
43.518 62.630 110.427
45.645 65.246 112.171
48.511 64.207 109.899
50.462 66.591 107.717
49.243 67.157 104.167
51.405 69.564 102.137
48.836 69.447 99.289
45.920 70.417 101.502
48.124 73.213 102.800
48.586 74.824 99.388
44.838 74.377 98.766
43.604 75.821 102.082
45.946 78.793 101.585
44.734 79.613 98.143
41.220 79.347 99.537
42.103 81.885 102.233
43.209 84.140 99.354
40.023 83.447 97.395
38.110 84.438 100.542
39.943 87.796 100.829
41.104 86.731 104.260
44.459 87.699 105.744
44.890 85.879 109.086
44.768 82.405 110.614
44.458 81.272 114.213
46.132 77.934 114.875
43.426 76.304 116.998
44.261 74.629 119.291
47.914 73.701 119.058
51.009 74.721 117.077
50.811 73.516 113.495
53.396 71.848 111.305
56.290 74.225 110.522
55.735 73.977 106.782
52.398 75.726 107.336
54.167 78.791 108.780
56.705 78.661 105.968
53.795 78.833 103.515
52.062 81.643 105.406
55.473 83.374 105.371
55.613 83.375 101.563
51.896 83.893 100.901
51.194 86.953 103.052
49.017 85.565 105.809
49.001 86.892 109.384
49.222 84.162 112.006
48.070 83.939 115.591
50.102 81.097 117.088
48.619 79.063 119.931
49.723 76.387 122.424
47.858 73.116 123.136
46.589 74.598 126.409
42.886 74.065 125.916
40.448 72.587 128.419
42.032 74.037 131.613
38.879 73.893 133.674
36.300 71.580 135.111
33.326 73.606 136.276
32.877 75.741 139.382
33.330 72.533 141.404
36.970 72.003 140.416
39.891 74.346 140.622
42.329 73.222 137.892
45.025 75.678 139.127
45.066 73.722 142.428
44.301 70.184 141.225
45.836 69.524 137.775
49.579 68.920 137.372
49.950 71.277 134.425
51.906 74.451 135.243
55.286 72.852 134.546
54.376 71.220 131.241
52.660 74.429 130.168
55.802 76.540 130.398
57.835 73.962 128.507
55.287 73.764 125.685
55.085 77.560 125.420
58.904 77.684 125.332
59.052 75.009 122.619
56.597 76.921 120.429
58.100 80.410 120.734
61.604 79.014 120.221
60.414 77.077 117.202
58.493 79.895 115.491
60.465 82.986 116.498
61.900 83.771 113.085
58.566 83.698 111.170
57.390 87.145 110.064
53.945 85.609 109.593
53.473 85.176 113.378
52.164 88.489 114.738
50.567 87.319 118.006
50.916 84.479 120.527
47.977 82.999 122.392
48.559 81.371 125.760
45.709 78.889 125.374
42.042 78.517 124.505
39.127 78.840 126.961
40.296 78.234 130.531
38.079 78.673 133.576
38.714 82.343 134.268
35.500 83.199 136.154
34.747 80.628 138.890
38.127 81.328 140.589
38.965 84.820 139.379
42.274 85.371 141.230
43.593 81.808 141.125
43.449 82.141 137.323
45.220 85.498 137.221
47.909 83.802 139.326
48.483 81.133 136.640
48.057 82.996 133.371
49.974 86.184 134.176
53.384 84.502 134.686
52.787 82.860 131.312
51.980 86.193 129.724
55.202 87.329 131.390
57.160 84.293 130.191
55.843 84.863 126.662
57.293 88.380 126.371
60.598 87.000 127.656
61.289 84.138 125.288
60.352 86.101 122.197
63.208 88.234 120.859
60.597 90.309 118.965
58.306 91.176 121.944
55.271 90.198 119.940
51.837 90.847 121.528
50.268 88.203 123.794
46.651 87.144 124.246
44.489 84.430 125.773
41.307 83.242 124.068
38.444 83.495 126.545
35.346 81.273 126.336
31.802 82.615 126.839
31.631 83.522 130.523
30.599 86.053 133.126
32.976 88.703 131.795
32.358 90.846 134.893
33.916 88.243 137.244
36.821 87.249 134.945
39.645 89.614 135.934
42.370 88.262 133.656
41.085 88.242 130.056
41.022 92.069 129.873
44.678 92.122 130.980
46.086 90.898 127.654
47.803 92.923 124.957
44.950 92.263 122.549
41.685 90.959 123.934
40.418 87.742 122.307
36.933 86.430 123.161
34.785 83.481 121.969
31.079 84.304 121.660
28.066 82.378 120.324
25.089 84.672 120.768
22.254 83.200 118.749
23.776 79.700 118.811
24.462 78.339 122.333
22.358 81.032 124.015
19.350 82.849 122.554
19.119 80.126 119.932
17.779 81.176 116.549
16.875 84.810 117.393
19.442 87.186 115.886
17.427 90.172 117.127
18.286 89.007 120.637
21.830 87.867 119.794
22.930 91.318 118.624
21.300 92.923 121.664
23.195 90.638 124.018
26.426 91.009 122.046
26.218 94.808 122.134
25.755 94.549 125.917
29.071 92.738 126.358
30.610 95.140 123.823
29.543 98.020 126.062
31.717 96.444 128.752
34.689 95.921 126.422
34.650 99.561 125.309
35.276 100.806 128.876
38.472 98.713 128.949
40.337 100.789 126.297
41.964 97.750 124.655
42.036 96.205 121.170
39.349 93.521 120.981
39.002 90.627 118.534
36.248 88.019 118.215
38.380 84.846 118.142
35.618 82.237 117.578
31.993 82.436 116.446
29.946 80.302 114.081
26.877 78.130 113.595
26.705 74.445 112.667
25.665 74.274 109.021
24.878 71.042 107.183
25.651 71.642 103.510
22.380 70.759 101.914
19.808 72.193 104.328
18.072 75.342 103.094
15.218 77.278 104.702
13.617 80.481 103.516
13.457 81.365 107.212
17.179 81.081 108.245
16.789 78.314 110.759
19.583 76.796 112.808
21.737 74.246 110.876
20.665 75.608 107.496
23.032 77.306 105.063
20.989 80.509 105.333
21.095 80.925 109.100
24.882 80.886 108.889
24.610 83.973 106.651
22.289 85.738 109.107
24.623 84.946 112.010
27.688 86.609 110.442
25.745 89.326 108.616
23.982 90.513 111.794
26.931 90.120 114.169
29.491 91.632 111.768
27.240 94.659 111.372
27.358 95.289 115.111
31.152 94.909 115.166
31.784 97.587 112.503
30.122 100.128 114.819
32.988 99.647 117.351
36.161 101.569 116.384
38.229 99.604 118.966
37.275 96.168 117.559
40.227 95.192 115.356
39.833 91.509 114.388
37.400 88.696 113.565
38.325 84.994 113.249
35.376 82.839 112.178
35.094 79.377 113.672
35.846 77.274 111.816
37.539 77.293 108.436
36.292 73.747 107.747
34.331 70.914 109.367
36.416 68.519 111.449
35.951 65.324 113.410
34.902 65.132 117.095
34.110 62.465 119.651
30.641 60.908 119.367
27.924 62.878 121.109
24.353 63.995 120.524
25.593 67.556 120.018
27.930 66.800 117.092
26.515 65.699 113.733
29.438 63.419 112.867
31.963 66.027 113.987
31.781 69.797 114.128
29.701 71.312 111.291
30.357 75.046 111.887
32.916 75.019 109.046
32.604 77.592 106.313
33.845 74.753 104.090
32.994 71.082 104.119
35.784 68.655 105.020
36.662 68.397 101.301
36.916 72.192 101.163
33.717 72.937 99.174
32.219 76.276 100.345
28.808 76.714 101.954
26.513 79.674 101.260
27.846 81.701 104.201
31.324 81.442 102.767
30.225 83.274 99.603
28.755 85.895 101.963
31.968 86.206 104.009
34.193 86.333 100.897
32.011 89.185 99.619
32.135 91.165 102.877
35.938 90.827 103.121
36.265 92.091 99.537
34.884 95.388 100.906
37.062 95.537 104.068
40.704 96.654 103.637
43.396 94.984 105.728
44.932 98.458 106.351
43.150 101.558 107.607
39.598 100.327 108.154
