2.161 0.966 0.932
3.907 -0.970 -1.866
6.798 -2.192 0.281
9.668 -3.930 -1.508
11.471 -5.239 1.586
10.178 -5.399 5.157
12.004 -6.485 8.317
11.090 -6.558 12.026
12.987 -5.821 15.237
11.461 -6.462 18.664
12.594 -4.668 21.831
11.586 -5.460 25.425
12.003 -3.166 28.428
13.978 -5.932 30.118
16.297 -4.627 32.847
16.891 -1.140 31.468
16.209 -1.952 27.849
16.411 -4.754 25.290
16.703 -4.772 21.482
16.533 -7.787 19.194
16.349 -7.656 15.420
13.896 -10.538 15.108
15.556 -11.840 11.945
18.431 -12.712 14.306
20.259 -9.720 12.879
20.616 -8.289 16.393
20.190 -9.451 19.990
21.397 -7.310 22.910
20.268 -5.530 26.045
20.857 -1.805 26.422
20.564 0.840 29.109
19.734 4.533 29.323
22.069 6.753 31.421
20.882 5.338 34.752
23.355 7.873 36.115
20.673 10.499 35.508
17.413 8.556 35.548
17.428 5.046 34.119
16.864 1.580 35.594
20.370 0.128 35.963
22.157 -2.093 33.445
25.490 -2.353 31.615
24.276 -1.921 28.047
24.284 0.610 25.223
22.947 4.157 25.609
19.965 5.063 23.333
21.597 8.392 22.451
24.786 6.678 21.320
22.829 3.920 19.570
20.954 6.371 17.334
24.054 8.525 16.839
26.284 5.606 15.800
23.556 3.938 13.761
22.896 7.263 12.047
26.606 7.768 11.340
26.982 4.272 9.885
23.661 4.694 8.060
24.942 7.990 6.651
27.977 6.132 5.281
25.633 3.543 3.760
23.471 6.336 2.318
26.539 8.127 0.933
27.594 4.771 -0.525
24.299 4.409 -2.405
24.355 8.104 -3.348
27.817 7.628 -4.831
26.306 4.666 -6.647
23.586 6.779 -8.280
25.983 9.689 -8.758
28.374 7.314 -10.535
31.147 8.345 -8.156
33.234 6.428 -5.617
34.044 7.409 -2.023
37.244 6.399 -0.098
36.768 3.290 2.067
39.118 4.803 4.661
36.433 7.256 5.777
34.991 7.420 9.303
32.268 9.369 11.132
32.557 9.983 14.866
29.253 10.738 16.597
29.878 12.374 19.975
26.678 12.639 22.038
26.166 14.546 25.262
23.154 15.163 27.474
22.570 17.881 30.050
19.754 19.907 31.701
18.574 22.702 29.415
17.173 26.111 30.351
13.720 24.623 29.677
14.140 22.237 32.608
14.419 19.022 30.636
17.171 16.906 29.096
18.960 18.286 26.039
21.111 16.264 23.648
24.204 17.900 22.188
25.714 15.683 19.487
28.908 16.649 17.680
28.794 14.728 14.397
32.340 14.442 13.053
32.662 13.675 9.353
36.166 12.433 8.535
36.490 11.974 4.773
40.030 11.342 3.410
41.280 13.168 0.339
38.914 15.990 1.286
39.451 19.496 2.724
37.682 21.043 5.662
36.654 23.976 3.465
35.151 21.637 0.874
33.843 19.204 3.500
31.893 22.122 4.993
29.719 22.467 1.889
29.670 18.739 1.115
28.428 17.731 4.576
26.051 20.696 4.515
24.338 19.828 1.227
24.500 16.113 2.046
22.680 16.548 5.360
20.250 18.851 3.513
19.194 16.430 0.770
19.319 13.339 3.002
19.154 13.790 6.808
16.623 11.282 8.247
14.038 13.780 9.431
13.780 17.594 9.526
13.630 17.268 13.302
16.982 15.450 13.387
18.624 18.837 13.338
15.817 21.246 14.249
14.766 19.184 17.281
18.062 17.422 17.982
20.991 19.758 18.634
23.720 18.492 16.321
27.108 20.128 15.782
28.185 19.426 12.191
31.954 19.142 12.567
33.962 18.236 9.476
37.282 16.422 9.790
