30.632 27.190 -17.925
31.833 25.050 -15.007
31.453 21.284 -15.240
31.390 20.245 -11.599
32.639 20.792 -8.066
33.830 17.811 -6.026
35.182 17.550 -2.482
37.263 14.622 -1.203
38.791 13.623 2.101
42.494 12.831 2.409
41.763 9.117 1.907
40.356 9.700 -1.578
36.649 9.096 -1.079
34.327 11.629 -2.690
32.587 13.683 -0.013
30.576 15.971 -2.315
29.594 15.725 -5.990
27.676 18.177 -8.138
27.672 18.200 -11.931
26.300 21.201 -13.768
26.809 19.834 -17.265
25.750 16.264 -18.061
28.557 15.875 -20.601
30.303 13.803 -17.937
32.883 11.174 -18.586
32.335 9.783 -15.128
35.989 8.866 -14.407
36.600 12.588 -13.788
36.326 12.116 -10.028
38.464 9.015 -10.546
40.866 11.042 -12.699
41.431 13.576 -9.920
41.568 10.744 -7.372
44.263 8.698 -9.116
46.280 11.456 -10.832
46.354 14.230 -8.203
45.061 12.877 -4.878
47.073 9.645 -4.818
50.280 17.373 -8.453
52.827 20.093 -9.275
50.445 22.947 -10.204
46.928 24.017 -9.171
45.616 23.705 -12.737
46.222 20.335 -14.388
44.995 19.240 -17.819
43.820 15.614 -17.961
42.559 14.569 -21.412
41.452 18.071 -22.493
39.719 18.461 -19.096
41.135 21.196 -16.866
41.161 20.608 -13.098
41.611 23.349 -10.513
41.888 22.472 -6.840
42.558 23.797 -3.342
43.186 22.065 -0.026
41.693 23.044 3.354
42.768 21.259 6.589
43.476 18.158 4.489
40.264 18.092 2.385
40.396 18.612 -1.401
38.007 21.045 -3.111
38.272 20.784 -6.902
36.539 22.265 -9.945
36.413 20.774 -13.437
35.702 21.990 -16.958
36.660 21.431 -20.587
35.874 24.946 -21.826
38.390 27.773 -21.742
37.417 29.779 -18.664
38.652 32.644 -16.508
41.169 30.920 -14.236
41.310 33.689 -11.631
37.502 33.762 -11.586
37.117 30.061 -10.804
39.980 30.120 -8.287
38.455 33.062 -6.427
35.170 31.232 -6.675
36.772 28.295 -4.877
38.011 30.843 -2.337
34.453 32.152 -1.914
33.216 28.586 -1.371
35.908 27.937 1.237
35.105 31.198 3.035
31.365 30.466 3.069
31.784 27.024 4.594
34.504 28.273 6.961
31.848 30.660 8.251
29.136 27.988 8.275
31.183 25.293 10.063
34.310 27.021 11.414
36.632 24.280 10.132
36.615 22.527 6.759
37.311 18.905 7.683
35.918 15.427 7.091
33.241 15.383 9.797
32.128 19.017 9.468
31.432 18.518 5.759
29.988 15.027 6.310
27.467 15.978 9.006
25.798 18.712 6.895
24.698 17.311 3.521
21.713 19.338 2.318
23.015 22.623 3.749
26.138 22.442 1.577
24.202 21.329 -1.509
21.536 24.037 -1.210
23.998 26.815 -0.369
26.091 25.792 -3.385
22.825 25.904 -5.358
22.510 29.626 -4.639
26.179 30.456 -5.120
26.330 29.296 -8.769
23.943 28.159 -11.510
25.010 25.837 -14.344
28.628 26.672 -13.735
27.891 30.403 -13.521
28.881 32.101 -10.206
25.833 33.971 -8.895
25.592 36.246 -5.848
23.528 35.074 -2.824
