26.408 12.145 -8.974
29.595 10.061 -9.237
31.090 8.585 -6.090
34.704 8.759 -7.324
35.917 11.660 -9.483
39.267 11.519 -11.334
42.179 13.617 -10.107
42.462 16.930 -11.953
45.752 18.466 -13.089
46.130 22.194 -13.765
49.152 24.078 -15.063
50.287 26.694 -12.536
53.366 27.996 -14.342
55.934 26.492 -16.704
57.082 23.197 -15.208
54.742 23.376 -12.190
51.430 21.480 -12.092
48.766 21.400 -9.379
46.944 18.123 -8.726
43.552 18.174 -7.001
41.833 15.061 -5.653
38.436 14.695 -3.993
37.516 12.647 -0.930
34.006 11.206 -0.979
32.056 11.986 2.190
29.045 10.237 3.693
26.713 13.088 2.719
27.974 12.441 -0.857
29.840 15.725 -0.986
33.517 16.004 -1.799
36.420 17.790 -0.111
39.370 18.775 -2.345
43.086 18.606 -1.630
45.892 20.224 -3.616
49.399 19.003 -4.335
52.164 19.816 -6.818
54.040 18.046 -9.585
57.282 19.882 -10.380
59.227 19.031 -13.524
62.963 18.388 -13.126
64.679 17.484 -16.383
63.197 14.235 -17.695
61.426 13.421 -14.410
59.244 15.165 -11.828
58.892 15.796 -8.092
55.621 15.132 -6.259
54.540 17.369 -3.387
51.874 15.551 -1.340
49.840 12.496 -2.347
46.108 12.254 -2.983
43.671 10.974 -0.354
44.284 7.250 -0.961
46.444 4.845 -2.957
44.315 4.554 -6.151
43.995 8.337 -6.492
47.746 8.685 -5.944
48.156 5.926 -8.539
46.372 8.227 -10.994
49.003 10.913 -10.370
51.825 8.431 -11.006
50.195 7.230 -14.225
49.469 10.776 -15.415
53.104 11.767 -14.842
54.232 8.860 -17.041
51.568 8.806 -19.776
50.654 12.499 -20.195
53.534 14.499 -18.700
56.097 11.993 -20.059
58.162 12.947 -16.989
57.784 10.122 -14.462
57.715 10.999 -10.777
60.969 9.943 -9.116
60.902 11.868 -5.824
58.156 12.828 -3.397
57.875 14.985 -0.280
54.928 15.442 2.069
54.064 18.464 4.181
52.593 16.698 7.245
51.272 13.352 8.453
47.575 13.500 7.646
45.795 11.373 5.063
45.326 14.177 2.530
49.130 14.526 2.364
50.463 11.018 3.090
47.399 8.918 2.248
49.048 7.300 -0.761
52.649 6.948 0.402
52.546 3.157 0.048
51.652 3.427 -3.647
54.734 5.604 -4.182
57.142 3.334 -2.291
55.748 0.361 -4.223
56.692 2.153 -7.463
60.223 2.835 -6.198
59.731 6.561 -5.623
62.233 8.192 -3.272
60.071 9.650 -0.500
60.926 12.334 2.059
59.160 13.798 5.074
59.976 15.649 8.269
61.346 13.377 10.989
58.316 14.210 13.129
55.971 13.371 10.244
57.561 9.936 9.845
57.329 9.197 13.575
53.602 9.969 13.912
52.498 8.445 10.583
52.029 4.906 12.029
49.698 6.223 14.752
47.604 8.094 12.163
47.191 4.941 10.062
49.635 6.168 7.416
52.678 4.717 5.699
55.816 6.669 6.672
58.214 8.176 4.189
61.484 6.366 3.582
63.876 9.233 4.396
63.880 11.892 7.095
64.564 15.388 5.811
67.753 16.974 7.152
67.349 20.715 7.696
70.206 23.178 8.034
70.495 25.888 10.690
68.185 28.086 8.578
65.463 25.377 8.610
65.757 24.764 4.856
66.985 21.947 2.635
67.672 21.886 -1.107
67.584 18.068 -1.277
64.826 18.417 -3.904
66.145 21.468 -5.754
64.681 23.601 -7.267
62.225 23.137 -4.389
63.163 24.829 -1.138
61.713 22.738 1.682
61.270 24.967 4.728
60.381 24.126 8.337
58.474 27.030 9.960
57.591 25.339 13.252
54.305 24.043 14.648
51.051 25.397 13.251
48.257 23.331 11.721
50.161 20.344 13.114
53.385 20.030 15.088
55.180 18.626 12.036
53.923 20.727 9.113
56.488 21.980 6.597
56.165 24.093 3.450
57.678 23.971 -0.038
58.766 27.076 -1.937
59.685 27.581 -5.597
61.550 30.907 -5.302
62.680 30.908 -8.941
59.007 30.852 -10.001
57.571 32.816 -7.066
55.358 29.998 -5.743
54.797 28.901 -2.144
52.861 25.723 -1.388
51.707 26.348 2.166
49.754 23.146 2.710
47.277 23.177 5.620
49.427 25.779 7.336
47.802 28.336 5.030
44.022 28.641 5.142
41.910 28.706 1.959
40.811 32.069 0.621
37.496 33.146 2.109
38.137 31.224 5.322
36.651 32.595 8.535
38.074 29.876 10.831
41.249 27.828 11.239
39.398 24.591 10.427
40.356 21.323 12.114
42.331 22.444 15.184
42.567 19.088 16.986
46.317 18.689 16.389
47.152 22.392 16.051
49.514 24.686 17.962
47.359 27.795 18.344
50.072 29.714 20.202
52.694 29.282 17.461
50.565 29.119 14.292
50.894 32.842 13.541
54.668 32.744 14.079
54.971 29.903 11.561
52.870 31.706 8.939
54.938 34.884 9.302
58.145 32.837 9.098
57.052 31.480 5.711
56.114 34.950 4.453
59.535 36.245 5.496
61.485 33.312 4.037
59.754 33.686 0.649
59.241 37.450 0.759
58.998 37.761 -3.041
56.605 34.933 -3.926
53.254 36.241 -5.174
51.522 32.899 -5.903
50.459 31.170 -2.672
48.861 27.719 -2.833
46.867 26.419 0.169
45.753 22.821 0.553
42.090 23.589 -0.211
40.624 25.774 -2.924
42.248 28.049 -5.475
45.739 29.473 -5.520
45.796 33.136 -4.490
48.264 35.818 -3.425
50.020 36.943 -0.261
46.684 37.967 1.293
46.424 34.309 2.337
49.283 35.093 4.730
47.334 37.999 6.227
44.170 35.892 6.480
45.836 32.976 8.279
47.930 35.209 10.549
44.858 37.109 11.737
42.722 33.979 12.140
45.513 32.370 14.184
46.105 35.502 16.273
42.408 35.708 17.171
42.351 32.026 18.151
45.529 32.275 20.244
43.977 34.834 22.626
41.878 33.421 25.545
