-72.674 38.605 -0.739
-70.230 39.939 1.850
-70.223 43.711 2.307
-68.260 45.984 4.664
-69.895 49.423 4.880
-67.928 52.204 6.566
-69.091 55.450 8.143
-68.734 58.747 6.319
-65.814 61.158 6.130
-64.579 62.992 9.206
-63.248 66.553 9.401
-62.039 67.460 12.896
-59.648 69.908 14.514
-56.357 68.657 16.006
-56.539 67.390 19.561
-59.992 65.883 18.993
-61.027 62.249 18.623
-63.151 60.352 16.117
-64.857 56.975 16.046
-64.994 55.253 12.661
-67.510 52.429 12.217
-67.714 49.511 9.788
-70.876 47.417 9.424
-70.616 43.849 8.136
-73.265 41.717 6.460
-73.617 38.606 4.342
-71.791 36.215 6.683
-71.635 34.968 10.272
-70.142 38.003 11.976
-68.182 36.372 14.784
-66.487 33.850 12.471
-63.779 36.223 11.216
-61.509 38.781 12.819
-62.010 42.374 11.739
-59.019 44.563 10.897
-58.249 48.243 10.460
-55.673 49.449 7.929
-54.288 52.966 7.567
-53.184 54.434 4.231
-51.779 57.954 4.179
-51.845 59.861 0.905
-49.056 58.604 -1.330
-47.919 56.235 1.399
-48.456 52.484 1.646
-50.865 50.333 3.625
-50.310 49.913 7.352
-52.069 47.386 9.586
-53.328 48.923 12.842
-54.769 45.915 14.633
-57.606 43.447 14.823
-60.437 42.440 17.108
-62.094 39.076 17.600
-65.820 39.913 17.358
-66.767 36.828 19.381
-65.131 38.089 22.587
-63.659 41.545 21.883
-60.099 40.205 22.044
-57.773 42.777 20.441
-54.213 42.909 19.119
-52.582 46.214 18.167
-49.552 47.166 16.149
-47.176 48.668 18.698
-47.090 52.190 17.290
-50.901 52.485 17.567
-51.296 51.537 21.234
-52.720 54.669 22.815
-53.676 56.027 19.395
-56.280 53.466 18.356
-58.964 51.567 20.261
-60.890 48.738 18.606
-64.336 47.713 19.853
-67.191 45.615 18.498
-70.994 45.568 18.728
-72.220 42.047 17.957
-75.896 42.992 18.018
-75.331 45.197 14.952
-72.362 43.420 13.282
-70.337 46.625 13.583
-66.698 47.215 14.493
-65.536 50.593 15.771
-62.136 52.255 15.786
-61.379 55.169 18.103
-58.587 57.562 17.134
-57.438 59.745 20.028
-55.525 63.032 20.244
-55.571 63.590 16.516
-52.811 65.289 14.543
-52.216 66.103 10.896
-50.182 62.890 10.698
-53.458 61.052 11.396
-55.007 62.462 8.211
-55.448 59.378 6.040
-57.897 56.907 4.550
-58.778 54.145 7.018
-60.026 50.730 5.874
-61.701 47.854 7.651
-61.010 44.357 6.355
-62.283 40.865 7.159
-59.922 38.040 7.971
-57.721 36.460 10.605
-54.714 36.584 8.274
-55.368 37.931 4.794
-58.279 40.255 4.033
-60.701 38.739 1.541
-63.114 41.688 1.845
-62.560 45.387 2.472
-64.628 48.450 3.224
-64.725 51.413 0.875
-62.599 53.398 3.321
-63.159 56.424 5.517
-61.301 59.689 4.971
-60.032 61.552 8.036
-58.885 65.159 7.704
-57.270 66.757 10.762
-57.011 70.516 10.390
-57.592 73.715 12.336
-58.795 75.674 9.295
-62.270 77.195 9.053
-64.807 76.640 6.285
-63.845 79.083 3.526
-65.530 79.656 0.150
-63.309 79.470 -2.936
-62.337 82.452 -5.027
-62.926 81.571 -8.689
-60.700 83.304 -11.240
-60.953 83.100 -15.049
-58.052 81.823 -17.168
-58.557 83.395 -20.615
-56.356 82.848 -23.720
-54.471 81.219 -31.641
-54.013 77.569 -32.585
-56.744 75.438 -34.139
-57.319 73.933 -30.696
-57.654 76.479 -27.879
-57.251 75.868 -24.140
-59.375 77.666 -21.536
-59.449 77.282 -17.777
-60.435 78.736 -14.444
-58.625 78.795 -11.104
-60.324 77.665 -7.876
-58.271 79.155 -5.037
-58.413 79.599 -1.289
-61.030 77.154 -0.007
-60.634 74.729 2.849
-63.600 72.320 3.140
-62.712 69.828 0.434
-64.001 69.089 -2.174
-65.224 71.162 -5.104
-66.892 70.205 -8.374
-65.960 71.891 -11.653
-68.162 71.562 -14.731
-67.979 73.446 -18.024
-71.154 74.776 -19.669
-73.250 72.934 -17.070
-71.698 69.603 -18.046
-72.728 69.791 -21.709
-69.087 70.380 -22.690
-67.201 67.563 -20.955
-64.553 66.177 -23.312
-61.128 67.781 -23.292
-61.416 68.648 -19.596
-58.634 68.316 -17.008
-59.679 69.042 -13.429
-56.468 68.807 -11.391
-56.275 67.447 -7.841
-56.147 70.191 -5.234
-53.004 71.443 -3.500
-52.737 72.498 0.150
-51.413 76.081 0.193
-51.210 77.608 3.697
-54.040 75.598 5.282
-56.191 76.255 2.191
-56.775 74.344 -1.035
-56.218 75.625 -4.568
-57.400 73.839 -7.698
-57.382 74.579 -11.409
-59.366 73.187 -14.324
-58.715 73.336 -18.062
-60.869 72.725 -21.126
-59.812 72.601 -24.778
-62.123 73.377 -27.697
-61.317 73.213 -31.434
-62.754 76.668 -32.117
-62.685 77.556 -35.775
-63.411 80.507 -38.153
-66.758 80.849 -36.363
-67.006 83.452 -33.577
-65.653 81.696 -30.500
-68.519 80.491 -28.325
-69.042 81.640 -24.760
-67.548 79.333 -22.125
-68.147 79.364 -18.366
-66.947 77.034 -15.624
-69.413 76.051 -12.895
-67.668 75.592 -9.543
-69.757 73.805 -6.918
-68.543 73.870 -3.304
-70.932 72.001 -0.982
-69.667 72.721 2.529
-70.070 76.495 2.074
-73.297 76.343 0.002
-71.484 77.912 -2.945
-72.620 77.693 -6.579
-70.606 80.062 -8.784
-70.302 80.546 -12.559
-67.395 82.518 -14.066
-67.612 83.102 -17.821
-64.299 82.994 -19.702
-64.118 85.945 -22.117
-60.914 86.206 -24.199
-58.827 89.337 -23.679
