-22.215 43.491 -33.783
-26.004 43.749 -33.848
-28.677 43.494 -31.162
-30.858 45.115 -28.460
-29.023 47.392 -26.028
-31.571 46.773 -23.278
-32.656 43.382 -21.915
-34.865 42.656 -18.902
-33.616 40.574 -15.944
-34.346 36.811 -16.261
-34.685 37.274 -20.037
-31.988 36.128 -22.459
-29.352 38.416 -23.950
-29.044 37.869 -27.714
-26.400 39.292 -30.047
-25.340 38.595 -33.624
-22.069 39.304 -35.412
-22.336 39.870 -39.163
-19.293 38.494 -40.986
-18.422 39.821 -44.452
-15.396 39.125 -46.647
-15.144 35.436 -45.772
-17.496 32.502 -45.107
-18.767 31.680 -41.610
-17.954 28.035 -42.388
-14.206 28.586 -42.823
-11.684 27.342 -40.262
-11.802 30.321 -37.909
-12.562 30.734 -34.209
-15.563 33.066 -34.063
-15.166 34.563 -30.598
-17.118 36.703 -28.116
-15.554 39.070 -25.573
-17.230 41.424 -23.094
-16.159 44.338 -20.915
-18.141 45.940 -18.114
-17.298 49.657 -18.526
-14.346 50.596 -16.320
-13.385 46.964 -15.779
-11.359 44.268 -17.537
-11.803 41.842 -20.418
-13.868 38.672 -20.121
-13.351 35.782 -22.532
-16.786 34.316 -23.254
-16.217 31.607 -25.859
-16.145 30.679 -29.541
-17.486 28.599 -32.426
-15.196 26.869 -34.880
-16.389 27.556 -38.420
-15.914 24.106 -39.970
-17.554 22.033 -37.237
-19.962 24.420 -35.554
-18.685 23.116 -32.233
-18.617 25.752 -29.501
-17.181 26.226 -26.025
-17.736 28.774 -23.252
-15.832 29.720 -20.092
-16.575 27.629 -16.961
-18.729 30.376 -15.392
-21.052 30.909 -18.375
-21.233 27.257 -19.456
-24.723 26.895 -17.953
-26.329 29.972 -19.557
-24.439 30.461 -22.816
-24.553 29.263 -26.413
-22.544 30.521 -29.359
-23.690 29.260 -32.762
-23.489 30.190 -36.439
-26.121 31.231 -38.978
-25.237 29.754 -42.380
-28.091 31.534 -44.182
-26.954 35.100 -43.444
-23.255 34.564 -42.627
-23.378 35.341 -38.901
-22.492 33.894 -35.528
-24.446 34.604 -32.359
-24.288 34.820 -28.587
-27.197 33.864 -26.359
-26.937 34.370 -22.600
-29.987 33.165 -20.651
-31.199 34.414 -17.254
-29.682 37.884 -17.663
-28.766 39.932 -14.586
-27.020 43.233 -13.828
-23.641 41.476 -13.931
-24.251 40.859 -17.634
-24.337 44.596 -18.375
-21.238 45.161 -20.508
-19.829 46.140 -23.882
-19.759 43.036 -26.069
-17.184 42.421 -28.797
-17.252 39.861 -31.583
-13.779 38.849 -32.752
-11.796 36.668 -35.149
-8.893 34.370 -34.311
-5.874 34.242 -36.610
-6.059 31.640 -39.376
-4.965 28.097 -38.561
-3.440 28.872 -35.167
-3.678 26.517 -32.202
-6.004 28.203 -29.709
-6.877 30.883 -32.274
-9.614 32.029 -29.883
-6.722 33.402 -27.795
-5.036 35.280 -30.653
-7.728 37.736 -31.728
-6.514 40.113 -34.456
-9.858 41.109 -36.001
-12.480 42.890 -33.879
-15.913 44.483 -34.093
-16.656 47.960 -32.751
-18.373 46.667 -29.628
-21.996 46.959 -28.541
-23.121 48.132 -25.110
-26.089 46.269 -23.678
-27.655 47.249 -20.354
-29.621 44.796 -18.205
-32.387 46.516 -16.222
-36.110 46.413 -15.482
-36.354 50.149 -16.100
-38.129 51.246 -19.283
-36.765 53.184 -22.259
-36.980 56.945 -21.669
-36.184 59.691 -24.166
-34.325 62.778 -22.904
-35.432 66.378 -22.463
-33.223 68.846 -24.328
-32.713 72.302 -22.845
-30.622 75.038 -24.487
-27.846 76.629 -22.460
-27.859 80.246 -23.652
-24.669 82.376 -23.667
-24.322 85.433 -21.402
-14.157 88.169 -23.600
-14.334 88.074 -27.386
-15.758 84.567 -27.112
-18.878 83.040 -25.534
-20.053 79.635 -24.305
-23.372 78.029 -25.235
-24.600 74.460 -24.947
-27.250 71.766 -24.780
-28.500 69.958 -21.698
-29.614 66.374 -22.339
-31.564 65.427 -19.210
-32.981 62.207 -17.748
-32.677 59.453 -20.359
-32.373 55.658 -20.328
-30.472 53.776 -21.336
-27.119 54.740 -22.854
-26.070 56.033 -25.260
-26.848 59.385 -26.862
-24.960 61.253 -29.579
-24.482 65.017 -29.805
-23.333 67.161 -32.719
-23.491 70.870 -33.535
-24.826 72.093 -36.883
-24.853 68.492 -38.164
-21.071 68.240 -37.857
-20.247 71.569 -39.489
-19.313 72.981 -36.074
-16.404 71.117 -34.463
-13.913 73.690 -33.157
-14.350 74.456 -29.464
-16.872 71.661 -28.905
-16.698 69.537 -25.752
-19.353 66.856 -25.247
-19.250 65.482 -21.708
-19.789 61.878 -20.535
-23.113 61.319 -18.763
-23.798 61.330 -15.033
-25.809 58.454 -13.574
-28.314 59.806 -11.054
-29.844 58.045 -8.043
-33.064 58.042 -10.067
-31.259 55.643 -12.393
-31.503 58.108 -15.268
-28.659 59.632 -17.284
-27.873 63.268 -18.039
-25.104 64.848 -20.090
-24.112 68.200 -21.544
-22.334 69.576 -24.589
-20.806 73.042 -24.842
-19.153 75.100 -27.582
-17.131 78.326 -27.470
-17.892 80.763 -30.294
-16.989 84.352 -31.249
-19.399 86.615 -29.346
-19.848 88.859 -32.395
-21.588 85.967 -34.174
-24.457 85.755 -31.674
-27.795 86.764 -33.190
-26.601 86.056 -36.733
-25.053 82.571 -36.694
-27.522 79.714 -36.215
-26.455 77.228 -33.536
-28.229 73.869 -33.537
-27.575 71.137 -30.988
-28.278 67.748 -32.578
-29.375 65.148 -30.026
-29.983 61.484 -30.825
-31.265 58.761 -28.497
-31.753 55.637 -30.609
-33.264 53.443 -27.849
-36.254 55.819 -27.700
-36.185 56.709 -31.404
-35.873 60.362 -30.367
-34.173 62.921 -32.604
-33.958 66.581 -31.555
-32.539 69.653 -33.281
-32.427 72.278 -30.532
-31.797 75.905 -31.455
-29.612 77.692 -28.911
-30.223 81.450 -28.937
-29.069 84.477 -26.856
-31.175 86.696 -24.555
