54.907 89.764 15.390
53.500 93.260 14.816
52.791 92.195 11.221
50.165 89.726 12.476
48.624 92.320 14.823
48.255 95.023 12.135
46.107 92.675 10.020
43.755 91.867 12.918
42.840 95.560 12.948
41.853 95.818 9.278
40.288 92.341 9.329
38.135 92.980 12.404
37.264 96.511 11.240
36.318 95.510 7.692
34.324 92.535 8.976
32.474 94.815 11.393
31.661 97.460 8.778
30.599 94.563 6.549
28.205 93.328 9.240
26.642 96.773 9.711
26.167 97.418 5.985
24.319 94.119 5.581
22.150 95.002 8.578
21.130 98.432 7.291
20.863 97.316 3.644
17.477 95.760 4.418
15.990 98.686 6.350
13.057 99.846 4.208
12.958 103.431 2.930
9.670 103.920 1.085
11.356 103.593 -2.304
11.146 100.185 -3.974
14.465 98.310 -4.006
15.223 94.842 -5.358
17.613 94.040 -2.485
14.680 93.942 -0.033
13.951 90.566 -1.644
17.624 89.583 -1.430
17.410 86.552 0.787
13.888 85.445 0.060
14.252 81.672 0.250
11.884 79.652 -1.928
11.352 75.918 -1.480
11.455 74.330 -4.938
13.584 71.912 -6.977
14.113 69.617 -3.994
15.457 72.241 -1.598
15.762 75.937 -0.826
16.925 78.573 -3.315
17.404 82.325 -3.374
14.646 84.195 -5.179
17.006 85.705 -7.763
18.131 82.281 -9.024
14.625 81.244 -10.209
13.210 84.601 -11.306
14.117 88.146 -12.334
13.318 91.101 -10.091
13.020 94.707 -11.223
11.694 98.063 -10.043
8.603 98.998 -12.068
7.984 102.358 -10.328
8.620 104.043 -6.959
6.177 101.730 -5.173
6.251 98.538 -7.248
8.466 95.567 -8.079
7.906 93.002 -10.833
9.045 89.402 -10.509
9.334 87.455 -13.756
9.104 83.740 -12.893
10.792 81.514 -15.485
9.156 78.211 -14.429
5.424 78.844 -14.029
5.206 75.984 -11.493
7.242 78.222 -9.147
4.660 81.017 -8.978
2.711 79.724 -5.986
5.837 78.846 -4.007
7.249 82.319 -4.635
3.999 84.056 -3.674
3.905 81.921 -0.514
7.529 82.660 0.420
7.087 86.419 -0.080
3.862 86.554 1.924
5.275 84.508 4.810
8.303 86.761 5.166
5.753 89.149 6.786
7.230 92.012 4.769
3.620 92.929 3.965
3.856 93.558 0.218
0.699 93.806 -1.813
0.887 90.615 -3.896
-0.877 89.880 -7.177
-0.007 88.081 -10.389
-0.696 88.102 -14.124
0.499 85.141 -16.204
4.136 84.541 -15.091
4.699 87.957 -13.401
4.176 88.677 -9.694
3.476 92.313 -8.827
4.562 93.630 -5.413
3.375 96.999 -4.150
5.426 98.606 -1.370
3.396 99.601 1.704
3.381 103.289 2.532
5.719 104.502 5.262
3.945 106.859 7.659
5.547 109.984 9.063
6.032 108.485 12.528
7.456 105.259 11.107
9.957 107.338 9.142
11.025 109.334 12.231
11.489 106.160 14.284
13.676 104.708 11.547
15.740 107.903 11.348
16.405 107.569 15.095
17.009 103.798 15.046
19.407 104.199 12.107
21.340 106.805 14.074
21.608 104.345 16.979
22.907 101.585 14.693
25.409 104.049 13.211
26.767 104.603 16.720
26.817 100.868 17.490
29.058 100.620 14.416
31.407 103.408 15.536
31.630 101.791 18.977
32.813 98.470 17.552
35.374 100.225 15.329
36.760 102.211 18.260
36.625 99.132 20.512
38.589 97.121 17.951
41.148 99.932 17.857
41.433 100.082 21.661
41.849 96.319 21.822
44.607 96.277 19.192
46.581 98.969 21.024
46.097 97.073 24.299
47.660 94.042 22.608
50.660 96.086 21.472
51.041 97.557 24.960
51.215 93.935 26.150
53.978 93.149 23.636
55.865 96.325 24.536
55.497 95.665 28.275
56.506 92.032 27.730
59.701 93.559 26.151
58.751 92.029 22.785
58.730 95.367 20.936
60.215 98.775 21.667
58.311 101.958 22.429
59.074 103.202 18.908
57.337 100.118 17.498
54.240 101.047 19.521
53.946 104.704 18.499
54.635 103.950 14.818
52.063 101.164 14.536
49.694 103.332 16.574
49.859 106.107 13.979
49.371 103.632 11.119
46.384 102.003 12.845
44.839 105.336 13.836
44.999 106.098 10.099
43.299 102.802 9.194
40.590 103.504 11.783
39.910 106.986 10.401
39.567 105.782 6.804
37.264 102.926 7.866
35.202 105.387 9.925
34.702 107.692 6.929
33.126 104.737 5.119
30.875 104.246 8.162
29.747 107.872 8.190
29.211 107.962 4.414
27.186 104.731 4.453
24.906 105.779 7.304
24.509 109.303 5.911
23.584 107.865 2.492
20.969 105.575 4.024
19.544 108.489 6.035
19.119 110.496 2.823
17.034 107.645 1.358
14.777 107.791 4.412
14.453 111.568 4.413
13.691 112.092 0.702
10.523 111.295 -1.261
