-16.394 -34.170 15.805
-17.267 -30.472 16.256
-15.002 -28.081 18.201
-16.591 -26.323 21.155
-16.716 -22.666 22.165
-20.146 -25.933 19.085
-18.843 -23.794 16.243
-22.035 -23.713 14.215
-24.042 -22.656 17.245
-21.425 -19.985 17.924
-21.807 -18.648 14.377
-25.621 -18.771 14.579
-25.156 -15.999 17.189
-23.813 -13.841 14.337
-26.962 -14.844 12.376
-25.010 -17.131 10.024
-26.824 -20.268 8.737
-25.157 -22.916 6.519
-26.573 -25.281 3.894
-23.777 -27.786 3.126
-24.095 -30.886 0.948
-27.254 -32.487 -0.405
-30.655 -30.925 0.302
-32.758 -33.477 2.203
-35.897 -33.150 4.328
-33.680 -33.260 7.433
-31.007 -30.855 6.192
-33.636 -28.473 4.831
-35.674 -28.506 8.024
-32.649 -27.770 10.192
-32.170 -24.660 8.048
-35.863 -23.721 8.374
-35.542 -24.104 12.138
-32.518 -21.821 12.276
-34.257 -19.202 10.129
-37.331 -19.197 12.407
-35.103 -19.071 15.471
-33.172 -16.067 14.159
-36.389 -14.262 13.297
-37.519 -14.928 16.850
-34.305 -13.498 18.302
-34.550 -10.337 16.193
-37.079 -9.947 13.335
-35.475 -6.835 11.778
-31.833 -7.885 11.347
-30.509 -9.562 8.219
-29.678 -13.250 8.212
-26.685 -14.612 6.311
-27.339 -17.903 4.518
-24.102 -19.508 3.291
-24.678 -22.155 0.615
-22.301 -24.930 -0.536
-24.531 -27.565 -1.967
-25.009 -29.675 -5.098
-28.825 -29.545 -4.657
-31.225 -32.326 -3.792
-34.895 -32.715 -3.044
-37.094 -30.107 -4.665
-39.782 -30.249 -1.975
-37.187 -29.967 0.829
-35.686 -27.029 -1.032
-39.093 -25.417 -1.377
-39.510 -25.589 2.434
-36.383 -23.422 2.735
-37.419 -21.073 -0.087
-40.866 -20.412 1.364
-39.457 -19.860 4.849
-36.889 -17.375 3.509
-39.695 -15.397 1.902
-42.165 -15.761 4.802
-40.011 -14.499 7.646
-39.544 -10.811 8.305
-35.713 -10.523 8.078
-33.959 -10.152 4.789
-32.054 -13.361 4.031
-28.769 -12.499 2.338
-27.242 -15.448 0.470
-23.564 -16.297 -0.141
-22.335 -19.074 -2.460
-19.076 -20.654 -1.339
-17.683 -23.603 -3.234
-20.733 -24.345 -5.337
-24.458 -23.780 -5.660
-25.909 -26.314 -8.054
-29.562 -27.060 -8.902
-31.695 -26.481 -5.812
-28.627 -24.846 -4.218
-28.520 -22.337 -7.095
-32.258 -21.858 -6.851
-31.885 -20.935 -3.172
-28.814 -18.735 -3.761
-30.843 -16.774 -6.322
-33.770 -16.514 -3.929
-31.911 -14.307 -1.422
-33.053 -10.719 -0.840
-32.336 -8.824 -4.059
-29.262 -6.709 -3.636
-27.960 -9.127 -0.975
-27.125 -12.211 -3.027
-23.359 -12.775 -3.209
-20.712 -15.243 -4.359
-17.083 -15.682 -3.535
-14.833 -15.264 -6.546
-14.077 -18.929 -7.273
-17.569 -20.261 -6.537
-19.286 -22.381 -9.147
-22.974 -22.134 -9.975
-24.945 -24.669 -12.040
-28.572 -24.764 -13.213
-30.549 -27.494 -14.960
-33.983 -28.987 -15.356
-35.446 -31.424 -12.798
-34.167 -34.987 -12.606
-35.400 -38.301 -11.248
-32.660 -40.816 -10.478
-45.428 -49.086 -12.164
-48.621 -48.876 -14.218
-48.830 -46.572 -17.222
-51.569 -44.582 -15.444
-49.322 -43.862 -12.469
-46.282 -43.144 -14.604
-48.524 -40.629 -16.393
-49.548 -38.933 -13.145
-45.953 -38.589 -11.970
-44.610 -37.487 -15.342
-47.204 -34.716 -15.393
-46.163 -33.640 -11.869
-42.456 -33.579 -12.804
-43.305 -31.396 -15.789
-45.354 -29.033 -13.563
-42.323 -28.756 -11.278
-40.129 -28.013 -14.306
-42.417 -25.164 -15.332
-42.735 -23.718 -11.817
-38.957 -23.643 -11.247
-38.362 -21.964 -14.621
-40.995 -19.294 -13.899
-39.556 -18.742 -10.421
-35.928 -18.655 -11.517
-36.804 -16.267 -14.360
-38.286 -13.943 -11.724
-35.288 -14.194 -9.415
-32.956 -13.520 -12.290
-35.022 -10.704 -13.878
-34.926 -12.837 -17.006
-37.413 -14.247 -19.504
-38.993 -17.662 -19.053
-37.836 -18.587 -22.575
-34.219 -17.943 -21.532
-34.519 -20.158 -18.456
-36.247 -22.933 -20.431
-33.376 -22.819 -22.927
-30.556 -22.432 -20.444
-31.579 -25.328 -18.211
-32.206 -27.992 -20.859
-28.836 -29.518 -19.927
-26.448 -28.777 -17.077
-25.339 -25.161 -17.298
-22.192 -24.238 -15.349
-21.517 -20.603 -14.539
-18.612 -18.748 -13.008
-19.374 -16.123 -10.373
-19.143 -13.369 -12.989
-21.446 -15.281 -15.362
-23.938 -15.772 -12.558
-23.902 -12.022 -11.938
-24.392 -11.273 -15.629
-27.253 -13.800 -15.678
-29.078 -12.132 -12.771
-28.655 -14.947 -10.227
-26.469 -12.948 -7.828
-25.876 -9.248 -7.286
-22.220 -9.023 -6.369
-19.004 -10.976 -6.175
-17.172 -10.439 -2.914
-13.393 -10.857 -2.870
-12.990 -9.511 0.687
-14.554 -7.239 3.298
-13.782 -4.238 1.097
-16.061 -5.167 -1.838
