-31.769 19.813 -12.474
-34.514 17.485 -13.935
-33.898 18.735 -17.554
-30.149 17.973 -17.298
-30.994 14.427 -16.005
-33.028 13.933 -19.231
-29.896 15.176 -21.197
-27.680 12.656 -19.292
-30.103 9.796 -20.208
-30.021 10.901 -23.926
-26.136 11.006 -23.839
-26.331 7.559 -22.190
-28.063 6.042 -25.352
-25.618 3.473 -26.693
-26.082 2.962 -30.501
-23.419 0.165 -30.516
-24.602 -3.143 -32.031
-21.062 -4.661 -31.877
-17.452 -3.315 -31.716
-17.532 -2.040 -35.371
-21.293 -1.408 -36.136
-23.982 1.090 -34.961
-27.770 1.233 -34.984
-28.681 3.976 -37.456
-32.008 4.494 -35.551
-30.350 4.943 -32.123
-27.854 7.478 -33.679
-30.736 9.338 -35.400
-32.797 9.213 -32.134
-29.941 10.495 -29.892
-29.183 13.289 -32.461
-32.852 14.445 -32.694
-33.215 14.277 -28.878
-29.950 16.256 -28.407
-31.256 19.034 -30.780
-34.547 19.112 -28.768
-32.574 19.608 -25.494
-30.202 22.133 -27.218
-33.100 24.329 -28.546
-34.670 24.463 -25.023
-31.259 25.551 -23.620
-30.706 22.354 -21.584
-27.213 21.692 -23.137
-25.915 25.238 -22.116
-24.407 23.749 -18.886
-23.573 20.255 -20.265
-20.186 20.544 -22.087
-19.873 16.851 -23.119
-23.444 16.717 -24.650
-22.352 19.441 -27.154
-19.244 17.365 -28.100
-21.538 14.293 -28.529
-23.941 16.337 -30.761
-20.939 17.609 -32.818
-19.726 13.962 -33.284
-23.254 13.011 -34.491
-23.445 16.070 -36.813
-20.157 15.066 -38.532
-21.576 11.509 -39.215
-24.914 12.931 -40.556
-25.201 16.758 -40.861
-28.757 17.987 -40.415
-29.663 20.931 -42.759
-29.898 24.401 -41.186
-27.900 23.411 -38.075
-24.404 24.686 -37.032
-21.189 22.828 -38.088
-19.486 20.249 -35.788
-16.557 22.714 -35.155
-19.043 25.400 -33.906
-20.594 22.793 -31.559
-17.172 21.587 -30.176
-16.254 25.226 -29.410
-19.778 25.689 -27.772
-18.837 22.753 -25.473
-15.502 24.398 -24.542
-17.321 27.808 -24.028
-19.823 26.100 -21.595
-16.929 24.532 -19.575
-15.227 27.983 -19.428
-18.468 29.866 -18.477
-20.032 27.544 -15.891
-17.185 25.227 -14.708
-14.168 27.643 -14.454
-12.400 25.797 -17.379
-11.661 22.682 -15.205
-13.075 20.140 -17.743
-10.865 17.875 -19.900
-13.234 16.158 -22.408
-14.573 19.319 -24.282
-10.999 19.848 -25.661
-10.552 16.058 -26.131
-13.731 16.008 -28.360
-12.256 18.859 -30.514
-8.818 17.055 -30.685
-10.742 13.916 -31.751
-12.404 15.786 -34.646
-9.089 17.261 -35.891
-7.314 13.840 -35.627
-10.051 12.075 -37.726
-9.750 14.916 -40.327
-5.853 14.895 -40.075
-5.498 18.591 -38.946
-2.163 17.890 -37.113
-1.619 21.485 -35.815
-5.230 21.884 -34.623
-5.187 18.374 -33.022
-1.875 19.027 -31.201
-3.224 22.473 -30.092
-6.391 20.912 -28.573
-4.282 18.193 -26.720
-2.010 20.965 -25.353
-5.211 22.819 -24.200
-6.368 19.559 -22.473
-2.971 19.351 -20.637
-3.258 23.099 -19.695
-6.467 22.094 -17.824
-5.075 18.921 -16.119
-1.911 20.812 -14.890
-3.857 22.300 -11.898
-4.963 18.860 -10.680
-3.135 16.214 -8.671
-3.048 12.685 -10.136
-4.830 10.491 -7.540
-5.448 6.689 -7.358
-8.944 6.760 -9.061
-7.900 8.967 -12.062
-6.787 5.941 -14.234
-9.434 6.793 -16.930
-7.810 10.150 -17.707
-4.200 8.858 -17.161
-4.886 6.120 -19.819
-6.234 8.819 -22.209
-3.070 11.026 -21.843
-0.744 7.964 -21.928
-2.300 6.916 -25.288
-2.156 10.389 -26.943
1.488 10.936 -25.784
2.733 7.423 -26.602
0.510 6.109 -29.437
-1.702 8.821 -31.144
0.818 11.789 -31.330
3.750 9.410 -32.325
1.402 7.896 -34.995
0.377 11.401 -36.300
3.998 12.663 -36.569
5.052 9.317 -38.222
2.301 9.703 -40.912
3.256 13.427 -41.275
6.925 12.347 -41.893
5.735 9.954 -44.675
3.901 12.867 -46.365
7.187 14.919 -46.373
8.752 12.303 -48.711
7.099 13.496 -52.032
4.600 19.940 -43.492
3.285 20.170 -39.871
6.789 18.978 -38.814
8.122 22.140 -40.597
5.661 24.314 -38.552
7.307 25.596 -35.295
3.731 26.105 -33.860
3.179 22.249 -33.833
6.437 21.908 -31.891
5.318 24.546 -29.276
1.942 22.665 -28.885
3.907 19.384 -28.308
6.063 21.029 -25.539
3.017 22.783 -23.877
1.277 19.353 -23.854
4.230 17.745 -21.940
4.466 20.873 -19.705
0.855 20.265 -18.568
1.480 16.543 -17.774
4.693 17.473 -15.789
2.839 20.215 -13.805
-0.069 17.711 -13.198
2.484 15.295 -11.613
3.683 18.085 -9.224
2.132 17.600 -5.774
0.656 14.204 -6.767
0.746 11.231 -4.294
1.981 8.894 -7.134
4.158 9.539 -10.269
2.743 10.090 -13.775
5.828 9.998 -16.038
7.902 6.828 -16.175
10.500 5.282 -18.584
7.632 4.427 -21.036
6.808 8.126 -21.658
10.509 9.261 -21.934
11.117 7.188 -25.132
8.160 8.744 -27.048
9.140 12.281 -25.968
12.677 11.796 -27.490
11.157 10.226 -30.682
8.476 13.010 -30.945
11.083 15.818 -30.385
13.251 14.074 -33.026
10.464 14.347 -35.633
11.125 18.144 -35.792
14.414 19.408 -37.352
16.806 21.557 -35.260
16.067 24.747 -37.299
12.271 24.270 -36.776
12.674 23.506 -32.997
14.933 26.591 -32.345
12.283 28.894 -34.018
10.287 28.438 -30.727
11.208 31.076 -28.075
10.891 29.557 -24.571
10.679 32.681 -22.393
9.678 33.322 -18.739
8.458 36.867 -19.523
10.494 40.051 -18.935
7.898 42.490 -17.482
4.631 41.686 -15.668
1.431 43.295 -16.987
0.883 46.236 -19.384
1.040 50.034 -18.907
-1.208 52.939 -20.050
8.421 32.517 -34.253
6.233 31.031 -31.453
6.740 32.168 -27.836
6.185 29.643 -24.998
6.167 29.817 -21.169
6.621 26.669 -19.020
4.536 26.321 -15.850
6.348 23.111 -14.769
9.733 22.627 -13.056
10.709 19.621 -15.278
10.163 21.308 -18.685
11.870 24.514 -17.306
15.016 22.542 -16.382
15.035 20.902 -19.868
14.557 24.293 -21.722
17.921 24.332 -23.635
17.998 20.493 -24.205
14.588 20.475 -26.005
15.828 23.184 -28.449
19.472 21.887 -29.018
20.322 20.612 -32.606
21.620 17.242 -31.242
19.152 15.653 -28.769
20.772 14.360 -25.523
18.343 11.405 -25.034
19.735 10.271 -21.623
19.429 13.811 -20.123
15.902 14.439 -21.504
14.838 10.928 -20.281
16.470 11.386 -16.824
14.851 14.843 -16.234
11.369 13.719 -17.437
11.431 10.575 -15.190
13.083 12.205 -12.091
