27.784 2.435 30.210
25.419 1.251 27.485
27.285 0.430 24.275
25.869 -0.762 20.949
28.890 -1.794 18.860
28.043 -2.542 15.230
30.062 -4.405 12.619
32.219 -2.541 10.130
31.220 -1.143 6.746
30.842 -3.655 3.935
30.755 -3.644 0.135
28.215 -6.159 -1.174
27.206 -7.072 -4.705
23.658 -6.499 -6.004
21.303 -9.408 -5.433
23.426 -10.867 -2.619
22.795 -11.014 1.130
24.538 -9.257 4.014
24.596 -9.930 7.759
25.392 -7.049 10.102
25.884 -7.284 13.852
25.179 -5.151 16.916
26.842 -6.230 20.169
24.852 -4.714 23.045
26.771 -4.384 26.319
26.110 -2.666 29.625
22.567 -3.917 30.270
20.411 -7.033 30.447
20.276 -8.073 26.788
17.039 -10.042 27.275
15.028 -7.214 28.886
14.846 -4.651 26.057
13.793 -4.455 22.428
16.440 -3.868 19.763
15.268 -1.725 16.847
16.914 -1.223 13.459
16.824 2.003 11.437
17.989 2.733 7.886
19.337 6.090 6.676
20.057 6.333 2.959
22.822 8.787 1.958
21.550 12.323 2.436
18.051 11.035 3.263
16.025 10.670 6.447
15.435 7.811 8.856
13.262 4.742 8.246
12.274 2.179 10.876
12.943 -1.426 9.844
11.706 -3.477 12.788
12.540 -4.737 16.242
13.427 -7.967 18.015
13.013 -8.960 21.657
16.100 -11.121 22.372
14.413 -12.517 25.490
12.203 -14.745 23.340
12.950 -14.149 19.637
9.795 -12.069 19.142
9.915 -9.735 16.136
7.834 -7.163 14.271
8.705 -5.703 10.875
7.902 -2.672 8.803
6.009 -4.058 5.809
8.401 -2.114 3.567
11.343 -4.232 4.787
9.574 -7.478 5.756
10.223 -9.115 2.386
14.022 -8.877 2.542
14.928 -8.496 6.240
15.416 -11.059 9.011
16.225 -10.062 12.595
17.911 -12.562 14.920
19.562 -12.390 18.329
22.119 -14.502 20.197
21.836 -14.142 23.970
25.077 -16.014 24.705
27.072 -13.408 22.745
24.659 -10.517 23.590
24.621 -9.732 19.859
21.730 -8.827 17.561
21.895 -9.567 13.833
20.038 -8.276 10.782
20.041 -10.207 7.506
19.438 -8.079 4.408
18.817 -10.239 1.338
18.362 -9.551 -2.384
20.159 -6.247 -1.949
19.685 -3.488 -4.523
21.416 -0.150 -5.052
18.577 1.563 -3.171
19.663 -0.453 -0.112
22.988 1.412 0.051
22.646 3.176 3.396
23.796 3.458 6.989
22.034 0.918 9.210
21.700 1.674 12.922
20.736 -0.581 15.783
18.848 1.195 18.553
17.651 0.112 21.989
14.448 1.493 23.475
13.520 2.033 27.123
10.735 0.785 29.383
9.177 6.064 28.086
9.098 5.928 24.287
11.867 6.657 21.813
15.359 5.249 21.358
17.889 6.579 23.913
20.811 4.332 22.876
22.153 3.950 19.336
24.967 2.100 17.648
27.503 3.948 15.542
25.871 2.727 12.322
27.062 0.400 9.576
27.542 1.786 6.061
26.566 -0.833 3.467
27.445 -0.054 -0.156
25.714 -2.170 -2.806
27.977 -2.028 -5.850
29.654 -4.216 -8.454
32.917 -2.276 -8.127
35.927 -3.784 -6.385
37.290 -2.799 -2.997
40.174 -0.374 -3.558
42.411 0.908 -0.745
43.397 4.580 -0.938
46.751 6.119 -1.745
47.614 8.672 0.950
49.735 11.593 -0.242
51.261 14.300 1.984
50.271 17.915 1.336
53.308 20.046 2.194
53.643 23.765 1.392
55.688 24.818 -1.605
59.330 25.558 -0.862
59.002 29.207 -1.914
52.145 33.173 11.801
50.909 29.619 11.280
50.991 26.949 8.585
48.408 24.601 7.077
49.245 21.001 6.150
47.122 18.233 4.691
46.756 14.688 3.467
45.227 13.633 0.150
43.248 10.381 0.299
42.792 9.525 -3.377
41.163 6.653 -5.233
39.410 4.402 -2.721
36.161 2.432 -2.668
33.883 2.079 -0.894
33.196 4.681 1.769
34.111 5.543 4.477
37.584 6.614 5.565
38.588 8.145 8.893
41.380 10.724 9.120
43.040 11.796 12.364
46.185 13.839 12.976
48.850 12.649 15.430
46.380 9.914 16.442
43.850 12.433 17.749
46.139 14.943 19.479
45.786 17.587 16.750
41.998 17.941 16.632
41.555 21.702 16.848
42.099 23.341 13.494
41.453 20.079 11.625
39.105 20.098 8.625
38.208 16.871 6.819
36.346 17.456 3.584
33.587 15.109 2.381
34.708 12.728 -0.338
33.644 13.195 -3.957
33.004 10.291 -6.333
34.988 10.511 -9.573
36.637 7.755 -11.634
34.235 5.365 -9.845
36.479 6.047 -6.834
36.367 8.401 -3.866
38.895 11.172 -3.249
39.069 12.915 0.124
41.343 15.530 1.672
41.870 16.702 5.241
43.365 19.976 6.472
45.355 20.694 9.635
46.746 24.032 10.832
49.375 24.123 13.587
51.608 26.826 15.079
54.353 27.588 12.570
56.938 27.182 15.347
55.939 23.523 15.830
56.497 22.397 12.221
58.839 21.101 10.996
60.141 21.253 14.578
57.703 18.533 15.681
56.127 15.676 13.746
52.766 15.944 11.959
51.217 12.650 10.833
47.841 11.863 9.266
46.253 8.536 10.253
44.035 7.237 7.440
41.912 4.120 7.955
39.887 2.421 5.201
37.895 -0.172 7.180
36.268 -1.803 4.140
39.805 -2.710 3.032
41.150 -3.119 6.594
43.935 -0.722 5.567
45.616 1.893 7.762
48.213 4.434 6.603
50.255 6.834 8.770
51.736 9.453 6.426
54.201 11.901 7.966
54.203 15.398 6.463
57.829 16.310 5.718
58.998 19.633 4.223
60.056 19.943 0.602
