-33.475 24.889 13.357
-31.078 26.890 11.169
-30.993 25.595 7.582
-28.070 26.178 5.260
-27.713 26.883 1.550
-24.819 26.653 -0.899
-22.399 28.112 2.756
-24.843 30.416 4.584
-27.833 30.143 6.850
-31.284 30.684 5.342
-31.501 34.254 6.645
-28.096 35.144 5.181
-29.273 33.883 1.783
-32.401 36.020 2.017
-30.127 38.911 3.014
-28.073 38.335 -0.136
-31.389 38.820 -1.925
-31.754 42.102 0.071
-34.465 40.567 2.280
-34.571 41.362 6.007
-36.626 39.283 8.443
-38.044 40.778 11.651
-39.949 37.880 13.196
-39.252 38.323 16.908
-39.793 40.823 19.689
-38.008 44.057 18.775
-35.276 44.384 21.423
-31.921 46.187 21.383
-29.811 43.193 20.238
-32.386 42.426 17.533
-32.446 46.110 16.587
-28.648 46.177 16.393
-28.562 43.113 14.136
-31.275 44.642 11.924
-29.371 47.939 11.742
-26.216 46.001 10.857
-28.093 44.304 8.017
-29.462 47.650 6.815
-26.056 49.361 6.864
-24.539 46.398 5.016
-27.270 46.436 2.368
-26.697 50.180 1.974
-22.930 49.832 1.538
-23.396 46.922 -0.874
-25.860 48.836 -3.082
-27.465 52.111 -1.923
-29.918 52.331 -4.843
-31.619 48.932 -5.118
-34.704 48.288 -3.009
-34.774 46.340 0.260
-37.575 44.029 1.408
-38.458 43.660 5.104
-40.827 40.904 6.228
-42.320 41.695 9.641
-43.858 39.167 12.068
-43.211 40.851 15.418
-45.425 40.710 18.547
-44.102 44.039 19.825
-40.953 45.555 21.215
-39.393 48.569 22.874
-39.661 52.180 21.746
-35.891 52.742 21.828
-35.138 49.743 19.598
-37.967 50.606 17.218
-36.875 54.240 16.971
-33.280 53.208 16.274
-34.499 50.920 13.483
-36.846 53.586 12.097
-34.103 56.216 12.001
-31.851 53.682 10.261
-34.582 52.920 7.706
-35.217 56.589 6.934
-31.415 56.959 6.895
-31.297 54.718 3.797
-31.576 56.298 0.355
-33.251 53.323 -1.335
-36.897 52.277 -1.381
-38.072 49.899 1.354
-40.847 47.376 0.752
-42.445 46.187 4.002
-44.594 43.047 4.224
-46.730 42.119 7.231
-46.844 38.334 7.597
-48.744 37.133 10.629
-48.869 39.983 13.137
-47.260 43.414 13.325
-47.960 44.948 16.729
-46.467 48.033 18.401
-42.944 48.515 16.960
-43.755 45.905 14.321
-46.545 48.139 13.032
-44.247 51.167 13.309
-41.635 49.589 11.038
-44.403 48.320 8.749
-45.812 51.819 8.196
-42.260 53.177 7.804
-41.925 51.597 4.358
-41.959 53.795 1.288
-45.483 54.861 0.388
-47.095 52.467 -2.071
-44.820 49.562 -1.059
-46.361 48.528 2.283
-48.154 45.185 1.889
-49.966 42.703 4.110
-50.983 39.090 3.638
-54.733 38.366 3.725
-55.041 37.110 7.327
-52.393 39.354 8.885
-53.221 41.344 12.022
-51.900 44.808 12.867
-52.097 46.740 16.124
-50.885 50.205 17.108
-51.308 49.424 20.824
-48.044 49.588 22.793
-46.999 46.656 25.019
-47.306 47.244 28.740
-43.715 48.095 29.602
-41.985 48.287 26.246
-40.884 51.904 26.499
-37.118 51.256 26.463
-35.181 48.179 25.367
-33.373 47.106 28.505
-35.751 44.230 29.453
-36.048 43.355 33.243
-37.367 46.737 34.293
-37.446 49.723 31.959
-35.092 52.681 32.562
-36.961 55.976 32.362
-37.865 59.248 34.035
-41.007 61.288 33.382
-39.679 63.750 30.797
-38.081 60.981 28.752
-41.232 58.842 28.735
-43.143 61.827 27.391
-40.385 62.475 24.832
-40.273 58.893 23.526
-44.065 58.641 23.354
-44.335 61.970 21.520
-41.732 60.692 19.057
-43.646 57.445 18.503
-46.963 59.280 18.080
-45.547 61.881 15.679
-43.847 59.209 13.562
-46.987 57.052 13.394
-49.040 60.134 12.502
-46.659 61.135 9.701
-46.476 57.574 8.348
-50.217 56.824 8.445
-51.691 60.251 7.708
-53.788 60.202 10.875
-53.561 62.956 13.448
-51.289 62.557 16.460
-54.401 62.721 18.665
-56.061 59.806 16.867
-52.793 57.872 17.142
-52.599 58.491 20.903
-56.190 57.408 21.496
-55.940 54.310 19.268
-52.624 53.251 20.810
-54.539 53.176 24.107
-56.915 50.568 22.629
-55.934 46.883 22.710
-57.332 45.670 19.393
-56.096 44.359 16.060
-56.886 45.552 12.539
-57.329 43.382 9.489
-55.526 44.109 6.244
-58.326 46.201 4.727
-58.887 48.198 7.917
-55.129 48.841 7.992
-55.295 50.036 4.372
-58.047 52.468 5.356
-56.013 53.491 8.417
-52.934 54.429 6.381
-50.762 51.773 8.036
-50.289 49.810 4.795
-51.207 50.393 1.162
-52.558 47.162 -0.360
-53.199 43.549 0.625
-51.488 40.952 -1.573
-52.695 37.348 -1.797
-50.351 36.060 -4.540
-46.630 36.695 -5.050
-46.669 39.635 -7.448
-45.863 43.287 -6.882
-49.563 43.521 -5.862
-52.520 41.107 -5.727
