-18.232 -4.264 45.628
-14.483 -5.180 45.683
-13.030 -8.679 46.181
-10.465 -8.804 49.018
-7.364 -10.638 47.655
-5.754 -13.408 49.833
-2.311 -11.640 49.626
-2.576 -7.852 49.078
-0.467 -6.129 46.372
-0.538 -2.807 44.462
-1.330 -2.959 40.688
2.360 -2.111 40.018
5.397 -2.746 42.320
7.282 -0.051 40.290
11.040 -0.177 41.263
10.357 -2.018 44.594
12.177 -5.342 43.895
12.225 -6.449 47.588
8.400 -6.098 48.052
7.692 -7.662 44.565
9.852 -10.757 45.208
8.394 -11.146 48.749
4.804 -11.118 47.293
5.804 -13.443 44.392
7.282 -16.046 46.825
4.161 -15.886 49.103
1.893 -16.270 45.995
3.927 -19.191 44.634
3.465 -21.006 48.024
-0.271 -20.050 48.111
-1.132 -21.166 44.501
0.890 -24.414 44.925
-1.949 -25.576 47.305
-4.537 -25.080 44.485
-2.501 -27.151 41.972
-3.345 -30.777 41.130
-0.484 -33.387 41.135
-0.527 -33.521 37.285
-0.340 -29.621 37.272
2.645 -29.671 39.722
4.352 -32.308 37.476
3.731 -30.104 34.362
5.475 -27.222 36.167
8.492 -29.548 36.919
8.695 -30.540 33.234
8.481 -26.795 32.287
11.630 -25.908 34.326
13.656 -28.693 32.494
12.509 -27.851 28.893
11.011 -24.297 28.982
12.222 -23.237 25.507
10.633 -26.217 23.600
7.440 -26.237 25.767
7.050 -22.454 25.121
7.664 -22.884 21.307
5.078 -25.714 21.218
2.414 -23.526 22.996
2.865 -20.846 20.281
1.912 -22.992 17.265
0.176 -26.181 18.572
-3.261 -24.933 17.410
-2.326 -24.732 13.648
-2.273 -28.503 13.167
-5.140 -30.957 12.467
-7.281 -31.778 15.561
-5.994 -35.440 15.379
-2.328 -34.215 15.194
-2.816 -31.964 18.257
-4.311 -34.946 20.201
-1.502 -37.284 19.050
1.347 -34.805 19.863
3.680 -36.017 22.679
3.848 -32.427 24.052
0.028 -31.913 24.177
-0.585 -33.500 27.644
2.102 -31.203 29.192
0.646 -28.153 27.346
-2.943 -28.801 28.687
-1.677 -29.402 32.249
0.500 -26.248 32.325
-2.318 -24.182 30.684
-4.756 -25.448 33.416
-2.211 -24.615 36.163
-1.945 -20.956 35.039
-5.797 -20.760 34.635
-6.045 -21.836 38.378
-4.844 -18.298 39.250
-6.825 -15.764 37.220
-5.855 -12.420 38.867
-8.556 -10.454 40.780
-7.303 -7.015 39.587
-4.895 -5.734 36.897
-1.166 -6.264 37.238
1.625 -4.356 35.472
4.425 -6.679 34.370
7.899 -6.045 32.910
10.035 -7.896 30.373
12.674 -7.246 27.777
11.657 -7.680 24.185
13.409 -7.836 20.822
12.349 -4.812 18.652
12.062 -7.418 15.845
8.932 -8.706 17.710
7.236 -5.537 16.309
8.776 -5.901 12.798
11.380 -3.189 13.602
14.598 -4.237 11.767
16.532 -0.903 11.746
18.279 -1.713 15.123
17.350 0.578 18.115
21.042 0.146 19.117
23.480 -2.811 19.153
23.818 -4.831 22.382
27.303 -3.301 23.149
26.183 0.287 22.251
24.788 2.679 24.928
23.020 5.576 23.124
19.663 5.547 21.293
19.529 8.224 18.535
16.441 10.467 18.080
16.261 9.041 14.495
15.922 5.394 15.749
13.466 6.404 18.545
11.204 8.148 15.982
11.518 5.221 13.476
10.504 2.774 16.262
7.525 5.043 17.184
6.295 5.135 13.538
6.687 1.290 13.276
4.501 0.568 16.402
1.984 3.443 16.244
-1.727 2.583 15.689
-1.001 -1.145 15.411
-2.129 -4.256 17.327
0.322 -7.117 17.862
-0.643 -10.735 18.802
1.394 -12.145 21.721
1.209 -15.951 22.193
2.671 -18.794 24.287
4.119 -19.532 27.727
6.416 -16.803 28.959
8.176 -15.821 32.188
7.693 -12.208 33.207
8.965 -9.831 35.961
6.841 -7.948 38.534
9.128 -4.935 39.023
11.156 -2.419 36.970
14.739 -3.674 36.323
17.682 -1.873 37.925
21.503 -2.273 37.866
21.675 -5.851 39.245
19.031 -7.269 36.835
19.296 -9.025 33.428
18.618 -6.498 30.576
19.060 -8.579 27.358
17.640 -6.024 24.834
17.319 -2.217 24.279
13.492 -2.526 24.631
11.637 -2.819 27.980
7.890 -3.735 27.912
5.729 -2.312 30.759
2.478 -4.191 30.077
-0.833 -3.882 31.907
-2.340 -7.371 32.350
-6.170 -7.027 32.752
-8.237 -8.592 35.541
-8.792 -12.408 35.111
-5.438 -12.961 33.300
-3.921 -16.312 34.417
-0.657 -15.702 36.322
1.398 -18.512 37.827
4.163 -17.545 40.333
6.322 -20.666 40.924
9.619 -21.781 42.551
12.619 -22.789 40.464
15.454 -24.155 42.671
16.414 -21.100 44.863
14.473 -18.552 42.735
10.872 -17.549 41.995
9.409 -16.643 38.579
5.892 -15.917 37.188
4.500 -17.740 34.170
1.721 -16.444 31.897
0.215 -17.969 28.735
-0.205 -14.636 26.831
-2.736 -15.047 23.930
-3.963 -11.447 23.370
-3.394 -8.349 21.200
-1.240 -5.572 22.650
-0.984 -1.908 21.582
1.994 0.271 22.520
0.411 3.577 23.664
3.560 5.503 24.698
7.341 5.101 24.363
9.955 6.924 26.527
13.753 6.899 26.625
15.086 5.767 30.039
18.605 5.313 31.508
19.651 2.230 33.560
23.365 2.144 34.610
24.674 4.395 31.810
22.818 2.443 29.071
19.725 3.758 27.255
16.552 1.731 26.753
13.154 2.358 25.190
10.427 1.757 27.849
7.176 0.826 25.973
3.853 1.409 27.820
1.646 -1.426 26.533
-1.944 -2.514 27.097
-4.088 -5.478 26.181
-6.846 -4.884 23.604
-9.381 -7.659 24.426
