37.202 -1.603 0.787
34.953 -0.043 -1.855
32.662 -3.084 -1.715
30.087 -2.728 1.058
30.370 -5.187 3.919
27.151 -6.839 5.042
25.091 -6.625 7.298
24.688 -2.925 8.118
24.675 -3.045 11.948
21.169 -1.593 12.295
20.354 -3.439 15.503
17.509 -1.103 16.609
14.278 -0.280 14.772
16.089 2.468 12.833
16.793 0.765 9.500
20.217 1.436 8.047
19.994 4.382 5.604
22.149 2.323 3.221
19.153 0.217 2.171
17.274 3.225 0.745
20.433 4.433 -1.011
20.951 1.076 -2.708
17.234 0.958 -3.597
17.568 4.248 -5.513
20.849 3.281 -7.218
21.067 2.310 -10.880
21.677 -1.358 -10.036
18.719 -3.661 -9.246
21.213 -6.048 -7.604
24.267 -4.760 -5.740
27.412 -6.806 -4.967
28.427 -6.855 -1.302
30.812 -8.892 0.862
29.951 -10.766 4.060
31.596 -9.166 7.094
31.718 -12.520 8.886
33.195 -14.681 6.102
34.429 -12.404 3.316
32.163 -14.251 0.876
30.851 -12.247 -2.093
27.080 -11.758 -2.116
24.432 -9.929 -4.126
21.823 -7.722 -2.414
18.305 -6.765 -3.587
16.365 -3.909 -1.968
13.527 -3.244 -4.460
10.110 -4.875 -4.131
9.713 -5.568 -7.861
13.115 -7.247 -8.123
12.507 -9.238 -4.930
9.269 -10.658 -6.350
11.199 -11.893 -9.378
13.969 -13.345 -7.190
11.720 -15.197 -4.742
9.381 -16.633 -7.411
12.167 -17.827 -9.759
12.562 -21.607 -9.704
16.254 -21.188 -10.626
16.999 -19.686 -7.183
17.331 -22.352 -4.480
16.999 -21.658 -0.775
18.343 -25.086 0.157
21.433 -24.633 -2.025
22.211 -21.397 -0.165
21.917 -23.287 3.143
24.559 -25.879 2.201
28.045 -26.052 3.685
30.557 -24.003 1.740
27.880 -21.799 0.191
28.727 -18.081 0.304
26.918 -16.873 3.388
26.297 -13.863 5.582
26.370 -15.685 8.944
29.786 -15.963 10.647
29.314 -19.560 11.853
27.365 -22.271 10.054
23.903 -22.765 11.568
24.404 -26.527 12.029
26.021 -28.803 14.563
29.606 -29.790 13.635
29.520 -32.403 10.896
25.734 -32.675 10.559
23.565 -32.237 7.488
21.688 -29.146 8.649
18.922 -29.975 6.197
15.868 -30.434 8.409
13.110 -29.722 5.878
14.643 -32.116 3.335
15.145 -34.837 5.960
11.458 -34.559 6.895
10.433 -34.874 3.242
12.721 -37.907 2.858
10.831 -39.690 5.651
7.642 -39.082 3.647
6.574 -36.087 5.832
6.331 -33.616 2.937
3.798 -31.184 4.622
3.889 -31.816 8.427
5.152 -28.267 9.303
2.437 -26.480 7.385
-0.154 -29.022 8.543
0.652 -28.524 12.234
0.873 -24.727 11.940
-2.036 -23.992 9.587
-5.622 -22.819 10.003
-6.815 -25.849 11.955
-3.968 -25.361 14.453
-4.951 -21.708 14.910
-8.488 -22.868 15.612
-7.133 -25.194 18.334
-4.789 -22.694 19.989
-6.316 -19.235 19.460
-8.493 -19.582 22.567
-5.740 -20.101 25.105
-3.432 -17.683 23.247
-5.996 -14.898 23.691
-6.742 -16.032 27.270
-3.049 -15.765 28.105
-2.502 -12.411 26.405
-5.433 -11.161 28.474
-4.187 -12.739 31.716
-0.741 -11.178 31.242
-2.087 -7.734 30.382
-4.583 -7.833 33.276
-1.688 -8.494 35.658
0.176 -5.524 34.174
-2.940 -3.376 34.619
-2.551 -3.965 38.376
1.080 -2.784 38.428
2.468 0.413 39.911
4.972 2.580 38.134
7.143 1.141 35.381
6.803 -2.441 34.151
8.613 -4.376 31.429
6.551 -5.578 28.456
9.422 -7.750 27.200
9.962 -9.686 30.444
6.368 -9.748 31.700
4.362 -10.065 28.472
6.427 -11.202 25.479
8.539 -13.758 27.363
5.665 -15.696 29.017
3.485 -15.546 25.903
6.234 -16.743 23.559
7.368 -19.386 26.092
3.836 -20.808 26.152
3.673 -20.703 22.344
6.892 -22.724 22.123
5.849 -25.385 24.633
2.243 -25.768 23.528
2.630 -25.557 19.731
6.231 -26.505 18.903
8.174 -28.698 21.339
5.958 -29.930 24.164
5.816 -28.877 27.811
9.274 -27.549 28.724
10.543 -26.824 32.193
11.709 -23.294 32.946
15.326 -24.476 32.773
14.763 -26.141 29.397
13.037 -23.040 28.014
15.875 -20.900 29.390
18.527 -23.123 27.805
16.993 -23.233 24.323
16.294 -19.487 24.372
19.916 -18.818 25.334
21.139 -21.145 22.586
19.053 -19.302 19.991
20.267 -15.892 21.213
23.899 -17.005 21.251
24.019 -18.897 17.950
21.869 -16.581 15.823
24.186 -13.592 15.896
26.475 -11.598 13.621
28.620 -10.476 16.555
28.753 -10.056 20.326
29.921 -13.548 21.285
32.937 -15.645 20.430
33.031 -18.179 17.603
33.356 -20.928 20.219
30.278 -19.701 22.087
28.256 -19.710 18.855
29.237 -23.277 17.938
28.593 -24.399 21.506
25.065 -22.948 21.370
24.194 -25.224 18.452
25.904 -28.150 20.206
23.865 -27.740 23.380
20.779 -27.524 21.162
21.543 -30.624 19.081
22.747 -32.665 22.056
19.645 -31.472 23.926
17.314 -32.868 21.280
19.297 -36.066 20.662
18.552 -36.863 24.315
15.104 -35.365 24.969
13.236 -35.137 21.639
11.689 -38.603 21.972
10.521 -37.813 25.507
9.079 -34.450 24.448
7.349 -35.911 21.384
5.783 -38.644 23.539
3.975 -36.364 25.974
0.275 -35.638 25.352
-0.449 -32.571 23.270
-0.749 -31.060 19.816
2.826 -29.800 19.567
4.614 -29.956 16.237
7.448 -32.185 17.482
4.900 -34.860 18.406
3.188 -34.558 15.003
6.559 -35.019 13.276
7.463 -38.038 15.411
4.061 -39.741 15.179
3.318 -39.489 11.444
10.991 -46.690 8.113
10.425 -44.834 11.385
12.044 -41.464 11.980
15.590 -41.608 13.336
16.722 -39.745 16.445
18.986 -37.560 14.297
16.082 -36.457 12.098
13.938 -35.821 15.175
16.791 -33.858 16.769
17.219 -31.857 13.559
13.479 -31.131 13.683
13.778 -29.812 17.236
16.631 -27.467 16.372
14.677 -26.266 13.330
11.654 -25.382 15.463
13.793 -23.475 17.981
15.708 -21.508 15.336
12.637 -20.718 13.224
10.110 -20.216 16.011
11.727 -18.810 19.159
13.738 -15.657 18.245
11.314 -14.650 15.485
8.244 -14.673 17.727
9.977 -12.929 20.634
11.738 -10.352 18.477
8.660 -9.568 16.409
6.241 -9.288 19.352
8.674 -6.938 21.126
9.031 -4.833 18.002
5.295 -4.763 17.359
4.674 -3.518 20.906
7.213 -0.743 20.314
5.450 0.225 17.081
2.063 0.362 18.835
3.396 2.430 21.738
4.935 4.896 19.278
1.557 5.341 17.499
-1.087 6.212 20.119
-3.467 7.634 17.496
-3.485 4.271 15.717
-4.081 2.418 18.994
-6.975 4.723 19.890
-8.513 3.855 16.508
-8.162 0.134 17.237
-9.680 0.644 20.689
-12.760 2.218 19.117
-12.955 -0.144 16.113
-11.674 -3.617 17.066
-12.695 -5.060 13.684
-9.721 -3.132 12.246
-7.186 -5.187 14.227
-6.449 -7.795 11.491
-5.459 -4.992 9.103
-3.211 -3.516 11.782
-1.519 -6.925 12.140
-0.676 -6.885 8.425
0.658 -3.323 8.664
2.837 -4.333 11.642
4.267 -7.189 9.562
5.228 -4.672 6.866
6.352 -1.786 9.058
8.098 -3.426 12.033
11.632 -4.641 11.153
12.780 -8.082 12.231
15.879 -9.643 10.678
19.095 -7.612 10.542
20.169 -9.652 7.493
18.437 -10.985 4.371
16.659 -14.029 3.012
18.961 -15.664 0.508
18.929 -18.005 -2.479
21.571 -19.615 -4.667
21.359 -19.543 -8.448
21.338 -23.146 -9.682
22.133 -22.106 -13.278
23.426 -18.960 -14.955
20.620 -16.407 -15.263
19.750 -12.728 -15.392
17.494 -10.903 -12.948
16.445 -7.415 -14.074
19.318 -7.440 -16.556
22.029 -8.355 -14.032
23.842 -11.583 -14.883
24.180 -14.080 -12.010
26.405 -17.145 -12.266
25.464 -20.594 -11.005
26.579 -20.939 -7.392
26.314 -17.241 -6.498
24.035 -16.189 -3.629
21.512 -13.345 -3.998
19.940 -11.837 -0.856
16.824 -9.740 -0.304
16.342 -7.533 2.730
12.681 -7.926 3.667
12.939 -4.653 5.588
14.227 -2.820 2.505
11.451 -4.260 0.319
8.746 -3.511 2.897
9.895 0.134 2.941
10.137 0.510 -0.864
8.258 3.673 -2.005
7.699 2.103 -5.443
5.443 -0.408 -3.659
4.092 1.449 -0.610
3.256 5.138 -0.720
4.736 6.871 2.333
6.524 3.622 3.242
7.884 4.924 6.538
4.399 5.747 7.886
2.590 3.224 10.086
-0.816 3.174 8.376
-3.079 0.310 9.521
-5.740 1.241 6.986
-3.185 0.687 4.216
-4.268 -1.213 1.094
-0.917 -1.678 -0.624
0.493 -4.828 -2.201
1.307 -7.880 -0.148
4.038 -7.276 2.407
7.238 -9.329 2.638
7.247 -9.912 6.412
6.711 -13.665 5.869
8.710 -13.780 2.636
7.223 -14.788 -0.700
6.861 -17.826 -2.917
7.748 -21.420 -2.136
9.324 -20.700 1.254
6.641 -18.339 2.584
6.596 -18.766 6.364
4.700 -21.996 7.177
4.097 -20.566 10.639
2.375 -17.483 9.219
-1.110 -18.302 10.489
0.047 -19.089 14.026
2.223 -15.969 14.015
-0.684 -13.823 12.847
-2.782 -15.351 15.636
-0.340 -14.401 18.403
0.268 -10.931 16.911
-3.487 -10.329 16.755
-3.911 -11.406 20.378
-1.118 -9.008 21.386
-2.625 -6.105 19.427
-6.058 -6.675 20.981
-4.624 -6.878 24.498
-2.968 -3.481 23.929
-5.905 -1.845 22.153
-8.333 -2.828 24.907
-6.430 -0.844 27.580
-6.123 2.912 26.982
-3.218 4.706 28.633
-0.370 2.245 28.044
2.760 4.141 27.005
6.515 3.830 26.717
8.162 5.055 29.920
11.121 6.673 28.101
11.895 8.035 24.649
12.290 5.370 21.909
15.959 6.303 21.415
16.625 5.282 25.038
15.516 1.673 24.474
18.447 -0.726 24.729
18.865 -3.371 22.030
20.629 -6.732 21.999
23.393 -5.826 19.565
24.185 -8.344 16.840
21.133 -10.626 16.882
19.834 -11.902 13.560
16.348 -11.150 14.921
16.227 -7.696 16.518
15.042 -7.588 20.094
15.130 -4.890 22.784
16.596 -5.750 26.173
13.484 -4.386 27.904
10.360 -2.408 27.060
9.735 -0.099 30.056
6.115 1.024 30.064
3.585 2.776 32.289
-0.117 3.510 32.361
