44.628 9.771 91.791
44.727 6.586 89.720
47.383 6.443 86.994
46.008 5.339 83.612
48.458 4.071 80.976
47.182 3.663 77.413
49.112 1.842 74.690
49.933 2.552 72.000
50.300 6.336 71.887
49.367 6.593 68.205
49.381 4.418 65.107
48.860 4.609 61.344
47.006 1.519 60.132
45.754 0.278 56.778
42.066 0.073 55.954
40.587 -3.326 56.762
43.065 -4.270 59.494
42.441 -4.489 63.248
44.243 -2.757 66.118
44.093 -3.855 69.764
44.680 -0.904 72.080
44.978 -1.447 75.824
44.467 0.405 79.095
46.113 -0.423 82.422
45.665 1.181 85.846
48.161 1.027 88.706
45.368 0.492 91.265
42.041 -1.327 91.420
39.186 0.932 90.290
35.618 -0.299 89.869
34.199 1.507 86.831
36.070 1.637 83.522
34.973 3.195 80.235
36.158 3.604 76.647
35.677 6.900 74.810
36.193 8.143 71.259
36.806 11.785 70.378
38.098 13.606 67.316
40.179 16.774 67.848
37.800 19.680 68.348
34.654 17.541 68.581
32.781 16.333 71.675
33.513 13.319 73.861
31.341 10.336 72.885
31.188 7.252 75.103
31.654 3.928 73.303
30.997 1.399 76.064
31.517 0.644 79.748
33.986 -2.197 80.295
32.612 -4.835 82.673
34.986 -7.273 84.362
34.864 -10.845 83.107
31.908 -10.402 80.746
30.717 -8.430 77.731
30.955 -4.657 77.881
27.771 -2.580 77.867
27.815 -0.785 74.513
26.098 2.532 73.875
23.798 3.122 70.915
25.658 2.895 67.608
28.565 0.758 68.858
28.352 -3.025 68.510
30.491 -5.786 69.991
31.528 -7.268 66.633
33.041 -3.881 65.689
34.610 -2.897 69.050
35.382 -6.051 71.061
36.197 -5.088 74.654
37.848 -7.448 77.145
38.391 -6.688 80.846
40.007 -9.643 82.661
40.688 -7.882 85.969
39.799 -4.460 87.360
43.130 -2.898 86.326
43.363 -4.046 82.693
41.229 -3.698 79.574
41.714 -3.872 75.812
39.706 -2.360 72.961
39.987 -3.791 69.446
38.898 -1.677 66.479
37.852 -4.403 64.042
37.844 -4.046 60.241
39.109 -0.492 60.451
37.830 2.182 58.067
38.957 5.828 57.794
35.714 6.827 59.542
37.051 5.077 62.664
40.006 7.492 62.829
39.780 9.233 66.209
41.439 9.606 69.610
40.408 6.630 71.746
40.205 7.501 75.443
40.269 5.244 78.493
38.480 6.430 81.627
38.428 4.859 85.085
36.497 5.825 88.190
34.213 4.712 90.968
35.134 2.884 94.162
38.812 2.306 94.938
41.048 1.926 97.986
41.149 5.739 98.278
37.341 5.798 98.025
34.891 6.759 95.288
37.052 8.844 92.974
35.797 10.796 89.941
36.477 9.718 86.374
39.987 10.558 85.163
41.192 9.891 81.621
44.319 8.418 80.104
46.515 10.037 77.484
44.502 8.456 74.661
45.413 6.603 71.474
45.418 8.715 68.304
44.306 6.323 65.553
44.742 7.251 61.885
43.309 4.848 59.299
44.283 5.399 55.664
43.242 3.811 52.387
