-31.261 23.532 5.230
-27.925 23.160 6.980
-25.102 23.261 4.444
-22.236 20.817 5.069
-18.869 21.599 3.471
-15.996 19.107 3.351
-12.366 19.896 2.703
-10.315 18.973 0.813
-12.415 17.655 -2.054
-9.625 15.173 -2.816
-6.108 14.407 -1.672
-3.313 11.879 -1.726
-1.329 10.497 1.195
1.489 7.991 1.588
1.263 4.679 3.412
1.404 5.316 7.134
0.844 9.086 6.960
-1.471 10.959 9.286
-4.544 12.292 7.480
-7.004 14.915 8.715
-10.086 16.013 6.784
-12.715 18.543 7.798
-16.467 18.979 7.716
-18.087 22.309 8.563
-21.762 23.073 9.038
-23.453 26.397 8.349
-24.762 26.477 11.947
-24.054 24.740 15.280
-25.133 21.086 14.915
-24.544 20.015 18.524
-22.139 17.193 17.551
-24.856 15.286 15.641
-22.285 14.562 12.947
-21.262 11.212 11.491
-18.436 10.170 9.214
-18.562 7.399 6.604
-16.207 5.656 4.199
-17.359 4.494 0.789
-15.631 2.332 -1.806
-16.706 2.375 -5.464
-19.916 0.484 -6.109
-20.476 -0.152 -2.412
-22.654 1.404 0.288
-21.397 3.868 2.845
-19.881 2.317 5.970
-20.329 4.313 9.171
-17.043 5.060 10.959
-17.906 7.600 13.646
-21.140 8.961 15.063
-21.932 11.861 17.426
-18.689 13.490 16.237
-16.299 11.217 18.122
-17.896 7.797 18.885
-16.372 4.931 16.927
-18.729 2.314 15.521
-17.886 -1.167 16.806
-15.553 -2.955 14.434
-13.896 0.206 13.053
-10.121 0.380 13.622
-8.874 2.696 16.329
-6.655 4.626 13.906
-9.910 6.490 13.070
-10.969 9.309 15.382
-13.310 12.267 15.199
-13.177 15.691 16.824
-14.945 19.023 16.911
-17.994 20.800 18.209
-20.323 23.583 17.138
-19.877 23.992 13.404
-16.382 22.558 12.858
-15.580 18.834 12.748
-12.658 16.716 11.642
-11.825 13.071 10.976
-8.265 11.877 11.567
-6.616 8.678 10.400
-3.647 8.476 12.725
-1.634 6.376 10.268
-3.024 5.499 6.843
-3.421 1.900 5.720
-3.761 0.832 2.087
-7.407 -0.259 2.635
-8.293 3.332 3.717
-8.534 4.642 0.169
-12.045 5.705 -0.773
-14.505 8.576 -0.375
-15.219 10.005 3.105
-18.579 11.651 3.758
-20.088 13.559 6.652
-23.766 13.786 7.682
-25.557 16.105 10.076
-28.585 14.743 11.896
-29.261 17.569 14.358
-32.289 18.661 12.283
-34.474 17.800 9.304
-33.640 17.604 6.523
-30.572 15.539 7.296
-27.811 16.915 5.029
-24.545 15.577 3.657
-21.193 17.013 2.767
-19.864 16.685 -0.774
-17.222 14.058 0.086
-13.441 13.894 0.334
-11.650 11.461 -1.961
-8.559 9.894 -0.415
-6.020 8.145 -2.644
-2.619 6.571 -2.069
0.691 7.986 -3.310
3.039 5.821 -5.343
5.803 6.243 -7.866
5.299 7.636 -11.359
4.295 5.044 -13.972
4.120 5.651 -17.708
1.176 3.929 -19.434
1.541 1.106 -21.895
-0.667 2.010 -24.831
-2.702 -0.220 -27.114
-4.977 0.596 -30.062
-7.828 -1.652 -31.242
-9.555 -1.430 -34.647
-13.299 -1.928 -34.917
-14.231 -5.562 -35.255
-15.624 -6.939 -38.459
-18.631 -8.047 -36.422
-19.409 -4.486 -35.411
-18.860 -3.060 -38.892
-21.653 -5.281 -40.212
-24.195 -2.933 -38.560
-22.952 0.498 -39.590
-20.779 1.905 -36.768
-17.081 1.684 -36.031
-15.624 1.996 -32.539
-11.862 2.465 -32.294
-10.478 1.915 -28.788
-7.288 3.187 -27.157
-6.139 1.651 -23.882
-3.717 3.345 -21.476
-2.661 0.640 -19.047
-1.329 1.194 -15.514
-0.206 4.813 -15.209
0.312 7.274 -12.360
-0.460 10.092 -11.739
-3.946 10.310 -13.195
-3.455 13.236 -15.585
-3.209 11.883 -19.126
-4.198 13.167 -22.542
-5.443 11.097 -25.474
-5.520 12.659 -28.923
-7.127 10.788 -31.800
-6.085 11.340 -35.407
-7.562 9.908 -38.608
-5.318 10.432 -41.647
-3.634 13.110 -39.510
-6.908 15.004 -38.871
-7.340 15.747 -35.178
-10.659 14.346 -33.931
-12.644 16.409 -31.453
-16.064 15.767 -30.002
-16.379 12.173 -31.201
-14.638 10.326 -28.383
-15.440 9.383 -24.810
-13.211 7.993 -22.097
-13.324 6.593 -18.614
-10.783 5.697 -15.951
-10.389 3.057 -13.285
-9.781 3.757 -9.619
-7.134 2.470 -7.301
-8.236 -0.678 -5.462
-6.897 -3.603 -3.474
-4.972 -4.920 -6.512
-3.941 -1.739 -8.343
-2.355 1.527 -7.233
-2.180 2.835 -10.828
-4.944 4.083 -13.104
-6.005 2.795 -16.488
-7.956 4.642 -19.165
-10.123 3.520 -22.099
-11.036 5.929 -24.905
-13.489 5.132 -27.702
-13.555 7.056 -30.974
-16.848 6.552 -32.803
-17.230 6.943 -36.555
-19.758 5.782 -39.083
-18.763 2.744 -41.110
-18.837 4.922 -44.243
-16.387 7.397 -42.723
-14.199 4.609 -41.282
-13.808 3.052 -44.741
-12.799 6.410 -46.270
-9.596 6.670 -44.217
-6.429 4.687 -43.659
-4.338 5.715 -40.629
-5.985 5.560 -37.184
-3.788 6.875 -34.383
-3.998 7.353 -30.630
-1.374 9.759 -29.228
-0.848 9.737 -25.467
0.796 12.385 -23.317
1.748 11.592 -19.733
4.388 12.797 -17.283
6.089 9.392 -17.223
6.754 9.542 -20.992
9.749 11.495 -22.334
7.666 12.401 -25.405
4.111 11.482 -26.465
3.555 7.896 -27.553
1.546 7.121 -30.665
-0.030 3.769 -31.437
-1.629 3.367 -34.813
-2.996 0.967 -37.380
-3.760 1.101 -41.099
-7.299 -0.032 -41.907
-7.284 -3.336 -43.744
-3.638 -4.226 -43.077
-2.851 -7.322 -41.002
