-40.663 -10.076 -11.676
-37.376 -10.798 -9.770
-36.205 -8.163 -7.287
-32.758 -7.015 -8.540
-29.976 -6.839 -5.958
-26.750 -5.069 -7.133
-23.862 -6.517 -5.098
-20.633 -4.388 -5.274
-17.861 -6.714 -4.077
-14.246 -7.321 -5.262
-13.802 -10.832 -3.697
-15.255 -13.686 -5.845
-15.840 -15.907 -2.740
-18.119 -13.205 -1.174
-20.122 -13.077 -4.479
-20.386 -16.908 -4.515
-21.557 -16.902 -0.854
-24.159 -14.170 -1.667
-25.507 -16.096 -4.724
-25.797 -19.308 -2.639
-27.412 -17.432 0.335
-29.967 -15.734 -2.024
-31.132 -19.221 -3.198
-32.189 -19.888 0.479
-34.066 -16.504 0.856
-37.587 -17.479 -0.495
-37.898 -13.949 -1.946
-37.423 -14.248 -5.796
-34.108 -12.361 -6.305
-31.810 -11.677 -9.290
-28.143 -10.891 -8.410
-26.280 -8.195 -10.433
-22.530 -7.956 -9.683
-20.105 -5.043 -9.884
-16.480 -5.723 -8.821
-15.900 -2.088 -7.663
-17.532 1.327 -7.416
-16.488 2.208 -11.007
-18.305 -0.885 -12.474
-21.294 -0.027 -10.153
-21.537 3.608 -11.481
-21.241 2.346 -15.133
-24.061 -0.217 -14.558
-26.236 2.501 -12.891
-25.397 4.965 -15.775
-26.941 2.395 -18.235
-29.978 1.882 -15.993
-30.713 5.671 -16.186
-31.140 5.871 -19.999
-32.080 2.156 -20.426
-34.207 -0.421 -18.523
-34.537 -1.222 -14.774
-32.554 0.148 -11.780
-31.684 -2.375 -9.074
-34.150 -2.459 -6.130
-31.197 -2.458 -3.677
-27.380 -1.930 -3.706
-25.134 -3.877 -1.276
-21.554 -2.547 -1.221
-18.272 -3.405 0.492
-16.022 -0.558 1.808
-12.528 -1.719 0.736
-12.623 -2.135 -3.095
-10.135 -1.052 -5.762
-10.469 2.203 -7.821
-13.833 3.339 -6.362
-14.232 2.176 -2.736
-17.530 2.046 -0.790
-17.251 5.547 0.755
-16.589 6.962 -2.758
-19.545 5.011 -4.198
-21.897 6.326 -1.435
-20.669 9.920 -2.206
-21.340 9.388 -5.934
-24.802 7.818 -5.371
-25.988 10.692 -3.146
-24.420 13.432 -5.399
-26.332 12.142 -8.495
-30.002 13.254 -8.304
-31.031 10.252 -10.539
-29.330 7.750 -8.102
-29.911 9.471 -4.667
-33.105 7.437 -3.971
-31.476 3.975 -4.506
-31.285 2.090 -1.164
-27.554 1.522 -0.499
-26.515 -0.842 2.276
-22.940 -1.414 3.351
-22.074 -5.121 3.788
-18.456 -5.306 4.970
-16.162 -7.231 7.408
-15.295 -3.962 9.371
-17.338 -3.438 12.633
-15.288 -0.223 13.308
-17.716 2.387 14.797
-15.854 5.121 12.801
-16.630 3.155 9.557
-20.330 2.795 10.512
-20.734 6.469 11.482
-19.044 7.602 8.218
-21.204 5.241 6.061
-24.374 6.694 7.724
-22.989 10.312 7.365
-22.538 9.612 3.599
-26.274 8.602 3.579
-25.984 4.810 3.370
-29.471 3.434 4.234
-27.957 0.754 6.526
-24.772 -1.112 7.522
-24.333 -4.894 7.969
-21.165 -6.547 9.306
-20.257 -9.840 7.516
-20.582 -12.308 10.406
-17.950 -14.785 11.553
-19.804 -18.101 10.695
-21.383 -19.394 7.448
-24.610 -20.141 9.434
-24.831 -16.476 10.633
-24.090 -15.216 7.074
-26.995 -17.321 5.595
-29.263 -15.975 8.413
-28.099 -12.355 7.734
-29.045 -12.617 4.014
-32.455 -14.159 4.970
-33.066 -11.208 7.371
-31.706 -8.503 4.973
-34.061 -9.766 2.204
-37.088 -10.287 4.572
-36.631 -6.629 5.778
-35.787 -4.720 2.533
-37.996 -6.877 0.230
-40.866 -7.742 2.672
-41.205 -5.459 5.767
-39.908 -2.161 4.267
-41.185 -0.199 1.283
-38.412 0.679 -1.215
-38.667 2.813 -4.399
-40.333 1.128 -7.394
-38.223 0.298 -10.487
-40.777 1.775 -12.979
-13.223 -5.914 -0.293
-29.569 6.654 1.291
-10.449 5.869 -5.309
