36.441 25.094 25.100
34.347 27.644 27.092
30.596 28.057 27.149
28.065 25.334 26.898
24.937 24.521 28.874
21.160 24.369 28.500
19.065 26.613 26.189
15.425 26.528 24.989
14.695 25.527 21.376
14.852 28.625 19.104
17.422 30.221 21.457
21.118 31.139 21.038
24.387 30.172 22.702
28.034 31.186 22.096
30.977 28.749 22.478
34.656 29.649 22.370
37.936 27.746 22.064
41.481 28.955 22.799
44.652 27.174 21.659
47.831 26.942 23.750
51.053 24.851 23.508
52.817 24.409 20.122
50.382 26.789 18.262
52.933 27.377 15.407
51.926 23.869 14.217
48.150 24.713 14.332
46.500 25.868 11.049
42.680 25.561 10.728
40.435 25.478 13.805
36.903 24.091 14.007
34.181 22.232 15.826
32.904 18.683 15.719
29.979 17.303 17.697
28.872 13.864 18.965
25.554 12.730 20.535
25.444 9.396 22.485
25.278 6.399 20.058
26.069 8.538 16.942
29.422 9.107 15.105
31.457 12.339 15.754
30.439 14.764 12.958
31.945 17.951 11.471
30.182 21.232 12.336
32.437 24.076 11.080
35.999 25.268 10.464
37.849 28.534 9.946
41.309 28.873 8.424
44.155 31.292 9.238
42.801 33.408 6.327
39.223 33.417 7.883
37.835 31.049 5.157
34.829 29.181 6.654
33.105 25.849 6.035
29.840 24.631 7.645
27.963 21.340 7.662
24.693 21.696 5.693
22.686 21.047 8.933
24.023 24.312 10.570
24.484 26.681 7.578
22.683 29.969 8.211
22.258 29.138 11.963
25.870 28.904 13.258
28.599 31.476 12.582
32.281 30.907 13.370
34.862 33.677 13.858
38.552 33.709 14.708
41.127 35.962 16.436
44.583 34.854 15.103
46.487 36.914 17.772
44.794 34.854 20.581
44.522 31.564 18.556
40.851 31.738 19.537
37.564 30.817 17.772
33.995 31.706 18.740
30.925 29.806 17.553
27.644 31.748 17.584
24.783 29.209 17.640
21.411 30.791 16.663
17.959 29.144 16.162
19.039 26.076 18.179
17.033 22.828 17.640
16.733 19.804 19.983
18.778 17.788 17.373
21.749 20.222 18.111
22.107 18.551 21.584
25.634 17.021 21.676
29.122 17.365 23.096
30.841 20.101 20.963
34.595 19.559 20.635
37.114 22.096 19.379
39.601 20.681 16.829
42.777 21.806 15.050
44.596 20.808 11.881
48.359 20.593 11.736
50.685 21.741 8.885
49.980 18.348 7.181
46.235 19.049 6.685
45.095 16.335 9.110
42.885 16.965 12.218
45.767 16.467 14.780
44.263 18.241 17.892
41.139 17.649 20.108
39.712 19.834 22.809
37.998 18.541 25.885
34.414 18.822 24.741
31.532 20.931 26.145
27.893 19.733 26.446
25.174 21.738 24.694
21.591 20.762 25.536
18.522 22.232 23.699
