32.568 205.157 109.320
33.548 203.027 112.297
35.025 203.257 115.782
32.109 204.655 117.786
30.648 203.002 120.861
30.684 203.679 124.585
33.744 204.266 126.726
34.279 205.359 130.300
35.355 208.923 131.036
39.033 209.515 130.327
39.130 206.638 127.837
39.638 206.784 124.105
38.202 205.895 120.722
39.414 206.073 117.153
36.876 207.061 114.516
37.663 205.950 110.983
36.308 207.510 107.791
36.784 206.256 104.233
35.854 207.961 100.944
35.774 205.303 98.180
36.417 207.487 95.143
38.958 209.869 96.680
42.298 208.299 95.800
42.338 210.844 92.941
41.754 214.109 94.408
42.594 216.279 97.240
39.693 216.742 99.571
38.454 218.266 102.756
37.294 215.783 105.346
35.848 216.998 108.634
34.116 215.571 111.657
30.952 217.192 112.982
29.043 216.210 116.083
25.477 216.681 117.295
24.071 215.817 120.683
20.280 215.572 121.108
19.059 219.137 121.390
21.976 221.075 120.028
23.272 222.184 116.654
25.837 220.165 114.701
29.271 221.679 115.476
32.502 221.247 113.540
35.055 219.271 115.580
38.165 218.771 113.422
39.181 218.448 109.801
42.041 217.806 107.412
42.970 219.605 104.178
44.719 216.942 102.085
45.593 219.577 99.472
47.905 221.357 101.930
48.486 218.660 104.518
47.190 220.710 107.415
44.731 219.861 110.180
42.603 222.087 112.426
40.583 221.557 115.597
37.824 223.238 117.524
39.075 224.741 120.790
36.951 222.375 122.926
38.868 219.342 121.583
42.312 220.901 121.034
44.989 218.855 122.822
42.802 215.743 123.104
41.726 214.973 119.485
44.186 214.379 116.623
43.656 213.364 113.031
46.116 210.925 111.530
46.388 209.966 107.902
46.439 206.430 106.665
48.700 204.730 104.138
45.626 204.670 101.880
44.949 208.248 100.952
41.106 208.091 100.956
40.954 207.165 104.694
41.513 209.259 107.837
41.257 208.598 111.566
40.181 210.795 114.448
41.913 209.754 117.657
39.869 210.947 120.668
41.629 210.830 124.044
40.536 211.896 127.538
36.901 211.763 126.596
34.516 213.618 128.874
30.770 213.230 129.154
29.988 216.242 127.132
31.768 214.628 124.172
28.773 212.277 124.025
27.085 212.803 120.642
26.556 211.433 117.179
29.801 212.047 115.260
29.512 212.587 111.492
32.190 212.306 108.822
31.950 214.739 105.920
33.935 215.052 102.682
34.140 217.506 99.777
36.330 217.234 96.699
38.849 220.033 96.610
39.540 222.562 93.829
41.780 225.263 95.320
42.647 223.305 98.523
42.651 226.841 99.930
40.940 226.574 103.382
39.231 223.851 105.365
35.532 224.825 105.542
33.958 224.830 109.005
30.193 224.844 108.411
27.867 222.015 107.520
26.721 223.097 104.030
30.038 223.142 102.139
30.513 219.352 102.478
29.073 217.029 99.847
29.244 213.456 101.224
27.978 212.429 104.686
27.858 209.145 106.575
25.187 207.860 108.932
27.180 208.927 111.934
28.599 206.713 114.693
27.286 207.177 118.208
29.795 207.992 120.985
28.656 207.663 124.599
30.956 208.701 127.451
29.835 207.600 130.903
31.272 208.436 134.305
