-25.816 125.504 -145.774
-26.861 122.685 -148.243
-23.860 120.233 -148.074
-22.811 118.441 -151.343
-19.946 116.092 -152.490
-16.467 115.868 -150.831
-13.913 117.337 -153.343
-10.943 114.877 -153.667
-7.758 115.479 -155.742
-4.491 117.405 -155.146
-4.452 120.217 -152.488
-7.908 118.928 -151.242
-6.827 118.023 -147.640
-4.721 120.046 -145.113
-3.674 119.782 -141.407
-3.574 122.619 -138.785
-1.317 122.514 -135.658
-2.280 124.928 -132.810
-1.975 125.156 -128.983
-4.199 127.111 -126.539
-2.404 128.220 -123.312
-4.670 128.216 -120.224
-6.403 131.435 -118.998
-6.893 130.704 -115.234
-6.740 134.475 -114.331
-3.052 135.097 -115.202
-1.009 133.906 -118.235
1.571 131.560 -116.578
-0.690 128.635 -115.556
-1.712 129.820 -112.033
-4.475 132.110 -110.712
-3.905 134.508 -107.776
-5.092 133.125 -104.381
-8.742 131.907 -104.365
-10.783 134.210 -102.037
-14.199 133.463 -100.418
-16.770 136.238 -99.697
-18.046 136.309 -96.053
-21.755 135.265 -95.787
-23.931 138.398 -96.349
-21.153 140.435 -98.120
-20.752 140.879 -101.934
-19.401 137.856 -103.884
-16.707 139.927 -105.725
-13.747 137.729 -106.768
-10.494 139.258 -108.162
-10.104 139.290 -112.003
-6.919 137.156 -111.592
-8.630 134.337 -109.543
-11.351 133.465 -112.156
-10.522 130.838 -114.834
-11.857 131.526 -118.375
-12.283 129.586 -121.666
-9.164 129.748 -123.892
-10.224 130.446 -127.539
-8.554 131.199 -130.932
-9.576 131.501 -134.632
-6.961 129.847 -136.945
-6.852 131.262 -140.542
-7.254 128.470 -143.181
-6.011 128.671 -146.820
-8.427 130.934 -148.833
-10.809 128.830 -151.046
-11.457 130.934 -154.195
-14.855 130.762 -155.943
-14.557 129.234 -159.463
-17.138 131.017 -161.718
-17.267 127.849 -163.993
-18.007 125.412 -161.074
-21.685 125.517 -159.873
-20.703 125.086 -156.138
-18.523 126.943 -153.522
-15.941 125.057 -151.334
-15.580 125.229 -147.500
-12.933 123.517 -145.323
-14.518 120.626 -143.346
-12.865 119.541 -140.036
-12.815 115.681 -140.171
-10.686 114.622 -137.153
-8.535 116.147 -134.335
-5.566 114.665 -132.414
-5.636 116.655 -129.091
-3.436 116.365 -125.947
-3.217 118.104 -122.529
0.454 119.269 -122.479
2.647 119.258 -119.321
0.635 116.641 -117.325
4.053 115.289 -116.125
4.690 118.819 -114.626
2.419 117.763 -111.675
4.861 114.989 -110.452
6.517 117.686 -108.233
6.505 117.347 -104.385
9.281 119.966 -103.665
7.830 123.284 -105.068
6.309 124.805 -101.870
3.245 122.474 -101.629
1.421 121.962 -98.275
3.448 119.116 -96.671
1.948 115.637 -95.959
2.317 113.459 -92.802
2.345 116.358 -90.279
4.799 118.495 -92.342
7.630 115.857 -92.548
6.560 114.477 -95.996
6.581 116.061 -99.494
4.389 118.874 -100.907
0.808 118.211 -102.166
0.623 117.695 -105.964
-2.169 119.610 -107.802
-5.529 118.252 -106.489
-9.219 119.222 -106.066
-12.076 120.076 -108.474
-11.001 120.106 -112.170
-12.577 120.507 -115.659
-11.130 119.360 -119.037
-12.863 120.578 -122.213
-12.157 121.238 -125.925
-14.276 122.229 -128.965
-13.562 122.380 -132.749
-16.002 124.411 -134.911
-16.539 126.384 -138.143
-17.751 129.388 -136.051
-17.502 130.675 -132.448
-18.778 128.197 -129.783
-22.355 129.071 -128.604
-22.468 129.637 -124.776
-25.470 129.322 -122.385
-25.433 131.357 -119.130
-25.601 129.256 -115.933
-23.814 130.155 -112.634
-23.844 128.928 -108.961
-24.525 132.473 -107.543
-26.534 134.931 -109.754
-25.142 137.860 -107.649
-21.421 137.129 -108.424
-19.685 140.428 -109.479
-17.249 139.771 -112.404
-14.684 142.596 -112.813
-14.245 144.182 -116.301
-13.142 143.112 -118.826
-14.717 139.656 -118.017
-18.253 139.038 -119.423
-20.940 137.289 -117.302
-24.608 136.450 -118.050
-26.576 139.780 -118.139
-30.205 140.397 -119.284
-30.563 143.180 -121.931
-31.318 145.683 -119.067
-27.869 144.870 -117.469
-29.278 142.906 -114.438
-28.745 139.155 -113.586
-31.685 137.466 -111.733
-32.038 134.104 -109.837
-32.957 132.339 -113.172
-29.208 132.476 -114.161
-28.721 129.571 -111.617
-30.864 127.345 -113.929
-31.633 127.515 -117.708
-33.025 130.879 -118.922
-32.609 131.287 -122.726
-32.207 135.114 -122.210
-28.541 134.415 -121.095
-26.490 133.513 -124.239
-23.100 134.579 -125.698
-20.585 133.583 -128.426
-17.059 132.547 -127.235
-15.534 135.330 -129.418
-12.637 136.492 -127.111
-9.811 134.558 -125.299
-9.500 134.885 -121.464
-12.866 136.770 -121.297
-15.725 134.260 -120.609
-15.505 132.666 -117.117
-15.901 128.827 -117.059
-18.085 129.181 -113.909
-21.005 131.150 -115.561
-20.887 129.844 -119.225
-21.320 126.255 -120.549
-21.599 125.021 -124.171
-25.199 125.697 -125.400
-26.654 122.301 -126.465
-29.621 124.094 -128.214
-27.084 125.466 -130.798
-23.452 124.579 -131.793
-24.763 122.631 -134.902
-21.405 123.609 -136.591
-19.165 122.852 -133.516
-18.172 119.574 -131.767
-17.498 119.949 -127.989
-16.283 117.461 -125.322
-16.021 118.150 -121.554
-15.627 116.293 -118.226
-15.877 117.968 -114.748
-14.911 116.293 -111.422
-15.713 117.957 -108.031
-14.320 117.316 -104.506
-11.838 119.050 -102.128
-8.692 116.831 -102.515
-9.776 114.807 -105.641
-6.734 113.440 -107.551
-6.505 114.460 -111.231
-6.324 111.457 -113.656
-4.979 112.475 -117.129
-3.629 110.312 -120.015
-1.337 111.369 -122.911
-0.558 109.515 -126.207
0.075 110.497 -129.880
-2.064 107.431 -130.952
-5.566 108.860 -130.040
-7.879 110.540 -132.648
-11.348 112.159 -132.181
-13.669 111.955 -135.259
-15.629 115.242 -135.789
-18.117 113.925 -138.446
-21.818 114.010 -137.299
-24.666 111.389 -137.631
-24.629 112.223 -141.445
-20.799 112.091 -142.011
-20.508 115.953 -142.120
-17.804 117.730 -140.035
-17.688 121.391 -138.895
-17.708 123.653 -142.024
-15.255 126.577 -141.492
-17.177 129.830 -142.318
-14.989 132.758 -143.535
-12.084 130.236 -143.944
-11.704 130.205 -140.107
-11.265 127.170 -137.777
-12.491 127.931 -134.187
-10.601 126.167 -131.316
-11.712 126.386 -127.622
-10.103 124.906 -124.449
-10.711 124.798 -120.656
-8.093 122.667 -118.812
-8.102 123.492 -115.063
-6.179 120.432 -113.687
-7.089 121.406 -110.080
-5.596 123.650 -107.332
-2.072 124.153 -105.936
-2.217 124.126 -102.059
0.700 126.217 -100.642
2.467 125.285 -97.336
2.149 127.764 -94.395
-0.409 130.116 -96.124
-2.674 127.057 -96.861
-4.025 129.220 -99.757
-5.261 127.556 -103.003
-4.414 128.638 -106.607
-6.151 127.327 -109.790
-3.615 125.463 -112.033
-4.244 125.400 -115.830
-2.581 123.348 -118.609
-2.201 124.049 -122.353
-4.053 121.929 -124.989
-2.451 120.874 -128.334
-4.668 120.519 -131.453
-3.921 118.765 -134.793
-7.019 119.133 -137.062
-7.322 117.284 -140.429
-9.620 119.197 -142.863
-10.828 118.401 -146.429
-12.649 120.490 -149.112
-16.474 120.069 -149.134
-18.832 121.540 -151.790
-21.951 123.587 -150.770
-24.975 124.974 -152.752
