-34.140 6.322 15.371
-30.828 7.840 16.608
-29.258 6.318 19.750
-29.658 8.194 23.082
-27.148 11.141 23.388
-26.954 11.403 19.547
-28.495 14.385 17.688
-30.822 13.886 14.712
-30.506 16.305 11.758
-31.846 15.747 8.211
-31.847 11.899 8.287
-28.373 11.683 9.996
-27.445 11.013 13.670
-24.466 12.863 15.157
-22.366 12.384 18.259
-20.200 15.283 19.527
-17.155 14.247 21.637
-16.201 16.313 24.699
-12.666 14.794 24.804
-9.733 14.734 22.366
-8.067 11.983 20.310
-5.578 11.749 17.452
-7.412 11.408 14.091
-6.788 7.625 13.674
-8.153 7.029 17.178
-11.281 9.182 16.510
-11.762 7.301 13.201
-11.590 3.959 15.058
-13.954 5.241 17.804
-16.636 6.188 15.186
-16.309 2.848 13.320
-16.798 0.942 16.649
-20.114 2.878 16.998
-21.090 1.552 13.480
-20.577 5.167 12.373
-17.983 7.338 10.641
-16.171 10.619 11.260
-18.606 13.353 10.105
-18.827 13.849 6.318
-19.944 17.435 5.487
-21.741 17.801 2.108
-23.730 21.090 2.378
-23.695 24.585 3.912
-26.767 23.475 6.007
-24.837 20.501 7.526
-21.754 22.720 8.032
-23.868 25.293 9.975
-25.500 22.505 12.015
-22.149 20.942 13.011
-20.643 24.408 13.819
-23.566 25.146 16.180
-22.856 22.037 18.248
-19.052 22.113 18.404
-18.597 25.801 19.183
-15.179 27.504 18.737
-13.156 24.289 19.127
-10.713 22.448 16.784
-12.672 19.302 15.801
-11.690 16.448 13.458
-13.990 15.501 10.480
-13.956 12.483 8.088
-11.660 14.109 5.466
-8.026 13.163 4.924
-5.222 12.807 2.355
-3.343 9.993 4.052
-1.570 8.191 1.275
-3.405 9.605 -1.762
-5.642 12.569 -2.732
-8.201 14.183 -0.366
-11.013 11.710 0.399
-14.123 11.525 2.621
-14.096 8.454 4.959
-17.383 7.053 3.531
-16.392 7.240 -0.178
-18.183 10.603 -0.878
-16.359 12.360 -3.774
-14.129 15.218 -2.608
-13.504 17.117 -5.921
-17.240 17.538 -6.797
-18.348 18.009 -3.136
-18.824 20.932 -0.675
-15.599 22.497 0.719
-15.136 25.088 3.467
-11.367 25.542 3.697
-9.969 28.643 5.345
-8.409 30.612 2.391
-4.824 29.380 1.799
-5.772 25.921 3.129
-5.153 23.016 2.639
-1.386 23.788 2.676
0.167 20.387 3.708
2.434 22.412 6.077
5.792 20.928 7.183
6.727 23.940 9.358
5.274 22.448 12.569
8.553 20.421 12.623
6.866 17.190 13.825
7.684 15.345 10.580
5.568 15.037 7.436
2.983 17.460 6.094
-0.640 17.734 7.256
-3.056 15.039 6.261
-6.199 15.375 8.387
-8.971 17.993 8.143
-10.608 19.709 11.108
-13.102 22.505 11.783
-11.178 25.486 13.204
-12.618 27.845 15.912
-14.628 29.802 13.242
-15.840 26.638 11.454
-13.659 26.984 8.309
-11.471 23.953 7.587
-7.719 23.400 8.008
-5.511 20.450 7.276
-3.383 19.492 10.273
-1.012 16.894 11.761
-3.074 13.696 12.283
-1.416 13.032 15.717
-2.899 16.147 17.314
-5.522 15.415 19.982
-8.723 17.225 18.876
-12.414 16.700 19.672
-14.331 14.806 16.954
-17.838 14.211 15.541
-19.320 10.816 14.592
-22.140 10.503 12.054
-24.483 7.705 10.985
-27.200 7.837 8.289
-30.761 6.742 9.073
-1.630 16.382 2.969
-2.826 23.574 7.286
-23.186 14.028 6.332
