108.372 -13.078 0.576
106.651 -14.562 -2.514
108.339 -13.039 -5.598
105.003 -12.593 -7.391
103.620 -10.914 -4.306
106.629 -8.633 -4.033
106.471 -7.628 -7.696
102.691 -7.125 -7.999
102.554 -5.815 -4.494
105.202 -3.221 -4.791
103.967 -2.135 -8.128
100.807 -1.651 -6.135
103.198 0.254 -3.822
103.851 2.678 -6.588
100.180 3.119 -7.385
99.053 2.971 -3.771
101.820 5.416 -2.790
100.609 7.880 -5.250
96.984 7.201 -4.457
97.305 7.789 -0.745
99.812 10.644 -0.564
99.101 12.348 -3.894
95.339 11.781 -4.145
94.061 11.733 -0.586
94.397 14.465 2.047
97.276 14.624 4.551
97.323 18.344 5.607
97.565 17.868 9.363
99.749 14.790 9.605
103.380 14.077 8.715
104.592 12.523 5.502
103.164 9.150 4.547
105.518 6.362 3.649
104.644 3.075 2.052
106.969 0.651 3.683
105.728 -2.570 2.315
102.833 -3.321 0.267
102.862 -6.989 -0.201
100.525 -9.385 -1.712
99.098 -12.147 0.438
100.266 -15.710 -0.332
96.972 -16.121 -2.213
98.318 -13.353 -4.510
95.036 -11.510 -4.314
95.663 -8.915 -1.648
97.961 -5.885 -1.548
98.796 -5.131 2.000
99.680 -1.583 2.235
101.940 -1.229 5.180
102.235 2.505 5.935
104.171 4.643 8.290
103.052 8.129 9.098
104.036 10.733 11.646
101.074 10.813 13.857
98.992 9.418 16.692
97.387 6.008 16.677
94.411 8.076 15.870
96.305 10.056 13.260
97.481 6.835 11.771
93.866 5.907 11.818
92.948 9.310 10.376
95.071 8.470 7.354
93.364 5.091 7.245
90.011 6.837 7.674
90.897 9.101 4.822
91.462 5.840 2.953
88.202 4.192 4.144
86.602 7.630 3.549
87.619 7.916 -0.100
87.979 4.180 -0.480
86.402 3.891 -3.912
88.357 6.891 -5.104
91.400 5.076 -3.757
90.008 2.019 -5.564
89.285 3.892 -8.753
92.722 5.360 -8.905
93.701 1.799 -8.196
91.427 0.804 -11.049
93.096 3.457 -13.222
96.540 1.839 -12.897
95.795 0.100 -16.260
98.592 -2.420 -15.661
96.575 -5.434 -14.468
93.363 -7.142 -15.540
92.999 -9.202 -12.394
92.129 -7.128 -9.359
94.180 -7.741 -6.188
92.378 -6.232 -3.247
94.042 -3.658 -1.044
94.564 -3.944 2.668
95.120 -0.811 4.747
97.742 -1.849 7.291
100.297 -0.218 9.516
104.007 -0.980 9.316
104.935 -3.727 11.737
108.551 -3.711 10.632
109.981 -0.520 12.077
106.918 1.092 13.630
104.971 -0.208 16.612
102.578 -3.040 15.949
99.040 -1.708 16.419
96.766 -3.956 14.316
93.757 -3.731 16.701
91.081 -3.287 14.005
90.746 -2.699 10.271
87.826 -2.496 7.784
88.417 -4.316 4.515
85.423 -3.428 2.455
84.282 -0.861 -0.061
85.728 -2.732 -2.909
84.959 -0.380 -5.819
85.969 -2.911 -8.486
82.621 -4.658 -8.144
81.422 -1.719 -10.268
80.476 -4.127 -13.061
