10.362 41.562 7.079
9.045 38.330 8.571
6.166 36.202 7.337
5.658 34.655 10.790
6.427 36.732 13.874
5.700 35.166 17.253
6.761 37.082 20.363
6.444 35.863 23.974
3.452 33.721 23.039
1.648 31.880 25.841
-1.148 29.328 25.487
-2.658 27.577 28.508
-5.469 25.062 28.020
-8.461 25.151 30.343
-7.232 22.195 32.420
-4.204 24.283 33.389
-1.664 22.875 30.928
0.616 25.649 29.636
1.382 24.296 26.174
3.261 27.357 24.876
5.191 29.018 27.677
6.739 32.147 26.179
7.612 31.333 22.582
9.390 33.728 20.214
10.042 32.696 16.615
10.632 34.909 13.578
10.469 33.306 10.119
11.412 35.188 6.959
9.579 34.593 3.662
10.973 31.528 1.920
12.447 29.818 4.972
12.140 26.066 5.509
11.978 25.148 9.185
11.626 21.826 10.964
9.758 21.798 14.290
11.045 19.015 16.542
10.777 17.896 20.152
9.316 15.177 22.346
5.662 14.225 22.408
3.762 16.736 24.547
6.281 19.554 23.931
3.750 21.833 22.203
4.485 21.259 18.509
0.852 20.819 17.481
-0.238 23.742 19.642
2.442 25.878 17.967
1.354 24.767 14.468
-2.331 25.301 15.178
-1.754 28.803 16.523
-0.422 29.747 13.085
-3.824 29.238 11.451
-5.810 30.484 14.464
-7.254 27.155 15.502
-5.517 27.904 18.789
-5.950 31.455 20.105
-2.987 32.708 22.107
-3.410 34.031 25.650
-0.449 36.421 25.776
2.176 37.702 23.363
2.031 38.885 19.783
1.545 36.794 16.656
1.476 37.749 12.969
1.122 35.139 10.219
1.004 35.711 6.462
0.519 39.412 7.205
-2.418 38.976 9.598
-2.340 40.077 13.232
-3.737 37.009 14.973
-4.340 38.823 18.265
-6.714 41.259 16.512
-8.174 39.104 13.715
-11.964 39.079 13.608
-13.824 35.772 13.565
-15.334 36.450 10.154
-11.865 37.029 8.679
-10.248 33.745 9.779
-11.135 32.220 6.370
-8.985 34.899 4.723
-6.048 33.845 6.876
-6.768 30.214 5.974
-6.518 31.003 2.244
-2.926 32.163 2.844
-1.866 29.175 5.000
-1.882 25.736 3.376
-2.147 22.892 5.877
-1.197 19.256 5.349
-3.018 17.656 8.275
-1.217 14.682 9.799
-4.377 12.672 9.075
-5.159 14.456 5.812
-8.111 12.699 4.202
-8.884 13.312 0.547
-12.510 13.307 -0.517
-13.050 9.604 -1.276
-15.592 9.937 -4.099
-13.696 12.692 -5.942
-10.953 11.979 -8.432
-7.484 13.431 -7.954
-8.458 16.218 -10.374
-11.708 16.938 -8.501
-9.926 16.909 -5.138
-7.391 19.521 -6.221
-9.986 21.571 -8.135
-12.264 21.606 -5.095
-9.448 23.166 -3.071
-9.685 26.084 -5.514
-13.487 26.280 -5.822
-13.886 26.209 -2.029
-11.928 29.481 -1.606
-13.937 31.158 -4.377
-11.420 30.894 -7.218
-12.695 31.449 -10.734
-13.436 28.148 -12.510
-11.540 29.769 -15.420
-8.264 29.336 -13.480
-8.787 25.759 -12.344
-7.760 23.528 -15.250
-4.411 25.259 -15.818
-3.515 25.293 -12.121
-4.608 21.728 -11.348
-2.579 20.368 -14.237
0.431 22.479 -13.234
0.311 21.129 -9.688
-0.064 17.562 -10.991
3.097 18.143 -13.046
4.781 19.446 -9.888
3.865 16.398 -7.789
4.503 13.956 -10.644
1.020 12.436 -10.732
-0.478 13.611 -14.037
-1.175 9.948 -14.834
-3.351 9.607 -11.692
-5.596 12.534 -12.671
-8.682 10.259 -12.788
-7.811 8.087 -9.767
-9.821 7.940 -6.595
-7.903 8.267 -3.305
-8.350 4.576 -2.371
-6.585 3.589 -5.607
-3.447 5.535 -4.585
-0.573 4.470 -2.386
-0.049 6.266 0.899
2.785 8.280 -0.608
0.651 9.274 -3.582
-2.193 10.305 -1.266
0.211 12.537 0.669
1.484 14.119 -2.544
-2.108 14.925 -3.534
-2.780 16.331 -0.054
0.241 18.581 -0.592
-1.102 19.553 -4.019
-4.423 20.526 -2.432
-2.596 22.516 0.247
-0.535 24.565 -2.240
-3.111 24.880 -5.027
-3.945 28.514 -4.151
-0.260 29.485 -3.824
-0.375 30.234 -0.073
2.406 32.263 1.486
2.944 29.629 4.180
2.659 25.839 4.019
2.434 23.886 7.284
3.044 20.128 7.242
2.407 18.040 10.377
4.521 14.877 10.113
4.071 14.520 6.332
6.270 11.389 6.170
5.139 9.848 9.474
3.519 6.758 7.923
5.631 6.474 4.754
8.603 4.173 4.178
12.043 5.708 3.517
11.718 5.858 -0.276
8.284 7.483 -0.160
9.408 9.822 2.621
12.235 11.070 0.404
9.772 11.625 -2.436
7.580 13.794 -0.211
10.694 15.696 0.909
11.766 16.274 -2.696
8.338 17.801 -3.382
8.417 20.032 -0.294
11.941 21.152 -1.173
10.870 22.098 -4.695
7.900 24.004 -3.276
10.280 25.825 -0.941
12.651 26.693 -3.805
9.684 28.321 -5.550
9.514 30.688 -2.558
6.845 29.144 -0.324
7.630 29.284 3.401
7.436 25.780 4.907
7.149 24.749 8.548
7.276 20.983 9.046
6.827 19.109 12.327
8.742 15.861 12.211
10.411 13.041 14.146
12.521 11.767 11.216
16.119 12.363 12.288
17.509 11.075 8.980
15.533 13.641 6.972
16.409 16.494 9.342
20.089 15.518 9.470
20.378 15.011 5.679
18.126 17.704 4.152
19.519 20.387 6.403
17.315 23.378 7.228
16.479 25.521 10.226
15.598 23.366 13.263
13.398 24.757 16.048
13.293 22.403 19.031
10.480 22.771 21.584
10.343 21.214 25.036
7.753 21.805 27.763
6.395 24.810 25.885
9.780 26.503 25.321
12.124 26.868 22.362
15.278 25.131 23.575
17.287 25.292 20.324
16.925 27.275 17.095
19.756 26.602 14.643
20.454 27.039 10.938
21.169 23.802 9.043
20.538 22.139 12.356
20.925 18.613 13.608
17.877 16.741 14.867
19.285 16.365 18.381
16.875 13.842 19.906
16.884 10.069 20.329
13.178 9.756 19.435
