48.704 -5.226 -56.588
46.138 -6.832 -54.239
46.601 -10.623 -53.770
44.519 -13.708 -52.846
46.463 -13.897 -49.526
45.405 -10.260 -48.812
41.776 -11.284 -49.474
41.864 -14.266 -47.069
43.517 -12.156 -44.341
41.102 -9.249 -44.660
37.867 -11.250 -45.113
37.206 -11.556 -41.271
38.022 -7.783 -40.857
35.434 -7.005 -43.542
32.820 -9.322 -41.970
33.458 -7.708 -38.562
32.849 -4.222 -40.017
29.655 -5.388 -41.833
28.353 -7.043 -38.651
29.068 -3.733 -36.808
27.062 -1.857 -39.508
24.049 -4.191 -39.017
24.077 -3.504 -35.253
24.531 0.307 -35.749
21.482 0.373 -38.085
19.284 -1.041 -35.254
19.062 -4.476 -36.914
19.362 -7.950 -35.328
22.501 -9.645 -36.792
21.256 -12.969 -35.349
17.972 -13.166 -37.336
17.890 -15.820 -40.130
18.087 -13.297 -42.996
21.154 -11.522 -41.531
23.164 -14.466 -40.150
25.513 -14.943 -43.158
25.240 -11.272 -44.374
28.625 -10.046 -42.893
30.356 -12.757 -45.016
28.231 -12.461 -48.186
28.589 -8.612 -48.081
32.366 -8.877 -47.513
32.814 -11.362 -50.413
30.637 -9.143 -52.656
32.759 -6.048 -51.804
35.948 -8.033 -52.574
34.480 -9.065 -55.959
33.441 -5.444 -56.686
37.074 -4.370 -56.012
38.913 -7.237 -57.823
40.414 -4.885 -60.463
43.036 -3.745 -57.939
44.435 -7.336 -58.076
44.827 -7.185 -61.914
47.670 -6.169 -64.250
47.275 -5.131 -67.957
49.956 -7.656 -69.067
48.121 -10.687 -67.580
44.747 -9.512 -68.921
46.006 -9.099 -72.551
47.392 -12.718 -72.698
49.409 -11.814 -75.851
46.190 -11.329 -77.826
47.853 -8.532 -79.841
47.689 -9.800 -83.435
49.598 -8.587 -86.490
46.958 -7.801 -89.042
47.336 -5.089 -91.765
44.470 -3.030 -90.379
44.561 0.763 -90.264
40.788 1.449 -89.874
38.538 2.086 -86.877
37.572 -0.893 -84.716
34.724 -0.377 -82.230
33.529 -2.564 -79.342
30.304 -0.951 -78.052
27.652 -1.681 -75.346
30.087 -3.247 -72.905
28.079 -3.583 -69.652
29.992 -1.866 -66.880
29.396 -2.134 -63.109
31.444 0.099 -60.834
31.316 1.456 -57.266
31.050 5.152 -56.362
34.060 5.991 -54.150
32.137 8.781 -52.399
29.139 6.767 -51.087
30.087 3.102 -51.788
26.909 2.623 -53.863
27.049 1.221 -57.463
27.174 3.204 -60.684
26.317 1.074 -63.707
26.130 1.562 -67.461
27.819 0.953 -70.805
31.317 1.524 -72.215
31.923 2.149 -75.949
35.506 1.861 -77.152
36.950 2.771 -80.542
40.538 2.743 -81.810
42.642 3.115 -84.971
45.133 0.241 -85.170
48.651 0.981 -86.333
48.527 -2.269 -88.405
48.435 -4.383 -85.104
44.955 -5.176 -83.689
43.946 -6.209 -80.183
41.795 -9.233 -79.322
38.223 -7.965 -79.023
37.480 -9.403 -75.602
40.616 -7.739 -74.170
38.954 -4.292 -74.581
36.119 -5.514 -72.284
38.696 -7.085 -69.926
40.511 -3.659 -69.683
37.066 -2.164 -68.719
36.899 -4.800 -65.921
40.333 -3.883 -64.513
39.268 -0.301 -63.796
35.495 -0.628 -63.243
35.985 -3.241 -60.481
37.406 -0.570 -58.112
36.154 2.373 -55.989
35.803 4.923 -58.753
34.856 8.297 -60.164
33.469 7.992 -63.745
35.839 10.592 -65.229
38.844 8.651 -63.860
37.468 5.274 -65.016
36.982 6.664 -68.584
40.563 8.040 -68.773
42.173 4.866 -67.314
40.531 2.640 -69.975
41.711 4.925 -72.835
45.240 5.205 -71.375
45.537 1.402 -70.831
44.624 0.793 -74.500
47.116 3.455 -75.757
49.896 1.949 -73.660
49.107 -1.716 -74.534
48.772 -1.181 -78.305
50.239 2.223 -79.236
47.549 2.847 -81.877
46.887 5.979 -84.013
44.136 6.936 -81.541
41.633 5.738 -78.903
38.129 6.926 -78.014
36.235 5.816 -74.890
32.674 6.864 -73.998
31.045 5.811 -70.688
27.291 6.297 -70.017
26.160 5.457 -66.502
23.387 5.708 -63.887
24.721 6.624 -60.464
22.480 5.021 -57.788
23.553 7.727 -55.295
21.696 10.114 -57.625
18.545 7.943 -58.091
17.894 6.184 -54.720
19.051 9.133 -52.559
20.439 12.711 -52.545
19.022 14.556 -55.559
16.772 11.544 -56.337
16.756 12.235 -60.082
15.312 9.015 -61.518
16.380 9.319 -65.160
19.755 11.143 -64.823
22.586 9.659 -66.866
26.254 10.774 -66.767
28.164 10.673 -70.056
31.971 10.945 -70.003
34.525 10.606 -72.815
38.321 10.359 -73.345
39.811 10.883 -76.812
43.494 10.226 -77.417
45.624 10.532 -80.556
43.689 10.902 -83.823
40.344 10.755 -81.943
41.357 13.966 -80.118
43.170 15.755 -83.014
40.972 14.827 -86.037
37.346 16.014 -85.773
36.146 13.743 -88.607
37.501 10.604 -86.824
35.828 11.730 -83.576
32.392 12.334 -85.223
32.514 9.014 -87.077
33.159 7.170 -83.787
30.344 9.049 -82.008
27.783 8.207 -84.729
28.839 4.549 -84.982
28.309 4.002 -81.225
24.638 5.169 -81.281
