29.832 -47.926 -10.108
33.571 -48.215 -9.342
36.119 -45.523 -8.615
38.250 -46.754 -11.537
35.215 -45.775 -13.616
35.556 -42.150 -12.483
39.245 -41.880 -13.377
38.693 -43.194 -16.902
35.436 -41.270 -17.302
37.289 -37.993 -16.662
40.460 -38.927 -18.566
41.997 -38.775 -15.065
40.391 -35.477 -14.051
41.610 -33.608 -17.124
40.464 -29.971 -17.252
38.239 -30.727 -20.290
35.986 -32.435 -17.729
36.070 -29.909 -14.863
32.604 -28.432 -14.319
33.290 -26.118 -11.394
33.931 -25.986 -7.663
32.127 -24.783 -4.539
32.929 -24.755 -0.805
32.754 -28.531 -0.169
33.275 -30.162 -3.616
35.341 -30.157 -6.796
32.974 -31.151 -9.613
33.775 -33.032 -12.831
31.733 -34.378 -15.724
32.077 -38.186 -15.946
31.149 -40.358 -18.936
30.525 -43.968 -17.870
29.454 -46.123 -20.793
26.462 -44.361 -22.334
25.476 -42.167 -19.368
26.850 -38.838 -18.168
27.453 -37.917 -14.521
28.735 -35.134 -12.290
31.130 -36.260 -9.541
31.462 -33.980 -6.516
34.932 -34.613 -5.056
34.781 -34.063 -1.285
37.581 -31.596 -0.673
36.957 -29.088 8.872
34.130 -30.691 10.854
31.578 -28.250 9.370
32.297 -29.456 5.833
32.066 -33.052 7.101
28.679 -32.639 8.803
27.303 -31.085 5.618
28.518 -34.044 3.557
26.712 -36.397 5.939
23.565 -34.258 5.759
23.639 -34.459 1.960
24.076 -38.230 2.105
21.365 -38.606 4.767
18.703 -36.923 2.682
19.497 -38.545 -0.672
19.793 -42.110 0.672
16.456 -41.929 2.504
14.133 -39.869 0.269
13.358 -39.945 -3.444
11.231 -37.767 -5.717
11.087 -37.095 -9.486
12.091 -33.457 -8.806
14.962 -34.254 -6.429
18.287 -35.005 -8.109
18.987 -38.531 -6.990
22.206 -39.955 -5.653
23.404 -42.681 -8.013
26.535 -43.786 -6.105
29.051 -42.586 -3.515
32.519 -43.678 -2.409
34.006 -43.820 1.113
35.347 -39.444 -0.817
32.764 -38.265 -3.357
29.122 -38.190 -4.491
27.962 -39.073 -8.045
24.756 -37.615 -9.562
23.185 -37.808 -13.035
24.442 -34.969 -15.227
21.893 -32.191 -15.770
22.544 -30.883 -19.279
20.389 -27.752 -19.044
22.308 -26.548 -15.980
20.991 -24.363 -13.167
17.863 -22.233 -13.099
20.104 -19.244 -12.332
22.210 -19.814 -15.469
19.122 -20.114 -17.671
17.463 -17.013 -16.204
20.713 -15.110 -16.778
21.067 -16.690 -20.268
24.610 -17.891 -19.573
26.293 -18.995 -22.776
23.711 -16.969 -24.748
21.007 -19.577 -24.319
17.532 -18.406 -25.278
15.370 -16.984 -22.447
12.951 -19.530 -21.013
9.306 -19.154 -22.111
6.638 -18.788 -19.459
5.311 -22.335 -19.714
8.747 -23.788 -18.867
9.276 -21.261 -16.054
6.012 -22.183 -14.387
6.729 -25.888 -14.918
10.052 -25.402 -13.179
8.434 -23.709 -10.154
5.754 -26.406 -9.900
8.243 -29.284 -9.940
10.425 -27.720 -7.251
7.429 -26.946 -5.047
6.358 -30.588 -5.286
9.841 -31.667 -4.194
9.745 -29.306 -1.209
6.156 -30.259 -0.362
7.237 -33.916 -0.388
10.296 -33.280 1.807
8.244 -31.252 4.298
6.002 -34.278 4.885
8.116 -37.463 4.542
6.851 -40.135 6.925
9.289 -40.059 9.921
10.525 -36.500 10.516
9.966 -33.741 7.999
12.914 -32.222 6.136
13.712 -28.525 6.030
15.722 -28.127 2.827
17.749 -25.081 3.884
19.477 -24.091 0.598
16.649 -23.352 -1.813
17.913 -21.037 -4.549
18.023 -20.608 -8.309
21.593 -21.970 -8.303
20.542 -25.194 -6.549
17.742 -25.988 -9.018
19.124 -28.104 -11.896
17.372 -28.887 -15.182
17.278 -32.071 -17.259
17.048 -32.297 -21.060
13.346 -31.379 -20.976
13.747 -28.706 -18.261
12.217 -30.949 -15.604
13.585 -29.371 -12.388
15.696 -31.271 -9.854
16.205 -29.914 -6.358
19.776 -30.217 -5.057
21.945 -29.291 -2.071
20.833 -30.690 1.285
24.056 -29.813 3.090
22.027 -27.454 5.304
18.953 -29.678 5.709
17.357 -30.306 9.116
14.664 -32.627 10.447
11.609 -31.160 12.192
22.484 -15.316 3.055
20.204 -13.551 0.577
17.638 -16.368 0.552
17.361 -16.539 4.326
14.625 -14.779 6.361
15.121 -12.432 9.289
14.065 -14.857 12.032
16.814 -17.192 10.795
19.564 -14.580 10.487
18.560 -12.798 13.709
17.324 -15.587 16.019
18.458 -18.892 14.464
14.852 -20.061 13.973
14.237 -22.546 11.161
11.033 -24.166 9.934
8.835 -25.158 7.023
8.381 -21.434 6.482
12.128 -20.996 5.934
11.922 -22.899 2.642
8.806 -20.965 1.613
10.645 -17.656 2.091
13.593 -18.785 -0.062
11.193 -20.168 -2.669
9.404 -16.809 -2.818
12.646 -15.111 -3.810
13.155 -17.750 -6.518
9.711 -16.869 -7.933
10.852 -13.231 -7.983
13.918 -14.196 -10.048
11.771 -16.308 -12.371
9.311 -13.485 -13.057
11.869 -10.697 -13.512
15.042 -12.366 -14.714
16.912 -10.289 -12.128
19.545 -11.469 -9.695
18.675 -11.482 -5.991
20.827 -8.326 -5.738
20.688 -5.584 -8.378
23.420 -3.441 -9.975
22.967 -2.084 -4.857
19.565 -3.251 -3.600
17.789 -6.550 -3.020
15.247 -7.784 -5.552
12.943 -8.719 -2.663
13.012 -5.210 -1.206
12.360 -3.635 -4.600
9.380 -5.852 -5.407
7.885 -5.601 -1.891
8.164 -1.786 -1.963
6.522 -1.723 -5.397
3.657 -4.037 -4.383
2.764 -2.092 -1.248
2.745 1.317 -2.915
1.465 0.510 -6.387
-0.521 -2.747 -6.200
0.015 -6.010 -8.009
-0.520 -4.786 -11.571
2.421 -2.347 -11.331
4.898 -5.245 -11.254
3.961 -5.845 -14.900
6.760 -3.344 -15.628
9.361 -5.702 -14.085
8.478 -8.840 -16.021
11.545 -10.218 -17.815
11.764 -8.111 -20.995
13.384 -10.943 -22.939
9.997 -12.600 -23.523
6.662 -11.037 -24.485
4.457 -10.412 -21.431
2.558 -13.286 -19.887
-1.186 -12.749 -19.292
-1.992 -10.038 -16.762
-3.564 -12.373 -14.199
-0.734 -14.892 -14.503
1.682 -12.119 -13.567
-0.492 -10.788 -10.739
-1.073 -14.204 -9.155
2.632 -14.971 -9.288
3.889 -11.643 -7.937
1.270 -11.910 -5.159
2.352 -15.455 -4.329
6.031 -14.435 -4.350
5.343 -11.486 -2.037
3.446 -13.618 0.472
6.098 -16.362 0.412
8.813 -13.746 1.087
6.943 -12.082 3.952
9.032 -11.018 6.925
6.514 -12.526 9.368
6.646 -16.317 8.996
2.945 -16.387 9.921
2.151 -14.470 6.723
3.799 -17.129 4.523
1.677 -19.847 2.888
2.439 -23.499 3.377
4.189 -25.169 0.468
0.970 -27.122 -0.102
-0.936 -23.898 -0.778
2.006 -22.683 -2.915
1.790 -25.799 -5.110
-1.971 -25.397 -5.603
-1.557 -21.695 -6.468
1.272 -22.419 -8.922
-0.871 -25.064 -10.602
-3.901 -22.812 -11.123
-1.540 -20.103 -12.363
-0.264 -22.574 -14.975
-3.827 -23.377 -16.103
-4.557 -19.729 -16.883
-1.609 -19.896 -19.275
-3.398 -22.486 -21.463
