17.567 -28.189 -38.623
16.793 -31.666 -39.998
13.651 -33.658 -39.166
13.646 -37.434 -39.148
10.658 -39.481 -40.255
10.061 -40.591 -36.664
10.205 -37.022 -35.335
7.702 -35.828 -37.941
5.339 -38.673 -37.035
5.629 -37.983 -33.293
4.899 -34.295 -33.854
2.021 -34.612 -36.330
0.506 -37.542 -34.432
0.386 -35.781 -31.078
-0.763 -32.520 -32.661
-3.955 -34.146 -33.946
-4.979 -34.948 -30.361
-4.123 -31.568 -28.824
-7.014 -29.542 -27.403
-5.774 -26.217 -28.755
-8.091 -24.019 -26.683
-7.534 -25.842 -23.386
-3.798 -26.545 -23.716
-3.199 -23.026 -25.029
-5.104 -21.377 -22.185
-3.298 -23.592 -19.637
0.168 -22.847 -21.094
-0.313 -19.080 -21.080
-1.880 -19.066 -17.615
1.045 -21.133 -16.308
3.528 -18.719 -17.893
1.914 -15.833 -16.017
1.679 -17.779 -12.713
5.043 -19.596 -12.731
7.005 -16.611 -14.148
5.077 -13.570 -12.918
7.289 -10.929 -14.514
5.679 -11.965 -17.818
2.496 -10.269 -16.571
4.155 -6.956 -17.446
3.456 -7.673 -21.143
-0.263 -8.400 -20.627
-1.634 -5.433 -18.633
-4.180 -4.912 -21.436
-5.754 -8.235 -20.414
-7.128 -6.769 -17.163
-7.324 -8.826 -13.972
-4.137 -10.859 -13.451
-4.170 -10.395 -9.676
-4.262 -14.074 -8.616
-3.913 -17.582 -10.084
-7.702 -17.935 -10.012
-8.161 -14.597 -11.793
-5.553 -15.521 -14.428
-7.068 -18.960 -15.115
-10.539 -17.450 -15.419
-9.522 -14.397 -17.451
-11.474 -14.550 -21.195
-8.479 -12.634 -22.620
-5.775 -14.949 -21.253
-7.726 -17.944 -22.515
-8.340 -16.406 -25.951
-4.713 -15.365 -26.329
-3.428 -18.774 -25.265
-5.486 -20.400 -27.997
-3.952 -18.043 -30.581
-0.448 -18.836 -29.332
-0.924 -22.594 -29.532
-2.578 -22.245 -32.964
0.663 -20.579 -34.075
2.595 -23.619 -32.845
0.275 -25.595 -35.112
1.485 -23.583 -38.095
4.951 -24.903 -37.271
3.627 -28.483 -37.067
2.003 -28.133 -40.499
5.192 -27.009 -42.267
8.189 -28.185 -40.237
10.774 -27.218 -42.876
9.460 -23.642 -43.240
9.062 -22.637 -39.584
11.460 -19.755 -40.179
9.296 -18.049 -42.810
6.117 -18.856 -40.883
7.325 -16.876 -37.838
9.036 -13.916 -39.522
6.208 -11.441 -38.887
5.723 -12.711 -35.327
9.431 -12.194 -34.753
9.080 -8.530 -35.757
6.208 -8.136 -33.281
7.965 -9.741 -30.313
11.466 -8.386 -30.947
11.084 -4.947 -32.532
7.758 -3.909 -30.997
7.308 -5.772 -27.686
10.987 -6.307 -26.746
10.279 -9.668 -25.126
13.595 -11.123 -23.971
14.099 -14.423 -25.863
14.731 -16.370 -22.653
10.976 -15.992 -22.164
10.308 -17.878 -25.425
12.283 -20.765 -23.938
10.217 -20.642 -20.748
6.912 -20.734 -22.646
8.095 -23.716 -24.688
9.115 -25.577 -21.535
5.724 -24.868 -19.990
4.008 -26.177 -23.111
5.946 -29.440 -22.778
4.693 -29.853 -19.207
1.107 -29.083 -20.309
1.331 -31.709 -23.055
2.754 -34.191 -20.544
-0.220 -33.561 -18.266
-2.747 -33.953 -21.147
-1.191 -37.088 -22.665
0.305 -38.873 -19.626
2.352 -41.958 -20.549
1.580 -41.523 -24.271
3.993 -38.570 -24.033
6.965 -40.942 -24.294
10.602 -39.824 -23.853
11.018 -39.869 -27.642
7.859 -37.767 -28.021
9.190 -35.289 -25.459
12.494 -35.133 -27.339
10.762 -34.307 -30.636
8.464 -31.701 -29.084
11.294 -30.103 -27.113
13.143 -29.789 -30.418
10.056 -28.231 -32.012
9.593 -25.600 -29.291
13.326 -24.807 -29.496
13.092 -24.357 -33.282
10.039 -22.092 -32.885
11.750 -20.055 -30.161
14.737 -19.663 -32.483
12.498 -18.517 -35.336
10.761 -16.034 -33.017
14.099 -14.567 -31.846
15.551 -14.100 -35.374
14.719 -10.376 -35.707
17.146 -9.714 -32.844
20.088 -10.999 -34.891
