194.625 219.309 253.406
197.689 217.758 255.075
199.167 215.621 252.298
199.645 215.610 248.565
199.939 211.949 247.397
202.391 213.491 244.883
204.599 216.293 246.277
205.128 217.799 242.835
201.595 218.124 241.485
198.429 220.213 241.634
195.406 218.765 243.416
191.729 219.415 242.628
190.055 222.333 244.375
187.038 220.279 245.486
189.239 218.052 247.705
190.858 220.785 249.814
188.727 221.066 252.973
187.624 217.417 253.033
188.953 215.436 256.020
191.752 212.946 255.346
192.192 214.452 251.884
195.402 214.196 249.871
194.091 215.524 246.558
194.050 212.037 245.047
191.690 212.025 242.045
193.683 211.516 238.817
190.553 210.359 236.972
188.420 213.274 238.202
185.587 211.072 239.439
184.432 213.477 242.179
184.215 216.489 239.853
180.437 216.684 240.322
179.393 217.804 243.838
176.619 215.196 244.059
178.974 212.406 243.022
181.555 213.739 245.480
179.068 213.599 248.359
178.008 210.074 247.417
181.657 209.015 247.138
182.480 210.466 250.561
179.591 208.612 252.196
180.420 205.384 250.354
184.109 205.682 251.250
183.379 206.059 254.958
180.921 203.147 254.874
183.369 200.963 252.933
186.132 201.835 255.369
184.019 200.842 258.360
182.923 197.569 256.753
186.505 196.782 255.737
187.759 197.588 259.234
185.281 195.128 260.720
186.144 192.520 258.091
189.897 192.880 258.561
189.554 192.699 262.339
187.446 189.554 262.032
189.749 187.910 259.484
192.778 188.507 261.690
190.980 187.575 264.914
189.586 184.241 263.730
193.113 183.180 262.768
195.072 184.689 265.675
192.771 183.128 268.273
193.217 179.774 266.521
189.735 179.015 265.174
190.627 178.832 261.468
190.909 181.086 258.457
188.250 183.289 256.886
188.173 181.231 253.679
187.332 177.951 255.443
184.744 179.445 257.821
181.639 178.775 255.644
182.799 175.343 254.419
181.385 173.240 257.317
178.018 174.930 256.740
177.873 174.191 252.995
179.257 170.628 253.089
176.516 169.395 255.426
177.120 170.511 258.997
176.799 173.394 261.458
178.848 176.565 261.740
181.227 177.159 264.644
181.630 180.312 266.749
184.451 180.306 269.332
184.102 176.493 269.419
180.350 176.212 269.971
178.042 174.786 267.303
175.490 177.240 265.906
172.061 175.623 265.258
171.427 177.435 261.963
171.797 176.485 258.300
172.457 178.435 255.105
168.784 179.196 254.477
167.955 180.442 257.967
171.215 182.384 258.251
170.621 184.089 254.910
167.028 184.920 255.867
167.925 186.439 259.249
170.863 188.375 257.811
168.773 189.652 254.897
165.985 190.848 257.197
168.305 192.469 259.753
170.480 194.151 257.125
167.417 195.294 255.177
165.921 196.966 258.233
169.177 198.552 259.393
170.153 199.819 255.938
166.629 201.078 255.246
166.768 203.067 258.474
170.222 204.398 257.586
169.442 205.196 253.946
166.184 207.006 254.772
167.786 209.794 256.825
169.480 213.089 255.978
172.700 213.053 253.913
174.863 213.889 256.934
173.071 211.422 259.219
173.727 208.648 256.684
177.471 208.868 257.405
177.925 210.678 260.748
174.943 210.038 263.058
176.216 210.843 266.544
172.790 210.923 268.193
172.989 207.375 269.548
176.006 205.815 267.792
178.410 207.943 269.870
177.658 207.032 273.505
181.174 207.995 274.600
180.622 211.504 273.222
183.957 211.594 271.409
182.626 213.732 268.543
182.117 216.801 270.757
185.817 217.642 270.582
188.051 217.937 267.498
185.939 215.807 265.183
188.012 216.563 262.064
191.124 214.790 263.372
189.078 211.785 264.484
187.347 211.695 261.090
190.742 211.717 259.378
191.906 208.860 261.600
188.776 206.855 260.784
189.085 207.412 257.033
192.776 206.478 256.967
192.205 203.357 259.073
189.334 202.370 256.797
191.507 202.868 253.724
194.202 200.646 255.219
191.579 198.024 256.084
190.168 198.134 252.544
193.625 197.526 251.110
194.135 194.713 253.623
190.868 193.002 252.659
191.664 193.196 248.952
195.110 191.850 249.787
193.660 188.907 251.694
191.399 187.999 248.781
194.100 188.353 246.108
196.784 186.589 248.162
194.515 183.624 248.830
193.409 183.492 245.193
197.077 183.420 244.133
198.840 181.187 246.690
195.971 179.588 248.614
197.431 180.188 252.080
196.069 182.513 254.779
197.079 185.997 256.030
199.219 184.809 258.955
200.714 181.920 256.974
201.475 184.221 254.036
203.127 186.766 256.331
205.233 184.083 258.026
206.272 182.560 254.694
207.270 185.966 253.328
209.222 186.805 256.486
211.062 183.476 256.264
212.591 184.483 252.907
211.552 187.949 251.685
213.950 187.818 248.717
212.433 184.532 247.446
208.872 184.418 248.880
206.675 187.224 247.530
204.234 187.958 244.711
207.052 187.910 242.146
207.837 184.268 242.971
204.373 182.721 242.662
203.345 181.598 239.197
200.198 183.726 239.073
200.981 187.415 239.565
203.867 187.502 237.141
203.305 185.946 233.681
206.719 184.306 233.410
