-0.844 27.511 -110.729
2.172 25.612 -109.386
3.830 23.367 -111.951
5.797 20.269 -110.984
8.534 18.516 -112.958
9.979 15.088 -112.214
13.321 13.630 -113.232
14.011 11.274 -114.657
10.949 10.331 -116.711
11.830 6.629 -116.511
14.227 4.449 -114.526
15.444 0.917 -115.291
16.284 -0.732 -111.971
16.878 -4.154 -110.437
15.847 -5.710 -107.138
18.036 -4.284 -104.379
19.006 -1.056 -106.146
18.774 2.377 -104.541
16.342 4.503 -106.571
15.966 8.273 -106.194
13.256 10.340 -107.901
13.246 14.136 -107.733
10.407 16.657 -107.975
10.919 20.329 -108.839
8.302 22.987 -108.091
7.936 26.276 -109.950
7.703 28.100 -106.600
8.439 27.426 -102.950
5.943 25.065 -101.317
7.669 24.528 -97.945
6.934 20.990 -96.709
3.640 20.516 -98.557
4.412 17.736 -101.016
3.223 14.133 -101.231
4.312 11.059 -103.180
2.017 8.516 -104.829
2.625 5.056 -106.281
0.415 3.847 -109.118
0.265 0.483 -110.894
-1.665 -0.228 -114.122
-5.406 -0.514 -113.584
-5.225 0.624 -109.953
-5.861 3.840 -108.084
-2.877 5.893 -106.905
-1.604 4.895 -103.470
-0.310 7.492 -101.032
3.172 6.630 -99.762
4.559 9.855 -98.281
2.981 13.164 -97.280
4.551 16.291 -95.782
7.804 15.612 -97.676
9.001 12.910 -95.296
6.075 11.334 -93.414
5.648 7.696 -94.335
1.973 6.851 -94.699
0.841 4.012 -92.450
1.592 0.595 -93.909
4.296 1.813 -96.304
7.588 -0.081 -95.804
10.377 1.981 -94.266
12.605 1.446 -97.319
10.686 4.404 -98.782
11.971 7.806 -97.688
11.427 11.393 -98.735
13.261 14.688 -98.361
13.206 18.238 -99.652
12.189 21.816 -98.865
10.854 24.624 -101.041
11.384 23.762 -104.709
13.397 20.501 -104.699
12.193 17.195 -103.256
13.491 13.622 -103.337
11.870 10.183 -103.104
14.288 7.377 -102.208
13.812 3.598 -102.354
16.691 2.007 -100.447
16.313 -1.605 -101.657
13.875 -2.011 -104.537
11.471 -4.930 -104.088
9.470 -6.588 -106.899
6.248 -4.815 -105.858
7.929 -1.389 -106.242
8.001 -1.298 -110.073
5.337 1.328 -110.779
4.819 4.962 -111.777
5.436 7.502 -109.017
3.876 10.955 -108.819
4.621 13.999 -106.683
1.784 16.304 -105.642
1.978 19.763 -104.095
-0.555 21.025 -101.570
0.354 24.689 -101.052
-2.644 26.002 -102.991
-5.447 24.891 -105.250
-5.516 23.463 -107.818
-3.643 20.466 -106.422
-1.190 19.729 -109.231
0.565 16.420 -109.840
3.901 15.748 -111.436
4.307 14.113 -114.826
5.329 10.883 -113.115
8.401 8.658 -113.146
8.053 5.054 -114.294
10.233 2.519 -112.481
10.959 -0.174 -115.072
12.567 -3.608 -114.787
