-6.843 1.250 27.429
-6.709 1.850 23.659
-3.409 -0.045 23.251
-5.445 -3.281 23.288
-3.860 -6.050 21.167
-5.314 -6.474 17.687
-5.059 -9.387 15.252
-6.750 -9.725 11.869
-6.822 -12.808 9.662
-7.139 -13.496 5.938
-8.215 -17.162 5.944
-8.044 -17.492 2.186
-8.475 -20.631 0.130
-4.922 -20.357 -1.247
-3.022 -18.092 1.180
-3.464 -17.433 4.906
-2.378 -14.063 6.305
-2.206 -12.730 9.866
-1.627 -9.096 10.852
-0.671 -8.017 14.380
-0.934 -4.367 15.398
2.585 -3.070 15.961
4.295 -6.015 14.232
2.860 -6.098 10.701
2.060 -9.353 8.917
3.687 -12.039 11.077
2.214 -14.971 9.109
1.798 -15.281 5.333
1.888 -18.827 3.950
-0.256 -21.078 1.738
-3.214 -22.894 3.265
-2.049 -26.466 2.587
-1.585 -28.617 5.698
-0.068 -32.108 5.570
-1.443 -34.736 7.960
-0.330 -38.281 8.734
-3.269 -40.255 7.347
-2.557 -43.155 9.731
-2.466 -41.180 12.998
-4.341 -37.957 12.064
-1.294 -36.046 13.337
-0.129 -32.686 12.016
3.028 -33.067 9.916
3.517 -29.666 8.279
1.704 -26.501 7.254
2.356 -23.503 5.050
5.296 -23.810 2.683
6.509 -27.168 4.020
3.233 -28.818 3.008
2.776 -26.709 -0.139
6.071 -28.004 -1.562
4.790 -31.590 -1.186
1.392 -31.442 -2.929
1.404 -34.142 -5.579
4.594 -35.578 -4.036
3.214 -37.618 -1.126
2.372 -41.226 -0.365
-1.203 -42.239 0.406
-0.308 -42.080 4.110
-0.027 -38.262 3.903
-3.310 -36.347 3.681
-3.286 -32.856 2.169
-5.872 -30.646 3.864
-7.192 -27.133 3.275
-8.737 -25.710 6.476
-11.100 -23.270 4.740
-12.511 -23.434 1.208
-14.352 -20.277 0.095
-14.599 -18.986 3.665
-16.309 -22.120 5.025
-14.582 -24.420 7.516
-13.577 -27.303 5.257
-11.737 -29.238 7.992
-12.548 -28.586 11.646
-9.373 -30.241 12.950
-7.185 -28.321 10.493
-8.897 -24.958 11.027
-8.251 -25.000 14.773
-4.774 -26.467 14.249
-3.977 -23.506 11.987
-5.021 -20.583 14.180
-3.603 -22.367 17.230
-0.241 -22.106 15.471
-0.947 -18.419 14.839
-2.294 -17.731 18.336
0.683 -19.522 19.917
3.122 -17.101 18.276
0.915 -14.421 19.849
0.535 -16.329 23.130
4.304 -16.034 23.409
4.404 -12.263 22.950
-3.913 -11.341 26.530
-6.941 -9.323 25.404
-6.537 -9.288 21.631
-9.260 -8.219 19.214
-9.905 -10.853 16.542
-11.074 -9.276 13.273
-12.167 -11.917 10.763
-12.809 -11.169 7.090
-15.473 -13.398 5.562
-16.486 -13.717 1.894
-20.023 -12.773 0.912
-20.989 -16.411 0.335
-20.505 -17.511 3.946
-23.757 -18.007 5.840
-24.329 -16.622 9.324
-24.394 -20.199 10.632
-20.923 -20.848 9.192
-19.657 -17.488 10.470
-20.715 -18.369 14.014
-18.606 -21.505 13.557
-15.610 -19.358 12.592
-16.062 -17.291 15.760
-16.472 -20.273 18.091
-13.416 -22.067 16.683
-11.459 -18.873 17.314
-12.998 -18.615 20.791
-12.455 -22.322 21.498
-8.713 -21.815 20.952
-8.577 -18.714 23.157
-10.280 -15.684 21.591
-12.212 -13.195 23.733
-13.810 -10.812 21.194
-14.210 -11.929 17.570
-15.380 -9.444 14.925
-16.416 -10.375 11.377
-16.242 -7.961 8.439
-16.893 -8.298 4.723
-13.828 -9.128 2.639
-14.991 -6.852 -0.189
-14.807 -3.674 1.894
-11.540 -4.924 3.397
-10.176 -5.562 -0.100
-11.415 -2.101 -1.104
-9.592 -0.545 1.856
-6.385 -2.396 0.966
-6.655 -1.249 -2.661
-6.736 2.459 -1.759
