-17.311 12.322 -17.796
-14.707 14.313 -15.804
-11.279 15.402 -17.035
-8.231 16.823 -15.314
-5.357 18.328 -17.245
-2.109 20.082 -16.380
0.290 22.591 -17.944
3.108 24.809 -16.745
2.958 28.596 -16.472
5.825 31.070 -16.833
6.066 33.069 -13.578
6.768 36.344 -15.417
3.412 35.915 -17.236
1.213 34.892 -14.276
-0.344 38.350 -13.866
-1.056 38.614 -17.593
-2.646 35.153 -17.584
-4.875 36.064 -14.633
-5.879 39.330 -16.340
-6.801 37.491 -19.544
-8.930 34.997 -17.617
-10.807 37.695 -15.745
-12.684 38.280 -19.039
-12.411 35.287 -21.376
-13.657 36.188 -24.862
-17.361 35.298 -25.353
-16.595 33.532 -28.652
-14.134 31.269 -26.825
-16.644 30.399 -24.088
-19.477 29.773 -26.556
-17.292 27.441 -28.620
-16.470 25.565 -25.393
-20.153 25.253 -24.462
-20.959 24.064 -27.987
-18.376 21.280 -27.551
-20.299 20.126 -24.425
-17.699 21.330 -21.891
-19.297 22.399 -18.595
-18.232 23.259 -15.029
-14.720 24.188 -16.206
-12.220 25.640 -13.708
-8.519 26.429 -13.893
-6.364 26.523 -10.743
-2.876 27.966 -10.274
-0.161 26.665 -7.951
2.694 28.928 -6.952
5.556 28.395 -6.537
5.514 25.191 -8.595
4.018 27.214 -11.497
1.427 24.649 -12.533
-2.073 25.138 -13.929
-4.721 22.476 -13.227
-7.815 22.371 -15.443
-10.968 20.508 -14.474
-14.101 20.123 -16.595
-17.097 17.863 -17.114
-17.617 16.774 -20.727
-21.239 15.946 -21.656
-20.471 14.998 -25.267
-20.242 11.683 -27.088
-17.036 12.064 -29.127
-14.388 13.923 -27.125
-11.638 13.695 -29.749
-13.883 15.289 -32.382
-15.241 18.145 -30.258
-11.652 19.007 -29.302
-10.588 19.239 -32.938
-13.634 21.457 -33.521
-12.282 23.952 -30.974
-8.745 23.566 -32.340
-9.753 25.100 -35.682
-12.123 27.839 -34.516
-10.223 30.921 -35.768
-11.321 33.053 -32.806
-10.081 30.429 -30.346
-6.788 30.241 -32.223
-6.391 34.014 -31.874
-7.162 33.695 -28.139
-4.456 31.022 -27.883
-1.942 33.509 -29.323
-2.432 35.408 -26.029
-2.614 32.475 -23.555
0.015 30.263 -25.197
3.007 32.542 -24.578
2.065 32.519 -20.867
2.134 28.710 -20.692
4.901 26.110 -20.527
3.680 22.763 -21.929
5.011 19.786 -20.016
8.188 18.352 -21.501
6.632 14.928 -20.796
3.430 15.374 -22.840
2.366 13.234 -25.785
2.798 14.457 -29.370
-0.225 16.587 -30.160
-0.862 17.656 -26.569
-0.741 21.194 -25.280
-2.383 20.549 -21.935
-1.385 17.133 -20.583
-4.178 14.789 -19.556
-4.352 13.247 -16.100
-5.799 9.929 -14.930
-8.770 9.947 -12.559
-8.025 7.679 -9.581
-10.935 8.637 -7.289
-14.404 10.146 -7.345
-17.229 10.537 -4.837
-20.395 12.537 -5.437
