156.650 310.025 270.846
156.691 313.808 270.410
153.033 314.671 271.023
153.083 313.120 274.521
155.020 314.542 277.454
155.053 314.219 281.250
156.733 317.070 283.136
157.636 316.243 286.746
158.782 318.948 289.179
158.648 318.115 292.881
155.461 316.233 293.779
153.443 317.370 290.748
153.094 315.966 287.219
151.507 317.229 284.002
150.470 314.655 281.405
149.503 315.602 277.870
147.945 314.079 274.756
147.935 316.960 272.234
151.241 318.802 272.583
153.774 320.607 270.436
157.472 320.780 271.280
158.523 322.459 274.517
159.936 325.980 274.196
163.227 326.930 275.868
163.424 330.715 276.086
166.522 332.198 274.408
168.180 328.769 274.377
169.353 329.160 277.987
168.431 326.841 280.838
167.562 328.319 284.256
170.451 327.597 286.614
171.864 328.852 289.908
173.797 332.092 290.238
177.565 331.597 289.797
180.125 333.124 292.126
181.519 335.341 289.356
178.240 337.171 288.669
176.949 337.191 292.258
177.392 340.205 294.531
175.840 339.368 297.917
177.967 337.922 300.712
175.351 336.002 302.710
174.609 332.412 301.728
171.284 331.957 299.893
168.786 329.237 300.745
167.576 326.590 298.286
164.560 324.476 299.327
164.436 322.738 295.926
161.421 320.620 296.903
159.050 323.024 298.652
159.021 325.965 296.228
159.956 324.106 293.003
156.609 322.588 292.030
153.613 323.224 289.786
151.231 325.817 291.236
147.848 325.980 289.498
146.042 329.316 289.282
142.337 329.880 288.639
140.538 329.244 285.351
139.054 331.958 283.137
136.082 331.252 280.821
137.134 332.001 277.192
134.023 333.812 275.767
133.465 335.051 272.186
133.958 338.778 272.901
137.126 338.156 274.912
140.125 340.470 274.567
142.808 338.718 276.606
144.419 338.373 280.005
147.936 338.955 281.429
149.982 338.330 284.678
153.130 339.598 286.595
154.805 336.296 287.454
157.063 337.171 290.423
153.919 338.781 291.874
151.327 336.051 291.282
153.075 333.489 293.558
153.785 336.243 296.090
151.122 334.894 298.516
150.419 331.249 297.584
152.202 328.598 299.605
155.742 328.007 300.767
157.090 329.977 297.798
155.114 333.083 298.719
155.943 332.756 302.408
159.647 332.285 301.632
159.562 335.298 299.290
157.909 337.591 301.846
160.635 336.951 304.446
163.547 337.537 302.043
164.882 340.640 300.290
166.666 339.022 297.327
165.250 336.586 294.781
166.388 334.813 291.611
164.640 331.963 289.802
163.446 330.696 286.456
159.946 329.544 285.602
158.255 326.673 283.783
154.837 327.392 282.286
151.915 325.343 281.004
148.617 326.746 279.702
145.699 324.325 279.375
142.862 324.977 276.924
140.981 321.977 275.526
138.013 321.834 273.168
136.310 319.410 270.806
137.099 318.737 267.147
134.176 321.002 266.193
135.504 324.194 267.828
137.879 326.617 266.123
140.184 329.308 267.438
143.765 330.185 268.226
145.583 331.686 271.208
148.909 333.509 271.413
150.659 332.862 274.733
154.035 334.543 275.180
156.260 336.158 277.797
157.477 339.758 277.776
160.434 340.744 279.991
159.686 344.046 281.747
156.076 344.186 280.522
155.245 347.773 281.478
151.565 348.733 281.561
150.856 352.080 279.894
148.166 354.543 280.884
145.363 355.234 278.424
144.547 358.855 277.667
145.321 361.920 275.595
146.345 364.269 278.412
149.870 365.658 278.706
149.505 367.656 281.920
151.518 365.977 284.704
148.714 366.023 287.288
145.982 364.525 285.067
148.056 362.160 282.921
146.429 358.731 283.389
148.490 356.082 285.175
147.471 352.476 285.885
146.531 351.523 289.417
148.268 348.940 291.558
145.671 346.278 290.725
146.344 346.950 287.026
150.146 346.879 287.223
150.254 343.926 289.645
146.997 341.951 289.223
147.897 339.305 291.797
146.808 335.684 291.610
143.580 336.682 289.824
144.746 338.445 286.660
143.854 341.472 284.579
142.119 341.943 281.236
143.160 343.954 278.196
141.406 347.112 277.041
143.239 347.504 273.708
144.887 344.115 273.068
145.911 345.213 269.562
148.591 347.422 271.153
149.317 345.042 274.085
148.171 347.843 276.441
151.653 349.323 276.016
151.742 351.099 272.634
153.579 348.196 270.952
151.676 346.252 268.267
150.604 342.676 268.916
151.781 341.677 265.432
155.440 342.388 266.232
155.195 340.491 269.549
156.409 337.284 267.863
160.081 338.129 268.699
159.353 337.060 272.302
159.432 333.424 273.451
155.957 332.432 272.284
153.769 329.404 271.510
150.411 328.998 269.760
147.373 327.101 270.988
145.483 326.074 267.850
142.391 324.096 268.825
142.786 321.798 265.805
146.457 321.017 266.550
147.104 321.061 270.311
145.461 321.957 273.611
148.472 323.150 275.642
151.550 325.350 275.369
154.791 325.017 277.323
157.514 327.637 277.790
160.628 327.311 279.963
162.094 330.768 280.695
165.306 331.397 282.657
166.090 334.328 284.950
166.331 337.446 282.766
167.458 340.626 284.526
170.253 343.190 284.501
170.939 342.530 288.209
171.888 339.194 289.842
169.265 339.259 292.618
166.162 341.398 293.014
163.107 341.886 295.208
160.151 339.724 294.169
157.668 342.227 295.657
158.269 345.592 293.953
159.707 344.300 290.659
158.197 341.784 288.240
160.746 340.371 285.809
158.339 339.314 283.051
154.673 338.523 282.544
152.525 336.034 280.672
149.899 337.262 278.215
147.191 335.213 276.491
145.348 336.866 273.597
142.842 335.091 271.310
143.866 336.091 267.789
141.218 333.972 266.071
137.850 334.277 267.849
136.144 331.282 269.410
133.445 329.917 267.091
131.124 326.924 267.362
127.723 325.721 266.201
124.629 325.829 268.402
124.621 322.556 270.327
128.194 322.175 271.552
129.656 323.159 274.914
129.955 326.865 275.700
132.267 327.001 278.751
135.903 327.035 277.606
138.214 327.657 280.581
141.807 328.893 280.457
144.023 327.189 283.049
147.666 328.044 283.774
150.276 326.148 285.802
153.659 327.567 286.845
156.754 325.873 288.283
159.361 328.182 289.895
162.490 326.326 288.777
165.851 326.870 290.514
164.726 329.293 293.207
167.109 331.216 295.473
166.402 333.568 298.375
168.601 335.922 300.375
168.403 338.615 303.009
166.217 337.057 305.693
164.186 339.612 307.655
160.621 340.338 308.767
157.787 339.274 306.482
156.254 342.101 304.450
153.068 341.819 302.412
153.472 344.480 299.716
