47.381 -9.191 133.409
47.065 -8.763 129.648
45.373 -6.087 127.532
44.944 -5.774 123.763
43.286 -2.851 121.995
41.627 -3.364 118.624
39.611 -1.445 116.070
39.858 0.829 113.039
43.074 2.796 112.572
41.251 5.472 110.548
38.153 7.572 111.272
36.767 10.217 108.973
36.461 13.711 110.476
33.162 14.336 112.328
32.557 10.551 112.578
32.698 8.299 115.667
35.787 6.463 116.960
35.085 2.933 118.250
37.695 0.754 119.975
37.722 -2.539 121.877
40.149 -3.780 124.527
40.224 -7.517 125.216
41.198 -8.386 128.788
42.873 -11.542 130.070
45.017 -12.768 132.942
45.200 -10.834 136.200
43.489 -7.818 134.615
40.164 -9.680 134.350
39.732 -9.196 138.107
41.147 -5.676 138.295
38.390 -3.359 139.422
38.888 -0.418 137.048
39.287 -0.666 133.258
40.677 2.608 131.901
41.068 4.368 128.564
43.958 6.802 128.019
45.237 8.526 124.884
48.409 10.284 123.718
47.997 12.992 121.078
51.163 13.726 119.042
53.075 16.466 120.840
50.730 16.630 123.847
51.027 14.809 127.152
48.894 11.827 128.079
45.192 12.531 128.623
43.016 10.418 130.917
39.739 9.495 129.207
37.863 7.505 131.840
36.968 4.048 133.089
34.313 1.417 133.546
34.486 -0.408 136.873
33.556 -3.841 138.208
30.188 -2.449 139.361
29.362 -1.253 135.844
29.848 2.375 136.885
31.725 4.673 134.522
33.721 7.884 134.482
34.710 10.178 131.641
36.872 13.281 131.711
34.857 16.493 131.644
37.154 17.525 128.799
35.502 14.771 126.704
32.425 13.565 128.661
29.930 15.005 126.160
31.468 12.790 123.441
32.520 9.673 125.402
30.621 6.412 125.851
32.323 3.572 127.744
30.673 0.151 128.021
31.576 -3.486 128.603
30.669 -7.093 127.808
31.946 -9.269 130.651
30.922 -12.424 128.773
33.664 -11.560 126.253
36.174 -9.996 128.689
35.893 -6.845 126.572
35.182 -3.192 127.196
34.577 -0.485 124.643
35.226 3.185 123.941
33.156 5.375 121.624
34.264 8.943 120.862
31.794 10.865 118.716
32.171 13.955 116.508
35.922 13.432 116.178
38.271 16.066 114.753
42.020 16.173 114.089
42.624 16.879 117.792
41.480 13.288 118.445
44.315 11.661 116.490
46.218 9.789 119.190
47.591 6.487 120.392
44.757 4.980 122.441
45.777 2.831 125.410
43.674 0.459 127.433
44.836 0.026 130.998
43.769 -1.274 134.391
43.983 -0.020 137.963
43.322 -1.971 141.151
41.116 0.538 142.998
39.248 3.809 142.708
42.170 5.931 143.934
45.152 3.999 142.577
47.693 4.494 139.783
47.215 3.090 136.284
49.372 0.051 136.898
49.189 -2.065 133.712
49.189 -0.617 130.194
48.227 -2.107 126.861
50.491 -1.617 123.866
48.236 1.115 122.513
46.784 1.570 119.052
47.109 4.603 116.793
43.885 6.091 115.415
44.242 8.713 112.676
41.336 11.067 111.963
41.392 12.044 108.289
39.333 12.157 105.102
42.000 10.352 103.060
41.571 6.688 102.163
43.570 3.674 103.295
46.400 2.661 100.960
48.688 -0.338 101.319
52.433 0.141 100.901
54.945 -0.943 98.301
58.104 -2.608 99.625
61.428 -2.139 97.844
64.843 -3.632 98.652
67.757 -1.570 99.936
70.972 -3.163 98.706
74.412 -1.886 97.636
75.101 -1.095 93.986
84.455 -3.974 103.740
83.828 -6.557 106.476
80.360 -5.186 107.326
77.415 -4.576 105.007
74.021 -2.901 105.294
70.716 -4.136 103.879
67.165 -2.912 104.258
63.641 -2.546 102.929
61.891 0.655 101.829
58.203 0.717 102.818
56.687 3.475 100.696
53.342 5.144 99.954
51.073 3.849 102.717
48.363 5.507 104.818
47.603 5.696 107.626
50.302 4.902 110.150
51.640 2.563 111.471
53.888 0.054 109.729
55.831 -2.620 111.599
59.007 -4.287 110.334
60.711 -7.372 111.720
63.715 -9.210 110.295
63.951 -12.983 109.775
60.549 -13.538 111.420
61.798 -11.772 114.554
64.900 -13.940 114.988
67.184 -11.090 113.849
67.061 -8.023 116.104
70.746 -7.172 116.578
71.904 -4.310 114.371
68.363 -3.499 113.198
67.250 0.130 112.898
63.648 0.901 111.925
63.322 4.643 111.479
60.395 6.979 112.158
58.114 7.287 109.159
58.081 10.499 107.128
55.077 12.155 105.495
55.563 12.892 101.795
53.964 15.746 99.870
51.592 13.152 98.363
49.955 12.638 101.759
51.430 9.128 102.044
54.061 7.825 104.446
57.426 6.219 103.722
59.641 4.324 106.161
62.965 2.505 105.959
64.288 -0.314 108.136
67.900 -1.480 107.845
70.253 -4.069 109.329
74.040 -4.416 109.366
75.405 -7.915 108.766
78.780 -9.578 108.072
79.853 -9.311 104.446
81.070 -12.934 104.421
77.496 -14.079 105.208
75.680 -12.528 102.236
75.975 -15.419 99.782
74.952 -18.061 102.344
72.587 -16.524 104.938
69.076 -15.176 104.379
67.994 -11.662 105.361
64.247 -11.140 105.018
62.152 -8.145 106.007
58.662 -8.826 107.375
56.425 -5.831 106.675
52.939 -5.579 108.157
50.534 -2.705 107.461
47.486 -3.678 109.513
45.242 -0.745 108.397
45.265 -2.208 104.864
45.825 -5.869 105.873
49.046 -5.811 103.829
51.628 -8.435 104.838
54.857 -8.802 102.855
57.954 -10.938 103.402
60.855 -9.745 101.238
64.334 -11.268 101.127
66.970 -8.695 100.202
70.083 -9.226 98.080
72.319 -6.866 96.114
