68.493 265.188 225.143
64.799 265.122 226.138
65.471 263.321 229.477
68.216 265.924 230.345
65.813 268.829 229.507
63.043 267.308 231.653
65.430 266.655 234.588
66.702 270.353 234.542
63.071 271.562 234.755
62.045 269.063 237.487
65.134 270.192 239.475
64.229 273.878 238.875
60.701 273.537 240.303
61.746 271.113 243.101
64.092 273.687 244.776
62.583 273.702 248.294
62.870 277.535 248.805
61.825 278.441 245.206
60.339 281.966 245.449
57.239 283.356 243.663
59.379 285.242 241.070
61.196 281.962 240.184
57.922 280.007 239.887
56.528 282.609 237.423
59.860 282.969 235.510
59.971 279.143 235.154
56.432 278.709 233.862
56.576 281.808 231.602
59.908 280.576 230.101
58.765 276.909 229.722
55.640 277.805 227.697
57.889 279.505 225.087
59.215 276.082 223.950
57.771 273.842 221.197
56.468 271.205 223.660
53.743 270.479 226.172
55.666 269.907 229.445
55.915 266.277 230.680
53.675 265.408 233.653
56.833 265.097 235.830
57.690 268.793 235.172
54.093 269.872 235.874
54.021 267.761 239.101
57.181 269.647 240.305
55.676 273.052 239.426
52.360 272.216 241.185
54.339 271.154 244.326
56.204 274.499 244.128
52.767 276.214 244.111
51.911 274.284 247.271
55.183 275.381 249.014
54.316 278.972 247.918
50.680 278.661 249.262
49.447 279.604 245.749
46.378 277.523 244.779
45.408 279.819 241.863
48.759 279.461 240.069
48.410 275.622 240.252
45.066 275.902 238.376
46.630 278.359 235.833
49.481 275.863 235.175
46.863 273.204 234.285
45.212 275.706 231.898
48.502 276.499 230.136
49.187 272.692 229.625
45.877 272.509 227.769
46.677 275.711 225.827
50.173 274.523 224.728
48.584 271.318 223.193
46.737 273.465 220.637
44.463 271.300 218.498
45.901 268.025 219.965
42.873 267.391 222.247
44.382 264.022 223.456
47.287 265.663 225.363
45.552 267.530 228.231
43.325 264.605 229.375
46.449 262.377 229.332
48.431 264.894 231.446
45.511 265.233 233.941
45.275 261.398 234.131
49.030 261.211 234.974
48.679 264.041 237.563
45.510 262.640 239.352
47.511 261.226 242.311
49.223 264.641 242.868
45.951 266.569 242.306
44.234 264.324 244.911
47.185 264.559 247.402
47.382 268.418 247.154
43.618 269.107 246.756
44.123 270.802 243.378
40.840 271.146 241.458
41.139 271.169 237.645
39.899 274.170 235.672
37.023 271.976 234.491
36.060 271.064 238.113
36.042 274.870 238.855
33.943 275.803 235.755
36.917 277.882 234.434
36.762 276.127 231.027
33.406 278.033 230.280
