50.889 -35.389 -9.199
47.910 -35.871 -11.515
45.533 -33.939 -9.266
47.955 -31.022 -9.050
48.376 -31.160 -12.827
44.598 -31.052 -13.249
44.234 -28.038 -10.951
47.056 -26.217 -12.751
45.054 -26.601 -15.969
41.864 -25.341 -14.297
43.616 -22.133 -13.240
45.066 -21.686 -16.735
41.676 -22.182 -18.386
39.786 -19.927 -15.974
42.337 -17.112 -16.321
42.151 -17.299 -20.127
38.347 -17.415 -20.248
36.091 -14.383 -20.653
32.924 -16.390 -19.890
31.896 -18.894 -17.201
33.153 -22.449 -17.700
30.667 -25.095 -16.578
31.708 -27.875 -14.238
30.649 -30.313 -16.954
32.996 -28.684 -19.481
35.933 -28.703 -17.053
35.162 -32.325 -16.159
35.173 -33.368 -19.824
38.470 -31.574 -20.489
40.113 -33.524 -17.652
38.286 -36.900 -17.703
36.806 -36.510 -14.216
33.335 -36.054 -12.762
31.694 -32.734 -11.956
32.053 -33.763 -8.297
35.836 -33.931 -8.694
35.737 -30.433 -10.210
33.828 -29.194 -7.147
36.578 -30.607 -4.920
39.354 -29.180 -7.122
37.828 -25.702 -7.030
37.292 -25.992 -3.267
41.002 -26.770 -2.816
41.926 -23.842 -5.070
39.715 -21.483 -3.060
41.497 -22.581 0.123
44.723 -21.545 -1.653
43.169 -18.048 -1.966
42.303 -18.240 -5.671
39.263 -15.933 -6.176
37.288 -18.546 -8.110
33.509 -18.189 -7.990
30.942 -20.825 -8.887
28.043 -19.111 -10.651
24.800 -20.414 -12.099
26.506 -20.525 -15.526
29.846 -22.003 -14.426
33.103 -21.064 -12.773
34.783 -17.687 -13.164
38.110 -16.285 -12.005
37.456 -12.848 -10.529
39.301 -9.941 -12.165
38.727 -6.274 -12.953
37.167 -4.554 -15.966
