9.370 -1.293 -33.075
10.023 0.279 -29.683
7.544 2.945 -28.606
8.336 6.468 -29.761
6.300 7.694 -26.747
7.190 5.534 -23.717
4.492 5.475 -21.053
4.755 6.478 -17.426
5.367 9.059 -14.701
9.152 8.634 -14.778
9.235 9.487 -18.481
6.745 12.326 -17.935
8.916 13.996 -15.282
12.053 13.833 -17.431
10.184 15.365 -20.377
8.878 18.150 -18.129
12.459 19.305 -17.553
13.300 19.144 -21.276
10.120 21.096 -22.054
11.027 23.834 -19.564
14.628 24.115 -20.776
13.486 24.634 -24.376
11.407 27.641 -23.334
14.295 28.900 -21.188
16.737 28.589 -24.114
14.593 31.048 -26.103
13.226 33.104 -23.156
9.838 32.673 -24.834
6.897 30.819 -23.345
4.681 31.012 -26.419
4.247 28.027 -28.671
6.873 28.068 -31.462
6.496 28.376 -35.208
6.155 25.000 -36.900
8.910 23.835 -39.260
9.636 20.395 -40.706
11.440 19.256 -37.552
8.338 20.136 -35.505
6.502 17.298 -37.275
8.767 14.780 -35.517
8.040 13.456 -32.041
9.897 15.634 -29.535
11.577 14.741 -26.209
9.804 17.860 -24.895
6.336 16.533 -25.765
3.976 16.345 -22.793
0.512 15.871 -24.312
0.114 12.064 -23.867
1.431 12.313 -20.297
-1.103 15.013 -19.393
-3.867 12.875 -20.902
-3.049 9.778 -18.819
-2.159 11.707 -15.662
1.510 10.681 -15.768
2.229 14.411 -15.387
0.224 16.587 -13.006
-1.275 19.607 -14.768
-0.832 21.531 -11.513
2.861 20.653 -11.252
3.242 21.784 -14.878
1.481 25.045 -13.948
3.766 25.834 -10.986
6.933 24.828 -12.857
5.937 27.180 -15.681
5.166 29.928 -13.145
8.489 29.676 -11.314
10.439 29.560 -14.594
8.621 32.612 -15.948
9.338 34.565 -12.755
13.040 33.695 -12.964
13.419 34.407 -16.706
11.114 37.430 -17.011
11.754 38.850 -13.499
8.020 39.352 -13.014
5.738 37.964 -10.316
2.632 38.430 -12.509
2.603 36.126 -15.570
0.259 36.455 -18.551
-2.358 33.752 -19.004
-0.640 32.931 -22.310
2.036 31.225 -20.196
-0.538 28.490 -19.456
-1.869 28.219 -23.020
-1.445 24.465 -23.416
-3.128 23.846 -20.048
-5.970 26.336 -20.543
-6.953 25.030 -24.003
-7.089 21.597 -22.372
-9.157 22.983 -19.461
-11.432 24.827 -21.920
-12.577 21.646 -23.694
-12.954 19.785 -20.388
-15.228 22.583 -19.162
-17.325 22.489 -22.353
-17.722 18.691 -22.147
-18.486 18.030 -18.486
-22.263 18.708 -18.497
-22.909 17.594 -22.110
-23.531 13.825 -22.409
-23.782 14.135 -26.226
-20.638 16.278 -26.559
-19.178 13.570 -28.851
-22.210 13.485 -31.192
-23.804 15.744 -33.799
-27.514 14.953 -33.441
-28.885 15.873 -30.034
-25.797 17.928 -29.174
-26.988 21.422 -28.170
-23.756 23.181 -29.195
-23.178 21.482 -32.562
-24.247 22.746 -35.981
-26.313 20.117 -37.819
-24.253 19.812 -40.999
-25.433 17.253 -43.639
-22.230 15.221 -43.885
-21.862 12.462 -46.480
-21.610 8.777 -45.577
-18.793 7.062 -47.491
-17.163 4.097 -45.723
-14.674 3.410 -48.519
-13.405 6.993 -48.724
-13.260 7.096 -44.910
-11.152 3.928 -44.856
-8.680 5.294 -47.424
-8.241 8.296 -45.120
-7.953 6.218 -41.933
-5.513 3.761 -43.542
-3.280 6.396 -45.151
-3.958 5.333 -48.742
-5.511 8.557 -50.067
-2.846 8.852 -52.781
-1.785 12.267 -51.417
1.668 11.675 -49.850
1.357 14.542 -47.336
-1.944 13.126 -46.036
-0.805 9.484 -46.098
2.478 10.349 -44.351
0.624 12.080 -41.501
-1.886 9.237 -41.130
1.003 6.748 -41.185
2.950 8.636 -38.515
-0.255 8.701 -36.466
-0.812 4.953 -36.836
2.843 4.054 -36.224
3.638 6.368 -33.302
0.428 7.771 -31.781
1.168 11.494 -32.076
1.164 14.069 -34.872
1.662 17.826 -34.853
-1.264 20.223 -34.312
-1.100 21.645 -37.855
-0.745 18.115 -39.213
-4.011 17.367 -37.383
-5.646 20.386 -39.026
-4.404 19.149 -42.398
-5.823 15.620 -42.250
-9.020 16.703 -40.479
-9.705 19.376 -43.108
-9.202 16.736 -45.818
-11.732 14.361 -44.227
-14.382 16.935 -43.313
-14.843 20.482 -44.614
-12.133 20.248 -47.285
-12.169 17.154 -49.500
-14.348 14.202 -48.451
-17.272 15.901 -46.618
-17.323 13.065 -44.058
-18.561 13.780 -40.525
-16.142 14.918 -37.840
-17.636 12.106 -35.745
-15.817 9.609 -37.988
-12.440 11.338 -37.857
-12.873 11.606 -34.087
-13.344 7.821 -33.850
-10.129 7.126 -35.799
-8.152 9.614 -33.696
-9.636 7.960 -30.594
-8.128 4.664 -31.744
-4.690 6.007 -32.672
-3.954 9.275 -30.843
-2.269 8.922 -27.451
-3.324 12.378 -26.233
-6.951 12.048 -27.355
-9.544 11.818 -24.613
-13.330 12.057 -24.820
-13.468 15.811 -24.139
-10.408 17.014 -26.084
-11.032 14.743 -29.077
-14.697 15.685 -29.488
-14.064 19.379 -28.861
-11.243 19.672 -31.378
-13.093 17.782 -34.111
-16.127 20.042 -33.707
-13.846 23.112 -33.678
-12.041 22.408 -36.946
-15.127 21.158 -38.832
-16.925 24.503 -38.242
-19.410 22.594 -36.114
-19.171 24.549 -32.833
-17.274 27.223 -30.871
-18.223 29.913 -33.404
-15.636 28.626 -35.900
-16.243 29.591 -39.529
-13.816 30.395 -42.349
-10.800 28.181 -41.821
-8.138 28.114 -44.496
-8.826 25.215 -46.854
-5.644 23.159 -46.613
-4.091 21.966 -49.863
-3.069 18.276 -49.605
-0.134 19.028 -51.932
0.910 22.611 -51.254
0.874 22.529 -47.451
3.394 19.689 -47.275
5.537 21.208 -50.024
5.635 24.521 -48.150
6.387 22.800 -44.822
9.026 20.346 -46.114
10.134 21.206 -49.665
12.660 18.360 -49.975
10.116 15.803 -48.747
12.167 14.211 -45.963
8.983 13.766 -43.918
7.389 11.870 -46.831
10.421 9.627 -47.311
10.539 8.823 -43.584
6.977 7.458 -43.371
6.264 6.386 -47.000
9.220 4.169 -48.035
7.729 3.297 -51.446
8.120 6.954 -52.534
11.769 7.378 -51.525
12.901 7.179 -55.148
10.894 10.230 -56.188
12.653 13.606 -56.524
11.366 16.617 -54.608
9.722 18.021 -57.754
7.205 15.140 -57.650
7.299 13.822 -54.058
4.072 15.605 -53.039
2.243 14.951 -56.338
3.737 11.711 -57.701
0.930 11.233 -60.248
2.539 14.134 -62.141
5.883 12.373 -62.449
6.722 11.193 -65.986
6.549 7.444 -66.567
10.344 7.161 -66.722
10.622 8.814 -63.298
8.114 6.380 -61.774
9.891 3.365 -63.286
13.304 4.441 -61.976
11.659 5.069 -58.601
10.263 1.491 -58.812
6.900 3.009 -57.861
4.117 3.011 -60.456
1.195 5.230 -59.428
-1.895 3.041 -59.198
0.198 -0.085 -58.489
2.845 0.504 -55.815
1.197 3.674 -54.455
-2.435 4.763 -54.854
-3.781 7.309 -57.281
-5.117 10.452 -55.551
-8.587 9.556 -54.339
-10.130 12.935 -55.269
-9.473 15.891 -57.529
-8.663 18.332 -54.737
-9.351 21.416 -56.867
-12.888 20.343 -57.769
-13.713 18.719 -54.422
-12.556 21.681 -52.334
-14.385 24.130 -54.609
-17.665 22.286 -54.077
-17.136 21.853 -50.324
-16.078 25.469 -49.779
-19.375 26.379 -51.473
-21.393 23.929 -49.353
-19.950 25.360 -46.128
-20.541 28.918 -47.370
-24.195 28.069 -48.014
-24.585 26.532 -44.540
-23.273 29.629 -42.779
-25.354 31.866 -45.059
-28.365 30.155 -43.440
-26.720 29.107 -40.158
-29.915 29.234 -38.075
-31.458 26.693 -40.466
-28.914 24.177 -39.107
-29.323 24.739 -35.339
