23.433 27.118 -0.240
23.004 30.164 1.988
21.638 31.135 5.375
24.310 29.873 7.712
25.789 31.893 10.492
27.201 32.059 13.971
24.546 31.584 16.645
24.296 30.882 20.355
23.006 27.563 21.789
19.212 27.563 21.462
19.459 29.803 18.371
17.969 29.257 14.947
18.795 29.582 11.288
16.963 29.119 8.036
19.120 27.530 5.361
18.252 27.826 1.673
19.566 26.169 -1.459
18.949 27.687 -4.860
18.898 25.176 -7.682
19.188 25.541 -11.435
19.922 23.507 -14.546
17.587 20.551 -13.852
13.881 19.946 -13.178
13.825 20.777 -9.474
10.190 19.766 -9.128
11.113 16.130 -10.022
14.264 15.868 -7.845
14.741 14.157 -4.499
16.685 16.623 -2.309
18.975 15.961 0.660
20.805 18.003 3.276
24.144 16.635 4.601
26.570 18.122 7.111
30.333 17.866 7.489
32.519 19.215 10.325
36.357 19.125 10.270
37.688 15.850 11.689
34.242 14.180 11.747
32.341 11.787 9.547
29.885 13.046 6.914
26.366 13.076 8.477
23.063 12.852 6.624
20.566 15.389 7.976
17.293 15.127 6.033
15.753 14.106 2.733
12.616 15.390 0.995
10.805 13.828 -1.926
10.087 15.801 -5.037
6.503 16.840 -4.184
7.493 17.697 -0.602
5.124 15.255 1.124
7.644 12.601 2.177
10.347 13.768 4.586
12.912 11.877 6.569
15.338 12.987 9.282
18.391 11.830 11.140
17.683 10.955 14.737
20.256 13.637 15.795
17.989 16.421 14.398
14.441 15.001 14.769
12.033 17.515 16.314
14.510 20.421 15.878
15.058 20.731 12.112
12.435 20.839 9.371
13.112 20.297 5.653
10.841 21.916 3.054
10.871 23.082 -0.531
9.266 25.555 -2.883
9.144 23.918 -6.279
7.907 27.077 -8.020
10.995 28.970 -6.749
13.525 26.141 -7.277
14.475 26.425 -3.572
15.166 23.892 -0.817
15.040 24.946 2.860
16.176 23.740 6.273
14.654 25.389 9.317
17.006 24.795 12.227
15.767 25.392 15.801
17.186 24.599 19.223
20.721 24.653 17.839
23.510 22.968 19.827
27.365 23.234 19.607
27.444 19.717 18.082
25.384 21.006 15.107
28.401 23.056 13.988
29.294 21.971 10.413
29.177 22.907 6.779
25.641 22.127 5.568
25.223 21.233 1.932
22.522 20.120 -0.460
22.928 17.109 -2.701
20.972 15.523 -5.532
21.859 12.857 -8.105
25.516 12.734 -7.072
26.042 16.520 -7.240
26.439 18.853 -4.309
26.624 22.518 -3.532
29.603 24.170 -1.852
27.702 24.486 1.410
26.982 27.055 4.085
28.750 27.214 7.454
26.761 26.832 10.660
28.610 27.622 13.896
26.935 27.284 17.302
28.934 28.741 20.216
28.837 30.925 23.371
