50.488 82.325 80.494
47.548 82.165 78.066
47.205 85.671 76.633
46.263 87.533 73.467
49.383 87.643 71.271
49.193 89.406 67.915
51.579 90.946 65.400
50.872 94.395 63.974
50.718 94.930 60.205
52.383 91.691 59.010
51.221 91.786 55.377
50.653 95.086 53.588
47.275 95.400 51.899
48.020 95.897 48.207
46.640 94.940 44.810
50.261 94.298 43.756
49.910 90.530 44.189
46.470 90.436 42.552
48.335 91.513 39.389
50.839 88.654 39.728
49.234 85.233 39.160
50.901 82.556 41.268
52.727 84.970 43.585
52.234 82.579 46.532
54.470 79.973 44.851
58.047 80.661 43.790
57.852 78.229 40.860
54.410 79.409 39.670
55.227 83.120 40.082
57.732 83.166 37.225
54.846 82.809 34.766
53.630 80.158 32.309
55.786 78.349 29.827
52.970 75.869 29.113
49.255 75.401 29.768
50.160 73.100 32.664
50.980 76.291 34.579
47.264 77.268 34.489
46.212 74.144 36.358
48.999 74.058 38.964
48.097 77.667 39.830
44.659 76.415 40.947
45.681 73.060 42.356
48.147 74.833 44.681
46.084 77.885 45.657
45.069 76.599 49.122
48.047 74.316 49.741
49.422 76.750 52.296
52.164 74.252 53.218
53.830 74.591 49.824
53.680 78.401 50.004
55.581 78.769 53.289
57.154 76.409 55.796
56.553 78.745 58.785
53.758 77.278 60.935
52.776 80.701 62.280
52.340 82.127 58.782
50.360 79.036 57.704
47.996 79.393 60.663
47.305 83.038 59.841
46.277 81.994 56.335
43.835 79.341 57.493
42.393 81.709 60.104
41.461 84.463 57.652
40.351 81.887 55.083
37.904 80.596 57.702
36.458 84.090 57.976
36.179 83.989 54.191
34.094 80.823 54.396
31.880 82.250 57.139
31.346 85.341 55.008
30.187 83.098 52.146
27.789 81.137 54.355
26.162 84.291 55.753
25.757 85.662 52.231
24.246 82.303 51.287
21.807 82.537 54.202
21.025 86.162 53.309
19.770 85.022 49.904
17.778 82.158 51.391
15.983 84.543 53.740
15.697 87.178 51.010
14.011 84.800 48.566
11.611 83.641 51.263
10.773 87.318 51.815
10.580 88.483 48.188
9.957 85.460 45.888
8.047 82.900 47.943
4.670 81.581 49.000
5.701 81.229 52.655
2.969 83.580 53.892
0.343 81.612 51.952
1.999 78.341 53.004
1.425 79.103 56.688
-2.343 78.912 56.176
-2.274 75.534 54.371
0.960 73.552 54.821
-0.637 70.182 54.022
-1.465 71.296 50.458
0.622 74.318 49.367
4.052 73.290 48.020
6.975 75.371 49.389
8.380 77.598 46.661
11.094 80.258 46.950
12.484 80.700 43.398
10.869 82.234 40.312
12.322 82.130 36.841
12.142 85.063 34.437
10.143 84.567 31.207
12.794 83.893 28.541
13.224 81.190 25.840
10.163 79.347 27.136
11.574 78.742 30.609
8.446 80.051 32.461
7.152 76.502 32.414
9.461 75.915 35.388
7.192 78.258 37.359
4.849 75.596 38.597
1.361 75.771 40.018
2.485 75.254 43.631
-0.548 76.780 45.378
-1.089 79.984 47.297
-1.702 81.925 44.103
2.020 81.563 43.428
4.091 80.236 40.528
7.635 79.035 41.170
10.052 76.144 41.648
9.224 73.782 44.510
12.063 73.965 47.081
13.246 70.985 49.141
15.763 72.701 51.456
13.039 72.813 54.139
13.415 76.495 55.020
9.622 76.895 55.446
9.464 74.287 58.213
12.364 76.079 59.897
10.852 79.564 59.739
7.513 78.258 61.051
9.202 76.493 63.961
10.990 79.786 64.632
7.647 81.576 64.762
8.411 83.659 61.683
5.059 84.946 60.429
5.770 87.476 57.663
8.066 88.377 54.783
9.026 91.427 56.858
10.724 89.149 59.401
12.656 87.356 56.654
13.740 90.706 55.180
15.243 91.681 58.533
16.963 88.323 58.953
18.382 88.730 55.439
19.783 92.168 56.288
21.336 90.811 59.483
22.873 87.914 57.583
24.265 90.401 55.063
25.749 92.470 57.898
27.341 89.390 59.462
28.757 88.522 56.038
30.482 91.914 55.907
31.660 91.611 59.520
33.165 88.181 58.836
34.907 89.430 55.707
36.263 92.456 57.591
37.616 90.196 60.341
39.423 88.018 57.794
41.218 91.020 56.312
41.738 92.391 59.830
43.289 89.237 61.311
45.650 88.812 58.349
46.778 92.353 57.437
46.271 94.295 60.690
46.288 92.069 63.813
47.506 88.571 63.011
47.629 86.166 65.968
51.007 84.692 66.851
51.615 80.937 66.651
51.381 80.293 70.394
47.956 81.964 70.348
46.654 79.299 67.932
48.322 76.496 69.922
46.464 77.338 73.170
44.148 74.375 72.556
42.950 74.366 76.182
41.517 77.867 75.921
39.923 77.068 72.549
38.204 73.880 73.736
36.870 75.671 76.818
35.600 78.596 74.752
33.929 76.329 72.194
32.233 73.937 74.626
31.000 76.612 77.024
30.981 79.517 74.572
29.875 78.355 71.128
28.016 75.163 72.011
26.829 76.296 75.458
25.778 79.918 74.994
24.475 78.970 71.557
22.114 76.317 72.889
21.108 78.467 75.876
20.377 81.612 73.887
18.542 79.606 71.225
16.522 77.992 74.037
15.481 81.507 75.026
14.031 82.163 71.572
12.178 78.844 71.679
10.648 79.791 75.029
9.714 83.415 74.375
8.958 83.334 70.634
8.819 79.848 69.142
6.638 78.043 71.701
3.941 80.766 71.990
3.660 81.584 68.291
3.408 77.921 67.346
0.618 77.467 69.903
-1.445 80.111 68.089
-0.614 78.546 64.709
-1.641 75.108 65.976
-4.794 76.511 67.602
-5.734 77.891 64.181
-5.514 81.687 64.575
-4.378 83.555 61.480
-0.677 84.536 61.423
-1.545 88.161 60.638
-3.510 88.148 63.919
-0.993 86.324 66.140
0.622 88.785 68.593
4.061 89.927 67.482
6.942 88.090 69.206
8.022 91.050 71.338
4.551 91.174 72.944
5.337 87.928 74.791
8.301 89.777 76.318
6.582 93.110 77.006
3.491 91.406 78.492
4.063 88.215 80.497
0.331 87.469 80.846
0.219 86.473 77.176
2.764 83.773 78.007
1.110 82.832 81.304
-2.214 82.145 79.575
-0.472 79.515 77.424
1.894 78.237 80.148
0.947 79.260 83.713
4.519 78.542 84.824
5.476 82.034 83.611
3.130 83.555 86.198
5.652 82.863 88.966
8.422 84.144 86.678
12.051 83.275 87.375
11.188 82.388 90.988
10.553 78.603 90.597
13.879 78.346 88.777
15.966 79.518 91.735
13.795 77.750 94.342
14.465 74.330 92.715
10.750 73.890 91.980
11.669 73.050 88.411
8.680 70.705 88.181
6.548 73.871 88.080
7.799 74.455 84.514
6.425 71.097 83.335
3.955 72.760 80.923
6.579 74.294 78.611
9.546 72.068 79.589
8.554 68.453 79.013
9.831 64.930 78.351
6.933 63.635 76.267
8.605 62.125 73.217
6.993 61.001 70.021
5.450 63.541 67.666
2.952 66.353 68.097
0.032 64.607 66.360
-1.487 67.760 64.881
1.783 68.938 63.352
3.826 65.790 62.635
7.026 67.134 64.214
8.740 66.676 67.558
7.097 68.421 70.499
8.349 71.993 70.649
8.145 71.665 74.440
10.414 68.603 74.275
12.797 70.460 71.961
13.026 73.537 74.186
13.740 71.290 77.175
16.391 69.572 75.038
18.334 72.756 74.269
18.022 73.777 77.913
19.662 70.616 79.256
22.173 70.514 76.386
23.226 74.105 77.110
23.934 73.198 80.756
26.174 70.277 79.780
28.348 72.417 77.500
28.671 75.361 79.902
30.160 73.055 82.530
32.190 71.037 80.010
33.880 74.284 78.986
35.562 74.289 82.405
37.582 71.099 82.011
40.957 72.349 80.762
43.466 74.517 82.595
44.181 78.094 81.510
45.257 81.202 83.481
44.490 79.649 86.887
44.932 76.361 88.702
41.849 74.234 88.159
41.685 72.125 85.013
43.906 69.658 83.199
46.683 70.115 80.755
45.584 68.054 77.775
49.135 66.668 77.605
48.732 65.160 81.083
45.589 63.227 80.100
47.256 61.858 76.961
50.556 60.919 78.603
48.645 58.926 81.269
46.946 56.345 79.004
49.099 53.398 77.900
48.863 49.636 78.247
50.878 46.420 78.069
49.986 45.951 74.391
50.727 49.599 73.518
53.781 50.675 75.580
54.080 54.461 75.974
50.593 55.111 74.578
49.370 58.622 73.823
52.619 60.379 74.706
53.677 62.840 72.018
50.187 63.339 70.559
49.918 66.846 72.071
52.946 68.011 70.082
51.533 66.476 66.903
48.053 67.981 67.248
49.491 71.430 68.095
51.943 71.553 65.170
50.152 69.804 62.246
47.049 71.389 60.782
46.416 68.264 58.668
46.287 65.993 61.712
43.644 68.344 63.147
41.785 68.470 59.835
41.821 64.675 59.488
40.114 64.132 62.851
37.651 66.973 62.368
36.687 65.774 58.875
36.274 62.245 60.245
33.939 63.338 63.039
32.121 66.138 61.216
31.453 63.692 58.388
30.278 60.936 60.726
28.082 63.413 62.598
26.384 64.527 59.391
25.430 60.931 58.587
23.863 60.695 62.055
21.943 63.945 61.444
20.558 62.197 58.365
19.209 59.292 60.424
17.953 61.266 63.416
16.186 63.911 61.311
14.129 61.294 59.420
13.121 59.116 62.390
12.481 62.075 64.746
11.280 64.882 62.445
12.208 68.037 64.386
10.121 70.499 62.343
6.339 70.943 62.113
4.808 69.669 58.848
8.222 68.346 57.810
7.465 64.620 58.031
4.676 64.838 55.438
6.689 66.910 52.947
8.115 63.706 51.506
10.132 65.749 49.004
11.913 67.843 51.622
12.662 64.812 53.821
14.032 62.624 51.019
16.223 65.578 50.007
17.496 66.280 53.528
18.498 62.671 54.213
20.267 62.288 50.855
21.916 65.717 51.016
23.489 64.998 54.409
24.566 61.462 53.470
26.583 62.883 50.561
28.033 65.733 52.619
28.926 63.205 55.331
30.528 60.723 52.945
32.613 63.389 51.231
33.942 64.767 54.523
34.908 61.263 55.619
36.953 60.597 52.484
38.617 63.939 53.170
39.777 62.644 56.554
41.786 59.941 54.808
43.495 62.423 52.493
44.805 64.699 55.244
45.669 61.668 57.368
47.677 60.610 54.326
49.010 64.172 53.890
50.083 64.144 57.553
52.145 60.983 57.024
54.049 62.381 54.036
54.717 65.914 55.300
54.348 66.174 59.088
55.204 62.734 60.490
58.671 62.838 62.068
59.638 60.046 64.493
62.869 61.812 65.480
61.232 65.024 66.767
57.568 64.111 67.379
57.489 60.384 68.112
54.401 58.444 69.220
54.353 54.761 70.062
50.690 54.278 69.129
51.277 55.514 65.574
54.542 53.568 65.371
52.909 50.359 66.613
50.305 50.510 63.813
53.018 51.206 61.206
54.869 48.142 62.545
52.037 45.783 61.629
50.238 47.503 58.753
50.458 44.269 56.773
48.399 42.521 59.454
45.789 45.291 59.453
45.395 45.615 55.682
45.361 41.875 55.031
42.662 41.410 57.680
40.518 44.196 56.229
41.098 42.591 52.817
39.704 39.227 53.950
36.700 40.604 55.839
35.858 42.572 52.694
35.923 39.352 50.664
33.758 37.640 53.285
31.287 40.527 53.379
31.014 40.723 49.587
30.291 37.021 49.153
27.856 36.813 52.046
25.913 39.935 51.082
25.954 40.590 47.359
26.386 36.884 46.626
23.061 36.183 48.342
21.356 38.497 45.857
23.045 36.582 43.029
21.795 33.371 44.613
18.261 34.855 44.684
18.336 36.155 41.084
19.572 32.760 39.894
17.034 30.856 42.012
14.175 33.089 40.956
15.204 32.826 37.307
15.202 29.015 37.450
11.638 28.875 38.779
12.781 27.986 42.299
11.505 30.742 44.625
11.515 28.315 47.554
15.352 28.341 47.561
15.763 32.129 47.851
16.813 34.167 50.870
13.322 35.576 51.381
10.714 36.175 54.039
8.685 33.380 52.407
11.610 30.975 52.031
15.036 30.755 53.678
14.568 33.661 56.092
17.424 35.851 57.346
15.683 37.746 60.112
17.673 40.633 61.674
17.042 39.372 65.204
19.320 41.892 66.924
17.848 44.975 65.236
14.356 43.584 65.813
15.264 43.168 69.481
16.521 46.743 69.858
13.338 48.015 68.222
11.047 46.122 70.585
13.161 47.362 73.502
12.841 51.085 72.769
9.089 50.729 72.290
8.824 49.435 75.879
11.194 52.089 77.306
8.603 54.830 78.103
6.669 52.688 80.575
9.710 50.814 81.879
13.390 51.850 81.451
12.460 55.503 80.756
9.598 56.234 83.180
9.679 60.006 82.666
9.178 59.413 78.932
5.533 59.252 77.877
6.010 57.722 74.413
8.975 56.359 72.484
11.647 58.713 71.123
10.534 57.813 67.580
7.474 56.286 65.967
9.940 54.115 64.020
10.534 52.100 67.210
8.773 48.840 66.322
5.594 49.519 68.231
3.199 52.249 69.177
0.797 53.299 66.433
0.943 55.930 63.668
0.942 59.680 63.112
-0.657 61.319 60.083
-0.853 64.906 58.898
-3.412 65.850 56.256
-4.214 62.262 55.297
-0.499 61.592 54.609
1.411 59.135 56.809
4.192 60.814 58.805
5.750 57.887 60.679
4.725 54.369 61.663
6.793 51.486 63.050
9.376 50.480 60.435
9.485 46.671 60.002
12.883 45.033 59.527
12.844 41.683 57.727
15.010 39.537 55.449
15.388 42.268 52.823
16.513 44.717 55.522
19.055 42.063 56.546
20.510 41.876 53.029
20.734 45.616 52.381
22.350 46.121 55.781
25.122 43.662 54.949
25.605 45.494 51.652
26.176 48.644 53.708
28.725 46.871 55.912
30.427 45.472 52.821
30.633 48.782 50.931
31.823 50.709 54.002
34.502 48.092 54.711
35.925 48.320 51.198
35.938 52.106 51.461
37.976 51.872 54.679
40.216 49.189 53.147
41.271 51.424 50.247
41.571 54.605 52.336
43.290 53.058 55.365
45.720 51.196 53.107
46.528 54.540 51.486
47.537 56.142 54.772
49.479 53.147 56.210
51.706 52.817 53.117
51.922 56.537 52.367
55.592 56.615 53.398
56.825 53.258 52.139
56.027 49.751 50.997
57.889 46.610 50.015
57.374 47.804 46.416
58.468 51.446 46.928
60.809 51.808 49.948
61.160 55.615 49.598
57.548 56.386 48.595
57.358 59.265 51.097
60.001 61.126 49.090
57.744 61.045 46.043
55.260 63.239 47.908
51.625 62.853 48.718
50.315 63.449 45.193
52.260 61.839 42.338
51.125 59.674 39.403
53.336 56.623 40.021
56.954 55.491 39.931
56.986 54.130 36.421
56.331 50.889 34.583
59.017 48.937 36.376
58.428 46.557 39.261
55.674 45.243 36.988
54.029 48.682 37.071
53.513 51.195 39.860
50.577 53.343 38.694
48.527 54.783 41.551
50.821 53.913 44.495
50.449 57.410 45.968
48.168 58.031 48.924
46.438 60.579 46.725
45.475 57.808 44.334
43.936 55.846 47.240
41.689 58.846 47.925
40.876 58.853 44.210
39.830 55.206 44.405
38.018 55.653 47.715
35.744 58.336 46.280
34.307 55.837 43.794
33.633 53.402 46.615
32.196 56.100 48.884
29.958 56.969 45.917
28.915 53.315 45.547
28.183 52.925 49.274
26.170 56.141 49.632
24.254 55.437 46.402
22.826 52.216 47.713
22.265 53.776 51.147
20.059 56.479 49.635
18.414 53.933 47.327
17.755 51.779 50.397
16.237 54.869 52.020
14.052 55.867 49.067
12.592 52.417 48.436
11.914 51.637 52.107
10.174 54.944 52.767
7.970 54.746 49.680
7.169 51.084 50.321
6.703 50.652 54.069
6.365 54.163 55.591
5.124 56.955 53.317
1.644 56.999 51.844
-1.921 58.139 52.386
-4.156 57.115 55.281
-7.873 56.475 54.833
-10.885 57.803 56.691
-10.888 54.489 58.591
-7.102 54.022 58.700
-6.441 52.025 55.513
-2.903 53.132 54.668
-1.925 53.035 50.983
1.860 53.235 50.733
3.445 54.890 47.687
4.714 51.588 46.295
2.497 49.355 48.437
4.891 47.282 50.506
6.665 45.941 47.429
10.074 46.228 49.173
9.949 42.812 50.862
9.648 40.513 47.841
11.279 42.836 45.271
14.424 44.220 46.952
16.030 40.788 47.433
17.126 40.426 43.805
19.113 42.753 41.581
16.323 42.320 39.018
13.998 43.695 41.678
16.021 46.874 41.934
16.342 47.112 38.148
12.612 46.556 37.483
10.609 47.573 40.560
12.825 50.455 41.710
14.850 52.055 38.894
12.678 51.219 35.881
9.413 51.968 37.711
10.395 55.067 39.666
12.204 56.584 36.660
8.770 57.068 35.075
8.350 60.504 36.580
11.658 61.952 35.446
11.475 60.607 31.894
7.960 61.880 31.424
8.619 65.251 33.069
8.994 67.137 29.745
6.259 69.659 29.140
5.671 70.346 32.844
7.324 72.301 35.623
9.400 69.190 36.478
11.041 69.162 33.048
14.246 70.708 34.394
14.751 67.429 36.213
14.249 65.675 32.881
17.073 67.730 31.366
19.331 67.286 34.401
18.687 63.528 34.348
20.023 63.360 30.800
22.714 65.964 31.456
24.110 64.093 34.431
24.131 60.843 32.450
26.188 62.760 29.894
28.726 64.177 32.349
29.060 60.718 33.910
29.755 59.051 30.572
32.095 61.951 29.709
34.139 61.210 32.848
34.997 57.784 31.437
37.072 59.320 28.662
39.461 60.597 31.323
39.478 57.513 33.567
40.002 54.996 30.715
42.727 56.781 28.740
46.160 58.284 29.328
47.866 61.562 28.619
50.418 60.171 26.157
47.675 59.592 23.600
46.374 63.097 24.171
49.746 64.876 24.022
50.531 63.246 20.687
47.068 64.223 19.359
47.690 67.804 20.416
50.998 67.746 18.487
49.111 67.218 15.227
46.693 69.962 16.252
49.539 72.360 17.174
51.104 71.734 13.758
47.842 72.953 12.113
47.892 76.124 14.195
51.565 76.687 13.316
50.676 76.258 9.640
48.404 79.341 9.952
50.582 81.250 12.425
48.042 80.735 15.237
49.918 78.733 17.831
49.835 80.114 21.379
53.039 80.912 23.175
51.479 79.075 26.125
52.254 75.670 24.675
49.235 73.330 24.912
49.816 70.311 27.113
47.720 67.332 27.978
46.499 67.335 31.546
48.933 65.732 33.954
48.361 62.071 34.868
47.006 63.080 38.265
44.742 65.765 36.784
43.294 63.243 34.370
42.349 61.165 37.396
41.035 64.203 39.292
38.983 65.336 36.284
37.735 61.781 35.866
36.528 61.204 39.409
35.065 64.733 39.617
32.839 64.282 36.568
32.078 60.725 37.597
30.769 61.892 40.983
29.003 64.969 39.609
27.203 63.100 36.830
26.473 60.085 39.009
25.048 62.038 41.927
23.229 64.596 39.789
21.438 61.758 38.006
20.074 60.447 41.300
19.262 64.016 42.307
17.100 64.544 39.220
15.636 61.051 39.629
14.748 61.544 43.305
13.266 65.053 43.045
11.134 64.325 39.978
9.792 61.138 41.574
9.137 62.482 45.055
7.663 65.817 43.957
5.304 63.997 41.568
4.089 61.314 44.001
4.924 62.589 47.521
