253.659 245.788 272.641
250.256 247.418 272.352
249.123 250.039 274.854
245.797 249.250 276.525
244.651 252.068 278.791
241.482 252.113 280.872
239.833 255.399 281.807
237.738 256.514 284.743
234.416 256.221 282.903
234.476 252.459 283.510
231.261 251.134 285.046
232.626 247.699 285.940
230.450 245.878 283.411
233.207 243.235 282.920
232.277 242.842 279.245
235.708 243.982 278.070
237.278 241.187 280.107
234.682 238.685 278.904
235.405 239.585 275.278
239.208 239.628 275.395
240.479 236.509 273.569
243.954 236.820 275.123
243.339 237.355 278.866
244.878 240.817 278.866
242.283 242.510 281.074
240.906 241.779 284.525
238.569 243.350 287.078
240.133 244.990 290.136
238.324 246.423 293.191
238.159 250.103 294.106
241.005 251.648 292.118
238.761 254.074 290.259
236.882 255.904 293.009
233.766 254.226 291.652
231.377 251.407 292.440
232.813 248.010 293.361
234.951 247.131 290.341
237.181 248.760 287.744
238.892 247.185 284.753
242.648 246.687 284.511
245.152 245.698 281.817
248.085 243.951 283.523
249.026 241.682 280.592
249.322 244.035 277.629
252.318 242.043 276.385
249.790 239.413 275.264
247.503 241.946 273.560
247.149 241.306 269.837
245.157 244.486 269.216
241.817 242.965 268.225
239.866 245.742 269.976
237.198 243.236 270.950
237.386 244.812 274.405
236.438 248.292 273.223
233.850 246.780 270.900
232.220 245.459 274.088
232.539 248.650 276.126
229.158 250.388 276.555
230.426 253.744 277.803
230.553 256.800 275.545
233.315 257.396 274.892
235.220 254.167 275.459
236.564 253.477 278.938
239.026 250.964 277.457
241.354 252.055 274.666
243.859 250.035 272.645
246.678 251.994 271.006
248.504 249.766 268.533
252.185 249.920 269.422
255.250 247.974 268.380
254.647 244.497 266.994
256.044 241.247 268.365
255.379 237.544 267.904
252.559 237.661 270.454
251.079 240.957 269.263
250.979 239.696 265.668
249.224 236.499 266.760
251.770 234.119 265.253
251.764 230.371 265.749
255.120 230.435 263.932
