61.110 37.000 98.682
59.925 35.404 101.917
57.120 37.212 103.751
56.453 37.369 107.506
52.946 38.422 108.516
50.953 38.820 111.703
47.630 36.932 111.787
44.813 38.913 110.203
46.988 40.774 107.691
47.263 40.210 103.935
50.012 39.244 101.499
50.449 39.648 97.730
52.811 37.133 96.074
54.311 37.857 92.635
55.460 35.633 89.774
57.366 36.967 86.743
56.771 34.637 83.788
59.075 34.765 80.755
58.729 32.984 77.418
55.095 32.986 76.366
53.157 36.009 77.554
50.501 35.832 80.263
47.711 36.354 77.707
48.448 33.007 76.000
48.865 30.919 79.180
46.721 29.723 82.073
48.060 30.663 85.523
47.493 28.405 88.553
48.459 28.802 92.206
49.228 25.917 94.563
50.506 26.009 98.134
52.094 23.457 100.457
52.219 23.859 104.228
55.554 22.804 105.790
55.490 19.026 106.101
52.073 18.633 104.449
50.972 18.035 100.860
50.006 20.136 97.865
46.821 22.218 97.875
45.332 23.748 94.727
44.067 27.294 95.327
42.828 28.414 91.911
43.586 28.574 88.225
42.454 29.591 84.762
40.054 27.129 83.141
40.413 27.143 79.325
36.782 26.126 78.775
35.510 28.793 81.194
37.625 31.671 79.880
38.231 32.924 83.428
39.854 31.988 86.734
38.158 29.414 88.981
38.808 29.293 92.730
38.604 26.378 95.122
35.497 26.930 97.220
37.648 26.956 100.378
39.320 30.138 99.054
36.542 32.088 97.294
36.269 35.552 98.801
39.632 35.461 100.477
42.014 34.881 97.508
42.203 37.145 94.435
44.392 36.535 91.377
45.245 39.318 88.936
47.611 39.803 86.012
49.769 42.659 84.720
50.048 42.063 80.973
52.475 45.004 80.765
55.130 43.445 83.010
54.016 39.817 82.480
53.728 39.385 86.257
51.068 37.203 87.886
49.821 38.211 91.333
47.783 36.477 94.018
46.534 38.212 97.158
45.453 36.314 100.276
43.616 38.305 102.948
42.741 37.813 106.628
45.435 35.177 106.764
45.675 32.804 109.708
48.479 30.519 110.868
47.215 27.715 108.596
48.306 29.843 105.639
51.987 29.354 106.390
53.121 27.566 103.243
55.284 27.820 100.151
53.245 29.405 97.350
53.891 28.205 93.791
52.713 29.777 90.563
52.029 27.345 87.723
51.566 27.655 83.966
49.032 25.708 81.935
47.385 25.767 78.515
44.606 28.215 77.726
43.245 26.938 74.382
39.995 25.090 75.091
39.867 23.540 71.610
42.789 21.246 72.357
42.044 18.417 74.748
44.994 18.883 77.117
44.712 20.363 80.613
47.443 20.504 83.264
49.663 22.965 85.087
53.454 22.992 85.336
54.968 24.777 88.309
57.034 27.781 87.287
59.616 28.726 89.910
60.752 27.575 93.327
57.851 29.278 95.125
57.837 31.916 97.866
57.564 31.110 101.564
54.930 32.997 103.567
55.004 32.644 107.361
52.049 33.749 109.489
52.715 33.925 113.220
51.811 36.077 116.211
54.724 34.774 118.299
57.671 36.898 119.401
61.093 36.081 120.847
60.678 33.818 123.871
63.185 31.659 125.712
62.377 28.065 126.628
61.294 26.572 129.913
63.116 23.278 130.470
61.663 20.248 132.227
63.407 16.991 133.162
62.248 13.753 131.561
63.164 11.418 134.409
64.103 7.814 133.566
61.843 4.963 134.636
69.476 -3.099 130.732
69.719 0.598 129.851
67.550 3.658 130.465
66.336 6.715 128.558
66.368 10.176 130.142
66.286 13.670 128.755
65.052 17.248 128.717
61.836 18.787 127.412
62.690 22.146 125.822
59.281 23.802 125.836
57.660 26.862 124.225
60.412 28.848 122.523
60.678 31.086 119.456
62.278 31.249 116.997
64.444 28.337 115.843
66.986 27.092 116.763
67.893 25.771 120.213
71.023 23.749 120.852
71.157 20.897 123.388
74.290 19.233 124.735
74.924 17.011 127.741
77.550 17.371 130.469
79.121 20.415 128.792
79.972 18.261 125.771
81.566 15.371 127.669
78.552 13.128 126.957
77.903 12.499 123.254
77.244 8.776 122.795
73.581 7.801 122.902
72.334 11.389 122.515
69.267 11.899 120.299
68.054 15.485 119.909
64.673 15.297 118.198
63.496 17.978 115.754
61.075 20.517 117.173
57.285 20.626 116.860
55.513 23.888 115.902
52.533 23.994 118.159
49.296 25.895 117.625
50.475 28.832 119.824
53.184 29.573 117.270
55.913 28.392 119.667
58.309 25.467 119.296
59.134 22.537 121.564
61.649 19.714 121.228
63.118 16.895 123.295
66.661 15.595 123.720
67.177 12.047 125.005
70.337 10.238 126.086
70.421 6.439 126.447
72.643 5.407 129.359
73.384 2.251 131.367
70.762 1.644 134.037
73.466 0.869 136.615
74.904 4.396 136.321
71.553 6.051 137.124
72.462 6.544 140.777
76.153 7.334 140.288
76.617 9.323 137.064
75.293 12.891 136.889
73.385 13.977 133.769
72.939 17.684 132.994
71.470 18.923 129.729
72.724 22.293 128.507
70.142 24.308 126.571
71.214 27.361 124.564
68.746 29.631 122.745
70.786 32.309 120.968
67.766 34.203 119.485
66.668 35.124 123.027
70.121 34.862 124.666
68.881 32.221 127.110
71.028 29.467 128.594
69.647 26.768 130.886
71.461 23.979 132.727
69.258 21.363 134.397
70.201 18.134 136.118
68.034 15.175 135.029
67.618 12.940 138.029
65.735 9.700 138.796
62.196 10.158 140.104
