70.386 20.517 19.781
67.617 23.193 20.408
64.006 22.314 19.449
62.404 24.160 16.502
58.585 24.600 16.605
56.034 25.377 13.872
52.546 26.214 15.205
49.770 25.042 12.838
46.770 27.428 12.890
43.322 27.078 11.273
39.740 26.378 12.261
38.094 22.941 12.095
37.892 21.663 8.450
40.889 23.866 7.311
42.885 20.699 6.291
45.433 20.833 9.202
45.393 17.030 9.840
46.143 15.923 6.234
48.978 18.558 5.753
50.625 17.782 9.149
50.782 14.035 8.176
52.375 15.062 4.810
54.958 17.363 6.525
55.862 14.536 9.000
56.480 12.082 6.083
58.476 14.499 3.813
60.458 16.535 6.433
60.694 14.249 9.532
58.952 16.747 11.892
57.250 15.255 14.988
53.489 16.164 15.041
52.224 17.156 18.542
48.471 17.570 19.047
47.928 19.535 22.272
44.245 18.404 22.564
45.281 14.729 22.209
48.140 14.998 24.762
45.728 16.539 27.334
42.984 13.819 26.746
45.610 10.973 27.035
47.098 12.524 30.216
43.532 12.781 31.659
42.798 9.047 30.891
46.194 7.319 31.493
46.508 5.647 34.883
49.081 7.307 37.188
49.963 9.744 34.349
52.187 12.628 35.534
49.289 15.196 35.474
46.121 12.933 35.472
45.205 13.525 39.160
45.992 17.276 38.849
43.712 17.516 35.792
40.860 15.753 37.761
41.133 18.465 40.526
40.274 21.106 37.807
37.473 18.897 36.346
35.879 18.294 39.844
36.017 22.114 40.423
34.419 22.982 37.024
37.572 24.996 36.146
39.687 25.393 32.944
42.833 23.148 32.928
45.678 25.731 33.099
47.732 26.202 29.874
50.844 25.564 32.096
49.920 21.847 32.007
49.537 21.928 28.193
52.946 23.675 27.818
54.493 21.068 30.226
53.063 18.202 28.116
54.330 19.727 24.823
57.805 20.302 26.432
57.909 16.763 27.909
57.079 15.254 24.448
59.818 17.398 22.850
62.434 16.423 25.562
61.569 12.655 25.239
61.698 12.779 21.366
65.138 14.498 21.381
66.519 12.336 24.274
65.553 9.188 22.218
67.056 10.771 18.998
69.056 14.084 19.149
68.344 14.716 15.412
64.447 14.786 15.696
64.575 18.464 16.804
61.656 19.678 14.592
58.057 19.928 15.907
54.699 20.654 14.361
52.212 21.729 17.097
48.411 21.973 16.519
45.629 22.648 19.034
47.967 25.267 20.623
48.114 28.197 21.116
44.280 28.847 21.172
44.451 32.543 22.389
47.065 35.259 23.117
47.166 34.442 26.887
48.155 30.785 25.932
50.875 32.192 23.563
52.217 34.565 26.302
52.510 31.533 28.660
54.498 29.735 25.908
56.798 32.792 25.284
57.413 33.408 29.054
57.993 29.672 29.920
59.795 28.332 26.792
62.136 31.335 26.097
65.584 29.701 25.686
64.036 26.123 25.462
62.503 26.312 21.899
62.444 28.608 18.823
59.214 29.159 16.839
60.589 29.055 13.232
57.243 30.193 11.795
53.451 29.700 11.945
51.332 27.951 9.227
47.920 29.662 8.828
45.492 27.425 6.880
42.936 30.042 5.709
39.710 29.627 3.622
36.033 30.689 3.905
33.863 29.294 6.765
31.561 27.388 4.374
34.323 25.101 2.902
35.479 24.306 6.517
31.845 23.699 7.669
31.189 21.241 4.745
34.456 19.271 5.193
33.553 18.744 8.919
29.896 17.860 8.012
31.006 15.466 5.168
33.548 13.823 7.554
30.845 13.431 10.234
28.231 12.174 7.695
30.682 9.652 6.066
31.557 8.372 9.582
28.305 18.556 15.160
25.598 20.381 13.174
26.160 23.488 10.928
25.337 26.098 13.625
27.782 24.429 16.142
30.604 24.409 13.529
29.771 27.976 12.393
30.103 29.101 16.075
33.400 27.122 16.668
34.923 28.564 13.434
34.002 32.183 14.412
35.220 31.896 18.017
38.489 30.179 16.813
39.280 32.945 14.248
38.316 35.633 16.849
40.644 33.919 19.401
43.668 33.412 17.059
43.513 36.842 15.283
45.905 38.451 17.873
48.250 35.385 17.464
48.241 35.892 13.641
48.726 39.703 14.095
51.680 39.055 16.468
53.451 36.599 14.108
52.870 38.964 11.102
54.741 41.734 13.051
57.603 39.146 13.560
57.344 38.315 9.784
56.710 34.635 10.759
53.205 33.934 9.261
53.030 31.585 6.242
49.412 32.011 5.070
48.060 29.022 2.997
44.984 29.024 0.686
43.205 26.024 2.371
40.283 26.234 -0.188
42.465 24.267 -2.750
42.678 20.426 -3.056
44.938 18.392 -0.734
47.705 18.213 -3.420
47.656 21.967 -4.281
47.700 22.922 -0.542
50.659 20.522 -0.073
52.469 22.163 -3.093
52.144 25.503 -1.171
53.388 23.703 1.997
56.443 22.186 0.112
57.355 25.766 -1.089
57.486 27.001 2.558
59.272 23.920 4.001
61.824 23.499 1.121
62.668 27.257 1.709
63.006 27.334 5.593
61.722 23.983 6.889
