12.161 -12.983 68.916
10.257 -16.233 69.453
8.602 -17.651 66.334
5.358 -19.603 66.811
4.312 -22.033 64.075
1.079 -24.021 64.129
0.323 -27.303 62.431
-1.755 -27.915 60.445
-2.611 -24.498 59.006
-5.947 -25.741 57.641
-8.097 -28.651 58.778
-11.448 -29.958 57.540
-13.541 -31.931 60.036
-17.168 -32.766 60.814
-19.196 -32.581 64.012
-18.159 -35.055 66.699
-14.539 -35.610 65.618
-11.492 -35.229 67.853
-9.083 -32.465 66.802
-5.507 -31.725 67.881
-3.691 -28.540 66.826
0.081 -28.341 67.313
1.930 -25.153 68.275
5.724 -25.006 67.980
8.041 -22.368 69.461
11.589 -21.525 68.357
12.659 -21.686 72.024
11.316 -23.273 75.176
8.598 -21.085 76.663
8.171 -22.835 80.045
4.510 -23.692 79.327
3.622 -19.972 79.224
1.359 -20.606 76.250
-2.169 -19.418 75.500
-4.815 -20.424 72.959
-7.522 -18.203 71.484
-10.528 -18.879 69.268
-11.544 -16.301 66.667
-14.591 -16.410 64.499
-14.643 -14.063 61.475
-15.782 -10.590 62.488
-15.406 -10.973 66.266
-12.585 -10.418 68.723
-10.537 -13.473 69.746
-12.022 -15.387 72.672
-9.526 -16.535 75.333
-9.479 -20.332 75.558
-6.386 -21.824 77.248
-3.635 -20.284 79.340
-0.487 -21.850 80.798
-0.526 -24.735 78.300
-2.983 -26.876 80.286
-5.133 -24.531 82.367
-8.638 -23.774 81.111
-9.797 -20.171 80.765
-13.002 -19.083 82.482
-16.310 -20.327 81.116
-15.049 -22.513 78.255
-16.393 -26.087 77.980
-14.492 -29.157 79.122
-14.115 -30.522 75.574
-11.256 -28.045 75.091
-7.929 -28.993 76.632
-4.272 -28.231 76.104
-0.991 -29.928 76.847
2.716 -29.805 76.172
5.952 -28.427 77.573
9.281 -27.002 76.483
8.918 -25.923 72.855
5.898 -27.964 71.723
2.261 -27.655 72.744
-1.076 -28.994 71.618
-4.726 -27.992 71.792
-7.250 -30.829 71.738
-11.020 -30.679 71.274
-12.745 -33.807 72.608
-15.496 -33.884 69.983
-16.269 -30.881 67.789
-19.574 -29.030 68.002
-21.128 -26.653 65.428
-19.975 -23.583 67.379
-16.364 -24.834 67.463
-15.615 -24.249 63.774
-13.404 -21.156 63.694
-9.735 -20.160 63.614
-7.405 -20.996 66.506
-4.281 -19.040 67.455
-1.554 -19.808 69.958
0.433 -17.096 71.727
3.514 -17.323 73.927
3.809 -14.926 76.873
7.180 -15.990 78.279
9.194 -13.290 76.482
8.737 -9.885 74.915
7.542 -9.247 72.305
4.466 -11.389 72.672
4.170 -13.366 69.446
1.285 -15.259 67.873
1.147 -18.264 65.589
-0.288 -18.041 62.096
-3.605 -19.635 63.056
-5.411 -22.852 62.177
-8.768 -22.730 60.374
-11.112 -25.566 61.382
-13.869 -25.798 58.764
-16.886 -28.070 58.355
