33.651 -34.320 5.296
34.546 -34.668 8.998
37.116 -37.470 9.508
38.118 -38.705 12.974
41.181 -40.223 14.663
40.951 -44.045 14.381
42.824 -44.963 17.606
42.564 -43.179 20.972
44.857 -40.189 21.585
48.121 -40.929 23.414
49.862 -37.935 25.008
53.606 -38.034 24.259
55.056 -34.510 24.622
54.931 -33.123 28.162
58.365 -31.509 28.636
60.041 -28.129 28.248
61.409 -27.577 24.714
64.793 -25.746 24.574
67.460 -26.049 21.800
65.239 -28.721 20.131
65.480 -31.089 23.078
63.136 -32.105 25.868
63.993 -30.794 29.337
62.743 -31.556 32.813
61.906 -28.442 34.846
64.841 -27.096 36.909
62.850 -27.624 40.103
61.646 -31.062 38.900
58.041 -29.975 39.522
55.125 -30.806 37.249
51.529 -29.562 37.046
48.264 -31.281 36.060
46.432 -30.696 32.782
42.671 -31.310 32.759
39.827 -31.978 30.353
37.211 -29.235 30.992
34.352 -31.526 29.807
35.021 -34.257 32.415
37.104 -32.403 35.067
39.537 -35.366 34.792
43.332 -35.113 34.670
44.735 -35.940 31.202
48.431 -35.866 32.170
51.209 -34.008 33.985
53.478 -31.450 32.247
56.855 -30.050 33.396
56.317 -26.766 35.299
58.575 -24.096 33.877
59.471 -21.183 36.152
61.947 -18.273 36.004
64.971 -20.619 35.915
63.530 -22.421 32.816
62.599 -19.167 31.092
66.231 -18.101 31.705
67.517 -21.246 29.932
65.113 -20.636 27.038
66.202 -16.980 26.606
69.912 -17.917 26.568
69.095 -20.465 23.830
67.037 -17.933 21.854
69.785 -15.304 22.233
72.462 -17.715 20.989
70.329 -18.716 17.958
69.935 -14.990 17.199
73.695 -14.179 17.208
75.268 -12.649 14.094
76.734 -15.514 12.016
74.288 -18.139 13.354
72.425 -20.470 10.969
69.094 -18.648 11.587
70.615 -15.195 10.945
72.647 -16.249 7.905
70.190 -18.533 6.043
68.316 -17.230 3.027
65.035 -15.496 3.879
63.494 -17.846 1.313
64.718 -20.786 3.483
63.055 -19.377 6.622
59.927 -19.374 4.421
60.570 -22.953 3.312
60.831 -24.113 6.958
57.497 -22.469 7.791
55.744 -24.082 4.784
57.246 -27.428 5.817
55.885 -26.906 9.346
52.436 -26.221 7.846
52.691 -29.495 5.845
53.510 -31.372 9.078
50.590 -29.831 11.005
48.408 -30.806 8.020
49.787 -34.383 8.283
48.936 -34.457 12.021
45.598 -32.634 11.641
43.426 -35.408 13.152
45.792 -35.831 16.103
46.076 -32.073 16.707
42.328 -31.354 16.336
41.517 -34.202 18.770
44.099 -33.010 21.315
42.881 -29.411 20.922
39.256 -30.507 21.461
40.104 -32.736 24.444
42.416 -30.284 26.243
40.635 -27.025 25.292
36.964 -28.071 25.615
36.584 -27.104 21.962
34.004 -28.650 19.595
35.897 -31.191 17.457
34.093 -30.175 14.254
35.308 -26.598 14.783
38.762 -27.733 15.962
39.248 -29.792 12.789
37.469 -27.638 10.152
38.223 -24.121 11.464
41.096 -24.023 13.982
43.386 -26.461 12.159
42.536 -24.982 8.715
43.304 -21.483 10.037
46.532 -22.693 11.626
47.745 -24.273 8.350
46.565 -21.314 6.217
48.132 -18.666 8.512
51.487 -20.482 8.530
51.482 -20.695 4.725
50.611 -16.992 4.489
53.452 -16.106 6.869
55.882 -18.356 4.967
55.197 -16.299 1.827
56.274 -13.036 3.510
59.729 -14.272 4.586
61.745 -13.065 1.573
59.405 -10.138 0.905
60.374 -8.193 4.043
62.251 -5.196 2.599
63.715 -1.888 3.732
64.160 1.221 1.586
66.650 3.360 -0.226
65.994 6.970 0.675
66.868 10.278 -1.114
68.212 11.990 2.029
69.401 15.632 1.883
73.152 15.976 1.177
75.777 13.741 -0.432
74.886 10.448 1.222
73.638 6.982 0.308
70.935 6.050 2.812
69.221 2.677 3.069
67.259 0.904 5.750
67.381 -2.687 6.993
64.160 -4.159 8.407
65.922 -6.507 10.793
64.355 -9.030 13.122
64.047 -7.573 16.621
65.668 -10.560 18.357
64.293 -12.696 21.145
60.511 -12.460 21.397
58.615 -13.687 24.430
55.162 -14.863 23.384
52.369 -15.647 25.826
49.532 -17.685 24.259
45.915 -17.839 25.548
43.845 -20.969 26.267
40.860 -20.153 24.002
42.573 -20.795 20.640
45.850 -22.512 21.644
46.980 -23.666 18.154
45.690 -20.705 16.144
47.282 -18.229 18.574
50.529 -20.184 18.729
50.768 -19.822 14.928
49.622 -16.159 14.919
52.593 -15.482 17.229
55.351 -17.727 15.867
54.497 -17.420 12.130
55.226 -13.700 11.708
58.021 -13.702 14.283
59.888 -16.509 12.467
59.118 -15.212 8.993
60.871 -11.955 10.008
63.884 -13.870 11.473
63.276 -13.566 15.241
63.823 -16.280 17.798
61.011 -17.046 20.279
60.282 -18.164 23.840
56.664 -19.308 23.904
54.625 -19.701 27.071
51.397 -21.545 26.276
48.414 -21.256 28.607
48.609 -23.266 31.833
45.253 -24.821 30.831
46.332 -25.828 27.286
50.064 -26.617 26.921
49.610 -29.898 25.018
49.084 -28.920 21.347
51.969 -26.403 21.510
54.313 -29.163 22.703
53.231 -31.401 19.809
53.974 -28.490 17.406
57.442 -28.231 19.058
58.148 -31.848 18.020
57.178 -30.811 14.444
59.494 -27.769 14.587
62.334 -30.214 15.305
61.203 -32.570 12.501
60.946 -29.668 9.989
64.602 -28.770 10.639
64.453 -25.367 12.388
67.853 -24.578 13.938
68.070 -25.212 17.700
66.995 -22.319 19.918
64.883 -20.651 17.198
61.676 -21.866 18.948
61.639 -22.658 22.663
58.434 -23.612 24.506
58.168 -23.311 28.315
54.827 -24.494 29.707
53.804 -23.245 33.166
51.764 -20.572 34.976
51.136 -16.863 34.366
52.402 -15.307 37.624
55.668 -17.336 37.392
56.690 -18.022 33.756
54.679 -15.160 32.206
56.023 -12.665 34.773
59.587 -13.890 34.104
59.159 -13.276 30.370
57.603 -9.814 30.876
60.333 -8.668 33.303
63.270 -10.398 31.486
66.314 -8.174 30.778
67.356 -9.905 27.571
63.944 -10.454 25.983
63.620 -7.755 23.250
59.845 -7.982 22.711
56.754 -9.461 24.381
53.472 -10.362 22.684
50.482 -11.307 24.792
46.892 -12.208 24.054
44.577 -12.372 27.049
42.659 -10.240 29.520
43.050 -6.450 29.539
43.887 -6.812 33.287
47.035 -8.904 32.650
47.904 -6.799 29.568
48.322 -3.794 31.900
50.703 -5.788 34.136
52.734 -6.918 31.075
53.063 -3.319 29.857
54.126 -2.164 33.330
56.752 -4.924 33.745
58.172 -4.135 30.284
58.627 -0.451 31.212
60.039 -1.356 34.655
62.625 -3.823 33.336
64.322 -3.244 29.885
61.769 -1.197 27.863
61.042 -4.283 25.713
58.643 -3.764 22.871
55.059 -4.739 23.669
52.138 -5.847 21.560
48.862 -6.808 23.217
45.582 -8.321 21.933
43.215 -8.022 24.847
39.501 -8.379 25.588
36.496 -6.583 24.202
32.918 -5.599 24.672
32.283 -5.474 20.955
29.018 -3.875 19.716
26.764 -4.606 16.740
24.467 -1.930 15.291
21.463 -3.373 13.446
19.575 -0.745 11.435
15.879 -1.056 10.540
16.718 -1.715 6.865
19.065 -4.649 7.660
18.580 -8.108 6.240
17.038 -9.387 9.477
17.742 -13.153 9.457
21.325 -12.528 8.263
21.842 -10.059 11.133
20.263 -12.474 13.643
22.457 -15.409 12.485
25.775 -13.506 12.406
25.111 -11.700 15.728
24.181 -15.057 17.289
27.383 -16.764 16.063
29.248 -13.549 16.899
28.485 -13.948 20.625
28.121 -17.745 21.110
31.144 -19.032 19.130
33.362 -21.385 21.182
31.151 -21.064 24.281
31.513 -17.248 24.014
35.266 -17.496 24.680
36.365 -15.135 21.877
37.837 -11.692 22.522
35.681 -10.414 19.602
32.436 -11.724 21.210
29.502 -9.576 19.960
28.455 -8.945 23.529
26.298 -5.838 22.978
23.733 -5.989 20.155
21.937 -2.683 19.488
18.786 -3.080 17.377
16.560 -0.306 15.976
13.242 -0.146 17.917
10.902 -1.129 15.049
12.671 -4.498 14.459
13.861 -5.014 18.101
11.070 -7.383 19.277
11.403 -9.518 16.145
15.211 -9.586 16.491
14.947 -10.715 20.127
12.345 -13.408 19.202
14.449 -14.859 16.348
17.634 -14.684 18.464
16.048 -16.568 21.398
14.800 -19.398 19.118
18.286 -19.739 17.600
19.809 -19.901 21.131
17.440 -22.707 22.258
18.748 -25.119 19.529
22.007 -26.281 21.191
23.085 -29.728 22.355
25.533 -29.612 25.276
28.072 -32.329 26.044
31.531 -33.729 25.398
33.066 -31.755 22.479
34.368 -35.024 20.889
30.855 -36.551 20.395
29.384 -35.823 16.898
26.169 -33.745 16.836
27.128 -31.885 20.061
26.990 -28.121 19.371
28.184 -26.542 22.678
31.158 -27.653 24.798
32.211 -26.606 28.320
33.918 -23.431 29.546
37.702 -23.779 30.066
37.929 -23.974 33.903
36.469 -23.085 37.340
37.744 -19.459 37.454
36.029 -18.605 34.128
32.937 -20.675 34.996
32.509 -18.796 38.314
32.998 -15.397 36.603
30.296 -16.172 33.983
27.705 -17.365 36.524
28.430 -14.327 38.728
27.797 -12.003 35.750
24.606 -13.911 34.778
23.374 -13.355 38.352
24.104 -9.625 38.075
21.971 -9.413 34.897
19.080 -10.963 36.836
19.619 -8.744 39.921
20.101 -5.515 37.883
16.787 -6.031 36.021
17.664 -7.475 32.598
15.012 -9.722 31.018
16.111 -13.380 30.999
14.845 -14.882 27.718
16.463 -18.329 28.084
19.221 -20.216 29.945
20.718 -18.463 32.985
22.246 -21.373 34.952
24.716 -24.293 34.918
24.277 -27.669 33.147
25.230 -31.335 33.664
26.789 -33.421 36.461
30.399 -32.816 35.346
32.290 -30.323 33.188
32.252 -26.514 33.323
28.993 -26.187 31.332
26.831 -23.039 31.254
23.411 -22.915 29.562
23.334 -20.629 26.499
21.827 -17.411 27.861
20.017 -14.441 26.277
19.186 -11.137 28.013
16.915 -8.526 26.453
16.148 -4.981 27.678
19.808 -4.533 28.651
20.887 -1.011 29.667
24.333 0.570 29.485
25.259 0.682 33.207
24.500 -3.025 33.813
27.516 -5.239 34.561
26.575 -7.509 31.602
26.787 -4.433 29.284
30.167 -3.191 30.660
32.203 -6.298 31.595
33.626 -8.968 29.304
31.740 -12.135 30.271
33.699 -14.608 28.069
30.744 -17.015 28.179
27.619 -17.984 26.227
25.688 -14.865 27.313
24.015 -12.581 24.754
22.919 -8.974 25.476
20.309 -7.323 23.230
19.533 -3.579 23.474
17.188 -1.200 21.703
17.971 2.183 20.168
15.957 4.836 18.344
18.693 7.398 17.434
21.717 6.574 15.250
23.851 9.442 16.688
23.218 8.123 20.188
23.776 4.404 19.496
27.194 5.202 17.945
28.110 7.124 21.132
26.864 4.180 23.231
28.812 1.717 21.055
31.998 3.811 21.468
31.365 4.429 25.208
33.722 1.761 26.495
37.438 1.445 27.205
37.423 -1.571 24.831
37.566 -1.408 21.050
38.481 -4.765 19.513
35.770 -5.098 16.874
32.232 -4.195 15.837
29.395 -5.146 13.487
27.189 -2.944 11.293
24.076 -4.401 9.618
22.355 -2.286 6.950
21.455 -2.133 3.235
22.407 1.585 3.074
25.759 2.234 1.334
26.281 5.598 3.012
25.403 4.227 6.480
27.761 1.244 5.995
30.700 3.525 5.194
29.963 6.360 7.681
29.083 4.116 10.662
32.132 1.886 10.145
34.358 5.000 9.937
32.887 6.401 13.184
33.169 3.195 15.268
36.265 3.068 17.490
37.099 -0.569 16.785
39.972 -2.385 15.043
37.832 -4.606 12.843
34.393 -3.507 11.684
32.339 -6.158 9.888
29.538 -5.025 7.560
26.599 -7.442 7.190
28.698 -10.226 8.750
30.667 -10.964 11.940
33.763 -12.910 13.072
35.320 -13.089 9.585
39.044 -13.443 10.281
41.718 -14.212 7.673
45.544 -14.219 7.538
45.614 -11.466 4.878
43.994 -8.881 7.248
45.542 -7.003 10.113
43.763 -7.685 13.380
43.943 -5.902 16.787
42.311 -3.429 19.161
41.671 0.280 19.523
41.929 1.666 23.071
42.314 -0.903 25.881
41.574 -3.851 23.512
45.243 -3.758 22.457
48.451 -2.230 21.137
49.603 -3.139 17.646
48.258 -5.416 14.927
48.716 -9.075 14.038
48.872 -10.600 10.572
48.360 -8.881 7.241
51.158 -6.848 5.732
50.811 -4.358 8.592
51.251 -6.955 11.361
54.717 -7.901 10.112
56.060 -4.406 10.970
55.886 -5.228 14.690
58.308 -8.165 14.229
60.995 -5.970 12.646
63.391 -3.341 14.009
64.346 -0.616 11.501
68.020 0.330 11.117
69.023 3.340 9.016
72.456 3.183 7.362
73.801 6.480 6.034
77.024 6.381 4.018
79.087 9.458 3.076
79.686 9.695 -0.691
81.500 12.217 -2.902
78.449 13.059 -5.077
74.896 11.644 -5.176
72.703 11.487 -8.237
68.947 10.950 -8.352
