11.222 -15.867 1.461
7.832 -17.130 0.615
5.133 -14.668 0.961
1.524 -15.625 1.608
-1.497 -13.688 0.480
-5.165 -14.577 1.009
-7.390 -13.322 -1.847
-11.009 -13.866 -2.766
-11.643 -14.951 -6.334
-13.077 -11.498 -7.048
-9.795 -9.889 -5.909
-7.552 -11.839 -8.329
-6.173 -10.214 -11.377
-6.481 -11.915 -14.776
-2.739 -12.649 -14.564
-3.118 -14.251 -11.179
-6.085 -16.365 -12.330
-4.080 -17.618 -15.342
-1.149 -18.436 -13.099
-3.484 -20.263 -10.713
-4.884 -22.358 -13.590
-1.293 -23.187 -14.675
-0.320 -24.213 -11.128
-3.370 -26.392 -10.750
-2.934 -28.199 -14.064
0.687 -28.859 -13.480
0.400 -29.713 -9.840
-2.465 -32.111 -10.444
-0.522 -33.737 -13.268
-3.016 -32.818 -15.950
-6.019 -34.227 -14.220
-7.837 -30.942 -13.863
-10.814 -29.913 -16.006
-12.736 -26.655 -16.570
-15.338 -27.856 -14.082
-12.654 -28.623 -11.577
-11.404 -24.999 -12.025
-14.879 -23.541 -11.680
-15.256 -25.709 -8.542
-12.264 -23.868 -7.001
-13.662 -20.411 -7.619
-15.986 -18.256 -5.574
-14.275 -18.352 -2.212
-10.900 -17.625 -0.687
-7.534 -18.528 -2.152
-4.540 -18.803 0.141
-1.534 -18.329 -2.048
2.162 -18.592 -1.742
4.505 -16.574 -3.753
8.236 -16.613 -4.404
8.779 -12.956 -5.302
6.287 -12.362 -7.951
5.680 -15.966 -8.767
2.742 -18.151 -7.616
4.086 -21.426 -6.060
1.297 -22.672 -3.801
-2.444 -22.536 -3.409
-5.405 -23.829 -1.481
-9.069 -22.751 -1.776
-11.772 -22.444 0.867
-15.334 -22.578 -0.451
-18.329 -21.720 1.731
-20.864 -24.504 1.973
-24.108 -24.737 3.963
-24.893 -28.157 5.397
-27.006 -29.757 8.109
-25.619 -31.543 11.133
-28.398 -33.950 11.880
-31.229 -31.276 11.626
-29.305 -28.146 12.537
-27.709 -25.736 9.981
-23.939 -25.674 9.984
-21.686 -23.251 8.068
-18.717 -25.002 6.457
-15.444 -23.946 4.963
-14.634 -26.540 2.343
-10.999 -26.924 1.567
-9.946 -27.925 -1.905
-7.325 -27.672 -4.641
-4.257 -27.667 -2.403
-1.155 -27.642 -4.554
2.515 -26.688 -4.204
4.758 -26.384 -7.302
6.767 -29.627 -7.454
10.238 -27.938 -7.078
9.032 -26.114 -3.964
7.716 -29.216 -2.108
8.860 -30.659 1.246
9.760 -27.259 2.713
6.606 -26.599 4.771
4.636 -24.545 2.283
1.739 -26.974 2.268
1.628 -26.783 6.071
1.703 -22.991 6.011
-1.143 -22.925 3.486
-3.166 -25.122 5.803
-2.422 -23.042 8.918
-3.651 -19.926 7.071
-6.649 -21.923 5.991
-7.387 -22.981 9.584
-7.318 -19.298 10.624
-9.871 -18.437 7.945
-12.076 -21.253 9.094
-11.818 -20.147 12.719
-12.817 -16.497 11.761
-15.638 -17.462 9.436
-17.208 -20.894 9.701
-18.385 -23.481 12.218
-16.603 -26.395 10.622
-13.862 -27.063 8.107
-14.237 -30.064 5.775
-12.112 -31.556 3.052
-11.653 -34.747 1.070
-8.330 -36.588 1.236
-6.750 -39.883 0.072
-5.183 -42.151 2.775
-1.657 -40.881 2.110
-2.927 -37.382 1.678
-4.356 -37.346 5.202
-1.054 -37.013 7.151
-0.498 -33.316 6.208
-3.963 -32.410 7.377
-3.750 -34.516 10.508
-0.450 -32.650 11.419
-2.478 -29.435 11.583
-5.393 -30.783 13.661
-7.782 -32.286 11.088
-9.556 -35.554 11.940
-11.506 -38.120 10.011
-15.296 -37.422 10.096
-16.680 -40.590 11.792
-20.377 -40.014 11.277
-22.530 -40.776 8.297
-22.467 -38.566 5.205
-25.471 -37.839 2.999
-25.708 -36.302 -0.457
-28.593 -35.317 -2.676
-29.304 -37.683 -5.578
-32.221 -36.780 -7.936
-33.559 -34.516 -5.240
-33.460 -36.851 -2.234
-30.799 -37.538 0.406
-28.942 -40.868 0.145
-26.004 -42.012 2.297
-22.654 -41.339 0.656
-20.894 -44.548 1.620
-18.196 -43.928 -0.998
-16.947 -40.832 0.703
-17.080 -41.922 4.353
-13.529 -42.236 5.692
-12.220 -39.833 3.001
-13.666 -36.668 4.591
-11.792 -34.857 7.351
-12.949 -32.059 9.531
-11.592 -29.226 11.701
-13.623 -27.810 14.518
-14.034 -24.147 14.922
-17.352 -24.344 16.784
-16.433 -26.405 19.854
-19.870 -28.099 19.863
-19.408 -30.138 16.695
-19.934 -33.895 17.148
-17.738 -35.689 14.566
-19.931 -38.791 14.965
-23.076 -36.961 13.839
-24.608 -37.226 10.400
-23.740 -34.522 7.815
-26.166 -33.640 5.093
-24.246 -31.917 2.254
-25.253 -29.221 -0.168
-25.402 -30.189 -3.837
-22.249 -29.682 -5.859
-22.644 -32.221 -8.687
-19.614 -33.877 -10.163
-20.466 -37.519 -10.860
-21.240 -39.304 -7.487
-21.136 -42.999 -7.226
