-21.205 -26.541 -11.563
-23.345 -23.446 -10.938
-23.774 -20.275 -13.002
-25.458 -17.545 -10.985
-26.143 -13.840 -11.002
-24.779 -11.495 -8.273
-27.016 -11.166 -5.222
-28.401 -14.686 -5.694
-28.263 -17.308 -2.937
-26.471 -20.584 -3.572
-25.905 -23.773 -1.575
-23.384 -26.352 -2.771
-22.959 -29.816 -1.281
-20.254 -32.352 -0.420
-21.385 -35.956 0.145
-19.100 -38.531 1.841
-19.014 -42.212 0.947
-17.034 -45.196 2.164
-16.225 -43.897 5.658
-17.809 -42.686 8.927
-18.761 -39.132 7.935
-19.326 -38.011 11.512
-15.780 -38.932 12.631
-13.720 -36.535 10.481
-13.465 -32.796 9.886
-14.574 -31.400 6.509
-12.838 -28.311 5.126
-13.783 -25.955 2.289
-11.096 -24.505 0.042
-11.414 -21.922 -2.735
-9.314 -21.645 -5.884
-9.947 -18.505 -7.896
-9.246 -18.745 -11.655
-5.503 -18.994 -12.213
-4.679 -18.601 -8.510
-3.687 -20.774 -5.544
-5.589 -22.512 -2.763
-7.309 -20.590 0.021
-8.832 -22.111 3.160
-12.361 -20.904 3.906
-13.421 -22.856 6.996
-14.104 -26.248 8.497
-16.886 -28.222 10.147
-17.012 -31.357 12.247
-20.202 -33.108 11.043
-20.591 -35.138 14.233
-21.544 -31.986 16.159
-21.557 -29.134 13.558
-18.713 -27.343 15.333
-17.537 -24.802 12.729
-14.664 -22.379 12.219
-14.409 -19.699 9.535
-11.454 -17.807 8.146
-11.880 -14.088 9.003
-11.921 -13.506 5.239
-15.129 -15.547 4.928
-16.850 -15.076 8.296
-20.190 -13.541 7.517
-20.068 -14.234 3.790
-20.729 -17.961 3.840
-22.432 -20.472 6.072
-20.978 -23.975 6.411
-23.345 -26.660 7.662
-23.776 -30.414 7.717
-26.577 -33.005 7.600
-25.016 -36.006 9.294
-28.064 -38.185 8.585
-27.107 -38.199 4.873
-23.314 -37.667 5.243
-23.418 -34.283 3.439
-21.670 -30.976 4.224
-22.808 -27.714 2.683
-21.568 -24.220 1.884
-24.134 -21.511 1.319
-23.870 -17.899 0.161
-26.646 -15.466 0.917
-25.558 -12.893 -1.705
-23.069 -14.097 -4.338
-20.519 -11.556 -5.512
-18.709 -11.552 -8.868
-15.503 -12.245 -6.945
-17.003 -15.497 -5.700
-16.266 -16.985 -9.145
-13.931 -19.880 -8.271
-13.531 -23.641 -7.949
-14.647 -24.772 -4.467
-13.270 -27.980 -2.975
-14.424 -29.813 0.066
-11.825 -32.049 1.700
-11.602 -34.435 4.627
-8.924 -34.016 7.293
-6.645 -36.954 8.086
-6.927 -38.992 11.297
-4.911 -42.026 12.372
-7.765 -43.647 14.319
-11.300 -42.381 13.523
-12.656 -44.573 16.320
-11.786 -42.229 19.212
-14.747 -39.942 19.890
-12.827 -36.639 20.178
-10.931 -35.851 16.987
-8.815 -32.908 18.084
-7.867 -30.154 15.652
-8.183 -30.612 11.912
-5.078 -32.186 10.322
-4.000 -32.210 6.643
-6.628 -32.820 3.961
-6.260 -36.435 2.829
-9.460 -36.866 0.738
-10.589 -34.184 -1.725
-13.868 -33.705 -3.558
-13.709 -33.162 -7.307
-14.584 -29.438 -6.994
-17.688 -27.372 -7.786
-17.159 -24.528 -10.250
-19.225 -21.444 -9.301
-19.473 -18.650 -11.842
-21.097 -15.344 -10.800
-21.858 -12.767 -13.473
-24.498 -10.260 -14.535
-24.188 -11.665 -18.049
-26.847 -13.857 -19.616
-26.324 -16.983 -21.699
-25.055 -15.911 -25.113
-23.682 -17.848 -28.064
-20.371 -16.923 -29.687
-19.672 -14.972 -32.811
-17.020 -16.795 -34.851
-14.586 -14.865 -36.977
-11.872 -16.266 -39.272
-8.185 -15.688 -38.555
-7.070 -15.524 -42.173
-3.522 -16.569 -43.234
6.372 -23.110 -45.983
4.121 -22.907 -42.903
0.949 -20.812 -42.652
-1.140 -20.136 -39.552
-4.911 -19.841 -39.638
-7.585 -19.996 -36.998
-10.906 -18.974 -35.534
-11.647 -16.167 -33.098
-14.556 -17.292 -30.892
-15.785 -14.094 -29.314
-18.404 -12.748 -26.875
-19.982 -15.852 -25.378
-21.202 -16.773 -21.922
-20.748 -18.939 -19.905
-17.714 -21.178 -20.409
-17.002 -23.488 -22.165
-16.852 -23.666 -25.906
-15.285 -26.621 -27.640
-13.427 -26.187 -30.917
-12.449 -28.865 -33.409
-10.986 -28.649 -36.897
-12.331 -30.419 -39.981
-14.775 -32.324 -37.753
-11.912 -33.927 -35.811
-9.870 -35.043 -38.816
-7.325 -32.215 -38.327
-5.569 -32.426 -34.953
-1.818 -32.004 -35.531
-0.637 -28.430 -35.104
-3.891 -27.277 -33.443
-3.718 -24.962 -30.438
-6.926 -23.951 -28.697
-6.142 -21.265 -26.122
-7.780 -20.795 -22.723
-10.692 -18.387 -22.805
-10.177 -14.894 -21.438
-12.883 -12.925 -19.634
-13.389 -9.598 -21.378
-14.292 -6.407 -19.547
-17.719 -6.782 -21.231
-18.225 -9.833 -19.008
-18.244 -12.178 -22.037
-15.527 -14.678 -22.847
-13.318 -14.912 -25.893
-10.858 -17.504 -27.127
-8.952 -18.318 -30.269
-8.023 -21.627 -31.852
-5.229 -21.839 -34.416
-3.585 -24.468 -36.563
-0.450 -24.402 -38.659
-0.575 -26.114 -42.039
1.489 -26.328 -45.224
1.147 -23.047 -47.063
0.839 -25.242 -50.169
-2.540 -26.626 -49.061
-4.027 -23.113 -49.201
-10.252 -25.458 -43.403
-13.340 -25.318 -41.188
-13.455 -24.769 -37.446
-16.312 -26.474 -35.577
-17.432 -24.398 -32.600
-19.923 -25.757 -30.056
-21.343 -23.818 -27.100
-23.564 -26.222 -25.145
-25.297 -23.575 -22.918
-26.727 -21.643 -25.871
-27.164 -24.746 -28.105
-24.943 -22.958 -30.644
-23.100 -24.835 -33.392
-21.086 -22.940 -36.012
-18.828 -24.413 -38.721
-16.789 -21.532 -40.196
-14.638 -21.810 -43.327
-11.328 -19.961 -43.028
-10.249 -18.943 -46.526
