1.182 -8.997 3.761
2.818 -7.922 7.042
1.496 -4.377 6.817
-1.902 -5.721 5.699
-2.247 -7.860 8.849
-1.382 -4.898 11.077
-3.992 -2.743 9.318
-6.621 -5.502 9.708
-5.614 -6.037 13.367
-6.109 -2.369 14.218
-9.509 -2.512 12.444
-10.801 -5.383 14.578
-10.097 -8.405 12.320
-8.534 -11.486 14.008
-5.148 -12.274 12.547
-2.772 -15.202 12.635
-0.270 -14.829 15.511
3.303 -14.213 14.410
5.954 -11.588 13.843
4.777 -8.004 14.270
5.926 -7.049 10.816
8.719 -8.260 8.605
11.688 -10.182 9.995
15.001 -8.301 10.289
17.157 -11.441 9.972
17.210 -15.202 10.590
18.349 -14.523 14.142
15.132 -12.637 14.825
13.249 -15.572 13.227
14.574 -18.122 15.759
13.537 -15.908 18.642
10.003 -15.271 17.420
9.592 -18.926 16.422
10.213 -20.125 19.982
7.794 -17.432 21.139
4.938 -18.278 18.836
5.584 -21.959 19.092
6.321 -24.518 16.350
5.100 -25.334 13.832
5.449 -21.947 12.059
5.265 -20.721 8.457
7.611 -18.385 6.618
5.944 -16.264 3.907
7.157 -13.700 1.379
5.566 -10.416 2.441
5.573 -9.347 -1.242
3.904 -12.639 -2.153
1.296 -13.998 -4.525
0.324 -17.169 -6.344
1.727 -19.479 -3.696
5.442 -18.880 -4.198
7.721 -18.171 -1.259
5.928 -20.178 1.476
7.617 -22.712 3.794
6.514 -24.832 6.731
9.106 -25.125 9.541
8.571 -27.671 12.327
11.840 -27.109 14.215
14.726 -24.666 14.315
16.758 -26.793 11.918
14.043 -26.418 9.257
13.530 -22.686 9.914
17.163 -21.791 9.223
17.244 -23.837 6.033
13.910 -22.565 4.820
14.625 -18.880 5.552
17.459 -18.600 2.955
15.460 -20.628 0.437
12.235 -18.651 0.808
14.273 -15.412 0.823
16.164 -16.202 -2.381
12.976 -17.489 -4.030
11.161 -14.232 -3.193
13.991 -12.043 -4.481
14.055 -13.912 -7.793
10.235 -13.975 -7.811
8.888 -10.658 -6.439
11.903 -8.299 -6.389
11.969 -8.229 -2.569
13.140 -10.995 -0.249
11.391 -9.864 2.934
9.733 -12.615 4.973
7.184 -12.699 7.760
6.598 -15.551 10.184
3.281 -16.812 11.458
1.863 -19.731 13.391
1.369 -22.685 11.116
-2.287 -23.680 11.543
-2.376 -27.486 11.123
-5.196 -28.907 9.026
-6.609 -25.504 8.032
-9.376 -24.517 5.643
-8.975 -21.560 3.261
-12.062 -19.355 3.658
-12.295 -16.074 1.741
-14.809 -13.221 1.730
-15.797 -11.229 -1.342
-16.313 -7.498 -0.927
-17.742 -5.003 -3.443
-17.818 -1.214 -2.867
-18.705 1.921 -4.831
-16.888 5.268 -4.790
-19.480 6.743 -2.374
-18.666 4.516 0.603
-21.346 1.852 0.122
-19.538 -1.479 0.720
-21.204 -4.908 0.891
-19.923 -8.460 1.215
-20.980 -11.313 -1.038
-20.387 -14.083 1.430
-17.521 -16.494 1.416
-15.919 -19.259 -0.601
-13.999 -22.327 0.515
-10.847 -22.699 -1.587
-9.017 -25.298 0.536
-8.316 -27.878 -2.186
-4.899 -26.814 -3.412
-1.623 -27.768 -4.989
1.532 -25.657 -4.686
-0.596 -23.435 -2.413
-2.760 -22.504 -5.452
-6.441 -23.258 -5.726
-7.938 -26.049 -7.817
-11.490 -26.404 -6.531
-13.618 -23.677 -5.027
-17.095 -23.752 -3.522
-19.632 -21.199 -2.328
-20.829 -20.774 0.302
-18.416 -22.642 2.559
-19.999 -25.596 4.347
-18.140 -24.607 7.506
-19.883 -21.375 8.456
-23.407 -21.038 9.784
-25.450 -18.065 8.579
-24.683 -16.223 11.840
-20.923 -16.578 11.450
-21.295 -15.572 7.785
-22.788 -12.227 8.775
-20.444 -11.742 11.762
-17.243 -12.275 9.819
-18.780 -10.515 6.827
-19.557 -7.418 8.917
-15.930 -7.297 10.103
-14.528 -7.351 6.577
-16.930 -4.623 5.451
-15.900 -2.445 8.420
-12.250 -2.906 7.609
-12.872 -2.258 3.889
-14.612 1.038 4.651
-11.787 2.003 7.030
-9.191 1.826 4.258
-11.611 3.357 1.748
-11.927 0.241 -0.441
-14.061 0.261 -3.590
-14.399 -2.033 -6.621
-13.984 -5.769 -6.003
-11.542 -7.262 -3.547
-11.147 -10.365 -1.438
-10.027 -10.957 2.175
-8.500 -14.393 2.707
-8.724 -16.229 6.087
-7.345 -19.512 7.466
-9.845 -21.431 9.616
-8.604 -23.636 12.453
-10.050 -26.962 13.583
-12.333 -25.338 16.208
-13.940 -23.194 13.438
-12.238 -19.813 14.045
-11.031 -17.524 11.240
-7.745 -15.593 11.088
-6.949 -13.094 8.362
-3.941 -13.780 6.237
-4.043 -11.540 3.151
-6.184 -9.321 0.951
-6.303 -9.504 -2.865
-7.129 -6.041 -4.231
-8.551 -7.307 -7.537
-11.022 -9.758 -9.026
-10.092 -13.393 -8.414
-10.235 -16.435 -10.695
-13.007 -18.011 -8.630
-15.446 -15.078 -8.543
-18.072 -17.023 -10.575
-19.099 -19.314 -7.693
-20.116 -16.216 -5.745
-22.046 -14.850 -8.731
-24.016 -18.061 -9.019
-25.290 -18.099 -5.411
-25.928 -14.337 -5.058
-26.943 -13.354 -8.595
-24.524 -10.387 -8.536
-22.455 -9.881 -11.740
-19.194 -8.773 -10.103
-17.226 -7.841 -13.247
-20.069 -5.780 -14.725
-20.318 -4.008 -11.335
-16.577 -3.334 -11.364
-17.086 -1.466 -14.624
-20.162 0.444 -13.481
-18.476 1.408 -10.195
-15.437 2.692 -12.060
-17.761 4.885 -14.166
-19.221 6.328 -10.935
-22.486 4.452 -10.700
-23.840 3.826 -7.217
-24.006 0.255 -5.956
-27.681 -0.747 -6.209
-27.623 -3.118 -3.222
-27.706 -3.122 0.498
-26.347 -5.902 2.655
-29.968 -7.057 3.343
-30.567 -7.679 -0.355
-27.693 -10.198 -0.584
-29.081 -13.762 -0.477
