4.651 -31.642 -11.607
5.801 -32.007 -7.981
6.384 -35.570 -6.758
7.399 -36.445 -3.182
8.235 -40.120 -2.600
8.974 -41.269 0.968
10.787 -44.507 1.834
12.565 -46.227 4.740
9.506 -47.456 6.678
9.295 -50.823 8.462
9.657 -52.623 11.799
12.240 -51.320 14.263
12.875 -52.429 17.865
12.103 -50.034 20.794
15.169 -47.818 21.276
16.294 -48.509 17.689
17.282 -46.016 14.975
15.779 -45.479 11.509
16.381 -42.909 8.757
13.538 -41.947 6.417
14.071 -40.608 2.883
11.931 -38.270 0.786
13.039 -38.043 -2.861
11.689 -34.930 -4.597
11.106 -34.040 -8.223
9.666 -30.770 -9.549
10.979 -28.727 -6.614
14.393 -28.143 -5.020
14.383 -29.480 -1.437
17.160 -27.131 -0.302
15.266 -24.082 -1.665
12.062 -24.778 0.265
10.345 -25.001 3.626
10.093 -28.790 4.025
8.300 -30.642 6.831
7.641 -34.111 8.172
4.134 -34.831 9.498
3.037 -38.118 11.075
-0.266 -39.948 11.565
-0.600 -42.770 14.108
-2.989 -45.584 12.949
-6.562 -44.254 13.007
-5.495 -40.994 14.702
-4.979 -37.405 13.499
-2.108 -35.457 11.912
0.902 -34.364 13.993
3.596 -32.021 12.649
7.073 -33.398 13.448
9.789 -31.134 12.016
10.674 -28.376 9.523
13.831 -27.248 7.731
14.114 -23.753 6.207
16.055 -22.946 3.004
18.719 -21.100 5.032
19.002 -24.255 7.166
17.118 -23.452 10.415
15.434 -26.505 11.970
12.491 -26.928 14.363
10.926 -29.906 16.126
7.689 -30.844 17.878
8.179 -31.194 21.653
7.356 -34.922 21.369
10.421 -35.666 19.193
12.801 -33.069 20.728
16.352 -34.439 21.102
15.563 -37.747 19.342
14.826 -36.774 15.723
16.982 -34.847 13.233
15.796 -33.363 9.939
18.338 -32.930 7.119
18.768 -32.848 3.339
21.139 -33.792 0.517
21.202 -31.207 -2.289
22.875 -33.486 -4.862
20.265 -36.252 -4.375
17.480 -33.641 -3.929
16.339 -35.601 -0.855
14.951 -34.746 2.607
15.806 -37.036 5.550
14.420 -37.727 9.018
16.810 -39.498 11.393
14.792 -41.132 14.193
16.740 -42.251 17.283
15.625 -43.704 20.645
12.323 -44.847 19.126
9.254 -45.581 21.264
5.973 -47.434 20.615
4.190 -44.052 20.357
6.334 -43.191 17.301
4.393 -45.819 15.298
2.854 -43.761 12.473
2.688 -43.076 8.759
5.356 -40.413 8.160
4.732 -37.879 5.360
7.095 -35.356 3.789
5.538 -32.077 2.619
6.383 -28.617 1.388
5.212 -26.774 4.501
4.547 -24.271 5.826
5.170 -21.932 2.863
5.235 -22.452 -0.903
3.081 -24.748 -3.047
1.216 -27.349 -0.993
2.587 -30.825 -1.791
2.546 -34.090 0.180
4.141 -37.476 -0.406
2.191 -40.749 -0.264
3.669 -41.652 3.153
5.663 -44.502 4.772
4.639 -46.594 7.806
7.035 -47.008 10.748
6.301 -49.707 13.350
8.062 -49.699 16.730
7.606 -53.165 18.262
9.691 -55.761 20.144
8.527 -58.460 17.677
10.199 -59.936 14.563
9.440 -59.304 10.862
7.240 -61.986 9.273
6.261 -62.326 5.602
2.708 -63.362 4.514
1.166 -66.690 3.571
-1.165 -66.259 0.583
-4.013 -68.772 0.228
-6.761 -68.891 -2.470
-10.313 -67.924 -1.573
-12.391 -69.934 -4.053
-16.071 -71.124 -4.102
-16.941 -74.718 -3.164
-23.208 -74.313 -12.234
-22.323 -71.073 -10.416
-24.555 -68.021 -9.945
-24.198 -65.349 -12.653
-21.824 -63.369 -10.389
-18.875 -65.350 -8.985
-16.360 -64.308 -6.314
-12.642 -65.139 -6.012
-10.159 -63.949 -3.389
-6.835 -64.126 -1.534
-6.324 -64.581 2.206
-3.171 -62.842 3.453
-2.338 -64.661 6.674
0.236 -64.281 9.451
2.330 -61.264 8.449
3.993 -58.451 10.415
4.197 -55.532 10.415
1.629 -53.577 8.414
1.199 -52.887 5.597
0.392 -55.099 2.608
-0.977 -54.044 -0.794
-3.012 -56.219 -3.186
-3.710 -55.791 -6.905
-5.168 -58.134 -9.547
-3.629 -59.110 -12.905
-0.902 -56.487 -12.232
-3.506 -53.778 -11.545
-5.342 -54.348 -14.855
-8.438 -55.459 -12.905
-9.872 -52.912 -10.452
-13.653 -53.080 -10.987
-15.309 -55.123 -8.225
-12.214 -55.489 -5.990
-12.582 -55.185 -2.214
-9.316 -55.346 -0.288
-10.249 -55.427 3.386
-8.492 -53.779 6.376
-6.321 -56.169 8.399
-7.180 -57.556 11.841
-4.676 -58.144 14.640
-5.030 -61.832 15.534
-4.451 -62.977 19.131
-1.072 -64.419 18.068
0.125 -60.872 17.264
0.106 -61.361 13.476
-2.088 -59.582 10.911
-4.532 -61.123 8.431
-6.600 -59.594 5.628
-8.692 -60.704 2.644
-8.907 -59.359 -0.912
-11.908 -60.410 -3.011
-13.140 -59.700 -6.539
-16.610 -60.271 -7.978
-16.507 -61.202 -11.679
-19.057 -62.421 -14.310
-19.298 -66.222 -14.020
-18.928 -66.593 -17.821
-15.331 -65.307 -17.636
-14.351 -67.854 -14.962
-13.175 -70.324 -17.645
-11.962 -67.862 -20.310
-10.001 -65.215 -18.371
-7.284 -65.800 -15.733
-7.037 -64.195 -12.265
-3.967 -63.595 -10.053
-3.569 -61.595 -6.833
-0.371 -59.533 -6.604
0.574 -59.140 -2.923
3.350 -56.823 -1.668
4.775 -56.792 1.867
7.450 -54.090 1.563
8.486 -54.413 5.296
9.793 -57.936 4.529
10.818 -57.145 0.912
8.481 -59.889 -0.389
6.115 -59.939 -3.377
3.746 -62.902 -3.826
1.835 -63.549 -7.070
-0.761 -66.316 -6.741
-3.111 -67.624 -9.441
