-2.176 -8.405 58.840
-1.697 -11.069 61.512
-1.689 -14.793 62.232
-3.130 -16.053 65.529
-2.634 -19.622 66.786
-4.820 -21.386 69.341
-5.203 -24.845 70.870
-2.219 -25.562 73.151
-0.825 -29.491 78.563
-1.718 -33.020 77.483
-0.139 -36.400 78.137
0.902 -39.370 75.901
-1.549 -40.868 73.452
-3.849 -37.872 73.546
-4.865 -35.635 70.691
-4.629 -31.872 70.325
-5.816 -29.505 67.633
-4.069 -26.258 66.727
-5.603 -23.509 64.641
-4.003 -20.625 62.782
-6.486 -17.864 61.980
-5.487 -14.815 59.995
-6.637 -11.206 60.070
-6.016 -8.404 57.614
-5.699 -10.601 54.553
-7.123 -13.631 52.806
-5.284 -16.898 53.142
-6.519 -18.587 49.975
-3.386 -17.712 47.990
-0.947 -18.520 50.806
0.812 -21.690 51.765
0.707 -22.291 55.510
3.402 -24.192 57.320
3.716 -25.266 60.916
7.136 -25.192 62.528
8.036 -26.144 66.061
10.929 -25.510 68.384
11.761 -27.381 71.538
14.193 -25.955 74.109
17.807 -26.649 73.208
16.912 -27.913 69.694
16.740 -26.370 66.255
13.525 -25.011 64.845
12.034 -27.767 62.687
9.325 -27.967 60.055
6.209 -29.924 61.021
3.695 -29.791 58.184
2.560 -27.576 55.342
-0.571 -27.032 53.268
-0.184 -25.376 49.871
-2.592 -22.903 48.320
-3.892 -25.818 46.237
-4.836 -27.697 49.415
-2.121 -30.334 49.103
-0.625 -31.673 52.334
3.061 -32.265 53.044
4.640 -33.633 56.194
8.224 -32.741 57.027
9.151 -34.466 60.298
9.492 -38.211 60.000
7.841 -38.391 63.483
4.539 -36.870 62.583
4.166 -38.719 59.265
0.218 -39.376 63.204
-0.506 -35.730 62.142
-2.972 -34.216 59.673
-3.288 -30.688 58.262
-6.322 -28.953 56.745
-7.536 -25.489 55.786
-10.898 -23.699 55.869
-10.580 -20.866 53.391
-14.116 -19.822 54.362
-13.080 -19.264 57.981
-9.608 -18.061 56.885
-8.031 -20.634 59.192
-5.743 -23.669 59.051
-5.831 -26.628 61.442
-3.140 -29.067 62.508
-4.432 -32.288 64.092
-1.914 -34.002 66.375
-2.652 -37.565 67.469
-0.707 -40.129 69.513
1.142 -37.348 71.332
4.559 -38.147 72.772
6.859 -36.164 75.109
9.203 -35.497 72.174
6.332 -33.446 70.675
6.677 -30.812 73.420
7.554 -27.527 71.724
6.404 -24.052 70.777
4.361 -24.371 67.592
4.277 -21.635 64.947
2.166 -21.163 61.859
3.688 -19.217 58.989
2.294 -17.979 55.672
3.963 -17.460 52.343
2.593 -16.564 48.928
4.247 -18.982 46.544
3.198 -20.894 43.452
0.024 -23.000 43.585
1.666 -26.265 44.744
4.589 -24.725 46.701
5.076 -25.846 50.303
8.565 -25.179 51.638
10.159 -26.966 54.598
12.631 -24.130 55.336
11.264 -21.568 57.777
13.497 -18.781 56.381
11.315 -18.562 53.237
8.043 -17.634 54.998
6.933 -13.977 55.205
4.255 -14.004 57.900
4.462 -15.561 61.339
2.037 -16.236 64.141
2.655 -15.535 67.815
3.485 -19.180 68.727
1.593 -21.465 71.150
3.197 -23.901 73.580
2.253 -27.578 73.472
3.531 -29.599 76.443
3.402 -33.395 76.713
