242.833 170.769 275.105
243.083 174.185 276.856
244.134 174.498 280.494
243.144 177.509 282.584
245.129 178.605 285.632
243.448 180.872 288.184
246.202 182.676 289.982
245.072 183.616 293.533
243.686 180.282 294.804
242.103 182.075 297.793
241.642 185.722 298.836
240.821 187.817 301.871
239.243 191.260 301.741
236.782 193.700 303.304
233.815 195.707 301.998
234.734 198.684 299.772
238.085 197.143 298.687
238.746 196.763 294.967
239.597 193.097 294.204
241.133 191.410 291.134
241.460 187.726 290.175
243.162 186.400 287.050
242.928 183.480 284.663
245.615 182.406 282.188
245.214 180.095 279.231
247.623 177.491 277.846
247.039 178.903 274.325
245.370 181.969 272.809
241.561 181.896 272.884
240.877 185.419 271.594
238.069 186.775 273.855
236.214 183.458 274.410
236.222 183.383 278.268
233.222 183.359 280.670
233.327 184.156 284.421
230.983 182.559 287.001
230.243 183.079 290.680
229.127 180.149 292.869
227.862 180.358 296.462
227.874 177.191 298.623
225.397 174.527 297.436
223.943 176.893 294.749
224.315 176.613 290.985
226.970 178.859 289.340
225.785 182.283 288.105
227.298 183.771 284.921
228.785 187.261 285.420
230.840 188.016 282.292
230.778 186.575 278.782
232.901 187.220 275.747
235.733 188.302 278.060
234.314 191.713 278.979
230.563 191.793 278.352
228.535 192.067 281.534
225.643 189.573 281.662
222.003 190.797 281.879
221.135 192.169 285.341
224.632 191.705 286.880
225.839 194.622 289.115
228.097 197.165 287.369
230.886 196.790 289.983
232.040 193.598 288.201
234.315 193.967 285.155
236.349 191.697 282.874
239.366 192.251 280.621
241.767 190.371 278.337
242.003 189.002 274.792
244.647 186.386 274.007
245.918 184.319 276.960
245.608 186.532 280.056
242.307 187.615 281.571
241.104 189.364 284.718
237.908 189.739 286.678
237.736 192.768 288.976
235.204 193.804 291.605
235.259 197.590 291.912
234.084 197.982 295.546
233.497 194.653 297.239
230.215 193.915 299.114
228.970 191.306 301.670
227.083 189.430 298.933
230.303 188.969 296.835
232.215 186.526 299.068
231.972 183.356 296.961
233.987 181.079 294.612
234.741 182.353 291.105
235.508 180.266 288.004
236.720 181.214 284.543
235.628 178.982 281.632
236.879 178.967 278.054
234.276 179.046 275.290
236.703 178.559 272.431
236.546 174.833 271.656
235.662 171.389 273.046
236.071 170.131 275.693
234.808 173.220 277.520
237.136 173.699 280.510
237.109 175.624 283.780
239.793 177.137 286.000
240.202 175.818 289.562
238.071 178.596 290.978
239.408 181.363 293.237
237.747 181.376 296.678
237.024 184.913 297.943
236.474 183.418 301.390
237.456 185.972 304.025
234.649 188.328 304.643
235.901 191.267 306.733
239.534 190.128 307.180
