141.399 267.911 175.540
144.703 266.232 174.750
144.846 267.810 171.334
147.081 267.004 168.423
147.003 269.403 165.456
149.254 268.717 162.652
150.057 270.741 159.464
152.544 270.852 156.597
150.830 268.679 154.002
150.289 269.396 150.319
150.631 268.301 146.718
154.057 267.147 145.537
155.817 265.479 142.618
157.242 261.977 143.162
160.840 262.007 144.326
160.723 265.159 146.464
160.896 265.543 150.268
158.004 266.740 152.445
158.075 267.286 156.215
155.005 266.872 158.440
154.763 268.793 161.730
152.272 267.541 164.335
151.866 269.810 167.357
150.675 268.651 170.777
148.892 270.374 173.646
146.969 269.624 176.812
149.058 266.701 178.091
152.580 265.665 179.071
154.063 265.192 175.603
157.331 263.678 176.838
155.641 261.012 178.969
153.825 259.355 176.041
154.981 257.638 172.877
153.662 258.609 169.481
152.823 256.959 166.121
151.944 257.892 162.564
149.060 256.189 160.751
148.137 256.861 157.122
144.805 256.164 155.471
144.787 255.900 151.696
141.718 257.420 149.980
139.112 254.692 149.702
141.256 252.321 151.757
141.671 251.541 155.459
144.200 252.751 157.994
147.839 251.670 157.917
150.557 252.234 160.506
153.875 253.606 159.232
156.141 254.846 162.034
156.936 254.752 165.763
158.847 257.154 167.986
159.605 256.441 171.666
158.703 258.852 174.549
162.325 260.137 174.747
162.803 259.517 170.992
165.474 256.932 171.804
163.711 254.141 169.781
161.908 254.128 166.372
160.627 251.396 164.008
159.054 251.729 160.543
156.720 249.611 158.438
158.497 247.244 156.060
156.988 249.021 153.051
158.433 252.390 154.118
161.428 251.263 156.145
164.362 253.634 155.792
162.580 255.830 153.195
161.119 258.018 155.982
162.639 259.224 159.232
160.712 260.212 162.360
161.773 262.562 165.144
160.293 264.516 168.049
161.335 267.752 169.774
160.410 267.457 173.450
161.052 271.165 174.023
158.495 272.424 171.431
156.030 269.528 171.995
155.997 268.925 168.246
156.090 265.659 166.300
157.868 265.370 162.963
157.676 262.933 160.049
160.480 263.859 157.653
159.662 262.034 154.412
162.020 261.622 151.456
161.580 260.030 148.007
157.786 259.899 147.879
156.110 257.445 145.506
152.657 257.102 143.976
151.312 254.795 146.697
152.137 257.313 149.448
148.984 259.388 148.874
146.964 259.251 152.091
145.564 261.265 154.977
148.391 261.009 157.496
147.350 260.981 161.161
149.551 261.630 164.177
148.323 259.457 167.044
149.510 258.885 170.634
150.484 255.467 172.073
148.001 254.639 174.850
149.255 251.526 176.685
151.689 250.990 179.565
152.254 247.242 179.111
154.947 245.838 176.794
153.204 243.528 174.376
150.160 245.573 173.395
149.365 249.194 172.561
146.605 251.321 171.033
145.830 254.851 169.846
143.400 256.742 172.053
143.844 260.336 170.738
144.281 261.150 167.049
145.154 264.363 165.185
142.752 265.757 162.506
145.004 264.718 159.561
147.237 266.128 156.751
146.518 265.244 153.094
149.781 264.258 151.350
149.081 264.077 147.610
151.569 262.889 144.979
151.100 264.306 141.476
152.155 262.116 138.551
