-2.239 11.930 -42.436
-3.561 8.962 -40.465
-5.822 9.483 -37.434
-2.976 8.233 -35.219
-0.617 10.908 -36.585
-3.248 13.672 -36.232
-4.554 12.793 -32.746
-1.910 12.094 -30.128
-1.520 11.239 -26.451
1.545 12.293 -24.457
2.994 10.912 -21.240
3.274 13.423 -18.374
7.059 13.661 -18.806
6.722 13.951 -22.598
4.270 16.799 -22.001
6.759 18.694 -19.800
9.377 18.430 -22.555
6.928 19.298 -25.386
5.013 22.111 -23.628
7.437 23.735 -21.128
5.763 27.155 -21.037
3.045 26.663 -18.386
5.495 24.787 -16.135
8.657 26.889 -16.498
8.205 29.613 -19.108
9.850 29.478 -22.526
12.859 27.342 -23.514
13.672 30.058 -26.058
16.110 32.915 -25.523
14.163 35.934 -24.299
15.139 39.589 -23.893
13.413 41.368 -21.010
13.733 45.138 -20.507
14.101 46.688 -17.085
14.912 43.880 -14.679
17.302 44.085 -11.753
20.678 42.365 -11.323
23.337 42.870 -8.652
26.289 45.046 -9.714
29.383 43.912 -7.744
31.424 47.057 -8.514
28.549 49.502 -7.911
27.616 47.382 -4.840
23.978 48.075 -5.742
21.065 46.681 -7.711
21.011 47.990 -11.283
18.370 47.881 -14.007
19.410 46.427 -17.360
18.122 44.638 -20.415
18.757 40.935 -19.801
18.748 38.023 -22.253
18.289 34.495 -20.940
16.157 31.363 -21.255
13.228 31.645 -18.777
12.954 27.889 -18.260
16.616 27.736 -17.167
16.019 30.509 -14.625
12.988 28.628 -13.276
14.542 25.180 -12.893
17.114 26.947 -10.722
14.443 28.903 -8.816
12.494 25.691 -8.053
15.505 24.194 -6.238
16.367 27.456 -4.491
12.832 27.953 -3.136
12.728 24.313 -1.976
15.761 25.078 0.199
14.153 28.216 1.647
11.039 26.116 2.355
13.081 24.006 4.774
13.446 27.011 7.114
9.661 26.930 7.536
9.545 23.149 7.991
12.499 23.222 10.417
13.266 26.605 12.026
16.716 25.219 12.948
17.740 25.523 9.279
20.531 28.115 9.236
22.353 28.001 5.899
21.811 27.878 2.147
24.869 27.506 -0.128
24.427 28.126 -3.863
27.222 27.195 -6.264
27.130 27.957 -9.991
30.051 26.554 -12.017
30.100 27.932 -15.560
33.018 25.686 -16.600
31.376 22.352 -15.721
27.735 23.398 -16.361
26.965 22.409 -12.764
24.669 24.084 -10.224
24.255 22.914 -6.638
22.055 24.059 -3.753
22.758 22.951 -0.171
20.726 23.590 2.971
21.006 22.318 6.527
18.178 21.640 8.967
16.166 18.435 8.723
16.631 16.421 5.528
14.259 14.053 3.734
13.588 10.917 5.855
15.661 7.991 4.553
12.607 5.775 4.845
10.723 3.444 2.500
7.334 4.971 1.699
4.948 2.169 2.576
2.512 2.523 -0.330
4.858 3.827 -3.044
7.451 1.037 -2.722
10.583 3.221 -2.806
12.634 5.447 -0.530
11.139 8.895 -0.009
13.803 10.895 -1.929
13.296 8.694 -5.023
9.563 9.420 -4.823
9.908 13.144 -4.194
12.599 13.885 -6.797
11.923 11.289 -9.493
8.127 11.093 -9.831
5.699 13.855 -10.786
2.894 14.999 -8.450
4.692 14.208 -5.167
4.803 16.642 -2.263
4.669 17.285 1.481
2.510 20.331 0.638
-0.733 18.523 -0.319
-2.586 18.579 3.034
-4.118 22.042 3.348
-5.876 21.261 6.625
-2.571 22.521 8.049
-1.705 26.193 7.535
1.758 26.313 5.942
3.864 29.247 4.727
6.086 27.237 2.400
6.211 28.292 -1.230
5.812 24.744 -2.500
2.241 23.831 -3.412
2.012 21.637 -6.511
4.449 18.687 -6.324
6.236 19.595 -9.608
9.193 21.879 -8.990
12.142 19.560 -8.412
10.917 17.073 -11.042
10.832 19.933 -13.562
14.514 20.596 -12.805
15.280 16.857 -13.140
13.427 16.583 -16.480
15.403 19.539 -17.881
18.769 18.121 -16.663
21.333 15.790 -18.227
22.305 14.762 -14.669
20.403 15.373 -11.422
21.591 14.215 -7.983
19.975 14.320 -4.538
22.092 13.793 -1.421
20.459 13.881 1.999
21.513 12.942 5.529
19.110 11.588 8.164
20.776 11.555 11.593
17.679 10.122 13.274
18.012 6.879 11.287
21.785 7.281 10.938
21.750 7.028 7.138
23.041 9.002 4.187
21.073 8.771 0.930
22.396 9.605 -2.549
20.668 9.042 -5.903
21.355 10.193 -9.474
19.103 10.561 -12.515
20.278 11.176 -16.067
18.948 12.232 -19.470
15.792 14.214 -18.671
14.777 11.931 -15.770
14.625 8.905 -18.099
17.524 7.072 -16.368
17.206 6.214 -12.662
20.372 4.920 -10.995
20.352 2.705 -7.905
20.352 4.743 -4.671
23.335 4.621 -2.337
22.386 4.250 1.323
25.257 4.318 3.806
25.592 4.491 7.600
26.768 7.801 9.016
30.265 8.144 10.447
30.702 9.920 13.811
31.742 13.123 12.020
28.617 12.934 9.862
26.354 12.373 12.879
27.990 15.385 14.534
27.565 17.595 11.456
23.779 16.970 11.381
21.153 16.733 8.649
21.385 18.455 5.276
20.135 18.192 1.695
22.189 18.968 -1.412
20.781 19.061 -4.950
23.273 19.084 -7.851
22.186 19.311 -11.470
23.670 19.802 -14.933
21.017 21.549 -17.072
20.253 20.098 -20.505
21.617 22.985 -22.566
20.664 21.337 -25.882
16.985 21.836 -24.978
17.437 25.431 -23.736
17.555 27.251 -27.094
21.112 27.356 -28.485
23.062 27.460 -25.224
26.621 26.185 -25.094
27.590 27.438 -21.615
26.076 28.981 -18.507
28.297 31.944 -19.476
25.983 32.633 -22.439
23.881 35.750 -21.991
22.747 37.040 -18.609
21.486 33.864 -16.936
24.205 33.767 -14.270
23.283 37.290 -13.151
19.571 36.476 -13.117
20.137 33.388 -10.956
22.594 35.236 -8.707
20.068 37.960 -7.837
17.555 35.364 -6.650
20.112 34.266 -4.066
20.330 37.904 -2.963
16.499 37.908 -2.800
16.372 34.851 -0.547
19.009 36.295 1.773
17.008 39.520 2.053
13.698 37.747 2.701
15.145 35.392 5.358
17.007 37.129 8.175
17.344 33.785 10.002
19.398 32.213 7.184
22.999 32.725 6.122
22.986 32.540 2.310
26.218 31.878 0.385
26.732 32.318 -3.368
29.894 30.677 -4.728
31.379 30.886 -1.243
30.449 34.549 -0.682
28.178 35.374 2.244
25.264 37.499 1.064
23.896 40.502 3.006
20.926 39.843 5.261
