16.702 -36.412 84.846
18.117 -34.074 82.200
20.952 -35.540 80.171
22.300 -35.873 76.581
20.674 -33.720 73.836
18.031 -31.200 74.926
16.794 -28.733 72.279
16.179 -25.125 73.288
13.009 -25.168 71.199
12.173 -22.454 68.685
8.708 -20.908 68.900
7.216 -20.991 65.373
4.864 -18.164 64.348
2.140 -17.990 61.698
2.099 -15.639 58.715
-0.113 -13.406 60.905
2.336 -13.429 63.876
0.378 -15.750 66.178
1.831 -18.848 67.820
1.838 -21.628 65.215
0.602 -24.252 67.654
0.385 -27.071 65.086
3.952 -26.432 63.926
5.185 -26.304 67.545
3.452 -29.572 68.468
4.828 -31.195 65.280
8.330 -29.970 66.140
8.223 -31.496 69.633
6.933 -34.876 68.364
9.670 -34.956 65.726
12.366 -34.022 68.282
11.237 -36.821 70.609
11.131 -39.345 67.763
14.674 -38.416 66.599
16.129 -38.967 70.102
16.058 -35.638 71.961
16.097 -36.460 75.680
14.322 -33.428 77.167
12.775 -30.134 76.092
13.237 -26.440 76.900
10.244 -24.372 75.746
10.184 -20.557 75.904
13.917 -19.985 76.379
16.221 -17.646 74.465
15.980 -19.678 71.262
12.206 -19.774 71.843
12.159 -15.939 71.475
10.849 -15.587 75.033
11.865 -11.887 74.944
9.128 -11.191 72.352
6.358 -13.376 73.828
3.667 -11.851 76.011
3.183 -13.381 79.444
0.158 -15.259 78.097
1.997 -16.567 75.026
4.978 -17.636 77.143
2.641 -19.590 79.444
0.820 -21.114 76.464
4.122 -22.265 74.905
5.120 -23.965 78.173
1.622 -25.442 78.507
1.647 -26.868 74.967
5.096 -28.377 75.438
4.186 -30.144 78.694
0.965 -31.513 77.189
2.661 -32.649 73.977
5.553 -34.366 75.787
2.967 -36.362 77.781
5.637 -37.651 80.161
7.787 -39.256 77.440
10.630 -36.774 78.086
11.088 -34.192 80.856
10.290 -30.513 80.294
12.475 -27.693 81.673
10.359 -24.541 81.284
12.066 -21.246 80.622
11.280 -18.905 83.537
13.921 -16.273 82.866
13.411 -12.584 83.512
15.404 -9.611 84.735
12.417 -8.899 87.043
12.268 -11.315 89.996
8.490 -10.836 90.350
7.942 -11.898 86.713
10.219 -14.921 87.146
8.203 -16.138 90.137
4.967 -15.833 88.166
6.375 -17.753 85.163
7.899 -20.321 87.539
4.653 -20.868 89.426
2.743 -21.134 86.148
5.147 -23.786 84.858
4.919 -25.799 88.082
1.118 -25.667 88.112
0.876 -26.752 84.489
3.193 -29.728 85.057
6.734 -28.749 83.996
9.458 -30.967 85.429
11.996 -28.204 86.101
12.829 -24.550 85.438
15.559 -22.771 83.474
16.318 -19.395 85.127
18.761 -16.999 83.414
21.005 -14.601 85.319
19.187 -11.216 85.039
20.064 -9.163 81.931
20.375 -5.386 81.379
19.909 -4.144 84.958
23.126 -5.882 86.159
22.414 -6.940 89.771
25.442 -7.530 91.957
26.143 -10.747 93.875
23.641 -9.865 96.629
21.030 -9.315 93.926
21.756 -12.708 92.336
21.285 -14.357 95.743
18.005 -12.476 96.271
16.781 -13.305 92.746
17.524 -17.030 92.699
16.625 -17.469 96.367
13.239 -15.777 95.946
12.408 -18.045 92.993
13.650 -21.170 94.790
11.481 -20.387 97.829
8.426 -19.743 95.622
8.290 -23.181 93.884
9.241 -26.758 94.704
10.467 -27.647 91.166
14.207 -28.179 90.490
15.937 -25.060 89.129
18.799 -24.792 86.617
20.865 -21.596 86.612
21.409 -20.283 83.075
24.790 -18.473 83.058
25.339 -16.623 79.749
27.471 -13.466 80.148
27.642 -13.021 76.353
23.983 -11.931 76.703
23.729 -10.731 80.341
27.169 -9.001 80.718
27.369 -10.032 84.396
28.505 -13.604 85.143
27.544 -15.652 88.174
30.805 -16.679 89.825
31.527 -20.131 91.253
31.285 -18.947 94.883
27.772 -17.565 94.334
26.666 -20.693 92.474
27.986 -22.925 95.263
26.275 -20.825 97.943
22.936 -21.163 96.111
23.329 -24.957 95.788
24.174 -25.202 99.495
21.272 -22.956 100.574
18.374 -24.146 98.350
17.842 -27.867 97.853
15.952 -27.292 94.575
18.751 -25.359 92.852
20.198 -28.427 91.176
22.128 -27.571 88.011
23.488 -25.094 85.481
23.145 -24.390 81.760
26.683 -23.089 81.237
26.828 -21.014 78.052
30.245 -19.483 78.816
32.182 -21.797 76.511
35.079 -21.667 79.027
35.170 -25.288 80.098
37.607 -24.734 82.984
34.478 -23.373 84.730
32.888 -26.819 84.487
35.792 -28.196 86.557
35.436 -25.379 89.091
31.670 -25.876 89.339
32.075 -29.657 89.727
34.473 -29.182 92.637
32.702 -26.270 94.349
29.105 -27.521 93.914
29.726 -31.305 93.969
29.637 -34.054 91.361
25.854 -34.380 91.984
25.368 -30.820 90.652
23.912 -31.308 87.158
25.949 -29.463 84.515
24.534 -28.967 81.024
26.410 -27.231 78.228
24.819 -24.075 76.872
27.380 -23.923 74.014
27.021 -26.493 71.200
30.550 -26.029 69.854
32.226 -26.883 73.188
29.659 -29.392 74.521
32.046 -32.302 73.823
34.830 -31.051 76.121
32.253 -29.730 78.600
31.016 -33.288 79.151
34.500 -34.755 79.691
35.022 -32.091 82.414
31.854 -33.302 84.145
28.828 -32.192 82.074
26.069 -34.721 81.316
24.353 -33.081 78.355
23.690 -29.973 76.306
20.735 -27.596 76.023
21.254 -27.108 72.336
20.461 -24.690 69.508
21.578 -27.061 66.762
19.397 -29.932 68.036
16.403 -27.982 66.642
17.822 -28.595 63.155
19.697 -31.912 63.431
18.098 -33.702 66.404
19.145 -37.239 65.410
22.901 -36.632 64.928
22.917 -34.410 68.022
21.419 -37.275 70.035
23.823 -39.815 68.533
26.671 -37.446 69.442
25.553 -37.232 73.082
24.942 -41.002 73.222
28.507 -41.704 72.048
29.771 -39.414 74.822
27.710 -41.089 77.549
28.987 -44.503 76.405
32.589 -43.282 76.677
33.135 -43.697 72.922
35.048 -40.444 72.628
36.686 -41.390 69.320
33.209 -41.688 67.805
32.055 -38.517 69.570
34.938 -36.639 67.910
33.840 -37.934 64.498
30.362 -36.502 65.133
31.904 -33.234 66.401
33.812 -32.783 63.137
30.551 -33.350 61.225
28.464 -31.029 63.441
30.961 -28.224 64.116
30.412 -26.408 60.771
26.646 -26.418 61.356
26.994 -25.183 64.971
29.113 -22.326 63.645
27.014 -21.451 60.581
23.855 -21.172 62.718
25.209 -18.127 64.596
26.844 -16.085 61.819
23.577 -14.147 62.172
21.112 -14.531 65.091
20.414 -18.218 65.650
16.610 -17.715 65.877
16.272 -16.825 62.224
19.089 -19.116 61.103
17.423 -22.155 62.718
14.041 -21.298 61.166
15.709 -20.788 57.766
17.321 -24.226 58.056
14.114 -25.987 59.165
12.122 -24.400 56.340
14.785 -25.533 53.878
14.637 -29.100 55.285
10.884 -29.278 54.612
9.658 -28.917 58.187
6.373 -27.019 58.551
8.003 -23.965 60.162
7.591 -20.448 58.784
10.495 -17.991 58.637
8.556 -15.437 60.734
10.411 -14.001 63.756
9.501 -11.027 65.972
11.324 -7.686 65.830
14.044 -6.872 66.681
14.947 -10.248 65.108
14.559 -10.275 61.319
14.161 -13.280 59.034
16.199 -11.789 56.145
19.608 -13.508 56.072
22.559 -12.572 53.878
23.135 -14.915 50.944
26.591 -15.806 52.334
24.956 -16.883 55.598
22.385 -19.064 53.832
25.166 -20.556 51.700
27.199 -21.440 54.798
24.165 -23.052 56.459
23.233 -24.994 53.296
26.785 -26.345 52.898
26.915 -27.467 56.548
23.506 -29.172 56.228
24.590 -30.977 53.064
27.901 -32.089 54.625
25.828 -33.822 57.333
23.405 -35.116 54.682
20.121 -33.816 56.107
18.060 -32.987 52.970
15.579 -35.799 52.273
15.294 -34.882 48.570
10.566 -8.609 78.097
