193.492 233.644 163.652
192.394 231.826 166.788
194.625 231.675 169.846
197.529 229.263 169.720
197.838 225.853 171.325
200.177 227.082 174.062
198.049 230.106 174.978
195.349 227.789 176.312
197.805 226.133 178.698
199.178 229.519 179.750
195.674 230.500 180.816
195.350 227.184 182.670
198.352 227.864 184.895
197.535 231.555 185.227
194.007 230.702 186.379
195.578 228.385 188.939
196.765 231.526 190.754
193.201 232.675 191.634
192.372 229.016 192.130
194.650 228.941 195.162
193.910 232.506 196.224
190.301 231.346 196.530
191.528 228.684 198.959
193.474 231.427 200.761
190.225 233.313 201.306
187.590 230.582 201.675
189.497 228.964 204.526
190.400 232.338 206.026
186.685 233.071 206.241
186.592 229.865 208.351
184.585 227.384 206.344
