-11.223 -33.615 44.724
-7.835 -32.236 45.686
-6.004 -30.365 48.405
-3.058 -28.033 47.774
-0.763 -27.404 50.731
2.334 -25.285 51.248
5.305 -27.143 52.738
8.983 -26.542 53.383
11.597 -29.223 52.744
14.279 -30.054 55.297
16.903 -29.821 52.537
15.579 -26.566 50.975
14.207 -24.573 53.918
14.042 -21.192 52.139
11.779 -22.123 49.203
8.061 -22.810 49.418
7.011 -26.073 47.798
3.437 -27.034 46.983
1.978 -30.459 47.669
-1.067 -31.340 45.557
-2.916 -34.497 46.601
-5.926 -35.613 44.594
-8.210 -38.614 44.622
-10.928 -39.852 42.281
-13.090 -41.626 44.866
-11.492 -41.334 48.304
-7.980 -41.045 49.685
-8.163 -44.583 51.062
-8.983 -45.961 47.593
-5.984 -44.422 45.823
-4.565 -40.947 45.335
-2.089 -38.933 43.284
0.587 -36.866 45.053
2.434 -34.058 43.256
5.248 -31.869 44.579
6.322 -28.703 42.788
8.575 -25.695 43.378
6.970 -23.672 40.577
9.617 -24.897 38.129
9.792 -28.702 38.255
7.195 -31.160 39.466
7.304 -34.728 40.756
4.260 -37.012 40.816
3.444 -40.436 42.195
0.344 -42.616 42.060
-0.574 -44.501 45.234
-2.970 -47.398 44.741
-5.410 -48.790 47.275
-3.262 -51.903 47.761
-0.083 -49.821 48.115
-1.665 -47.993 51.060
-2.585 -51.266 52.758
0.893 -52.663 52.058
2.575 -49.549 53.448
0.456 -49.723 56.603
1.418 -53.403 57.012
5.125 -52.721 56.425
4.835 -50.040 59.153
3.030 -52.432 61.540
0.326 -49.771 61.784
-3.440 -50.201 61.733
-4.689 -49.124 58.313
-7.165 -46.548 59.624
-4.430 -44.922 61.704
-2.002 -44.900 58.783
-4.666 -43.287 56.589
-5.485 -40.810 59.348
-1.831 -39.788 59.453
-1.657 -39.415 55.672
-4.639 -37.062 55.862
-3.194 -34.876 58.618
0.225 -34.682 56.939
-0.526 -34.629 53.196
-3.802 -32.687 53.275
-3.020 -30.409 56.255
4.032 -31.426 63.707
5.075 -33.107 60.457
8.376 -32.745 58.614
8.771 -33.226 54.872
11.832 -34.609 53.099
12.639 -34.693 49.408
15.834 -34.872 47.391
15.842 -33.919 43.718
18.591 -36.512 43.171
16.729 -39.502 44.665
13.164 -38.362 43.841
12.189 -39.955 47.161
9.641 -38.189 49.356
9.164 -39.131 52.996
7.576 -37.282 55.887
7.923 -37.837 59.612
5.935 -37.186 62.763
7.950 -35.292 65.382
6.809 -35.693 68.974
8.745 -34.158 71.857
12.405 -35.227 71.584
11.515 -38.088 69.185
10.389 -38.460 65.566
9.504 -41.364 63.287
8.799 -41.877 59.604
5.135 -41.879 58.545
5.437 -43.634 55.230
7.272 -42.556 52.103
6.668 -42.348 48.381
8.836 -42.372 45.283
7.844 -39.496 42.993
8.755 -39.408 39.304
9.923 -36.167 37.731
7.074 -35.031 35.506
7.913 -34.398 31.843
