-26.614 88.525 38.874
-25.354 89.713 35.394
-28.745 91.406 34.419
-28.151 94.108 37.202
-24.713 95.010 35.565
-24.295 96.746 32.089
-20.564 95.680 31.878
-19.012 92.188 31.296
-17.405 90.736 34.493
-15.374 87.997 32.676
-13.974 87.938 29.077
-15.803 85.651 26.566
-14.788 81.954 26.200
-13.703 80.029 23.045
-13.289 76.217 22.864
-10.802 74.832 20.283
-11.363 71.068 19.636
-8.196 69.897 17.783
-5.125 72.039 18.712
-3.072 71.515 15.515
-1.863 73.615 12.560
-5.227 75.149 11.498
-6.747 75.183 15.011
-3.658 76.804 16.591
-3.401 79.323 13.697
-7.120 80.313 14.120
-6.712 80.573 17.936
-3.766 83.010 17.362
-5.858 85.076 14.822
-8.799 85.353 17.310
-6.525 86.459 20.237
-4.895 89.062 17.875
-8.240 91.032 17.562
-10.190 89.817 20.699
-9.500 89.633 24.473
-10.865 86.088 25.235
-10.093 82.794 27.087
-9.312 79.942 24.609
-9.665 76.457 26.208
-8.035 73.637 24.153
-9.079 69.943 23.751
-7.177 67.247 21.712
-7.085 63.370 21.786
-3.239 63.915 21.793
-2.321 65.355 25.277
1.226 66.335 24.055
-0.358 68.525 21.292
-2.713 70.521 23.628
0.018 70.801 26.349
2.380 72.246 23.676
-0.451 74.582 22.478
-0.659 75.839 26.130
3.211 76.168 26.426
3.211 78.365 23.222
0.284 80.613 24.454
-1.955 79.391 21.550
-4.557 78.289 24.172
-4.948 79.690 27.750
-6.445 76.512 29.350
-6.521 72.709 28.703
-10.070 71.226 28.972
-10.362 68.238 31.386
-14.139 67.980 30.557
-15.215 68.668 26.906
-18.842 69.131 28.150
-18.100 71.788 30.884
-15.890 73.789 28.417
-18.483 73.727 25.545
-21.405 74.575 27.900
-19.685 77.902 28.956
-18.262 78.799 25.464
-19.425 81.779 23.291
-17.543 80.256 20.282
-16.748 76.541 19.653
-14.209 75.729 16.859
-13.673 72.180 15.484
-10.165 71.970 13.900
-10.222 68.119 13.895
-10.106 66.070 10.648
-13.531 66.160 8.857
-14.646 62.555 9.718
-13.743 63.208 13.428
-15.707 66.549 13.405
-18.744 64.699 11.868
-18.571 62.055 14.695
-18.140 64.720 17.480
-21.298 66.718 16.481
-23.667 64.073 18.047
-21.867 64.529 21.454
-22.217 68.366 21.156
-26.013 67.846 20.526
-26.254 66.069 23.976
-24.752 69.175 25.803
-26.683 72.260 27.101
-24.869 75.133 25.292
-25.433 78.915 25.674
-28.401 80.228 23.586
-26.091 82.803 21.830
-23.275 80.236 21.017
-21.670 80.115 17.552
-20.201 76.719 16.487
-17.865 76.451 13.449
-15.350 73.995 11.905
-12.425 74.393 9.454
-12.967 71.108 7.472
-11.630 70.922 3.850
-15.059 69.327 2.921
-18.484 70.694 4.073
-21.297 68.507 2.590
-21.122 65.555 5.091
-20.542 67.885 8.100
-23.452 70.243 7.209
-25.823 67.232 6.569
-24.933 65.920 10.074
-25.447 69.447 11.591
-28.898 69.789 9.862
-29.921 66.331 11.266
-28.857 67.216 14.877
-29.266 71.002 15.521
-31.893 72.495 13.093
-33.249 75.864 14.471
-31.570 75.406 17.930
-27.745 75.930 17.457
-25.949 78.421 15.106
-23.525 76.014 13.350
-21.573 77.670 10.481
-19.230 75.401 8.470
-15.769 76.929 7.763
-12.894 76.239 5.308
-9.814 78.490 5.362
-8.274 78.038 1.830
-4.692 78.287 3.197
-2.451 75.852 5.096
0.549 73.521 4.754
1.582 69.841 4.359
3.244 70.557 7.809
1.236 69.368 10.890
1.148 70.277 14.596
0.569 73.463 16.656
4.421 73.891 16.430
3.827 75.196 12.801
0.760 77.446 13.660
0.878 81.194 12.715
-1.653 84.068 13.244
-1.041 85.287 9.625
-1.468 81.807 7.957
-4.838 82.867 6.361
-3.811 86.484 5.404
-5.354 87.480 1.992
-6.694 83.855 1.521
-10.376 82.977 0.860
-12.285 81.581 3.906
-15.522 79.731 2.941
-18.533 79.778 5.338
-21.478 77.331 4.905
-24.116 78.469 7.453
-26.994 76.092 8.367
-30.338 76.961 6.636
-31.826 78.580 9.831
-28.738 80.714 10.743
-29.562 84.455 10.509
-27.192 86.934 8.750
-26.162 88.673 12.037
-24.582 85.339 13.293
-22.541 84.996 10.029
-21.442 88.666 10.497
-20.578 87.837 14.172
-18.410 84.876 13.034
-16.680 87.123 10.406
-15.956 89.546 13.320
-14.651 86.677 15.569
-12.240 85.793 12.703
-11.364 89.330 11.373
-7.812 88.731 12.794
-7.281 86.123 9.985
-7.089 88.883 7.306
-9.081 86.431 5.089
-11.672 87.221 2.353
-14.873 85.534 3.684
-17.238 83.958 1.138
-20.646 82.332 1.889
-21.253 79.261 -0.337
