0.518 -0.782 37.083
3.861 -2.542 37.444
5.032 -4.709 40.348
8.737 -5.207 39.629
11.269 -7.143 41.666
14.774 -5.939 42.545
17.627 -7.145 44.750
18.252 -4.885 47.749
21.885 -3.846 48.115
21.653 -1.034 50.673
19.502 0.727 53.259
20.634 4.176 54.434
18.232 5.923 56.785
14.888 5.600 55.009
16.562 5.395 51.575
16.795 1.986 49.854
19.379 1.152 47.169
18.334 -1.476 44.610
20.138 -3.361 41.845
18.934 -3.074 38.256
19.229 -5.884 35.745
22.107 -4.075 33.977
24.209 -3.861 37.160
23.518 -0.147 37.692
21.850 1.002 40.926
18.992 3.218 42.133
19.069 4.703 45.624
16.128 7.159 45.593
13.606 4.449 46.584
12.190 5.018 50.077
10.822 2.649 52.690
7.020 2.571 53.034
5.716 4.738 55.849
2.039 5.610 55.326
-0.133 2.728 56.583
0.258 0.360 59.529
1.067 -2.582 57.231
3.770 -0.364 55.689
5.510 0.309 59.014
5.502 -3.414 59.789
7.035 -4.110 56.371
9.660 -1.357 56.569
10.796 -2.659 59.953
11.034 -6.215 58.573
13.170 -4.892 55.704
15.425 -3.017 58.126
15.674 -6.052 60.417
16.449 -8.382 57.512
19.055 -5.934 56.204
20.773 -5.482 59.565
20.978 -9.264 59.867
22.764 -9.424 56.551
20.054 -11.385 54.748
19.955 -11.101 50.954
16.417 -10.349 49.802
14.276 -8.711 47.119
11.593 -6.049 47.201
8.490 -5.670 45.069
7.974 -2.122 43.773
4.452 -1.170 42.743
4.220 1.766 40.374
1.340 3.832 39.007
0.601 7.445 38.097
4.281 8.310 38.557
4.214 6.985 42.133
6.323 4.088 43.380
6.198 2.224 46.674
7.776 -0.868 48.182
4.928 -3.284 48.896
6.596 -6.612 49.387
9.837 -8.250 50.510
11.039 -11.626 49.221
13.644 -13.598 51.175
