-10.356 -46.622 1.850
-6.779 -47.156 0.612
-3.451 -47.597 2.425
-2.508 -44.048 1.450
-5.753 -42.629 2.838
-5.226 -44.555 6.090
-1.699 -43.069 6.238
-2.982 -39.516 5.695
-5.641 -40.032 8.397
-2.936 -41.230 10.820
-0.956 -38.009 10.778
0.035 -36.327 14.001
2.758 -33.711 14.349
5.867 -35.317 15.869
8.168 -33.152 17.983
10.479 -35.783 19.522
12.873 -37.764 17.364
15.518 -40.424 17.792
19.160 -39.653 16.964
18.970 -41.893 13.834
19.590 -40.292 10.428
17.475 -40.515 7.299
19.323 -42.474 4.589
20.455 -40.851 1.388
18.009 -43.008 -0.574
15.131 -42.126 1.767
15.908 -38.407 1.487
16.032 -38.698 -2.308
12.638 -40.428 -2.315
11.098 -37.664 -0.178
12.606 -34.928 -2.378
11.447 -36.762 -5.523
7.932 -36.751 -4.015
8.223 -32.974 -3.567
9.413 -32.637 -7.163
6.395 -34.566 -8.478
3.927 -31.975 -7.147
1.742 -30.014 -9.569
3.104 -26.563 -10.539
1.085 -23.497 -11.534
1.829 -22.555 -15.136
4.767 -24.951 -14.779
6.612 -22.052 -13.129
8.457 -24.416 -10.739
8.784 -21.573 -8.243
9.895 -23.294 -5.027
13.209 -23.821 -3.274
14.101 -26.014 -0.282
16.989 -24.986 1.991
18.336 -28.150 3.639
19.984 -27.242 6.964
22.854 -29.586 7.758
25.091 -27.189 9.716
24.502 -27.608 13.455
25.333 -23.973 14.262
22.569 -22.955 11.853
20.229 -25.506 13.421
20.894 -24.099 16.898
20.307 -20.504 15.786
17.058 -21.644 14.151
15.927 -23.194 17.465
16.154 -19.668 18.917
14.652 -17.879 15.943
11.606 -20.221 15.925
10.820 -19.447 19.577
12.969 -22.070 21.315
11.699 -25.096 19.371
14.367 -27.691 20.208
12.979 -30.194 17.670
14.446 -27.922 14.951
17.915 -29.117 16.059
16.924 -32.623 17.285
15.281 -33.712 14.026
17.291 -35.756 11.544
16.377 -33.233 8.831
15.248 -29.594 8.963
14.246 -28.007 5.667
13.077 -24.473 4.919
10.446 -24.192 2.193
10.599 -21.027 0.121
8.641 -19.468 -2.708
11.239 -18.458 -5.320
11.066 -16.088 -8.296
14.790 -15.316 -8.017
15.341 -18.321 -10.263
13.139 -16.609 -12.879
14.989 -13.303 -12.574
18.246 -15.170 -13.228
16.766 -16.635 -16.399
15.174 -13.337 -17.454
16.722 -10.192 -15.922
13.801 -8.281 -17.490
11.212 -10.288 -15.525
7.985 -8.644 -14.375
7.970 -9.259 -10.622
6.256 -7.897 -7.503
2.754 -8.821 -8.627
0.496 -10.010 -5.812
-0.640 -12.883 -8.066
2.931 -14.246 -7.888
2.785 -14.216 -4.084
-0.435 -16.281 -4.140
0.927 -18.678 -6.745
4.330 -19.144 -5.123
2.848 -19.748 -1.686
0.285 -22.242 -3.021
2.773 -24.265 -5.012
5.403 -24.342 -2.248
2.873 -25.438 0.362
1.566 -28.228 -1.884
5.124 -29.429 -2.444
5.831 -29.542 1.279
2.711 -31.638 1.929
3.816 -34.133 -0.736
7.192 -34.327 1.035
5.547 -34.863 4.414
3.237 -37.635 3.216
6.199 -39.332 1.503
8.171 -39.127 4.745
5.268 -40.342 6.854
4.869 -43.289 4.460
8.426 -44.375 5.378
7.533 -44.375 9.065
9.062 -40.958 9.746
7.491 -38.288 11.870
7.277 -34.670 10.903
6.140 -31.252 12.010
5.947 -27.961 10.136
7.609 -24.904 11.670
5.837 -21.668 10.903
7.687 -20.165 13.847
10.435 -19.133 11.408
8.109 -16.318 10.531
8.551 -14.992 14.119
11.720 -13.258 12.999
11.518 -13.687 9.318
14.114 -11.026 8.526
16.707 -12.738 10.753
15.977 -16.092 9.085
16.291 -14.478 5.646
19.751 -13.163 6.568
20.848 -16.382 8.274
20.035 -18.468 5.177
21.537 -15.833 2.867
18.290 -15.521 0.894
18.301 -12.865 -1.872
15.337 -10.802 -2.940
12.411 -12.563 -4.636
12.667 -15.490 -2.197
10.156 -15.985 0.640
10.841 -18.474 3.484
7.435 -19.723 4.580
7.945 -22.520 7.101
10.321 -25.241 8.116
9.816 -29.001 8.162
11.337 -31.279 10.802
11.657 -34.949 9.832
13.010 -37.850 11.842
12.338 -41.252 13.295
9.624 -40.779 15.921
10.258 -40.883 19.675
6.654 -39.961 20.562
3.245 -41.264 19.824
0.667 -38.469 20.300
-3.087 -38.953 20.015
-4.991 -37.825 16.931
-6.444 -34.328 17.312
-10.024 -34.105 16.036
-10.713 -31.740 13.194
-13.522 -29.448 12.164
-16.259 -31.615 10.634
-17.020 -31.715 6.931
-20.341 -30.039 7.789
-18.349 -26.873 8.571
-15.432 -27.217 6.125
-17.475 -28.024 3.012
-20.117 -25.714 1.533
-22.433 -26.903 -1.282
-22.550 -24.359 -4.167
-22.324 -21.163 -2.076
-20.635 -20.059 1.134
-22.606 -20.826 4.292
-22.365 -19.360 7.806
-21.333 -21.523 10.701
-23.903 -23.721 11.964
-24.141 -23.093 15.729
-25.100 -26.707 16.507
-22.273 -28.230 14.430
-19.828 -25.912 16.113
-21.167 -26.758 19.596
-20.756 -30.442 18.945
-17.188 -29.964 17.645
-16.344 -27.763 20.628
-17.491 -30.571 22.950
-15.420 -33.126 20.949
-12.282 -30.990 21.154
-12.895 -29.860 24.812
-12.697 -33.468 25.838
-9.339 -33.659 23.989
-8.030 -30.637 25.871
-9.291 -31.839 29.284
-6.952 -34.821 29.412
-4.025 -32.431 28.713
-5.009 -29.752 31.278
-3.905 -29.272 34.845
-7.434 -28.747 36.138
-11.049 -29.372 35.194
-11.597 -26.058 33.370
-13.336 -26.254 29.998
-11.427 -25.306 26.858
-12.889 -25.574 23.368
-11.993 -24.726 19.745
-14.073 -21.536 19.959
-12.134 -20.524 23.087
-8.831 -21.165 21.289
-9.995 -19.029 18.388
-11.194 -16.176 20.608
-7.828 -15.959 22.376
-5.807 -16.385 19.163
-7.702 -14.027 16.848
-7.474 -11.020 19.230
-3.686 -11.075 18.782
-1.868 -9.057 16.157
0.532 -11.876 15.122
3.670 -11.106 13.116
2.745 -7.515 12.155
6.060 -6.909 10.367
5.173 -9.324 7.520
3.691 -6.783 5.059
6.704 -4.483 5.109
9.036 -7.487 4.947
7.218 -8.837 1.888
7.705 -5.500 0.136
11.401 -5.337 1.055
11.861 -8.801 -0.471
10.043 -7.810 -3.670
6.622 -9.442 -3.052
3.202 -7.945 -3.617
4.423 -4.424 -4.321
1.741 -4.174 -7.066
