8.973 0.647 -5.905
11.396 2.768 -3.856
9.249 2.739 -0.690
9.890 0.113 1.999
7.733 -0.503 5.054
4.096 -0.258 6.124
3.879 1.853 9.304
7.576 2.751 9.615
8.109 3.733 5.983
11.216 4.896 4.127
11.131 6.275 0.576
14.606 6.618 -0.923
16.021 8.458 -3.924
19.262 9.255 -5.636
21.888 8.005 -8.080
25.638 8.638 -8.171
25.906 11.330 -10.869
22.970 13.400 -9.576
22.898 16.174 -6.979
22.170 14.286 -3.754
21.113 10.910 -2.386
18.871 10.284 0.599
15.456 9.250 1.870
12.308 10.282 3.722
11.485 8.350 6.893
7.738 8.428 7.567
6.197 7.176 10.796
9.044 7.578 13.279
7.770 7.796 16.880
7.895 11.335 18.280
10.216 12.331 21.087
13.169 10.174 20.022
16.599 11.723 20.561
17.845 11.985 16.972
20.712 13.956 15.446
23.215 13.214 12.698
25.413 11.514 15.325
22.880 8.650 15.492
23.140 8.120 11.730
26.710 8.831 10.653
28.412 5.795 12.330
26.572 3.222 10.211
27.009 5.440 7.147
30.683 5.925 8.028
30.891 2.104 8.047
29.719 1.823 4.424
33.057 2.592 2.712
35.752 1.361 5.186
37.299 15.596 4.230
34.581 13.345 5.605
32.592 13.195 2.375
29.447 11.117 3.003
27.874 13.199 5.772
24.131 13.149 6.416
22.108 16.281 7.124
18.648 15.958 8.676
16.209 18.090 6.689
12.997 17.840 8.741
11.062 15.890 11.341
13.289 16.979 14.237
13.541 19.950 16.583
16.054 20.413 19.412
17.475 16.964 18.715
14.114 15.214 19.120
11.712 13.833 16.529
8.323 15.477 16.014
6.527 12.552 14.363
6.526 14.199 10.923
8.539 12.877 7.955
12.324 12.942 8.389
14.278 13.888 5.259
17.988 13.018 5.220
20.659 13.425 2.574
24.284 12.878 1.600
25.482 15.356 -1.021
26.878 13.813 -4.208
30.501 14.856 -4.665
30.626 13.194 -8.113
35.858 4.660 -26.395
34.035 2.010 -24.363
31.213 3.883 -22.606
27.812 3.046 -24.140
29.433 0.808 -26.748
28.866 -2.454 -24.858
26.531 -3.109 -21.936
28.851 -4.283 -19.184
28.297 -8.037 -18.651
26.256 -8.938 -15.555
25.478 -5.244 -15.004
22.105 -3.507 -15.218
23.069 -1.446 -18.284
21.068 -3.477 -20.807
18.000 -4.083 -18.626
17.768 -0.348 -17.895
17.843 0.459 -21.622
15.088 -2.116 -22.170
12.871 -1.126 -19.231
13.418 2.650 -19.241
14.844 3.229 -22.723
17.727 5.144 -21.112
20.501 4.589 -18.574
22.867 6.908 -16.755
25.766 7.987 -18.961
28.108 5.939 -16.751
28.373 4.287 -13.354
25.104 2.339 -13.585
23.161 5.026 -11.720
20.264 3.804 -9.598
21.329 0.152 -9.874
24.715 0.837 -8.224
25.535 0.873 -4.497
25.044 4.610 -3.887
21.277 4.092 -3.505
21.906 2.148 -0.281
22.731 5.412 1.521
19.009 5.964 2.035
18.753 2.429 3.412
21.529 2.931 5.968
20.366 6.413 6.979
16.854 5.119 7.667
18.106 1.924 9.308
20.008 3.981 11.877
16.737 5.459 13.158
15.146 1.999 13.232
18.150 0.577 15.095
17.889 3.146 17.899
14.148 2.515 18.287
14.657 -1.251 18.542
17.311 -0.689 21.216
14.859 1.344 23.298
12.145 -1.247 22.606
13.761 -4.472 23.848
17.532 -3.856 23.609
17.609 -5.465 20.169
21.133 -6.163 18.897
21.757 -6.483 15.148
25.266 -7.651 14.211
26.389 -8.756 10.748
29.724 -10.131 9.584
31.391 -11.740 6.588
31.325 -15.530 6.917
32.471 -16.505 3.414
34.546 -15.060 0.573
34.656 -17.355 -2.440
35.780 -20.820 -1.470
36.952 -19.586 1.880
33.984 -19.946 4.224
33.380 -19.988 7.957
31.999 -23.083 9.668
28.510 -21.620 10.021
26.818 -24.970 10.667
23.692 -23.976 12.656
24.038 -27.075 14.859
27.659 -26.293 15.762
27.796 -25.128 19.377
30.762 -22.801 18.794
29.064 -21.006 15.901
25.842 -20.659 17.896
27.830 -19.219 20.809
29.408 -16.714 18.418
25.978 -15.587 17.206
24.950 -15.110 20.837
27.941 -12.900 21.719
29.278 -11.248 18.546
29.142 -7.448 18.720
29.490 -4.753 16.080
32.651 -3.498 17.807
34.327 -6.916 17.572
33.473 -7.298 13.873
35.190 -4.016 12.972
38.225 -4.646 15.205
39.499 -7.475 12.965
40.075 -5.127 10.030
38.250 -4.468 6.763
37.540 -8.165 6.103
34.994 -8.103 8.968
35.312 -11.848 9.549
35.381 -12.737 13.277
37.233 -16.012 12.598
41.003 -15.365 12.763
42.029 -18.567 10.957
39.392 -18.164 8.242
40.090 -14.435 7.863
43.777 -15.076 7.163
42.664 -17.565 4.503
40.351 -14.815 3.228
43.044 -12.131 2.932
45.099 -14.561 0.831
42.281 -15.273 -1.627
41.292 -11.618 -2.133
44.942 -10.830 -2.860
45.104 -13.717 -5.345
42.098 -12.334 -7.219
43.578 -8.832 -6.922
46.701 -9.681 -8.935
44.506 -11.692 -11.312
42.543 -8.442 -11.873
39.375 -10.355 -10.970
36.523 -10.171 -8.457
35.128 -12.631 -5.920
31.805 -12.993 -4.139
30.985 -13.632 -0.520
28.355 -14.356 2.108
27.240 -12.083 4.962
25.808 -13.665 8.115
23.711 -11.537 10.479
22.153 -12.198 13.887
19.273 -10.428 15.657
19.170 -10.763 19.450
16.430 -9.819 21.937
13.822 -9.510 19.188
10.355 -9.046 20.726
8.005 -12.011 20.470
5.050 -11.775 18.106
6.597 -9.923 15.156
5.512 -10.895 11.657
2.321 -10.562 9.594
1.141 -13.825 8.008
0.457 -15.011 5.519
2.502 -12.930 3.058
4.326 -10.418 5.302
5.852 -13.072 7.566
8.993 -11.919 9.365
11.352 -14.178 7.399
9.549 -13.178 4.193
9.983 -9.443 4.798
13.617 -10.078 5.745
14.216 -12.063 2.554
12.484 -9.305 0.587
14.716 -6.746 2.299
17.986 -8.580 1.683
17.285 -9.816 -1.851
16.506 -6.217 -2.868
20.114 -5.274 -2.118
22.559 -4.965 -5.030
24.363 -8.164 -6.092
22.483 -10.448 -3.678
21.854 -13.922 -5.088
20.328 -15.850 -2.185
18.889 -15.755 1.309
18.475 -18.403 3.996
17.707 -18.316 7.714
17.837 -20.788 10.568
18.945 -24.220 9.427
18.613 -22.921 5.860
19.292 -25.122 2.851
21.592 -27.515 4.728
18.919 -28.069 7.388
16.745 -29.931 4.878
19.125 -32.892 5.332
18.287 -33.210 9.058
15.257 -35.331 10.053
12.455 -33.797 12.073
13.350 -35.809 15.178
16.640 -33.877 15.342
15.662 -30.726 13.445
12.709 -29.933 15.725
13.309 -27.397 18.492
11.949 -28.595 21.862
10.578 -26.069 24.339
11.763 -25.420 27.900
11.261 -22.755 30.560
14.205 -20.349 30.542
16.949 -20.730 33.135
16.414 -17.124 34.221
12.821 -18.324 34.837
10.507 -15.835 33.127
9.526 -17.310 29.764
9.230 -20.418 27.615
12.296 -20.751 25.371
13.542 -23.388 22.924
16.381 -25.846 23.520
17.723 -25.551 19.960
17.188 -22.781 17.409
16.962 -24.556 14.072
13.836 -22.488 13.377
16.007 -19.363 13.386
13.862 -17.487 15.902
10.809 -17.518 13.594
8.006 -20.106 13.654
4.986 -19.848 11.392
6.286 -16.467 10.259
6.297 -15.097 13.822
9.285 -14.304 16.026
9.535 -16.382 19.208
12.183 -14.241 20.922
15.088 -16.528 20.031
18.105 -15.438 18.008
17.305 -14.667 14.369
20.283 -15.566 12.183
20.486 -15.569 8.400
23.043 -15.547 5.594
22.960 -13.517 2.373
24.915 -14.450 -0.758
26.602 -11.610 -2.665
27.799 -12.367 -6.178
31.233 -11.468 -7.489
31.406 -7.899 -8.764
30.674 -7.617 -12.478
33.048 -4.648 -12.835
36.369 -6.468 -13.216
39.732 -4.899 -14.006
39.956 -7.319 -16.934
39.147 -7.675 -20.622
35.884 -9.320 -21.669
34.498 -10.508 -25.006
31.003 -9.027 -25.292
28.574 -7.827 -27.948
27.672 -4.163 -28.358
24.275 -2.522 -28.150
24.606 -2.495 -31.935
25.363 -6.174 -31.161
28.734 -6.838 -32.779
31.350 -9.033 -31.140
34.166 -7.053 -29.570
36.475 -6.648 -26.596
35.440 -4.593 -23.571
38.711 -3.041 -22.425
39.881 -3.520 -18.849
38.913 -0.514 -16.748
41.472 -1.563 -14.122
40.827 0.297 -10.864
38.440 -1.814 -8.777
38.686 -3.740 -5.488
38.099 -7.510 -5.831
35.920 -8.087 -2.721
33.148 -5.617 -1.852
31.148 -8.075 0.275
32.401 -6.617 3.618
30.998 -3.252 2.488
27.481 -4.738 2.695
27.668 -5.621 6.408
26.164 -2.285 7.594
23.603 -2.345 4.777
22.434 -5.801 5.872
22.192 -4.551 9.461
20.297 -1.438 8.359
17.954 -3.520 6.212
17.164 -5.852 9.125
16.356 -2.951 11.460
13.869 -1.447 8.992
11.916 -4.713 8.829
11.917 -5.261 12.598
10.696 -1.799 13.607
7.887 -2.022 11.041
6.722 -5.413 12.320
7.053 -4.231 15.925
4.780 -1.221 15.386
2.174 -3.296 13.539
2.207 -5.959 16.251
1.945 -3.431 19.080
-1.126 -2.009 17.340
-2.619 -5.501 17.601
-1.520 -5.711 21.241
-3.564 -2.579 21.949
-6.596 -3.955 20.117
-6.163 -7.268 21.920
-6.274 -5.337 25.208
-9.500 -3.399 24.520
-11.633 -6.173 22.980
-10.671 -8.491 25.852
