2.668 -10.762 -1.298
-1.142 -10.325 -1.380
-2.456 -7.550 0.925
-6.202 -7.179 1.621
-7.429 -3.579 1.894
-9.847 -3.889 4.838
-10.219 -6.910 7.186
-13.496 -7.867 5.468
-15.612 -6.449 8.346
-15.368 -2.881 6.906
-12.487 -2.018 9.293
-10.055 0.373 7.592
-6.900 -1.737 8.020
-4.276 -3.090 5.590
-3.946 -6.878 6.087
-0.993 -7.154 6.673
-0.123 -3.581 7.773
3.438 -3.980 9.133
5.459 -6.728 7.379
8.624 -7.919 5.570
9.164 -8.992 1.928
12.259 -10.103 -0.060
14.022 -7.689 -2.454
12.011 -7.490 -5.704
8.752 -8.750 -4.147
5.649 -8.037 -6.241
3.176 -6.730 -3.655
-0.500 -6.930 -4.683
-3.124 -4.833 -2.837
-6.825 -5.770 -3.312
-10.007 -3.861 -2.336
-11.541 -6.273 0.198
-13.860 -3.961 2.155
-14.032 -0.412 3.592
-13.092 1.053 0.166
-12.413 3.493 -1.455
-8.671 2.903 -1.077
-5.239 3.527 -2.623
-1.617 2.914 -1.562
0.581 6.019 -1.287
4.129 5.708 0.081
5.446 8.244 2.588
8.145 10.145 0.623
10.398 10.348 3.718
9.902 6.768 4.985
11.255 5.104 1.788
14.827 4.382 0.567
15.785 7.523 -1.431
16.884 5.438 -4.460
13.199 4.681 -5.230
11.236 7.918 -5.744
7.732 7.717 -4.151
6.020 8.286 -7.532
7.419 4.886 -8.618
5.596 3.025 -5.774
2.642 5.313 -4.886
-0.747 4.935 -6.584
-1.334 8.519 -7.938
-3.501 10.446 -5.385
-5.733 11.577 -8.289
-6.820 7.936 -8.760
-8.181 5.401 -6.264
-9.543 1.860 -6.013
-13.194 2.926 -5.778
-15.028 -0.373 -6.473
-14.598 -3.669 -4.525
-12.252 -6.317 -5.980
-10.074 -3.675 -7.746
-6.325 -4.345 -7.341
-3.033 -2.378 -7.328
0.442 -3.939 -7.811
3.969 -2.688 -7.000
7.446 -4.311 -7.204
9.760 -3.265 -4.332
13.257 -3.771 -5.802
15.618 -1.951 -3.419
16.063 -2.988 0.235
14.814 -0.644 2.975
11.739 0.350 4.997
8.760 1.559 2.938
5.865 3.103 4.899
2.525 3.517 3.101
-1.020 4.736 3.665
-4.527 4.929 2.179
-5.076 8.676 1.699
-8.902 8.855 2.273
-8.384 6.860 5.541
-4.940 8.102 6.698
-6.685 9.954 9.556
-8.474 6.675 10.442
-5.041 4.990 10.832
-5.199 3.088 7.514
-1.383 2.924 7.247
1.328 0.245 6.985
5.074 -0.451 6.802
6.685 -2.987 4.456
10.322 -3.977 5.040
12.214 -4.910 1.862
14.669 -7.465 3.261
